0 ~Minifig Carrot Nose - Half
0 Name: s\1756s01.dat
0 Author: Gerald Lasser [GeraldLasser]
0 !LDRAW_ORG Unofficial_Subpart
0 !LICENSE Licensed under CC BY 4.0 : see CAreadme.txt

0 BFC CERTIFY CCW

0 // 1
4 16 1.5308 -5 3.6956 0 -5 4 0 -8 5.5 2.1049 -8 5.0815
4 16 2.8284 -5 2.8284 1.5308 -5 3.6956 2.1049 -8 5.0815 3.8891 -8 3.8891
4 16 3.6956 -5 1.5308 2.8284 -5 2.8284 3.8891 -8 3.8891 5.0815 -8 2.1049
4 16 4 -5 0 3.6956 -5 1.5308 5.0815 -8 2.1049 5.5 -8 0
4 16 3.6956 -5 -1.5308 4 -5 0 5.5 -8 0 5.0815 -8 -2.1049
4 16 2.8284 -5 -2.8284 3.6956 -5 -1.5308 5.0815 -8 -2.1049 3.8891 -8 -3.8891
4 16 1.5308 -5 -3.6956 2.8284 -5 -2.8284 3.8891 -8 -3.8891 2.1049 -8 -5.0815
4 16 1.5308 -5 -3.6956 2.1049 -8 -5.0815 0 -8 -5.5 0 -5 -4
2 24 3.8891 -8 -3.8891 2.1049 -8 -5.0815
2 24 3.8891 -8 -3.8891 5.0815 -8 -2.1049
2 24 5.5 -8 0 5.0815 -8 -2.1049
2 24 5.0815 -8 2.1049 3.8891 -8 3.8891
2 24 2.1049 -8 -5.0815 0 -8 -5.5
2 24 5.5 -8 0 5.0815 -8 2.1049
2 24 2.1049 -8 5.0815 0 -8 5.5
2 24 2.1049 -8 5.0815 3.8891 -8 3.8891
5 24 3.8891 -8 3.8891 2.8284 -5 2.8284 5.0815 -8 2.1049 1.5308 -5 3.6956
5 24 1.5308 -5 3.6956 2.1049 -8 5.0815 0 -5 4 3.8891 -8 3.8891
5 24 2.8284 -5 -2.8284 3.8891 -8 -3.8891 3.6956 -5 -1.5308 2.1049 -8 -5.0815
5 24 5.0815 -8 2.1049 3.6956 -5 1.5308 5.5 -8 0 2.8284 -5 2.8284
5 24 4 -5 0 5.5 -8 0 3.6956 -5 1.5308 5.0815 -8 -2.1049
5 24 2.1049 -8 -5.0815 1.5308 -5 -3.6956 0 -8 -5.5 2.8284 -5 -2.8284
5 24 3.6956 -5 -1.5308 5.0815 -8 -2.1049 4 -5 0 3.8891 -8 -3.8891

0 // 2
4 16 2.1049 -8 5.0815 0 -8 5.5 0 -14.9 4.8235 1.846 -14.9 4.4564
4 16 3.8891 -8 3.8891 2.1049 -8 5.0815 1.846 -14.9 4.4564 3.4107 -14.9 3.4107
4 16 5.0815 -8 2.1049 3.8891 -8 3.8891 3.4107 -14.9 3.4107 4.4564 -14.9 1.846
4 16 5.5 -8 0 5.0815 -8 2.1049 4.4564 -14.9 1.846 4.8235 -14.9 0
4 16 5.0815 -8 -2.1049 5.5 -8 0 4.8235 -14.9 0 4.4564 -14.9 -1.846
4 16 3.8891 -8 -3.8891 5.0815 -8 -2.1049 4.4564 -14.9 -1.846 3.4107 -14.9 -3.4107
4 16 2.1049 -8 -5.0815 3.8891 -8 -3.8891 3.4107 -14.9 -3.4107 1.846 -14.9 -4.4564
4 16 0 -8 -5.5 2.1049 -8 -5.0815 1.846 -14.9 -4.4564 0 -14.9 -4.8235
5 24 3.8891 -8 3.8891 3.4107 -14.9 3.4107 2.1049 -8 5.0815 4.4564 -14.9 1.846
5 24 5.5 -8 0 4.8235 -14.9 0 5.0815 -8 2.1049 4.4564 -14.9 -1.846
5 24 4.4564 -14.9 -1.846 5.0815 -8 -2.1049 3.4107 -14.9 -3.4107 5.5 -8 0
5 24 1.846 -14.9 -4.4564 2.1049 -8 -5.0815 0 -14.9 -4.8235 3.8891 -8 -3.8891
5 24 1.846 -14.9 4.4564 2.1049 -8 5.0815 3.4107 -14.9 3.4107 0 -8 5.5
5 24 3.8891 -8 -3.8891 3.4107 -14.9 -3.4107 5.0815 -8 -2.1049 1.846 -14.9 -4.4564
5 24 4.4564 -14.9 1.846 5.0815 -8 2.1049 4.8235 -14.9 0 3.8891 -8 3.8891
2 24 1.846 -14.9 4.4564 0 -14.9 4.8235
2 24 1.846 -14.9 -4.4564 3.4107 -14.9 -3.4107
2 24 4.4564 -14.9 1.846 3.4107 -14.9 3.4107
2 24 3.4107 -14.9 -3.4107 4.4564 -14.9 -1.846
2 24 3.4107 -14.9 3.4107 1.846 -14.9 4.4564
2 24 4.4564 -14.9 -1.846 4.8235 -14.9 0
2 24 4.8235 -14.9 0 4.4564 -14.9 1.846
0 // 3
4 16 1.846 -14.9 4.4564 0 -14.9 4.8235 0 -15.4 3.785 1.638 -15.4 3.4593
4 16 1.846 -14.9 4.4564 1.638 -15.4 3.4593 3.0264 -15.4 2.5314 3.4107 -14.9 3.4107
4 16 3.4107 -14.9 3.4107 3.0264 -15.4 2.5314 3.9543 -15.4 1.143 4.4564 -14.9 1.846
4 16 4.4564 -14.9 1.846 3.9543 -15.4 1.143 4.28 -15.4 -.495 4.8235 -14.9 0
4 16 4.8235 -14.9 0 4.28 -15.4 -.495 3.9543 -15.4 -2.133 4.4564 -14.9 -1.846
4 16 4.4564 -14.9 -1.846 3.9543 -15.4 -2.133 3.0264 -15.4 -3.5214 3.4107 -14.9 -3.4107
4 16 3.4107 -14.9 -3.4107 3.0264 -15.4 -3.5214 1.638 -15.4 -4.4493 1.846 -14.9 -4.4564
4 16 1.846 -14.9 -4.4564 1.638 -15.4 -4.4493 0 -15.4 -4.775 0 -14.9 -4.8235
0 // 4
4 16 1.638 -15.4 3.4593 0 -15.4 3.785 0 -23.3 3.244 1.3861 -23.3 2.9684
4 16 3.0264 -15.4 2.5314 1.638 -15.4 3.4593 1.3861 -23.3 2.9684 2.5611 -23.3 2.1831
4 16 3.9543 -15.4 1.143 3.0264 -15.4 2.5314 2.5611 -23.3 2.1831 3.3464 -23.3 1.0081
4 16 4.28 -15.4 -.495 3.9543 -15.4 1.143 3.3464 -23.3 1.0081 3.622 -23.3 -.378
4 16 3.622 -23.3 -.378 3.3464 -23.3 -1.7641 3.9543 -15.4 -2.133 4.28 -15.4 -.495
4 16 3.0264 -15.4 -3.5214 3.9543 -15.4 -2.133 3.3464 -23.3 -1.7641 2.5611 -23.3 -2.9391
4 16 1.3861 -23.3 -3.7244 1.638 -15.4 -4.4493 3.0264 -15.4 -3.5214 2.5611 -23.3 -2.9391
4 16 1.638 -15.4 -4.4493 1.3861 -23.3 -3.7244 0 -23.3 -4 0 -15.4 -4.775
0 // 5
4 16 1.2361 -23.8 2.9842 1.3861 -23.3 2.9684 0 -23.3 3.244 0 -23.8 3.23
4 16 1.3861 -23.3 2.9684 1.2361 -23.8 2.9842 2.2839 -23.8 2.2839 2.5611 -23.3 2.1831
4 16 2.5611 -23.3 2.1831 2.2839 -23.8 2.2839 2.9842 -23.8 1.2361 3.3464 -23.3 1.0081
4 16 3.3464 -23.3 1.0081 2.9842 -23.8 1.2361 3.23 -23.8 0 3.622 -23.3 -.378
4 16 3.622 -23.3 -.378 3.23 -23.8 0 2.9842 -23.8 -1.2361 3.3464 -23.3 -1.7641
4 16 2.5611 -23.3 -2.9391 3.3464 -23.3 -1.7641 2.9842 -23.8 -1.2361 2.2839 -23.8 -2.2839
4 16 1.3861 -23.3 -3.7244 2.5611 -23.3 -2.9391 2.2839 -23.8 -2.2839 1.2361 -23.8 -2.9842
4 16 1.3861 -23.3 -3.7244 1.2361 -23.8 -2.9842 0 -23.8 -3.23 0 -23.3 -4
0 // 6
4 16 1.2361 -23.8 2.9842 0 -23.8 3.23 0 -28.8 2.9 1.1098 -28.8 2.6793
4 16 1.2361 -23.8 2.9842 1.1098 -28.8 2.6793 2.0506 -28.8 2.0506 2.2839 -23.8 2.2839
4 16 2.9842 -23.8 1.2361 2.2839 -23.8 2.2839 2.0506 -28.8 2.0506 2.6793 -28.8 1.1098
4 16 2.9842 -23.8 1.2361 2.6793 -28.8 1.1098 2.9 -28.8 0 3.23 -23.8 0
4 16 2.9 -28.8 0 2.6793 -28.8 -1.1098 2.9842 -23.8 -1.2361 3.23 -23.8 0
4 16 2.2839 -23.8 -2.2839 2.9842 -23.8 -1.2361 2.6793 -28.8 -1.1098 2.0506 -28.8 -2.0506
4 16 1.1098 -28.8 -2.6793 1.2361 -23.8 -2.9842 2.2839 -23.8 -2.2839 2.0506 -28.8 -2.0506
4 16 0 -28.8 -2.9 0 -23.8 -3.23 1.2361 -23.8 -2.9842 1.1098 -28.8 -2.6793
0 // 7
4 16 1.1098 -28.8 2.6793 0 -28.8 2.9 0 -29.6 2.6 .995 -29.6 2.4021
4 16 1.1098 -28.8 2.6793 .995 -29.6 2.4021 1.8385 -29.6 1.8385 2.0506 -28.8 2.0506
4 16 2.6793 -28.8 1.1098 2.0506 -28.8 2.0506 1.8385 -29.6 1.8385 2.4021 -29.6 .995
4 16 2.9 -28.8 0 2.6793 -28.8 1.1098 2.4021 -29.6 .995 2.6 -29.6 0
4 16 2.9 -28.8 0 2.6 -29.6 0 2.4021 -29.6 -.995 2.6793 -28.8 -1.1098
4 16 2.6793 -28.8 -1.1098 2.4021 -29.6 -.995 1.8385 -29.6 -1.8385 2.0506 -28.8 -2.0506
4 16 2.0506 -28.8 -2.0506 1.8385 -29.6 -1.8385 .995 -29.6 -2.4021 1.1098 -28.8 -2.6793
4 16 1.1098 -28.8 -2.6793 .995 -29.6 -2.4021 0 -29.6 -2.6 0 -28.8 -2.9
0 // 8
4 16 0 -29.6 2.6 0 -30 1.6 .6123 -30 1.4782 .995 -29.6 2.4021
4 16 .995 -29.6 2.4021 .6123 -30 1.4782 1.1314 -30 1.1314 1.8385 -29.6 1.8385
4 16 1.8385 -29.6 1.8385 1.1314 -30 1.1314 1.4782 -30 .6123 2.4021 -29.6 .995
4 16 2.4021 -29.6 .995 1.4782 -30 .6123 1.6 -30 0 2.6 -29.6 0
4 16 1.6 -30 0 1.4782 -30 -.6123 2.4021 -29.6 -.995 2.6 -29.6 0
4 16 1.4782 -30 -.6123 1.1314 -30 -1.1314 1.8385 -29.6 -1.8385 2.4021 -29.6 -.995
4 16 1.1314 -30 -1.1314 .6123 -30 -1.4782 .995 -29.6 -2.4021 1.8385 -29.6 -1.8385
4 16 0 -30 -1.6 0 -29.6 -2.6 .995 -29.6 -2.4021 .6123 -30 -1.4782
0 // 9 Top
4 16 0 -30 0 0 -30 -1.6 .6123 -30 -1.4782 1.1314 -30 -1.1314
4 16 1.1314 -30 -1.1314 1.4782 -30 -.6123 1.6 -30 0 0 -30 0
4 16 1.4782 -30 .6123 1.1314 -30 1.1314 0 -30 0 1.6 -30 0
4 16 0 -30 1.6 0 -30 0 1.1314 -30 1.1314 .6123 -30 1.4782

5 24 2.6 -29.6 0 1.6 -30 0 1.4782 -30 -.6123 2.4021 -29.6 .995
2 24 3.9543 -15.4 -2.133 3.0264 -15.4 -3.5214
2 24 2.2839 -23.8 2.2839 2.9842 -23.8 1.2361
5 24 .6123 -30 -1.4782 .995 -29.6 -2.4021 0 -30 -1.6 1.8385 -29.6 -1.8385
5 24 0 -28.8 -2.9 1.1098 -28.8 -2.6793 0 -23.8 -3.23 .995 -29.6 -2.4021
2 24 3.3464 -23.3 -1.7641 2.5611 -23.3 -2.9391
5 24 1.6 -30 0 1.4782 -30 -.6123 0 -30 0 2.4021 -29.6 -.995
2 24 2.5611 -23.3 -2.9391 1.3861 -23.3 -3.7244
5 24 4.8235 -14.9 0 4.28 -15.4 -.495 4.4564 -14.9 1.846 3.9543 -15.4 -2.133
5 24 1.638 -15.4 3.4593 1.846 -14.9 4.4564 3.0264 -15.4 2.5314 0 -14.9 4.8235
5 24 1.4782 -30 -.6123 1.1314 -30 -1.1314 1.6 -30 0 1.8385 -29.6 -1.8385
5 24 1.2361 -23.8 2.9842 2.2839 -23.8 2.2839 1.1098 -28.8 2.6793 2.5611 -23.3 2.1831
5 24 1.4782 -30 .6123 1.6 -30 0 1.1314 -30 1.1314 2.6 -29.6 0
5 24 3.9543 -15.4 1.143 4.4564 -14.9 1.846 3.4107 -14.9 3.4107 4.28 -15.4 -.495
5 24 0 -29.6 -2.6 .995 -29.6 -2.4021 .6123 -30 -1.4782 0 -28.8 -2.9
2 24 0 -15.4 3.785 1.638 -15.4 3.4593
5 24 1.1314 -30 1.1314 1.4782 -30 .6123 0 -30 0 2.4021 -29.6 .995
5 24 0 -23.3 3.244 1.3861 -23.3 2.9684 1.638 -15.4 3.4593 0 -23.8 3.23
5 24 3.622 -23.3 -.378 3.23 -23.8 0 2.9842 -23.8 -1.2361 3.3464 -23.3 1.0081
5 24 2.9 -28.8 0 2.6 -29.6 0 2.4021 -29.6 -.995 2.6793 -28.8 1.1098
5 24 2.6793 -28.8 -1.1098 2.9842 -23.8 -1.2361 3.23 -23.8 0 2.0506 -28.8 -2.0506
2 24 1.3861 -23.3 2.9684 2.5611 -23.3 2.1831
5 24 3.0264 -15.4 -3.5214 1.638 -15.4 -4.4493 2.5611 -23.3 -2.9391 1.846 -14.9 -4.4564
5 24 1.638 -15.4 -4.4493 1.846 -14.9 -4.4564 0 -15.4 -4.775 3.4107 -14.9 -3.4107
5 24 2.2839 -23.8 2.2839 2.0506 -28.8 2.0506 2.6793 -28.8 1.1098 1.2361 -23.8 2.9842
2 24 2.9842 -23.8 1.2361 3.23 -23.8 0
5 24 1.1098 -28.8 2.6793 1.2361 -23.8 2.9842 2.0506 -28.8 2.0506 0 -23.8 3.23
5 24 3.0264 -15.4 -3.5214 2.5611 -23.3 -2.9391 3.9543 -15.4 -2.133 1.3861 -23.3 -3.7244
5 24 2.6793 -28.8 -1.1098 2.0506 -28.8 -2.0506 2.4021 -29.6 -.995 2.2839 -23.8 -2.2839
5 24 0 -30 1.6 .6123 -30 1.4782 0 -30 0 .995 -29.6 2.4021
5 24 2.0506 -28.8 -2.0506 1.8385 -29.6 -1.8385 .995 -29.6 -2.4021 2.6793 -28.8 -1.1098
2 24 2.2839 -23.8 -2.2839 1.2361 -23.8 -2.9842
5 24 0 -29.6 2.6 .995 -29.6 2.4021 1.1098 -28.8 2.6793 0 -30 1.6
5 24 1.4782 -30 .6123 2.4021 -29.6 .995 1.6 -30 0 1.8385 -29.6 1.8385
5 24 3.23 -23.8 0 2.9 -28.8 0 2.6793 -28.8 -1.1098 2.9842 -23.8 1.2361
5 24 3.9543 -15.4 -2.133 4.4564 -14.9 -1.846 3.0264 -15.4 -3.5214 4.8235 -14.9 0
5 24 2.6793 -28.8 1.1098 2.9842 -23.8 1.2361 2.9 -28.8 0 2.2839 -23.8 2.2839
5 24 2.0506 -28.8 -2.0506 1.1098 -28.8 -2.6793 1.8385 -29.6 -1.8385 1.2361 -23.8 -2.9842
5 24 .995 -29.6 2.4021 1.1098 -28.8 2.6793 1.8385 -29.6 1.8385 0 -28.8 2.9
5 24 2.0506 -28.8 2.0506 2.6793 -28.8 1.1098 2.9842 -23.8 1.2361 1.8385 -29.6 1.8385
2 24 0 -23.3 -4 1.3861 -23.3 -3.7244
5 24 2.0506 -28.8 2.0506 1.8385 -29.6 1.8385 2.4021 -29.6 .995 1.1098 -28.8 2.6793
5 24 3.4107 -14.9 -3.4107 3.0264 -15.4 -3.5214 1.638 -15.4 -4.4493 4.4564 -14.9 -1.846
5 24 0 -30 -1.6 .6123 -30 -1.4782 0 -29.6 -2.6 1.1314 -30 -1.1314
5 24 2.6 -29.6 0 2.4021 -29.6 -.995 2.6793 -28.8 -1.1098 1.6 -30 0
5 24 .6123 -30 1.4782 1.1314 -30 1.1314 0 -30 1.6 1.8385 -29.6 1.8385
5 24 1.2361 -23.8 2.9842 1.3861 -23.3 2.9684 0 -23.3 3.244 2.2839 -23.8 2.2839
5 24 2.5611 -23.3 -2.9391 2.2839 -23.8 -2.2839 3.3464 -23.3 -1.7641 1.2361 -23.8 -2.9842
5 24 1.8385 -29.6 1.8385 1.1314 -30 1.1314 .995 -29.6 2.4021 1.4782 -30 .6123
5 24 1.1314 -30 -1.1314 .6123 -30 -1.4782 0 -30 0 .995 -29.6 -2.4021
5 24 0 -28.8 2.9 1.1098 -28.8 2.6793 1.2361 -23.8 2.9842 0 -29.6 2.6
5 24 .6123 -30 1.4782 .995 -29.6 2.4021 0 -29.6 2.6 1.1314 -30 1.1314
5 24 2.4021 -29.6 .995 2.6 -29.6 0 2.9 -28.8 0 1.4782 -30 .6123
5 24 2.4021 -29.6 -.995 1.8385 -29.6 -1.8385 2.0506 -28.8 -2.0506 1.4782 -30 -.6123
5 24 .995 -29.6 2.4021 1.8385 -29.6 1.8385 2.0506 -28.8 2.0506 .6123 -30 1.4782
2 24 4.28 -15.4 -.495 3.9543 -15.4 -2.133
2 24 2.5611 -23.3 2.1831 3.3464 -23.3 1.0081
2 24 3.3464 -23.3 1.0081 3.622 -23.3 -.378
5 24 2.9842 -23.8 1.2361 3.3464 -23.3 1.0081 3.23 -23.8 0 2.5611 -23.3 2.1831
5 24 3.3464 -23.3 -1.7641 3.9543 -15.4 -2.133 4.28 -15.4 -.495 2.5611 -23.3 -2.9391
5 24 3.3464 -23.3 1.0081 3.9543 -15.4 1.143 3.622 -23.3 -.378 3.0264 -15.4 2.5314
2 24 3.622 -23.3 -.378 3.3464 -23.3 -1.7641
5 24 0 -23.8 3.23 1.2361 -23.8 2.9842 0 -28.8 2.9 1.3861 -23.3 2.9684
5 24 1.1098 -28.8 2.6793 2.0506 -28.8 2.0506 2.2839 -23.8 2.2839 .995 -29.6 2.4021
5 24 2.4021 -29.6 -.995 2.6793 -28.8 -1.1098 1.8385 -29.6 -1.8385 2.9 -28.8 0
2 24 2.9842 -23.8 -1.2361 2.2839 -23.8 -2.2839
5 24 1.4782 -30 -.6123 2.4021 -29.6 -.995 1.1314 -30 -1.1314 2.6 -29.6 0
5 24 4.28 -15.4 -.495 3.622 -23.3 -.378 3.9543 -15.4 1.143 3.3464 -23.3 -1.7641
5 24 1.8385 -29.6 1.8385 2.4021 -29.6 .995 2.6793 -28.8 1.1098 1.1314 -30 1.1314
2 24 1.2361 -23.8 -2.9842 0 -23.8 -3.23
5 24 .995 -29.6 -2.4021 1.1098 -28.8 -2.6793 2.0506 -28.8 -2.0506 0 -29.6 -2.6
5 24 1.8385 -29.6 -1.8385 .995 -29.6 -2.4021 1.1098 -28.8 -2.6793 1.1314 -30 -1.1314
5 24 2.9842 -23.8 -1.2361 3.3464 -23.3 -1.7641 2.2839 -23.8 -2.2839 3.622 -23.3 -.378
2 24 3.0264 -15.4 2.5314 3.9543 -15.4 1.143
2 24 3.9543 -15.4 1.143 4.28 -15.4 -.495
5 24 3.0264 -15.4 2.5314 2.5611 -23.3 2.1831 1.638 -15.4 3.4593 3.3464 -23.3 1.0081
5 24 2.2839 -23.8 -2.2839 2.0506 -28.8 -2.0506 2.9842 -23.8 -1.2361 1.1098 -28.8 -2.6793
5 24 2.4021 -29.6 .995 2.6793 -28.8 1.1098 2.6 -29.6 0 2.0506 -28.8 2.0506
5 24 1.1098 -28.8 -2.6793 1.2361 -23.8 -2.9842 0 -28.8 -2.9 2.2839 -23.8 -2.2839
5 24 1.2361 -23.8 -2.9842 1.3861 -23.3 -3.7244 0 -23.8 -3.23 2.5611 -23.3 -2.9391
5 24 2.6793 -28.8 1.1098 2.9 -28.8 0 3.23 -23.8 0 2.4021 -29.6 .995
2 24 3.23 -23.8 0 2.9842 -23.8 -1.2361
5 24 3.4107 -14.9 3.4107 3.0264 -15.4 2.5314 1.846 -14.9 4.4564 3.9543 -15.4 1.143
2 24 1.638 -15.4 3.4593 3.0264 -15.4 2.5314
5 24 2.5611 -23.3 2.1831 2.2839 -23.8 2.2839 2.9842 -23.8 1.2361 1.3861 -23.3 2.9684
5 24 2.9 -28.8 0 2.6793 -28.8 -1.1098 2.6 -29.6 0 2.9842 -23.8 -1.2361
5 24 1.3861 -23.3 2.9684 1.638 -15.4 3.4593 2.5611 -23.3 2.1831 0 -15.4 3.785
5 24 1.8385 -29.6 -1.8385 1.1314 -30 -1.1314 2.4021 -29.6 -.995 .6123 -30 -1.4782
5 24 1.3861 -23.3 -3.7244 1.638 -15.4 -4.4493 3.0264 -15.4 -3.5214 0 -23.3 -4
