0 ~Electric Brick  4 x  4 x  0.667 Round - Top with 2 Studs with Golden Lion Head and Red Flames Pattern
0 Name: s\18605p1is01.dat
0 Author: Evert-Jan Boer [ejboer]
0 !LDRAW_ORG Unofficial_Subpart
0 !LICENSE Licensed under CC BY 4.0 : see CAreadme.txt

0 BFC CERTIFY CCW

4 0 0 0 -35.04 0 0 -34.55 -0.5 0 -34.3 -1.6 0 -34.6
4 0 -1.7 0 -34.4 -1.6 0 -34.6 -0.5 0 -34.3 -1 0 -33.95
4 0 -2.3 0 -33.85 -1.7 0 -34.4 -1 0 -33.95 -1.65 0 -33.4
4 0 -2.3 0 -33.85 -1.65 0 -33.4 -2.25 0 -32.95 -2.9 0 -33.45
4 0 -2.9 0 -33.45 -2.25 0 -32.95 -3.15 0 -32.5 -3.75 0 -33.1
4 0 -3.75 0 -33.1 -3.15 0 -32.5 -4.25 0 -32.2 -4.9 0 -32.85
4 0 -4.9 0 -32.85 -4.25 0 -32.2 -5.6 0 -32.05 -6.5 0 -32.55
4 0 -6.5 0 -32.55 -5.6 0 -32.05 -6.3 0 -31.9 -7.5 0 -32.25
4 0 -7.5 0 -32.25 -6.3 0 -31.9 -6.75 0 -31.75 -8.4 0 -31.95
3 0 -1.6 0 -34.6 -1.65 0 -34.75 0 0 -35.04
4 0 -0.1 0 -30.4 -0.1 0 -31.95 0 0 -32.35 0 0 -29.8
4 0 -0.45 0 -32.2 0 0 -32.35 -0.1 0 -31.95 -0.55 0 -31.8
4 0 -1 0 -31.95 -0.45 0 -32.2 -0.55 0 -31.8 -1.05 0 -31.5
4 0 -1.45 0 -31.6 -1 0 -31.95 -1.05 0 -31.5 -1.65 0 -31.1
4 0 -2 0 -31.2 -1.45 0 -31.6 -1.65 0 -31.1 -2.1 0 -30.75
4 0 -2.35 0 -30.95 -2 0 -31.2 -2.1 0 -30.75 -2.55 0 -30.5
4 0 -2.7 0 -30.8 -2.35 0 -30.95 -2.55 0 -30.5 -3 0 -30.4
4 0 -3.15 0 -30.75 -2.7 0 -30.8 -3 0 -30.4 -3.65 0 -30.45
4 0 -3.95 0 -30.85 -3.15 0 -30.75 -3.65 0 -30.45 -4.75 0 -30.65
4 0 -5.25 0 -31.15 -3.95 0 -30.85 -4.75 0 -30.65 -6.1 0 -31
4 0 -6.5 0 -31.5 -5.25 0 -31.15 -6.1 0 -31 -6.95 0 -31.2
3 0 -6.95 0 -31.2 -6.65 0 -31.6 -6.5 0 -31.5
4 0 -6.75 0 -31.75 -6.65 0 -31.6 -6.95 0 -31.2 -8.4 0 -31.95
3 0 -6.95 0 -31.2 -7.4 0 -31.25 -8.4 0 -31.95
3 0 -7.85 0 -31.2 -8.4 0 -31.95 -7.4 0 -31.25
4 0 -0.65 0 -30.15 -0.1 0 -30.4 0 0 -29.8 -1.35 0 -29.3
4 0 -1.75 0 -29.7 -0.65 0 -30.15 -1.35 0 -29.3 -1.45 0 -29.2
4 0 -1.9 0 -29.55 -1.75 0 -29.7 -1.45 0 -29.2 -1.95 0 -29.35
4 0 -1.95 0 -28.8 -1.95 0 -29.35 -1.45 0 -29.2 -1.45 0 -28.45
4 0 0 0 -20.4 0 0 -17.35 -0.1 0 -17.7 -0.15 0 -19.85
4 0 0 0 -20.4 -0.15 0 -19.85 -0.25 0 -20.1 -0.25 0 -20.65
3 0 0 0 -20.4 -0.25 0 -20.65 -0.15 0 -20.85
4 0 0 0 -20.4 -0.15 0 -20.85 -0.05 0 -23.2 0 0 -23.5
4 0 -0.25 0 -20.65 -0.25 0 -20.1 -1.35 0 -20.25 -1.3 0 -20.8
4 0 -1.3 0 -20.8 -1.35 0 -20.25 -2.35 0 -20.4 -2.6 0 -21
4 0 -2.6 0 -21 -2.35 0 -20.4 -2.55 0 -20.35 -2.8 0 -20.4
4 0 -2.6 0 -21 -2.8 0 -20.4 -3.05 0 -20.55 -2.75 0 -21.2
4 0 -2.9 0 -21.35 -2.75 0 -21.2 -3.05 0 -20.55 -3.7 0 -21.4
4 0 -4.1 0 -22.9 -2.9 0 -21.35 -3.7 0 -21.4 -4.95 0 -22.95
3 0 -4.1 0 -22.9 -4.95 0 -22.95 -4.25 0 -23.05
4 0 -5.65 0 -24.5 -4.25 0 -23.05 -4.95 0 -22.95 -6.25 0 -24.25
4 0 -5.65 0 -24.5 -6.25 0 -24.25 -6.35 0 -24.45 -6.3 0 -24.7
3 0 -2.75 0 -21.2 -2.9 0 -21.35 -2.1 0 -23.15
3 0 -4.1 0 -22.9 -4.25 0 -23.05 -3.15 0 -24
4 0 0 0 -28.15 0 0 -27.7 -0.5 0 -27.9 -0.75 0 -28.25
4 0 -0.75 0 -28.25 -0.5 0 -27.9 -1.15 0 -28.15 -1.45 0 -28.45
3 0 -1.15 0 -28.15 -1.5 0 -28.2 -1.45 0 -28.45
4 0 -1.45 0 -28.45 -1.5 0 -28.2 -1.65 0 -28.15 -1.85 0 -28.15
4 0 -1.95 0 -28.8 -1.45 0 -28.45 -1.85 0 -28.15 -2.3 0 -28.15
4 0 -1.85 0 -27.15 -1.85 0 -28.15 -1.65 0 -28.15 -1.65 0 -26.6
4 0 -2.05 0 -26.7 -1.85 0 -27.15 -1.65 0 -26.6 -1.75 0 -26.2
4 0 -0.2 0 -27.3 0 0 -27.35 0 0 -27 -0.1 0 -27
4 0 -0.5 0 -27.1 -0.2 0 -27.3 -0.1 0 -27 -1.1 0 -26.5
3 0 -1.1 0 -26.5 -1.3 0 -26.5 -0.5 0 -27.1
4 0 0 0 -26.4 0 0 -26.15 -0.75 0 -26.15 -0.95 0 -26.35
4 0 -0.95 0 -26.35 -0.75 0 -26.15 -1.1 0 -26 -1.3 0 -25.95
4 0 -0.95 0 -26.35 -1.3 0 -25.95 -1.5 0 -26 -1.1 0 -26.5
4 0 -1.3 0 -26.5 -1.1 0 -26.5 -1.5 0 -26 -1.75 0 -26.2
3 0 -1.75 0 -26.2 -1.65 0 -26.6 -1.3 0 -26.5
4 0 -1.5 0 -26 -1.3 0 -25.95 -2.25 0 -25.35 -2.3 0 -25.45
4 0 -1.9 0 -23.95 0 0 -24.95 0 0 -24.75 -1.95 0 -23.7
4 0 -3.25 0 -25.4 -1.9 0 -23.95 -1.95 0 -23.7 -3.55 0 -25.4
4 0 -3.55 0 -25.4 -1.85 0 -27.15 -2.05 0 -26.7 -3.25 0 -25.4
4 0 -2.35 0 -27.7 -2.15 0 -27.5 -2.5 0 -27.65 -2.8 0 -27.85
3 0 -2.35 0 -27.7 -2.8 0 -27.85 -2.65 0 -28
4 0 -3.45 0 -26.75 -3.1 0 -26.5 -3.45 0 -26.6 -3.8 0 -26.8
3 0 -3.45 0 -26.75 -3.8 0 -26.8 -3.65 0 -26.95
4 0 -4.95 0 -25 -4.55 0 -25.15 -4.85 0 -24.9 -5.1 0 -24.8
4 0 -5.3 0 -24.95 -4.95 0 -25 -5.1 0 -24.8 -5.45 0 -24.75
4 0 -2.5 0 -28.65 -1.95 0 -28.8 -2.3 0 -28.15 -2.65 0 -28
4 0 -2.95 0 -28.45 -2.5 0 -28.65 -2.65 0 -28 -2.8 0 -27.85
4 0 -4 0 -27.3 -2.95 0 -28.45 -2.8 0 -27.85 -3.65 0 -26.95
3 0 -3.8 0 -26.8 -4 0 -27.3 -3.65 0 -26.95
4 0 -4 0 -27.3 -3.8 0 -26.8 -5.3 0 -24.95 -6.3 0 -24.7
4 0 -6.3 0 -24.7 -5.3 0 -24.95 -5.45 0 -24.75 -5.65 0 -24.5
4 0 -3.25 0 -17.05 -3.05 0 -16.75 -4.3 0 -16.75 -4.4 0 -17.25
4 0 -3.4 0 -17.6 -3.25 0 -17.05 -4.4 0 -17.25 -3.7 0 -17.6
4 0 -2.55 0 -20.35 -3.25 0 -17.05 -3.4 0 -17.6 -2.8 0 -20.4
4 0 -3.7 0 -17.6 -4.4 0 -17.25 -4.7 0 -18.35 -4 0 -18.8
4 0 -4.35 0 -19.6 -4 0 -18.8 -4.7 0 -18.35 -5.2 0 -19.65
4 0 -5 0 -20.9 -4.35 0 -19.6 -5.2 0 -19.65 -5.8 0 -20.75
4 0 -5.65 0 -21.85 -5 0 -20.9 -5.8 0 -20.75 -6.7 0 -21.75
4 0 -6.8 0 -22.9 -5.65 0 -21.85 -6.7 0 -21.75 -7.7 0 -22.6
4 0 -8.15 0 -23.9 -6.8 0 -22.9 -7.7 0 -22.6 -9.1 0 -23.6
4 0 -9.2 0 -24.7 -8.15 0 -23.9 -9.1 0 -23.6 -9.85 0 -24.3
4 0 -9.2 0 -24.7 -9.85 0 -24.3 -10.4 0 -25 -9.7 0 -25.3
4 0 -9.7 0 -25.3 -10.4 0 -25 -10.85 0 -25.8 -10.15 0 -26.1
4 0 -10.15 0 -26.1 -10.85 0 -25.8 -11.05 0 -26.7 -10.35 0 -26.9
4 0 -8.4 0 -31.95 -7.85 0 -31.2 -8.65 0 -30.9 -9.4 0 -31.3
4 0 -9.4 0 -31.3 -8.65 0 -30.9 -9.25 0 -30.45 -10.2 0 -30.45
4 0 -10.2 0 -30.45 -9.25 0 -30.45 -9.8 0 -29.75 -10.7 0 -29.5
4 0 -10.7 0 -29.5 -9.8 0 -29.75 -10.2 0 -28.9 -11 0 -28.45
4 0 -11 0 -28.45 -10.2 0 -28.9 -10.4 0 -28.1 -11.1 0 -27.5
4 0 -11.1 0 -27.5 -10.4 0 -28.1 -10.4 0 -27.5 -11.05 0 -26.7
3 0 -11.05 0 -26.7 -10.4 0 -27.5 -10.35 0 -26.9
4 0 -7.35 0 -26.463 -6.972291 0 -26.53813 -6.849701 0 -26.11429 -7.4 0 -25.996
4 0 -7.727709 0 -26.53813 -7.35 0 -26.463 -7.4 0 -25.996 -7.950299 0 -26.11429
4 0 -8.047914 0 -26.75209 -7.727709 0 -26.53813 -7.950299 0 -26.11429 -8.41682 0 -26.45116
4 0 -8.728539 0 -26.95531 -8.261869 0 -27.07229 -8.047914 0 -26.75209 -8.41682 0 -26.45116
4 0 -8.337 0 -27.45 -8.261869 0 -27.07229 -8.728539 0 -26.95531 -8.838 0 -27.55
4 0 -8.261869 0 -27.82771 -8.337 0 -27.45 -8.838 0 -27.55 -8.728539 0 -28.14469
4 0 -8.047914 0 -28.14791 -8.261869 0 -27.82771 -8.728539 0 -28.14469 -8.41682 0 -28.64884
4 0 -7.727709 0 -28.36187 -8.047914 0 -28.14791 -8.41682 0 -28.64884 -7.950299 0 -28.98571
4 0 -7.35 0 -28.437 -7.727709 0 -28.36187 -7.950299 0 -28.98571 -7.4 0 -29.104
4 0 -7.35 0 -28.437 -7.4 0 -29.104 -6.849701 0 -28.98571 -6.972291 0 -28.36187
4 0 -6.972291 0 -28.36187 -6.849701 0 -28.98571 -6.38318 0 -28.64884 -6.652086 0 -28.14791
4 0 -6.652086 0 -28.14791 -6.38318 0 -28.64884 -6.071461 0 -28.14469 -6.438131 0 -27.82771
4 0 -6.438131 0 -27.82771 -6.071461 0 -28.14469 -5.962 0 -27.55 -6.363 0 -27.45
4 0 -6.363 0 -27.45 -5.962 0 -27.55 -6.071461 0 -26.95531 -6.438131 0 -27.07229
4 0 -6.438131 0 -27.07229 -6.071461 0 -26.95531 -6.38318 0 -26.45116 -6.652086 0 -26.75209
4 0 -6.652086 0 -26.75209 -6.38318 0 -26.45116 -6.849701 0 -26.11429 -6.972291 0 -26.53813
4 82 -3.75 0 -33.1 -4.9 0 -32.85 -4.57 0 -34.74 -2.9 0 -33.45
4 82 -2.3 0 -33.85 -2.9 0 -33.45 -4.57 0 -34.74 -1.7 0 -34.4
4 82 -1.6 0 -34.6 -1.7 0 -34.4 -4.57 0 -34.74 -1.65 0 -34.75
3 82 -4.57 0 -34.74 -1.935186 0 -34.91296 -1.65 0 -34.75
4 82 -4.57 0 -34.74 -4.9 0 -32.85 -6.5 0 -32.55 -9.07 0 -33.85
3 82 -8.4 0 -31.95 -9.07 0 -33.85 -7.5 0 -32.25
3 82 -7.5 0 -32.25 -9.07 0 -33.85 -6.5 0 -32.55
3 0 -1.65 0 -34.75 -1.935186 0 -34.91296 0 0 -35.04
4 82 -21.33 0 -27.8 -18.8 0 -27.3 -19.05 0 -26.55 -21.7 0 -26.8
4 82 -21.85 0 -25.8 -21.7 0 -26.8 -19.05 0 -26.55 -19.15 0 -25.65
4 82 -21.8 0 -24.55 -21.85 0 -25.8 -19.15 0 -25.65 -19.1 0 -24.35
4 82 -21.5 0 -23.6 -21.8 0 -24.55 -19.1 0 -24.35 -21.05 0 -22.95
4 82 -21.05 0 -22.95 -19.1 0 -24.35 -19.1 0 -23.25 -20.45 0 -22.45
4 82 -20.45 0 -22.45 -19.1 0 -23.25 -19.25 0 -22.7 -19.95 0 -22.35
3 82 -19.95 0 -22.35 -19.25 0 -22.7 -19.5 0 -22.45
3 82 -18.8 0 -27.3 -21.33 0 -27.8 -18.35 0 -28
4 82 -17.65 0 -28.55 -18.35 0 -28 -21.33 0 -27.8 -17.52 0 -30.35
3 82 -17.65 0 -28.55 -17.52 0 -30.35 -16.8 0 -29.05
3 82 -16.8 0 -29.05 -17.52 0 -30.35 -15.95 0 -29.25
4 82 -14.9 0 -29.25 -15.95 0 -29.25 -17.52 0 -30.35 -13.41 0 -32.38
3 82 -14.25 0 -29.2 -14.9 0 -29.25 -13.41 0 -32.38
4 82 -13.8 0 -29.1 -14.25 0 -29.2 -13.41 0 -32.38 -10.7 0 -29.5
4 82 -11.1 0 -27.5 -12.9 0 -27.2 -13.8 0 -29.1 -11 0 -28.45
3 82 -11 0 -28.45 -13.8 0 -29.1 -10.7 0 -29.5
4 82 -12.9 0 -27.2 -11.1 0 -27.5 -11.05 0 -26.7 -12.9 0 -26.55
4 82 -12.8 0 -25.95 -12.9 0 -26.55 -11.05 0 -26.7 -12.55 0 -25.35
4 82 -12.55 0 -25.35 -11.05 0 -26.7 -10.85 0 -25.8 -12.2 0 -24.7
4 82 -11.65 0 -24 -12.2 0 -24.7 -10.85 0 -25.8 -10.4 0 -25
4 82 -10.75 0 -23.15 -11.65 0 -24 -10.4 0 -25 -9.85 0 -24.3
4 82 -10.75 0 -23.15 -9.85 0 -24.3 -9.1 0 -23.6 -9.45 0 -22.05
4 82 -9.45 0 -22.05 -9.1 0 -23.6 -7.7 0 -22.6 -8.35 0 -21.25
4 82 -8.35 0 -21.25 -7.7 0 -22.6 -6.7 0 -21.75 -7.8 0 -20.75
4 82 -7.8 0 -20.75 -6.7 0 -21.75 -5.8 0 -20.75 -7.2 0 -20.1
4 82 -7.2 0 -20.1 -5.8 0 -20.75 -5.2 0 -19.65 -6.7 0 -19.3
4 82 -6.7 0 -19.3 -5.2 0 -19.65 -4.7 0 -18.35 -6.25 0 -18.35
4 82 -6 0 -17.4 -6.25 0 -18.35 -4.7 0 -18.35 -4.4 0 -17.25
4 82 -5.9 0 -16.75 -6 0 -17.4 -4.4 0 -17.25 -4.3 0 -16.75
3 82 -10.7 0 -29.5 -13.41 0 -32.38 -10.2 0 -30.45
4 82 -9.4 0 -31.3 -10.2 0 -30.45 -13.41 0 -32.38 -9.07 0 -33.85
3 82 -9.4 0 -31.3 -9.07 0 -33.85 -8.4 0 -31.95
4 82 0 0 -32.35 -0.45 0 -32.2 -0.5 0 -34.3 0 0 -34.55
4 82 -0.55 0 -31.8 -0.1 0 -31.95 -0.1 0 -30.4 -1.05 0 -31.5
4 82 -1.05 0 -31.5 -0.1 0 -30.4 -0.65 0 -30.15 -1.65 0 -31.1
4 82 -1.65 0 -31.1 -0.65 0 -30.15 -1.75 0 -29.7 -2.1 0 -30.75
4 82 -1.45 0 -28.45 -1.45 0 -29.2 -1.35 0 -29.3 -0.75 0 -28.25
4 82 -0.75 0 -28.25 -1.35 0 -29.3 0 0 -29.8 0 0 -28.15
4 82 0 0 -27.7 0 0 -27.35 -0.2 0 -27.3 -0.5 0 -27.9
4 82 -0.5 0 -27.9 -0.2 0 -27.3 -0.5 0 -27.1 -1.15 0 -28.15
4 82 -0.95 0 -26.35 -1.1 0 -26.5 -0.1 0 -27 0 0 -26.4
3 82 0 0 -26.4 -0.1 0 -27 0 0 -27
4 82 -3.05 0 -16.75 -3.25 0 -17.05 0 0 -17.35 0 0 -16.75
4 82 -0.1 0 -17.7 0 0 -17.35 -3.25 0 -17.05 -2.55 0 -20.35
4 82 -0.1 0 -17.7 -2.55 0 -20.35 -2.35 0 -20.4 -1.35 0 -20.25
4 82 -0.15 0 -19.85 -0.1 0 -17.7 -1.35 0 -20.25 -0.25 0 -20.1
4 82 -2.6 0 -21 -2.75 0 -21.2 -2.1 0 -23.15 -1.3 0 -20.8
4 82 -0.25 0 -20.65 -1.3 0 -20.8 -2.1 0 -23.15 -0.15 0 -20.85
4 82 -0.05 0 -23.2 -0.15 0 -20.85 -2.1 0 -23.15 -1.95 0 -23.7
4 82 0 0 -23.5 -0.05 0 -23.2 -1.95 0 -23.7 0 0 -24.75
3 82 -2.3 0 -25.45 -1.75 0 -26.2 -1.5 0 -26
4 82 -2.05 0 -26.7 -1.75 0 -26.2 -2.3 0 -25.45 -3.25 0 -25.4
4 82 -3.25 0 -25.4 -2.3 0 -25.45 -2.25 0 -25.35 -1.9 0 -23.95
4 82 -1.9 0 -23.95 -2.25 0 -25.35 -1.3 0 -25.95 -1.1 0 -26
4 82 0 0 -24.95 -1.9 0 -23.95 -1.1 0 -26 -0.75 0 -26.15
3 82 0 0 -24.95 -0.75 0 -26.15 0 0 -26.15
4 82 -1.65 0 -26.6 -1.65 0 -28.15 -1.5 0 -28.2 -1.3 0 -26.5
4 82 -1.3 0 -26.5 -1.5 0 -28.2 -1.15 0 -28.15 -0.5 0 -27.1
4 82 -6.65 0 -31.6 -6.75 0 -31.75 -6.3 0 -31.9 -6.5 0 -31.5
4 82 -6.5 0 -31.5 -6.3 0 -31.9 -5.6 0 -32.05 -5.25 0 -31.15
4 82 -5.25 0 -31.15 -5.6 0 -32.05 -4.25 0 -32.2 -3.95 0 -30.85
4 82 -3.15 0 -30.75 -3.95 0 -30.85 -4.25 0 -32.2 -2.7 0 -30.8
4 82 -2.7 0 -30.8 -4.25 0 -32.2 -3.15 0 -32.5 -2.35 0 -30.95
4 82 -2 0 -31.2 -2.35 0 -30.95 -3.15 0 -32.5 -2.25 0 -32.95
4 82 -1.45 0 -31.6 -2 0 -31.2 -2.25 0 -32.95 -1.65 0 -33.4
4 82 -1 0 -31.95 -1.45 0 -31.6 -1.65 0 -33.4 -1 0 -33.95
4 82 -0.45 0 -32.2 -1 0 -31.95 -1 0 -33.95 -0.5 0 -34.3
4 82 -13.8 0 -29.1 -12.9 0 -27.2 -13.4 0 -26.9 -14.9 0 -28.5
4 82 -15.6 0 -27.85 -14.9 0 -28.5 -13.4 0 -26.9 -13.8 0 -26.5
4 82 -16.15 0 -27.1 -15.6 0 -27.85 -13.8 0 -26.5 -16.35 0 -26.4
4 82 -16.35 0 -26.4 -13.8 0 -26.5 -14 0 -25.95 -16.35 0 -25.7
4 82 -16.1 0 -24.95 -16.35 0 -25.7 -14 0 -25.95 -14 0 -25.15
4 82 -15.8 0 -24.1 -16.1 0 -24.95 -14 0 -25.15 -13.8 0 -24.3
4 82 -15.4 0 -23.1 -15.8 0 -24.1 -13.8 0 -24.3 -13.2 0 -23.2
4 82 -15.4 0 -22.5 -15.4 0 -23.1 -13.2 0 -23.2 -12.15 0 -21.65
4 82 -15.6 0 -21.8 -15.4 0 -22.5 -12.15 0 -21.65 -11.6 0 -20.65
4 82 -16.05 0 -21 -15.6 0 -21.8 -11.6 0 -20.65 -16.25 0 -20.35
4 82 -16.2 0 -19.7 -16.25 0 -20.35 -11.6 0 -20.65 -11.5 0 -19.8
4 82 -16.2 0 -19.7 -11.5 0 -19.8 -11.7 0 -19.1 -15.95 0 -19.1
4 82 -15.25 0 -18.5 -15.95 0 -19.1 -11.7 0 -19.1 -12.3 0 -18.45
4 82 -14.3 0 -18.1 -15.25 0 -18.5 -12.3 0 -18.45 -12.95 0 -18.15
3 82 -13.6 0 -18.05 -14.3 0 -18.1 -12.95 0 -18.15
4 82 -3.4 0 -17.6 -3.7 0 -17.6 -4 0 -18.8 -2.8 0 -20.4
4 82 -3.05 0 -20.55 -2.8 0 -20.4 -4 0 -18.8 -4.35 0 -19.6
4 82 -3.7 0 -21.4 -3.05 0 -20.55 -4.35 0 -19.6 -5 0 -20.9
4 82 -4.95 0 -22.95 -3.7 0 -21.4 -5 0 -20.9 -5.65 0 -21.85
4 82 -6.25 0 -24.25 -4.95 0 -22.95 -5.65 0 -21.85 -6.8 0 -22.9
4 82 -6.25 0 -24.25 -6.8 0 -22.9 -8.15 0 -23.9 -6.35 0 -24.45
4 82 -6.35 0 -24.45 -8.15 0 -23.9 -7.4 0 -25.996 -6.3 0 -24.7
3 82 -6.3 0 -24.7 -7.4 0 -25.996 -6.849701 0 -26.11429
4 82 -5.65 0 -24.5 -5.45 0 -24.75 -5.1 0 -24.8 -4.25 0 -23.05
4 82 -4.25 0 -23.05 -5.1 0 -24.8 -4.85 0 -24.9 -3.15 0 -24
4 82 -3.15 0 -24 -4.85 0 -24.9 -4.55 0 -25.15 -3.55 0 -25.4
4 82 -3.15 0 -24 -3.55 0 -25.4 -1.95 0 -23.7 -2.1 0 -23.15
4 82 -4.1 0 -22.9 -3.15 0 -24 -2.1 0 -23.15 -2.9 0 -21.35
4 82 -4.95 0 -25 -5.3 0 -24.95 -3.8 0 -26.8 -4.55 0 -25.15
4 82 -4.55 0 -25.15 -3.8 0 -26.8 -3.45 0 -26.6 -3.55 0 -25.4
3 82 -3.55 0 -25.4 -3.45 0 -26.6 -3.1 0 -26.5
4 82 -1.85 0 -27.15 -3.55 0 -25.4 -3.1 0 -26.5 -2.15 0 -27.5
4 82 -2.5 0 -27.65 -2.15 0 -27.5 -3.1 0 -26.5 -3.45 0 -26.75
4 82 -2.8 0 -27.85 -2.5 0 -27.65 -3.45 0 -26.75 -3.65 0 -26.95
4 82 -2.35 0 -27.7 -2.65 0 -28 -2.3 0 -28.15 -1.85 0 -28.15
3 82 -2.15 0 -27.5 -2.35 0 -27.7 -1.85 0 -28.15
3 82 -1.85 0 -27.15 -2.15 0 -27.5 -1.85 0 -28.15
4 82 -7.35 0 -26.463 -7.35 0 -28.437 -6.972291 0 -28.36187 -6.972291 0 -26.53813
4 82 -6.972291 0 -26.53813 -6.972291 0 -28.36187 -6.652086 0 -28.14791 -6.652086 0 -26.75209
4 82 -6.438131 0 -27.07229 -6.652086 0 -26.75209 -6.652086 0 -28.14791 -6.438131 0 -27.82771
3 82 -6.438131 0 -27.07229 -6.438131 0 -27.82771 -6.363 0 -27.45
4 82 -8.261869 0 -27.07229 -8.337 0 -27.45 -8.261869 0 -27.82771 -8.047914 0 -28.14791
4 82 -8.047914 0 -26.75209 -8.261869 0 -27.07229 -8.047914 0 -28.14791 -7.727709 0 -26.53813
4 82 -7.727709 0 -26.53813 -8.047914 0 -28.14791 -7.727709 0 -28.36187 -7.35 0 -28.437
3 82 -7.35 0 -26.463 -7.727709 0 -26.53813 -7.35 0 -28.437
4 82 -9.2 0 -24.7 -9.7 0 -25.3 -8.41682 0 -26.45116 -7.950299 0 -26.11429
4 82 -8.15 0 -23.9 -9.2 0 -24.7 -7.950299 0 -26.11429 -7.4 0 -25.996
4 82 -8.41682 0 -26.45116 -9.7 0 -25.3 -10.15 0 -26.1 -8.728539 0 -26.95531
4 82 -8.728539 0 -26.95531 -10.15 0 -26.1 -10.35 0 -26.9 -10.4 0 -27.5
4 82 -8.838 0 -27.55 -8.728539 0 -26.95531 -10.4 0 -27.5 -10.4 0 -28.1
4 82 -8.728539 0 -28.14469 -8.838 0 -27.55 -10.4 0 -28.1 -10.2 0 -28.9
4 82 -8.41682 0 -28.64884 -8.728539 0 -28.14469 -10.2 0 -28.9 -9.8 0 -29.75
4 82 -8.41682 0 -28.64884 -9.8 0 -29.75 -9.25 0 -30.45 -7.950299 0 -28.98571
4 82 -7.950299 0 -28.98571 -9.25 0 -30.45 -8.65 0 -30.9 -7.4 0 -29.104
4 82 -7.4 0 -29.104 -8.65 0 -30.9 -7.85 0 -31.2 -7.4 0 -31.25
4 82 -7.4 0 -29.104 -7.4 0 -31.25 -6.95 0 -31.2 -6.849701 0 -28.98571
4 82 -6.849701 0 -28.98571 -6.95 0 -31.2 -6.1 0 -31 -6.38318 0 -28.64884
4 82 -6.38318 0 -28.64884 -6.1 0 -31 -4.75 0 -30.65 -6.071461 0 -28.14469
4 82 -6.071461 0 -28.14469 -4.75 0 -30.65 -3.65 0 -30.45 -4 0 -27.3
3 82 -4 0 -27.3 -5.962 0 -27.55 -6.071461 0 -28.14469
4 82 -6.071461 0 -26.95531 -5.962 0 -27.55 -4 0 -27.3 -6.3 0 -24.7
3 82 -6.3 0 -24.7 -6.849701 0 -26.11429 -6.38318 0 -26.45116
3 82 -6.3 0 -24.7 -6.38318 0 -26.45116 -6.071461 0 -26.95531
4 82 -2.95 0 -28.45 -4 0 -27.3 -3.65 0 -30.45 -3 0 -30.4
4 82 -2.5 0 -28.65 -2.95 0 -28.45 -3 0 -30.4 -1.95 0 -29.35
3 82 -2.5 0 -28.65 -1.95 0 -29.35 -1.95 0 -28.8
4 82 -1.95 0 -29.35 -3 0 -30.4 -2.55 0 -30.5 -1.9 0 -29.55
4 82 -1.9 0 -29.55 -2.55 0 -30.5 -2.1 0 -30.75 -1.75 0 -29.7
3 4 -21.8 0 -24.55 -24.78 0 -24.78 -21.85 0 -25.8
3 4 -24.78 0 -24.78 -21.7 0 -26.8 -21.85 0 -25.8
3 4 -24.78 0 -24.78 -21.33 0 -27.8 -21.7 0 -26.8
4 4 -24.78 0 -24.78 -21.8 0 -24.55 -21.5 0 -23.6 -26.95 0 -22.3
4 4 -26.95 0 -22.3 -21.5 0 -23.6 -21.05 0 -22.95 -21.65 0 -16.75
3 4 -21.65 0 -16.75 -21.05 0 -22.95 -20.45 0 -22.45
3 4 -21.65 0 -16.75 -20.45 0 -22.45 -19.95 0 -22.35
4 4 -21.65 0 -16.75 -19.95 0 -22.35 -19.5 0 -22.45 -16.25 0 -20.35
4 4 -16.05 0 -21 -16.25 0 -20.35 -19.5 0 -22.45 -19.25 0 -22.7
4 4 -15.6 0 -21.8 -16.05 0 -21 -19.25 0 -22.7 -15.4 0 -22.5
4 4 -15.4 0 -22.5 -19.25 0 -22.7 -19.1 0 -23.25 -15.4 0 -23.1
4 4 -15.8 0 -24.1 -15.4 0 -23.1 -19.1 0 -23.25 -19.1 0 -24.35
4 4 -16.1 0 -24.95 -15.8 0 -24.1 -19.1 0 -24.35 -19.15 0 -25.65
4 4 -16.35 0 -25.7 -16.1 0 -24.95 -19.15 0 -25.65 -19.05 0 -26.55
4 4 -16.35 0 -26.4 -16.35 0 -25.7 -19.05 0 -26.55 -18.8 0 -27.3
4 4 -16.15 0 -27.1 -16.35 0 -26.4 -18.8 0 -27.3 -18.35 0 -28
4 4 -16.15 0 -27.1 -18.35 0 -28 -17.65 0 -28.55 -15.6 0 -27.85
4 4 -15.6 0 -27.85 -17.65 0 -28.55 -16.8 0 -29.05 -15.95 0 -29.25
4 4 -14.9 0 -28.5 -15.6 0 -27.85 -15.95 0 -29.25 -14.9 0 -29.25
4 4 -14.9 0 -28.5 -14.9 0 -29.25 -14.25 0 -29.2 -13.8 0 -29.1
4 4 -13.4 0 -26.9 -12.9 0 -27.2 -12.9 0 -26.55 -13.8 0 -26.5
4 4 -13.8 0 -26.5 -12.9 0 -26.55 -12.8 0 -25.95 -14 0 -25.95
4 4 -14 0 -25.15 -14 0 -25.95 -12.8 0 -25.95 -12.55 0 -25.35
4 4 -13.8 0 -24.3 -14 0 -25.15 -12.55 0 -25.35 -12.2 0 -24.7
4 4 -13.2 0 -23.2 -13.8 0 -24.3 -12.2 0 -24.7 -11.65 0 -24
4 4 -12.15 0 -21.65 -13.2 0 -23.2 -11.65 0 -24 -10.75 0 -23.15
4 4 -12.15 0 -21.65 -10.75 0 -23.15 -9.45 0 -22.05 -11.6 0 -20.65
4 4 -11.6 0 -20.65 -9.45 0 -22.05 -8.35 0 -21.25 -11.5 0 -19.8
4 4 -11.5 0 -19.8 -8.35 0 -21.25 -7.8 0 -20.75 -7.2 0 -20.1
4 4 -11.7 0 -19.1 -11.5 0 -19.8 -7.2 0 -20.1 -6.7 0 -19.3
4 4 -11.7 0 -19.1 -6.7 0 -19.3 -6.25 0 -18.35 -12.3 0 -18.45
4 4 -12.3 0 -18.45 -6.25 0 -18.35 -6 0 -17.4 -5.9 0 -16.75
3 4 -5.9 0 -16.75 -12.95 0 -18.15 -12.3 0 -18.45
3 4 -21.65 0 -16.75 -16.2 0 -19.7 -15.95 0 -19.1
3 4 -21.65 0 -16.75 -16.25 0 -20.35 -16.2 0 -19.7
3 4 -21.65 0 -16.75 -15.95 0 -19.1 -15.25 0 -18.5
3 4 -21.65 0 -16.75 -15.25 0 -18.5 -14.3 0 -18.1
4 4 -21.65 0 -16.75 -14.3 0 -18.1 -13.6 0 -18.05 -5.9 0 -16.75
3 4 -5.9 0 -16.75 -13.6 0 -18.05 -12.95 0 -18.15
