0 ~Sticker Top for Technic Panel Smooth  7 x  2 x  3 Flat
0 Name: s\24119s03.dat
0 Author: Jens Brühl [jb70]
0 !LDRAW_ORG Unofficial_Subpart
0 !LICENSE Licensed under CC BY 4.0 : see CAreadme.txt

0 BFC CERTIFY CCW

1 16 23 -.25 -36.5 3 0 0 0 1 0 0 0 -3 1-4chrd.dat
1 16 65 -.25 -7.5 3 0 0 0 1 0 0 0 -3 1-4chrd.dat
1 16 65 -.25 8.5 3 0 0 0 1 0 0 0 3 1-4chrd.dat
1 16 32 -.25 17.5 3 0 0 0 1 0 0 0 3 1-4chrd.dat
1 16 36 -.25 12.5 -1 0 0 0 1 0 0 0 -1 1-4ndis.dat
4 16 38.1 -.25 -10.5 65 -.25 -10.5 68 -.25 -7.5 23 -.25 -7.5
3 16 23 -.25 -7.5 35.333 -.25 -10.878 38.1 -.25 -10.5
3 16 23 -.25 -7.5 32.67 -.25 -11.9 35.333 -.25 -10.878
3 16 23 -.25 -7.5 30.544 -.25 -13.485 32.67 -.25 -11.9
3 16 23 -.25 -7.5 28.925 -.25 -15.604 30.544 -.25 -13.485
3 16 23 -.25 -7.5 27.9 -.25 -17.9 28.925 -.25 -15.604
3 16 23 -.25 -7.5 27.066 -.25 -20.748 27.9 -.25 -17.9
3 16 23 -.25 -7.5 26.586 -.25 -23.653 27.066 -.25 -20.748
3 16 23 -.25 -7.5 26.279 -.25 -26.598 26.586 -.25 -23.653
4 16 26.089 -.25 -29.547 26.279 -.25 -26.598 23 -.25 -7.5 23 -.25 -39.5
3 16 26.089 -.25 -29.547 23 -.25 -39.5 26 -.25 -32.5
3 16 26 -.25 -32.5 23 -.25 -39.5 26 -.25 -36.5

1 16 -23 -.25 -36.5 -3 0 0 0 1 0 0 0 -3 1-4chrd.dat
1 16 -65 -.25 -7.5 -3 0 0 0 1 0 0 0 -3 1-4chrd.dat
1 16 -65 -.25 8.5 -3 0 0 0 1 0 0 0 3 1-4chrd.dat
1 16 -32 -.25 17.5 -3 0 0 0 1 0 0 0 3 1-4chrd.dat
1 16 -36 -.25 12.5 1 0 0 0 1 0 0 0 -1 1-4ndis.dat
3 16 -35.333 -.25 -10.878 -23 -.25 -7.5 -38.1 -.25 -10.5
3 16 -32.67 -.25 -11.9 -23 -.25 -7.5 -35.333 -.25 -10.878
3 16 -30.544 -.25 -13.485 -23 -.25 -7.5 -32.67 -.25 -11.9
3 16 -28.925 -.25 -15.604 -23 -.25 -7.5 -30.544 -.25 -13.485
3 16 -27.9 -.25 -17.9 -23 -.25 -7.5 -28.925 -.25 -15.604
3 16 -27.066 -.25 -20.748 -23 -.25 -7.5 -27.9 -.25 -17.9
3 16 -26.586 -.25 -23.653 -23 -.25 -7.5 -27.066 -.25 -20.748
3 16 -26.279 -.25 -26.598 -23 -.25 -7.5 -26.586 -.25 -23.653
4 16 -23 -.25 -7.5 -26.279 -.25 -26.598 -26.089 -.25 -29.547 -23 -.25 -39.5
3 16 -23 -.25 -39.5 -26.089 -.25 -29.547 -26 -.25 -32.5

4 16 -23 -.25 -7.5 23 -.25 -7.5 35 -.25 11.5 -35 -.25 11.5
4 16 -23 -.25 -7.5 -23 -.25 -39.5 23 -.25 -39.5 23 -.25 -7.5
3 16 -26 -.25 -32.5 -26 -.25 -36.5 -23 -.25 -39.5
4 16 36 -.25 11.5 35 -.25 11.5 23 -.25 -7.5 68 -.25 -7.5
4 16 36 -.25 11.5 68 -.25 -7.5 68 -.25 8.5 65 -.25 11.5
4 16 -65 -.25 -10.5 -38.1 -.25 -10.5 -23 -.25 -7.5 -68 -.25 -7.5
4 16 -68 -.25 -7.5 -23 -.25 -7.5 -35 -.25 11.5 -36 -.25 11.5
4 16 -68 -.25 8.5 -68 -.25 -7.5 -36 -.25 11.5 -65 -.25 11.5
4 16 -35 -.25 12.5 -35 -.25 11.5 35 -.25 11.5 35 -.25 12.5
4 16 -35 -.25 12.5 35 -.25 12.5 35 -.25 17.5 -35 -.25 17.5
4 16 -32 -.25 20.5 -35 -.25 17.5 35 -.25 17.5 32 -.25 20.5
