0 ~Wing  2 x  2 Left without Top Surface
0 Name: s\24299p01s01.dat
0 Author: Gabriel Läufer [Dr.Bricktacular]
0 !LDRAW_ORG Unofficial_Subpart
0 !LICENSE Licensed under CC BY 4.0 : see CAreadme.txt

0 BFC CERTIFY CCW

0 // Subpart
1 16 -10 0 0 0 0 -1 0 1 0 1 0 0 stug-1x2.dat
1 16 -10 4 0 0 -10 0 -4 0 0 0 0 -20 box2-5.dat
1 16 -.75 4 18.5 0 19.25 0 -4 0 0 0 0 1.5 box2-7.dat
1 16 -10 3 0 0 0 -1 0 -1.25 0 1 0 0 stud3.dat
0 BFC INVERTNEXT
1 16 -10 8 0 0 0 -6 0 -5 0 16 0 0 box5.dat
4 16 -4 8 -16 0 8 -20 -20 8 -20 -16 8 -16
4 16 -16 8 -16 -20 8 -20 -20 8 20 -16 8 16
4 16 -16 8 16 -20 8 20 18.5 8 20 -4 8 16
3 16 -4 8 16 18.5 8 20 0 8 16
3 16 0 8 16 18.5 8 20 12.136 8 16
2 24 18.5 0 17 0 0 -20
2 24 18.5 8 17 18.5 0 17
4 16 12.136 8 16 18.5 8 20 18.5 8 17 16.83 8 13.66
4 16 -4 8 16 0 8 16 0 8 -12 -4 8 -16
3 16 0 8 -12 0 8 -20 -4 8 -16
4 16 0 8 -12 4 8 -10 4.2857 8 -11.4286 0 8 -20
3 16 4.457 8 -7.704 4 8 -10 0 8 -12
3 16 8.15 8 4.3 4.457 8 -7.704 0 8 -12
3 16 5.757 8 -5.757 4.457 8 -7.704 8.15 8 4.3
3 16 7.704 8 -4.457 5.757 8 -5.757 8.15 8 4.3
4 16 11.35 8 2.7 7.7778 8 -4.4444 7.704 8 -4.457 8.15 8 4.3
2 24 4.2857 8 -11.4286 0 8 -20
2 24 11.35 8 2.7 7.7778 8 -4.4444
2 24 16.83 8 13.66 18.5 8 17
2 24 11.35 3 2.7 16.83 3 13.66
1 16 9.75 5.5 3.5 0 0 -1.6 2.5 0 0 0 -1 .8 rect.dat
0 BFC INVERTNEXT
1 16 4.075 5.5 10.15 0 -4.075 0 -2.5 0 0 0 -8.15 -14 box2-7.dat
0 BFC INVERTNEXT
1 16 8.415 5.5 14.83 0 6.068 -2.347 -2.5 0 0 0 0 1.17 box2-5.dat
4 16 16.83 3 13.66 11.35 3 2.7 8.15 3 4.3 12.136 3 16
4 16 12.136 3 16 8.15 3 4.3 0 3 -12 0 3 16
1 16 7.7409 5.5 -4.4507 0 0 .0369 2.5 0 0 0 1 .0063 rect3.dat
1 16 6.7305 5.5 -5.107 -.9735 0 0 0 0 2.5 -.65 1 0 rect2p.dat
1 16 5.107 5.5 -6.7305 -.65 -1 0 0 0 2.5 -.9735 0 0 rect2p.dat
1 16 4.2285 5.5 -8.852 -.2285 -1 0 0 0 2.5 -1.148 0 0 rect2p.dat
1 16 4.14285 5.5 -10.7143 0 -1 .14285 -2.5 0 0 0 0 -.7143 rect3.dat
5 24 7.704 3 -4.457 7.704 8 -4.457 8.486 3 -4.301 5.757 3 -5.757
5 24 5.757 3 -5.757 5.757 8 -5.757 7.704 3 -4.457 4.457 3 -7.704
5 24 4.457 3 -7.704 4.457 8 -7.704 5.757 3 -5.757 4 3 -10
5 24 4 3 -10 4 8 -10 4.457 3 -7.704 4.378 3 -11.9
2 24 7.7778 3 -4.4444 4.2857 3 -11.4286
4 16 7.704 3 -4.457 7.7778 3 -4.4444 4.2857 3 -11.4286 4 3 -10
4 16 4 3 -10 4.457 3 -7.704 5.757 3 -5.757 7.704 3 -4.457
4 16 4.2857 8 -11.4286 4.2857 3 -11.4286 0 0 -20 0 8 -20
3 16 7.7778 3 -4.4444 0 0 -20 4.2857 3 -11.4286
4 16 11.35 3 2.7 18.5 0 17 0 0 -20 7.7778 3 -4.4444
4 16 11.35 3 2.7 7.7778 3 -4.4444 7.7778 8 -4.4444 11.35 8 2.7
3 16 16.83 3 13.66 18.5 0 17 11.35 3 2.7
4 16 16.83 8 13.66 18.5 8 17 18.5 0 17 16.83 3 13.66