0 ~Animal Chicken Head without Front
0 Name: s\37276s01.dat
0 Author: Evert-Jan Boer [ejboer]
0 !LDRAW_ORG Unofficial_Subpart
0 !LICENSE Licensed under CC BY 4.0 : see CAreadme.txt

0 BFC CERTIFY CCW

1 16 0 0 0 0 0 -1 0 1 0 1 0 0 stud.dat
1 16 0 0 0 6 0 0 0 1 0 0 0 6 4-4ndis.dat
4 16 6 0 -6 -6 0 -6 -10 0 -10 10 0 -10
4 16 10 0 10 6 0 6 6 0 -6 10 0 -10
4 16 -10 0 10 -10 0 -10 -6 0 -6 -6 0 6
4 16 -10 0 10 -6 0 6 6 0 6 10 0 10
1 16 0 4 10 0 0 10 -4 0 0 0 -1 0 rect.dat
1 16 0 -8 -10 0 0 10 -8 0 0 0 -1 0 rect.dat
1 16 0 -16 -14 -10 0 0 0 1 0 0 0 -4 rect3.dat

4 16 10 8 10 10 0 -10 10 0 -18 10 8 -18
3 16 10 0 -10 10 8 10 10 0 10
4 16 -10 0 -18 -10 0 -10 -10 8 10 -10 8 -18
3 16 -10 8 10 -10 0 -10 -10 0 10
4 16 6 8 6 -6 8 6 -10 8 10 10 8 10
4 16 5 8 -22 -5 8 -22 -2.5 8 -19.5 2.5 8 -19.5
1 16 3.75 8 -18.75 0 0 -1.25 0 -1 0 -2 0 1.25 rect2p.dat
1 16 -3.75 8 -18.75 0 0 1.25 0 -1 0 2 0 1.25 rect2p.dat
4 16 -6 8 -15.5 -2.5 8 -15.5 -5 8 -18 -10 8 -18
4 16 5 8 -18 2.5 8 -15.5 6 8 -15.5 10 8 -18
4 16 10 8 -18 6 8 -15.5 6 8 6 10 8 10
4 16 -6 8 6 -6 8 -15.5 -10 8 -18 -10 8 10
1 16 0 6 6 0 0 -6 -2 0 0 0 1 0 rect.dat
1 16 0 4 -19.5 -2.5 0 0 0 0 -4 0 -1 0 rect.dat
1 16 2.5 4 -17.5 0 1 0 -4 0 0 0 0 2 rect2a.dat
1 16 -2.5 4 -17.5 0 -1 0 0 0 -4 2 0 0 rect2a.dat
1 16 0 0 -17.5 0 0 2.5 0 -1 0 2 0 0 rect1.dat
4 16 6 7 -6 6 4 -6 6 4 6 6 8 6
4 16 6 4 -11.5 6 4 -8 6 7 -8 6 8 -15.5
1 16 -5 5.5 -6 -1 0 0 0 0 -1.5 0 -1 0 rect.dat
1 16 -5 7 -7 1 0 0 0 -1 0 0 0 -1 rect3.dat
1 16 -5 5.5 -8 1 0 0 0 0 -1.5 0 1 0 rect3.dat
1 16 -4 5.5 -7 0 -1 0 -1.5 0 0 0 0 -1 rect1.dat
1 16 5 5.5 -6 0 0 -1 1.5 0 0 0 -1 0 rect.dat
1 16 5 7 -7 1 0 0 0 -1 0 0 0 -1 rect3.dat
1 16 5 5.5 -8 1 0 0 0 0 -1.5 0 1 0 rect3.dat
1 16 4 5.5 -7 0 1 0 -1.5 0 0 0 0 1 rect1.dat
4 16 6 8 -15.5 6 7 -8 6 7 -6 6 8 6
4 16 -6 7 -6 -6 7 -8 -6 8 -15.5 -6 8 6
4 16 -6 4 6 -6 4 -6 -6 7 -6 -6 8 6
4 16 4 4 -6 4 4 -8 -4 4 -8 -4 4 -6
3 16 6 4 -6 4 4 -6 6 4 6
3 16 -4 4 -6 -6 4 -6 -6 4 6
4 16 -6 4 6 6 4 6 4 4 -6 -4 4 -6
4 16 -6 7 -8 -6 4 -8 -6 4 -11.5 -6 8 -15.5
3 16 -6 4 -8 -4 4 -8 -6 4 -11.5
3 16 4 4 -8 6 4 -8 6 4 -11.5
4 16 -4 4 -8 4 4 -8 6 4 -11.5 -6 4 -11.5
4 16 6 8 -15.5 2.5 8 -15.5 2.5 0 -15.5 6 -12 -15.5
4 16 -2.5 0 -15.5 -2.5 8 -15.5 -6 8 -15.5 -6 -12 -15.5
4 16 6 4 -11.5 6 8 -15.5 6 -12 -15.5 6 -12 -11.5
4 16 -6 4 -11.5 -6 -12 -11.5 -6 -12 -15.5 -6 8 -15.5
1 16 0 -1 -13.5 -1 0 0 0 -1 0 0 0 2 rect.dat
1 16 1 -6.5 -13.5 0 -1 0 5.5 0 0 0 0 2 rect2p.dat
1 16 -1 -6.5 -13.5 0 1 0 -5.5 0 0 0 0 2 rect2p.dat
4 16 -2.5 0 -15.5 -1 -1 -15.5 1 -1 -15.5 2.5 0 -15.5
4 16 2.5 0 -15.5 1 -1 -15.5 1 -12 -15.5 6 -12 -15.5
4 16 -1 -12 -15.5 -1 -1 -15.5 -2.5 0 -15.5 -6 -12 -15.5
4 16 6 4 -11.5 1 -1 -11.5 -1 -1 -11.5 -6 4 -11.5
4 16 -1 -1 -11.5 -1 -12 -11.5 -6 -12 -11.5 -6 4 -11.5
4 16 6 4 -11.5 6 -12 -11.5 1 -12 -11.5 1 -1 -11.5
1 16 3.5 -12 -13.5 2.5 0 0 0 -1 0 0 0 -2 rect.dat
1 16 -3.5 -12 -13.5 -2.5 0 0 0 -1 0 0 0 2 rect.dat

2 24 -6 8 -15.5 -6 -12 -15.5
2 24 10 0 10 10 0 -10
2 24 10 8 -18 10 8 10
2 24 -10 8 10 -10 8 -18
2 24 6 4 6 6 4 -6
2 24 -6 8 6 -6 8 -15.5
2 24 -6 4 -6 -6 4 6
2 24 -6 4 -11.5 -6 -12 -11.5
2 24 6 8 -15.5 6 8 6
2 24 6 4 -11.5 -6 4 -11.5
2 24 6 4 -8 6 4 -11.5
2 24 6 -12 -15.5 6 8 -15.5
2 24 6 -12 -11.5 6 4 -11.5
2 24 -6 8 -15.5 -2.5 8 -15.5
2 24 2.5 8 -15.5 6 8 -15.5
2 24 -10 0 -10 -10 0 10
2 24 -6 4 -11.5 -6 4 -8
2 24 10 0 -18 10 8 -18
2 24 -10 0 -18 -10 8 -18
2 24 -10 8 -18 -5 8 -18
2 24 5 8 -18 10 8 -18
2 24 -5 8 -22 5 8 -22
2 24 -10 -16 -18 -10 -8 -18
2 24 10 -16 -18 10 -8 -18
4 16 10 0 -10 10 -16 -10 10 -16 -18 10 -8 -18
3 16 10 0 -10 10 -8 -18 10 0 -18
4 16 -10 0 -10 -10 -8 -18 -10 -16 -18 -10 -16 -10
3 16 -10 -8 -18 -10 0 -10 -10 0 -18
