0 ~Brick 2 x 2 Round without Reinforcement without Outer Surface, without Bottom Surface
0 Name: s\3941s02.dat
0 Author: Jeff Jones [notmaster]
0 !LDRAW_ORG Unofficial_Subpart
0 !LICENSE Licensed under CC BY 4.0 : see CAreadme.txt

0 BFC CERTIFY CCW

0 !HISTORY 2025-05-31 [notmaster] modified from s\3941s01.dat

1 16 0 20 0 1 0 0 0 -1 0 0 0 1 stud4a.dat
1 16 0 4 0 8 0 0 0 1 0 0 0 8 4-4edge.dat
1 16 0 4 0 8 0 0 0 16 0 0 0 8 4-4cyli.dat
1 16 0 20 0 1 0 0 0 1 0 0 0 1 axlehol3.dat
1 16 0 0 0 1 0 0 0 20 0 0 0 1 axlehole.dat
1 16 0 0 0 1 0 0 0 1 0 0 0 1 axlehol2.dat
1 16 0 0 0 20 0 0 0 1 0 0 0 20 4-4edge.dat
1 16 0 20 0 18.47759 0 7.65367 0 4 0 -7.65367 0 18.47759 1-8cyli.dat
1 16 0 24 0 18.47759 0 7.65367 0 1 0 -7.65367 0 18.47759 1-8edge.dat
1 16 0 24 0 18.47759 0 7.65367 0 -1 0 -7.65367 0 18.47759 1-8chrd.dat
1 16 0 24 0 -7.65367 0 18.47759 0 1 0 -18.47759 0 -7.65367 1-8edge.dat
1 16 0 24 0 -7.65367 0 18.47759 0 -1 0 -18.47759 0 -7.65367 1-8chrd.dat
1 16 0 20 0 -18.47759 0 -7.65367 0 4 0 7.65367 0 -18.47759 1-8cyli.dat
1 16 0 24 0 -18.47759 0 -7.65367 0 1 0 7.65367 0 -18.47759 1-8edge.dat
1 16 0 24 0 -18.47759 0 -7.65367 0 -1 0 7.65367 0 -18.47759 1-8chrd.dat
1 16 0 20 0 7.65367 0 -18.47759 0 4 0 18.47759 0 7.65367 1-8cyli.dat
1 16 0 24 0 7.65367 0 -18.47759 0 1 0 18.47759 0 7.65367 1-8edge.dat
1 16 0 24 0 7.65367 0 -18.47759 0 -1 0 18.47759 0 7.65367 1-8chrd.dat

1 16 16 22 0 0 1 0 -2 0 0 0 0 11.36 rect.dat
1 16 0 22 -16 0 0 11.36 -2 0 0 0 -1 0 rect.dat
1 16 -16 22 0 0 -1 0 -2 0 0 0 0 -11.36 rect.dat
1 16 0 22 16 0 0 -11.36 -2 0 0 0 1 0 rect.dat
4 16 11.36 24 16 -11.36 24 16 -7.65 24 18.48 7.65 24 18.48
4 16 -16 24 11.36 -16 24 -11.36 -18.48 24 -7.65 -18.48 24 7.65
4 16 -11.36 24 -16 11.36 24 -16 7.65 24 -18.48 -7.65 24 -18.48
4 16 16 24 -11.36 16 24 11.36 18.48 24 7.65 18.48 24 -7.65
1 16 17.24 22 9.505 0 -1 -1.24 2 0 0 0 0 1.855 rect1.dat
1 16 9.505 22 17.24 0 0 -1.855 2 0 0 0 -1 1.24 rect1.dat
1 16 -17.24 22 9.505 0 1 -1.24 2 0 0 0 0 -1.855 rect1.dat
1 16 -9.505 22 17.24 0 0 -1.855 2 0 0 0 -1 -1.24 rect1.dat
1 16 17.24 22 -9.505 0 -1 1.24 2 0 0 0 0 1.855 rect1.dat
1 16 -17.24 22 -9.505 0 1 1.24 2 0 0 0 0 -1.855 rect1.dat
2 24 16 20 11.36 14.14 20 14.14
2 24 14.14 20 14.14 11.36 20 16
2 24 -16 20 11.36 -14.14 20 14.14
2 24 -14.14 20 14.14 -11.36 20 16
2 24 16 20 -11.36 14.14 20 -14.14
2 24 14.14 20 -14.14 11.36 20 -16
2 24 -16 20 -11.36 -14.14 20 -14.14
2 24 -14.14 20 -14.14 -11.36 20 -16

1 16 0 4 0 8 0 0 0 -1 0 0 0 8 4-4ring1.dat
0 BFC INVERTNEXT
1 16 0 4 0 16 0 0 0 16 0 0 0 16 4-4cylo.dat
5 24 -7.65 20 18.48 -7.65 24 18.48 -14.14 20 14.14 0 20 20
5 24 -18.48 20 7.65 -18.48 24 7.65 -20 20 0 -14.14 20 14.14
5 24 -18.48 20 -7.65 -18.48 24 -7.65 -14.14 20 -14.14 -20 20 0
5 24 18.48 20 -7.65 18.48 24 -7.65 20 20 0 14.14 20 -14.14
5 24 18.48 20 7.65 18.48 24 7.65 14.14 20 14.14 20 20 0
5 24 7.65 20 18.48 7.65 24 18.48 0 20 20 14.14 20 14.14

1 16 0 0 0 4.24264 0 -4.24264 0 1 0 4.24264 0 4.24264 4-4ndis.dat
1 16 0 0 0 20 0 0 0 1 0 0 0 20 1-4chrd.dat
1 16 0 0 0 -20 0 0 0 1 0 0 0 20 1-4chrd.dat
1 16 0 0 0 -20 0 0 0 1 0 0 0 -20 1-4chrd.dat
1 16 0 0 0 20 0 0 0 1 0 0 0 -20 1-4chrd.dat
4 16 0 0 -20 0 0 -8.4853 -8.4853 0 0 -20 0 0
4 16 0 0 20 -20 0 0 -8.4853 0 0 0 0 8.4853
4 16 20 0 0 0 0 20 0 0 8.4853 8.4853 0 0
4 16 0 0 -20 20 0 0 8.4853 0 0 0 0 -8.4853

1 16 0 0 0 1 0 0 0 1 0 0 0 1 stug10-2x2.dat
2 24 -11.36 24 -16 -7.65367 24 -18.47759
2 24 7.65 24 -18.48 11.36 24 -16
1 16 0 20 0 16 0 0 0 -1 0 0 0 16 1-8tndis.dat
1 16 0 20 0 -16 0 0 0 -1 0 0 0 16 1-8tndis.dat
1 16 0 20 0 16 0 0 0 -1 0 0 0 -16 1-8tndis.dat
1 16 0 20 0 -16 0 0 0 -1 0 0 0 -16 1-8tndis.dat
1 16 0 20 0 0 0 -16 0 -1 0 16 0 0 1-8tndis.dat
1 16 0 20 0 0 0 -16 0 -1 0 -16 0 0 1-8tndis.dat
1 16 0 20 0 0 0 16 0 -1 0 16 0 0 1-8tndis.dat
1 16 0 20 0 0 0 16 0 -1 0 -16 0 0 1-8tndis.dat
3 16 -14.14 20 14.14 -11.36 20 16 -16 20 11.36
4 16 -11.36 20 16 -11.3136 20 11.3136 -16 20 11.3136 -16 20 11.36
3 16 -11.36 20 16 -11.3136 20 16 -11.3136 20 11.3136
3 16 -11.36 20 -16 -14.14 20 -14.14 -16 20 -11.36
4 16 -11.36 20 -16 -16 20 -11.36 -16 20 -11.3136 -11.3136 20 -11.3136
3 16 -11.3136 20 -16 -11.36 20 -16 -11.3136 20 -11.3136
3 16 14.14 20 -14.14 11.36 20 -16 16 20 -11.36
4 16 11.36 20 -16 11.3136 20 -11.3136 16 20 -11.3136 16 20 -11.36
3 16 11.36 20 -16 11.3136 20 -16 11.3136 20 -11.3136
3 16 11.36 20 16 14.14 20 14.14 16 20 11.36
4 16 11.36 20 16 16 20 11.36 16 20 11.3136 11.3136 20 11.3136
3 16 11.3136 20 16 11.36 20 16 11.3136 20 11.3136