0 ~Animal Dragon Head Jaw Upper Half with White Teeth, Gold Eyes, and Dark Green Decorations Pattern
0 Name: s\40933p01s02.dat
0 Author: Fredrik Hareide [fhareide]
0 !LDRAW_ORG Unofficial_Subpart
0 !LICENSE Licensed under CC BY 4.0 : see CAreadme.txt

0 BFC CERTIFY CCW

0 // White

4 15 21.562 -6.81 -42.303 21.782 -6.189 -42.587 21.995 -5.893 -42.489 21.781 -8.34 -39.931
4 15 20.755 -4.886 -46.448 20.695 -5.397 -45.949 20.358 -5.76 -46.238 20.169 -5.148 -47.409
3 15 21.979 -5.586 -42.902 21.995 -5.893 -42.489 21.782 -6.189 -42.587
4 15 20.439 -8.94 -42.132 21.781 -8.34 -39.931 21.602 -9.434 -38.973 19.649 -10.172 -42.34
3 15 20.917 -8.138 -42.076 21.264 -7.47 -42.139 21.781 -8.34 -39.931
4 15 19.649 -10.172 -42.34 21.602 -9.434 -38.973 21.29 -10.754 -38.025 21.027 -11.621 -37.53
3 15 21.781 -8.34 -39.931 20.439 -8.94 -42.132 20.917 -8.138 -42.076
3 15 21.562 -6.81 -42.303 21.781 -8.34 -39.931 21.264 -7.47 -42.139
4 15 20.169 -5.148 -47.409 20.023 -6.147 -46.494 19.694 -6.563 -46.702 18.892 -7.002 -47.917
3 15 19.365 -6.978 -46.911 18.892 -7.002 -47.917 19.694 -6.563 -46.702
3 15 18.892 -7.002 -47.917 18.765 -6.818 -48.422 20.169 -5.148 -47.409
3 15 19.038 -7.398 -47.108 18.892 -7.002 -47.917 19.365 -6.978 -46.911
3 15 18.186 -6.348 -50.271 20.169 -5.148 -47.409 18.765 -6.818 -48.422
3 15 20.358 -5.76 -46.238 20.023 -6.147 -46.494 20.169 -5.148 -47.409
4 15 20.695 -5.397 -45.949 20.755 -4.886 -46.448 21.109 -4.796 -45.784 21.03 -5.069 -45.62
3 15 21.358 -4.786 -45.252 21.03 -5.069 -45.62 21.109 -4.796 -45.784

0 // Main_Colour
3 16 12.426 0.769 -89.354 13.116 0.748 -86.481 13.08 0.66 -86.367
3 16 11.904 -3.514 -78.65 12.828 -1.37 -81.313 13.134 -1.717 -79.434
4 16 16.347 2.975 -81.482 17.612 4.823 -82.289 18.153 3.63 -78.561 17.491 2.873 -78.57
4 16 13.75 -2.13 -77.2 14.247 -2.166 -76.005 12.783 -4.339 -75.047 11.904 -3.514 -78.65
4 16 17.635 2.861 -78.222 18.153 3.63 -78.561 18.792 3.822 -75.589 18.015 2.767 -75.519
4 16 14.953 -2.259 -72.944 13.346 -4.805 -71.836 12.783 -4.339 -75.047 14.365 -2.191 -75.19
4 16 15.197 -2.313 -71.818 14.643 -3.845 -69.518 13.346 -4.805 -71.836 14.953 -2.259 -72.944
3 16 15.157 4.036 -88.026 16.845 6.736 -86.091 17.612 4.823 -82.289
4 16 21.441 4.038 -66.1 20.999 3.491 -66.215 19.506 3.612 -68.837 19.737 5.551 -70.651
3 16 22.143 3.927 -61.342 20.266 1.979 -63.743 21.195 3.216 -63.809
3 16 22.143 3.927 -61.342 18.399 -1.101 -60.144 18.304 -1.194 -60.323
3 16 21.9 7.267 -58.155 19.794 1.918 -59.08 22.143 3.927 -61.342
3 16 22.143 3.927 -61.342 19.794 1.918 -59.08 17.08 -2.885 -59.634
3 16 13.997 -6.272 -63.784 14.024 -6.243 -63.599 13.779 -8.959 -61.233
4 16 26.061 -22.095 -18.459 26.903 -24.19 -15.211 22.289 -18.286 -37.372 22.312 -17.912 -36.948
3 16 26.567 -22.972 -14.579 26.903 -24.19 -15.211 26.061 -22.095 -18.459
3 16 26.377 -21.185 -7.221 28.492 -26.143 5.991 26.372 -21.211 -7.483
3 16 28.492 -26.143 5.991 28.544 -25.735 7.652 28.599 -25.87 7.968
3 16 29.871 -28.97 18.599 30.321 -30.766 25.644 29.92 -29.219 18.519
3 16 29.117 -25.4 15.386 30.167 -27.617 26.215 30.321 -30.766 25.644
3 16 24.967 -17.724 -11.739 25.372 -18.648 -12.335 22.028 -13.069 -30.689
3 16 25.372 -18.648 -12.335 24.967 -17.724 -11.739 26.594 -21.42 9.306
3 16 29.117 -25.4 15.386 25.372 -18.648 -12.335 26.594 -21.42 9.306
3 16 26.594 -21.42 9.306 24.967 -17.724 -11.739 26.435 -20.943 7.85
3 16 24.967 -17.724 -11.739 24.461 -16.636 -10.945 26.435 -20.943 7.85
3 16 29.117 -25.4 15.386 26.594 -21.42 9.306 29.114 -26.685 26.489
3 16 30.167 -27.617 26.215 29.117 -25.4 15.386 29.114 -26.685 26.489
3 16 23.293 -13.739 -24.716 22.028 -13.069 -30.689 23.326 -13.522 -24.944
3 16 30.115 -6.309 -6.744 26.58 -13.5 -11.341 26.599 -13.309 -11.589
3 16 26.435 -20.943 7.85 24.461 -16.636 -10.945 26.434 -20.173 7.769
4 16 24.461 -16.636 -10.945 25.057 -15.809 -9.029 26.522 -18.14 4.286 26.434 -20.173 7.769
4 16 26.889 -17.427 5.065 28.213 -13.432 9.123 28.185 -13.804 9.9 26.434 -20.173 7.769
3 16 30.925 -6.928 13.317 28.331 -13.177 9.381 28.356 -13.051 9.244
3 16 27.56 -3.691 -27.203 25.612 -5.926 -31.871 26.19 -2.944 -34.655
3 16 25.7 -0.865 -40.582 25.67 -0.987 -40.498 25.644 -0.903 -40.659
3 16 25.7 -0.865 -40.582 25.644 -0.903 -40.659 25.641 -0.839 -40.75
3 16 22.096 0.701 -50.899 21.518 -0.051 -51.192 21.316 0.144 -52.256
4 16 14.388 -5.792 -61.199 15.541 -4.265 -62.603 15.84 -3.943 -62.422 17.08 -2.885 -59.634
4 16 16.405 -3.121 -63.655 15.214 -4.182 -64.714 15.255 -4.108 -64.862 15.944 -3.072 -66.298
4 16 19.582 -0.281 -56.465 19.522 -0.466 -56.363 17.08 -2.885 -59.634 19.794 1.918 -59.08
4 16 20.865 1.352 -55.274 19.794 1.918 -59.08 21.9 7.267 -58.155 22.694 3.277 -51.681
4 16 23.457 1.919 -48.427 23.439 1.751 -48.32 23.324 1.407 -48.308 22.193 1.117 -51.025
3 16 25.624 -0.776 -40.842 25.523 -0.705 -41.152 25.311 2.55 -44.117
3 16 23.3 6.047 -52.504 22.694 3.277 -51.681 21.9 7.267 -58.155
3 16 24.387 4.365 -47.275 24.448 6.428 -47.75 24.767 3.664 -45.991
3 16 23.3 6.047 -52.504 24.448 6.428 -47.75 22.694 3.277 -51.681
3 16 24.448 6.428 -47.75 27.091 10.874 -43.386 25.311 2.55 -44.117
4 16 26.809 6.465 -42.438 26.266 4.802 -42.962 26.173 4.761 -43.136 26.783 6.662 -42.559
3 16 28.219 3.65 -38.62 27.929 5.505 -39.844 28.544 5.056 -38.629
3 16 28.219 3.65 -38.62 28.544 5.056 -38.629 29.301 4.364 -36.758
4 16 29.78 3.664 -35.07 29.214 2.003 -34.951 29.082 1.896 -35.162 29.758 3.802 -35.238
3 16 28.995 -0.898 -32.855 28.298 -1.591 -33.991 28.73 -0.583 -33.86
4 16 33.837 16.13 -34.149 33.308 13.823 -33.9 31.77 12.784 -36.036 30.699 14.364 -38.687
3 16 33.805 14.238 -33.045 33.308 13.823 -33.9 33.837 16.13 -34.149
4 16 36.598 16.981 -29.247 36.214 15.698 -29.211 34.812 14.978 -31.523 33.837 16.13 -34.149
3 16 36.598 16.981 -29.247 36.415 15.846 -28.734 36.214 15.698 -29.211
3 16 25.311 2.55 -44.117 25.938 2.787 -42.932 25.929 2.555 -42.768
3 16 38.158 15.374 -24.572 36.598 16.981 -29.247 38.524 16.929 -25.266
3 16 36.822 10.659 -20.202 35.587 8.859 -24.657 38.158 15.374 -24.572
3 16 36.822 10.659 -20.202 38.158 15.374 -24.572 38.578 15.95 -23.651
3 16 38.713 16.847 -24.275 38.158 15.374 -24.572 38.524 16.929 -25.266
3 16 38.713 16.847 -24.275 38.578 15.95 -23.651 38.158 15.374 -24.572
3 16 35.753 7.377 -18.065 35.587 8.859 -24.657 36.822 10.659 -20.202
4 16 34.99 6.505 -23.293 35.587 8.859 -24.657 35.753 7.377 -18.065 35.279 6.171 -19.139
3 16 35.753 7.377 -18.065 35.27 5.888 -16.793 35.292 5.975 -17.012
4 16 33.027 -3.519 -16.505 33.643 0.089 -19.1 34.708 4.062 -15.064 34.882 4.427 -13.329
3 16 32.375 -1.942 -21.163 33.027 -3.519 -16.505 32.225 -2.136 -21.469
4 16 34.817 7.109 -25.139 34.827 6.373 -23.811 33.604 3.912 -25.133 33.244 3.534 -26.125
4 16 35.587 8.859 -24.657 34.97 7.456 -25.044 34.181 6.629 -26.648 33.688 7.264 -28.973
4 16 33.688 7.264 -28.973 32.862 5.072 -28.73 32.446 4.548 -29.224 31.466 5.794 -33.032
3 16 30.898 -1.946 -26.83 30.92 -1.972 -26.678 30.805 -2.163 -26.858
3 16 22.028 -13.069 -30.689 25.372 -18.648 -12.335 22.582 -13.442 -31.871
4 16 16.398 -9.054 -52.46 17.981 -11.463 -48.409 15.508 -9.323 -54.673 15.915 -8.623 -53.684
3 16 15.183 -11.594 -55.393 21.849 -17.561 -38.501 22.289 -18.286 -37.372
4 16 17.843 1.7 -73.12 17.447 1.15 -73.073 16.396 0.026 -73.938 18.792 3.822 -75.589
4 16 31.754 -0.256 -26.002 33.244 3.534 -26.125 33.276 2.483 -24.05 31.911 -0.336 -25.136
3 16 34.526 4.252 -20.849 34.222 3.479 -21.538 34.451 4.383 -22.062
4 16 28.298 -1.591 -33.991 25.7 -0.865 -40.582 26.873 1.237 -39.669 28.73 -0.583 -33.86
3 16 31.178 5.122 -33.119 31.116 5.563 -33.634 31.466 5.794 -33.032
3 16 16.497 -3.089 -63.108 16.247 -3.33 -63.463 16.405 -3.121 -63.655
3 16 28.225 -13.264 8.773 27.172 -15.713 3.376 28.751 -6.177 -6.014
4 16 29.53 -27.434 15.945 29.697 -28.273 15.915 29.686 -28.245 15.507 29.462 -27.149 15.06
4 16 18.087 -0.14 -66.872 19.323 1.027 -65.072 16.405 -3.121 -63.655 15.944 -3.072 -66.298
3 16 20.999 3.491 -66.215 21.441 4.038 -66.1 21.046 3.477 -65.908
4 16 20.012 2.151 -65.995 20.035 2.115 -65.724 19.906 1.949 -65.735 19.92 2.155 -66.497
4 16 16.794 1.613 -77.672 16.6 1.2 -76.98 16.236 0.757 -77.181 16.152 0.66 -77.252
3 16 12.783 -4.339 -75.047 14.247 -2.166 -76.005 14.365 -2.191 -75.19
4 16 15.407 -0.659 -75.805 15.395 -0.591 -76.181 15.508 -0.453 -76.124 15.512 -0.632 -75.293
4 16 33.244 3.534 -26.125 33.413 4.954 -27.209 33.746 5.508 -26.768 34.817 7.109 -25.139
3 16 36.327 15.547 -28.721 36.453 15.812 -28.586 35.587 8.859 -24.657
3 16 28.194 9.053 -40.804 27.522 8.116 -41.567 27.091 10.874 -43.386
3 16 24.527 2.099 -45.771 24.736 2.71 -45.778 25.311 2.55 -44.117
3 16 23.07 3.173 -50.594 22.584 2.805 -51.538 22.694 3.277 -51.681
4 16 16.621 -5.755 -55.082 16.544 -5.793 -55.253 17.08 -2.885 -59.634 20.048 -0.763 -54.465
4 16 26.903 -24.19 -15.211 26.567 -22.972 -14.579 29.873 -29.459 14.097 29.957 -29.661 14.592
4 16 15.292 -8.585 -55.643 15.61 -8.608 -54.447 15.508 -9.323 -54.673 15.113 -8.777 -56.273
4 16 18.16 2.177 -69.452 16.291 -1.822 -68.031 16.479 -1.515 -68.457 18.315 2.185 -70.538
4 16 18.96 3.484 -71.269 19.788 5.153 -72.207 19.737 5.551 -70.651 18.911 3.453 -71.01
4 16 14.118 -0.28 -80.062 15.529 1.78 -80.961 16.43 1.66 -78.586 14.522 -0.521 -78.613
3 16 13.134 -1.717 -79.434 13.346 -1.866 -78.629 11.904 -3.514 -78.65
4 16 32.431 -0.3 -23.2 31.911 -0.336 -25.136 33.94 3.013 -21.977 33.949 1.882 -20.39
4 16 33.264 12.675 -33.285 33.788 13.238 -32.461 33.688 7.264 -28.973 32.959 12.301 -33.735
4 16 21.068 0.316 -53.198 21.049 0.394 -53.367 21.816 0.849 -51.893 21.316 0.144 -52.256
3 16 22.998 -2.68 -44.26 21.967 -3.485 -45.525 21.552 -3.652 -46.228
4 16 22.651 -8.582 -37.725 23.1 -5.37 -40.712 25.001 -3.685 -38.629 22.582 -13.442 -31.871
3 16 23.453 -15.608 -28.513 22.681 -13.838 -31.604 22.582 -13.442 -31.871
4 16 18.183 2.001 -70.932 18.313 2.233 -70.882 18.315 2.185 -70.538 16.801 -0.766 -69.496
4 16 18.901 3.532 -72.311 18.45 2.847 -73.292 18.792 3.822 -75.589 19.788 5.153 -72.207
4 16 34.526 4.133 -19.765 34.43 3.777 -18.956 34.222 3.479 -21.538 34.526 4.252 -20.849
3 16 36.598 16.981 -29.247 38.158 15.374 -24.572 36.453 15.812 -28.586
4 16 32.609 3.841 -28.095 32.792 4.109 -27.882 33.244 3.534 -26.125 31.602 2.192 -29.094
4 16 31.078 2.639 -30.913 30.68 2.926 -32.242 30.794 3.252 -32.266 31.369 3.09 -30.598
3 16 14.753 -5.039 -62.955 15.541 -4.265 -62.603 14.388 -5.792 -61.199
3 16 21.849 -17.561 -38.501 22.312 -17.912 -36.948 22.289 -18.286 -37.372
3 16 16.396 0.026 -73.938 18.043 2.694 -75.229 18.792 3.822 -75.589
3 16 32.792 4.109 -27.882 33.413 4.954 -27.209 33.244 3.534 -26.125
3 16 27.995 3.249 -38.794 27.789 3.487 -39.433 28.219 3.65 -38.62
4 16 29.324 7.333 -38.129 29.372 7.677 -38.196 29.986 8.782 -37.472 31.116 5.563 -33.634
3 16 30.699 14.364 -38.687 30.907 12.036 -37.151 29.925 11.019 -38.666
3 16 22.096 0.701 -50.899 23.324 1.407 -48.308 23.014 0.302 -48.272
4 16 15.152 -6.766 -57.255 14.388 -5.792 -61.199 17.08 -2.885 -59.634 15.694 -6.376 -56.559
3 16 29.957 -29.661 14.592 29.873 -29.459 14.097 29.911 -29.524 14.388
3 16 13.779 -8.959 -61.233 14.388 -5.792 -61.199 15.152 -6.766 -57.255
4 16 16.291 -1.822 -68.031 18.146 1.047 -68.195 18.035 -0.097 -67.083 16.357 -2.257 -67.428
4 16 14.782 -0.488 -78.09 14.522 -0.521 -78.613 16.43 1.66 -78.586 16.152 0.66 -77.252
3 16 18.153 3.63 -78.561 17.635 2.861 -78.222 17.491 2.873 -78.57
4 16 34.024 3.646 -22.736 34.016 3.757 -22.968 34.279 4.213 -22.555 34.222 3.479 -21.538
4 16 33.688 7.264 -28.973 33.788 13.238 -32.461 35.219 14.589 -30.482 36.091 15.287 -29.199
3 16 21.816 0.849 -51.893 22.193 1.117 -51.025 22.096 0.701 -50.899
4 16 22.998 -2.68 -44.26 22.156 -2.953 -45.805 22.285 -2.801 -45.716 23.814 -1.524 -43.974
4 16 22.351 0.173 -49.602 22.575 0.461 -49.486 23.014 0.302 -48.272 21.717 -1.924 -48.198
4 16 25.925 -20.651 -13.374 26.199 -21.64 -13.888 25.973 -21.249 -15.617 25.265 -19.781 -19.836
4 16 25.372 -18.648 -12.335 25.648 -19.646 -12.853 23.453 -15.608 -28.513 22.582 -13.442 -31.871
4 16 15.907 2.922 -82.74 14.927 2.147 -83.827 15.157 4.036 -88.026 17.612 4.823 -82.289
4 16 33.949 1.882 -20.39 34.225 3.36 -21.039 34.43 3.777 -18.956 34.333 3.238 -18.644
4 16 31.466 5.794 -33.032 31.06 10.326 -36.023 31.338 10.659 -35.711 32.959 12.301 -33.735
3 16 13.346 -4.805 -71.836 14.643 -3.845 -69.518 13.774 -5.211 -67.466
3 16 14.388 -5.792 -61.199 14.191 -5.605 -63.213 14.753 -5.039 -62.955
4 16 12.865 -0.32 -84.307 12.828 -1.37 -81.313 11.904 -3.514 -78.65 12.426 0.769 -89.354
3 16 15.157 4.036 -88.026 13.533 0.266 -83.344 13.172 0.752 -86.267
3 16 15.157 4.036 -88.026 13.172 0.752 -86.267 13.116 0.748 -86.481
3 16 13.08 0.66 -86.367 12.865 -0.32 -84.307 12.426 0.769 -89.354
3 16 12.426 0.769 -89.354 15.157 4.036 -88.026 13.116 0.748 -86.481
3 16 13.346 -1.866 -78.629 13.75 -2.13 -77.2 11.904 -3.514 -78.65
3 16 19.737 5.551 -70.651 19.506 3.612 -68.837 18.793 3.531 -69.933
4 16 21.277 3.396 -64.143 21.046 3.477 -65.908 21.441 4.038 -66.1 22.143 3.927 -61.342
3 16 19.323 1.027 -65.072 20.145 1.837 -63.821 16.405 -3.121 -63.655
4 16 22.143 3.927 -61.342 16.405 -3.121 -63.655 20.145 1.837 -63.821 20.266 1.979 -63.743
3 16 22.143 3.927 -61.342 21.28 3.353 -63.928 21.277 3.396 -64.143
3 16 22.143 3.927 -61.342 21.195 3.216 -63.809 21.28 3.353 -63.928
4 16 18.304 -1.194 -60.323 16.497 -3.089 -63.108 16.405 -3.121 -63.655 22.143 3.927 -61.342
3 16 17.08 -2.885 -59.634 16.742 -3.003 -61.65 18.168 -1.372 -60.31
3 16 17.08 -2.885 -59.634 18.168 -1.372 -60.31 18.399 -1.101 -60.144
3 16 22.143 3.927 -61.342 17.08 -2.885 -59.634 18.399 -1.101 -60.144
3 16 13.346 -4.805 -71.836 13.774 -5.211 -67.466 13.756 -6.236 -65.926
3 16 13.346 -4.805 -71.836 13.756 -6.236 -65.926 13.763 -6.31 -65.748
4 16 14.074 -6.085 -63.431 14.191 -5.605 -63.213 14.388 -5.792 -61.199 13.779 -8.959 -61.233
3 16 13.346 -4.805 -71.836 13.763 -6.31 -65.748 13.779 -8.959 -61.233
3 16 13.763 -6.31 -65.748 13.786 -6.329 -65.517 13.779 -8.959 -61.233
3 16 14.074 -6.085 -63.431 13.779 -8.959 -61.233 14.024 -6.243 -63.599
3 16 13.786 -6.329 -65.517 13.997 -6.272 -63.784 13.779 -8.959 -61.233
4 16 26.27 -21.18 -9.446 28.492 -26.143 5.991 26.199 -21.64 -13.888 25.925 -20.651 -13.374
3 16 25.648 -19.646 -12.853 25.372 -18.648 -12.335 26.332 -21.06 -7.367
3 16 25.372 -18.648 -12.335 28.492 -26.143 5.991 26.332 -21.06 -7.367
3 16 26.27 -21.18 -9.446 26.372 -21.211 -7.483 28.492 -26.143 5.991
3 16 26.332 -21.06 -7.367 28.492 -26.143 5.991 26.377 -21.185 -7.221
3 16 29.267 -26.162 15.244 28.443 -24.39 9.877 29.117 -25.4 15.386
3 16 29.117 -25.4 15.386 28.443 -24.39 9.877 25.372 -18.648 -12.335
4 16 29.348 -27.276 13.368 28.91 -25.977 11.424 29.462 -27.149 15.06 29.66 -28.154 14.873
4 16 28.853 -26.028 10.611 28.812 -25.869 10.526 28.865 -25.908 11.06 28.91 -25.977 11.424
3 16 29.348 -27.276 13.368 28.853 -26.028 10.611 28.91 -25.977 11.424
3 16 25.372 -18.648 -12.335 28.443 -24.39 9.877 28.277 -24.941 6.475
4 16 28.492 -26.143 5.991 25.372 -18.648 -12.335 28.277 -24.941 6.475 28.323 -25.103 6.617
4 16 28.492 -26.143 5.991 28.599 -25.87 7.968 29.348 -27.276 13.368 29.66 -28.154 14.873
3 16 28.544 -25.735 7.652 28.492 -26.143 5.991 28.323 -25.103 6.617
4 16 29.974 -29.526 17.98 30.321 -30.766 25.644 29.957 -29.661 14.592 29.93 -29.524 14.617
3 16 29.494 -27.113 18.126 29.267 -26.162 15.244 29.117 -25.4 15.386
3 16 29.494 -27.113 18.126 29.117 -25.4 15.386 30.321 -30.766 25.644
3 16 30.321 -30.766 25.644 29.974 -29.526 17.98 29.967 -29.473 18.235
3 16 30.321 -30.766 25.644 29.967 -29.473 18.235 29.946 -29.36 18.392
3 16 29.871 -28.97 18.599 29.494 -27.113 18.126 30.321 -30.766 25.644
3 16 30.321 -30.766 25.644 29.946 -29.36 18.392 29.92 -29.219 18.519
3 16 26.996 -3.926 -26.495 25.766 -12.293 -17.547 25.183 -11.762 -20.665
3 16 26.996 -3.926 -26.495 25.183 -11.762 -20.665 25.118 -11.797 -20.856
3 16 25.25 -15.636 -14.066 25.28 -15.596 -14.015 24.967 -17.724 -11.739
4 16 23.293 -13.739 -24.716 25.25 -15.636 -14.066 24.967 -17.724 -11.739 22.028 -13.069 -30.689
4 16 23.407 -13.429 -24.781 22.028 -13.069 -30.689 26.996 -3.926 -26.495 25.118 -11.797 -20.856
3 16 23.326 -13.522 -24.944 22.028 -13.069 -30.689 23.407 -13.429 -24.781
3 16 26.58 -13.5 -11.341 24.967 -17.724 -11.739 25.28 -15.596 -14.015
4 16 30.115 -6.309 -6.744 26.599 -13.309 -11.589 25.766 -12.293 -17.547 26.996 -3.926 -26.495
3 16 30.115 -6.309 -6.744 24.967 -17.724 -11.739 26.58 -13.5 -11.341
4 16 28.751 -6.177 -6.014 27.172 -15.713 3.376 27.133 -15.769 3.251 26.164 -14.064 -5.874
3 16 26.889 -17.427 5.065 26.434 -20.173 7.769 26.636 -17.93 4.554
3 16 26.636 -17.93 4.554 26.434 -20.173 7.769 26.522 -18.14 4.286
3 16 26.164 -14.064 -5.874 25.992 -14.294 -6.446 28.751 -6.177 -6.014
4 16 28.751 -6.177 -6.014 25.992 -14.294 -6.446 25.143 -15.639 -8.85 24.461 -16.636 -10.945
3 16 25.057 -15.809 -9.029 24.461 -16.636 -10.945 25.143 -15.639 -8.85
4 16 28.225 -13.264 8.773 28.751 -6.177 -6.014 30.925 -6.928 13.317 28.356 -13.051 9.244
3 16 28.331 -13.177 9.381 28.185 -13.804 9.9 28.213 -13.432 9.123
3 16 28.185 -13.804 9.9 28.331 -13.177 9.381 30.925 -6.928 13.317
3 16 25.001 -3.685 -38.629 25.529 -6.145 -31.852 22.582 -13.442 -31.871
3 16 22.582 -13.442 -31.871 25.529 -6.145 -31.852 27.56 -3.691 -27.203
4 16 26.188 -2.862 -34.814 25.67 -0.987 -40.498 25.7 -0.865 -40.582 27.56 -3.691 -27.203
3 16 25.612 -5.926 -31.871 27.56 -3.691 -27.203 25.529 -6.145 -31.852
3 16 27.56 -3.691 -27.203 26.19 -2.944 -34.655 26.188 -2.862 -34.814
3 16 15.84 -3.943 -62.422 16.742 -3.003 -61.65 17.08 -2.885 -59.634
3 16 16.405 -3.121 -63.655 16.247 -3.33 -63.463 15.214 -4.182 -64.714
3 16 19.794 1.918 -59.08 20.865 1.352 -55.274 20.759 1.278 -55.463
3 16 19.794 1.918 -59.08 20.759 1.278 -55.463 19.582 -0.281 -56.465
3 16 19.522 -0.466 -56.363 20.048 -0.763 -54.465 17.08 -2.885 -59.634
3 16 22.584 2.805 -51.538 20.865 1.352 -55.274 22.694 3.277 -51.681
3 16 22.096 0.701 -50.899 22.193 1.117 -51.025 23.324 1.407 -48.308
3 16 25.311 2.55 -44.117 25.7 -0.865 -40.582 25.624 -0.776 -40.842
3 16 25.7 -0.865 -40.582 25.641 -0.839 -40.75 25.624 -0.776 -40.842
4 16 23.896 -0.081 -45.747 24.527 2.099 -45.771 25.311 2.55 -44.117 25.393 -0.732 -41.46
3 16 25.311 2.55 -44.117 25.523 -0.705 -41.152 25.393 -0.732 -41.46
4 16 23.07 3.173 -50.594 22.694 3.277 -51.681 24.448 6.428 -47.75 24.29 4.359 -47.545
3 16 25.311 2.55 -44.117 24.736 2.71 -45.778 24.8 3.298 -45.784
3 16 25.311 2.55 -44.117 24.8 3.298 -45.784 24.808 3.483 -45.82
3 16 24.448 6.428 -47.75 24.387 4.365 -47.275 24.29 4.359 -47.545
4 16 24.767 3.664 -45.991 24.448 6.428 -47.75 25.311 2.55 -44.117 24.808 3.483 -45.82
3 16 27.091 10.874 -43.386 27.522 8.116 -41.567 26.783 6.662 -42.559
4 16 26.266 4.802 -42.962 26.809 6.465 -42.438 27.929 5.505 -39.844 27.789 3.487 -39.433
3 16 27.789 3.487 -39.433 27.929 5.505 -39.844 28.219 3.65 -38.62
4 16 26.173 4.761 -43.136 25.311 2.55 -44.117 27.091 10.874 -43.386 26.783 6.662 -42.559
3 16 25.938 2.787 -42.932 25.311 2.55 -44.117 25.95 2.964 -42.968
3 16 25.95 2.964 -42.968 25.311 2.55 -44.117 26.173 4.761 -43.136
4 16 29.082 1.896 -35.162 27.995 3.249 -38.794 28.219 3.65 -38.62 29.301 4.364 -36.758
3 16 29.082 1.896 -35.162 29.301 4.364 -36.758 29.758 3.802 -35.238
4 16 29.214 2.003 -34.951 29.78 3.664 -35.07 29.745 3.059 -34.637 29.599 2.608 -34.588
4 16 28.995 -0.898 -32.855 30.898 -1.946 -26.83 30.805 -2.163 -26.858 28.298 -1.591 -33.991
3 16 30.907 12.036 -37.151 30.699 14.364 -38.687 31.77 12.784 -36.036
3 16 34.812 14.978 -31.523 33.805 14.238 -33.045 33.837 16.13 -34.149
3 16 36.453 15.812 -28.586 36.415 15.846 -28.734 36.598 16.981 -29.247
4 16 25.929 2.555 -42.768 26.873 1.237 -39.669 25.7 -0.865 -40.582 25.311 2.55 -44.117
3 16 34.75 4.237 -14.976 34.791 4.346 -14.921 34.882 4.427 -13.329
3 16 34.791 4.346 -14.921 34.845 4.514 -15.069 34.882 4.427 -13.329
3 16 35.279 6.171 -19.139 35.753 7.377 -18.065 35.299 6.021 -17.273
3 16 35.299 6.021 -17.273 35.753 7.377 -18.065 35.292 5.975 -17.012
4 16 35.27 5.888 -16.793 35.753 7.377 -18.065 34.882 4.427 -13.329 34.845 4.514 -15.069
3 16 34.708 4.062 -15.064 34.75 4.237 -14.976 34.882 4.427 -13.329
4 16 32.1 -2.21 -21.843 33.027 -3.519 -16.505 30.805 -2.163 -26.858 30.92 -1.972 -26.678
3 16 33.027 -3.519 -16.505 32.375 -1.942 -21.163 33.643 0.089 -19.1
3 16 32.225 -2.136 -21.469 33.027 -3.519 -16.505 32.1 -2.21 -21.843
4 16 35.058 7.51 -24.732 35.587 8.859 -24.657 34.99 6.505 -23.293 34.955 6.52 -23.479
3 16 34.955 6.52 -23.479 34.903 6.495 -23.673 35.058 7.51 -24.732
3 16 35.058 7.51 -24.732 34.97 7.456 -25.044 35.587 8.859 -24.657
4 16 34.827 6.373 -23.811 34.817 7.109 -25.139 35.058 7.51 -24.732 34.903 6.495 -23.673
3 16 33.491 3.52 -24.968 33.244 3.534 -26.125 33.604 3.912 -25.133
3 16 33.513 5.792 -27.849 33.688 7.264 -28.973 33.683 6.025 -27.565
3 16 34.181 6.629 -26.648 33.683 6.025 -27.565 33.688 7.264 -28.973
3 16 33.513 5.792 -27.849 32.862 5.072 -28.73 33.688 7.264 -28.973
3 16 15.61 -8.608 -54.447 15.915 -8.623 -53.684 15.508 -9.323 -54.673
3 16 16.398 -9.054 -52.46 17.979 -11.319 -48.418 17.981 -11.463 -48.409
3 16 17.447 1.15 -73.073 17.843 1.7 -73.12 17.596 1.336 -73.027
3 16 33.266 2.364 -23.879 33.94 3.013 -21.977 31.911 -0.336 -25.136
3 16 31.911 -0.336 -25.136 33.276 2.483 -24.05 33.266 2.364 -23.879
3 16 31.672 -0.138 -26.598 33.244 3.534 -26.125 31.754 -0.256 -26.002
3 16 33.491 3.52 -24.968 33.276 2.483 -24.05 33.244 3.534 -26.125
3 16 29.66 -28.154 14.873 29.462 -27.149 15.06 29.686 -28.245 15.507
4 16 29.697 -28.273 15.915 29.53 -27.434 15.945 29.584 -27.686 16.225 29.661 -28.071 16.246
4 16 18.087 -0.14 -66.872 15.944 -3.072 -66.298 16.357 -2.257 -67.428 18.084 -0.119 -66.977
3 16 19.145 1.195 -66.7 19.92 2.155 -66.497 19.906 1.949 -65.735
3 16 16.868 1.584 -77.096 16.6 1.2 -76.98 16.794 1.613 -77.672
3 16 15.512 -0.632 -75.293 15.508 -0.453 -76.124 16.458 0.652 -75.378
4 16 35.587 8.859 -24.657 33.688 7.264 -28.973 36.091 15.287 -29.199 36.327 15.547 -28.721
4 16 27.091 10.874 -43.386 30.699 14.364 -38.687 29.925 11.019 -38.666 28.194 9.053 -40.804
4 16 20.048 -0.763 -54.465 20.632 -1.204 -51.641 17.397 -5.415 -53.281 16.621 -5.755 -55.082
3 16 16.18 -6.065 -55.862 17.08 -2.885 -59.634 16.544 -5.793 -55.253
3 16 16.714 -5.788 -54.71 17.397 -5.415 -53.281 16.824 -5.936 -54.04
3 16 16.621 -5.755 -55.082 17.397 -5.415 -53.281 16.714 -5.788 -54.71
3 16 18.793 3.531 -69.933 18.911 3.453 -71.01 19.737 5.551 -70.651
3 16 33.94 3.013 -21.977 34.179 3.225 -21.356 33.949 1.882 -20.39
3 16 32.227 -0.464 -23.753 31.911 -0.336 -25.136 32.431 -0.3 -23.2
3 16 32.959 12.301 -33.735 33.688 7.264 -28.973 31.466 5.794 -33.032
3 16 22.096 0.701 -50.899 21.316 0.144 -52.256 21.816 0.849 -51.893
3 16 21.967 -3.485 -45.525 22.998 -2.68 -44.26 22.459 -3.477 -44.456
4 16 22.582 -13.442 -31.871 21.724 -12.416 -35.019 21.727 -11.928 -35.615 22.651 -8.582 -37.725
3 16 21.727 -11.928 -35.615 21.724 -12.416 -35.019 21.692 -12.203 -35.352
4 16 24.627 -3.146 -40.113 25.001 -3.685 -38.629 23.1 -5.37 -40.712 23.949 -3.269 -41.447
4 16 23.33 -3.901 -42.023 23.785 -3.333 -41.729 23.949 -3.269 -41.447 23.076 -4.408 -41.954
3 16 23.63 -3.461 -41.91 23.785 -3.333 -41.729 23.33 -3.901 -42.023
3 16 23.158 -4.177 -42.06 23.33 -3.901 -42.023 23.076 -4.408 -41.954
3 16 23.076 -4.408 -41.954 23.949 -3.269 -41.447 23.1 -5.37 -40.712
4 16 22.681 -13.838 -31.604 23.453 -15.608 -28.513 22.92 -14.945 -31.086 22.804 -14.543 -31.446
3 16 16.801 -0.766 -69.496 18.315 2.185 -70.538 16.479 -1.515 -68.457
3 16 18.29 2.21 -71.016 18.313 2.233 -70.882 18.183 2.001 -70.932
3 16 18.96 3.484 -71.269 18.982 3.622 -71.916 19.788 5.153 -72.207
3 16 18.982 3.622 -71.916 18.964 3.617 -72.102 19.788 5.153 -72.207
3 16 17.843 1.7 -73.12 18.792 3.822 -75.589 18.343 2.678 -73.48
3 16 18.343 2.678 -73.48 18.792 3.822 -75.589 18.45 2.847 -73.292
3 16 19.788 5.153 -72.207 18.964 3.617 -72.102 18.901 3.532 -72.311
3 16 34.43 3.777 -18.956 34.526 4.133 -19.765 34.502 4.025 -19.372
3 16 36.453 15.812 -28.586 38.158 15.374 -24.572 35.587 8.859 -24.657
4 16 31.602 2.192 -29.094 33.244 3.534 -26.125 31.672 -0.138 -26.598 30.794 0.429 -29.462
4 16 30.952 0.983 -29.598 31.602 2.192 -29.094 30.794 0.429 -29.462 30.737 0.543 -29.725
4 16 31.466 5.794 -33.032 32.446 4.548 -29.224 31.369 3.09 -30.598 31.178 5.122 -33.119
4 16 31.078 2.639 -30.913 30.219 1.195 -31.729 30.574 2.714 -32.309 30.68 2.926 -32.242
4 16 29.917 1.521 -32.843 30.219 1.195 -31.729 29.964 1.063 -32.266 29.812 1.163 -32.763
3 16 30.869 3.562 -32.378 31.178 5.122 -33.119 31.369 3.09 -30.598
3 16 30.794 3.252 -32.266 30.869 3.562 -32.378 31.369 3.09 -30.598
3 16 30.219 1.195 -31.729 29.917 1.521 -32.843 30.574 2.714 -32.309
4 16 16.458 0.652 -75.378 16.396 0.026 -73.938 15.968 -0.413 -74.275 15.714 -0.601 -74.668
3 16 15.834 -0.533 -74.427 15.714 -0.601 -74.668 15.968 -0.413 -74.275
3 16 15.714 -0.601 -74.668 15.512 -0.632 -75.293 16.458 0.652 -75.378
3 16 16.458 0.652 -75.378 16.729 0.985 -75.311 16.396 0.026 -73.938
3 16 16.729 0.985 -75.311 18.043 2.694 -75.229 16.396 0.026 -73.938
3 16 18.039 2.763 -75.426 18.015 2.767 -75.519 18.792 3.822 -75.589
3 16 18.043 2.694 -75.229 18.039 2.763 -75.426 18.792 3.822 -75.589
4 16 31.06 10.326 -36.023 31.466 5.794 -33.032 31.116 5.563 -33.634 29.986 8.782 -37.472
3 16 29.324 7.333 -38.129 29.289 7.496 -38.278 29.372 7.677 -38.196
3 16 17.08 -2.885 -59.634 16.18 -6.065 -55.862 15.694 -6.376 -56.559
3 16 29.957 -29.661 14.592 29.911 -29.524 14.388 29.93 -29.524 14.617
4 16 18.225 1.219 -68.257 18.16 2.177 -69.452 19.92 2.155 -66.497 18.853 1.046 -67.016
4 16 18.853 1.046 -67.016 19.92 2.155 -66.497 19.145 1.195 -66.7 18.969 1.073 -66.855
4 16 18.146 1.047 -68.195 16.291 -1.822 -68.031 18.16 2.177 -69.452 18.225 1.219 -68.257
3 16 18.084 -0.119 -66.977 16.357 -2.257 -67.428 18.035 -0.097 -67.083
3 16 16.152 0.66 -77.252 16.43 1.66 -78.586 16.794 1.613 -77.672
4 16 14.782 -0.488 -78.09 14.668 -0.565 -78.196 14.598 -0.564 -78.357 14.522 -0.521 -78.613
3 16 34.222 3.479 -21.538 34.279 4.213 -22.555 34.451 4.383 -22.062
3 16 24.153 -1.221 -43.616 23.896 -0.081 -45.747 25.393 -0.732 -41.46
3 16 24.042 -1.284 -43.781 23.896 -0.081 -45.747 24.153 -1.221 -43.616
4 16 23.814 -1.524 -43.974 22.285 -2.801 -45.716 23.896 -0.081 -45.747 24.042 -1.284 -43.781
4 16 22.156 -2.953 -45.805 22.998 -2.68 -44.26 21.552 -3.652 -46.228 21.412 -3.545 -46.69
3 16 21.412 -3.545 -46.69 21.552 -3.652 -46.228 21.164 -3.811 -46.895
4 16 21.717 -1.924 -48.198 17.397 -5.415 -53.281 20.882 -1.292 -50.952 21.057 -1.144 -50.757
3 16 20.632 -1.204 -51.641 20.795 -1.278 -51.171 17.397 -5.415 -53.281
3 16 20.795 -1.278 -51.171 20.882 -1.292 -50.952 17.397 -5.415 -53.281
4 16 21.626 -0.11 -50.865 21.518 -0.051 -51.192 22.096 0.701 -50.899 22.575 0.461 -49.486
3 16 21.057 -1.144 -50.757 22.351 0.173 -49.602 21.717 -1.924 -48.198
3 16 22.096 0.701 -50.899 23.014 0.302 -48.272 22.575 0.461 -49.486
3 16 14.497 0.957 -82.089 14.118 -0.28 -80.062 13.533 0.266 -83.344
4 16 13.533 0.266 -83.344 15.157 4.036 -88.026 14.927 2.147 -83.827 14.497 0.957 -82.089
3 16 16.076 3.008 -82.429 17.612 4.823 -82.289 16.347 2.975 -81.482
3 16 15.907 2.922 -82.74 17.612 4.823 -82.289 16.076 3.008 -82.429
4 16 14.497 0.957 -82.089 15.186 1.844 -82.215 15.529 1.78 -80.961 14.118 -0.28 -80.062
3 16 34.222 3.479 -21.538 34.43 3.777 -18.956 34.234 3.48 -21.325
4 16 34.333 3.238 -18.644 34.43 3.777 -18.956 34.42 3.693 -18.815 34.387 3.457 -18.511
3 16 34.225 3.36 -21.039 34.234 3.48 -21.325 34.43 3.777 -18.956
3 16 33.949 1.882 -20.39 34.179 3.225 -21.356 34.198 3.276 -21.208
3 16 33.949 1.882 -20.39 34.198 3.276 -21.208 34.225 3.36 -21.039

0 // Metallic_Gold
4 82 21.378 -5.583 -44.223 21.171 -5.614 -44.639 21.722 -4.942 -44.261 21.884 -5.176 -43.616
4 82 19.643 -9.15 -43.615 20.439 -8.94 -42.132 19.649 -10.172 -42.34 19.437 -9.478 -43.663
4 82 20.498 -7.734 -43.491 21.264 -7.47 -42.139 20.917 -8.138 -42.076 20.086 -8.436 -43.529
4 82 20.086 -8.436 -43.529 20.917 -8.138 -42.076 20.439 -8.94 -42.132 19.643 -9.15 -43.615
4 82 21.022 -6.609 -43.735 21.782 -6.189 -42.587 21.562 -6.81 -42.303 20.789 -7.164 -43.56
4 82 20.789 -7.164 -43.56 21.562 -6.81 -42.303 21.264 -7.47 -42.139 20.498 -7.734 -43.491
4 82 21.308 -5.925 -43.953 21.94 -5.343 -43.287 21.979 -5.586 -42.902 21.782 -6.189 -42.587
4 82 21.884 -5.176 -43.616 21.94 -5.343 -43.287 21.308 -5.925 -43.953 21.378 -5.583 -44.223
4 82 21.171 -5.614 -44.639 21.358 -4.786 -45.252 21.501 -4.81 -44.908 21.722 -4.942 -44.261
4 82 20.801 -5.946 -45.039 20.695 -5.397 -45.949 21.03 -5.069 -45.62 21.171 -5.614 -44.639
3 82 21.171 -5.614 -44.639 21.03 -5.069 -45.62 21.358 -4.786 -45.252
4 82 20.398 -6.416 -45.341 20.023 -6.147 -46.494 20.358 -5.76 -46.238 20.695 -5.397 -45.949
4 82 19.198 -8.02 -45.989 19.038 -7.398 -47.108 19.365 -6.978 -46.911 19.59 -7.468 -45.811
4 82 19.59 -7.468 -45.811 19.365 -6.978 -46.911 19.694 -6.563 -46.702 19.996 -6.918 -45.601
4 82 19.996 -6.918 -45.601 19.694 -6.563 -46.702 20.023 -6.147 -46.494 20.398 -6.416 -45.341
3 82 21.308 -5.925 -43.953 21.782 -6.189 -42.587 21.022 -6.609 -43.735
3 82 20.695 -5.397 -45.949 20.801 -5.946 -45.039 20.398 -6.416 -45.341

0 // Dark_Green
4 288 18.29 2.21 -71.016 18.183 2.001 -70.932 17.843 1.7 -73.12 18.45 2.847 -73.292
3 288 15.718 -3.048 -67.595 16.479 -1.515 -68.457 16.291 -1.822 -68.031
3 288 15.718 -3.048 -67.595 16.357 -2.257 -67.428 15.944 -3.072 -66.298
3 288 15.762 -7.542 -54.109 13.779 -8.959 -61.233 15.152 -6.766 -57.255
4 288 21.849 -17.561 -38.501 15.762 -7.542 -54.109 22.582 -13.442 -31.871 22.312 -17.912 -36.948
3 288 17.979 -11.319 -48.418 15.762 -7.542 -54.109 21.849 -17.561 -38.501
4 288 15.694 -6.376 -56.559 16.18 -6.065 -55.862 15.762 -7.542 -54.109 15.152 -6.766 -57.255
4 288 14.753 -5.039 -62.955 14.191 -5.605 -63.213 13.774 -5.211 -67.466 15.718 -3.048 -67.595
4 288 18.304 -1.194 -60.323 18.168 -1.372 -60.31 16.742 -3.003 -61.65 16.497 -3.089 -63.108
4 288 17.447 1.15 -73.073 17.596 1.336 -73.027 15.718 -3.048 -67.595 15.197 -2.313 -71.818
4 288 31.672 -0.138 -26.598 31.754 -0.256 -26.002 30.92 -1.972 -26.678 30.898 -1.946 -26.83
4 288 33.94 3.013 -21.977 33.276 2.483 -24.05 33.491 3.52 -24.968 34.222 3.479 -21.538
4 288 34.526 4.252 -20.849 34.451 4.383 -22.062 34.99 6.505 -23.293 35.279 6.171 -19.139
4 288 31.178 5.122 -33.119 29.745 3.059 -34.637 29.78 3.664 -35.07 31.116 5.563 -33.634
4 288 15.84 -3.943 -62.422 16.247 -3.33 -63.463 16.497 -3.089 -63.108 16.742 -3.003 -61.65
4 288 28.225 -13.264 8.773 28.213 -13.432 9.123 26.889 -17.427 5.065 27.172 -15.713 3.376
4 288 29.661 -28.071 16.246 29.584 -27.686 16.225 29.494 -27.113 18.126 29.871 -28.97 18.599
4 288 14.191 -5.605 -63.213 13.786 -6.329 -65.517 13.756 -6.236 -65.926 13.774 -5.211 -67.466
4 288 21.046 3.477 -65.908 20.035 2.115 -65.724 20.012 2.151 -65.995 20.999 3.491 -66.215
4 288 14.365 -2.191 -75.19 14.247 -2.166 -76.005 15.407 -0.659 -75.805 15.512 -0.632 -75.293
4 288 33.683 6.025 -27.565 33.746 5.508 -26.768 33.413 4.954 -27.209 33.513 5.792 -27.849
4 288 36.415 15.846 -28.734 36.453 15.812 -28.586 36.327 15.547 -28.721 36.214 15.698 -29.211
4 288 27.929 5.505 -39.844 27.522 8.116 -41.567 28.194 9.053 -40.804 28.544 5.056 -38.629
4 288 23.457 1.919 -48.427 24.736 2.71 -45.778 24.527 2.099 -45.771 23.439 1.751 -48.32
4 288 20.632 -1.204 -51.641 20.048 -0.763 -54.465 21.316 0.144 -52.256 21.518 -0.051 -51.192
4 288 16.714 -5.788 -54.71 16.824 -5.936 -54.04 15.762 -7.542 -54.109 16.544 -5.793 -55.253
4 288 26.332 -21.06 -7.367 26.372 -21.211 -7.483 26.27 -21.18 -9.446 25.648 -19.646 -12.853
4 288 26.567 -22.972 -14.579 26.199 -21.64 -13.888 28.492 -26.143 5.991 29.873 -29.459 14.097
4 288 15.113 -8.777 -56.273 13.779 -8.959 -61.233 15.762 -7.542 -54.109 15.292 -8.585 -55.643
4 288 18.315 2.185 -70.538 18.911 3.453 -71.01 18.793 3.531 -69.933 18.16 2.177 -69.452
4 288 16.43 1.66 -78.586 15.529 1.78 -80.961 16.347 2.975 -81.482 17.491 2.873 -78.57
4 288 13.134 -1.717 -79.434 14.118 -0.28 -80.062 14.522 -0.521 -78.613 13.346 -1.866 -78.629
4 288 32.227 -0.464 -23.753 32.431 -0.3 -23.2 32.1 -2.21 -21.843 30.92 -1.972 -26.678
3 288 34.222 3.479 -21.538 34.179 3.225 -21.356 33.94 3.013 -21.977
4 288 33.788 13.238 -32.461 33.264 12.675 -33.285 33.308 13.823 -33.9 33.805 14.238 -33.045
4 288 20.865 1.352 -55.274 21.049 0.394 -53.367 20.048 -0.763 -54.465 20.759 1.278 -55.463
3 288 21.692 -12.203 -35.352 21.724 -12.416 -35.019 21.027 -11.621 -37.53
4 288 19.038 -7.398 -47.108 15.762 -7.542 -54.109 18.765 -6.818 -48.422 18.892 -7.002 -47.917
4 288 25.118 -11.797 -20.856 25.183 -11.762 -20.665 25.766 -12.293 -17.547 25.25 -15.636 -14.066
3 288 22.804 -14.543 -31.446 22.92 -14.945 -31.086 22.312 -17.912 -36.948
4 288 12.865 -0.32 -84.307 13.172 0.752 -86.267 13.533 0.266 -83.344 12.828 -1.37 -81.313
4 288 35.299 6.021 -17.273 35.27 5.888 -16.793 34.43 3.777 -18.956 35.279 6.171 -19.139
4 288 28.995 -0.898 -32.855 29.964 1.063 -32.266 30.219 1.195 -31.729 30.737 0.543 -29.725
4 288 24.767 3.664 -45.991 24.8 3.298 -45.784 24.736 2.71 -45.778 24.387 4.365 -47.275
3 288 15.214 -4.182 -64.714 14.753 -5.039 -62.955 15.718 -3.048 -67.595
4 288 28.213 -13.432 9.123 28.225 -13.264 8.773 28.356 -13.051 9.244 28.331 -13.177 9.381
4 288 21.277 3.396 -64.143 21.195 3.216 -63.809 20.266 1.979 -63.743 21.046 3.477 -65.908
4 288 15.714 -0.601 -74.668 15.834 -0.533 -74.427 14.953 -2.259 -72.944 14.365 -2.191 -75.19
4 288 18.015 2.767 -75.519 18.043 2.694 -75.229 16.729 0.985 -75.311 16.458 0.652 -75.378
4 288 32.862 5.072 -28.73 33.413 4.954 -27.209 32.792 4.109 -27.882 32.446 4.548 -29.224
4 288 25.929 2.555 -42.768 25.938 2.787 -42.932 27.789 3.487 -39.433 26.873 1.237 -39.669
3 288 29.925 11.019 -38.666 29.372 7.677 -38.196 29.289 7.496 -38.278
4 288 23.324 1.407 -48.308 24.527 2.099 -45.771 23.896 -0.081 -45.747 23.014 0.302 -48.272
4 288 25.641 -0.839 -40.75 25.393 -0.732 -41.46 25.523 -0.705 -41.152 25.624 -0.776 -40.842
4 288 26.636 -17.93 4.554 27.133 -15.769 3.251 27.172 -15.713 3.376 26.889 -17.427 5.065
4 288 29.66 -28.154 14.873 29.911 -29.524 14.388 29.873 -29.459 14.097 28.492 -26.143 5.991
3 288 28.812 -25.869 10.526 28.443 -24.39 9.877 28.865 -25.908 11.06
4 288 19.506 3.612 -68.837 19.92 2.155 -66.497 18.16 2.177 -69.452 18.793 3.531 -69.933
3 288 16.357 -2.257 -67.428 15.718 -3.048 -67.595 16.291 -1.822 -68.031
4 288 18.146 1.047 -68.195 18.225 1.219 -68.257 18.853 1.046 -67.016 18.035 -0.097 -67.083
4 288 13.75 -2.13 -77.2 14.668 -0.565 -78.196 14.782 -0.488 -78.09 14.247 -2.166 -76.005
4 288 17.491 2.873 -78.57 17.635 2.861 -78.222 16.794 1.613 -77.672 16.43 1.66 -78.586
3 288 35.058 7.51 -24.732 34.817 7.109 -25.139 34.97 7.456 -25.044
4 288 34.827 6.373 -23.811 34.99 6.505 -23.293 34.279 4.213 -22.555 34.016 3.757 -22.968
4 288 34.812 14.978 -31.523 35.219 14.589 -30.482 33.788 13.238 -32.461 33.805 14.238 -33.045
4 288 25.95 2.964 -42.968 26.266 4.802 -42.962 27.789 3.487 -39.433 25.938 2.787 -42.932
4 288 27.522 8.116 -41.567 27.929 5.505 -39.844 26.809 6.465 -42.438 26.783 6.662 -42.559
4 288 21.816 0.849 -51.893 20.865 1.352 -55.274 22.584 2.805 -51.538 22.193 1.117 -51.025
4 288 22.998 -2.68 -44.26 24.153 -1.221 -43.616 25.393 -0.732 -41.46 25.644 -0.903 -40.659
4 288 21.164 -3.811 -46.895 17.397 -5.415 -53.281 21.717 -1.924 -48.198 21.412 -3.545 -46.69
4 288 21.518 -0.051 -51.192 21.057 -1.144 -50.757 20.795 -1.278 -51.171 20.632 -1.204 -51.641
4 288 25.28 -15.596 -14.015 25.766 -12.293 -17.547 26.599 -13.309 -11.589 26.58 -13.5 -11.341
4 288 26.061 -22.095 -18.459 25.265 -19.781 -19.836 25.973 -21.249 -15.617 26.567 -22.972 -14.579
4 288 14.118 -0.28 -80.062 13.134 -1.717 -79.434 12.828 -1.37 -81.313 13.533 0.266 -83.344
4 288 15.186 1.844 -82.215 16.076 3.008 -82.429 16.347 2.975 -81.482 15.529 1.78 -80.961
4 288 34.708 4.062 -15.064 34.333 3.238 -18.644 34.387 3.457 -18.511 34.75 4.237 -14.976
4 288 34.234 3.48 -21.325 34.198 3.276 -21.208 34.179 3.225 -21.356 34.222 3.479 -21.538
4 288 31.77 12.784 -36.036 32.959 12.301 -33.735 31.338 10.659 -35.711 30.907 12.036 -37.151
4 288 26.19 -2.944 -34.655 25.529 -6.145 -31.852 25.001 -3.685 -38.629 26.188 -2.862 -34.814
4 288 16.801 -0.766 -69.496 16.479 -1.515 -68.457 15.718 -3.048 -67.595 17.843 1.7 -73.12
3 288 18.343 2.678 -73.48 18.45 2.847 -73.292 17.843 1.7 -73.12
4 288 18.29 2.21 -71.016 18.45 2.847 -73.292 18.901 3.532 -72.311 18.982 3.622 -71.916
3 288 18.901 3.532 -72.311 18.964 3.617 -72.102 18.982 3.622 -71.916
4 288 18.29 2.21 -71.016 18.982 3.622 -71.916 18.96 3.484 -71.269 18.313 2.233 -70.882
3 288 18.315 2.185 -70.538 18.313 2.233 -70.882 18.96 3.484 -71.269
3 288 18.183 2.001 -70.932 16.801 -0.766 -69.496 17.843 1.7 -73.12
4 288 17.981 -11.463 -48.409 21.849 -17.561 -38.501 15.183 -11.594 -55.393 15.508 -9.323 -54.673
3 288 15.762 -7.542 -54.109 15.915 -8.623 -53.684 15.61 -8.608 -54.447
3 288 15.762 -7.542 -54.109 16.398 -9.054 -52.46 15.915 -8.623 -53.684
3 288 17.979 -11.319 -48.418 21.849 -17.561 -38.501 17.981 -11.463 -48.409
3 288 15.762 -7.542 -54.109 17.979 -11.319 -48.418 16.398 -9.054 -52.46
3 288 15.718 -3.048 -67.595 13.774 -5.211 -67.466 14.643 -3.845 -69.518
3 288 18.168 -1.372 -60.31 18.304 -1.194 -60.323 18.399 -1.101 -60.144
3 288 15.197 -2.313 -71.818 15.718 -3.048 -67.595 14.643 -3.845 -69.518
4 288 15.197 -2.313 -71.818 14.953 -2.259 -72.944 16.396 0.026 -73.938 17.447 1.15 -73.073
3 288 17.843 1.7 -73.12 15.718 -3.048 -67.595 17.596 1.336 -73.027
3 288 31.754 -0.256 -26.002 31.911 -0.336 -25.136 30.92 -1.972 -26.678
3 288 33.94 3.013 -21.977 33.266 2.364 -23.879 33.276 2.483 -24.05
4 288 26.873 1.237 -39.669 27.995 3.249 -38.794 29.082 1.896 -35.162 28.73 -0.583 -33.86
4 288 31.178 5.122 -33.119 28.73 -0.583 -33.86 29.599 2.608 -34.588 29.745 3.059 -34.637
3 288 29.758 3.802 -35.238 29.301 4.364 -36.758 31.116 5.563 -33.634
3 288 29.78 3.664 -35.07 29.758 3.802 -35.238 31.116 5.563 -33.634
3 288 28.73 -0.583 -33.86 29.082 1.896 -35.162 29.214 2.003 -34.951
3 288 28.73 -0.583 -33.86 29.214 2.003 -34.951 29.599 2.608 -34.588
3 288 16.247 -3.33 -63.463 15.84 -3.943 -62.422 15.541 -4.265 -62.603
4 288 29.53 -27.434 15.945 29.462 -27.149 15.06 29.267 -26.162 15.244 29.494 -27.113 18.126
4 288 29.871 -28.97 18.599 29.92 -29.219 18.519 29.946 -29.36 18.392 29.974 -29.526 17.98
4 288 29.661 -28.071 16.246 29.871 -28.97 18.599 29.974 -29.526 17.98 29.697 -28.273 15.915
3 288 29.974 -29.526 17.98 29.946 -29.36 18.392 29.967 -29.473 18.235
4 288 29.697 -28.273 15.915 29.974 -29.526 17.98 29.93 -29.524 14.617 29.686 -28.245 15.507
3 288 29.93 -29.524 14.617 29.66 -28.154 14.873 29.686 -28.245 15.507
3 288 29.53 -27.434 15.945 29.494 -27.113 18.126 29.584 -27.686 16.225
4 288 13.997 -6.272 -63.784 14.191 -5.605 -63.213 14.074 -6.085 -63.431 14.024 -6.243 -63.599
3 288 13.786 -6.329 -65.517 14.191 -5.605 -63.213 13.997 -6.272 -63.784
3 288 13.763 -6.31 -65.748 13.756 -6.236 -65.926 13.786 -6.329 -65.517
4 288 19.145 1.195 -66.7 19.323 1.027 -65.072 18.087 -0.14 -66.872 18.084 -0.119 -66.977
3 288 19.323 1.027 -65.072 19.145 1.195 -66.7 19.906 1.949 -65.735
3 288 19.323 1.027 -65.072 20.035 2.115 -65.724 21.046 3.477 -65.908
3 288 19.92 2.155 -66.497 20.999 3.491 -66.215 20.012 2.151 -65.995
3 288 19.906 1.949 -65.735 20.035 2.115 -65.724 19.323 1.027 -65.072
4 288 16.868 1.584 -77.096 16.794 1.613 -77.672 17.635 2.861 -78.222 18.015 2.767 -75.519
4 288 16.868 1.584 -77.096 18.015 2.767 -75.519 16.458 0.652 -75.378 16.6 1.2 -76.98
4 288 16.458 0.652 -75.378 15.508 -0.453 -76.124 16.236 0.757 -77.181 16.6 1.2 -76.98
4 288 15.508 -0.453 -76.124 15.395 -0.591 -76.181 16.152 0.66 -77.252 16.236 0.757 -77.181
3 288 15.395 -0.591 -76.181 14.247 -2.166 -76.005 16.152 0.66 -77.252
3 288 15.407 -0.659 -75.805 14.247 -2.166 -76.005 15.395 -0.591 -76.181
4 288 33.746 5.508 -26.768 33.683 6.025 -27.565 34.181 6.629 -26.648 34.817 7.109 -25.139
3 288 34.817 7.109 -25.139 34.181 6.629 -26.648 34.97 7.456 -25.044
3 288 36.214 15.698 -29.211 36.327 15.547 -28.721 36.091 15.287 -29.199
3 288 29.925 11.019 -38.666 28.544 5.056 -38.629 28.194 9.053 -40.804
3 288 23.439 1.751 -48.32 24.527 2.099 -45.771 23.324 1.407 -48.308
4 288 23.07 3.173 -50.594 23.457 1.919 -48.427 22.193 1.117 -51.025 22.584 2.805 -51.538
3 288 23.457 1.919 -48.427 23.07 3.173 -50.594 24.736 2.71 -45.778
3 288 16.18 -6.065 -55.862 16.544 -5.793 -55.253 15.762 -7.542 -54.109
3 288 16.621 -5.755 -55.082 16.714 -5.788 -54.71 16.544 -5.793 -55.253
3 288 17.397 -5.415 -53.281 15.762 -7.542 -54.109 16.824 -5.936 -54.04
3 288 25.925 -20.651 -13.374 25.648 -19.646 -12.853 26.27 -21.18 -9.446
3 288 26.372 -21.211 -7.483 26.332 -21.06 -7.367 26.377 -21.185 -7.221
4 288 15.113 -8.777 -56.273 15.508 -9.323 -54.673 15.183 -11.594 -55.393 13.779 -8.959 -61.233
3 288 15.292 -8.585 -55.643 15.762 -7.542 -54.109 15.61 -8.608 -54.447
3 288 18.315 2.185 -70.538 18.96 3.484 -71.269 18.911 3.453 -71.01
4 288 33.949 1.882 -20.39 33.643 0.089 -19.1 32.375 -1.942 -21.163 32.431 -0.3 -23.2
4 288 32.375 -1.942 -21.163 32.225 -2.136 -21.469 32.1 -2.21 -21.843 32.431 -0.3 -23.2
3 288 31.911 -0.336 -25.136 32.227 -0.464 -23.753 30.92 -1.972 -26.678
3 288 33.264 12.675 -33.285 32.959 12.301 -33.735 33.308 13.823 -33.9
3 288 20.048 -0.763 -54.465 21.068 0.316 -53.198 21.316 0.144 -52.256
4 288 20.048 -0.763 -54.465 19.522 -0.466 -56.363 19.582 -0.281 -56.465 20.759 1.278 -55.463
3 288 21.068 0.316 -53.198 20.048 -0.763 -54.465 21.049 0.394 -53.367
3 288 21.816 0.849 -51.893 21.049 0.394 -53.367 20.865 1.352 -55.274
4 288 23.785 -3.333 -41.729 22.998 -2.68 -44.26 25.644 -0.903 -40.659 23.949 -3.269 -41.447
4 288 25.644 -0.903 -40.659 25.67 -0.987 -40.498 24.627 -3.146 -40.113 23.949 -3.269 -41.447
3 288 25.001 -3.685 -38.629 24.627 -3.146 -40.113 25.67 -0.987 -40.498
4 288 23.33 -3.901 -42.023 22.459 -3.477 -44.456 22.998 -2.68 -44.26 23.63 -3.461 -41.91
4 288 21.501 -4.81 -44.908 21.967 -3.485 -45.525 22.459 -3.477 -44.456 21.722 -4.942 -44.261
3 288 22.998 -2.68 -44.26 23.785 -3.333 -41.729 23.63 -3.461 -41.91
4 288 21.884 -5.176 -43.616 21.722 -4.942 -44.261 22.459 -3.477 -44.456 23.158 -4.177 -42.06
4 288 21.94 -5.343 -43.287 21.884 -5.176 -43.616 23.158 -4.177 -42.06 23.076 -4.408 -41.954
3 288 23.076 -4.408 -41.954 21.979 -5.586 -42.902 21.94 -5.343 -43.287
4 288 21.995 -5.893 -42.489 21.979 -5.586 -42.902 23.076 -4.408 -41.954 23.1 -5.37 -40.712
3 288 22.459 -3.477 -44.456 23.33 -3.901 -42.023 23.158 -4.177 -42.06
4 288 23.1 -5.37 -40.712 22.651 -8.582 -37.725 21.781 -8.34 -39.931 21.995 -5.893 -42.489
4 288 22.651 -8.582 -37.725 21.727 -11.928 -35.615 21.29 -10.754 -38.025 21.602 -9.434 -38.973
3 288 21.602 -9.434 -38.973 21.781 -8.34 -39.931 22.651 -8.582 -37.725
4 288 21.727 -11.928 -35.615 21.692 -12.203 -35.352 21.027 -11.621 -37.53 21.29 -10.754 -38.025
3 288 21.027 -11.621 -37.53 21.724 -12.416 -35.019 22.582 -13.442 -31.871
4 288 18.186 -6.348 -50.271 15.762 -7.542 -54.109 21.552 -3.652 -46.228 20.169 -5.148 -47.409
4 288 21.358 -4.786 -45.252 21.552 -3.652 -46.228 21.967 -3.485 -45.525 21.501 -4.81 -44.908
3 288 20.169 -5.148 -47.409 21.552 -3.652 -46.228 20.755 -4.886 -46.448
3 288 21.552 -3.652 -46.228 21.358 -4.786 -45.252 21.109 -4.796 -45.784
4 288 21.027 -11.621 -37.53 22.582 -13.442 -31.871 15.762 -7.542 -54.109 19.649 -10.172 -42.34
3 288 21.109 -4.796 -45.784 20.755 -4.886 -46.448 21.552 -3.652 -46.228
3 288 19.437 -9.478 -43.663 19.649 -10.172 -42.34 15.762 -7.542 -54.109
4 288 20.086 -8.436 -43.529 19.643 -9.15 -43.615 19.198 -8.02 -45.989 19.59 -7.468 -45.811
4 288 19.198 -8.02 -45.989 19.643 -9.15 -43.615 19.437 -9.478 -43.663 15.762 -7.542 -54.109
4 288 20.789 -7.164 -43.56 20.498 -7.734 -43.491 19.996 -6.918 -45.601 20.398 -6.416 -45.341
4 288 20.498 -7.734 -43.491 20.086 -8.436 -43.529 19.59 -7.468 -45.811 19.996 -6.918 -45.601
4 288 20.801 -5.946 -45.039 21.308 -5.925 -43.953 21.022 -6.609 -43.735 20.398 -6.416 -45.341
3 288 21.022 -6.609 -43.735 20.789 -7.164 -43.56 20.398 -6.416 -45.341
4 288 21.171 -5.614 -44.639 21.378 -5.583 -44.223 21.308 -5.925 -43.953 20.801 -5.946 -45.039
3 288 19.198 -8.02 -45.989 15.762 -7.542 -54.109 19.038 -7.398 -47.108
3 288 18.765 -6.818 -48.422 15.762 -7.542 -54.109 18.186 -6.348 -50.271
3 288 25.28 -15.596 -14.015 25.25 -15.636 -14.066 25.766 -12.293 -17.547
4 288 25.118 -11.797 -20.856 25.25 -15.636 -14.066 23.293 -13.739 -24.716 23.407 -13.429 -24.781
3 288 23.293 -13.739 -24.716 23.326 -13.522 -24.944 23.407 -13.429 -24.781
4 288 23.453 -15.608 -28.513 26.061 -22.095 -18.459 22.312 -17.912 -36.948 22.92 -14.945 -31.086
4 288 22.804 -14.543 -31.446 22.312 -17.912 -36.948 22.582 -13.442 -31.871 22.681 -13.838 -31.604
3 288 13.172 0.752 -86.267 12.865 -0.32 -84.307 13.08 0.66 -86.367
3 288 13.172 0.752 -86.267 13.08 0.66 -86.367 13.116 0.748 -86.481
3 288 34.526 4.133 -19.765 34.526 4.252 -20.849 35.279 6.171 -19.139
3 288 35.279 6.171 -19.139 34.502 4.025 -19.372 34.526 4.133 -19.765
3 288 35.292 5.975 -17.012 35.27 5.888 -16.793 35.299 6.021 -17.273
4 288 34.43 3.777 -18.956 35.27 5.888 -16.793 34.845 4.514 -15.069 34.75 4.237 -14.976
3 288 34.845 4.514 -15.069 34.791 4.346 -14.921 34.75 4.237 -14.976
3 288 35.279 6.171 -19.139 34.43 3.777 -18.956 34.502 4.025 -19.372
4 288 30.794 0.429 -29.462 31.672 -0.138 -26.598 30.898 -1.946 -26.83 28.995 -0.898 -32.855
4 288 29.812 1.163 -32.763 28.995 -0.898 -32.855 28.73 -0.583 -33.86 29.917 1.521 -32.843
4 288 29.917 1.521 -32.843 28.73 -0.583 -33.86 31.178 5.122 -33.119 30.869 3.562 -32.378
4 288 30.869 3.562 -32.378 30.794 3.252 -32.266 30.574 2.714 -32.309 29.917 1.521 -32.843
3 288 30.68 2.926 -32.242 30.574 2.714 -32.309 30.794 3.252 -32.266
3 288 30.794 0.429 -29.462 28.995 -0.898 -32.855 30.737 0.543 -29.725
4 288 30.952 0.983 -29.598 30.737 0.543 -29.725 30.219 1.195 -31.729 31.078 2.639 -30.913
4 288 31.602 2.192 -29.094 30.952 0.983 -29.598 31.078 2.639 -30.913 31.369 3.09 -30.598
3 288 28.995 -0.898 -32.855 29.812 1.163 -32.763 29.964 1.063 -32.266
4 288 32.446 4.548 -29.224 32.609 3.841 -28.095 31.602 2.192 -29.094 31.369 3.09 -30.598
3 288 32.446 4.548 -29.224 32.792 4.109 -27.882 32.609 3.841 -28.095
4 288 24.736 2.71 -45.778 23.07 3.173 -50.594 24.29 4.359 -47.545 24.387 4.365 -47.275
3 288 24.8 3.298 -45.784 24.767 3.664 -45.991 24.808 3.483 -45.82
3 288 15.255 -4.108 -64.862 15.718 -3.048 -67.595 15.944 -3.072 -66.298
4 288 15.214 -4.182 -64.714 16.247 -3.33 -63.463 15.541 -4.265 -62.603 14.753 -5.039 -62.955
3 288 15.255 -4.108 -64.862 15.214 -4.182 -64.714 15.718 -3.048 -67.595
4 288 20.145 1.837 -63.821 19.323 1.027 -65.072 21.046 3.477 -65.908 20.266 1.979 -63.743
3 288 21.195 3.216 -63.809 21.277 3.396 -64.143 21.28 3.353 -63.928
3 288 15.968 -0.413 -74.275 16.396 0.026 -73.938 14.953 -2.259 -72.944
3 288 14.953 -2.259 -72.944 15.834 -0.533 -74.427 15.968 -0.413 -74.275
3 288 15.512 -0.632 -75.293 15.714 -0.601 -74.668 14.365 -2.191 -75.19
3 288 18.015 2.767 -75.519 18.039 2.763 -75.426 18.043 2.694 -75.229
3 288 33.413 4.954 -27.209 32.862 5.072 -28.73 33.513 5.792 -27.849
3 288 27.789 3.487 -39.433 27.995 3.249 -38.794 26.873 1.237 -39.669
4 288 29.324 7.333 -38.129 31.116 5.563 -33.634 29.301 4.364 -36.758 28.544 5.056 -38.629
4 288 29.925 11.019 -38.666 30.907 12.036 -37.151 31.06 10.326 -36.023 29.986 8.782 -37.472
3 288 29.289 7.496 -38.278 29.324 7.333 -38.129 28.544 5.056 -38.629
3 288 29.925 11.019 -38.666 29.986 8.782 -37.472 29.372 7.677 -38.196
3 288 29.289 7.496 -38.278 28.544 5.056 -38.629 29.925 11.019 -38.666
4 288 27.133 -15.769 3.251 26.636 -17.93 4.554 26.522 -18.14 4.286 26.164 -14.064 -5.874
4 288 25.992 -14.294 -6.446 26.522 -18.14 4.286 25.057 -15.809 -9.029 25.143 -15.639 -8.85
3 288 25.992 -14.294 -6.446 26.164 -14.064 -5.874 26.522 -18.14 4.286
3 288 29.93 -29.524 14.617 29.911 -29.524 14.388 29.66 -28.154 14.873
4 288 29.267 -26.162 15.244 29.462 -27.149 15.06 28.91 -25.977 11.424 28.443 -24.39 9.877
3 288 28.443 -24.39 9.877 28.91 -25.977 11.424 28.865 -25.908 11.06
4 288 28.323 -25.103 6.617 28.277 -24.941 6.475 28.443 -24.39 9.877 28.544 -25.735 7.652
3 288 29.348 -27.276 13.368 28.599 -25.87 7.968 28.853 -26.028 10.611
4 288 28.599 -25.87 7.968 28.544 -25.735 7.652 28.443 -24.39 9.877 28.812 -25.869 10.526
3 288 28.812 -25.869 10.526 28.853 -26.028 10.611 28.599 -25.87 7.968
3 288 19.506 3.612 -68.837 20.999 3.491 -66.215 19.92 2.155 -66.497
3 288 19.145 1.195 -66.7 18.084 -0.119 -66.977 18.969 1.073 -66.855
4 288 18.084 -0.119 -66.977 18.035 -0.097 -67.083 18.853 1.046 -67.016 18.969 1.073 -66.855
3 288 16.152 0.66 -77.252 14.247 -2.166 -76.005 14.782 -0.488 -78.09
4 288 14.668 -0.565 -78.196 13.75 -2.13 -77.2 13.346 -1.866 -78.629 14.598 -0.564 -78.357
3 288 14.522 -0.521 -78.613 14.598 -0.564 -78.357 13.346 -1.866 -78.629
3 288 34.024 3.646 -22.736 34.222 3.479 -21.538 33.491 3.52 -24.968
4 288 33.491 3.52 -24.968 33.604 3.912 -25.133 34.016 3.757 -22.968 34.024 3.646 -22.736
3 288 33.604 3.912 -25.133 34.827 6.373 -23.811 34.016 3.757 -22.968
4 288 34.827 6.373 -23.811 34.903 6.495 -23.673 34.955 6.52 -23.479 34.99 6.505 -23.293
3 288 34.99 6.505 -23.293 34.451 4.383 -22.062 34.279 4.213 -22.555
4 288 35.219 14.589 -30.482 34.812 14.978 -31.523 36.214 15.698 -29.211 36.091 15.287 -29.199
3 288 26.266 4.802 -42.962 25.95 2.964 -42.968 26.173 4.761 -43.136
3 288 25.393 -0.732 -41.46 25.641 -0.839 -40.75 25.644 -0.903 -40.659
4 288 24.153 -1.221 -43.616 22.998 -2.68 -44.26 23.814 -1.524 -43.974 24.042 -1.284 -43.781
4 288 21.717 -1.924 -48.198 23.014 0.302 -48.272 23.896 -0.081 -45.747 22.285 -2.801 -45.716
4 288 21.717 -1.924 -48.198 22.285 -2.801 -45.716 22.156 -2.953 -45.805 21.412 -3.545 -46.69
3 288 15.762 -7.542 -54.109 21.164 -3.811 -46.895 21.552 -3.652 -46.228
3 288 15.762 -7.542 -54.109 17.397 -5.415 -53.281 21.164 -3.811 -46.895
3 288 21.518 -0.051 -51.192 21.626 -0.11 -50.865 21.057 -1.144 -50.757
3 288 20.795 -1.278 -51.171 21.057 -1.144 -50.757 20.882 -1.292 -50.952
4 288 21.626 -0.11 -50.865 22.575 0.461 -49.486 22.351 0.173 -49.602 21.057 -1.144 -50.757
3 288 26.199 -21.64 -13.888 26.567 -22.972 -14.579 25.973 -21.249 -15.617
4 288 25.265 -19.781 -19.836 23.453 -15.608 -28.513 25.648 -19.646 -12.853 25.925 -20.651 -13.374
3 288 26.061 -22.095 -18.459 23.453 -15.608 -28.513 25.265 -19.781 -19.836
4 288 15.186 1.844 -82.215 14.497 0.957 -82.089 14.927 2.147 -83.827 15.907 2.922 -82.74
3 288 15.186 1.844 -82.215 15.907 2.922 -82.74 16.076 3.008 -82.429
3 288 34.42 3.693 -18.815 34.43 3.777 -18.956 34.75 4.237 -14.976
3 288 34.75 4.237 -14.976 34.387 3.457 -18.511 34.42 3.693 -18.815
4 288 34.333 3.238 -18.644 34.708 4.062 -15.064 33.643 0.089 -19.1 33.949 1.882 -20.39
3 288 34.225 3.36 -21.039 34.198 3.276 -21.208 34.234 3.48 -21.325
3 288 30.907 12.036 -37.151 31.338 10.659 -35.711 31.06 10.326 -36.023
3 288 31.77 12.784 -36.036 33.308 13.823 -33.9 32.959 12.301 -33.735
3 288 25.001 -3.685 -38.629 25.67 -0.987 -40.498 26.188 -2.862 -34.814
3 288 25.529 -6.145 -31.852 26.19 -2.944 -34.655 25.612 -5.926 -31.871
