0 ~Electric Switch: Key without Top Face
0 Name: s\4112s01.dat
0 Author: Javier Orquera [kuramapika1]
0 !LDRAW_ORG Unofficial_Subpart
0 !LICENSE Licensed under CC BY 4.0 : see CAreadme.txt

0 BFC CERTIFY CCW

1 16 0 0 0 1 0 0 0 1 0 0 0 1 s\4112s02.dat
4 16 -15.2574 -23 -132.7574 -13.9566 -23 -134.7038 -13.9566 -5 -134.7038 -15.2574 -9 -132.7574
3 16 -15.2574 -9 -132.7574 -13.9566 -5 -134.7038 -15.2574 -5 -132.7574
4 16 -15.2574 -9 -132.7574 -15.2574 -5 -132.7574 -17.20395 -5 -131.45675 -17.20395 -9 -131.45675
4 16 -18.5 -9 -131.2 -17.20395 -9 -131.45675 -17.20395 -5 -131.45675 -19.5 -5 -131
4 16 -18.5 -9 -131.2 -19.5 -5 -131 -19.5 -23 -131 -18.5 -23 -131.2
4 16 -19.5 -5 -131 -20.5 -9 -131.2 -20.5 -23 -131.2 -19.5 -23 -131
4 16 -21.79605 -9 -131.45675 -20.5 -9 -131.2 -19.5 -5 -131 -21.79605 -5 -131.45675
4 16 -21.79605 -5 -131.45675 -23.7426 -5 -132.7574 -23.7426 -9 -132.7574 -21.79605 -9 -131.45675
3 16 -23.7426 -9 -132.7574 -23.7426 -5 -132.7574 -25.0434 -5 -134.7038
4 16 -23.7426 -23 -132.7574 -23.7426 -9 -132.7574 -25.0434 -5 -134.7038 -25.0434 -23 -134.7038
4 16 -13.9566 -5 -134.7038 -13.9566 -23 -134.7038 -13.5 -23 -137 -13.5 -19 -137
3 16 -13.9566 -5 -134.7038 -13.5 -19 -137 -13.5 -5 -137
3 16 -25.5 -23 -137 -25.0434 -23 -134.7038 -25.5 -19 -137
4 16 -25.5 -5 -137 -25.5 -19 -137 -25.0434 -23 -134.7038 -25.0434 -5 -134.7038
4 16 -15.2574 -23 -141.2426 -17.2038 -23 -142.5434 -17.2038 -5 -142.5434 -15.2574 -5 -141.2426
4 16 -15.2574 -23 -141.2426 -15.2574 -5 -141.2426 -13.9566 -5 -139.2962 -13.9566 -19 -139.2962
4 16 -13.9566 -19 -139.2962 -13.9566 -5 -139.2962 -13.5 -5 -137 -13.5 -19 -137
3 16 -13.9566 -23 -139.2962 -15.2574 -23 -141.2426 -13.9566 -19 -139.2962
4 16 -21.7962 -5 -142.5434 -21.7962 -23 -142.5434 -23.7426 -23 -141.2426 -23.7426 -5 -141.2426
4 16 -25.0434 -5 -139.2962 -23.7426 -5 -141.2426 -23.7426 -23 -141.2426 -25.0434 -19 -139.2962
4 16 -25.5 -5 -137 -25.0434 -5 -139.2962 -25.0434 -19 -139.2962 -25.5 -19 -137
3 16 -23.7426 -23 -141.2426 -25.0434 -23 -139.2962 -25.0434 -19 -139.2962
1 16 -19.5 -5 -137 0 0 1.5 0 -1 0 1.5 0 0 1-8ring3.dat
1 16 -19.5 -5 -137 0 0 -1.5 0 -1 0 1.5 0 0 1-8ring3.dat
4 16 -16.31805 -5 -133.81805 -15.2574 -5 -132.7574 -13.9566 -5 -134.7038 -15.6953 -5 -134.75
3 16 -15.34245 -5 -135.27785 -15.6953 -5 -134.75 -13.9566 -5 -134.7038
4 16 -15 -5 -137 -15.34245 -5 -135.27785 -13.9566 -5 -134.7038 -13.5 -5 -137
4 16 -15 -5 -137 -13.5 -5 -137 -13.9566 -5 -139.2962 -15.34245 -5 -138.72215
4 16 -15.34245 -5 -138.72215 -13.9566 -5 -139.2962 -15.2574 -5 -141.2426 -15.6953 -5 -139.25
3 16 -16.31805 -5 -140.18195 -15.6953 -5 -139.25 -15.2574 -5 -141.2426
4 16 -17.77785 -5 -141.15755 -16.31805 -5 -140.18195 -15.2574 -5 -141.2426 -17.2038 -5 -142.5434
4 16 -17.77785 -5 -141.15755 -17.2038 -5 -142.5434 -17.9472 -5 -142.69122 -19.5 -5 -141.5
4 16 -17.9472 -5 -142.69122 -19.5 -5 -143 -21.0528 -5 -142.69122 -19.5 -5 -141.5
4 16 -21.22215 -5 -141.15755 -19.5 -5 -141.5 -21.0528 -5 -142.69122 -21.7962 -5 -142.5434
4 16 -22.68195 -5 -140.18195 -21.22215 -5 -141.15755 -21.7962 -5 -142.5434 -23.7426 -5 -141.2426
3 16 -23.3047 -5 -139.25 -22.68195 -5 -140.18195 -23.7426 -5 -141.2426
4 16 -23.3047 -5 -139.25 -23.7426 -5 -141.2426 -25.0434 -5 -139.2962 -23.65755 -5 -138.72215
4 16 -23.65755 -5 -138.72215 -25.0434 -5 -139.2962 -25.5 -5 -137 -24 -5 -137
4 16 -23.65755 -5 -135.27785 -24 -5 -137 -25.5 -5 -137 -25.0434 -5 -134.7038
3 16 -23.65755 -5 -135.27785 -25.0434 -5 -134.7038 -23.3047 -5 -134.75
4 16 -22.68195 -5 -133.81805 -23.3047 -5 -134.75 -25.0434 -5 -134.7038 -23.7426 -5 -132.7574
0 BFC INVERTNEXT
1 16 -19.5 -23 -137 0 0 4.5 0 18 0 -4.5 0 0 1-8cylo.dat
0 BFC INVERTNEXT
1 16 -19.5 -23 -137 0 0 -4.5 0 18 0 -4.5 0 0 1-8cylo.dat
0 BFC INVERTNEXT
1 16 -19.5 -23 -137 0 0 4.5 0 18 0 4.5 0 0 1-8cylo.dat
0 BFC INVERTNEXT
1 16 -19.5 -23 -137 0 0 -4.5 0 18 0 4.5 0 0 1-8cylo.dat
4 16 -22.68195 -5 -140.18195 -23.3047 -5 -139.25 -23.3047 -23 -139.25 -22.68195 -23 -140.18195
4 16 -23.3047 -5 -134.75 -22.68195 -5 -133.81805 -22.68195 -23 -133.81805 -23.3047 -23 -134.75
4 16 -23.3047 -5 -139.25 -23.65755 -5 -138.72215 -24 -5 -137 -23.65755 -5 -135.27785
3 16 -23.3047 -5 -139.25 -23.65755 -5 -135.27785 -23.3047 -5 -134.75
4 16 -23.3047 -23 -139.25 -23.3047 -5 -139.25 -23.3047 -5 -134.75 -23.3047 -23 -134.75
4 16 -15 -5 -137 -15.34245 -5 -138.72215 -15.6953 -5 -139.25 -15.34245 -5 -135.27785
3 16 -15.34245 -5 -135.27785 -15.6953 -5 -139.25 -15.6953 -5 -134.75
4 16 -15.6953 -5 -134.75 -15.6953 -5 -139.25 -15.6953 -23 -139.25 -15.6953 -23 -134.75
4 16 -15.6953 -5 -139.25 -16.31805 -5 -140.18195 -16.31805 -23 -140.18195 -15.6953 -23 -139.25
4 16 -16.31805 -23 -133.81805 -16.31805 -5 -133.81805 -15.6953 -5 -134.75 -15.6953 -23 -134.75
4 16 -15.6953 -23 -134.75 -15.6953 -23 -139.25 -16.31805 -23 -140.18195 -16.31805 -23 -133.81805
4 16 -16.31805 -23 -133.81805 -16.31805 -23 -140.18195 -17.77785 -23 -141.15755 -17.77785 -23 -132.84245
4 16 -19.5 -23 -132.5 -17.77785 -23 -132.84245 -17.77785 -23 -141.15755 -19.5 -23 -141.5
4 16 -21.22215 -23 -132.84245 -19.5 -23 -132.5 -19.5 -23 -141.5 -21.22215 -23 -141.15755
4 16 -22.68195 -23 -133.81805 -21.22215 -23 -132.84245 -21.22215 -23 -141.15755 -22.68195 -23 -140.18195
4 16 -22.68195 -23 -140.18195 -23.3047 -23 -139.25 -23.3047 -23 -134.75 -22.68195 -23 -133.81805
3 16 -21.0528 -5 -142.69122 -19.5 -5 -143 -21.0528 -5 -145.2366
4 16 -17.9472 -5 -142.69122 -17.9472 -5 -145.2366 -21.0528 -5 -145.2366 -19.5 -5 -143
4 16 -21.7962 -23 -142.5434 -21.7962 -5 -142.5434 -21.0528 -11 -142.69122 -21.0528 -23 -142.69122
4 16 -17.9472 -11 -142.69122 -17.2038 -5 -142.5434 -17.2038 -23 -142.5434 -17.9472 -23 -142.69122
1 16 -19.5 -23 -143.96392 1.5528 0 0 0 12 0 0 0 -1.2727 box4-1.dat
1 16 -19.5 -5 -143.96392 1.5528 0 0 0 -2 0 0 0 -1.2727 box4-1.dat
3 16 -17.9472 -5 -142.69122 -17.2038 -5 -142.5434 -17.9472 -7 -142.69122
3 16 -17.9472 -7 -142.69122 -17.2038 -5 -142.5434 -17.9472 -11 -142.69122
3 16 -21.7962 -5 -142.5434 -21.0528 -5 -142.69122 -21.0528 -7 -142.69122
3 16 -21.7962 -5 -142.5434 -21.0528 -7 -142.69122 -21.0528 -11 -142.69122
4 16 -17.9472 -7 -142.69122 -17.9472 -11 -142.69122 -21.0528 -11 -142.69122 -21.0528 -7 -142.69122
2 24 -13.5 -23 -137 -13.9566 -23 -134.7038
2 24 -25.0434 -23 -134.7038 -25.5 -23 -137
2 24 -13.5 -5 -137 -13.9566 -5 -134.7038
2 24 -13.9566 -5 -134.7038 -15.2574 -5 -132.7574
2 24 -25.0434 -5 -134.7038 -25.5 -5 -137
2 24 -13.9566 -23 -139.2962 -15.2574 -23 -141.2426
2 24 -15.2574 -23 -141.2426 -17.2038 -23 -142.5434
2 24 -13.5 -5 -137 -13.9566 -5 -139.2962
2 24 -13.9566 -5 -139.2962 -15.2574 -5 -141.2426
2 24 -15.2574 -5 -141.2426 -17.2038 -5 -142.5434
2 24 -25.0434 -23 -139.2962 -23.7426 -23 -141.2426
2 24 -23.7426 -23 -141.2426 -21.7962 -23 -142.5434
2 24 -25.5 -5 -137 -25.0434 -5 -139.2962
2 24 -25.0434 -5 -139.2962 -23.7426 -5 -141.2426
2 24 -23.7426 -5 -141.2426 -21.7962 -5 -142.5434
2 24 -15.6953 -5 -134.75 -15.6953 -5 -139.25
2 24 -23.3047 -5 -139.25 -23.3047 -5 -134.75
2 24 -15.6953 -23 -139.25 -15.6953 -23 -134.75
2 24 -21.7962 -23 -142.5434 -21.0528 -23 -142.69122
2 24 -17.2038 -23 -142.5434 -17.9472 -23 -142.69122
2 24 -21.7962 -5 -142.5434 -21.0528 -5 -142.69122
2 24 -17.9472 -5 -142.69122 -17.2038 -5 -142.5434
2 24 -22.68195 -23 -140.18195 -23.3047 -23 -139.25
2 24 -16.31805 -5 -140.18195 -15.6953 -5 -139.25
2 24 -22.68195 -23 -133.81805 -23.3047 -23 -134.75
2 24 -16.31805 -23 -133.81805 -15.6953 -23 -134.75
2 24 -23.3047 -5 -134.75 -22.68195 -5 -133.81805
2 24 -23.3047 -5 -139.25 -22.68195 -5 -140.18195
2 24 -16.31805 -5 -133.81805 -15.6953 -5 -134.75
2 24 -23.3047 -23 -134.75 -23.3047 -23 -139.25
2 24 -15.6953 -23 -139.25 -16.31805 -23 -140.18195
5 24 -15.6953 -23 -134.75 -15.6953 -5 -134.75 -16.31805 -23 -133.81805 -15.6953 -5 -139.25
5 24 -21.0528 -7 -142.69122 -21.0528 -11 -142.69122 -21.7962 -5 -142.5434 -17.9472 -7 -142.69122
5 24 -23.3047 -5 -139.25 -23.3047 -23 -139.25 -23.3047 -5 -134.75 -22.68195 -23 -140.18195
5 24 -15.6953 -5 -139.25 -15.6953 -23 -139.25 -16.31805 -5 -140.18195 -15.6953 -23 -134.75
5 24 -17.9472 -11 -142.69122 -17.9472 -7 -142.69122 -17.2038 -5 -142.5434 -21.0528 -11 -142.69122
5 24 -23.3047 -23 -134.75 -23.3047 -5 -134.75 -23.3047 -23 -139.25 -22.68195 -5 -133.81805
5 24 -25.0434 -5 -139.2962 -25.0434 -19 -139.2962 -23.7426 -5 -141.2426 -25.5 -19 -137
5 24 -15.2574 -23 -141.2426 -15.2574 -5 -141.2426 -17.2038 -23 -142.5434 -13.9566 -5 -139.2962
5 24 -25.5 -5 -137 -25.5 -19 -137 -25.0434 -23 -134.7038 -25.0434 -5 -139.2962
5 24 -17.2038 -5 -142.5434 -17.2038 -23 -142.5434 -17.9472 -23 -142.69122 -15.2574 -5 -141.2426
5 24 -23.7426 -23 -141.2426 -23.7426 -5 -141.2426 -21.7962 -5 -142.5434 -25.0434 -19 -139.2962
5 24 -13.9566 -19 -139.2962 -13.9566 -5 -139.2962 -13.5 -5 -137 -15.2574 -23 -141.2426
5 24 -13.5 -19 -137 -13.5 -5 -137 -13.9566 -5 -134.7038 -13.9566 -19 -139.2962
5 24 -21.7962 -5 -142.5434 -21.7962 -23 -142.5434 -23.7426 -23 -141.2426 -21.0528 -11 -142.69122
2 24 -23.7426 -23 -132.7574 -25.0434 -23 -134.7038
5 24 -13.9566 -23 -134.7038 -13.9566 -5 -134.7038 -15.2574 -9 -132.7574 -13.5 -23 -137
2 24 -17.20395 -5 -131.45675 -15.2574 -5 -132.7574
2 24 -19.5 -5 -131 -17.20395 -5 -131.45675
5 24 -17.20395 -5 -131.45675 -17.20395 -9 -131.45675 -15.2574 -9 -132.7574 -18.5 -9 -131.2
2 24 -23.7426 -5 -132.7574 -25.0434 -5 -134.7038
2 24 -19.5 -23 -131 -20.5 -23 -131.2
5 24 -23.7426 -9 -132.7574 -23.7426 -5 -132.7574 -21.79605 -9 -131.45675 -25.0434 -5 -134.7038
2 24 -21.79605 -5 -131.45675 -23.7426 -5 -132.7574
2 24 -19.5 -5 -131 -21.79605 -5 -131.45675
5 24 -15.2574 -5 -132.7574 -15.2574 -9 -132.7574 -13.9566 -5 -134.7038 -17.20395 -5 -131.45675
2 24 -13.9566 -23 -134.7038 -15.2574 -23 -132.7574
2 24 -18.5 -23 -131.2 -19.5 -23 -131
5 24 -21.79605 -5 -131.45675 -21.79605 -9 -131.45675 -20.5 -9 -131.2 -23.7426 -5 -132.7574
5 24 -25.0434 -23 -134.7038 -25.0434 -5 -134.7038 -25.5 -5 -137 -23.7426 -23 -132.7574
5 24 -19.5 -5 -131 -19.5 -23 -131 -18.5 -23 -131.2 -20.5 -9 -131.2
4 16 -5.5 -23 -160 -5.5 -23 -152 13.5 -23 -152 13.5 -23 -160
4 16 -41.5 -23 -160 -41.5 -23 -152 -22.5 -23 -152 -22.5 -23 -160
