0 ~Electric Switch: Key without Top Face - Common Shape
0 Name: s\4112s02.dat
0 Author: Javier Orquera [kuramapika1]
0 !LDRAW_ORG Unofficial_Subpart
0 !LICENSE Licensed under CC BY 4.0 : see CAreadme.txt

0 BFC CERTIFY CCW

0 !HISTORY 2025-04-24 [kuramapika1] Changed prims

1 16 -59.5 1.453284 -52.4199 0 1 0 -10.092 0 -.758822 .758822 0 -10.092 1-4ndis.dat
0 BFC INVERTNEXT
1 16 -59.5 1.453284 -52.4199 0 2 0 -10.092 0 -.758822 .758822 0 -10.092 1-4cylo.dat
1 16 -59.5 4.241178 -17.842 0 1 0 .758822 0 -10.092 10.092 0 .758822 1-4ndis.dat
0 BFC INVERTNEXT
1 16 -59.5 4.241178 -17.842 0 2 0 .758822 0 -10.092 10.092 0 .758822 1-4cylo.dat
4 16 -59.5 -9.397538 -61.753078 -59.5 -6 -163.25 -59.5 -27 -165.25 -59.5 -27 -5.25
4 16 20.5 -12 -163.25 20.5 -27 -165.25 20.5 -6 -165.25 20.5 -6 -163.25
4 16 20 -12 -163.25 20.5 -12 -163.25 20.5 -6 -163.25 -57.5 -6 -163.25
4 16 20.5 -27 -165.25 20.5 -19 -69.25 20.5 -19 -47.25 20.5 -27 -5.25
1 16 -57.5 4.241178 -17.842 0 -1 0 .758822 0 -10.092 10.092 0 .758822 1-4ndis.dat
4 16 -57.5 -12 -63.25 -57.5 -16 -163.25 -57.5 -6 -163.25 -57.5 .69446 -62.5119
3 16 -59.5 .69446 -62.5119 -59.5 -6 -163.25 -59.5 -9.397538 -61.753078
3 16 -59.5 -27 -165.25 -59.5 -6 -163.25 -59.5 -6 -165.25
4 16 -59.5 -5.092 -6.991178 -59.5 -27 -5.25 -59.5 5 -5.25 -59.5 5 -7.75
4 16 -57.5 5 -7.75 -57.5 5 -6.25 -57.5 -13 -6.25 -57.5 -5.092 -6.991178
4 16 -59.5 -8.638716 -51.661078 -59.5 -27 -5.25 -59.5 -5.092 -6.991178 -59.5 -5.850822 -17.083178
3 16 -59.5 -27 -5.25 -59.5 -8.638716 -51.661078 -59.5 -9.397538 -61.753078
4 16 -22.5 -23 -152 -21.0528 -23 -145.23662 -17.9472 -23 -145.23662 -5.5 -23 -152
3 16 -56.5 -23 -139.2962 -25.0434 -23 -139.2962 -23.7426 -23 -141.2426
4 16 -21.0528 -23 -145.23662 -22.5 -23 -152 -21.7962 -23 -142.5434 -21.0528 -23 -142.69122
4 16 -17.9472 -23 -145.23662 -17.9472 -23 -142.69122 -17.2038 -23 -142.5434 -5.5 -23 -152
4 16 17.5 -23 -139.2962 -5.5 -23 -152 -17.2038 -23 -142.5434 -15.2574 -23 -141.2426
3 16 17.5 -23 -139.2962 -15.2574 -23 -141.2426 -13.9566 -23 -139.2962
4 16 -21.7962 -23 -142.5434 -22.5 -23 -152 -56.5 -23 -139.2962 -23.7426 -23 -141.2426
4 16 -56.5 -23 -162.25 -5.5 -23 -160 13.5 -23 -160 17.5 -23 -162.25
4 16 17.5 -23 -139.2962 17.5 -23 -162.25 13.5 -23 -160 13.5 -23 -152
4 16 -56.5 -23 -162.25 -56.5 -23 -139.2962 -41.5 -23 -152 -41.5 -23 -160
3 16 -56.5 -23 -162.25 -41.5 -23 -160 -22.5 -23 -160
3 16 -56.5 -23 -162.25 -22.5 -23 -160 -5.5 -23 -160
3 16 17.5 -23 -139.2962 13.5 -23 -152 -5.5 -23 -152
3 16 -41.5 -23 -152 -56.5 -23 -139.2962 -22.5 -23 -152
4 16 -22.5 -23 -152 -5.5 -23 -152 -5.5 -23 -160 -22.5 -23 -160
4 16 -36.83728 -23 -101.54272 -56.5 -23 -135 -50.5 -23 -107.25 -35.9 -23 -99.28
3 16 -50.5 -23 -107.25 -56.5 -23 -135 -53.5 -23 -107.25
4 16 -53.5 -23 -101.25 -53.5 -23 -107.25 -56.5 -23 -135 -54.5 -23 -101.25
4 16 -54.5 -23 -79.03606 -54.5 -23 -101.25 -56.5 -23 -135 -56.5 -23 -77
4 16 -50.5 -23 -107.25 -50.5 -23 -93.25 -36.83728 -23 -97.01728 -35.9 -23 -99.28
3 16 -36.83728 -23 -97.01728 -50.5 -23 -93.25 -51.5 -23 -82.09
3 16 -51.5 -23 -93.25 -51.5 -23 -82.09 -50.5 -23 -93.25
4 16 16.5 -23 -101.25 17.5 -23 -135 -2.16272 -23 -101.54272 -3.1 -23 -99.28
3 16 17.5 -23 -101.25 17.5 -23 -135 16.5 -23 -101.25
4 16 16.5 -23 -101.25 -3.1 -23 -99.28 -2.16272 -23 -97.01728 16.5 -23 -93.25
3 16 16.5 -23 -93.25 -2.16272 -23 -97.01728 17.5 -23 -77
3 16 16.5 -23 -93.25 17.5 -23 -77 17.5 -23 -93.25
4 16 -56.5 -23 -65.25 -54.5 -23 -69.25 -54.5 -23 -75.0591 -56.5 -23 -73
4 16 -34.8574 -23 -39.5226 -51.5 -23 -69.25 -54.5 -23 -69.25 -56.5 -23 -65.25
4 16 -20.5 -23 -96 -51.5 -23 -78.17815 -51.5 -23 -69.25 -34.8574 -23 -39.5226
4 16 -33.1 -23 -39.5226 -11.5 -23 -96 -20.5 -23 -96 -34.8574 -23 -39.5226
3 16 -11.5 -23 -96 -33.1 -23 -39.5226 17.5 -23 -73
3 16 17.5 -23 -73 -17.3787 -23 -109.1213 -11.5 -23 -100
3 16 -11.5 -23 -100 -11.5 -23 -96 17.5 -23 -73
3 16 -20.5 -23 -100 -19.5 -23 -110 -21.6213 -23 -109.1213
4 16 -17.3787 -23 -109.1213 -19.5 -23 -110 -20.5 -23 -100 -11.5 -23 -100
4 16 -21.6213 -23 -109.1213 -51.5 -23 -78.17815 -20.5 -23 -96 -20.5 -23 -100
4 16 -5.9 -23 -39.5226 17.5 -23 -65.25 17.5 -23 -73 -33.1 -23 -39.5226
4 16 -5.9 -23 -35.28 -5.9 -23 -39.5226 -33.1 -23 -39.5226 -33.1 -23 -35.28
3 16 17.5 -23 -65.25 -5.9 -23 -39.5226 -4.1426 -23 -39.5226
4 16 -33.1 -23 -35.28 -33.1 -23 -31.0374 -5.9 -23 -31.0374 -5.9 -23 -35.28
4 16 -54.5 -23 -7.75 15.5 -23 -7.75 -5.9 -23 -31.0374 -33.1 -23 -31.0374
3 16 -5.9 -23 -31.0374 15.5 -23 -7.75 -4.1426 -23 -31.0374
3 16 -54.5 -23 -7.75 -33.1 -23 -31.0374 -34.8574 -23 -31.0374
3 16 -37.8574 -23 -39.5226 -56.5 -23 -61.25 -36.1 -23 -35.28
3 16 -36.1 -23 -35.28 -56.5 -23 -61.25 -56.5 -23 -9.75
3 16 -36.1 -23 -35.28 -56.5 -23 -9.75 -37.8574 -23 -31.0374
3 16 17.5 -23 -61.25 -1.1426 -23 -39.5226 -2.9 -23 -35.28
3 16 17.5 -23 -61.25 -2.9 -23 -35.28 17.5 -23 -9.75
3 16 17.5 -23 -9.75 -2.9 -23 -35.28 -1.1426 -23 -31.0374
4 16 -57.5 .69446 -62.5119 -57.5 -6 -163.25 -59.5 -6 -163.25 -59.5 .69446 -62.5119
4 16 20.5 -12 -95.25 20.5 -12 -163.25 20 -12 -163.25 20 -12 -159.25
4 16 -59.5 -5.850822 -17.083178 -57.5 -5.850822 -17.083178 -57.5 -8.638716 -51.661078 -59.5 -8.638716 -51.661078
1 16 -54.5 .25 -5.75 0 0 -3 0 -1 4.75 -.5 0 0 rect.dat
4 16 -59.5 -6 -165.25 -57.5 -6 -163.25 20.5 -6 -163.25 20.5 -6 -165.25
3 16 -59.5 -6 -165.25 -59.5 -6 -163.25 -57.5 -6 -163.25
4 16 -57.5 5 -5.25 -57.5 5 -6.25 -59.5 5 -7.75 -59.5 5 -5.25
3 16 -57.5 5 -6.25 -57.5 5 -7.75 -59.5 5 -7.75
4 16 20 -12 -163.25 -57.5 -6 -163.25 -57.5 -16 -163.25 20 -16 -163.25
4 16 -51.5 -4.5 -6.25 -51.5 -13 -6.25 -57.5 -13 -6.25 -57.5 5 -6.25
4 16 -59.5 -27 -5.25 -51.5 -4.5 -5.25 -57.5 5 -5.25 -59.5 5 -5.25
1 16 -19.5 -16.5 -165.25 -40 0 0 0 0 10.5 0 1 0 rect3.dat
4 16 -51.5 -7 -5.25 -59.5 -27 -5.25 20.5 -27 -5.25 4.5 -7 -5.25
3 16 -59.5 -27 -5.25 -51.5 -7 -5.25 -51.5 -5.5 -5.25
3 16 -59.5 -27 -5.25 -51.5 -5.5 -5.25 -51.5 -4.5 -5.25
1 16 -50 -5 -5.25 1.5 0 0 0 0 .5 0 -1 0 rect2a.dat
1 16 -51.5 -8.75 -7 0 1 0 4.25 0 0 0 0 -.75 rect.dat
4 16 -51.5 -13 -7.75 -56.5 -13 -7.75 -57.5 -13 -6.25 -51.5 -13 -6.25
3 16 -56.5 -16 -55.25 -56.5 -19 -9.75 -56.5 -23 -9.75
4 16 -56.5 -16 -55.25 -56.5 -13 -7.75 -56.5 -19 -7.75 -56.5 -19 -9.75
4 16 -56.5 -23 -9.75 -56.5 -19 -61.25 -56.5 -16 -63.25 -56.5 -16 -55.25
3 16 -56.5 -23 -9.75 -56.5 -23 -61.25 -56.5 -19 -61.25
3 16 -56.5 -16 -63.25 -56.5 -19 -61.25 -56.5 -19 -65.25
3 16 -56.5 -16 -63.25 -56.5 -19 -65.25 -56.5 -19 -73
4 16 -56.5 -23 -73 -56.5 -19 -73 -56.5 -19 -65.25 -56.5 -23 -65.25
3 16 -56.5 -16 -63.25 -56.5 -19 -73 -56.5 -19 -77
3 16 -56.5 -23 -77 -56.5 -23 -135 -56.5 -19 -77
4 16 -56.5 -23 -135 -56.5 -19 -135 -56.5 -16 -63.25 -56.5 -19 -77
3 16 -56.5 -19 -135 -56.5 -19 -139.2962 -56.5 -16 -162.25
4 16 -56.5 -19 -139.2962 -56.5 -23 -139.2962 -56.5 -23 -162.25 -56.5 -16 -162.25
3 16 -56.5 -16 -55.25 -57.5 -16 -55.25 -57.5 -13 -6.25
3 16 -57.5 -13 -6.25 -56.5 -13 -7.75 -56.5 -16 -55.25
0 BFC INVERTNEXT
1 16 -57.5 -12 -55.25 0 1 0 -4 0 0 0 0 -8 1-4cylo.dat
1 16 -56.5 -12 -55.25 0 -1 0 -4 0 0 0 0 -8 1-4ndis.dat
4 16 -56.5 -12 -63.25 -56.5 -16 -63.25 -56.5 -19 -135 -56.5 -16 -162.25
3 16 -57.5 -12 -63.25 -56.5 -12 -63.25 -56.5 -16 -162.25
3 16 -56.5 -16 -162.25 -57.5 -16 -163.25 -57.5 -12 -63.25
4 16 -56.5 -16 -162.25 17.5 -16 -162.25 20 -16 -163.25 -57.5 -16 -163.25
4 16 20 -16 -159.25 20 -16 -163.25 17.5 -16 -162.25 17.5 -16 -159.25
4 16 20.5 -12 -95.25 20 -12 -159.25 17.5 -12 -159.25 17.5 -12 -101.25
0 BFC INVERTNEXT
1 16 18.75 -14 -161.25 0 0 1.25 2 0 0 0 2 0 box2-5.dat
4 16 -51.5 -4.5 -7.75 -51.5 -4.5 -6.25 -48.5 -4.5 -5.25 -48.5 -4.5 -7.75
3 16 -51.5 -4.5 -6.25 -51.5 -4.5 -5.25 -48.5 -4.5 -5.25
1 16 12.5 -4.5 -6.5 -8 0 0 0 -1 0 0 0 1.25 rect.dat
4 16 -51.5 -13 -7.75 -54.5 -19 -7.75 -56.5 -19 -7.75 -56.5 -13 -7.75
4 16 -54.5 -23 -7.75 -54.5 -19 -7.75 -51.5 -13 -7.75 15.5 -23 -7.75
4 16 15.5 -23 -7.75 -51.5 -13 -7.75 -51.5 -4.5 -7.75 -48.5 -4.5 -7.75
4 16 -39.5 -4.5 -7.75 15.5 -19 -7.75 15.5 -23 -7.75 -48.5 -4.5 -7.75
4 16 17.5 -19 -7.75 15.5 -19 -7.75 -39.5 -4.5 -7.75 17.5 -7 -7.75
3 16 -39.5 -4.5 -7.75 -4.5 -4.5 -7.75 17.5 -7 -7.75
3 16 17.5 -7 -7.75 -4.5 -4.5 -7.75 4.5 -4.5 -7.75
4 16 4.5 -4.5 -7.75 20.5 -4.5 -7.75 20.5 -7 -7.75 17.5 -7 -7.75
4 16 20.5 -7 -7.75 20.5 -19 -47.25 17.5 -19 -47.25 17.5 -7 -7.75
0 BFC INVERTNEXT
1 16 18.5 -4.2 -98.25 2 0 0 0 0 7.8 0 3 0 box2-5.dat
4 16 20.5 -27 -165.25 20.5 -12 -163.25 20.5 -12 -95.25 20.5 -19 -69.25
4 16 20.5 -19 -69.25 20.5 -12 -95.25 20.5 3.6 -95.25 20.5 3.6 -93.25
3 16 20.5 -19 -47.25 20.5 -7 -7.75 20.5 -27 -5.25
4 16 20.5 -27 -5.25 20.5 -7 -7.75 20.5 -4.5 -7.75 20.5 -4.5 -5.25
4 16 17.5 -23 -9.75 17.5 -19 -47.25 17.5 -19 -61.25 17.5 -23 -61.25
3 16 17.5 -23 -65.25 17.5 -19 -65.25 17.5 -19 -69.25
4 16 17.5 -23 -65.25 17.5 -19 -69.25 17.5 -19 -73 17.5 -23 -73
4 16 17.5 6.58214 -93.25 17.5 -23 -93.25 17.5 -23 -77 17.5 -19 -77
3 16 17.5 -23 -9.75 17.5 -19 -9.75 17.5 -19 -47.25
3 16 17.5 -19 -7.75 17.5 -7 -7.75 17.5 -19 -9.75
3 16 17.5 -19 -9.75 17.5 -7 -7.75 17.5 -19 -47.25
4 16 17.5 -23 -139.2962 17.5 -19 -139.2962 17.5 -12 -159.25 17.5 -16 -159.25
4 16 17.5 -12 -159.25 17.5 -19 -139.2962 17.5 -19 -135 17.5 -12 -101.25
4 16 17.5 -12 -101.25 17.5 -19 -135 17.5 -23 -135 17.5 -23 -101.25
4 16 17.5 -16 -159.25 17.5 -16 -162.25 17.5 -23 -162.25 17.5 -23 -139.2962
1 16 -19.5 -19.5 -162.25 0 0 -37 3.5 0 0 0 -1 0 rect.dat
4 16 -57.5 -12 -63.25 -57.5 .69446 -62.5119 -57.5 -3.11 -61.4534976206 -57.5 -13.5308 -62.6412
4 16 -57.5 -13.5308 -62.6412 -57.5 -3.11 -61.4534976206 -57.5 -6.2193322362 -59.0193901638 -57.5 -14.8284 -60.9068
4 16 -57.5 -14.8284 -60.9068 -57.5 -6.2193322362 -59.0193901638 -57.5 -8.1611159794 -55.5810327542 -57.5 -15.6956 -58.3116
4 16 -57.5 -15.6956 -58.3116 -57.5 -8.1611159794 -55.5810327542 -57.5 -8.638716 -51.661078 -57.5 -16 -55.25
4 16 -57.5 -16 -55.25 -57.5 -8.638716 -51.661078 -57.5 -5.850822 -17.083178 -57.5 -13 -6.25
3 16 -57.5 -5.850822 -17.083178 -57.5 -5.092 -6.991178 -57.5 -13 -6.25
4 16 20.5 6.58214 -93.25 18.5 6.58214 -93.25 17.5 4 -69.25 20.5 4 -69.25
3 16 17.5 4 -69.25 18.5 6.58214 -93.25 17.5 6.58214 -93.25
4 16 20.5 4 -69.25 17.5 4 -69.25 17.5 -19 -69.25 20.5 -19 -69.25
3 16 20.5 -19 -69.25 17.5 -19 -69.25 17.5 -19 -65.25
3 16 20.5 -19 -69.25 17.5 -19 -65.25 17.5 -19 -61.25
4 16 20.5 -19 -69.25 17.5 -19 -61.25 17.5 -19 -47.25 20.5 -19 -47.25
4 16 17.5 -19 -73 17.5 -19 -69.25 17.5 4 -69.25 17.5 6.58214 -93.25
3 16 17.5 -19 -73 17.5 6.58214 -93.25 17.5 -19 -77
4 16 20.5 6.58214 -93.25 20.5 4 -69.25 20.5 -19 -69.25 20.5 3.6 -93.25
4 16 16.5 6.58214 -101.25 17.5 6.58214 -93.25 18.5 6.58214 -93.25 18.5 6.58214 -101.25
3 16 16.5 6.58214 -101.25 16.5 6.58214 -93.25 17.5 6.58214 -93.25
4 16 18.5 6.58214 -101.25 18.5 6.58214 -93.25 20.5 3.6 -93.25 20.5 3.6 -95.25
3 16 20.5 3.6 -95.25 20.5 3.6 -101.25 18.5 6.58214 -101.25
3 16 20.5 6.58214 -93.25 20.5 3.6 -93.25 18.5 6.58214 -93.25
1 16 17 -8.20893 -93.25 0 0 -.5 14.79107 0 0 0 -1 0 rect.dat
4 16 16.5 3.6 -95.25 16.5 -12 -95.25 16.5 -23 -93.25 16.5 6.58214 -93.25
4 16 16.5 -12 -101.25 16.5 -12 -95.25 20.5 -12 -95.25 17.5 -12 -101.25
4 16 16.5 -23 -93.25 16.5 -12 -95.25 16.5 -12 -101.25 16.5 -23 -101.25
1 16 17 -17.5 -101.25 .5 0 0 0 0 -5.5 0 1 0 rect.dat
4 16 16.5 3.6 -101.25 16.5 3.6 -95.25 16.5 6.58214 -93.25 16.5 6.58214 -101.25
4 16 16.5 3.6 -101.25 16.5 6.58214 -101.25 18.5 6.58214 -101.25 20.5 3.6 -101.25
0 BFC INVERTNEXT
1 16 -52.5 -4.2 -98.25 2 0 0 0 0 7.8 0 3 0 box2-5.dat
4 16 -54.5 3.6 -95.25 -54.5 -12 -95.25 -54.5 -23 -79.03606 -54.5 3.6 -93.25
4 16 -54.5 -23 -79.03606 -54.5 -12 -95.25 -54.5 -12 -101.25 -54.5 -23 -101.25
4 16 -52.5 6.58214 -93.25 -54.5 6.58214 -93.25 -54.5 4 -69.25 -51.5 4 -69.25
3 16 -51.5 4 -69.25 -51.5 6.58214 -93.25 -52.5 6.58214 -93.25
1 16 -53 -9.5 -69.25 0 0 -1.5 13.5 0 0 0 -1 0 rect.dat
4 16 -51.5 4 -69.25 -51.5 -19 -78.17815 -51.5 -19 -82.09 -51.5 6.58214 -93.25
4 16 -51.5 -19 -82.09 -51.5 -23 -82.09 -51.5 -23 -93.25 -51.5 6.58214 -93.25
4 16 -51.5 -23 -78.17815 -51.5 -19 -78.17815 -51.5 4 -69.25 -51.5 -23 -69.25
4 16 -54.5 -23 -79.03606 -54.5 -19 -79.03606 -54.5 6.58214 -93.25 -54.5 3.6 -93.25
4 16 -54.5 -19 -75.0591 -54.5 4 -69.25 -54.5 6.58214 -93.25 -54.5 -19 -79.03606
4 16 -54.5 -23 -75.0591 -54.5 -23 -69.25 -54.5 4 -69.25 -54.5 -19 -75.0591
4 16 -51.5 6.58214 -93.25 -50.5 6.58214 -101.25 -52.5 6.58214 -101.25 -52.5 6.58214 -93.25
3 16 -51.5 6.58214 -93.25 -50.5 6.58214 -93.25 -50.5 6.58214 -101.25
4 16 -52.5 6.58214 -93.25 -52.5 6.58214 -101.25 -54.5 3.6 -101.25 -54.5 3.6 -95.25
3 16 -54.5 3.6 -95.25 -54.5 3.6 -93.25 -52.5 6.58214 -93.25
3 16 -52.5 6.58214 -93.25 -54.5 3.6 -93.25 -54.5 6.58214 -93.25
1 16 -51 -8.20893 -93.25 0 0 -.5 14.79107 0 0 0 -1 0 rect.dat
4 16 -50.5 -23 -93.25 -50.5 -12 -95.25 -50.5 3.6 -95.25 -50.5 6.58214 -93.25
4 16 -54.5 -12 -101.25 -54.5 -12 -95.25 -50.5 -12 -95.25 -53.5 -12 -101.25
4 16 -50.5 -12 -107.25 -50.5 -12 -95.25 -50.5 -23 -93.25 -50.5 -23 -107.25
1 16 -54 -17.5 -101.25 0 0 -.5 -5.5 0 0 0 1 0 rect3.dat
4 16 -50.5 6.58214 -93.25 -50.5 3.6 -95.25 -50.5 3.6 -101.25 -50.5 6.58214 -101.25
4 16 -54.5 3.6 -101.25 -52.5 6.58214 -101.25 -50.5 6.58214 -101.25 -50.5 3.6 -101.25
1 16 -52 -17.5 -104.25 0 0 -1.5 5.5 0 0 0 -3 0 box2-5.dat
4 16 -50.5 -12 -107.25 -53.5 -12 -107.25 -53.5 -12 -101.25 -50.5 -12 -95.25
1 16 -22 -6.25 -4.75 17.5 0 0 0 .75 0 0 0 .5 box2-5.dat
1 16 -22 -5 -6.5 17.5 0 0 0 0 .5 0 1.25 0 box2-7.dat
4 16 20.5 -4.5 -5.25 4.5 -4.5 -5.25 4.5 -5.5 -5.25 14.5 -5.5 -5.25
3 16 4.5 -7 -5.25 20.5 -27 -5.25 14.5 -7 -5.25
4 16 14.5 -5.5 -5.25 14.5 -7 -5.25 20.5 -27 -5.25 20.5 -4.5 -5.25
1 16 -50 -6.25 -4.75 -1.5 0 0 0 .75 0 0 0 .5 box3-3.dat
4 16 -51.5 -7 -5.25 4.5 -7 -5.25 -39.5 -7 -4.25 -48.5 -7 -4.25
3 16 -48.5 -7 -4.25 -51.5 -7 -4.25 -51.5 -7 -5.25
3 16 -4.5 -7 -4.25 -39.5 -7 -4.25 4.5 -7 -5.25
3 16 -4.5 -7 -4.25 4.5 -7 -5.25 4.5 -7 -4.25
0 BFC INVERTNEXT
1 16 -48.5 0 0 0 9 0 0 0 -5 5 0 0 7-16cylo.dat
1 16 -44 -3.5 -7.75 -4.5 0 0 0 0 1 0 1 0 rect3.dat
1 16 -44 -2.20675 -6.18475 -4.5 0 0 0 -1 .29325 0 0 1.56525 rect3.dat
4 16 -39.5 -4.5 -7.75 -39.5 -2.5 -7.75 -39.5 -1.9135 -4.6195 -39.5 -4.5 -5.25
4 16 -39.5 -1.9135 -4.6195 -39.5 -5.5 -4.25 -39.5 -5.5 -5.25 -39.5 -4.5 -5.25
4 16 -39.5 -7 .5 -48.5 -7 .5 -48.5 -7 -4.25 -39.5 -7 -4.25
3 16 -39.5 -1.9135 -4.6195 -39.5 -3.5355 -3.5355 -39.5 -5.5 -4.25
3 16 -39.5 -5.5 -4.25 -39.5 -3.5355 -3.5355 -39.5 -4.6195 -1.9135
4 16 -39.5 -4.6195 -1.9135 -39.5 -5 0 -39.5 -5.25 .5 -39.5 -5.5 -4.25
4 16 -39.5 -7 -4.25 -39.5 -5.5 -4.25 -39.5 -5.25 .5 -39.5 -7 .5
1 16 -48.5 0 .5 0 9 0 0 0 -7 6 0 0 1-4cylo.dat
1 16 -39.5 0 .5 0 -1 0 -7 0 0 0 0 6 1-8chrd.dat
1 16 -39.5 0 .5 0 -1 0 0 0 -7 6 0 0 1-8chrd.dat
1 16 -39.5 0 0 0 -1 0 0 0 -5 5 0 0 1-8tndis.dat
1 16 -39.5 0 0 0 -1 0 -5 0 0 0 0 5 1-8tndis.dat
3 16 -39.5 -7 .5 -39.5 -5 0 -39.5 -5 3.536
3 16 -39.5 -7 .5 -39.5 -5 3.536 -39.5 -4.95 4.743
4 16 -39.5 -3.536 5 -39.5 -4.95 4.743 -39.5 -5 3.536 -39.5 -3.536 3.536
3 16 -39.5 -4.95 4.743 -39.5 -3.536 5 -39.5 0 6.5
3 16 -39.5 0 6.5 -39.5 -3.536 5 -39.5 0 5
1 16 -48.5 0 .5 0 1 0 -7 0 0 0 0 6 1-8chrd.dat
1 16 -48.5 0 .5 0 1 0 0 0 -7 6 0 0 1-8chrd.dat
1 16 -48.5 0 0 0 1 0 0 0 -5 5 0 0 1-8tndis.dat
1 16 -48.5 0 0 0 1 0 -5 0 0 0 0 5 1-8tndis.dat
3 16 -48.5 -5 0 -48.5 -7 .5 -48.5 -5 3.536
3 16 -48.5 -5 3.536 -48.5 -7 .5 -48.5 -4.95 4.743
4 16 -48.5 -5 3.536 -48.5 -4.95 4.743 -48.5 -3.536 5 -48.5 -3.536 3.536
3 16 -48.5 -3.536 5 -48.5 -4.95 4.743 -48.5 0 6.5
3 16 -48.5 -3.536 5 -48.5 0 6.5 -48.5 0 5
4 16 -39.5 0 5 -48.5 0 5 -48.5 0 6.5 -39.5 0 6.5
4 16 -48.5 -1.9135 -4.6195 -48.5 -2.5 -7.75 -48.5 -4.5 -7.75 -48.5 -4.5 -5.25
4 16 -48.5 -5.5 -5.25 -48.5 -5.5 -4.25 -48.5 -1.9135 -4.6195 -48.5 -4.5 -5.25
3 16 -48.5 -3.5355 -3.5355 -48.5 -1.9135 -4.6195 -48.5 -5.5 -4.25
3 16 -48.5 -3.5355 -3.5355 -48.5 -5.5 -4.25 -48.5 -4.6195 -1.9135
4 16 -48.5 -5.25 .5 -48.5 -5 0 -48.5 -4.6195 -1.9135 -48.5 -5.5 -4.25
4 16 -48.5 -5.25 .5 -48.5 -5.5 -4.25 -48.5 -7 -4.25 -48.5 -7 .5
0 BFC INVERTNEXT
1 16 -4.5 0 0 0 9 0 0 0 -5 5 0 0 7-16cylo.dat
1 16 0 -3.5 -7.75 -4.5 0 0 0 0 1 0 1 0 rect3.dat
1 16 0 -2.20675 -6.18475 -4.5 0 0 0 -1 .29325 0 0 1.56525 rect3.dat
4 16 4.5 -4.5 -7.75 4.5 -2.5 -7.75 4.5 -1.9135 -4.6195 4.5 -4.5 -5.25
4 16 4.5 -1.9135 -4.6195 4.5 -5.5 -4.25 4.5 -5.5 -5.25 4.5 -4.5 -5.25
1 16 0 -7 -1.875 0 0 4.5 0 1 0 -2.375 0 0 rect2p.dat
3 16 4.5 -1.9135 -4.6195 4.5 -3.5355 -3.5355 4.5 -5.5 -4.25
3 16 4.5 -5.5 -4.25 4.5 -3.5355 -3.5355 4.5 -4.6195 -1.9135
3 16 4.5 -5.5 -4.25 4.5 -4.6195 -1.9135 4.5 -5 0
4 16 4.5 -7 -4.25 4.5 -5.5 -4.25 4.5 -5 0 4.5 -7 .5
1 16 -4.5 0 .5 0 9 0 0 0 -7 6 0 0 1-4cylo.dat
1 16 4.5 0 0.5 0 -1 0 -7 0 0 0 0 6 1-8chrd.dat
1 16 4.5 0 0.5 0 -1 0 0 0 -7 6 0 0 1-8chrd.dat
1 16 4.5 0 0 0 -1 0 0 0 -5 5 0 0 1-8tndis.dat
1 16 4.5 0 0 0 -1 0 -5 0 0 0 0 5 1-8tndis.dat
3 16 4.5 -7 .5 4.5 -5 0 4.5 -5 3.5355
3 16 4.5 -7 .5 4.5 -5 3.5355 4.5 -4.9497 4.7426
4 16 4.5 -3.5355 5 4.5 -4.9497 4.7426 4.5 -5 3.5355 4.5 -3.5355 3.5355
3 16 4.5 -4.9497 4.7426 4.5 -3.5355 5 4.5 0 6.5
3 16 4.5 0 6.5 4.5 -3.5355 5 4.5 0 5
1 16 -4.5 0 .5 0 1 0 -7 0 0 0 0 6 1-8chrd.dat
1 16 -4.5 0 .5 0 1 0 0 0 -7 6 0 0 1-8chrd.dat
1 16 -4.5 0 0 0 1 0 0 0 -5 5 0 0 1-8tndis.dat
1 16 -4.5 0 0 0 1 0 -5 0 0 0 0 5 1-8tndis.dat
3 16 -4.5 -5 0 -4.5 -7 .5 -4.5 -5 3.536
3 16 -4.5 -5 3.536 -4.5 -7 .5 -4.5 -4.95 4.743
4 16 -4.5 -5 3.536 -4.5 -4.95 4.743 -4.5 -3.536 5 -4.5 -3.536 3.536
3 16 -4.5 -3.536 5 -4.5 -4.95 4.743 -4.5 0 6.5
3 16 -4.5 -3.536 5 -4.5 0 6.5 -4.5 0 5
1 16 0 0 5.75 -4.5 0 0 0 -1 0 0 0 .75 rect.dat
4 16 -4.5 -1.9135 -4.6195 -4.5 -2.5 -7.75 -4.5 -4.5 -7.75 -4.5 -4.5 -5.25
4 16 -4.5 -5.5 -5.25 -4.5 -5.5 -4.25 -4.5 -1.9135 -4.6195 -4.5 -4.5 -5.25
3 16 -4.5 -3.5355 -3.5355 -4.5 -1.9135 -4.6195 -4.5 -5.5 -4.25
3 16 -4.5 -3.5355 -3.5355 -4.5 -5.5 -4.25 -4.5 -4.6195 -1.9135
4 16 -4.5 -5.25 .5 -4.5 -5 0 -4.5 -4.6195 -1.9135 -4.5 -5.5 -4.25
4 16 -4.5 -5.25 .5 -4.5 -5.5 -4.25 -4.5 -7 -4.25 -4.5 -7 .5
2 24 -13.9566 -23 -139.2962 -15.2574 -23 -141.2426
2 24 -15.2574 -23 -141.2426 -17.2038 -23 -142.5434
2 24 -25.0434 -23 -139.2962 -23.7426 -23 -141.2426
2 24 -23.7426 -23 -141.2426 -21.7962 -23 -142.5434
2 24 -48.5 0 5 -48.5 -1.9135 4.6195
2 24 -48.5 -1.9135 4.6195 -48.5 -3.5355 3.5355
2 24 -48.5 -3.5355 3.5355 -48.5 -4.6195 1.9135
2 24 -48.5 -4.6195 1.9135 -48.5 -5 0
2 24 -48.5 -5 0 -48.5 -4.6195 -1.9135
2 24 -48.5 -4.6195 -1.9135 -48.5 -3.5355 -3.5355
2 24 -48.5 -3.5355 -3.5355 -48.5 -1.9135 -4.6195
2 24 -39.5 0 5 -39.5 -1.9135 4.6195
2 24 -39.5 -1.9135 4.6195 -39.5 -3.5355 3.5355
2 24 -39.5 -3.5355 3.5355 -39.5 -4.6195 1.9135
2 24 -39.5 -4.6195 1.9135 -39.5 -5 0
2 24 -39.5 -5 0 -39.5 -4.6195 -1.9135
2 24 -39.5 -4.6195 -1.9135 -39.5 -3.5355 -3.5355
2 24 -39.5 -3.5355 -3.5355 -39.5 -1.9135 -4.6195
2 24 -48.5 0 6.5 -48.5 -2.6789 6.0434
2 24 -48.5 -2.6789 6.0434 -48.5 -4.9497 4.7426
2 24 -48.5 -4.9497 4.7426 -48.5 -6.4673 2.7962
2 24 -48.5 -6.4673 2.7962 -48.5 -7 .5
2 24 -39.5 0 6.5 -39.5 -2.6789 6.0434
2 24 -39.5 -2.6789 6.0434 -39.5 -4.9497 4.7426
2 24 -39.5 -4.9497 4.7426 -39.5 -6.4673 2.7962
2 24 -39.5 -6.4673 2.7962 -39.5 -7 .5
2 24 -4.5 0 5 -4.5 -1.9135 4.6195
2 24 -4.5 -1.9135 4.6195 -4.5 -3.5355 3.5355
2 24 -4.5 -3.5355 3.5355 -4.5 -4.6195 1.9135
2 24 -4.5 -4.6195 1.9135 -4.5 -5 0
2 24 -4.5 -5 0 -4.5 -4.6195 -1.9135
2 24 -4.5 -4.6195 -1.9135 -4.5 -3.5355 -3.5355
2 24 -4.5 -3.5355 -3.5355 -4.5 -1.9135 -4.6195
2 24 4.5 0 5 4.5 -1.9135 4.6195
2 24 4.5 -1.9135 4.6195 4.5 -3.5355 3.5355
2 24 4.5 -3.5355 3.5355 4.5 -4.6195 1.9135
2 24 4.5 -4.6195 1.9135 4.5 -5 0
2 24 4.5 -5 0 4.5 -4.6195 -1.9135
2 24 4.5 -4.6195 -1.9135 4.5 -3.5355 -3.5355
2 24 4.5 -3.5355 -3.5355 4.5 -1.9135 -4.6195
2 24 -4.5 0 6.5 -4.5 -2.6789 6.0434
2 24 -4.5 -2.6789 6.0434 -4.5 -4.9497 4.7426
2 24 -4.5 -4.9497 4.7426 -4.5 -6.4673 2.7962
2 24 -4.5 -6.4673 2.7962 -4.5 -7 .5
2 24 4.5 0 6.5 4.5 -2.6789 6.0434
2 24 4.5 -2.6789 6.0434 4.5 -4.9497 4.7426
2 24 4.5 -4.9497 4.7426 4.5 -6.4673 2.7962
2 24 4.5 -6.4673 2.7962 4.5 -7 .5
2 24 -54.5 -23 -7.75 15.5 -23 -7.75
2 24 -57.5 -16 -163.25 -57.5 -6 -163.25
2 24 17.5 -23 -162.25 17.5 -23 -139.2962
2 24 16.5 6.58214 -101.25 16.5 6.58214 -93.25
2 24 -51.5 4 -69.25 -51.5 6.58214 -93.25
2 24 -57.5 -16 -163.25 -57.5 -12 -63.25
2 24 20.5 -4.5 -5.25 20.5 -27 -5.25
2 24 -54.5 3.6 -93.25 -54.5 6.58214 -93.25
2 24 4.5 -5.5 -5.25 4.5 -4.5 -5.25
2 24 -57.5 -16 -163.25 20 -16 -163.25
2 24 20.5 -12 -163.25 20.5 -12 -95.25
2 24 -54.5 -12 -101.25 -54.5 -12 -95.25
2 24 -48.5 -7 .5 -48.5 -7 -4.25
2 24 -48.5 0 5 -48.5 0 6.5
2 24 -39.5 0 6.5 -48.5 0 6.5
2 24 20.5 -19 -47.25 20.5 -7 -7.75
2 24 20.5 3.6 -93.25 18.5 6.58214 -93.25
2 24 -52.5 6.58214 -101.25 -50.5 6.58214 -101.25
2 24 -54.5 3.6 -101.25 -52.5 6.58214 -101.25
2 24 -54.5 6.58214 -93.25 -54.5 4 -69.25
2 24 -50.5 6.58214 -93.25 -50.5 6.58214 -101.25
2 24 20.5 -6 -165.25 20.5 -6 -163.25
2 24 17.5 -7 -7.75 20.5 -7 -7.75
2 24 -56.5 -12 -63.25 -56.5 -16 -162.25
2 24 18.5 6.58214 -93.25 20.5 6.58214 -93.25
2 24 -57.5 -6 -163.25 -57.5 .69446 -62.5119
2 24 -57.5 .69446 -62.5119 -59.5 .69446 -62.5119
2 24 -56.5 -16 -55.25 -56.5 -13 -7.75
2 24 -39.5 0 5 -39.5 0 6.5
2 24 -39.5 0 5 -48.5 0 5
2 24 4.5 -7 -5.25 -51.5 -7 -5.25
2 24 20.5 -6 -163.25 -57.5 -6 -163.25
2 24 -39.5 -7 -4.25 -39.5 -7 .5
2 24 -57.5 5 -6.25 -57.5 5 -7.75
2 24 -59.5 5 -7.75 -57.5 5 -7.75
2 24 -51.5 -23 -93.25 -51.5 -23 -82.09
2 24 -48.5 -4.5 -5.25 -48.5 -4.5 -7.75
2 24 20.5 -7 -7.75 20.5 -4.5 -7.75
2 24 -48.5 -4.5 -7.75 -51.5 -4.5 -7.75
2 24 16.5 6.58214 -101.25 16.5 3.6 -101.25
2 24 -54.5 6.58214 -93.25 -52.5 6.58214 -93.25
2 24 -52.5 6.58214 -101.25 -52.5 6.58214 -93.25
2 24 -50.5 -12 -107.25 -50.5 -12 -95.25
2 24 -59.5 -6 -165.25 -59.5 -6 -163.25
2 24 -50.5 3.6 -101.25 -50.5 6.58214 -101.25
2 24 20 -12 -163.25 20.5 -12 -163.25
2 24 17.5 6.58214 -93.25 17.5 4 -69.25
2 24 -57.5 -8.638716 -51.661078 -57.5 -5.850822 -17.083178
2 24 17.5 -23 -61.25 17.5 -23 -9.75
2 24 -59.5 .69446 -62.5119 -59.5 -6 -163.25
2 24 20.5 6.58214 -93.25 20.5 4 -69.25
2 24 -50.5 -23 -93.25 -50.5 -23 -107.25
5 24 -52.5 6.58214 -101.25 -52.5 6.58214 -93.25 -51.5 6.58214 -93.25 -54.5 3.6 -101.25
2 24 17.5 -12 -101.25 17.5 -12 -159.25
2 24 20.5 3.6 -101.25 18.5 6.58214 -101.25
2 24 -56.5 -13 -7.75 -56.5 -19 -7.75
2 24 -54.5 3.6 -93.25 -52.5 6.58214 -93.25
2 24 -59.5 -5.850822 -17.083178 -59.5 -8.638716 -51.661078
2 24 20.5 -12 -163.25 20.5 -6 -163.25
2 24 -57.5 -13 -6.25 -57.5 5 -6.25
2 24 -57.5 -16 -55.25 -57.5 -13 -6.25
2 24 -59.5 5 -5.25 -59.5 -27 -5.25
2 24 17.5 -19 -7.75 17.5 -7 -7.75
2 24 -57.5 5 -5.25 -59.5 5 -5.25
2 24 18.5 6.58214 -101.25 16.5 6.58214 -101.25
2 24 18.5 6.58214 -101.25 18.5 6.58214 -93.25
2 24 -59.5 5 -5.25 -59.5 5 -7.75
2 24 -54.5 -23 -79.03606 -54.5 -23 -101.25
2 24 20.5 6.58214 -93.25 20.5 3.6 -93.25
2 24 16.5 -23 -93.25 16.5 -23 -101.25
2 24 -57.5 -13 -6.25 -51.5 -13 -6.25
2 24 -56.5 -23 -61.25 -56.5 -23 -9.75
2 24 17.5 -7 -7.75 17.5 -19 -47.25
2 24 17.5 -16 -159.25 17.5 -16 -162.25
2 24 -51.5 -13 -7.75 -56.5 -13 -7.75
2 24 16.5 -12 -101.25 16.5 -12 -95.25
2 24 -21.7962 -23 -142.5434 -21.0528 -23 -142.69122
2 24 -17.2038 -23 -142.5434 -17.9472 -23 -142.69122
2 24 -39.5 -4.5 -7.75 -4.5 -4.5 -7.75
4 16 -25.0434 -23 -139.2962 -56.5 -23 -139.2962 -56.5 -19 -139.2962 -25.0434 -19 -139.2962
4 16 -51.5 -19 -137 -51.5 -23 -137 -25.5 -23 -137 -25.5 -19 -137
0 BFC INVERTNEXT
1 16 -51.5 -23 -135 -2 0 0 0 4 0 0 0 -2 1-4cylo.dat
1 16 -51.5 -23 -135 -2 0 0 0 -1 0 0 0 -2 1-4chrd.dat
1 16 -51.5 -19 -135 -2 0 0 0 -1 0 0 0 -2 1-4ndis.dat
4 16 -56.5 -19 -135 -56.5 -23 -135 -36.83728 -23 -101.54272 -36.83728 -19 -101.54272
4 16 -34.4142 -23 -102.5058 -53.5 -23 -135 -53.5 -19 -135 -34.4142 -19 -102.5058
4 16 -13.9566 -19 -139.2962 17.5 -19 -139.2962 17.5 -23 -139.2962 -13.9566 -23 -139.2962
4 16 12.5 -23 -137 12.5 -19 -137 -13.5 -19 -137 -13.5 -23 -137
0 BFC INVERTNEXT
1 16 12.5 -19 -135 2 0 0 0 -4 0 0 0 -2 1-4cylo.dat
1 16 12.5 -23 -135 2 0 0 0 -1 0 0 0 -2 1-4chrd.dat
1 16 12.5 -19 -135 2 0 0 0 -1 0 0 0 -2 1-4ndis.dat
4 16 17.5 -23 -135 17.5 -19 -135 -2.16272 -19 -101.54272 -2.16272 -23 -101.54272
4 16 -4.5858 -19 -102.5058 14.5 -19 -135 14.5 -23 -135 -4.5858 -23 -102.5058
1 16 -19.5 -23 -112 0 0 -2 0 4 0 -2 0 0 1-8cylo.dat
1 16 -19.5 -19 -112 0 0 -2 0 -1 0 -2 0 0 1-8disc.dat
1 16 -19.5 -23 -112 0 0 -2 0 -1 0 -2 0 0 1-8tndis.dat
1 16 -19.5 -23 -112 0 0 2 0 4 0 -2 0 0 1-8cylo.dat
1 16 -19.5 -19 -112 0 0 2 0 -1 0 -2 0 0 1-8disc.dat
1 16 -19.5 -23 -112 0 0 2 0 -1 0 -2 0 0 1-8tndis.dat
4 16 -20.9142 -19 -113.4142 -20.9142 -23 -113.4142 -31.5858 -23 -102.5058 -31.5858 -19 -102.5058
4 16 -56.5 -23 -77 -56.5 -19 -77 -54.5 -19 -79.03606 -54.5 -23 -79.03606
4 16 -56.5 -23 -73 -54.5 -23 -75.0591 -54.5 -19 -75.0591 -56.5 -19 -73
4 16 -54.5 -19 -79.03606 -56.5 -19 -77 -56.5 -19 -73 -54.5 -19 -75.0591
4 16 -21.6213 -23 -109.1213 -21.6213 -19 -109.1213 -51.5 -19 -78.17815 -51.5 -23 -78.17815
4 16 -51.5 -19 -82.09 -36.83728 -19 -97.01728 -36.83728 -23 -97.01728 -51.5 -23 -82.09
4 16 -35.9 -19 -96.08 -36.83728 -19 -97.01728 -51.5 -19 -82.09 -51.5 -19 -78.17815
0 BFC INVERTNEXT
1 16 -33 -23 -103.92 0 0 2 0 4 0 2 0 0 1-8cylo.dat
1 16 -33 -19 -103.92 0 0 2 0 -1 0 2 0 0 1-8tndis.dat
1 16 -33 -23 -103.92 0 0 2 0 -1 0 2 0 0 1-8chrd.dat
0 BFC INVERTNEXT
1 16 -33 -23 -103.92 0 0 -2 0 4 0 2 0 0 1-8cylo.dat
1 16 -33 -19 -103.92 0 0 -2 0 -1 0 2 0 0 1-8tndis.dat
1 16 -33 -23 -103.92 0 0 -2 0 -1 0 2 0 0 1-8chrd.dat
0 BFC INVERTNEXT
1 16 -39.1 -23 -99.28 3.2 0 0 0 4 0 0 0 -3.2 1-8cylo.dat
1 16 -39.1 -19 -99.28 3.2 0 0 0 -1 0 0 0 -3.2 1-8ndis.dat
1 16 -39.1 -23 -99.28 3.2 0 0 0 -1 0 0 0 -3.2 1-8chrd.dat
0 BFC INVERTNEXT
1 16 -39.1 -23 -99.28 3.2 0 0 0 4 0 0 0 3.2 1-8cylo.dat
1 16 -39.1 -19 -99.28 3.2 0 0 0 -1 0 0 0 3.2 1-8ndis.dat
1 16 -39.1 -23 -99.28 3.2 0 0 0 -1 0 0 0 3.2 1-8chrd.dat
0 BFC INVERTNEXT
1 16 -19.5 -23 -107 0 0 -3 0 4 0 -3 0 0 1-8cylo.dat
1 16 -19.5 -19 -107 0 0 -3 0 -1 0 -3 0 0 1-8ndis.dat
1 16 -19.5 -23 -107 0 0 -3 0 -1 0 -3 0 0 1-8chrd.dat
0 BFC INVERTNEXT
1 16 -19.5 -23 -107 0 0 3 0 4 0 -3 0 0 1-8cylo.dat
1 16 -19.5 -19 -107 0 0 3 0 -1 0 -3 0 0 1-8ndis.dat
1 16 -19.5 -23 -107 0 0 3 0 -1 0 -3 0 0 1-8chrd.dat
4 16 -18.0858 -23 -113.4142 -18.0858 -19 -113.4142 -7.4142 -19 -102.5058 -7.4142 -23 -102.5058
4 16 -2.16272 -19 -97.01728 17.5 -19 -77 17.5 -23 -77 -2.16272 -23 -97.01728
4 16 17.5 -19 -73 -17.3787 -19 -109.1213 -17.3787 -23 -109.1213 17.5 -23 -73
0 BFC INVERTNEXT
1 16 -6 -19 -103.92 0 0 -2 0 -4 0 2 0 0 1-8cylo.dat
1 16 -6 -19 -103.92 0 0 -2 0 -1 0 2 0 0 1-8tndis.dat
1 16 -6 -23 -103.92 0 0 -2 0 -1 0 2 0 0 1-8chrd.dat
0 BFC INVERTNEXT
1 16 -6 -19 -103.92 0 0 2 0 -4 0 2 0 0 1-8cylo.dat
1 16 -6 -19 -103.92 0 0 2 0 -1 0 2 0 0 1-8tndis.dat
1 16 -6 -23 -103.92 0 0 2 0 -1 0 2 0 0 1-8chrd.dat
0 BFC INVERTNEXT
1 16 .1 -19 -99.28 -3.2 0 0 0 -4 0 0 0 -3.2 1-8cylo.dat
1 16 .1 -19 -99.28 -3.2 0 0 0 -1 0 0 0 -3.2 1-8tndis.dat
1 16 .1 -23 -99.28 -3.2 0 0 0 -1 0 0 0 -3.2 1-8chrd.dat
0 BFC INVERTNEXT
1 16 .1 -19 -99.28 -3.2 0 0 0 -4 0 0 0 3.2 1-8cylo.dat
1 16 .1 -19 -99.28 -3.2 0 0 0 -1 0 0 0 3.2 1-8tndis.dat
1 16 .1 -23 -99.28 -3.2 0 0 0 -1 0 0 0 3.2 1-8chrd.dat
4 16 -51.5 -19 -137 -25.5 -19 -137 -25.0434 -19 -139.2962 -56.5 -19 -139.2962
3 16 -53.5 -19 -137 -51.5 -19 -137 -56.5 -19 -139.2962
4 16 -53.5 -19 -137 -56.5 -19 -139.2962 -56.5 -19 -135 -53.5 -19 -135
3 16 -35.9 -19 -102.48 -56.5 -19 -135 -36.83728 -19 -101.54272
4 16 -53.5 -19 -135 -56.5 -19 -135 -35.9 -19 -102.48 -34.4142 -19 -102.5058
4 16 -34.4142 -19 -101.92 -34.4142 -19 -102.5058 -35.9 -19 -102.48 -35.9 -19 -99.28
4 16 -34.4142 -19 -101.92 -35.9 -19 -99.28 -35.9 -19 -96.08 -33 -19 -101.92
3 16 -31.5858 -19 -101.92 -33 -19 -101.92 -35.9 -19 -96.08
4 16 -51.5 -19 -78.17815 -21.6213 -19 -109.1213 -22.5 -19 -110 -35.9 -19 -96.08
3 16 -35.9 -19 -96.08 -22.5 -19 -110 -31.5858 -19 -101.92
4 16 -31.5858 -19 -102.5058 -31.5858 -19 -101.92 -22.5 -19 -110 -20.9142 -19 -113.4142
4 16 -19.5 -19 -112 -20.9142 -19 -113.4142 -22.5 -19 -110 -19.5 -19 -110
4 16 -18.0858 -19 -113.4142 -19.5 -19 -112 -19.5 -19 -110 -16.5 -19 -110
3 16 -18.0858 -19 -113.4142 -16.5 -19 -110 -7.4142 -19 -102.5058
3 16 -7.4142 -19 -101.92 -17.3787 -19 -109.1213 -3.1 -19 -97.01728
4 16 -7.4142 -19 -102.5058 -16.5 -19 -110 -17.3787 -19 -109.1213 -7.4142 -19 -101.92
4 16 17.5 -19 -77 -3.1 -19 -97.01728 -17.3787 -19 -109.1213 17.5 -19 -73
3 16 -2.16272 -19 -97.01728 -3.1 -19 -97.01728 17.5 -19 -77
4 16 -6 -19 -101.92 -7.4142 -19 -101.92 -3.1 -19 -97.01728 -3.1 -19 -99.28
4 16 -3.1 -19 -99.28 -3.1 -19 -101.54272 -4.5858 -19 -101.92 -6 -19 -101.92
4 16 -3.1 -19 -101.54272 17.5 -19 -135 14.5 -19 -135 -4.5858 -19 -101.92
3 16 14.5 -19 -135 -4.5858 -19 -102.5058 -4.5858 -19 -101.92
3 16 17.5 -19 -135 -3.1 -19 -101.54272 -2.16272 -19 -101.54272
4 16 14.5 -19 -137 14.5 -19 -135 17.5 -19 -135 17.5 -19 -139.2962
3 16 14.5 -19 -137 17.5 -19 -139.2962 12.5 -19 -137
4 16 -13.5 -19 -137 12.5 -19 -137 17.5 -19 -139.2962 -13.9566 -19 -139.2962
4 16 -34.8574 -19 -31.0374 -54.5 -19 -7.75 -54.5 -23 -7.75 -34.8574 -23 -31.0374
4 16 -56.5 -23 -9.75 -56.5 -19 -9.75 -37.8574 -19 -31.0374 -37.8574 -23 -31.0374
4 16 -34.8574 -23 -39.5226 -56.5 -23 -65.25 -56.5 -19 -65.25 -34.8574 -19 -39.5226
4 16 -56.5 -19 -61.25 -56.5 -23 -61.25 -37.8574 -23 -39.5226 -37.8574 -19 -39.5226
1 16 -39.1 -23 -35.28 6 0 0 0 4 0 0 0 -6 1-8cylo.dat
1 16 -39.1 -19 -35.28 6 0 0 0 -1 0 0 0 -6 1-8chrd.dat
1 16 -39.1 -23 -35.28 6 0 0 0 -1 0 0 0 -6 1-8tndis.dat
1 16 -39.1 -23 -35.28 6 0 0 0 4 0 0 0 6 1-8cylo.dat
1 16 -39.1 -19 -35.28 6 0 0 0 -1 0 0 0 6 1-8chrd.dat
1 16 -39.1 -23 -35.28 6 0 0 0 -1 0 0 0 6 1-8tndis.dat
0 BFC INVERTNEXT
1 16 -42.1 -23 -35.28 6 0 0 0 4 0 0 0 -6 1-8cylo.dat
1 16 -42.1 -19 -35.28 6 0 0 0 -1 0 0 0 -6 1-8tndis.dat
1 16 -42.1 -23 -35.28 6 0 0 0 -1 0 0 0 -6 1-8chrd.dat
0 BFC INVERTNEXT
1 16 -42.1 -23 -35.28 6 0 0 0 4 0 0 0 6 1-8cylo.dat
1 16 -42.1 -19 -35.28 6 0 0 0 -1 0 0 0 6 1-8tndis.dat
1 16 -42.1 -23 -35.28 6 0 0 0 -1 0 0 0 6 1-8chrd.dat
4 16 -4.1426 -23 -31.0374 15.5 -23 -7.75 15.5 -19 -7.75 -4.1426 -19 -31.0374
4 16 17.5 -19 -9.75 17.5 -23 -9.75 -1.1426 -23 -31.0374 -1.1426 -19 -31.0374
4 16 -4.1426 -19 -39.5226 17.5 -19 -65.25 17.5 -23 -65.25 -4.1426 -23 -39.5226
4 16 17.5 -23 -61.25 17.5 -19 -61.25 -1.1426 -19 -39.5226 -1.1426 -23 -39.5226
1 16 .1 -19 -35.28 -6 0 0 0 -4 0 0 0 -6 1-8cylo.dat
1 16 .1 -19 -35.28 -6 0 0 0 -1 0 0 0 -6 1-8chrd.dat
1 16 .1 -23 -35.28 -6 0 0 0 -1 0 0 0 -6 1-8tndis.dat
1 16 .1 -19 -35.28 -6 0 0 0 -4 0 0 0 6 1-8cylo.dat
1 16 .1 -19 -35.28 -6 0 0 0 -1 0 0 0 6 1-8chrd.dat
1 16 .1 -23 -35.28 -6 0 0 0 -1 0 0 0 6 1-8tndis.dat
0 BFC INVERTNEXT
1 16 3.1 -19 -35.28 -6 0 0 0 -4 0 0 0 -6 1-8cylo.dat
1 16 3.1 -19 -35.28 -6 0 0 0 -1 0 0 0 -6 1-8tndis.dat
1 16 3.1 -23 -35.28 -6 0 0 0 -1 0 0 0 -6 1-8chrd.dat
0 BFC INVERTNEXT
1 16 3.1 -19 -35.28 -6 0 0 0 -4 0 0 0 6 1-8cylo.dat
1 16 3.1 -19 -35.28 -6 0 0 0 -1 0 0 0 6 1-8tndis.dat
1 16 3.1 -23 -35.28 -6 0 0 0 -1 0 0 0 6 1-8chrd.dat
4 16 -37.8574 -19 -31.0374 -56.5 -19 -9.75 -54.5 -19 -7.75 -36.1 -19 -31.0374
3 16 -54.5 -19 -7.75 -34.8574 -19 -31.0374 -36.1 -19 -31.0374
3 16 -54.5 -19 -7.75 -56.5 -19 -9.75 -56.5 -19 -7.75
4 16 -36.1 -19 -31.0374 -34.8574 -19 -31.0374 -33.1 -19 -35.28 -36.1 -19 -35.28
4 16 -36.1 -19 -35.28 -33.1 -19 -35.28 -34.8574 -19 -39.5226 -36.1 -19 -39.5226
4 16 -37.8574 -19 -39.5226 -36.1 -19 -39.5226 -56.5 -19 -65.25 -56.5 -19 -61.25
3 16 -36.1 -19 -39.5226 -34.8574 -19 -39.5226 -56.5 -19 -65.25
4 16 15.5 -19 -7.75 17.5 -19 -9.75 -1.1426 -19 -31.0374 -2.9 -19 -31.0374
3 16 -2.9 -19 -31.0374 -4.1426 -19 -31.0374 15.5 -19 -7.75
3 16 17.5 -19 -9.75 15.5 -19 -7.75 17.5 -19 -7.75
4 16 -4.1426 -19 -31.0374 -2.9 -19 -31.0374 -2.9 -19 -35.28 -5.9 -19 -35.28
4 16 -5.9 -19 -35.28 -2.9 -19 -35.28 -2.9 -19 -39.5226 -4.1426 -19 -39.5226
4 16 -2.9 -19 -39.5226 -1.1426 -19 -39.5226 17.5 -19 -61.25 17.5 -19 -65.25
3 16 -4.1426 -19 -39.5226 -2.9 -19 -39.5226 17.5 -19 -65.25
2 24 -36.83728 -19 -101.54272 -56.5 -19 -135
2 24 -4.1426 -19 -39.5226 17.5 -19 -65.25
2 24 -1.1426 -19 -31.0374 17.5 -19 -9.75
2 24 -2.16272 -19 -97.01728 17.5 -19 -77
2 24 -18.0858 -19 -113.4142 -7.4142 -19 -102.5058
2 24 15.5 -19 -7.75 -4.1426 -19 -31.0374
2 24 -25.5 -19 -137 -51.5 -19 -137
5 24 -56.5 -16 -162.25 -57.5 -12 -63.25 -57.5 -16 -163.25 -56.5 -12 -63.25
5 24 18.5 6.58214 -93.25 17.5 6.58214 -93.25 17.5 4 -69.25 18.5 6.58214 -101.25
2 24 -51.5 -19 -82.09 -36.83728 -19 -97.01728
2 24 -56.5 -19 -9.75 -37.8574 -19 -31.0374
2 24 -54.5 3.6 -95.25 -54.5 3.6 -93.25
2 24 -54.5 -19 -75.0591 -56.5 -19 -73
5 24 -57.5 -13 -6.25 -56.5 -13 -7.75 -56.5 -16 -55.25 -51.5 -13 -6.25
2 24 -25.0434 -19 -139.2962 -56.5 -19 -139.2962
5 24 -51.5 6.58214 -93.25 -52.5 6.58214 -93.25 -50.5 6.58214 -101.25 -51.5 4 -69.25
2 24 -13.5 -19 -137 12.5 -19 -137
5 24 -57.5 -13 -6.25 -56.5 -16 -55.25 -56.5 -13 -7.75 -57.5 -16 -55.25
2 24 -53.5 -19 -135 -34.4142 -19 -102.5058
2 24 -37.8574 -19 -39.5226 -56.5 -19 -61.25
2 24 -21.6213 -19 -109.1213 -51.5 -19 -78.17815
2 24 14.5 -19 -135 -4.5858 -19 -102.5058
2 24 -2.16272 -19 -101.54272 17.5 -19 -135
2 24 -31.5858 -19 -102.5058 -20.9142 -19 -113.4142
2 24 17.5 -19 -73 -17.3787 -19 -109.1213
2 24 17.5 -19 -61.25 -1.1426 -19 -39.5226
2 24 -56.5 -19 -77 -54.5 -19 -79.03606
5 24 -56.5 -16 -162.25 -57.5 -16 -163.25 -57.5 -12 -63.25 17.5 -16 -162.25
2 24 17.5 -19 -139.2962 -13.9566 -19 -139.2962
5 24 -59.5 -6 -163.25 -57.5 -6 -163.25 -59.5 .69446 -62.5119 -59.5 -6 -165.25
2 24 20.5 3.6 -93.25 20.5 3.6 -95.25
2 24 -34.8574 -19 -31.0374 -54.5 -19 -7.75
2 24 -56.5 -19 -65.25 -34.8574 -19 -39.5226
2 24 17.5 -23 -101.25 17.5 -23 -135
2 24 -4.1426 -23 -39.5226 17.5 -23 -65.25
2 24 -54.5 -19 -75.0591 -54.5 -23 -75.0591
2 24 -56.5 -23 -135 -56.5 -23 -77
2 24 15.5 -19 -7.75 17.5 -19 -7.75
2 24 -54.5 -19 -7.75 -54.5 -23 -7.75
2 24 17.5 -23 -65.25 17.5 -23 -73
2 24 -56.5 -19 -9.75 -56.5 -19 -7.75
2 24 17.5 -23 -9.75 17.5 -19 -9.75
2 24 -2.16272 -23 -97.01728 17.5 -23 -77
2 24 -53.5 -23 -135 -34.4142 -23 -102.5058
2 24 17.5 -23 -61.25 -1.1426 -23 -39.5226
2 24 17.5 4 -69.25 20.5 4 -69.25
2 24 -56.5 -23 -65.25 -56.5 -19 -65.25
2 24 -56.5 -23 -77 -54.5 -23 -79.03606
2 24 -56.5 -19 -7.75 -54.5 -19 -7.75
2 24 -56.5 -23 -65.25 -56.5 -23 -73
2 24 -51.5 -23 -69.25 -51.5 -23 -78.17815
2 24 -34.8574 -23 -39.5226 -56.5 -23 -65.25
2 24 17.5 -19 -77 17.5 -19 -73
2 24 -56.5 -19 -139.2962 -56.5 -23 -139.2962
2 24 15.5 -23 -7.75 -4.1426 -23 -31.0374
2 24 12.5 -23 -137 -13.5 -23 -137
2 24 17.5 -19 -9.75 17.5 -19 -7.75
2 24 -56.5 -23 -139.2962 -25.0434 -23 -139.2962
2 24 -51.5 -19 -82.09 -51.5 -19 -78.17815
2 24 17.5 -19 -69.25 17.5 -19 -65.25
2 24 -18.0858 -23 -113.4142 -7.4142 -23 -102.5058
2 24 17.5 -23 -73 17.5 -19 -73
2 24 -56.5 -23 -73 -56.5 -19 -73
2 24 17.5 -19 -47.25 17.5 -19 -61.25
2 24 17.5 -19 -61.25 17.5 -23 -61.25
2 24 -56.5 -23 -9.75 -37.8574 -23 -31.0374
2 24 -36.83728 -23 -101.54272 -56.5 -23 -135
2 24 -54.5 -19 -79.03606 -54.5 -19 -75.0591
2 24 20.5 -19 -69.25 17.5 -19 -69.25
5 24 17.5 -19 -47.25 20.5 -19 -47.25 17.5 -7 -7.75 20.5 -19 -69.25
2 24 -56.5 -19 -9.75 -56.5 -23 -9.75
2 24 -20.9142 -23 -113.4142 -31.5858 -23 -102.5058
2 24 20.5 -19 -69.25 20.5 -19 -47.25
2 24 -1.1426 -23 -31.0374 17.5 -23 -9.75
2 24 -54.5 -23 -75.0591 -54.5 -23 -69.25
2 24 -56.5 -23 -135 -56.5 -19 -135
2 24 -56.5 -19 -61.25 -56.5 -19 -65.25
2 24 -25.5 -23 -137 -51.5 -23 -137
2 24 -34.8574 -23 -31.0374 -54.5 -23 -7.75
2 24 -56.5 -19 -73 -56.5 -19 -77
2 24 -51.5 -19 -78.17815 -51.5 -23 -78.17815
2 24 -56.5 -23 -73 -54.5 -23 -75.0591
2 24 -51.5 -23 -78.17815 -21.6213 -23 -109.1213
2 24 17.5 -23 -77 17.5 -23 -93.25
2 24 17.5 4 -69.25 17.5 -19 -69.25
2 24 17.5 -19 -77 17.5 -23 -77
2 24 -51.5 -23 -82.09 -51.5 -19 -82.09
2 24 17.5 -23 -73 -17.3787 -23 -109.1213
2 24 -56.5 -19 -77 -56.5 -23 -77
2 24 -56.5 -23 -162.25 -56.5 -23 -139.2962
2 24 15.5 -23 -7.75 15.5 -19 -7.75
2 24 -13.9566 -23 -139.2962 17.5 -23 -139.2962
2 24 -56.5 -19 -135 -56.5 -19 -139.2962
2 24 17.5 -19 -139.2962 17.5 -19 -135
2 24 17.5 -23 -65.25 17.5 -19 -65.25
2 24 20.5 -19 -69.25 20.5 4 -69.25
2 24 -56.5 -23 -61.25 -56.5 -19 -61.25
2 24 -51.5 -23 -82.09 -36.83728 -23 -97.01728
2 24 -54.5 -19 -79.03606 -54.5 -23 -79.03606
2 24 17.5 -23 -135 17.5 -19 -135
2 24 -37.8574 -23 -39.5226 -56.5 -23 -61.25
2 24 14.5 -23 -135 -4.5858 -23 -102.5058
2 24 17.5 -23 -139.2962 17.5 -19 -139.2962
2 24 -2.16272 -23 -101.54272 17.5 -23 -135
2 24 -25.5 -19 -137 -25.5 -23 -137
2 24 -13.9566 -19 -139.2962 -13.5 -19 -137
2 24 -25.5 -19 -137 -25.0434 -19 -139.2962
2 24 -25.0434 -23 -139.2962 -25.0434 -19 -139.2962
2 24 -13.9566 -19 -139.2962 -13.9566 -23 -139.2962
2 24 -13.5 -23 -137 -13.5 -19 -137
1 16 -19.5 -27 -85.25 0 0 40 0 1 0 -80 0 0 recte4.dat