0 ~Technic Suspension Arm  7 x  7 Half
0 Name: s\4423s01.dat
0 Author: Jens Brühl [jb70]
0 !LDRAW_ORG Unofficial_Subpart
0 !LICENSE Licensed under CC BY 4.0 : see CAreadme.txt

0 BFC CERTIFY CCW

0 // Ball Joint
1 16 0 0 -120 1 0 0 0 1 0 0 0 1 s\57515s02.dat
1 16 0 -3 -120 10 0 0 0 0 -6 0 5.5 0 1-4cyli.dat
2 24 0 -9 -118.0865 3.827 -8.5434 -118.0865
4 16 0 -9 -118.0865 3.827 -8.5434 -118.0865 3.827 -9.9628 -118.0865 0 -9.9628 -118.0865
2 24 0 -9.9628 -118.0865 3.827 -9.9628 -118.0865
2 24 3.827 -8.5434 -118.0865 7.071 -7.2426 -116.4645
2 24 7.071 -7.2426 -116.4645 9.239 -5.2962 -115.3805
2 24 9.239 -5.2962 -115.3805 10 -3 -115
4 16 3.827 -9.9628 -118.0865 3.827 -8.5434 -118.0865 7.071 -7.2426 -116.4645 20 -12.704 -110
3 16 7.071 -7.2426 -116.4645 9.239 -5.2962 -115.3805 20 -12.704 -110
3 16 20 -12.704 -110 9.239 -5.2962 -115.3805 10 -3 -115
3 16 10 -3 -117 10 0 -117 10 -3 -115
4 16 10 -3 -115 10 0 -117 10 3 -117 10 7 -115
3 16 10 7 -115 10 3 -117 10 7 -120
4 16 20 -12.704 -110 10 -3 -115 10 7 -115 20 7 -110
2 24 10 -3 -115 10 7 -115
2 24 20 -12.704 -110 20 7 -110
2 24 20 7 -110 20 7 -105.4121
2 24 20 7 -105.4121 10 7 -105.4121
2 24 10 7 -115 20 7 -110
4 16 10 7 -120 8 7 -120 8 7 -112.6088 10 7 -115
4 16 10 7 -105.4121 20 7 -105.4121 20 7 -110 10 7 -110.761
4 16 10 7 -115 8 7 -112.6088 10 7 -110.761 20 7 -110
2 24 0 -12.704 -110 3.827 -12.4461 -110.761
4 16 0 7 -110 0 -12.704 -110 3.827 -12.4461 -110.761 3.827 7 -110.761
1 16 6.9135 -2.723 -110.761 0 0 3.0865 -9.72303 0 0 0 -1 0 rect3.dat
3 16 10 -12.4461 -110.761 3.827 -12.4461 -110.761 0 -9.9628 -118.0865
1 16 0 7 -120 0 0 8 0 -1 0 8 0 0 1-16tndis.dat
4 16 10 7 -110.761 8 7 -112.6088 3.0616 7 -112.6088 3.0616 7 -112
4 16 0 7 -112 0 7 -110 3.827 7 -110.761 3.0616 7 -112
3 16 3.827 7 -110.761 10 7 -110.761 3.0616 7 -112
2 24 3.827 7 -110.761 0 7 -110
2 24 10 7 -110.761 10 7 -105.4121
2 24 10 7 -115 10 7 -120
5 24 3.827 -9.9628 -118.0865 3.827 -8.5434 -118.0865 7.071 -7.2426 -116.4645 0 -9 -118.0865
2 24 3.827 -12.4461 -110.761 3.827 7 -110.761

0 // Axle holes
1 16 20 0 -80 0 -10 0 9 0 0 0 0 9 1-4cylo.dat
1 16 20 0 -80 0 -6 0 -9 0 0 0 0 9 3-16cylo.dat
1 16 20 0 -100 0 -10 0 9 0 0 0 0 -9 1-16cyli.dat
4 16 10 7 -105.4121 10 8.3151 -103.4443 20 8.3151 -103.4443 20 7 -105.4121
1 16 20 0 -100 0 1 0 9 0 0 0 0 -9 1-16edge.dat
1 16 10 0 -100 0 1 0 9 0 0 0 0 -9 1-16edge.dat
2 24 20 8.3151 -103.4443 20 7 -105.4121
2 24 10 8.3151 -103.4443 10 7 -105.4121
1 16 20 0 -80 0 -10 0 -1 0 0 0 0 -1 axlehole.dat
1 16 20 0 -80 0 -1 0 -1 0 0 0 0 -1 axlehol2.dat
1 16 10 0 -80 0 -1 0 -1 0 0 0 0 -1 axlehol2.dat
1 16 20 0 -100 0 -10 0 1 0 0 0 0 1 axlehole.dat
1 16 20 0 -100 0 -1 0 1 0 0 0 0 1 axlehol2.dat
1 16 10 0 -100 0 -1 0 1 0 0 0 0 1 axlehol2.dat
1 16 20 0 -80 0 -1 0 3 0 0 0 0 3 4-4ring2.dat
1 16 20 0 -100 0 -1 0 -3 0 0 0 0 3 2-4ring2.dat
1 16 20 0 -100 0 -1 0 3 0 0 0 0 -3 1-16ring2.dat
1 16 10 0 -100 0 1 0 3 0 0 0 0 -3 1-16ring2.dat
1 16 10 0 -80 0 1 0 3 0 0 0 0 3 1-4ring2.dat
1 16 10 0 -80 0 1 0 6 0 0 0 0 -6 3-4ndis.dat
1 16 20 0 -90 0 -8 0 1 0 0 0 0 1 npeghol2.dat
1 16 10 0 -100 0 1 0 6 0 0 0 0 6 3-4ndis.dat
1 16 15 9 -90 0 0 5 0 -1 0 10 0 0 rect2p.dat
1 16 20 0 -100 0 -1 0 -6 0 0 0 0 -6 1-4ndis.dat
1 16 20 0 -100 0 -1 0 0 0 6 -6 0 0 3-16ndis.dat
1 16 10 0 -100 0 1 0 0 0 6 -6 0 0 3-16ndis.dat
1 16 17 -9 -93 0 0 3 0 1 0 -13 0 0 rect2p.dat
4 16 10 9 -80 10 9 -100 10 6 -94 10 6 -86
3 16 10 9 -100 10 6 -100 10 6 -94
3 16 10 6 -80 10 9 -80 10 6 -86
4 16 10 -6 -74 10 -11 -71 10 0 -71 10 0 -74
4 16 10 -13.862 -106.584 10 -18.452 -83.49 10 -6 -86 10 -6 -94
4 16 10 -11 -48 10 -11 -71 10 -18.452 -83.49 10 -20 -60
3 16 10 -19.2092 -48 10 -11 -48 10 -20 -60
4 16 20 -9 -106 20 -9.9781 -106 20 -13.862 -106.584 20 -12.704 -110
3 16 20 0 -106 20 -6 -106 20 -12.704 -110
3 16 20 -12.704 -110 20 -6 -106 20 -9 -106
4 16 20 -6 -106 20 -6 -100 20 -9 -100 20 -9 -106
4 16 20 0 -106 20 -12.704 -110 20 7 -110 20 6 -106
3 16 20 7 -105.4121 20 6 -106 20 7 -110
4 16 20 6 -106 20 7 -105.4121 20 8.3151 -103.4443 20 5.5432 -102.2961
4 16 10 6 -86 10 6 -94 10 0 -94 10 0 -86
4 16 10 -6 -86 10 0 -86 10 0 -94 10 -6 -94
4 16 10 -6 -106 10 -12.4461 -110.761 10 -13.862 -106.584 10 -6 -100
3 16 10 -6 -94 10 -6 -100 10 -13.862 -106.584
4 16 10 -6 -80 10 -6 -86 10 -18.452 -83.49 10 -11 -71
3 16 10 -6 -74 10 -6 -80 10 -11 -71

0 // Pin holes
1 16 60 0 0 0 -1 0 0 0 1 1 0 0 connhol3.dat
1 16 70 0 -10 0 -16 0 1 0 0 0 0 1 npeghol2.dat
1 16 60 0 -20 0 -1 0 0 0 1 1 0 0 connhol3.dat
1 16 52 0 0 0 1 0 0 0 -2 -2 0 0 3-4ring3.dat
4 16 10 -12.4461 -110.761 10 -6 -106 10 0 -106 10 7 -110.761
4 16 10 8.3151 -103.4443 10 7 -105.4121 10 6 -106 10 5.5433 -102.2961
3 16 10 6 -106 10 7 -105.4121 10 7 -110.761
3 16 10 6 -106 10 7 -110.761 10 0 -106

1 16 52 0 0 0 1 0 0 0 6 -6 0 0 1-4ndis.dat
0 BFC INVERTNEXT
1 16 50 0 0 0 2 0 0 0 -8 8 0 0 2-4cylo.dat
1 16 50 0 0 0 1 0 0 0 -1 1 0 0 1-4ring8.dat
1 16 50 0 0 0 1 0 0 0 -8 -8 0 0 1-4ndis.dat
1 16 52 0 -20 0 1 0 0 0 -2 2 0 0 3-4ring3.dat
1 16 52 0 -20 0 1 0 0 0 6 6 0 0 1-4ndis.dat
0 BFC INVERTNEXT
1 16 50 0 -20 0 2 0 0 0 -8 8 0 0 2-4cylo.dat
1 16 50 0 -20 0 1 0 0 0 -8 8 0 0 2-4ndis.dat
1 16 52 4.5 -10 0 -2 0 0 0 4.5 -2 0 0 box4-7a.dat
2 24 52 0 -12 52 9 -12
2 24 52 0 -8 52 9 -8
1 16 50 0 0 0 20 0 0 0 -9 9 0 0 3-16cylo.dat
1 16 52 0 0 0 18 0 0 0 9 9 0 0 1-4cylo.dat
1 16 52 0 0 0 1 0 0 0 1 1 0 0 1-4ring8.dat
1 16 51 0 8.5 0 0 1 0 -1 0 .5 0 0 rect.dat
1 16 51 0 -28.5 0 0 1 0 -1 0 .5 0 0 rect.dat
1 16 52 0 -20 0 18 0 0 0 9 -9 0 0 1-4cylo.dat
1 16 52 0 -20 0 1 0 0 0 1 -1 0 0 1-4ring8.dat
1 16 61 9 -10 9 0 0 0 -1 0 0 0 -10 rect1.dat
1 16 70 0 -20 0 -9 0 0 0 -9 -9 0 0 1-4cylo.dat
2 24 52 9 -20 52 9 -12
2 24 52 9 -8 52 9 0
2 24 50 -12.9594 -29 50 0 -29
3 16 52 8 0 52 9 0 52 9 -8
3 16 52 9 -20 52 8 -20 52 9 -12
4 16 52 6 -6 52 6 0 52 8 0 52 9 -8
4 16 52 6 -6 52 9 -8 52 0 -8 52 0 -6
4 16 52 9 -12 52 8 -20 52 6 -20 52 6 -14
4 16 52 9 -12 52 6 -14 52 0 -14 52 0 -12
4 16 50 0 -8 50 0 -12 50 -8 -12 50 -8 -8
4 16 50 -8 -28 50 0 -28 50 0 -29 50 -12.9594 -29
3 16 50 -9 0 50 -13.862 -13.416 50 -8.3151 3.4443
4 16 50 -8 -12 50 -12.1644 -25 50 -16.1644 -25 50 -13.862 -13.416
3 16 50 -8 -12 50 -13.862 -13.416 50 -8 -8
4 16 50 -8 0 50 -8 -8 50 -13.862 -13.416 50 -9 0
3 16 50 -8 -28 50 -12.9594 -29 50 -8 -20
4 16 50 -8 -20 50 -12.9594 -29 50 -12.1644 -25 50 -8 -12

0 // Frame Top
2 24 70 -16.1644 -25 69.8409 -16.6442 -27.4143
2 24 69.8409 -16.6442 -27.4143 69.3692 -17.1159 -29.7878
2 24 69.3692 -17.1159 -29.7878 68.5922 -17.5715 -32.08
2 24 68.5922 -17.5715 -32.08 67.521 -18.0028 -34.25
2 24 67.521 -18.0028 -34.25 66.1779 -18.4029 -36.2628
2 24 66.1779 -18.4029 -36.2628 65.9609 -18.452 -36.51
2 24 65.9609 -18.452 -36.51 64.5814 -18.5556 -38.0814
2 24 64.5814 -18.5556 -38.0814 62.7628 -18.6608 -39.6779
2 24 62.7628 -18.6608 -39.6779 60.75 -18.7493 -41.021
2 24 60.75 -18.7493 -41.021 27.5095 -20 -60

3 16 50 -16.1644 -25 69.8409 -16.6442 -27.4143 70 -16.1644 -25
4 16 50 -16.1644 -25 49.239 -16.925 -28.827 69.3692 -17.1159 -29.7878 69.8409 -16.6442 -27.4143
4 16 68.5922 -17.5715 -32.08 69.3692 -17.1159 -29.7878 49.239 -16.925 -28.827 67.521 -18.0028 -34.25
4 16 49.239 -16.925 -28.827 47.071 -17.5697 -32.071 66.1779 -18.4029 -36.2628 67.521 -18.0028 -34.25
4 16 39.1934 -18.452 -36.51 65.9609 -18.452 -36.51 66.1779 -18.4029 -36.2628 47.071 -17.5697 -32.071
4 16 62.7628 -18.6608 -39.6779 64.5814 -18.5556 -38.0814 65.9609 -18.452 -36.51 39.1934 -18.452 -36.51
3 16 60.75 -18.7493 -41.021 62.7628 -18.6608 -39.6779 39.1934 -18.452 -36.51
4 16 60.75 -18.7493 -41.021 39.1934 -18.452 -36.51 33 -18.682 -40 27.5095 -20 -60

2 24 70 -8.3151 3.4443 70 -13.862 -13.416
2 24 50 -8.3151 3.4443 50 -13.862 -13.416
4 16 70 -8.3151 3.4443 50 -8.3151 3.4443 50 -13.862 -13.416 70 -13.862 -13.416
2 24 50 -16.1644 -25 49.239 -16.925 -28.827
2 24 49.239 -16.925 -28.827 47.071 -17.5697 -32.071
2 24 47.071 -17.5697 -32.071 39.1934 -18.452 -36.51
4 16 70 -13.862 -13.416 50 -13.862 -13.416 50 -16.1644 -25 70 -16.1644 -25
4 16 33 -18.682 -40 10 -19.2092 -48 10 -20 -60 27.5095 -20 -60
3 16 10 -20 -60 26.173 -20 -60.761 27.5095 -20 -60
3 16 26.173 -20 -60.761 10 -20 -60 22.929 -19.807 -62.929
3 16 22.929 -19.807 -62.929 10 -20 -60 20.761 -19.5932 -66.173
3 16 20 -19.341 -70 20.761 -19.5932 -66.173 10 -20 -60
2 24 20 -19.341 -70 20 -18.452 -83.49
4 16 10 -20 -60 10 -18.452 -83.49 20 -18.452 -83.49 20 -19.341 -70
2 24 10 -20 -60 10 -19.2092 -48
2 24 33 -18.682 -40 39.1934 -18.452 -36.51
4 16 20 -18.452 -83.49 10 -18.452 -83.49 10 -13.862 -106.584 20 -13.862 -106.584
4 16 20 -13.862 -106.584 10 -13.862 -106.584 10 -12.4461 -110.761 20 -12.704 -110
4 16 3.827 -9.9628 -118.0865 20 -12.704 -110 10 -12.4461 -110.761 0 -9.9628 -118.0865
2 24 70 -13.862 -13.416 70 -16.1644 -25
2 24 26.173 -20 -60.761 27.5095 -20 -60
2 24 26.173 -20 -60.761 22.929 -19.807 -62.929
2 24 22.929 -19.807 -62.929 20.761 -19.5932 -66.173
2 24 20.761 -19.5932 -66.173 20 -19.341 -70
2 24 20 -18.452 -83.49 20 -13.862 -106.584
2 24 20 -13.862 -106.584 20 -12.704 -110
2 24 20 -12.704 -110 3.827 -9.9628 -118.0865
2 24 50 -13.862 -13.416 50 -16.1644 -25
2 24 10 -20 -60 10 -18.452 -83.49
2 24 10 -18.452 -83.49 10 -13.862 -106.584
2 24 10 -13.862 -106.584 10 -12.4461 -110.761

0 // Frame outside

2 24 70 -12.1644 -25 69.8409 -12.6442 -27.4143
2 24 69.8409 -12.6442 -27.4143 69.3692 -13.1159 -29.7878
2 24 69.3692 -13.1159 -29.7878 68.5922 -13.5715 -32.08
2 24 68.5922 -13.5715 -32.08 67.521 -14.0028 -34.25
2 24 67.521 -14.0028 -34.25 66.1779 -14.4029 -36.2628
2 24 66.1779 -14.4029 -36.2628 65.9609 -14.452 -36.51
2 24 65.9609 -14.452 -36.51 64.5814 -14.5556 -38.0814
2 24 64.5814 -14.5556 -38.0814 62.7628 -14.6608 -39.6779
2 24 62.7628 -14.6608 -39.6779 60.75 -14.7493 -41.021
2 24 60.75 -14.7493 -41.021 27.5095 -16 -60

3 16 61 -12.3631 -26 70 -12.1644 -25 69.8409 -12.6442 -27.4143
3 16 61 -12.3631 -26 69.8409 -12.6442 -27.4143 69.3692 -13.1159 -29.7878
4 16 61 -12.3631 -26 69.3692 -13.1159 -29.7878 68.5922 -13.5715 -32.08 59.478 -13.8844 -33.654
4 16 59.478 -13.8844 -33.654 68.5922 -13.5715 -32.08 67.521 -14.0028 -34.25 66.1779 -14.4029 -36.2628
4 16 65.9609 -14.452 -36.51 57.5693 -14.452 -36.51 59.478 -13.8844 -33.654 66.1779 -14.4029 -36.2628
4 16 65.9609 -14.452 -36.51 64.5814 -14.5556 -38.0814 62.7628 -14.6608 -39.6779 57.5693 -14.452 -36.51
4 16 60.75 -14.7493 -41.021 55.142 -14.6914 -40.142 57.5693 -14.452 -36.51 62.7628 -14.6608 -39.6779
3 16 48.654 -14.9771 -44.478 55.142 -14.6914 -40.142 60.75 -14.7493 -41.021
4 16 48.654 -14.9771 -44.478 60.75 -14.7493 -41.021 27.5095 -16 -60 21.5095 -16 -60

4 16 70 -16.1644 -25 69.8409 -16.6442 -27.4143 69.8409 -12.6442 -27.4143 70 -12.1644 -25
4 16 69.8409 -12.6442 -27.4143 69.8409 -16.6442 -27.4143 69.3692 -17.1159 -29.7878 69.3692 -13.1159 -29.7878
4 16 69.3692 -13.1159 -29.7878 69.3692 -17.1159 -29.7878 68.5922 -17.5715 -32.08 68.5922 -13.5715 -32.08
4 16 68.5922 -13.5715 -32.08 68.5922 -17.5715 -32.08 67.521 -18.0028 -34.25 67.521 -14.0028 -34.25
4 16 67.521 -14.0028 -34.25 67.521 -18.0028 -34.25 66.1779 -18.4029 -36.2628 66.1779 -14.4029 -36.2628
4 16 62.7628 -14.6608 -39.6779 62.7628 -18.6608 -39.6779 60.75 -18.7493 -41.021 60.75 -14.7493 -41.021
4 16 60.75 -14.7493 -41.021 60.75 -18.7493 -41.021 27.5095 -20 -60 27.5095 -16 -60
4 16 66.1779 -14.4029 -36.2628 66.1779 -18.4029 -36.2628 65.9609 -18.452 -36.51 65.9609 -14.452 -36.51
4 16 65.9609 -14.452 -36.51 65.9609 -18.452 -36.51 64.5814 -18.5556 -38.0814 64.5814 -14.5556 -38.0814
4 16 64.5814 -14.5556 -38.0814 64.5814 -18.5556 -38.0814 62.7628 -18.6608 -39.6779 62.7628 -14.6608 -39.6779

2 24 69.6002 -1.8849 -28.6252 69.3692 -2.1159 -29.7878
2 24 69.3692 -2.1159 -29.7878 68.5922 -2.5715 -32.08
2 24 68.5922 -2.5715 -32.08 67.521 -3.0028 -34.25
2 24 67.521 -3.0028 -34.25 66.1779 -3.4029 -36.2628
2 24 66.1779 -3.4029 -36.2628 65.9609 -3.452 -36.51
2 24 65.9609 -3.452 -36.51 64.5814 -3.5556 -38.0814
2 24 64.5814 -3.5556 -38.0814 62.7628 -3.6608 -39.6779
2 24 62.7628 -3.6608 -39.6779 60.75 -3.7493 -41.021
2 24 60.75 -3.7493 -41.021 27.5095 -5 -60

4 16 69.3692 -2.1159 -29.7878 69.6002 -1.8849 -28.6252 61 -1.8849 -28.6252 59.1013 -3.452 -36.51
4 16 68.5922 -2.5715 -32.08 69.3692 -2.1159 -29.7878 59.1013 -3.452 -36.51 67.521 -3.0028 -34.25
4 16 66.1779 -3.4029 -36.2628 67.521 -3.0028 -34.25 59.1013 -3.452 -36.51 65.9609 -3.452 -36.51
4 16 64.5814 -3.5556 -38.0814 65.9609 -3.452 -36.51 59.1013 -3.452 -36.51 62.7628 -3.6608 -39.6779
4 16 60.75 -3.7493 -41.021 62.7628 -3.6608 -39.6779 59.1013 -3.452 -36.51 57.5693 -3.6074 -38.8675
3 16 60.75 -3.7493 -41.021 57.5693 -3.6074 -38.8675 55.142 -3.8467 -42.4995
3 16 60.75 -3.7493 -41.021 55.142 -3.8467 -42.4995 48.654 -4.1325 -46.8355
4 16 27.5095 -5 -60 60.75 -3.7493 -41.021 48.654 -4.1325 -46.8355 25.6323 -5 -60

2 24 69.6097 2.1246 -28.5775 69.3692 1.8841 -29.7878
2 24 69.3692 1.8841 -29.7878 68.5922 1.4285 -32.08
2 24 68.5922 1.4285 -32.08 67.521 .9972 -34.25
2 24 67.521 .9972 -34.25 66.1779 .5971 -36.2628
2 24 66.1779 .5971 -36.2628 65.9609 .548 -36.51
2 24 65.9609 .548 -36.51 64.5814 .4445 -38.0814
2 24 64.5814 .4445 -38.0814 62.7628 .3392 -39.6779
2 24 62.7628 .3392 -39.6779 60.75 .2507 -41.021
2 24 60.75 .2507 -41.021 27.5095 -1 -60
2 24 69.6002 -1.8849 -28.6252 69.5257 0 -29
2 24 69.5257 0 -29 69.6097 2.1246 -28.5775
2 24 59 2.1151 -28.6252 69.6097 2.1246 -28.5775

4 16 69.6097 2.1246 -28.5775 69.3692 1.8841 -29.7878 68.5922 1.4285 -32.08 59 2.1151 -28.6252
4 16 68.5922 1.4285 -32.08 67.521 .9972 -34.25 57.1013 .548 -36.51 59 2.1151 -28.6252
4 16 67.521 .9972 -34.25 66.1779 .5971 -36.2628 65.9609 .548 -36.51 57.1013 .548 -36.51
4 16 65.9609 .548 -36.51 64.5814 .4445 -38.0814 62.7628 .3392 -39.6779 57.1013 .548 -36.51
4 16 57.1013 .548 -36.51 62.7628 .3392 -39.6779 60.75 .2507 -41.021 53.142 .1533 -42.4995
3 16 53.142 .1533 -42.4995 60.75 .2507 -41.021 46.654 -.1325 -46.8355
4 16 46.654 -.1325 -46.8355 60.75 .2507 -41.021 27.5095 -1 -60 23.6323 -1 -60

3 16 69.6002 -1.8849 -28.6252 69.3692 -2.1159 -29.7878 69.5257 0 -29
4 16 69.6097 2.1246 -28.5775 69.5257 0 -29 69.3692 -2.1159 -29.7878 69.3692 1.8841 -29.7878
4 16 69.3692 1.8841 -29.7878 69.3692 -2.1159 -29.7878 68.5922 -2.5715 -32.08 68.5922 1.4285 -32.08
4 16 68.5922 1.4285 -32.08 68.5922 -2.5715 -32.08 67.521 -3.0028 -34.25 67.521 .9972 -34.25
4 16 67.521 .9972 -34.25 67.521 -3.0028 -34.25 66.1779 -3.4029 -36.2628 66.1779 .5971 -36.2628
4 16 66.1779 -3.4029 -36.2628 65.9609 -3.452 -36.51 65.9609 .548 -36.51 66.1779 .5971 -36.2628
4 16 65.9609 .548 -36.51 65.9609 -3.452 -36.51 64.5814 -3.5556 -38.0814 64.5814 .4445 -38.0814
4 16 64.5814 .4445 -38.0814 64.5814 -3.5556 -38.0814 62.7628 -3.6608 -39.6779 62.7628 .3392 -39.6779
4 16 62.7628 .3392 -39.6779 62.7628 -3.6608 -39.6779 60.75 -3.7493 -41.021 60.75 .2507 -41.021
4 16 60.75 .2507 -41.021 60.75 -3.7493 -41.021 27.5095 -5 -60 27.5095 -1 -60

4 16 54 -10 -10 54 -12 -19 54 -9 -19 54 -9 -10
1 16 62 -11 -14.5 -8 0 0 0 -1 1 0 0 4.5 rect.dat
1 16 62 -10.5 -19 8 0 0 0 0 1.5 0 -1 0 rect3.dat
1 16 62 -9.5 -10 -8 0 0 0 0 .5 0 1 0 rect3.dat
1 16 62 -9 -14.5 0 0 -8 0 1 0 4.5 0 0 rect2p.dat
3 16 70 -9 0 70 -8.3151 3.4443 70 -13.862 -13.416
3 16 70 -9 0 70 -10 -10 70 -9 -10
3 16 70 -10 -10 70 -9 0 70 -13.862 -13.416
4 16 70 -12 -19 70 -10 -10 70 -13.862 -13.416 70 -16.1644 -25
2 24 20 -15.341 -70 20 -14.452 -83.49
2 24 26.173 -16 -60.761 27.5095 -16 -60
2 24 26.173 -16 -60.761 22.929 -15.807 -62.929
2 24 22.929 -15.807 -62.929 20.761 -15.5932 -66.173
2 24 20.761 -15.5932 -66.173 20 -15.341 -70
4 16 70 -11.1706 -20 70 -9 -20 70 -9 -19 70 -12 -19
4 16 70 -11.1706 -20 70 -12 -19 70 -16.1644 -25 70 -12.1644 -25
2 24 70 -11.1706 -20 70 -12.1644 -25

1 16 65.5 -10.0853 -20 4.5 0 0 0 0 -1.0853 0 1 0 rect.dat
4 16 27.5095 -16 -60 27.5095 -20 -60 26.173 -20 -60.761 26.173 -16 -60.761
4 16 26.173 -16 -60.761 26.173 -20 -60.761 22.929 -19.807 -62.929 22.929 -15.807 -62.929
4 16 22.929 -15.807 -62.929 22.929 -19.807 -62.929 20.761 -19.5932 -66.173 20.761 -15.5932 -66.173
4 16 20.761 -15.5932 -66.173 20.761 -19.5932 -66.173 20 -19.341 -70 20 -15.341 -70
4 16 20 -15.341 -70 20 -19.341 -70 20 -18.452 -83.49 20 -14.452 -83.49
4 16 20 -14.452 -83.49 20 -18.452 -83.49 20 -13.862 -106.584 20 -9.9781 -106

2 24 59.478 -13.8844 -33.654 57.5693 -14.452 -36.51
2 24 57.5693 -14.452 -36.51 55.142 -14.6914 -40.142
2 24 55.142 -14.6914 -40.142 48.654 -14.9771 -44.478
2 24 61 -11.1706 -20 61 -12.3631 -26
2 24 61 -12.3631 -26 59.478 -13.8844 -33.654
4 16 61 -11.1706 -20 70 -11.1706 -20 70 -12.1644 -25 61 -12.3631 -26
1 16 17 -9.489 -106 3 0 0 0 0 .48904 0 -1 0 rect.dat
4 16 20 -14.452 -83.49 20 -9.9781 -106 14 -9.9781 -106 14 -14.452 -83.49
2 24 21.5095 -16 -60 14 -15.7182 -64.2758
3 16 21.5095 -16 -60 27.5095 -16 -60 26.173 -16 -60.761
3 16 21.5095 -16 -60 26.173 -16 -60.761 22.929 -15.807 -62.929
4 16 14 -15.7182 -64.2758 21.5095 -16 -60 22.929 -15.807 -62.929 20.761 -15.5932 -66.173
3 16 14 -15.7182 -64.2758 20.761 -15.5932 -66.173 20 -15.341 -70
4 16 14 -15.7182 -64.2758 20 -15.341 -70 20 -14.452 -83.49 14 -14.452 -83.49
2 24 48.654 -14.9771 -44.478 21.5095 -16 -60
2 24 14 -15.7182 -64.2758 14 -14.452 -83.49
2 24 14 -14.452 -83.49 14 -9.9781 -106

2 24 26.173 -5 -60.761 27.5095 -5 -60
2 24 22.929 -4.807 -62.929 20.761 -4.5932 -66.173
2 24 20.761 -4.5932 -66.173 20 -4.341 -70
2 24 26.173 -1 -60.761 27.5095 -1 -60
2 24 26.173 -1 -60.761 22.929 -.807 -62.929
2 24 22.929 -.807 -62.929 20.761 -.5932 -66.173
2 24 20.761 -.5932 -66.173 20 -.341 -70
4 16 27.5095 -1 -60 27.5095 -5 -60 26.173 -5 -60.761 26.173 -1 -60.761
4 16 26.173 -1 -60.761 26.173 -5 -60.761 22.929 -4.807 -62.929 22.929 -.807 -62.929
4 16 22.929 -.807 -62.929 22.929 -4.807 -62.929 20.761 -4.5932 -66.173 20.761 -.5932 -66.173
4 16 20.761 -.5932 -66.173 20.761 -4.5932 -66.173 20 -4.341 -70 20 -.341 -70
2 24 20 -.341 -70 20 0 -71
2 24 20 -4.341 -70 20 -3.4443 -71.6849
2 24 14 -3.4443 -71.6849 20 -3.4443 -71.6849
4 16 20 0 -71 20 -.341 -70 20 -4.341 -70 20 -3.4443 -71.6849

2 24 48.654 -4.1325 -46.8355 55.142 -3.8467 -42.4995
2 24 55.142 -3.8467 -42.4995 57.5693 -3.6074 -38.8675
2 24 48.654 -4.1325 -46.8355 25.6323 -5 -60
2 24 61 -1.8849 -28.6252 69.6002 -1.8849 -28.6252

2 24 61 -1.8849 -28.6252 59.1013 -3.452 -36.51
2 24 59.1013 -3.452 -36.51 57.5693 -3.6074 -38.8675
4 16 61 -9 -20 61 -11.1706 -20 61 -12.3631 -26 61 -8.3151 -23.4443
3 16 61 -8.3151 -23.4443 61 -12.3631 -26 61 -6.3639 -26.3639
3 16 61 -6.3639 -26.3639 61 -12.3631 -26 61 -3.4443 -28.3151
3 16 61 -12.3631 -26 59.478 -13.8844 -33.654 61 -3.4443 -28.3151
3 16 61 -3.4443 -28.3151 59.478 -13.8844 -33.654 59.1013 -3.452 -36.51
3 16 61 -1.8849 -28.6252 61 -3.4443 -28.3151 59.1013 -3.452 -36.51
4 16 57.5693 -3.6074 -38.8675 59.1013 -3.452 -36.51 59.478 -13.8844 -33.654 57.5693 -14.452 -36.51
4 16 57.5693 -3.6074 -38.8675 57.5693 -14.452 -36.51 55.142 -14.6914 -40.142 55.142 -3.8467 -42.4995
4 16 55.142 -3.8467 -42.4995 55.142 -14.6914 -40.142 48.654 -14.9771 -44.478 48.654 -4.1325 -46.8355
4 16 21.5095 -16 -60 25.6323 -5 -60 48.654 -4.1325 -46.8355 48.654 -14.9771 -44.478
4 16 14 -4.5583 -66.7019 25.6323 -5 -60 21.5095 -16 -60 14 -15.7182 -64.2758
4 16 14 -4.341 -70 14 -4.5583 -66.7019 14 -15.7182 -64.2758 14 -6.3639 -73.6361
3 16 14 -4.341 -70 14 -6.3639 -73.6361 14 -3.4443 -71.6849
3 16 14 -6.3639 -73.6361 14 -15.7182 -64.2758 14 -8.3151 -76.5557
4 16 14 -9 -80 14 -8.3151 -76.5557 14 -15.7182 -64.2758 14 -14.452 -83.49
4 16 14 -9 -80 14 -14.452 -83.49 14 -9.9781 -106 14 -9 -106
2 24 20 -14.452 -83.49 20 -9.9781 -106
2 24 14 -3.4443 -71.6849 14 -4.341 -70
2 24 14 -4.341 -70 14 -4.5583 -66.7019
2 24 14 -4.5583 -66.7019 25.6323 -5 -60
2 24 26.173 -5 -60.761 22.929 -4.807 -62.929
2 24 14 -15.7182 -64.2758 14 -4.5583 -66.7019

3 16 22.929 -4.807 -62.929 26.173 -5 -60.761 14 -4.5583 -66.7019
3 16 14 -4.5583 -66.7019 26.173 -5 -60.761 25.6323 -5 -60
3 16 25.6323 -5 -60 26.173 -5 -60.761 27.5095 -5 -60
3 16 22.929 -4.807 -62.929 14 -4.5583 -66.7019 20.761 -4.5932 -66.173
4 16 20.761 -4.5932 -66.173 14 -4.5583 -66.7019 14 -4.341 -70 20 -4.341 -70
4 16 20 -3.4443 -71.6849 20 -4.341 -70 14 -4.341 -70 14 -3.4443 -71.6849

0 // Frame Bottom
2 24 46.654 -.1325 -46.8355 53.142 .1533 -42.4995
2 24 46.654 -.1325 -46.8355 23.6323 -1 -60
2 24 57.1013 .548 -36.51 53.142 .1533 -42.4995
2 24 59 2.1151 -28.6252 57.1013 .548 -36.51
2 24 10 0 -71 10.15 -.341 -70
2 24 10.15 -.341 -70 12 -.5583 -66.7019
2 24 12 -.5583 -66.7019 23.6323 -1 -60
3 16 27.5095 -1 -60 26.173 -1 -60.761 23.6323 -1 -60
3 16 23.6323 -1 -60 26.173 -1 -60.761 22.929 -.807 -62.929
4 16 23.6323 -1 -60 22.929 -.807 -62.929 20.761 -.5932 -66.173 12 -.5583 -66.7019
4 16 12 -.5583 -66.7019 20.761 -.5932 -66.173 20 -.341 -70 10.15 -.341 -70
4 16 10.15 -.341 -70 20 -.341 -70 20 0 -71 10 0 -71

2 24 55.478 -13.8844 -33.654 53.5693 -14.452 -36.51
2 24 53.5693 -14.452 -36.51 51.1678 -14.5 -40.1724
2 24 51.1678 -14.5 -40.1724 44.7183 -14.5 -44.5538
2 24 44.7183 -14.5 -44.5538 18.1218 -14.5 -60
2 24 50 -12.1644 -25 49.239 -12.925 -28.827
2 24 49.239 -12.925 -28.827 47.071 -13.5697 -32.071
2 24 47.071 -13.5697 -32.071 39.1934 -14.452 -36.51
2 24 33 -14.5 -40 39.1934 -14.452 -36.51
2 24 10 -11 -48 10 -11 -71
2 24 10 -11 -71 10.15 -11 -70
2 24 10.15 -11 -70 11.1225 -11 -66.0309
2 24 11.1225 -11 -66.0309 14 -11 -63.1151
2 24 14 -11 -63.1151 14 -14.5 -62.3115
2 24 14 -14.5 -62.3115 18.1218 -14.5 -60
2 24 14 -14.5 -44 14 -11 -44
2 24 50 -12.1644 -25 50 -12.9594 -29
2 24 50 -12.9594 -29 56.4035 -12.9594 -29
2 24 56.4035 -12.9594 -29 58.5517 0 -29
2 24 58.5517 0 -29 59 2.1151 -28.6252
2 24 10 0 -71 20 0 -71
2 24 14 -11 -44 14 -11 -63.1151
2 24 14 -14.5 -44 14 -14.5 -62.3115
2 24 55.478 -13.8844 -33.654 56.4035 -12.9594 -29

3 16 58.5517 0 -29 59 2.1151 -28.6252 57.1013 .548 -36.51
3 16 58.5517 0 -29 57.1013 .548 -36.51 55.478 -13.8844 -33.654
3 16 58.5517 0 -29 55.478 -13.8844 -33.654 56.4035 -12.9594 -29
3 16 55.478 -13.8844 -33.654 57.1013 .548 -36.51 53.5693 -14.452 -36.51
4 16 57.1013 .548 -36.51 53.142 .1533 -42.4995 51.1678 -14.5 -40.1724 53.5693 -14.452 -36.51
4 16 53.142 .1533 -42.4995 46.654 -.1325 -46.8355 44.7183 -14.5 -44.5538 51.1678 -14.5 -40.1724
4 16 44.7183 -14.5 -44.5538 46.654 -.1325 -46.8355 23.6323 -1 -60 18.1218 -14.5 -60
4 16 14 -11 -63.1151 14 -14.5 -62.3115 18.1218 -14.5 -60 23.6323 -1 -60
3 16 14 -11 -63.1151 23.6323 -1 -60 12 -.5583 -66.7019
3 16 12 -.5583 -66.7019 11.1225 -11 -66.0309 14 -11 -63.1151
3 16 12 -.5583 -66.7019 10.15 -.341 -70 11.1225 -11 -66.0309
3 16 11.1225 -11 -66.0309 10.15 -.341 -70 10.15 -11 -70
4 16 14 -14.5 -62.3115 14 -11 -63.1151 14 -11 -44 14 -14.5 -44
4 16 10.15 -.341 -70 10 0 -71 10 -11 -71 10.15 -11 -70

3 16 50 -12.9594 -29 49.239 -12.925 -28.827 50 -12.1644 -25
3 16 49.239 -12.925 -28.827 50 -12.9594 -29 47.071 -13.5697 -32.071
4 16 47.071 -13.5697 -32.071 50 -12.9594 -29 56.4035 -12.9594 -29 55.478 -13.8844 -33.654
4 16 39.1934 -14.452 -36.51 47.071 -13.5697 -32.071 55.478 -13.8844 -33.654 53.5693 -14.452 -36.51
4 16 39.1934 -14.452 -36.51 53.5693 -14.452 -36.51 51.1678 -14.5 -40.1724 33 -14.5 -40
4 16 33 -14.5 -40 51.1678 -14.5 -40.1724 44.7183 -14.5 -44.5538 18.1218 -14.5 -60
4 16 18.1218 -14.5 -60 14 -14.5 -62.3115 14 -14.5 -44 33 -14.5 -40
3 16 10 -11 -48 10.15 -11 -70 10 -11 -71
3 16 10.15 -11 -70 10 -11 -48 11.1225 -11 -66.0309
4 16 14 -11 -44 14 -11 -63.1151 11.1225 -11 -66.0309 10 -11 -48

3 16 52 0 -29 58.5517 0 -29 56.4035 -12.9594 -29
4 16 50 0 -29 52 0 -29 56.4035 -12.9594 -29 50 -12.9594 -29

4 16 33 -14.5 -40 33 -18.682 -40 39.1934 -18.452 -36.51 39.1934 -14.452 -36.51
4 16 39.1934 -14.452 -36.51 39.1934 -18.452 -36.51 47.071 -17.5697 -32.071 47.071 -13.5697 -32.071
4 16 47.071 -13.5697 -32.071 47.071 -17.5697 -32.071 49.239 -16.925 -28.827 49.239 -12.925 -28.827
4 16 49.239 -12.925 -28.827 49.239 -16.925 -28.827 50 -16.1644 -25 50 -12.1644 -25

0 // cond lines
5 24 51.1678 -14.5 -40.1724 33 -14.5 -40 44.7183 -14.5 -44.5538 39.1934 -14.452 -36.51
5 24 10.15 -.341 -70 10.15 -11 -70 10 0 -71 11.1225 -11 -66.0309
5 24 20.761 -19.5932 -66.173 20.761 -15.5932 -66.173 20 -19.341 -70 22.929 -15.807 -62.929
5 24 26.173 -5 -60.761 14 -4.5583 -66.7019 25.6323 -5 -60 22.929 -4.807 -62.929
5 24 26.173 -1 -60.761 23.6323 -1 -60 22.929 -.807 -62.929 27.5095 -1 -60
5 24 53.142 .1533 -42.4995 51.1678 -14.5 -40.1724 46.654 -.1325 -46.8355 53.5693 -14.452 -36.51
5 24 48.654 -14.9771 -44.478 48.654 -4.1325 -46.8355 55.142 -3.8467 -42.4995 21.5095 -16 -60
5 24 10 -11 -71 10 0 -71 10.15 -11 -70 10 -3.4443 -71.6849
5 24 57.1013 .548 -36.51 55.478 -13.8844 -33.654 53.5693 -14.452 -36.51 58.5517 0 -29
5 24 59.1013 -3.452 -36.51 61 -3.4443 -28.3151 59.478 -13.8844 -33.654 61 -1.8849 -28.6252
5 24 23.6323 -1 -60 27.5095 -1 -60 46.654 -.1325 -46.8355 26.173 -1 -60.761
5 24 21.5095 -16 -60 26.173 -16 -60.761 22.929 -15.807 -62.929 27.5095 -16 -60
5 24 12 -.5583 -66.7019 14 -11 -63.1151 11.1225 -11 -66.0309 23.6323 -1 -60
5 24 23.6323 -1 -60 18.1218 -14.5 -60 44.7183 -14.5 -44.5538 14 -11 -63.1151
5 24 12 -.5583 -66.7019 11.1225 -11 -66.0309 14 -11 -63.1151 10.15 -.341 -70
5 24 21.5095 -16 -60 25.6323 -5 -60 14 -15.7182 -64.2758 48.654 -4.1325 -46.8355
5 24 22.929 -4.807 -62.929 22.929 -.807 -62.929 20.761 -4.5932 -66.173 26.173 -1 -60.761
5 24 49.239 -16.925 -28.827 49.239 -12.925 -28.827 50 -16.1644 -25 47.071 -13.5697 -32.071
5 24 20 -4.341 -70 20 -.341 -70 20.761 -.5932 -66.173 20 -3.4443 -71.6849
5 24 50 -13.862 -13.416 70 -13.862 -13.416 70 -8.3151 3.4443 50 -16.1644 -25
5 24 57.1013 .548 -36.51 58.5517 0 -29 59 2.1151 -28.6252 55.478 -13.8844 -33.654
5 24 26.173 -5 -60.761 25.6323 -5 -60 14 -4.5583 -66.7019 27.5095 -5 -60
5 24 14 -4.341 -70 20 -4.341 -70 20.761 -4.5932 -66.173 14 -3.4443 -71.6849
5 24 55.478 -13.8844 -33.654 58.5517 0 -29 56.4035 -12.9594 -29 57.1013 .548 -36.51
5 24 27.5095 -20 -60 10 -20 -60 26.173 -20 -60.761 33 -18.682 -40
5 24 57.5693 -14.452 -36.51 57.5693 -3.6074 -38.8675 55.142 -14.6914 -40.142 59.1013 -3.452 -36.51
5 24 26.173 -5 -60.761 26.173 -1 -60.761 22.929 -4.807 -62.929 27.5095 -1 -60
5 24 20 -.341 -70 10.15 -.341 -70 20 0 -71 12 -.5583 -66.7019
5 24 26.173 -20 -60.761 26.173 -16 -60.761 22.929 -19.807 -62.929 27.5095 -16 -60
5 24 10 -18.452 -83.49 20 -18.452 -83.49 20 -19.341 -70 10 -13.862 -106.584
5 24 22.929 -15.807 -62.929 21.5095 -16 -60 26.173 -16 -60.761 20.761 -15.5932 -66.173
5 24 21.5095 -16 -60 27.5095 -16 -60 26.173 -16 -60.761 48.654 -14.9771 -44.478
5 24 50 -12.1644 -25 50 -16.1644 -25 49.239 -12.925 -28.827 50 -13.862 -13.416
5 24 55.142 -14.6914 -40.142 55.142 -3.8467 -42.4995 48.654 -14.9771 -44.478 57.5693 -3.6074 -38.8675
5 24 22.929 -.807 -62.929 23.6323 -1 -60 20.761 -.5932 -66.173 26.173 -1 -60.761
5 24 10.15 -.341 -70 11.1225 -11 -66.0309 12 -.5583 -66.7019 10.15 -11 -70
5 24 59.478 -13.8844 -33.654 61 -3.4443 -28.3151 61 -12.3631 -26 59.1013 -3.452 -36.51
5 24 22.929 -19.807 -62.929 22.929 -15.807 -62.929 20.761 -19.5932 -66.173 26.173 -16 -60.761
5 24 10 -20 -60 22.929 -19.807 -62.929 20.761 -19.5932 -66.173 26.173 -20 -60.761
5 24 10 -13.862 -106.584 20 -13.862 -106.584 10 -12.4461 -110.761 20 -18.452 -83.49
5 24 57.1013 .548 -36.51 53.5693 -14.452 -36.51 53.142 .1533 -42.4995 55.478 -13.8844 -33.654
5 24 10 -20 -60 26.173 -20 -60.761 27.5095 -20 -60 22.929 -19.807 -62.929
5 24 20 -19.341 -70 20 -15.341 -70 20 -18.452 -83.49 20.761 -15.5932 -66.173
5 24 61 -12.3631 -26 61 -3.4443 -28.3151 61 -6.3639 -26.3639 59.478 -13.8844 -33.654
5 24 53.5693 -14.452 -36.51 39.1934 -14.452 -36.51 51.1678 -14.5 -40.1724 47.071 -13.5697 -32.071
5 24 46.654 -.1325 -46.8355 44.7183 -14.5 -44.5538 23.6323 -1 -60 51.1678 -14.5 -40.1724
5 24 47.071 -17.5697 -32.071 47.071 -13.5697 -32.071 49.239 -16.925 -28.827 39.1934 -14.452 -36.51
5 24 20.761 -4.5932 -66.173 20.761 -.5932 -66.173 22.929 -.807 -62.929 20 -4.341 -70
5 24 27.5095 -5 -60 25.6323 -5 -60 26.173 -5 -60.761 64.142 -3.6255 -39.142
5 24 14 -11 -63.1151 23.6323 -1 -60 14 -14.5 -62.3115 12 -.5583 -66.7019
5 24 20 -14.452 -83.49 14 -14.452 -83.49 14 -15.7182 -64.2758 20 -9.9781 -106
5 24 14 -4.5583 -66.7019 22.929 -4.807 -62.929 26.173 -5 -60.761 20.761 -4.5932 -66.173
5 24 59.478 -13.8844 -33.654 59.1013 -3.452 -36.51 57.5693 -14.452 -36.51 61 -3.4443 -28.3151
5 24 57.5693 -14.452 -36.51 65.9609 -14.452 -36.51 59.478 -13.8844 -33.654 64.5814 -14.5556 -38.0814
5 24 62.7628 .3392 -39.6779 62.7628 -3.6608 -39.6779 60.75 -3.7493 -41.021 64.5814 .4445 -38.0814
5 24 68.5922 -17.5715 -32.08 68.5922 -13.5715 -32.08 67.521 -18.0028 -34.25 69.3692 -13.1159 -29.7878
5 24 69.8409 -16.6442 -27.4143 69.8409 -12.6442 -27.4143 70 -12.1644 -25 69.3692 -17.1159 -29.7878
5 24 64.5814 -18.5556 -38.0814 64.5814 -14.5556 -38.0814 62.7628 -18.6608 -39.6779 65.9609 -14.452 -36.51
5 24 70 -12.1644 -25 70 -16.1644 -25 69.8409 -16.6442 -27.4143 70 -11.1706 -20
5 24 60.75 -14.7493 -41.021 60.75 -18.7493 -41.021 27.5095 -20 -60 62.7628 -14.6608 -39.6779
5 24 57.1013 .548 -36.51 65.9609 .548 -36.51 64.5814 .4445 -38.0814 67.521 .9972 -34.25
5 24 69.3692 -2.1159 -29.7878 69.3692 1.8841 -29.7878 68.5922 -2.5715 -32.08 69.6097 2.1246 -28.5775
5 24 68.5922 1.4285 -32.08 68.5922 -2.5715 -32.08 69.3692 1.8841 -29.7878 67.521 -3.0028 -34.25
5 24 64.5814 .4445 -38.0814 64.5814 -3.5556 -38.0814 62.7628 -3.6608 -39.6779 65.9609 .548 -36.51
5 24 65.9609 -18.452 -36.51 39.1934 -18.452 -36.51 62.7628 -18.6608 -39.6779 66.1779 -18.4029 -36.2628
5 24 67.521 -14.0028 -34.25 67.521 -18.0028 -34.25 68.5922 -13.5715 -32.08 66.1779 -18.4029 -36.2628
5 24 66.1779 -3.4029 -36.2628 66.1779 .5971 -36.2628 65.9609 -3.452 -36.51 67.521 .9972 -34.25
5 24 65.9609 -3.452 -36.51 59.1013 -3.452 -36.51 62.7628 -3.6608 -39.6779 66.1779 -3.4029 -36.2628
5 24 66.1779 -14.4029 -36.2628 66.1779 -18.4029 -36.2628 65.9609 -18.452 -36.51 67.521 -14.0028 -34.25
5 24 60.75 .2507 -41.021 60.75 -3.7493 -41.021 27.5095 -5 -60 62.7628 .3392 -39.6779
5 24 62.7628 -14.6608 -39.6779 62.7628 -18.6608 -39.6779 64.5814 -14.5556 -38.0814 60.75 -18.7493 -41.021
5 24 67.521 .9972 -34.25 67.521 -3.0028 -34.25 66.1779 -3.4029 -36.2628 68.5922 1.4285 -32.08
5 24 69.3692 -13.1159 -29.7878 69.3692 -17.1159 -29.7878 68.5922 -17.5715 -32.08 69.8409 -12.6442 -27.4143
