0 ~Dish  6 x  6 Inverted with Solid Studs with Compass Pattern - Quarter
0 Name: s\44375bp04s01.dat
0 Author: Evert-Jan Boer [ejboer]
0 !LDRAW_ORG Unofficial_Subpart
0 !LICENSE Licensed under CC BY 4.0 : see CAreadme.txt

0 BFC CERTIFY CCW

3 19 39.656 3 5.22 36.419 2.51 4.794 39.753 3 3.759
4 70 40 3 0 39.753 3 3.759 28.041 1.243 3.691 28.284 1.243 0
3 70 28.041 1.243 3.691 39.753 3 3.759 36.419 2.51 4.794
4 16 19.828 0 2.61 20 0 0 26.86 1.029 0 26.63 1.029 3.506
4 70 26.63 1.029 3.506 26.86 1.029 0 28.284 1.243 0 28.041 1.243 3.691
4 19 28.465 1.41 7.265 36.419 2.51 4.794 39.656 3 5.22 31.58 1.894 8.099
3 70 28.041 1.243 3.691 36.419 2.51 4.794 27.32 1.243 7.32
3 70 27.32 1.243 7.32 36.419 2.51 4.794 28.465 1.41 7.265
4 16 19.318 0 5.176 19.828 0 2.61 26.63 1.029 3.506 25.945 1.029 6.952
4 70 25.945 1.029 6.952 26.63 1.029 3.506 28.041 1.243 3.691 27.32 1.243 7.32
4 19 38.636 3 10.352 31.489 1.89 8.437 31.58 1.894 8.099 39.656 3 5.22
4 70 28.465 1.41 7.265 31.58 1.894 8.099 31.489 1.89 8.437 27.32 1.243 7.32
4 16 24.815 1.029 10.279 18.478 0 7.654 19.318 0 5.176 25.945 1.029 6.952
3 70 27.207 1.243 7.652 25.945 1.029 6.952 27.32 1.243 7.32
3 19 36.956 3 15.308 31.217 2.068 12.931 38.636 3 10.352
4 19 30.104 1.888 12.47 30.514 1.898 11.479 38.636 3 10.352 31.217 2.068 12.931
3 19 30.514 1.898 11.479 30.754 1.9 10.821 38.636 3 10.352
4 19 31.399 1.894 8.776 38.636 3 10.352 30.754 1.9 10.821 26.639 1.242 9.323
3 19 38.636 3 10.352 31.399 1.894 8.776 31.489 1.89 8.437
3 19 26.639 1.242 9.323 27.207 1.243 7.652 31.399 1.894 8.776
3 19 26.128 1.242 10.823 30.514 1.898 11.479 30.104 1.888 12.47
3 19 30.514 1.898 11.479 26.128 1.242 10.823 26.413 1.242 9.986
4 70 30.754 1.9 10.821 30.514 1.898 11.479 26.413 1.242 9.986 26.639 1.242 9.323
4 70 31.489 1.89 8.437 31.399 1.894 8.776 27.207 1.243 7.652 27.32 1.243 7.32
4 16 23.261 1.029 13.43 17.32 0 10 18.478 0 7.654 24.815 1.029 10.279
3 19 34.64 3 20 28.232 1.89 16.3 28.407 1.894 15.997
4 19 34.64 3 20 28.407 1.894 15.997 29.398 1.9 14.095 36.956 3 15.308
4 19 36.956 3 15.308 29.398 1.9 14.095 29.694 1.898 13.46 31.217 2.068 12.931
3 19 29.694 1.898 13.46 30.104 1.888 12.47 31.217 2.068 12.931
4 19 26.128 1.242 10.823 30.104 1.888 12.47 29.694 1.898 13.46 25.737 1.242 11.615
4 19 28.407 1.894 15.997 24.647 1.242 13.826 25.428 1.242 12.243 29.398 1.9 14.095
3 70 24.492 1.242 14.141 28.407 1.894 15.997 28.232 1.89 16.3
3 70 28.407 1.894 15.997 24.492 1.242 14.141 24.647 1.242 13.826
4 70 29.398 1.9 14.095 25.428 1.242 12.243 25.737 1.242 11.615 29.694 1.898 13.46
3 70 22.441 1.243 17.22 22.636 1.243 16.928 23.131 1.373 17.749
4 16 21.309 1.029 16.351 15.868 0 12.176 17.32 0 10 23.261 1.029 13.43
3 70 22.441 1.243 17.22 21.309 1.029 16.351 22.636 1.243 16.928
4 19 31.736 3 24.352 23.131 1.373 17.749 22.636 1.243 16.928 22.931 1.243 16.484
3 19 22.931 1.243 16.484 26.504 1.898 18.985 31.736 3 24.352
4 19 34.64 3 20 31.736 3 24.352 26.504 1.898 18.985 26.905 1.9 18.412
3 19 34.64 3 20 26.905 1.9 18.412 28.057 1.894 16.603
3 19 34.64 3 20 28.057 1.894 16.603 28.232 1.89 16.3
4 19 26.905 1.9 18.412 23.319 1.242 15.901 24.298 1.242 14.432 28.057 1.894 16.603
4 70 26.504 1.898 18.985 22.931 1.243 16.484 23.319 1.242 15.901 26.905 1.9 18.412
4 70 24.492 1.242 14.141 28.232 1.89 16.3 28.057 1.894 16.603 24.298 1.242 14.432
4 19 22.203 1.243 17.49 28.636 3 27.883 28.284 3 28.284 20 1.243 20
4 70 22.203 1.243 17.49 22.441 1.243 17.22 23.626 1.511 18.57 28.636 3 27.883
3 70 28.636 3 27.883 23.626 1.511 18.57 28.996 3 27.473
3 70 22.441 1.243 17.22 23.131 1.373 17.749 23.626 1.511 18.57
4 16 18.993 1.029 18.993 14.142 0 14.142 15.868 0 12.176 21.309 1.029 16.351
4 70 20 1.243 20 18.993 1.029 18.993 21.309 1.029 16.351 22.203 1.243 17.49
3 70 22.441 1.243 17.22 22.203 1.243 17.49 21.309 1.029 16.351
3 19 23.626 1.511 18.57 23.131 1.373 17.749 31.736 3 24.352
3 19 31.736 3 24.352 28.996 3 27.473 23.626 1.511 18.57
4 70 28.284 3 28.284 18.568 1.51 23.623 17.22 1.243 22.441 20 1.243 20
3 70 27.474 3 28.995 18.568 1.51 23.623 28.284 3 28.284
3 70 17.22 1.243 22.441 18.568 1.51 23.623 17.746 1.372 23.127
4 16 18.993 1.029 18.993 16.351 1.029 21.309 12.176 0 15.868 14.142 0 14.142
4 70 20 1.243 20 17.22 1.243 22.441 16.351 1.029 21.309 18.993 1.029 18.993
3 19 18.568 1.51 23.623 24.352 3 31.736 17.746 1.372 23.127
3 19 24.352 3 31.736 18.568 1.51 23.623 27.474 3 28.995
3 70 17.22 1.243 22.441 17.746 1.372 23.127 16.929 1.243 22.634
4 16 16.351 1.029 21.309 13.43 1.029 23.261 10 0 17.32 12.176 0 15.868
4 19 16.603 1.894 28.057 14.432 1.242 24.298 15.901 1.242 23.319 18.412 1.9 26.905
4 19 24.352 3 31.736 18.985 1.898 26.504 16.484 1.243 22.931 16.929 1.243 22.634
3 19 16.929 1.243 22.634 17.746 1.372 23.127 24.352 3 31.736
4 19 18.412 1.9 26.905 18.985 1.898 26.504 24.352 3 31.736 20 3 34.64
3 19 20 3 34.64 16.603 1.894 28.057 18.412 1.9 26.905
3 19 20 3 34.64 16.3 1.89 28.232 16.603 1.894 28.057
3 70 14.141 1.242 24.492 16.603 1.894 28.057 16.3 1.89 28.232
3 70 16.603 1.894 28.057 14.141 1.242 24.492 14.432 1.242 24.298
4 70 18.412 1.9 26.905 15.901 1.242 23.319 16.484 1.243 22.931 18.985 1.898 26.504
4 16 13.43 1.029 23.261 10.279 1.029 24.815 7.654 0 18.478 10 0 17.32
3 19 10.823 1.242 26.128 13.46 1.898 29.694 12.47 1.888 30.104
3 19 13.46 1.898 29.694 10.823 1.242 26.128 11.615 1.242 25.737
4 19 14.095 1.9 29.398 12.243 1.242 25.428 13.826 1.242 24.647 15.997 1.894 28.407
4 19 20 3 34.64 15.308 3 36.956 15.997 1.894 28.407 16.3 1.89 28.232
3 19 15.308 3 36.956 14.095 1.9 29.398 15.997 1.894 28.407
3 19 15.308 3 36.956 13.46 1.898 29.694 14.095 1.9 29.398
3 19 15.308 3 36.956 12.47 1.888 30.104 13.46 1.898 29.694
4 70 13.46 1.898 29.694 11.615 1.242 25.737 12.243 1.242 25.428 14.095 1.9 29.398
4 70 14.141 1.242 24.492 16.3 1.89 28.232 15.997 1.894 28.407 13.826 1.242 24.647
4 70 7.313 1.239 27.294 7.653 1.243 27.207 8.776 1.894 31.399 8.437 1.89 31.489
4 16 6.952 1.029 25.945 5.176 0 19.318 7.654 0 18.478 10.279 1.029 24.815
4 19 7.653 1.243 27.207 9.323 1.242 26.639 10.821 1.9 30.754 8.776 1.894 31.399
4 19 10.823 1.242 26.128 12.47 1.888 30.104 11.479 1.898 30.514 9.986 1.242 26.413
3 19 15.308 3 36.956 11.479 1.898 30.514 12.47 1.888 30.104
3 19 10.352 3 38.636 8.437 1.89 31.489 8.776 1.894 31.399
4 19 10.352 3 38.636 8.776 1.894 31.399 10.821 1.9 30.754 15.308 3 36.956
3 19 15.308 3 36.956 10.821 1.9 30.754 11.479 1.898 30.514
4 70 10.821 1.9 30.754 9.323 1.242 26.639 9.986 1.242 26.413 11.479 1.898 30.514
3 19 4.794 2.51 36.419 10.352 3 38.636 5.22 3 39.656
3 19 4.574 2.257 34.746 3.691 1.243 28.041 6.853 1.243 27.413
4 70 6.853 1.243 27.413 7.313 1.239 27.294 7.264 1.409 28.461 4.574 2.257 34.746
3 70 4.574 2.257 34.746 7.264 1.409 28.461 4.794 2.51 36.419
3 70 7.313 1.239 27.294 8.437 1.89 31.489 7.264 1.409 28.461
4 16 3.506 1.029 26.63 2.61 0 19.828 5.176 0 19.318 6.952 1.029 25.945
4 70 6.853 1.243 27.413 3.691 1.243 28.041 3.506 1.029 26.63 6.952 1.029 25.945
3 70 6.853 1.243 27.413 6.952 1.029 25.945 7.313 1.239 27.294
3 19 4.794 2.51 36.419 7.264 1.409 28.461 8.099 1.894 31.58
4 19 10.352 3 38.636 4.794 2.51 36.419 8.099 1.894 31.58 8.437 1.89 31.489
3 70 8.437 1.89 31.489 8.099 1.894 31.58 7.264 1.409 28.461
3 19 4.794 2.51 36.419 5.22 3 39.656 3.76 3 39.752
4 19 4.574 2.257 34.746 3.002 3 39.802 0 3 40 0 1.243 28.284
3 19 4.574 2.257 34.746 0 1.243 28.284 3.691 1.243 28.041
3 70 4.574 2.257 34.746 4.794 2.51 36.419 3.002 3 39.802
3 70 3.002 3 39.802 4.794 2.51 36.419 3.76 3 39.752
4 16 0 1.029 26.86 0 0 20 2.61 0 19.828 3.506 1.029 26.63
4 70 0 1.243 28.284 0 1.029 26.86 3.506 1.029 26.63 3.691 1.243 28.041
4 19 39.871 3.065 5.249 39.656 3 5.22 39.753 3 3.759 39.973 3.065 3.691
4 19 40.464 3.244 5.327 40.583 3.244 3.502 43.027 3.962 2.744 42.745 3.935 5.626
4 19 43.707 4.162 2.532 49.961 6 .592 49.57 6 6.525 43.395 4.131 5.712
4 70 40.583 3.244 3.502 40.464 3.244 5.327 39.871 3.065 5.249 39.973 3.065 3.691
3 70 40.583 3.244 3.502 40 3 0 43.027 3.962 2.744
3 70 43.027 3.962 2.744 40 3 0 43.707 4.162 2.532
4 70 49.961 6 .592 43.707 4.162 2.532 40 3 0 50 6 0
4 70 43.027 3.962 2.744 43.707 4.162 2.532 43.395 4.131 5.712 42.745 3.935 5.626
4 19 39.656 3 5.22 39.871 3.065 5.249 38.845 3.065 10.409 38.636 3 10.352
4 19 40.464 3.244 5.327 42.286 3.962 8.411 41.645 3.935 11.159 39.422 3.244 10.563
4 19 48.932 6 9.733 42.929 4.16 8.539 43.395 4.131 5.712 49.57 6 6.525
3 19 42.286 3.962 8.411 40.464 3.244 5.327 42.745 3.935 5.626
4 70 38.845 3.065 10.409 39.871 3.065 5.249 40.464 3.244 5.327 39.422 3.244 10.563
4 70 42.929 4.16 8.539 41.645 3.935 11.159 42.286 3.962 8.411 43.395 4.131 5.712
3 70 42.286 3.962 8.411 42.745 3.935 5.626 43.395 4.131 5.712
4 70 48.932 6 9.733 48.295 6 12.94 41.645 3.935 11.159 42.929 4.16 8.539
4 19 36.956 3 15.308 38.636 3 10.352 38.845 3.065 10.409 37.154 3.064 15.39
4 19 37.706 3.244 15.618 39.422 3.244 10.563 41.645 3.935 11.159 40.825 3.962 13.861
3 19 37.706 3.244 15.618 40.825 3.962 13.861 39.832 3.934 16.499
4 70 39.422 3.244 10.563 37.706 3.244 15.618 37.154 3.064 15.39 38.845 3.065 10.409
4 70 41.645 3.935 11.159 48.295 6 12.94 47.244 6 16.04 40.825 3.962 13.861
4 70 47.244 6 16.04 46.195 6 19.135 39.832 3.934 16.499 40.825 3.962 13.861
3 19 37.706 3.244 15.618 39.832 3.934 16.499 35.345 3.244 20.406
4 19 34.827 3.065 20.108 34.64 3 20 36.956 3 15.308 37.154 3.064 15.39
4 19 37.338 3.935 21.558 35.345 3.244 20.406 39.832 3.934 16.499 38.666 3.962 19.075
4 70 34.827 3.065 20.108 37.154 3.064 15.39 37.706 3.244 15.618 35.345 3.244 20.406
4 70 37.338 3.935 21.558 38.666 3.962 19.075 44.745 6 22.073 43.3 6 25
4 70 39.832 3.934 16.499 46.195 6 19.135 44.745 6 22.073 38.666 3.962 19.075
4 19 34.64 3 20 34.827 3.065 20.108 31.905 3.064 24.482 31.736 3 24.352
4 19 37.335 3.935 21.565 34.206 3.934 26.247 32.379 3.243 24.845 35.345 3.244 20.406
3 19 34.206 3.934 26.247 37.335 3.935 21.565 35.844 3.962 23.961
4 19 34.725 4.13 26.646 36.389 4.159 24.326 41.48 6 27.727 39.67 6 30.44
3 19 37.335 3.935 21.565 35.345 3.244 20.406 37.338 3.935 21.558
4 70 35.345 3.244 20.406 32.379 3.243 24.845 31.905 3.064 24.482 34.827 3.065 20.108
4 70 34.206 3.934 26.247 35.844 3.962 23.961 36.389 4.159 24.326 34.725 4.13 26.646
4 70 36.389 4.159 24.326 35.844 3.962 23.961 37.335 3.935 21.565 43.3 6 25
3 70 41.48 6 27.727 36.389 4.159 24.326 43.3 6 25
3 70 43.3 6 25 37.335 3.935 21.565 37.338 3.935 21.558
3 19 31.309 4.284 31.309 37.427 6 32.995 35.355 6 35.355
4 19 39.67 6 30.44 37.427 6 32.995 31.309 4.284 31.309 32.902 4.16 28.87
3 19 39.67 6 30.44 32.902 4.16 28.87 34.725 4.13 26.646
4 19 29.435 3.244 28.202 32.379 3.243 24.845 34.206 3.934 26.247 30.686 3.938 30.276
3 19 30.686 3.938 30.276 34.206 3.934 26.247 32.409 3.963 28.438
3 19 31.309 4.284 31.309 31.038 4.133 30.86 32.902 4.16 28.87
4 19 31.905 3.064 24.482 29.112 3.065 27.666 28.996 3 27.473 31.736 3 24.352
3 19 29.859 3.668 29.859 28.284 3 28.284 28.636 3 27.883
4 70 32.409 3.963 28.438 34.206 3.934 26.247 34.725 4.13 26.646 32.902 4.16 28.87
4 70 30.686 3.938 30.276 32.409 3.963 28.438 32.902 4.16 28.87 31.038 4.133 30.86
4 70 32.379 3.243 24.845 29.435 3.244 28.202 29.112 3.065 27.666 31.905 3.064 24.482
3 70 31.038 4.133 30.86 29.859 3.668 29.859 30.686 3.938 30.276
3 70 28.636 3 27.883 28.996 3 27.473 29.112 3.065 27.666
4 70 28.636 3 27.883 29.112 3.065 27.666 29.435 3.244 28.202 29.859 3.668 29.859
3 70 30.686 3.938 30.276 29.859 3.668 29.859 29.435 3.244 28.202
3 70 29.859 3.668 29.859 31.038 4.133 30.86 31.309 4.284 31.309
3 19 31.309 4.284 31.309 35.355 6 35.355 30.44 6 39.67
4 19 28.319 4.955 36.906 26.649 4.132 34.729 28.851 4.16 32.921 31.309 4.284 31.309
3 19 28.319 4.955 36.906 31.309 4.284 31.309 30.44 6 39.67
3 19 28.851 4.16 32.921 30.86 4.133 31.038 31.309 4.284 31.309
4 19 28.419 3.963 32.428 26.249 3.935 34.209 24.845 3.243 32.379 28.202 3.244 29.435
3 19 28.419 3.963 32.428 28.202 3.244 29.435 30.276 3.938 30.686
4 19 24.352 3 31.736 27.474 3 28.995 27.666 3.065 29.112 24.482 3.064 31.905
3 70 27.474 3 28.995 28.284 3 28.284 29.859 3.668 29.859
3 70 29.859 3.668 29.859 31.309 4.284 31.309 30.86 4.133 31.038
4 70 28.419 3.963 32.428 30.276 3.938 30.686 30.86 4.133 31.038 28.851 4.16 32.921
4 70 28.202 3.244 29.435 24.845 3.243 32.379 24.482 3.064 31.905 27.666 3.065 29.112
3 70 29.859 3.668 29.859 27.666 3.065 29.112 27.474 3 28.995
3 70 29.859 3.668 29.859 28.202 3.244 29.435 27.666 3.065 29.112
3 70 30.276 3.938 30.686 28.202 3.244 29.435 29.859 3.668 29.859
3 70 30.86 4.133 31.038 30.276 3.938 30.686 29.859 3.668 29.859
4 70 28.851 4.16 32.921 26.649 4.132 34.729 26.249 3.935 34.209 28.419 3.963 32.428
3 19 28.319 4.955 36.906 30.44 6 39.67 27.705 6 41.495
4 19 28.319 4.955 36.906 27.705 6 41.495 24.307 4.161 36.408 26.649 4.132 34.729
4 19 20 3 34.64 24.352 3 31.736 24.482 3.064 31.905 20.108 3.065 34.827
4 19 21.069 3.642 36.492 20.406 3.244 35.345 24.845 3.243 32.379 26.249 3.935 34.209
4 19 26.249 3.935 34.209 23.943 3.964 35.863 21.561 3.937 37.344 21.069 3.642 36.492
4 70 24.845 3.243 32.379 20.406 3.244 35.345 20.108 3.065 34.827 24.482 3.064 31.905
4 70 26.249 3.935 34.209 26.649 4.132 34.729 24.307 4.161 36.408 23.943 3.964 35.863
4 70 24.307 4.161 36.408 25 6 43.3 21.561 3.937 37.344 23.943 3.964 35.863
3 70 25 6 43.3 24.307 4.161 36.408 27.705 6 41.495
4 19 20.406 3.244 35.345 21.069 3.642 36.492 19.056 3.965 38.685 15.618 3.244 37.706
3 19 19.056 3.965 38.685 21.069 3.642 36.492 21.561 3.937 37.344
4 19 20.108 3.065 34.827 15.39 3.064 37.154 15.308 3 36.956 20 3 34.64
3 19 15.618 3.244 37.706 19.056 3.965 38.685 16.503 3.937 39.841
4 70 15.39 3.064 37.154 20.108 3.065 34.827 20.406 3.244 35.345 15.618 3.244 37.706
4 70 16.503 3.937 39.841 19.056 3.965 38.685 22.05 6 44.756 19.135 6 46.195
4 70 21.561 3.937 37.344 25 6 43.3 22.05 6 44.756 19.056 3.965 38.685
3 19 15.618 3.244 37.706 16.503 3.937 39.841 10.906 3.642 40.705
4 19 15.39 3.064 37.154 10.409 3.065 38.845 10.352 3 38.636 15.308 3 36.956
3 19 10.906 3.642 40.705 10.563 3.244 39.422 15.618 3.244 37.706
4 19 11.162 3.938 41.657 10.906 3.642 40.705 16.503 3.937 39.841 13.843 3.966 40.844
4 70 10.409 3.065 38.845 15.39 3.064 37.154 15.618 3.244 37.706 10.563 3.244 39.422
4 70 16.503 3.937 39.841 19.135 6 46.195 12.94 6 48.295 11.221 4.008 41.88
3 70 11.221 4.008 41.88 13.843 3.966 40.844 16.503 3.937 39.841
3 70 11.221 4.008 41.88 11.162 3.938 41.657 13.843 3.966 40.844
4 19 10.563 3.244 39.422 10.906 3.642 40.705 8.392 3.967 42.305 5.627 3.936 42.749
3 19 8.392 3.967 42.305 10.906 3.642 40.705 11.162 3.938 41.657
4 19 5.714 4.136 43.411 8.52 4.164 42.947 9.711 6 48.937 6.525 6 49.57
4 19 10.409 3.065 38.845 5.249 3.065 39.871 5.22 3 39.656 10.352 3 38.636
3 19 5.327 3.244 40.464 10.563 3.244 39.422 5.627 3.936 42.749
4 70 5.249 3.065 39.871 10.409 3.065 38.845 10.563 3.244 39.422 5.327 3.244 40.464
4 70 5.627 3.936 42.749 8.392 3.967 42.305 8.52 4.164 42.947 5.714 4.136 43.411
4 70 11.221 4.008 41.88 8.52 4.164 42.947 8.392 3.967 42.305 11.162 3.938 41.657
4 70 9.711 6 48.937 8.52 4.164 42.947 11.221 4.008 41.88 12.94 6 48.295
3 19 5.327 3.244 40.464 5.627 3.936 42.749 2.736 3.969 43.05
4 19 5.22 3 39.656 5.249 3.065 39.871 3.678 3.065 39.974 3.76 3 39.752
3 19 0 5.838 49.461 0 3 40 3.002 3 39.802
4 19 6.525 6 49.57 .592 6 49.961 2.527 4.167 43.724 5.714 4.136 43.411
3 19 2.736 3.969 43.05 3.502 3.244 40.583 5.327 3.244 40.464
3 70 3.002 3 39.802 3.76 3 39.752 3.678 3.065 39.974
4 70 5.627 3.936 42.749 5.714 4.136 43.411 2.527 4.167 43.724 2.736 3.969 43.05
4 70 5.327 3.244 40.464 3.502 3.244 40.583 3.678 3.065 39.974 5.249 3.065 39.871
4 70 .592 6 49.961 0 6 50 0 5.838 49.461 2.527 4.167 43.724
4 70 3.002 3 39.802 2.736 3.969 43.05 2.527 4.167 43.724 0 5.838 49.461
4 19 49.17 6.121 9.78 48.932 6 9.733 49.57 6 6.525 49.704 6.068 6.543
4 19 54.226 9.032 14.135 49.248 6.455 12.801 49.917 6.503 9.929 59.484 11 7.83
4 19 57.954 11 15.528 54.139 9.025 14.506 54.226 9.032 14.135 59.484 11 7.83
3 19 49.917 6.503 9.929 50.46 6.449 6.642 59.484 11 7.83
4 70 50.46 6.449 6.642 49.917 6.503 9.929 49.17 6.121 9.78 49.704 6.068 6.543
4 70 49.17 6.121 9.78 49.917 6.503 9.929 49.248 6.455 12.801 48.295 6 12.94
3 70 48.295 6 12.94 48.932 6 9.733 49.17 6.121 9.78
4 70 49.248 6.455 12.801 54.226 9.032 14.135 54.139 9.025 14.506 48.295 6 12.94
4 19 57.954 11 15.528 55.434 11 22.962 47.021 6.447 19.477 48.194 6.502 16.363
3 19 48.194 6.502 16.363 54.028 9.032 14.874 57.954 11 15.528
3 19 48.194 6.502 16.363 49.05 6.455 13.54 54.028 9.032 14.874
3 19 57.954 11 15.528 54.028 9.032 14.874 54.139 9.025 14.506
4 70 49.05 6.455 13.54 48.194 6.502 16.363 47.244 6 16.04 48.295 6 12.94
4 70 48.295 6 12.94 54.139 9.025 14.506 54.028 9.032 14.874 49.05 6.455 13.54
4 70 47.244 6 16.04 48.194 6.502 16.363 47.021 6.447 19.477 46.195 6 19.135
4 19 48.718 9.032 27.694 55.434 11 22.962 51.96 11 30 48.541 9.026 28.026
4 19 44.254 6.455 25.117 45.645 6.503 22.516 55.434 11 22.962 48.718 9.032 27.694
3 19 55.434 11 22.962 45.645 6.503 22.516 47.021 6.447 19.477
4 70 48.541 9.026 28.026 43.3 6 25 44.254 6.455 25.117 48.718 9.032 27.694
4 70 44.745 6 22.073 45.645 6.503 22.516 44.254 6.455 25.117 43.3 6 25
4 70 47.021 6.447 19.477 45.645 6.503 22.516 44.745 6 22.073 46.195 6 19.135
4 19 39.775 6.066 30.521 39.67 6 30.44 41.48 6 27.727 41.681 6.121 27.861
4 19 51.96 11 30 47.604 11 36.528 40.379 6.446 30.984 42.314 6.503 28.284
3 19 51.96 11 30 42.314 6.503 28.284 48.335 9.032 28.357
3 19 51.96 11 30 48.335 9.032 28.357 48.541 9.026 28.026
3 19 48.335 9.032 28.357 42.314 6.503 28.284 43.872 6.455 25.78
3 70 41.48 6 27.727 43.3 6 25 43.872 6.455 25.78
4 70 43.872 6.455 25.78 40.379 6.446 30.984 39.775 6.066 30.521 41.681 6.121 27.861
3 70 40.379 6.446 30.984 43.872 6.455 25.78 42.314 6.503 28.284
3 70 41.681 6.121 27.861 41.48 6 27.727 43.872 6.455 25.78
4 70 48.541 9.026 28.026 48.335 9.032 28.357 43.872 6.455 25.78 43.3 6 25
4 19 39.775 6.066 30.521 37.687 6.121 33.066 37.427 6 32.995 39.67 6 30.44
4 19 47.604 11 36.528 42.426 11 42.426 39.888 9.033 39.366 40.379 6.446 30.984
3 19 42.426 11 42.426 39.635 9.027 39.635 39.888 9.033 39.366
3 19 39.888 9.033 39.366 36.243 6.456 35.721 38.26 6.503 33.569
3 19 39.888 9.033 39.366 38.26 6.503 33.569 40.379 6.446 30.984
4 19 37.427 6 32.995 37.687 6.121 33.066 35.453 6.069 35.453 35.355 6 35.355
4 70 36.243 6.456 35.721 39.888 9.033 39.366 39.635 9.027 39.635 35.453 6.069 35.453
4 70 38.26 6.503 33.569 36.243 6.456 35.721 35.453 6.069 35.453 37.687 6.121 33.066
4 70 40.379 6.446 30.984 38.26 6.503 33.569 37.687 6.121 33.066 39.775 6.066 30.521
4 19 42.426 11 42.426 36.528 11 47.604 39.347 9.033 39.907 39.635 9.027 39.635
4 19 30.986 6.449 40.382 33.55 6.504 38.278 39.347 9.033 39.907 36.528 11 47.604
3 19 39.347 9.033 39.907 33.55 6.504 38.278 35.702 6.456 36.262
4 19 35.453 6.069 35.453 33.047 6.122 37.705 30.523 6.068 39.778 30.44 6 39.67
3 19 30.44 6 39.67 35.355 6 35.355 35.453 6.069 35.453
4 70 33.55 6.504 38.278 30.986 6.449 40.382 30.523 6.068 39.778 33.047 6.122 37.705
4 70 33.047 6.122 37.705 35.453 6.069 35.453 35.702 6.456 36.262 33.55 6.504 38.278
4 70 35.702 6.456 36.262 35.453 6.069 35.453 39.635 9.027 39.635 39.347 9.033 39.907
4 19 30 11 51.96 28.029 9.029 48.547 28.338 9.035 48.354 36.528 11 47.604
3 19 36.528 11 47.604 28.266 6.505 42.333 30.986 6.449 40.382
4 19 36.528 11 47.604 28.338 9.035 48.354 25.761 6.458 43.891 28.266 6.505 42.333
4 19 30.523 6.068 39.778 27.842 6.123 41.699 27.705 6 41.495 30.44 6 39.67
3 70 25 6 43.3 27.705 6 41.495 25.761 6.458 43.891
4 70 28.029 9.029 48.547 25 6 43.3 25.761 6.458 43.891 28.338 9.035 48.354
3 70 25.761 6.458 43.891 27.705 6 41.495 27.842 6.123 41.699
4 70 30.523 6.068 39.778 28.266 6.505 42.333 25.761 6.458 43.891 27.842 6.123 41.699
3 70 28.266 6.505 42.333 30.523 6.068 39.778 30.986 6.449 40.382
4 19 27.675 9.036 48.736 22.962 11 55.434 19.481 6.452 47.03 22.497 6.507 45.663
4 19 27.675 9.036 48.736 28.029 9.029 48.547 30 11 51.96 22.962 11 55.434
3 19 27.675 9.036 48.736 22.497 6.507 45.663 25.098 6.459 44.273
4 70 28.029 9.029 48.547 27.675 9.036 48.736 25.098 6.459 44.273 25 6 43.3
4 70 22.05 6 44.756 22.497 6.507 45.663 19.44 6.398 46.93 19.135 6 46.195
3 70 19.481 6.452 47.03 19.44 6.398 46.93 22.497 6.507 45.663
4 70 22.05 6 44.756 25 6 43.3 25.098 6.459 44.273 22.497 6.507 45.663
4 19 14.855 9.038 54.047 13.521 6.461 49.068 16.344 6.508 48.212 22.962 11 55.434
4 19 14.855 9.038 54.047 22.962 11 55.434 15.528 11 57.954 14.509 9.032 54.152
3 19 22.962 11 55.434 16.344 6.508 48.212 19.481 6.452 47.03
4 70 12.94 6 48.295 19.135 6 46.195 16.344 6.508 48.212 13.521 6.461 49.068
4 70 14.509 9.032 54.152 12.94 6 48.295 13.521 6.461 49.068 14.855 9.038 54.047
3 70 16.344 6.508 48.212 19.135 6 46.195 19.44 6.398 46.93
3 70 16.344 6.508 48.212 19.44 6.398 46.93 19.481 6.452 47.03
4 19 12.783 6.462 49.267 14.116 9.039 54.245 7.83 11 59.484 9.91 6.511 49.936
3 19 7.83 11 59.484 6.644 6.457 50.475 9.91 6.511 49.936
4 19 14.116 9.039 54.245 14.509 9.032 54.152 15.528 11 57.954 7.83 11 59.484
4 19 6.545 6.076 49.72 6.525 6 49.57 9.711 6 48.937 9.761 6.129 49.189
4 70 6.644 6.457 50.475 6.545 6.076 49.72 9.761 6.129 49.189 12.783 6.462 49.267
3 70 6.644 6.457 50.475 12.783 6.462 49.267 9.91 6.511 49.936
4 70 9.711 6 48.937 12.94 6 48.295 12.783 6.462 49.267 9.761 6.129 49.189
4 70 14.509 9.032 54.152 14.116 9.039 54.245 12.783 6.462 49.267 12.94 6 48.295
5 24 20 0 0 19.828 0 2.61 0 0 0 39.656 3 5.22
5 24 19.828 0 2.61 19.318 0 5.176 0 0 0 38.636 3 10.352
5 24 19.318 0 5.176 18.478 0 7.654 0 0 0 36.956 3 15.308
5 24 18.478 0 7.654 17.32 0 10 0 0 0 34.64 3 20
5 24 17.32 0 10 15.868 0 12.176 0 0 0 31.736 3 24.352
5 24 15.868 0 12.176 14.142 0 14.142 0 0 0 28.284 3 28.284
5 24 14.142 0 14.142 12.176 0 15.868 0 0 0 24.352 3 31.736
5 24 12.176 0 15.868 10 0 17.32 0 0 0 20 3 34.64
5 24 10 0 17.32 7.654 0 18.478 0 0 0 15.308 3 36.956
5 24 7.654 0 18.478 5.176 0 19.318 0 0 0 10.352 3 38.636
5 24 5.176 0 19.318 2.61 0 19.828 0 0 0 5.22 3 39.656
5 24 2.61 0 19.828 0 0 20 0 0 0 0 3 40
5 24 39.656 3 5.22 40 3 0 20 0 0 49.57 6 6.525
5 24 38.636 3 10.352 39.656 3 5.22 19.828 0 2.61 48.295 6 12.94
5 24 36.956 3 15.308 38.636 3 10.352 19.318 0 5.176 46.195 6 19.135
5 24 34.64 3 20 36.956 3 15.308 18.478 0 7.654 43.3 6 25
5 24 31.736 3 24.352 34.64 3 20 17.32 0 10 39.67 6 30.44
5 24 28.284 3 28.284 31.736 3 24.352 15.868 0 12.176 35.355 6 35.355
5 24 24.352 3 31.736 28.284 3 28.284 14.142 0 14.142 30.44 6 39.67
5 24 20 3 34.64 24.352 3 31.736 12.176 0 15.868 25 6 43.3
5 24 15.308 3 36.956 20 3 34.64 10 0 17.32 19.135 6 46.195
5 24 10.352 3 38.636 15.308 3 36.956 7.654 0 18.478 12.94 6 48.295
5 24 5.22 3 39.656 10.352 3 38.636 5.176 0 19.318 6.525 6 49.57
5 24 0 3 40 5.22 3 39.656 2.61 0 19.828 0 6 50
5 24 50 6 0 49.57 6 6.525 39.656 3 5.22 59.484 11 7.83
5 24 49.57 6 6.525 48.295 6 12.94 38.636 3 10.352 57.954 11 15.528
5 24 48.295 6 12.94 46.195 6 19.135 36.956 3 15.308 55.434 11 22.962
5 24 46.195 6 19.135 43.3 6 25 34.64 3 20 51.96 11 30
5 24 43.3 6 25 39.67 6 30.44 31.736 3 24.352 47.604 11 36.528
5 24 39.67 6 30.44 35.355 6 35.355 28.284 3 28.284 42.426 11 42.426
5 24 35.355 6 35.355 30.44 6 39.67 24.352 3 31.736 36.528 11 47.604
5 24 30.44 6 39.67 25 6 43.3 20 3 34.64 30 11 51.96
5 24 25 6 43.3 19.135 6 46.195 15.308 3 36.956 22.962 11 55.434
5 24 19.135 6 46.195 12.94 6 48.295 10.352 3 38.636 15.528 11 57.954
5 24 12.94 6 48.295 6.525 6 49.57 5.22 3 39.656 7.83 11 59.484
5 24 6.525 6 49.57 0 6 50 0 3 40 0 11 60
5 24 20 0 0 40 3 0 19.828 0 -2.61 19.828 0 2.61
5 24 19.828 0 2.61 39.656 3 5.22 20 0 0 19.318 0 5.176
5 24 19.318 0 5.176 38.636 3 10.352 19.828 0 2.61 18.478 0 7.654
5 24 18.478 0 7.654 36.956 3 15.308 19.318 0 5.176 17.32 0 10
5 24 17.32 0 10 34.64 3 20 18.478 0 7.654 15.868 0 12.176
5 24 15.868 0 12.176 31.736 3 24.352 17.32 0 10 14.142 0 14.142
5 24 14.142 0 14.142 28.284 3 28.284 15.868 0 12.176 12.176 0 15.868
5 24 12.176 0 15.868 24.352 3 31.736 14.142 0 14.142 10 0 17.32
5 24 10 0 17.32 20 3 34.64 12.176 0 15.868 7.654 0 18.478
5 24 7.654 0 18.478 15.308 3 36.956 10 0 17.32 5.176 0 19.318
5 24 5.176 0 19.318 10.352 3 38.636 7.654 0 18.478 2.61 0 19.828
5 24 2.61 0 19.828 5.22 3 39.656 5.176 0 19.318 0 0 20
5 24 0 0 20 0 3 40 2.61 0 19.828 -2.61 0 19.828
5 24 40 3 0 50 6 0 39.656 3 -5.22 39.656 3 5.22
5 24 39.656 3 5.22 49.57 6 6.525 40 3 0 38.636 3 10.352
5 24 38.636 3 10.352 48.295 6 12.94 39.656 3 5.22 36.956 3 15.308
5 24 36.956 3 15.308 46.195 6 19.135 38.636 3 10.352 34.64 3 20
5 24 34.64 3 20 43.3 6 25 36.956 3 15.308 31.736 3 24.352
5 24 31.736 3 24.352 39.67 6 30.44 34.64 3 20 28.284 3 28.284
5 24 28.284 3 28.284 35.355 6 35.355 31.736 3 24.352 24.352 3 31.736
5 24 24.352 3 31.736 30.44 6 39.67 28.284 3 28.284 20 3 34.64
5 24 20 3 34.64 25 6 43.3 24.352 3 31.736 15.308 3 36.956
5 24 15.308 3 36.956 19.135 6 46.195 20 3 34.64 10.352 3 38.636
5 24 10.352 3 38.636 12.94 6 48.295 15.308 3 36.956 5.22 3 39.656
5 24 5.22 3 39.656 6.525 6 49.57 10.352 3 38.636 0 3 40
5 24 0 3 40 0 6 50 5.22 3 39.656 -5.22 3 39.656
5 24 50 6 0 60 11 0 49.57 6 -6.525 49.57 6 6.525
5 24 49.57 6 6.525 59.484 11 7.83 50 6 0 48.295 6 12.94
5 24 48.295 6 12.94 57.954 11 15.528 49.57 6 6.525 46.195 6 19.135
5 24 46.195 6 19.135 55.434 11 22.962 48.295 6 12.94 43.3 6 25
5 24 43.3 6 25 51.96 11 30 46.195 6 19.135 39.67 6 30.44
5 24 39.67 6 30.44 47.604 11 36.528 43.3 6 25 35.355 6 35.355
5 24 35.355 6 35.355 42.426 11 42.426 39.67 6 30.44 30.44 6 39.67
5 24 30.44 6 39.67 36.528 11 47.604 35.355 6 35.355 25 6 43.3
5 24 25 6 43.3 30 11 51.96 30.44 6 39.67 19.135 6 46.195
5 24 19.135 6 46.195 22.962 11 55.434 25 6 43.3 12.94 6 48.295
5 24 12.94 6 48.295 15.528 11 57.954 19.135 6 46.195 6.525 6 49.57
5 24 6.525 6 49.57 7.83 11 59.484 12.94 6 48.295 0 6 50
5 24 0 6 50 0 11 60 6.525 6 49.57 -6.525 6 49.57
3 70 3.502 3.244 40.583 3.002 3 39.802 3.678 3.065 39.974
3 70 3.002 3 39.802 3.502 3.244 40.583 2.736 3.969 43.05
3 70 39.973 3.065 3.691 39.753 3 3.759 40 3 0
3 70 39.973 3.065 3.691 40 3 0 40.583 3.244 3.502
3 70 26.128 1.242 10.823 24.815 1.029 10.279 26.413 1.242 9.986
3 70 26.413 1.242 9.986 24.815 1.029 10.279 26.639 1.242 9.323
3 70 26.639 1.242 9.323 24.815 1.029 10.279 25.945 1.029 6.952
3 70 26.639 1.242 9.323 25.945 1.029 6.952 27.207 1.243 7.652
3 70 24.492 1.242 14.141 23.261 1.029 13.43 24.647 1.242 13.826
3 70 24.647 1.242 13.826 23.261 1.029 13.43 24.815 1.029 10.279
3 70 24.647 1.242 13.826 24.815 1.029 10.279 25.428 1.242 12.243
3 70 25.428 1.242 12.243 24.815 1.029 10.279 25.737 1.242 11.615
3 70 25.737 1.242 11.615 24.815 1.029 10.279 26.128 1.242 10.823
3 70 22.636 1.243 16.928 21.309 1.029 16.351 22.931 1.243 16.484
3 70 22.931 1.243 16.484 21.309 1.029 16.351 23.319 1.242 15.901
3 70 23.319 1.242 15.901 21.309 1.029 16.351 23.261 1.029 13.43
3 70 23.319 1.242 15.901 23.261 1.029 13.43 24.298 1.242 14.432
3 70 24.298 1.242 14.432 23.261 1.029 13.43 24.492 1.242 14.141
3 70 14.432 1.242 24.298 14.141 1.242 24.492 13.43 1.029 23.261
3 70 15.901 1.242 23.319 14.432 1.242 24.298 13.43 1.029 23.261
3 70 15.901 1.242 23.319 13.43 1.029 23.261 16.351 1.029 21.309
3 70 15.901 1.242 23.319 16.351 1.029 21.309 16.484 1.243 22.931
3 70 16.484 1.243 22.931 16.351 1.029 21.309 16.929 1.243 22.634
3 70 16.929 1.243 22.634 16.351 1.029 21.309 17.22 1.243 22.441
3 70 10.823 1.242 26.128 10.279 1.029 24.815 11.615 1.242 25.737
3 70 11.615 1.242 25.737 10.279 1.029 24.815 12.243 1.242 25.428
3 70 12.243 1.242 25.428 10.279 1.029 24.815 13.43 1.029 23.261
3 70 12.243 1.242 25.428 13.43 1.029 23.261 13.826 1.242 24.647
3 70 13.826 1.242 24.647 13.43 1.029 23.261 14.141 1.242 24.492
3 70 7.653 1.243 27.207 7.313 1.239 27.294 6.952 1.029 25.945
3 70 7.653 1.243 27.207 6.952 1.029 25.945 9.323 1.242 26.639
3 70 9.323 1.242 26.639 6.952 1.029 25.945 10.279 1.029 24.815
3 70 9.323 1.242 26.639 10.279 1.029 24.815 9.986 1.242 26.413
3 70 9.986 1.242 26.413 10.279 1.029 24.815 10.823 1.242 26.128

