0 ~Technic Steering Link  6L Perpendicular - Axle to Ring Adapter
0 Name: s\4514s01.dat
0 Author: Jeff Jones [notmaster]
0 !LDRAW_ORG Unofficial_Subpart
0 !LICENSE Licensed under CC BY 4.0 : see CAreadme.txt

0 BFC CERTIFY CCW

0 !HISTORY 2025-04-01 [GeraldLasser] original author of code
0 !HISTORY 2025-04-30 [notmaster] File preparation for LDraw Parts Tracker

3 16 -2 5.6023 90 -2 5.6023 90.398 0 6 90
1 16 -2 3.80115 90.199 0 1 0 -1.80115 0 0 0 0 .199 rect3.dat
4 16 -2 2 90.398 -2 2 90 -5.6023 2 90 -5.6023 2 91.9475
4 16 -5.6023 -2 91.9475 -6 0 92.2132 -6 0 90 -5.6023 -2 90
4 16 -5.6023 2 90 -6 0 90 -6 0 92.2132 -5.6023 2 91.9475
4 16 -5.6023 -2 91.9475 -5.6023 -2 90 -2 -2 90 -2 -2 90.398
1 16 -2 -3.80115 90.199 0 1 0 -1.80115 0 0 0 0 .199 rect3.dat
3 16 -2 -5.6023 90.398 -2 -5.6023 90 0 -6 90
2 24 -5.6023 -2 91.9475 -3.827 -2 90.761
2 24 -2 -2 90.398 -3.827 -2 90.761
2 24 -2 -5.6023 90.398 0 -6 90
2 24 -5.6023 2 91.9475 -6 0 92.2132
2 24 -5.6023 -2 91.9475 -6 0 92.2132
2 24 -2 5.6023 90.398 0 6 90
2 24 -3.827 2 90.761 -5.6023 2 91.9475
2 24 -2 2 90.398 -3.827 2 90.761
2 24 -5.6023 2 90 -5.6023 2 91.9475
2 24 -5.6023 -2 90 -5.6023 -2 91.9475
5 24 -6 0 90 -6 0 92.2132 -5.6023 2 90 -5.6023 -2 90