0 ~Electric Switch: Key without Top Face
0 Name: s\4709s01.dat
0 Author: Javier Orquera [kuramapika1]
0 !LDRAW_ORG Unofficial_Subpart
0 !LICENSE Licensed under CC BY 4.0 : see CAreadme.txt

0 !HELP to put this part into a pressed-down state, rotate it 4.3 degrees
0 !HELP around the x-axis

0 BFC CERTIFY CCW

0 !HISTORY 2025-04-24 [kuramapika1] Adapted surfaces

1 16 0 0 0 1 0 0 0 1 0 0 0 1 s\4112s02.dat
1 16 -19.5 -23 -137 0 0 6 0 18 0 6 0 0 3-16cylo.dat
1 16 -19.5 -23 -137 0 0 -6 0 18 0 6 0 0 3-16cylo.dat
1 16 -19.5 -5 -137 -6 0 0 0 1 0 0 0 -6 2-4edge.dat
4 16 -13.9566 -5 -134.7038 -13.9566 -23 -134.7038 -13.5 -23 -137 -13.5 -19 -137
3 16 -13.9566 -5 -134.7038 -13.5 -19 -137 -13.5 -5 -137
3 16 -25.5 -23 -137 -25.0434 -23 -134.7038 -25.5 -19 -137
4 16 -25.5 -5 -137 -25.5 -19 -137 -25.0434 -23 -134.7038 -25.0434 -5 -134.7038
4 16 -21.7962 -5 -142.5434 -21.7962 -23 -142.5434 -23.7426 -23 -141.2426 -23.7426 -5 -141.2426
4 16 -21.7962 -23 -142.5434 -21.7962 -5 -142.5434 -19.5 -5 -143 -21.0528 -23 -142.69122
3 16 -21.0528 -23 -142.69122 -19.5 -5 -143 -19.5 -23 -143
4 16 -19.5 -23 -143 -19.5 -5 -143 -17.2038 -5 -142.5434 -17.9472 -23 -142.69122
3 16 -17.9472 -23 -142.69122 -17.2038 -5 -142.5434 -17.2038 -23 -142.5434
4 16 -17.2038 -5 -142.5434 -15.2574 -5 -141.2426 -15.2574 -23 -141.2426 -17.2038 -23 -142.5434
4 16 -15.2574 -23 -141.2426 -15.2574 -5 -141.2426 -13.9566 -5 -139.2962 -13.9566 -19 -139.2962
4 16 -13.9566 -19 -139.2962 -13.9566 -5 -139.2962 -13.5 -5 -137 -13.5 -19 -137
3 16 -13.9566 -23 -139.2962 -15.2574 -23 -141.2426 -13.9566 -19 -139.2962
4 16 -25.0434 -5 -139.2962 -23.7426 -5 -141.2426 -23.7426 -23 -141.2426 -25.0434 -19 -139.2962
4 16 -25.5 -5 -137 -25.0434 -5 -139.2962 -25.0434 -19 -139.2962 -25.5 -19 -137
3 16 -23.7426 -23 -141.2426 -25.0434 -23 -139.2962 -25.0434 -19 -139.2962
1 16 -19.5 -5 -137 0 0 1.5 0 -1 0 -1.5 0 0 4-4ring3.dat
0 BFC INVERTNEXT
1 16 -19.5 -23 -137 0 0 4.5 0 18 0 -4.5 0 0 1-8cylo.dat
0 BFC INVERTNEXT
1 16 -19.5 -23 -137 0 0 -4.5 0 18 0 -4.5 0 0 1-8cylo.dat
0 BFC INVERTNEXT
1 16 -19.5 -23 -137 0 0 4.5 0 18 0 4.5 0 0 1-8cylo.dat
0 BFC INVERTNEXT
1 16 -19.5 -23 -137 0 0 -4.5 0 18 0 4.5 0 0 1-8cylo.dat
4 16 -22.68195 -5 -140.18195 -23.3047 -5 -139.25 -23.3047 -23 -139.25 -22.68195 -23 -140.18195
4 16 -23.3047 -5 -134.75 -22.68195 -5 -133.81805 -22.68195 -23 -133.81805 -23.3047 -23 -134.75
4 16 -23.3047 -5 -139.25 -23.65755 -5 -138.72215 -24 -5 -137 -23.65755 -5 -135.27785
3 16 -23.3047 -5 -139.25 -23.65755 -5 -135.27785 -23.3047 -5 -134.75
4 16 -23.3047 -23 -139.25 -23.3047 -5 -139.25 -23.3047 -5 -134.75 -23.3047 -23 -134.75
4 16 -15 -5 -137 -15.34245 -5 -138.72215 -15.6953 -5 -139.25 -15.34245 -5 -135.27785
3 16 -15.34245 -5 -135.27785 -15.6953 -5 -139.25 -15.6953 -5 -134.75
4 16 -15.6953 -5 -134.75 -15.6953 -5 -139.25 -15.6953 -23 -139.25 -15.6953 -23 -134.75
4 16 -15.6953 -5 -139.25 -16.31805 -5 -140.18195 -16.31805 -23 -140.18195 -15.6953 -23 -139.25
4 16 -16.31805 -23 -133.81805 -16.31805 -5 -133.81805 -15.6953 -5 -134.75 -15.6953 -23 -134.75
4 16 -15.6953 -23 -134.75 -15.6953 -23 -139.25 -16.31805 -23 -140.18195 -16.31805 -23 -133.81805
4 16 -16.31805 -23 -133.81805 -16.31805 -23 -140.18195 -17.77785 -23 -141.15755 -17.77785 -23 -132.84245
4 16 -19.5 -23 -132.5 -17.77785 -23 -132.84245 -17.77785 -23 -141.15755 -19.5 -23 -141.5
4 16 -21.22215 -23 -132.84245 -19.5 -23 -132.5 -19.5 -23 -141.5 -21.22215 -23 -141.15755
4 16 -22.68195 -23 -133.81805 -21.22215 -23 -132.84245 -21.22215 -23 -141.15755 -22.68195 -23 -140.18195
4 16 -22.68195 -23 -140.18195 -23.3047 -23 -139.25 -23.3047 -23 -134.75 -22.68195 -23 -133.81805
2 24 -13.5 -5 -137 -13.9566 -5 -134.7038
2 24 -25.0434 -5 -134.7038 -25.5 -5 -137
2 24 -13.5 -23 -137 -13.9566 -23 -134.7038
2 24 -25.0434 -23 -134.7038 -25.5 -23 -137
2 24 -13.9566 -23 -139.2962 -15.2574 -23 -141.2426
2 24 -25.0434 -23 -139.2962 -23.7426 -23 -141.2426
2 24 -15.6953 -5 -134.75 -15.6953 -5 -139.25
2 24 -23.3047 -5 -139.25 -23.3047 -5 -134.75
2 24 -15.6953 -23 -139.25 -15.6953 -23 -134.75
2 24 -22.68195 -23 -140.18195 -23.3047 -23 -139.25
2 24 -16.31805 -5 -140.18195 -15.6953 -5 -139.25
2 24 -22.68195 -23 -133.81805 -23.3047 -23 -134.75
2 24 -16.31805 -23 -133.81805 -15.6953 -23 -134.75
2 24 -23.3047 -5 -134.75 -22.68195 -5 -133.81805
2 24 -23.3047 -5 -139.25 -22.68195 -5 -140.18195
2 24 -16.31805 -5 -133.81805 -15.6953 -5 -134.75
2 24 -23.3047 -23 -134.75 -23.3047 -23 -139.25
2 24 -15.6953 -23 -139.25 -16.31805 -23 -140.18195
5 24 -15.6953 -23 -134.75 -15.6953 -5 -134.75 -16.31805 -23 -133.81805 -15.6953 -5 -139.25
5 24 -23.3047 -5 -139.25 -23.3047 -23 -139.25 -23.3047 -5 -134.75 -22.68195 -23 -140.18195
5 24 -15.6953 -5 -139.25 -15.6953 -23 -139.25 -16.31805 -5 -140.18195 -15.6953 -23 -134.75
5 24 -23.3047 -23 -134.75 -23.3047 -5 -134.75 -23.3047 -23 -139.25 -22.68195 -5 -133.81805
5 24 -25.0434 -5 -139.2962 -25.0434 -19 -139.2962 -23.7426 -5 -141.2426 -25.5 -19 -137
5 24 -25.5 -5 -137 -25.5 -19 -137 -25.0434 -23 -134.7038 -25.0434 -5 -139.2962
5 24 -13.9566 -19 -139.2962 -13.9566 -5 -139.2962 -13.5 -5 -137 -15.2574 -23 -141.2426
5 24 -13.5 -19 -137 -13.5 -5 -137 -13.9566 -5 -134.7038 -13.9566 -19 -139.2962
2 24 -23.7426 -23 -132.7574 -25.0434 -23 -134.7038
1 16 -19.5 -23 -137 6 0 0 0 -1 0 0 0 6 2-4ndis.dat
4 16 -25.5 -23 -131 -25.5 -23 -137 -51.5 -23 -137 -53.5 -23 -135
4 16 -25.5 -23 -131 -53.5 -23 -135 -34.4142 -23 -102.5058 -33 -23 -101.92
4 16 -33 -23 -101.92 -31.5858 -23 -102.5058 -20.9142 -23 -113.4142 -20.9142 -23 -114
3 16 -33 -23 -101.92 -20.9142 -23 -114 -25.5 -23 -131
4 16 -19.5 -23 -114 -19.5 -23 -131 -25.5 -23 -131 -20.9142 -23 -114
4 16 -19.5 -23 -114 -18.0858 -23 -114 -13.5 -23 -131 -19.5 -23 -131
3 16 -18.0858 -23 -114 -6 -23 -101.92 -13.5 -23 -131
4 16 -18.0858 -23 -114 -18.0858 -23 -113.4142 -7.4142 -23 -102.5058 -6 -23 -101.92
4 16 -13.5 -23 -131 -6 -23 -101.92 -4.5858 -23 -102.5058 14.5 -23 -135
4 16 -13.5 -23 -131 14.5 -23 -135 12.5 -23 -137 -13.5 -23 -137
4 16 -5.5 -15 -160 -5.5 -23 -160 -5.5 -23 -152 -5.5 -15 -152
4 16 -4.5 -14 -160 -5.5 -15 -160 -5.5 -15 -152 -4.5 -14 -152
4 16 -2.5 -14 -152 -2.5 -14 -160 -4.5 -14 -160 -4.5 -14 -152
4 16 -2.5 -14 -160 -2.5 -14 -152 13.5 -23 -152 13.5 -23 -160
4 16 -4.5 -14 -152 -5.5 -15 -152 -5.5 -23 -152 -2.5 -14 -152
3 16 -2.5 -14 -152 -5.5 -23 -152 13.5 -23 -152
3 16 -2.5 -14 -160 13.5 -23 -160 -5.5 -23 -160
4 16 -5.5 -15 -160 -4.5 -14 -160 -2.5 -14 -160 -5.5 -23 -160
4 16 -41.5 -15 -160 -41.5 -23 -160 -41.5 -23 -152 -41.5 -15 -152
4 16 -40.5 -14 -160 -41.5 -15 -160 -41.5 -15 -152 -40.5 -14 -152
4 16 -38.5 -14 -152 -38.5 -14 -160 -40.5 -14 -160 -40.5 -14 -152
4 16 -38.5 -14 -160 -38.5 -14 -152 -22.5 -23 -152 -22.5 -23 -160
4 16 -40.5 -14 -152 -41.5 -15 -152 -41.5 -23 -152 -38.5 -14 -152
3 16 -38.5 -14 -152 -41.5 -23 -152 -22.5 -23 -152
3 16 -38.5 -14 -160 -22.5 -23 -160 -41.5 -23 -160
4 16 -41.5 -15 -160 -40.5 -14 -160 -38.5 -14 -160 -41.5 -23 -160
2 24 -4.5 -14 -160 -5.5 -15 -160
2 24 -41.5 -23 -160 -41.5 -15 -160
2 24 -5.5 -23 -152 13.5 -23 -152
5 24 -40.5 -14 -160 -40.5 -14 -152 -38.5 -14 -152 -41.5 -15 -160
2 24 -41.5 -23 -152 -41.5 -15 -152
2 24 -41.5 -15 -160 -40.5 -14 -160
2 24 -5.5 -15 -160 -5.5 -23 -160
2 24 13.5 -23 -160 -5.5 -23 -160
2 24 -41.5 -23 -160 -22.5 -23 -160
2 24 -40.5 -14 -152 -38.5 -14 -152
2 24 -2.5 -14 -160 13.5 -23 -160
5 24 -2.5 -14 -152 -2.5 -14 -160 -4.5 -14 -160 13.5 -23 -152
2 24 -40.5 -14 -160 -38.5 -14 -160
2 24 -41.5 -15 -152 -40.5 -14 -152
5 24 -41.5 -15 -152 -41.5 -15 -160 -41.5 -23 -160 -40.5 -14 -152
2 24 -22.5 -23 -152 -38.5 -14 -152
2 24 -4.5 -14 -152 -2.5 -14 -152
2 24 -5.5 -15 -152 -4.5 -14 -152
2 24 -5.5 -23 -152 -5.5 -15 -152
2 24 13.5 -23 -152 -2.5 -14 -152
2 24 -41.5 -23 -152 -22.5 -23 -152
2 24 -5.5 -23 -152 -5.5 -23 -160
5 24 13.5 -23 -160 13.5 -23 -152 -2.5 -14 -160 17.5 -23 -139.2962
5 24 -4.5 -14 -160 -4.5 -14 -152 -2.5 -14 -152 -5.5 -15 -160
2 24 -2.5 -14 -160 -4.5 -14 -160
2 24 -38.5 -14 -160 -22.5 -23 -160
2 24 -41.5 -23 -152 -41.5 -23 -160
5 24 -5.5 -15 -152 -5.5 -15 -160 -5.5 -23 -160 -4.5 -14 -152
5 24 -22.5 -23 -160 -22.5 -23 -152 -19.5 -23 -143 -38.5 -14 -160
5 24 -38.5 -14 -152 -38.5 -14 -160 -40.5 -14 -160 -22.5 -23 -152
4 16 -19.5 -23 -143 -17.9472 -23 -142.69122 -17.9472 -23 -145.23662 -21.0528 -23 -145.23662
3 16 -19.5 -23 -143 -21.0528 -23 -145.23662 -21.0528 -23 -142.69122
5 24 -19.5 -5 -143 -19.5 -23 -143 -21.0528 -23 -142.69122 -17.2038 -5 -142.5434
2 24 -19.5 -23 -143 -17.9472 -23 -142.69122
5 24 -23.7426 -5 -141.2426 -23.7426 -23 -141.2426 -21.7962 -5 -142.5434 -25.0434 -19 -139.2962
5 24 -17.2038 -5 -142.5434 -17.2038 -23 -142.5434 -17.9472 -23 -142.69122 -15.2574 -5 -141.2426
5 24 -15.2574 -23 -141.2426 -15.2574 -5 -141.2426 -13.9566 -5 -139.2962 -17.2038 -23 -142.5434
5 24 -21.7962 -23 -142.5434 -21.7962 -5 -142.5434 -19.5 -5 -143 -23.7426 -23 -141.2426
2 24 -21.0528 -23 -142.69122 -19.5 -23 -143