0 ~Boat Bow 12 x 14 x  4 with Reeling - Half
0 Name: s\47988s01.dat
0 Author: Gerald Lasser [GeraldLasser]
0 !LDRAW_ORG Unofficial_Subpart
0 !LICENSE Licensed under CC BY 4.0 : see CAreadme.txt

0 BFC CERTIFY CCW

0 // 2 x 2 Extensions
4 16 36 8 20 76 8 20 72 8 16 40 8 16
4 16 76 8 -20 72 8 -36 72 8 16 76 8 20
3 16 76 8 -20 76 8 -24 72 8 -36
3 16 76 8 -24 76 8 -28.5 72 8 -36
3 16 72 8 -36 76 8 -28.5 76 8 -31.5
3 16 72 8 -36 76 8 -31.5 76 8 -36
4 16 40 8 -40 36 8 -20 36 8 20 40 8 16
3 16 36 8 -24 36 8 -20 40 8 -40
3 16 36 8 -28.5 36 8 -24 40 8 -40
3 16 36 8 -28.5 40 8 -40 36 8 -31.5
3 16 36 8 -40 36 8 -31.5 40 8 -40
2 24 36 8 -40 40 8 -40

1 16 56 4 -10 0 0 -1 0 -1 0 1 0 0 stug4-1x2.dat
0 BFC INVERTNEXT
1 16 56 6 -10 0 0 16 2 0 0 0 26 0 box2-5.dat
1 16 62 6 -38 0 0 -10 2 0 0 0 2 0 box2-7.dat
1 16 46 6 -40 1.5 0 0 0 0 2 0 4 0 box4-1.dat
1 16 46 6 -40 -6 0 0 0 0 -2 0 -1 0 rect3.dat
1 16 40 6 -12 0 -1 0 0 0 2 -28 0 0 rect2p.dat
4 16 52 4 -36 52 4 -40 40 4 -40 40 4 16
4 16 40 4 16 72 4 16 72 4 -36 52 4 -36

1 16 56 4 -20 -20 0 0 0 0 -4 0 40 0 box4-2p.dat

0 // Wide End Outside
4 16 110.4504 8 -24 76 8 -24 76 8 -20 114.6668 8 -20
3 16 114.6668 8 -24 110.4504 8 -24 114.6668 8 -20
4 16 114.6668 8 -24 113.8926 8 -26.3221 110.0979 8 -25.0572 110.4504 8 -24
2 24 113.8926 8 -26.3221 114.6668 8 -24
0 BFC INVERTNEXT
1 16 93.2252 6 -26.25 0 0 -17.2252 2 0 0 0 2.25 0 box2-7.dat
1 16 110.27415 6 -24.5286 0 1 .17625 -2 0 0 0 0 .5286 rect.dat
0 BFC INVERTNEXT
1 16 85.5 6 -33.75 0 0 -9.5 2 0 0 0 -2.25 0 box2-7.dat
1 16 95 6 -38 0 -1 0 2 0 0 0 0 2 rect.dat

2 24 105.117 4 -40 105.117 8 -40
2 24 105.117 4 -40 95 4 -40
2 24 99 8 -40 95 8 -40
4 16 105.117 4 -40 99 8 -40 95 8 -40 95 4 -40
3 16 105.117 8 -40 99 8 -40 105.117 4 -40
1 16 105.71485 6 -38.2065 .59785 1 0 0 0 2 1.7935 0 0 rect2p.dat
4 16 108.4025 8 -42.7924 105.117 8 -40 106.3127 8 -36.413 110.1074 8 -37.6779
2 24 105.117 8 -40 108.4025 8 -42.7924
2 24 108.4025 8 -42.7924 110.1074 8 -37.6779

4 16 103.7837 4 -44 99 8 -44 99 32 -44 103.7837 32 -44
4 16 105.117 32 -40 103.7837 32 -44 99 32 -44 99 32 -40
4 16 99 8 -44 103.7837 4 -44 91.1622 4 -44 91.1622 8 -44
1 16 102.0585 20 -40 3.0585 0 0 0 0 12 0 -1 0 rect3.dat
1 16 99 20 -42 0 1 0 12 0 0 0 0 -2 rect3.dat
2 24 99 8 -44 91.1622 8 -44
2 24 91.1622 4 -44 103.7837 4 -44
2 24 103.7837 32 -44 103.7837 4 -44
2 24 99 32 -44 103.7837 32 -44
4 16 108.4026 31.936 -42.7924 105.117 32 -40 105.117 8 -40 108.4025 8 -42.7924

1 16 76 6 -30 0 4 0 0 0 2 -1.5 0 0 box4-2p.dat
1 16 96 4 -30 1 0 0 0 -1 0 0 0 1 stud3.dat
2 24 114.6668 8 -24 114.6668 0 -24
1 16 108.21005 6 -37.04545 -1.89735 -1 0 0 0 -2 .63245 0 0 rect.dat
1 16 111.99525 6 -25.68965 0 1 1.89735 2 0 0 0 0 -.63245 rect3.dat

4 16 110.0979 4 -25.0572 95 4 -36 76 4 -36 110.4504 4 -24
3 16 76 4 -36 76 4 -24 110.4504 4 -24
3 16 106.3127 4 -36.413 95 4 -36 110.0979 4 -25.0572
4 16 105.117 4 -40 95 4 -40 95 4 -36 106.3127 4 -36.413
4 16 113.8926 4 -26.3221 110.1074 4 -37.6779 106.3127 4 -36.413 110.0979 4 -25.0572
2 24 110.1074 4 -37.6779 113.8926 4 -26.3221

1 16 95.3334 4 -22 0 0 19.3334 4 0 0 0 2 0 box2-7.dat
4 16 113.8926 4 -26.3221 113.8926 8 -26.3221 114.6668 8 -24 114.6668 0 -24
4 16 113.8926 4 -26.3221 114.6668 0 -24 108.4025 0 -42.7924 110.1074 4 -37.6779
4 16 108.4025 0 -42.7924 108.4025 8 -42.7924 110.1074 8 -37.6779 110.1074 4 -37.6779
2 24 108.4025 0 -42.7924 114.6668 0 -24

0 // Wide End Centre
1 16 36 6 -30 0 -4 0 0 0 2 -1.5 0 0 box4-2p.dat
1 16 26 6 -40 1.5 0 0 0 0 2 0 4 0 box4-1.dat
1 16 6 6 -40 1.5 0 0 0 0 2 0 4 0 box4-2p.dat
1 16 36 6 -35.75 0 1 0 2 0 0 0 0 -4.25 rect3.dat
4 16 7.5 4 -40 36 4 -40 16 8 -40 7.5 8 -40
2 24 7.5 8 -40 16 8 -40
2 24 52 8 -40 56 8 -40
3 16 16 8 -40 16 8 -44 7.5 8 -40
3 16 7.5 8 -40 16 8 -44 4.5 8 -40

0 // 2 x 4 Block
4 16 16 8 -40 36 4 -40 36 8 -40 16 24 -40
4 16 16 24 -40 36 8 -40 40 8 -40 56 24 -40
3 16 40 8 -40 52 8 -40 56 24 -40
3 16 52 8 -40 56 8 -40 56 24 -40
1 16 36 16 -40 20 0 0 0 0 8 0 -1 0 recte3.dat

4 16 52 24 -44 20 24 -44 16 24 -40 56 24 -40
4 16 16 24 -120 16 24 -40 20 24 -44 20 24 -116
4 16 52 24 -116 52 24 -44 56 24 -40 56 24 -116
4 16 20 24 -120 16 24 -120 20 24 -116 52 24 -116
3 16 79.7837 24 -116 78.4503 24 -120 56 24 -116
2 24 78.4503 24 -120 79.7837 24 -116
2 24 16 24 -40 16 24 -120
0 BFC INVERTNEXT
1 16 36 4 -80 16 0 0 0 20 0 0 0 36 box4.dat
1 16 36 4 -80 1 0 0 0 -5 0 0 0 1 stud4.dat
1 16 44 4 -80 -1 0 0 0 16 0 0 0 1 boxjcyl4.dat
1 16 48 4 -80 -4 0 0 0 16 0 0 0 1 box3u5p.dat
1 16 28 4 -80 1 0 0 0 16 0 0 0 1 boxjcyl4.dat
1 16 24 4 -80 4 0 0 0 16 0 0 0 1 box3u5p.dat

1 16 36 22 -100 0 0 -8 0 -18 0 -8 0 0 4-4cylo.dat
1 16 36 22 -100 0 0 -1 0 -1 0 -1 0 0 4-4ring7.dat
0 BFC INVERTNEXT
1 16 36 22 -100 0 0 -7 0 -4 0 -7 0 0 4-4cylo.dat
1 16 36 18 -100 0 0 -1 0 -1 0 -1 0 0 4-4ring6.dat
0 BFC INVERTNEXT
1 16 36 18 -100 0 0 -6 0 -12 0 -6 0 0 4-4cylo.dat
1 16 36 6 -100 0 0 -1 0 1 0 -1 0 0 4-4ring6.dat
0 BFC INVERTNEXT
1 16 36 6 -100 0 0 -7 0 -4 0 -7 0 0 4-4cylo.dat
1 16 36 2 -100 0 0 -1 0 1 0 -1 0 0 4-4ring7.dat
0 BFC INVERTNEXT
1 16 36 0 -100 0 0 -8 0 2 0 -8 0 0 4-4cylo.dat
1 16 41.6569 4 -65.6569 -.70711 0 .70711 0 16 0 .70711 0 .70711 boxjcyl4.dat
1 16 42.0104 4 -66.0104 .70711 0 .35355 0 16 0 .70711 0 -.35355 box4-4a.dat
1 16 30.3431 4 -54.3431 .70711 0 .70711 0 16 0 -.70711 0 .70711 boxjcyl4.dat
1 16 29.9896 4 -53.9896 .70711 0 -.35355 0 16 0 .70711 0 .35355 box4-4a.dat
1 16 30.3431 4 -65.6569 .70711 0 .70711 0 16 0 .70711 0 -.70711 boxjcyl4.dat
1 16 29.9896 4 -66.0104 .70711 0 -.35355 0 16 0 -.70711 0 -.35355 box4-4a.dat
1 16 41.6569 4 -54.3431 -.70711 0 .70711 0 16 0 -.70711 0 -.70711 boxjcyl4.dat
1 16 42.0104 4 -53.9896 .70711 0 .35355 0 16 0 -.70711 0 .35355 box4-4a.dat

1 16 36 22 -60 0 0 -8 0 -18 0 -8 0 0 4-4cylo.dat
1 16 36 22 -60 0 0 -1 0 -1 0 -1 0 0 4-4ring7.dat
0 BFC INVERTNEXT
1 16 36 22 -60 0 0 -7 0 -4 0 -7 0 0 4-4cylo.dat
1 16 36 18 -60 0 0 -1 0 -1 0 -1 0 0 4-4ring6.dat
0 BFC INVERTNEXT
1 16 36 18 -60 0 0 -6 0 -12 0 -6 0 0 4-4cylo.dat
1 16 36 6 -60 0 0 -1 0 1 0 -1 0 0 4-4ring6.dat
0 BFC INVERTNEXT
1 16 36 6 -60 0 0 -7 0 -4 0 -7 0 0 4-4cylo.dat
1 16 36 2 -60 0 0 -1 0 1 0 -1 0 0 4-4ring7.dat
0 BFC INVERTNEXT
1 16 36 0 -60 0 0 -8 0 2 0 -8 0 0 4-4cylo.dat
1 16 41.6569 4 -105.6569 -.70711 0 .70711 0 16 0 .70711 0 .70711 boxjcyl4.dat
1 16 42.0104 4 -106.0104 .70711 0 .35355 0 16 0 .70711 0 -.35355 box4-4a.dat
1 16 30.3431 4 -94.3431 .70711 0 .70711 0 16 0 -.70711 0 .70711 boxjcyl4.dat
1 16 29.9896 4 -93.9896 .70711 0 -.35355 0 16 0 .70711 0 .35355 box4-4a.dat
1 16 30.3431 4 -105.6569 .70711 0 .70711 0 16 0 .70711 0 -.70711 boxjcyl4.dat
1 16 29.9896 4 -106.0104 .70711 0 -.35355 0 16 0 -.70711 0 -.35355 box4-4a.dat
1 16 41.6569 4 -94.3431 -.70711 0 .70711 0 16 0 -.70711 0 -.70711 boxjcyl4.dat
1 16 42.0104 4 -93.9896 .70711 0 .35355 0 16 0 -.70711 0 .35355 box4-4a.dat

1 16 36 4 -60 8 0 0 0 -1 0 0 0 8 4-4ndis.dat
1 16 36 4 -100 8 0 0 0 -1 0 0 0 8 4-4ndis.dat
4 16 44 4 -68 44 4 -92 36 4 -92 36 4 -68
4 16 28 4 -68 36 4 -68 36 4 -92 28 4 -92
4 16 20 4 -44 28 4 -68 28 4 -92 20 4 -116
4 16 52 4 -116 44 4 -92 44 4 -68 52 4 -44
3 16 52 4 -44 44 4 -68 44 4 -52
3 16 44 4 -52 36 4 -52 52 4 -44
3 16 52 4 -44 36 4 -52 20 4 -44
3 16 20 4 -44 36 4 -52 28 4 -52
3 16 20 4 -44 28 4 -52 28 4 -68
3 16 28 4 -92 28 4 -108 20 4 -116
3 16 28 4 -108 36 4 -108 20 4 -116
3 16 20 4 -116 36 4 -108 52 4 -116
3 16 52 4 -116 36 4 -108 44 4 -108
3 16 44 4 -100 44 4 -92 52 4 -116
3 16 44 4 -100 52 4 -116 44 4 -108

1 16 36 0 -60 8 0 0 0 1 0 0 0 8 4-4ndis.dat
1 16 36 0 -100 8 0 0 0 1 0 0 0 8 4-4ndis.dat
4 16 35.9995 0 -92 44 0 -92 44 0 -68 36 0 -68
4 16 36 0 -68 28 0 -68 28 0 -92 35.9995 0 -92
4 16 52 24 -116 56 24 -116 78.4503 24 -120 20 24 -120

3 16 16 24 -120 16 8 -120 16 8 -102
4 16 16 4 -44 16 8 -44 16 8 -98 16 4 -98
3 16 16 8 -98 16 8 -44 16 24 -40
4 16 16 24 -120 16 8 -102 16 8 -98 16 24 -40
3 16 16 8 -44 16 8 -40 16 24 -40
2 24 16 8 -44 16 8 -40
2 24 16 8 -120 16 24 -120

0 // 2 x 4 Block - Grid
4 16 56 8 -40 52 8 -40 52 8 -36 72 8 -36
4 16 64 8 -60 56 8 -52 56 8 -40 68 8 -60
4 16 68 8 -60 56 8 -40 72 8 -36 76 8 -52
4 16 95 8 -36 95 8 -40 91.162233 8 -44 76 8 -36
4 16 95 8 -40 99 8 -40 99 8 -44 91.1622 8 -44
3 16 76 8 -36 91.162233 8 -44 83 8 -59
4 16 76 8 -52 72 8 -36 76 8 -36 83 8 -59
3 16 66 8 -62 64 8 -60 68 8 -60
4 16 64 8 -60 66 8 -62 58 8 -70 56 8 -68
4 16 64 8 -80 56 8 -72 58 8 -70 66 8 -78
4 16 66 8 -82 64 8 -80 66 8 -78 68 8 -80
4 16 68 8 -80 66 8 -78 74 8 -70 76 8 -72
4 16 76 8 -68 74 8 -70 66 8 -62 68 8 -60
4 16 73 8 -89 66 8 -82 68 8 -80 74 8 -86
4 16 58 8 -90 56 8 -88 64 8 -80 66 8 -82
4 16 64 8 -100 56 8 -92 58 8 -90 66 8 -98
4 16 74.7434 8 -93.2566 68 8 -100 66 8 -98 72 8 -92
4 16 56 8 -108 64 8 -100 66 8 -102 58 8 -110
4 16 68 8 -100 66 8 -102 64 8 -100 66 8 -98
3 16 56 8 -92 56 8 -88 58 8 -90
3 16 56 8 -72 56 8 -68 58 8 -70
4 16 91.1622 8 -44 84.7434 8 -63.2566 82 8 -62 83 8 -59
4 16 78 8 -74 76 8 -72 78 8 -70 81.3717 8 -73.3717
4 16 82 8 -62 84.7434 8 -63.2566 78 8 -70 76 8 -68
4 16 66 8 -102 68 8 -100 71.3717 8 -103.3717 68 8 -104
4 16 67.1622 8 -116 64 8 -116 68 8 -104 71.3717 8 -103.3717
3 16 74.7434 8 -93.2566 72 8 -92 73 8 -89
3 16 74.7434 8 -93.2566 73 8 -89 74 8 -86
4 16 81.3717 8 -73.3717 74.7434 8 -93.2566 74 8 -86 78 8 -74
3 16 56 8 -108 58 8 -110 56 8 -116
3 16 56 8 -116 58 8 -110 64 8 -116
4 16 78 8 -70 76 8 -72 74 8 -70 76 8 -68
0 BFC INVERTNEXT
1 16 64 8 -60 -8 0 -8 0 -8 0 8 0 -8 tri3-1.dat
0 BFC INVERTNEXT
1 16 66 0 -70 4 0 4 0 8 0 4 0 -4 box4.dat
0 BFC INVERTNEXT
1 16 64 8 -80 -8 0 -8 0 -8 0 8 0 -8 tri3-1.dat
0 BFC INVERTNEXT
1 16 64 8 -100 -8 0 -8 0 -8 0 8 0 -8 tri3-1.dat
1 16 82.5 4 -60.5 0 1 .5 -4 0 0 0 0 1.5 rect.dat
1 16 79 4 -65 -3 1 0 0 0 -4 -3 0 0 rect2p.dat
1 16 79.5 4 -55.5 -3.5 1 0 0 0 4 3.5 0 0 rect2p.dat
1 16 72 4 -64 0 -1 4 -4 0 0 0 0 -4 rect3.dat
1 16 72 4 -56 -4 -1 0 0 0 4 -4 0 0 rect.dat
0 BFC INVERTNEXT
1 16 78 8 -70 3.3717 0 6.7434 0 -4 0 -3.3717 0 6.7434 tri3a4.dat
1 16 76 4 -80 2 1 0 0 0 4 6 0 0 rect2p.dat
1 16 71 4 -83 3 -1 0 0 0 4 -3 0 0 rect.dat
1 16 72 4 -76 -4 -1 0 0 0 4 -4 0 0 rect2p.dat
1 16 77 4 -73 0 1 -1 -4 0 0 0 0 1 rect.dat
1 16 72.5 4 -90.5 .5 1 0 0 0 4 1.5 0 0 rect3.dat
1 16 69 4 -95 -3 1 0 0 0 -4 -3 0 0 rect2p.dat
1 16 69.5 4 -85.5 -3.5 1 0 0 0 4 3.5 0 0 rect2p.dat
1 16 62 4 -94 0 -1 4 -4 0 0 0 0 -4 rect3.dat
1 16 62 4 -86 -4 -1 0 0 0 4 -4 0 0 rect.dat
0 BFC INVERTNEXT
1 16 68 8 -100 3.3717 0 6.7434 0 -4 0 -3.3717 0 6.7434 tri3a4.dat
2 24 68 8 -104 64 8 -116
4 16 64.8334 -.282 -113.5 67.1667 -.1358 -106.5 68 8 -104 64 8 -116
3 16 67.1667 -.1358 -106.5 68 0 -104 68 8 -104
3 16 64 0 -116 64.8334 -.281991 -113.5 64 8 -116
1 16 61 4 -113 3 -1 0 0 0 4 -3 0 0 rect.dat
1 16 62 4 -106 -4 -1 0 0 0 4 -4 0 0 rect2p.dat
1 16 67 4 -103 0 1 -1 -4 0 0 0 0 1 rect.dat

1 16 87.9528 6 -53.6283 0 -1 -3.2094 -2 0 0 0 0 -9.6283 rect.dat
1 16 78.05755 6 -83.31415 0 -1 -3.31415 -2 0 0 0 0 -9.94245 rect.dat
1 16 69.26695 6 -109.68585 2.10475 -1 0 0 0 -2 6.31415 0 0 rect.dat

2 24 103.7837 4 -44 79.7837 4 -116
2 24 67.1622 4 -116 79.7837 4 -116
3 16 79.7837 4 -116 67.1622 4 -116 71.3717 4 -103.3717
3 16 79.7837 4 -116 71.3717 4 -103.3717 74.7434 4 -93.2566
3 16 79.7837 4 -116 74.7434 4 -93.2566 81.3717 4 -73.3717
4 16 103.7837 4 -44 79.7837 4 -116 81.3717 4 -73.3717 84.7434 4 -63.2566
3 16 103.7837 4 -44 84.7434 4 -63.2566 91.1622 4 -44

3 16 56 24 -40 56 8 -40 56 8 -52
3 16 56 24 -40 56 8 -52 56 8 -68
3 16 56 24 -40 56 8 -68 56 8 -72
3 16 56 24 -40 56 8 -72 56 8 -88
4 16 56 8 -92 56 24 -116 56 24 -40 56 8 -88
3 16 56 24 -116 56 8 -92 56 8 -108
3 16 56 24 -116 56 8 -108 56 8 -116
2 24 56 8 -52 56 8 -40
2 24 56 8 -116 56 8 -108
2 24 56 8 -116 56 24 -116
2 24 56 24 -40 56 24 -116
2 24 56 8 -116 64 8 -116
2 24 64 8 -116 67.1622 8 -116
2 24 56 8 -68 56 8 -72
2 24 56 8 -88 56 8 -92
3 16 56 24 -116 56 8 -116 64 8 -116
4 16 79.7837 24 -116 56 24 -116 64 8 -116 67.1622 8 -116
4 16 67.1622 4 -116 79.7837 4 -116 79.7837 24 -116 67.1622 8 -116
2 24 56 24 -116 79.7837 24 -116
2 24 79.7837 24 -116 79.7837 4 -116

0 BFC INVERTNEXT
1 16 76 0 -48 8 0 -8 0 4 0 8 0 8 tri3.dat
3 16 68 4 -40 76 4 -48 84 4 -40
0 BFC INVERTNEXT
1 16 56 0 -40 8 0 0 0 4 0 0 0 -8 tri3.dat
0 BFC INVERTNEXT
1 16 56 0 -116 4 0 0 0 4 0 0 0 4 tri3.dat
0 BFC INVERTNEXT
1 16 66 0 -50 4 0 4 0 4 0 4 0 -4 box5.dat
4 16 86 4 -42 78 4 -50 84 4 -56 88 4 -44
1 16 87 2 -43 0 1 1 2 0 0 0 0 -1 rect3.dat
1 16 82 2 -46 4 -1 0 0 0 -2 4 0 0 rect.dat
1 16 81 2 -53 0 -1 3 -2 0 0 0 0 -3 rect3.dat
4 16 84 4 -56 87.1667 0 -46.5 88 0 -44 88 4 -44
3 16 84.8334 0 -53.5 87.1667 0 -46.5 84 4 -56
3 16 84 0 -56 84.8334 0 -53.5 84 4 -56
3 16 56 4 -48 64 4 -40 56 4 -40
2 24 84 0 -56 84.8334 0 -53.5
2 24 88 0 -44 87.1667 0 -46.5
2 24 84 4 -56 88 4 -44

4 16 28 0 -52 36 0 -52 56 0 -40 36 0 -20
4 16 64 0 -40 76 0 -20 36 0 -20 56 0 -40
4 16 56 0 -48 56 0 -40 36 0 -52 44 0 -52
4 16 66 0 -42 68 0 -40 76 0 -20 64 0 -40
4 16 58 0 -50 56 0 -48 44 0 -52 56 0 -52

0 // Reeling Slope
4 16 68 0 -40 84 0 -40 114.6668 0 -20 76 0 -20
4 16 86 0 -42 114.6668 0 -24 114.6668 0 -20 84 0 -40
3 16 114.6668 0 -24 86 0 -42 88 0 -44
4 16 114.6668 0 -24 88 0 -44 87.1667 0 -46.5 92.8334 0 -46.5
3 16 84 0 -56 92.8334 0 -53.5 84.8334 0 -53.5
3 16 92.8334 0 -53.5 84 0 -56 83 0 -59
4 16 86.1667 0 -66.5 92.8334 0 -53.5 83 0 -59 82 0 -62
3 16 86.1667 0 -66.5 82 0 -62 80.5 0 -66.5
4 16 79.5 0 -86.5 86.1667 0 -73.5 78 0 -74 74 0 -86
3 16 114.6668 0 -24 92.8334 0 -46.5 92.8334 0 -53.5
3 16 79.5 0 -86.5 79.5 0 -93.5 86.1667 0 -73.5
3 16 86.1667 0 -66.5 86.1667 0 -73.5 114.6668 0 -24
3 16 114.6668 0 -24 92.8334 0 -53.5 86.1667 0 -66.5
3 16 108.4025 0 -42.7924 114.6668 0 -24 86.1667 0 -73.5
3 16 108.4025 0 -42.7924 86.1667 0 -73.5 89.3333 0 -100
3 16 89.3333 0 -100 86.1667 0 -73.5 79.5 0 -93.5
3 16 89.3333 0 -100 79.5 0 -93.5 69.3333 0 -100
3 16 69.3333 0 -100 79.5 0 -93.5 71.5 0 -93.5

2 24 69.3333 0 -100 67.1667 -.1358 -106.5
2 24 69.3333 0 -100 68 0 -104
3 16 69.3333 0 -100 68 0 -104 67.1667 -.1358 -106.5
4 16 69.3333 0 -100 67.1667 -.1358 -106.5 72.8334 -.135774 -106.5 89.3333 0 -100
4 16 89.3333 0 -100 72.8334 -.135774 -106.5 72.8334 -.281991 -113.5 78 -.7102 -134
4 16 64.8334 -.281991 -113.5 58 -.7102 -134 78 -.7102 -134 72.8334 -.281991 -113.5
3 16 64.8334 -.281991 -113.5 64 0 -116 62.6667 0 -120
4 16 62.6667 0 -120 62 0 -122 60.5 -.5535 -126.5 64.8334 -.281991 -113.5
2 24 60.5 -.5535 -126.5 64.8334 -.281991 -113.5
4 16 58.1667 -.6998 -133.5 60.5 -.5535 -126.5 62 0 -122 58 0 -134
2 24 64 0 -116 62.6667 0 -120
2 24 62 0 -122 58 0 -134
3 16 58 -.7102 -134 58.1667 -.6998 -133.5 58 0 -134

4 16 51.5 -1.3083 -153.5 47.1667 -1.7071 -166.5 52.8334 -1.70705 -166.5 59.5 -1.3083 -153.5
4 16 52.8334 -1.9218 -173.5 44.8334 -1.9218 -173.5 44 -1.9985 -176 64 -1.9985 -176
4 16 52.8334 -1.9218 -173.5 64 -1.9985 -176 59.5 -1.3083 -153.5 52.8334 -1.70705 -166.5
4 16 78 -.7102 -134 59.5 -1.0936 -146.5 59.5 -1.3083 -153.5 64 -1.9985 -176
4 16 53.8333 -1.0936 -146.5 59.5 -1.0936 -146.5 78 -.7102 -134 58 -.7102 -134
4 16 58 -.7102 -134 58 0 -134 54 0 -146 53.8333 -1.0936 -146.5
3 16 53.8333 -1.0936 -146.5 54 0 -146 53 0 -149
4 16 51.5 -1.3083 -153.5 53.8333 -1.0936 -146.5 53 0 -149 52 0 -152
4 16 47.1667 -1.7071 -166.5 51.5 -1.3083 -153.5 52 0 -152 44 0 -176
3 16 44.8334 -1.9218 -173.5 47.1667 -1.7071 -166.5 44 0 -176
3 16 44.8334 -1.9218 -173.5 44 0 -176 44 -1.9985 -176
2 24 48 0 -164 52 0 -152
2 24 54 0 -146 53 0 -149

4 16 44 -1.9985 -176 40.5 -2.4348 -186.5 46.1667 -2.4348 -186.5 64 -1.9985 -176
4 16 50.3025 -3.7059 -217.0925 64 -1.9985 -176 46.1667 -2.4348 -186.5 46.1667 -2.7256 -193.5
4 16 38.1667 -2.7256 -193.5 33.8333 -3.2658 -206.5 39.5 -3.2658 -206.5 46.1667 -2.7256 -193.5
4 16 50.3025 -3.7059 -217.0925 46.1667 -2.7256 -193.5 39.5 -3.2658 -206.5 39.5 -3.5566 -213.5
4 16 30.3024 -3.7059 -217.0925 50.3025 -3.7059 -217.0925 39.5 -3.5566 -213.5 31.5 -3.5566 -213.5
3 16 43 0 -179 44 -1.9985 -176 44 0 -176
4 16 40.5 -2.4348 -186.5 44 -1.9985 -176 43 0 -179 42 0 -182
4 16 38 0 -194 38.1667 -2.7256 -193.5 40.5 -2.4348 -186.5 42 0 -182
4 16 38.1667 -2.7256 -193.5 38 0 -194 34 0 -206 33.8333 -3.2658 -206.5
4 16 31.5 -3.5566 -213.5 33.8333 -3.2658 -206.5 34 0 -206 33 0 -209
2 24 33 0 -209 34 0 -206
3 16 33 0 -209 32 0 -212 31.5 -3.5566 -213.5
4 16 31.5 -3.5566 -213.5 32 0 -212 28 0 -224 30.3024 -3.7059 -217.0925
2 24 43 0 -179 44 0 -176
2 24 42 0 -182 38 0 -194
2 24 32 0 -212 28 0 -224

4 16 30.3024 -3.7059 -217.0925 27.1667 -4.211 -226.5 32.8334 -4.210186 -226.5 50.3025 -3.7059 -217.0925
3 16 32.8334 -4.397943 -230 32.8334 -4.5857 -233.5 36 -4.9339 -240
4 16 36 -4.9339 -240 50.3025 -3.7059 -217.0925 32.8334 -4.210186 -226.5 32.8334 -4.397943 -230
4 16 36 -4.9339 -240 32.8334 -4.5857 -233.5 24.8334 -4.5869 -233.5 24 -4.7212 -236
3 16 36 -4.9339 -240 36 -6 -260 50.3025 -3.7059 -217.0925
3 16 36 -4.9339 -240 24 -4.7212 -236 24 -4.936 -240
3 16 30.3024 -3.7059 -217.0925 28 0 -224 27.1667 -4.211 -226.5
4 16 24.8334 -4.58695 -233.5 27.1667 -4.211048 -226.5 28 0 -224 24 0 -236
3 16 24 -4.7212 -236 24.8334 -4.58695 -233.5 24 0 -236
2 24 24 0 -240 24 -4.936 -240
2 24 24 0 -240 24 0 -236
2 24 24 -4.7212 -236 24 -4.936 -240
2 24 24 -4.7212 -236 24 0 -236
4 16 24 -4.936 -240 24 -4.7212 -236 24 0 -236 24 0 -240
3 16 24 0 -236 23 0 -239 24 0 -240
3 16 23 0 -239 22.6667 0 -240 24 0 -240
2 24 24 0 -240 22.6667 0 -240
2 24 24 -4.7212 -236 24.8334 -4.58695 -233.5
2 24 30.3024 -3.7059 -217.0925 27.1667 -4.211048 -226.5
2 24 30.3024 -3.7059 -217.0925 31.5 -3.5566 -213.5
2 24 33.8333 -3.2658 -206.5 38.1667 -2.7256 -193.5
2 24 40.5 -2.4348 -186.5 44 -1.9985 -176
2 24 44 -1.9985 -176 44.8334 -1.9218 -173.5
2 24 47.1667 -1.7071 -166.5 51.5 -1.3083 -153.5
2 24 53.8333 -1.0936 -146.5 58 -.7102 -134
2 24 58 -.7102 -134 58.1667 -.6998 -133.5
5 24 50.3025 -3.7059 -217.0925 30.3024 -3.7059 -217.0925 36 -6 -260 64 -1.9985 -176
5 24 64 -1.9985 -176 44 -1.9985 -176 50.3025 -3.7059 -217.0925 78 -.7102 -134
5 24 78 -.7102 -134 58 -.7102 -134 64 -1.9985 -176 89.3333 0 -100
5 24 89.3333 0 -100 69.3333 0 -100 78 -.7102 -134 108.4025 0 -42.7924

3 16 56 4 -116 60 4 -116 56 4 -112
3 16 86.1667 0 -73.5 78.1667 0 -73.5 78 0 -74
3 16 79.5 0 -86.5 74 0 -86 73.8333 0 -86.5

4 16 78 0 -50 86 0 -42 84 0 -40 76 0 -48
4 16 76 0 -52 78 0 -50 76 0 -48 74 0 -50
4 16 66 0 -42 74 0 -50 76 0 -48 68 0 -40
4 16 58 0 -50 66 0 -42 64 0 -40 56 0 -48
4 16 44 0 -52 44 0 -60 56 0 -68 56 0 -52
4 16 44 0 -60 44 0 -68 56 0 -72 56 0 -68
4 16 76 0 -52 83 0 -59 84 0 -56 78 0 -50
4 16 76 0 -52 74 0 -50 66 0 -58 68 0 -60
4 16 68 0 -60 66 0 -58 64 0 -60 66 0 -62
4 16 56 0 -52 64 0 -60 66 0 -58 58 0 -50
4 16 66 0 -62 64 0 -60 56 0 -68 58 0 -70
4 16 68 0 -60 66 0 -62 74 0 -70 76 0 -68
3 16 80.5 0 -66.5 82 0 -62 76 0 -68
4 16 76 0 -72 78.1667 0 -73.5 80.5 0 -66.5 76 0 -68
3 16 78 0 -74 78.1667 0 -73.5 76 0 -72
4 16 76 0 -72 74 0 -70 66 0 -78 68 0 -80
4 16 64 0 -80 66 0 -78 58 0 -70 56 0 -72
4 16 66 0 -78 64 0 -80 66 0 -82 68 0 -80
4 16 58 0 -90 66 0 -82 64 0 -80 56 0 -88
4 16 73 0 -89 73.8333 0 -86.5 68 0 -80 66 0 -82
3 16 73.8333 0 -86.5 74 0 -86 68 0 -80
4 16 66 0 -102 69.3333 0 -100 72 0 -92 66 0 -98
3 16 68 0 -104 69.3333 0 -100 66 0 -102
4 16 56 0 -92 64 0 -100 66 0 -98 58 0 -90
4 16 66 0 -102 64 0 -100 56 0 -108 58 0 -110
3 16 66 0 -102 66 0 -98 64 0 -100
3 16 56 0 -88 56 0 -92 58 0 -90
3 16 56 0 -68 56 0 -72 58 0 -70
3 16 74 0 -70 76 0 -72 76 0 -68
4 16 44 0 -92 56 0 -88 56 0 -72 44 0 -68
4 16 56 0 -88 44 0 -92 44 0 -100 56 0 -92
4 16 56 0 -92 44 0 -100 44 0 -108 56 0 -108
3 16 58 0 -110 56 0 -108 56 0 -112
3 16 56 0 -112 56 0 -108 44 0 -108
3 16 56 0 -112 44 0 -108 56 0 -116
4 16 58 0 -110 56 0 -112 60 0 -116 64 0 -116

0 // Grid - Tip
4 16 78.4503 24 -120 78.4503 4 -120 65.8289 4 -120 65.8289 8 -120
1 16 20 16 -122 0 -1 0 8 0 0 0 0 2 rect.dat
3 16 28 8 -120 20 24 -120 44 8 -120
3 16 48 8 -120 44 8 -120 20 24 -120
4 16 20 24 -120 78.4503 24 -120 62.6667 8 -120 48 8 -120
3 16 65.8289 8 -120 62.6667 8 -120 78.4503 24 -120
3 16 20 8 -120 20 24 -120 28 8 -120
2 24 20 24 -120 78.4503 24 -120
2 24 78.4503 4 -120 78.4503 24 -120
3 16 20 24 -120 20 24 -124 16 24 -120

0 BFC INVERTNEXT
1 16 16 0 -124.5 3.5 0 0 0 4 0 0 0 -3.5 tri3.dat
0 BFC INVERTNEXT
1 16 20.5 0 -120 3.5 0 0 0 4 0 0 0 -3.5 tri3.dat
3 16 19.5 4 -124.5 16 4 -124.5 16 4 -128
3 16 20.5 4 -120 20.5 4 -123.5 24 4 -120

0 BFC INVERTNEXT
1 16 36 8 -128 8 0 -8 0 -8 0 8 0 8 tri3-1.dat
1 16 62.33335 4 -121 .33335 1 0 0 0 4 1 0 0 rect2a.dat
1 16 55.33335 4 -120 0 0 -7.33335 -4 0 0 0 1 0 rect1.dat
1 16 59 4 -125 0 1 3 -4 0 0 0 0 3 rect.dat
1 16 52 4 -124 0 -1 -4 4 0 0 0 0 4 rect3.dat
0 BFC INVERTNEXT
1 16 46 0 -130 4 0 4 0 8 0 4 0 -4 box4.dat
0 BFC INVERTNEXT
1 16 26 0 -130 4 0 4 0 8 0 4 0 -4 box4.dat
0 BFC INVERTNEXT
1 16 36 0 -140 4 0 4 0 8 0 4 0 -4 box4.dat
0 BFC INVERTNEXT
1 16 24 0 -140 -8 0 -8 0 8 0 8 0 -8 tri3.dat
2 24 58 8 -134 54 8 -146
4 16 54 8 -146 54 0 -146 58 0 -134 58 8 -134
1 16 51 4 -143 3 -1 0 0 0 4 -3 0 0 rect.dat
1 16 52 4 -136 -4 -1 0 0 0 4 -4 0 0 rect2p.dat
1 16 57 4 -133 0 1 -1 -4 0 0 0 0 1 rect.dat
0 BFC INVERTNEXT
1 16 26 0 -150 4 0 4 0 8 0 4 0 -4 box4.dat
1 16 52.5 4 -150.5 .5 1 0 0 0 4 1.5 0 0 rect3.dat
1 16 49 4 -155 -3 1 0 0 0 -4 -3 0 0 rect2p.dat
1 16 49.5 4 -145.5 -3.5 1 0 0 0 4 3.5 0 0 rect2p.dat
1 16 42 4 -154 0 -1 4 -4 0 0 0 0 -4 rect3.dat
1 16 42 4 -146 -4 -1 0 0 0 4 -4 0 0 rect.dat
0 BFC INVERTNEXT
1 16 36 0 -160 4 0 4 0 8 0 4 0 -4 box4.dat
0 BFC INVERTNEXT
1 16 24 0 -160 -8 0 -8 0 8 0 8 0 -8 tri3.dat
0 BFC INVERTNEXT
1 16 26 0 -170 4 0 4 0 8 0 4 0 -4 box4.dat
2 24 48 8 -164 44 8 -176
4 16 44 0 -176 48 0 -164 48 8 -164 44 8 -176
1 16 41 4 -173 3 -1 0 0 0 4 -3 0 0 rect.dat
1 16 42 4 -166 -4 -1 0 0 0 4 -4 0 0 rect2p.dat
1 16 47 4 -163 0 1 -1 -4 0 0 0 0 1 rect.dat
0 BFC INVERTNEXT
1 16 24 0 -180 -8 0 -8 0 8 0 8 0 -8 tri3.dat
1 16 39 4 -185 -3 1 0 0 0 -4 -3 0 0 rect2p.dat
1 16 39.5 4 -175.5 -3.5 1 0 0 0 4 3.5 0 0 rect2p.dat
1 16 32 4 -184 0 -1 4 -4 0 0 0 0 -4 rect3.dat
1 16 32 4 -176 -4 -1 0 0 0 4 -4 0 0 rect.dat
1 16 42.5 4 -180.5 .5 1 0 0 0 4 1.5 0 0 rect3.dat
0 BFC INVERTNEXT
1 16 26 0 -190 4 0 4 0 8 0 4 0 -4 box4.dat
0 BFC INVERTNEXT
1 16 24 0 -200 -8 0 -8 0 8 0 8 0 -8 tri3.dat
2 24 38 8 -194 34 8 -206
4 16 34 8 -206 34 0 -206 38 0 -194 38 8 -194
1 16 31 4 -203 3 -1 0 0 0 4 -3 0 0 rect.dat
1 16 32 4 -196 -4 -1 0 0 0 4 -4 0 0 rect2p.dat
1 16 37 4 -193 0 1 -1 -4 0 0 0 0 1 rect.dat
1 16 29 4 -215 -3 1 0 0 0 -4 -3 0 0 rect2p.dat
1 16 29.5 4 -205.5 -3.5 1 0 0 0 4 3.5 0 0 rect2p.dat
1 16 22 4 -214 0 -1 4 -4 0 0 0 0 -4 rect3.dat
1 16 22 4 -206 -4 -1 0 0 0 4 -4 0 0 rect.dat
1 16 32.5 4 -210.5 .5 1 0 0 0 4 1.5 0 0 rect3.dat
0 BFC INVERTNEXT
1 16 24 0 -220 -8 0 -8 0 8 0 8 0 -8 tri3.dat
2 24 28 8 -224 24 8 -236
4 16 28 8 -224 24 8 -236 24 0 -236 28 0 -224
1 16 21 4 -233 3 -1 0 0 0 4 -3 0 0 rect.dat
1 16 22 4 -226 -4 -1 0 0 0 4 -4 0 0 rect2p.dat
1 16 27 4 -223 0 1 -1 -4 0 0 0 0 1 rect.dat
1 16 22.83335 4 -239.5 .16665 1 0 0 0 4 .5 0 0 rect.dat
1 16 19.5 4 -235.5 0 1 -3.5 -4 0 0 0 0 3.5 rect3.dat
2 24 22.6667 8 -240 16 8 -240
4 16 16 8 -240 16 2 -240 24 2 -240 22.6667 8 -240
1 16 16 4 -236 0 -1 0 -4 0 0 0 0 -4 rect3.dat

0 BFC INVERTNEXT
1 16 58 8 -130 3.3717 0 6.7434 0 -4 0 -3.3717 0 6.7434 tri3a4.dat
0 BFC INVERTNEXT
1 16 48 8 -160 3.3717 0 6.7434 0 -4 0 -3.3717 0 6.7434 tri3a4.dat
0 BFC INVERTNEXT
1 16 38 8 -190 3.3717 0 6.7434 0 -4 0 -3.3717 0 6.7434 tri3a4.dat
0 BFC INVERTNEXT
1 16 28 8 -220 3.3717 0 6.7434 0 -4 0 -3.3717 0 6.7434 tri3a4.dat

4 16 62.6667 8 -120 65.8289 8 -120 64.7434 8 -123.2566 62 8 -122
4 16 56 8 -128 62 8 -122 64.7434 8 -123.2566 58 8 -130
4 16 56 8 -132 54 8 -130 56 8 -128 58 8 -130
4 16 56 8 -128 54 8 -130 46 8 -122 48 8 -120
4 16 36 8 -128 44 8 -120 46 8 -122 38 8 -130
4 16 36 8 -132 34 8 -130 36 8 -128 38 8 -130
4 16 26 8 -122 28 8 -120 36 8 -128 34 8 -130
4 16 44 8 -140 36 8 -132 38 8 -130 46 8 -138
4 16 46 8 -142 44 8 -140 46 8 -138 48 8 -140
4 16 53 8 -149 46 8 -142 48 8 -140 54 8 -146
4 16 48 8 -140 46 8 -138 54 8 -130 56 8 -132
4 16 58 8 -134 56 8 -132 58 8 -130 61.3717 8 -133.3717
4 16 52 8 -152 54.7434 8 -153.2566 48 8 -160 46 8 -158
4 16 46 8 -162 44 8 -160 46 8 -158 48 8 -160
4 16 48 8 -164 46 8 -162 48 8 -160 51.3717 8 -163.3717
4 16 44 8 -160 36 8 -152 38 8 -150 46 8 -158
4 16 36 8 -152 34 8 -150 36 8 -148 38 8 -150
4 16 38 8 -150 36 8 -148 44 8 -140 46 8 -142
4 16 28 8 -140 26 8 -138 34 8 -130 36 8 -132
4 16 28 8 -120 26 8 -122 20 8 -124 20 8 -120
4 16 24 8 -140 16 8 -132 18 8 -130 26 8 -138
4 16 26 8 -142 24 8 -140 26 8 -138 28 8 -140
4 16 16 8 -148 24 8 -140 26 8 -142 18 8 -150
4 16 34 8 -150 26 8 -142 28 8 -140 36 8 -148
4 16 26 8 -158 34 8 -150 36 8 -152 28 8 -160
4 16 26 8 -162 24 8 -160 26 8 -158 28 8 -160
4 16 26 8 -158 24 8 -160 16 8 -152 18 8 -150
4 16 16 8 -168 24 8 -160 26 8 -162 18 8 -170
4 16 34 8 -170 26 8 -162 28 8 -160 36 8 -168
4 16 36 8 -172 34 8 -170 36 8 -168 38 8 -170
4 16 38 8 -170 36 8 -168 44 8 -160 46 8 -162
4 16 26 8 -178 34 8 -170 36 8 -172 28 8 -180
4 16 24 8 -180 26 8 -178 28 8 -180 26 8 -182
4 16 16 8 -188 24 8 -180 26 8 -182 18 8 -190
4 16 26 8 -178 24 8 -180 16 8 -172 18 8 -170
4 16 24 8 -200 16 8 -192 18 8 -190 26 8 -198
4 16 26 8 -202 24 8 -200 26 8 -198 28 8 -200
4 16 16 8 -208 24 8 -200 26 8 -202 18 8 -210
4 16 33 8 -209 26 8 -202 28 8 -200 34 8 -206
4 16 24 8 -220 16 8 -212 18 8 -210 26 8 -218
4 16 26 8 -222 24 8 -220 26 8 -218 28 8 -220
4 16 16 8 -228 24 8 -220 26 8 -222 18 8 -230
4 16 28 8 -224 26 8 -222 28 8 -220 31.3717 8 -223.3717
4 16 16 8 -232 18 8 -230 24 8 -236 23 8 -239
4 16 28 8 -200 26 8 -198 34 8 -190 36 8 -192
4 16 36 8 -192 34 8 -190 36 8 -188 38 8 -190
4 16 36 8 -188 34 8 -190 26 8 -182 28 8 -180
4 16 43 8 -179 36 8 -172 38 8 -170 44 8 -176
4 16 36 8 -188 42 8 -182 44.7434 8 -183.2566 38 8 -190
4 16 36 8 -192 38 8 -190 41.3717 8 -193.3717 38 8 -194
3 16 46 8 -122 44 8 -120 48 8 -120
3 16 20 8 -124 26 8 -122 18 8 -130
3 16 16 8 -152 16 8 -148 18 8 -150
3 16 16 8 -172 16 8 -168 18 8 -170
3 16 16 8 -192 16 8 -188 18 8 -190
3 16 16 8 -212 16 8 -208 18 8 -210
3 16 16 8 -232 16 8 -228 18 8 -230
4 16 28 8 -220 26 8 -218 32 8 -212 34.7434 8 -213.2566
3 16 34.7434 8 -213.2566 32 8 -212 33 8 -209
3 16 34.7434 8 -213.2566 33 8 -209 34 8 -206
4 16 34.7434 8 -213.2566 34 8 -206 38 8 -194 41.3717 8 -193.3717
3 16 44.7434 8 -183.2566 42 8 -182 43 8 -179
3 16 44.7434 8 -183.2566 43 8 -179 44 8 -176
4 16 48 8 -164 51.3717 8 -163.3717 44.7434 8 -183.2566 44 8 -176
3 16 52 8 -152 53 8 -149 54.7434 8 -153.2566
3 16 54.7434 8 -153.2566 53 8 -149 54 8 -146
4 16 54 8 -146 58 8 -134 61.3717 8 -133.3717 54.7434 8 -153.2566
1 16 27.93365 6 -233.68585 0 -1 3.43805 2 0 0 0 0 10.31415 rect3.dat
1 16 24.4956 6 -250 0 -1 0 0 0 2 -6 0 0 rect.dat
1 16 28.8063 6 -256 0 0 4.3107 -2 0 0 0 -1 0 rect3.dat

1 16 38.05755 6 -203.31415 -3.31415 -1 0 0 0 2 -9.94245 0 0 rect.dat
1 16 48.05755 6 -173.31415 -3.31415 -1 0 0 0 2 -9.94245 0 0 rect.dat
1 16 58.05755 6 -143.31415 -3.31415 -1 0 0 0 2 -9.94245 0 0 rect.dat
1 16 65.28615 6 -121.6283 -.54275 -1 0 0 0 2 -1.6283 0 0 rect.dat
3 16 64.7434 4 -123.2566 65.8289 4 -120 78.4503 4 -120
3 16 64.7434 4 -123.2566 78.4503 4 -120 61.3717 4 -133.3717
3 16 61.3717 4 -133.3717 78.4503 4 -120 54.7434 4 -153.2566
3 16 54.7434 4 -153.2566 78.4503 4 -120 51.3717 4 -163.3717
3 16 51.3717 4 -163.3717 78.4503 4 -120 44.7434 4 -183.2566
3 16 44.7434 4 -183.2566 78.4503 4 -120 41.3717 4 -193.3717
3 16 41.3717 4 -193.3717 78.4503 4 -120 33.117 4 -256
3 16 41.3717 4 -193.3717 33.117 4 -256 34.7434 4 -213.2566
3 16 34.7434 4 -213.2566 33.117 4 -256 31.3717 4 -223.3717
3 16 31.3717 4 -223.3717 33.117 4 -256 24.4956 4 -244
3 16 24.4956 8 -244 21.3333 8 -244 22.6667 8 -240
3 16 23 8 -239 24.4956 8 -244 22.6667 8 -240
4 16 23 8 -239 24 8 -236 31.3717 8 -223.3717 24.4956 8 -244
3 16 31.3717 8 -223.3717 24 8 -236 28 8 -224
4 16 16 8 -240 22.6667 8 -240 21.3333 8 -244 16 8 -244
3 16 33.117 4 -256 24.4956 4 -256 24.4956 4 -244

2 24 78.4503 4 -120 33.117 4 -256
2 24 20 8 -120 28 8 -120
2 24 44 8 -120 48 8 -120
2 24 62.6667 8 -120 65.8289 8 -120
2 24 78.4503 4 -120 65.8289 4 -120

3 16 64 0 -116 60 0 -116 62.6667 0 -120
3 16 62.6667 0 -120 60 0 -116 56 0 -116
3 16 62.6667 0 -120 56 0 -116 48 0 -120
3 16 48 0 -120 56 0 -116 44 0 -108
3 16 48 0 -120 44 0 -108 44 0 -120
3 16 48 0 -120 44 0 -120 46 0 -122
3 16 28 0 -120 44 0 -120 44 0 -108
3 16 28 0 -120 44 0 -108 36 0 -108
3 16 28 0 -120 36 0 -108 28 0 -108
3 16 28 0 -120 28 0 -108 24 0 -120
3 16 24 0 -120 28 0 -108 20.5 0 -120
4 16 16 0 -124.5 19.5 0 -124.5 20.5 0 -123.5 20.5 0 -120
3 16 24 0 -120 26 0 -122 28 0 -120
4 16 44 0 -120 36 0 -128 38 0 -130 46 0 -122
4 16 36 0 -132 38 0 -130 36 0 -128 34 0 -130
4 16 36 0 -132 34 0 -130 26 0 -138 28 0 -140
4 16 28 0 -140 26 0 -138 24 0 -140 26 0 -142
4 16 26 0 -142 24 0 -140 16 0 -148 18 0 -150
4 16 16 0 -132 24 0 -140 26 0 -138 18 0 -130
4 16 26 0 -122 34 0 -130 36 0 -128 28 0 -120
3 16 24 0 -120 20.5 0 -123.5 26 0 -122
4 16 20.5 0 -123.5 19.5 0 -124.5 18 0 -130 26 0 -122
3 16 18 0 -130 19.5 0 -124.5 16 0 -128
3 16 18 0 -130 16 0 -128 16 0 -132
3 16 16 0 -148 16 0 -152 18 0 -150
3 16 16 0 -168 16 0 -172 18 0 -170
3 16 16 0 -188 16 0 -192 18 0 -190
3 16 16 0 -208 16 0 -212 18 0 -210
3 16 16 0 -228 16 0 -232 18 0 -230
3 16 54 0 -130 56 0 -132 56 0 -128
3 16 44 0 -160 46 0 -162 46 0 -158
3 16 34 0 -190 36 0 -192 36 0 -188
3 16 24 0 -220 26 0 -222 26 0 -218
4 16 26 0 -218 26 0 -222 28 0 -224 32 0 -212
4 16 36 0 -188 36 0 -192 38 0 -194 42 0 -182
4 16 36 0 -172 43 0 -179 44 0 -176 38 0 -170
4 16 36 0 -168 34 0 -170 36 0 -172 38 0 -170
4 16 44 0 -160 36 0 -168 38 0 -170 46 0 -162
4 16 46 0 -158 46 0 -162 48 0 -164 52 0 -152
4 16 46 0 -142 53 0 -149 54 0 -146 48 0 -140
4 16 44 0 -140 46 0 -142 48 0 -140 46 0 -138
4 16 46 0 -142 44 0 -140 36 0 -148 38 0 -150
4 16 38 0 -150 36 0 -148 34 0 -150 36 0 -152
4 16 36 0 -152 44 0 -160 46 0 -158 38 0 -150
4 16 56 0 -132 54 0 -130 46 0 -138 48 0 -140
4 16 56 0 -128 56 0 -132 58 0 -134 62 0 -122
4 16 46 0 -122 54 0 -130 56 0 -128 48 0 -120
4 16 36 0 -132 44 0 -140 46 0 -138 38 0 -130
4 16 26 0 -142 34 0 -150 36 0 -148 28 0 -140
4 16 34 0 -150 26 0 -158 28 0 -160 36 0 -152
4 16 26 0 -158 24 0 -160 26 0 -162 28 0 -160
4 16 16 0 -152 24 0 -160 26 0 -158 18 0 -150
4 16 26 0 -162 34 0 -170 36 0 -168 28 0 -160
4 16 26 0 -162 24 0 -160 16 0 -168 18 0 -170
4 16 26 0 -178 24 0 -180 26 0 -182 28 0 -180
4 16 34 0 -170 26 0 -178 28 0 -180 36 0 -172
4 16 16 0 -172 24 0 -180 26 0 -178 18 0 -170
4 16 26 0 -182 24 0 -180 16 0 -188 18 0 -190
4 16 26 0 -182 34 0 -190 36 0 -188 28 0 -180
4 16 36 0 -192 34 0 -190 26 0 -198 28 0 -200
4 16 26 0 -198 24 0 -200 26 0 -202 28 0 -200
4 16 16 0 -192 24 0 -200 26 0 -198 18 0 -190
4 16 26 0 -202 24 0 -200 16 0 -208 18 0 -210
4 16 26 0 -202 33 0 -209 34 0 -206 28 0 -200
4 16 16 0 -212 24 0 -220 26 0 -218 18 0 -210
4 16 26 0 -222 24 0 -220 16 0 -228 18 0 -230
4 16 16 0 -232 23 0 -239 24 0 -236 18 0 -230

0 // Side Wall
4 16 103.7837 4 -44 103.7837 32 -44 90.2864 31.0292 -84.4918 79.7837 4 -116
3 16 79.7837 24 -116 79.7837 4 -116 90.2864 31.0292 -84.4918
4 16 90.2864 31.0292 -84.4918 75.484 28.1186 -128.8989 78.4503 24 -120 79.7837 24 -116
3 16 33.117 8 -256 33.117 4 -256 78.4503 4 -120
3 16 46.0861 16.4594 -217.0925 31.7837 8 -260 33.117 8 -256

3 16 33.117 8 -256 78.4503 4 -120 46.0861 16.4594 -217.0925
4 16 60.747 23.228 -173.11 46.0861 16.4594 -217.0925 78.4503 4 -120 78.4503 24 -120
3 16 78.4503 24 -120 75.484 28.1186 -128.8989 60.747 23.228 -173.11
2 24 90.2864 31.0292 -84.4918 75.484 28.1186 -128.8989
2 24 60.747 23.228 -173.11 75.484 28.1186 -128.8989
2 24 103.7837 32 -44 90.2864 31.0292 -84.4918
2 24 60.747 23.228 -173.11 46.0861 16.4594 -217.0925
2 24 31.7837 8 -260 46.0861 16.4594 -217.0925
3 16 94.5027 31.0292 -84.4918 90.2864 31.0292 -84.4918 103.7837 32 -44
3 16 103.7837 32 -44 108.4026 31.936 -42.7924 94.5027 31.0292 -84.4918
5 24 103.7837 32 -44 94.5027 31.0292 -84.4918 108.4026 31.936 -42.7924 90.2864 31.0292 -84.4918
4 16 75.484 28.1186 -128.8989 90.2864 31.0292 -84.4918 94.5027 31.0292 -84.4918 79.7004 28.1186 -128.8989
4 16 60.747 23.228 -173.11 75.484 28.1186 -128.8989 79.7004 28.1186 -128.8989 64.9633 23.228 -173.11
4 16 46.0861 16.4594 -217.0925 60.747 23.228 -173.11 64.9633 23.228 -173.11 50.3025 16.4594 -217.0925
4 16 31.7837 8 -260 46.0861 16.4594 -217.0925 50.3025 16.4594 -217.0925 36 8 -260
3 16 103.7837 32 -44 105.117 32 -40 108.4026 31.936 -42.7924
2 24 94.5027 31.0292 -84.4918 79.7004 28.1186 -128.8989
2 24 79.7004 28.1186 -128.8989 64.9633 23.228 -173.11
2 24 108.4026 31.936 -42.7924 94.5027 31.0292 -84.4918
2 24 64.9633 23.228 -173.11 50.3025 16.4594 -217.0925
2 24 50.3025 16.4594 -217.0925 36 8 -260
5 24 108.4026 31.936 -42.7924 103.7837 32 -44 105.117 32 -40 94.5027 31.0292 -84.4918
5 24 90.2864 31.0292 -84.4918 94.5027 31.0292 -84.4918 108.4026 31.936 -42.7924 79.7004 28.1186 -128.8989
5 24 75.484 28.1186 -128.8989 79.7004 28.1186 -128.8989 94.5027 31.0292 -84.4918 64.9633 23.228 -173.11
5 24 60.747 23.228 -173.11 64.9633 23.228 -173.11 79.7004 28.1186 -128.8989 50.3025 16.4594 -217.0925
5 24 46.0861 16.4594 -217.0925 50.3025 16.4594 -217.0925 64.9633 23.228 -173.11 31.7837 8 -260
2 24 105.117 32 -40 108.4026 31.936 -42.7924

0 // Centre Bottom
4 16 4 8 -120 1 8 -120 1 8 -102 4 8 -102
3 16 4 8 -120 16 24 -120 1 8 -120
3 16 16 8 -120 16 24 -120 4 8 -120
2 24 4 8 -120 4 8 -102
2 24 4 8 -102 16 8 -102
2 24 4 8 -120 1 8 -120

0 BFC INVERTNEXT
1 16 10 8 -111 6 0 0 0 -4 0 0 0 9 box5-4a.dat
2 24 16 8 -102 16 8 -98
3 16 16 8 -98 16 8 -102 4 8 -102
3 16 16 8 -98 4 8 -102 1 8 -102

1 16 1 8 -124 0 3 0 10 0 0 0 0 -16 tri3u3.dat
4 16 1 8 -140 4 8 -140 12 8 -144 0 8 -144
3 16 12 8 -140 12 8 -144 4 8 -140
2 24 12 8 -124 12 8 -140
2 24 12 8 -140 4 8 -140
4 16 18 8 -130 16 8 -132 12 8 -124 20 8 -124
3 16 0 8 -144 -2.5 8 -144 1 8 -140
0 BFC INVERTNEXT
1 16 8 8 -132 4 0 0 0 -4 0 0 0 -8 box5-4a.dat

0 BFC INVERTNEXT
1 16 6 8 -192 6 0 0 0 -4 0 0 0 48 box4-1.dat
1 16 6 4 -190 0 0 1 0 -1 0 -1 0 0 stug3-1x4.dat
1 16 6 4 -238 1.5 0 0 0 4 0 0 0 2 box4-1.dat
4 16 0 8 -240 0 4 -240 4.5 4 -240 4.5 8 -240
4 16 7.5 8 -240 7.5 4 -240 12 4 -240 12 8 -240
2 24 12 8 -240 7.5 8 -240
2 24 0 8 -240 4.5 8 -240
3 16 16 8 -240 12 8 -240 16 8 -232
3 16 16 8 -232 12 8 -240 16 8 -228
3 16 16 8 -228 12 8 -240 16 8 -212
3 16 16 8 -212 12 8 -240 16 8 -208
3 16 16 8 -208 12 8 -240 16 8 -192
4 16 12 8 -144 16 8 -188 16 8 -192 12 8 -240
3 16 16 8 -188 12 8 -144 16 8 -172
3 16 16 8 -172 12 8 -144 16 8 -168
3 16 16 8 -168 12 8 -144 16 8 -152
4 16 12 8 -124 16 8 -132 16 8 -148 12 8 -140
4 16 16 8 -152 12 8 -144 12 8 -140 16 8 -148
4 16 0 8 -240 -2.5 8 -240 -2.5 8 -144 0 8 -144
3 16 20 24 -124 20 8 -124 12 8 -124
2 24 20 8 -124 12 8 -124

0 // Tip Bottom
2 24 33.117 8 -256 31.7837 8 -260
2 24 36 8 -260 31.7837 8 -260
4 16 24.4956 8 -256 21.3333 8 -256 21.3333 8 -244 24.4956 8 -244
4 16 16 8 -256 12 8 -256 12 8 -244 16 8 -244
3 16 33.117 8 -256 31.7837 8 -260 24.4956 8 -256
3 16 24.4956 8 -256 31.7837 8 -260 21.3333 8 -256
3 16 21.3333 8 -256 31.7837 8 -260 16 8 -256
3 16 16 8 -256 31.7837 8 -260 12 8 -256
4 16 16 8 -240 16 8 -244 12 8 -244 12 8 -240
3 16 12 8 -240 12 8 -244 7.5 8 -240
3 16 7.5 8 -240 12 8 -244 4.5 8 -240
3 16 4.5 8 -240 12 8 -244 0 8 -240
3 16 0 8 -240 12 8 -244 -2.5 8 -240

1 16 21.3333 4 -250 0 1 0 -4 0 0 0 0 6 rect.dat
1 16 16 5 -250 0 -1 0 -3 0 0 0 0 -6 rect.dat
1 16 18.66665 1 -250 -2.66665 0 0 1 -1 0 0 0 6 rect2p.dat
4 16 16 8 -244 21.3333 8 -244 21.3333 0 -244 16 2 -244
4 16 16 2 -256 21.3333 0 -256 21.3333 8 -256 16 8 -256
2 24 21.3333 8 -256 16 8 -256
2 24 21.3333 8 -244 16 8 -244

1 16 12 4.38205 -250 0 1 0 0 0 3.61795 6 0 0 rect.dat
1 16 16 -6 -256 -8 0 0 0 0 8 0 12 0 1-8cylo.dat
1 16 16 -6 -256 -8 0 0 0 0 8 0 -1 0 1-8ndis.dat
1 16 16 -6 -244 -8 0 0 0 0 8 0 1 0 1-8ndis.dat
1 16 11.1716 .21045 -250 .8284 0 0 .55365 -1 0 0 0 -6 rect2p.dat
5 24 10.3432 -.3432 -244 10.3432 -.3432 -256 12 .7641 -256 8.6088 -2.9384 -256
1 16 6 -6 -250 0 0 -2 0 -1 0 -6 0 0 rect.dat
4 16 4 2 -244 8 2 -244 8 -6 -244 4 -6 -244
4 16 12 .7641 -244 10.3432 -.3432 -244 8 2 -244 12 8 -244
4 16 8 -6 -256 8 2 -256 4 2 -256 4 -6 -256
4 16 10.3432 -.3432 -256 12 .7641 -256 12 8 -256 8 2 -256
3 16 12 8 -244 8 2 -244 4 2 -244
3 16 12 8 -244 4 2 -244 -4 2 -244
3 16 8 2 -256 12 8 -256 4 2 -256
3 16 4 2 -256 12 8 -256 -4 2 -256

0 // Tip Front
4 16 16 2 -260 31.7837 8 -260 36 8 -260 24 2 -260
3 16 31.7837 8 -260 16 2 -260 8 2 -260
3 16 31.7837 8 -260 8 2 -260 4 2 -260
3 16 31.7837 8 -260 4 2 -260 -4 2 -260
4 16 32.5 -7.7558 -260 24 2 -260 36 8 -260 36 -6 -260
4 16 32.5 -7.7558 -260 36 -37 -260 36 -40 -260 32.5 -36 -260
3 16 36 -6 -260 36 -37 -260 32.5 -7.7558 -260
4 16 24.8271 -7.7558 -260 24 -7.5912 -260 24 -6 -260 32.5 -7.7558 -260
4 16 8 -6 -260 7.1729 -7.7558 -260 4.8271 -7.7558 -260 4 -6 -260
3 16 24 2 -260 32.5 -7.7558 -260 24 -6 -260
4 16 4 -6 -260 4 2 -260 8 2 -260 8 -6 -260
2 24 36 -37 -260 36 -6 -260

1 16 16 -6 -260 1 0 0 0 0 1 0 1 0 peghole.dat
1 16 16 -6 -260 8 0 0 0 0 8 0 1 0 2-4ndis.dat
0 BFC INVERTNEXT
1 16 28.6635 -21.8779 -252 0 0 3.8364 0 14.1221 0 8 0 0 box2-5.dat
0 BFC INVERTNEXT
1 16 25.1279 -25.41365 -252 0 0 -7.372 0 -10.5864 0 8 0 0 box2-7.dat
4 16 23.2049 -15.9111 -244 24.8271 -7.7558 -244 32.5 -7.7558 -244 32.5 -36 -244
4 16 23.2049 -15.9111 -244 32.5 -36 -244 17.7559 -36 -244 17.7559 -14.8273 -244
1 16 16 -6 -260 8.82707 0 -1.75581 -1.75581 0 -8.82707 0 16 0 3-16cylo.dat
1 16 16 -6 -244 8.82707 0 -1.75581 -1.75581 0 -8.82707 0 1 0 3-16tndis.dat
2 24 17.7559 -14.8273 -244 17.7559 -14.8273 -260

1 16 6 -7.7558 -252 1.1729 0 0 0 1 0 0 0 8 rect.dat
1 16 16 -6 -260 -8.82707 0 1.75581 -1.75581 0 -8.82707 0 16 0 3-16cylo.dat
1 16 -4 -6 -260 8.82707 0 -1.75581 -1.75581 0 -8.82707 0 16 0 3-16cylo.dat
0 BFC INVERTNEXT
1 16 13.372 -25.4136 -252 0 0 .872 0 -10.5864 0 8 0 0 box2-5.dat
0 BFC INVERTNEXT
1 16 5.128 -48 -252 0 0 7.372 0 -12 0 8 0 0 box2-7.dat
1 16 -2.2441 -57.41365 -252 0 -1 0 2.58635 0 0 0 0 8 rect.dat
1 16 -4 -46 -260 1.75581 0 8.82707 8.82707 0 -1.75581 0 16 0 7-16cylo.dat
1 16 -2.2442 -26 -252 0 -1 0 -11.1728 0 0 0 0 -8 rect.dat
1 16 16 -6 -244 -8.82707 0 1.75581 -1.75581 0 -8.82707 0 1 0 3-16tndis.dat
1 16 -4 -6 -244 8.82707 0 -1.75581 -1.75581 0 -8.82707 0 1 0 3-16tndis.dat
1 16 -4 -46 -244 1.75581 0 8.82707 8.82707 0 -1.75581 0 1 0 7-16ndis.dat
4 16 -2.2441 -54.8273 -244 3.0713 -56.5829 -244 12.5 -60 -244 -2.2441 -60 -244
3 16 12.5 -60 -244 3.0713 -56.5829 -244 4.8271 -47.7558 -244
4 16 12.5 -60 -244 4.8271 -47.7558 -244 6.5829 -38.9287 -244 12.5 -36 -244
4 16 6.5829 -38.9287 -244 -2.2442 -37.1729 -244 -2.2441 -14.8273 -244 3.2049 -15.9111 -244
4 16 6.5829 -38.9287 -244 3.2049 -15.9111 -244 8.7951 -15.9111 -244 12.5 -36 -244
4 16 14.2441 -36 -244 12.5 -36 -244 8.7951 -15.9111 -244 14.2441 -14.8273 -244
4 16 8.7951 -15.9111 -244 3.2049 -15.9111 -244 4.8271 -7.7558 -244 7.1729 -7.7558 -244

4 16 16 -40 -260 17.7559 -36 -260 32.5 -36 -260 36 -40 -260
4 16 14.2441 -14.8273 -260 17.7559 -36 -260 16 -40 -260 14.2441 -36 -260
3 16 12.5 -60 -260 16 -64 -260 -2.2441 -60 -260
4 16 16 -40 -260 16 -64 -260 12.5 -60 -260 12.5 -36 -260
3 16 12.5 -36 -260 14.2441 -36 -260 16 -40 -260
4 16 17.7559 -36 -260 14.2441 -14.8273 -260 16 -14 -260 17.7559 -14.8273 -260

0 // Tip Back Side
0 BFC INVERTNEXT
1 16 16 -6 -242 6 0 0 0 0 6 0 -16 0 4-4cyli.dat
1 16 16 -6 -242 6 0 0 0 0 6 0 -1 0 4-4edge.dat

1 16 16 -52 -251 0 -1 0 0 0 12 -9 0 0 rect.dat
4 16 42.6667 -40 -240 24 -40 -240 24 -40 -242 36 -40 -260
4 16 16 -40 -260 36 -40 -260 24 -40 -242 16 -40 -242
2 24 24 -40 -242 16 -40 -242
2 24 16 -40 -260 36 -40 -260
2 24 42.6667 -40 -240 24 -40 -240
2 24 24 -40 -242 24 -40 -240
1 16 39.33335 -38.5 -250 0 -1 -3.33335 -1.5 0 0 0 0 -10 rect.dat
2 24 36 -37 -260 36 -37 -240
3 16 36 -37 -240 42.6667 -37 -240 36 -37 -260
2 24 36 -37 -240 42.6667 -37 -240
4 16 36 -4.9339 -240 36 -37 -240 36 -37 -260 36 -6 -260
2 24 36 -4.9339 -240 36 -6 -260
2 24 36 -4.9339 -240 36 -37 -240
2 24 24 -4.936 -240 36 -4.9339 -240
2 24 24 -6 -240 24 -4.936 -240
2 24 24 -37 -240 24 -6 -240
2 24 24 -36.9962 -240 36 -37 -240
4 16 36 -4.9339 -240 24 -6 -240 24 -36.9962 -240 36 -37 -240
3 16 24 -4.936 -240 24 -6 -240 36 -4.9339 -240

0 BFC INVERTNEXT
1 16 16 -6 -240 8 0 0 0 0 8 0 -2 0 2-4cylo.dat
1 16 16 -6 -242 2 0 0 0 0 2 0 -1 0 2-4ring3.dat
1 16 16 -6 -242 6 0 0 0 0 -6 0 -1 0 2-4ndis.dat
1 16 16 -6 -240 8 0 0 0 0 8 0 -1 0 2-4ndis.dat
3 16 24 -40 -242 24 -40 -240 24 -37 -240
4 16 24 -40 -242 24 -37 -240 24 -6 -240 24 -6 -242
2 24 24 -40 -242 24 -6 -242
4 16 16 -40 -242 24 -40 -242 22 -12 -242 16 -12 -242
4 16 24 -6 -242 22 -6 -242 22 -12 -242 24 -40 -242
4 16 16 -40 -242 16 -12 -242 10 -12 -242 8 -64 -242
3 16 16 -40 -242 8 -64 -242 16 -64 -242
4 16 10 -12 -242 10 -6 -242 8 -6 -242 8 -64 -242
2 24 16 -64 -242 8 -64 -242
2 24 8 -64 -242 8 -6 -242
4 16 8 -64 -241 8 -64 -242 8 -6 -242 8 -6 -240
1 16 6 -35 -241 2 0 0 0 -29 0 0 -.5 .5 box2-7.dat
4 16 4 2 -240 4 -6 -240 8 -6 -240 8 2 -240
4 16 4 -6 -242 4 -64 -242 4 -64 -241 4 -6 -240

4 16 4 -64 -242 4 -6 -242 2 -6 -242 2 -12 -242
4 16 2 -12 -242 -4 -12 -242 -4 -40 -242 2 -40 -242
3 16 -4 -52 -242 4 -64 -242 2 -52 -242
3 16 2 -52 -242 4 -64 -242 2 -46 -242
3 16 2 -46 -242 4 -64 -242 2 -40 -242
3 16 2 -40 -242 4 -64 -242 2 -12 -242

3 16 16 -64 -260 16 -64 -242 8 -64 -242
3 16 16 -64 -260 8 -64 -242 4 -64 -242

0 // Pegholes
1 16 16 -6 -260 8 0 0 0 0 -8 0 1 0 1-4tang.dat
1 16 16 -6 -260 -8 0 0 0 0 -8 0 1 0 1-4tang.dat
1 16 16 -6 -260 8.82707 0 -1.75581 -1.75581 0 -8.82707 0 1 0 1-8chrd.dat
3 16 23.3912 -9.0616 -260 24 -7.5912 -260 24.8271 -7.7558 -260
3 16 23.3912 -9.0616 -260 24.8271 -7.7558 -260 22.7824 -10.532 -260
3 16 22.7824 -10.532 -260 24.8271 -7.7558 -260 21 -13.4832 -260
3 16 22.7824 -10.532 -260 21 -13.4832 -260 21.6568 -11.6568 -260
3 16 21.6568 -11.6568 -260 21 -13.4832 -260 20.532 -12.7824 -260
3 16 16 -14 -260 17.5912 -14 -260 17.7559 -14.8273 -260
3 16 17.7559 -14.8273 -260 17.5912 -14 -260 19.0616 -13.3912 -260
3 16 17.7559 -14.8273 -260 19.0616 -13.3912 -260 21 -13.4832 -260
3 16 21 -13.4832 -260 19.0616 -13.3912 -260 20.532 -12.7824 -260
3 16 16 -14 -260 14.244 -14.8272 -260 14.4088 -14 -260
3 16 14.4088 -14 -260 14.244 -14.8272 -260 12.9384 -13.3912 -260
3 16 12.9384 -13.3912 -260 14.244 -14.8272 -260 11 -13.483154448 -260
3 16 12.9384 -13.3912 -260 11 -13.483154448 -260 11.468 -12.7824 -260
1 16 16 -6 -260 -8.82707 0 1.75581 -1.75581 0 -8.82707 0 1 0 1-8chrd.dat
3 16 11.468 -12.7824 -260 11 -13.483154448 -260 10.3432 -11.6568 -260
3 16 10.3432 -11.6568 -260 11 -13.483154448 -260 9.2176 -10.532 -260
3 16 9.2176 -10.532 -260 11 -13.483154448 -260 7.1729 -7.7558 -260
3 16 7.1729 -7.7558 -260 8.6088 -9.0616 -260 9.2176 -10.532 -260
3 16 8.6088 -9.0616 -260 7.1729 -7.7558 -260 8 -7.5912 -260
3 16 8 -7.5912 -260 7.1729 -7.7558 -260 8 -6 -260

1 16 -4 -6 -260 8 0 0 0 0 -8 0 1 0 1-4tang.dat
1 16 -4 -6 -260 8.82707 0 -1.75581 -1.75581 0 -8.82707 0 1 0 1-8chrd.dat
3 16 3.3912 -9.0616 -260 4 -7.5912 -260 4.8271 -7.7558 -260
3 16 3.3912 -9.0616 -260 4.8271 -7.7558 -260 2.7824 -10.532 -260
3 16 2.7824 -10.532 -260 4.8271 -7.7558 -260 1 -13.4832 -260
3 16 2.7824 -10.532 -260 1 -13.4832 -260 1.6568 -11.6568 -260
3 16 1.6568 -11.6568 -260 1 -13.4832 -260 .532 -12.7824 -260
3 16 -4 -14 -260 -2.4088 -14 -260 -2.2441 -14.8273 -260
3 16 -2.2441 -14.8273 -260 -2.4088 -14 -260 -.9384 -13.3912 -260
3 16 -2.2441 -14.8273 -260 -.9384 -13.3912 -260 1 -13.4832 -260
3 16 1 -13.4832 -260 -.9384 -13.3912 -260 .532 -12.7824 -260
3 16 4 -7.5912 -260 4 -6 -260 4.82707 -7.75581 -260

1 16 -4 -46 -260 8 0 0 0 0 -8 0 1 0 1-4tang.dat
1 16 -4 -46 -260 8.82707 0 -1.75581 -1.75581 0 -8.82707 0 1 0 1-8chrd.dat
3 16 3.3912 -49.0616 -260 4 -47.5912 -260 4.8271 -47.7558 -260
3 16 3.3912 -49.0616 -260 4.8271 -47.7558 -260 2.7824 -50.532 -260
3 16 2.7824 -50.532 -260 4.8271 -47.7558 -260 1 -53.4832 -260
3 16 2.7824 -50.532 -260 1 -53.4832 -260 1.6568 -51.6568 -260
3 16 1.6568 -51.6568 -260 1 -53.4832 -260 .532 -52.7824 -260
3 16 -2.2441 -54.8273 -260 -2.4088 -54 -260 -.9384 -53.3912 -260
3 16 -2.2441 -54.8273 -260 -.9384 -53.3912 -260 1 -53.4832 -260
3 16 1 -53.4832 -260 -.9384 -53.3912 -260 .532 -52.7824 -260
3 16 4 -47.5912 -260 4 -46 -260 4.82707 -47.75581 -260
1 16 -4 -46 -260 8 0 0 0 0 8 0 1 0 1-4tang.dat
1 16 -4 -46 -260 8.82707 0 -1.75581 1.75581 0 8.82707 0 1 0 1-8chrd.dat
3 16 4 -44.4088 -260 3.3912 -42.9384 -260 4.8271 -44.2442 -260
3 16 4.8271 -44.2442 -260 3.3912 -42.9384 -260 2.7824 -41.468 -260
3 16 4.8271 -44.2442 -260 2.7824 -41.468 -260 1 -38.5168 -260
3 16 1 -38.5168 -260 2.7824 -41.468 -260 1.6568 -40.3432 -260
3 16 1 -38.5168 -260 1.6568 -40.3432 -260 .532 -39.2176 -260
3 16 -2.4088 -38 -260 -2.2441 -37.1727 -260 -.9384 -38.6088 -260
3 16 -.9384 -38.6088 -260 -2.2441 -37.1727 -260 1 -38.5168 -260
3 16 -.9384 -38.6088 -260 1 -38.5168 -260 .532 -39.2176 -260
3 16 4 -46 -260 4 -44.4088 -260 4.82707 -44.24419 -260
3 16 4 -46 -260 4.82707 -44.24419 -260 4.82707 -47.75581 -260
3 16 -2.4088 -38 -260 -4 -38 -260 -2.2442 -37.1729 -260
3 16 -4 -54 -260 -2.4088 -54 -260 -2.2441 -54.8273 -260

0 // Embossed Side
2 24 50.3025 -3.7059 -217.0925 64 -1.9985 -176
2 24 108.4025 0 -42.7924 89.3333 0 -100
2 24 78 -.7102 -134 89.3333 0 -100
2 24 108.4026 31.936 -42.7924 108.4025 8 -42.7924
2 24 36 -6 -260 50.3025 -3.7059 -217.0925
2 24 64 -1.9985 -176 78 -.7102 -134
2 24 36 -6 -260 36 8 -260
2 24 50.3025 -1.2059 -217.0925 64.9633 .6216 -173.11
2 24 107.4538 2.4868 -45.6384 89.3333 2.4535 -100
2 24 79.7004 1.9421 -128.8989 89.3333 2.4535 -100
2 24 79.7004 25.1186 -128.8989 64.9633 20.228 -173.11
2 24 94.5027 28.0292 -84.4918 79.7004 25.1186 -128.8989
2 24 50.3025 13.4594 -217.0925 36.9487 5.5263 -257.154
2 24 64.9633 20.228 -173.11 50.3025 13.4594 -217.0925
2 24 107.4539 28.8741 -45.6384 94.5027 28.0292 -84.4918
2 24 107.4539 28.8741 -45.6384 107.4538 2.4868 -45.6384
2 24 36.9487 -3.3478 -257.1539 50.3025 -1.2059 -217.0925
2 24 64.9633 .6216 -173.11 79.7004 1.9421 -128.8989
2 24 36.9487 -3.3478 -257.1539 36.9487 5.5263 -257.154
2 24 49.3538 -1.2059 -216.7763 64.0146 .6216 -172.7938
2 24 106.5051 2.4868 -45.3222 88.3846 2.4535 -99.6838
2 24 78.7517 1.9421 -128.5827 88.3846 2.4535 -99.6838
2 24 78.7517 25.1186 -128.5827 64.0146 20.228 -172.7938
2 24 93.554 28.0292 -84.1756 78.7517 25.1186 -128.5827
2 24 49.3538 13.4594 -216.7763 36 5.5263 -256.8377
2 24 64.0146 20.228 -172.7938 49.3538 13.4594 -216.7763
2 24 106.5052 28.8741 -45.3222 93.554 28.0292 -84.1756
2 24 106.5052 28.8741 -45.3222 106.5051 2.4868 -45.3222
2 24 36 -3.3478 -256.8377 49.3538 -1.2059 -216.7763
2 24 64.0146 .6216 -172.7938 78.7517 1.9421 -128.5827
2 24 36 -3.3478 -256.8377 36 5.5263 -256.8377
4 16 36.9487 -3.3478 -257.1539 36 -3.3478 -256.8377 49.3538 -1.2059 -216.7763 50.3025 -1.2059 -217.0925
4 16 50.3025 -1.2059 -217.0925 49.3538 -1.2059 -216.7763 64.0146 .6216 -172.7938 64.9633 .6216 -173.11
4 16 64.0146 .6216 -172.7938 78.7517 1.9421 -128.5827 79.7004 1.9421 -128.8989 64.9633 .6216 -173.11
4 16 79.7004 1.9421 -128.8989 78.7517 1.9421 -128.5827 88.3846 2.4535 -99.6838 89.3333 2.4535 -100
4 16 88.3846 2.4535 -99.6838 106.5051 2.4868 -45.3222 107.4538 2.4868 -45.6384 89.3333 2.4535 -100
4 16 107.4538 2.4868 -45.6384 106.5051 2.4868 -45.3222 106.5052 28.8741 -45.3222 107.4539 28.8741 -45.6384
4 16 107.4539 28.8741 -45.6384 106.5052 28.8741 -45.3222 93.554 28.0292 -84.1756 94.5027 28.0292 -84.4918
4 16 94.5027 28.0292 -84.4918 93.554 28.0292 -84.1756 78.7517 25.1186 -128.5827 79.7004 25.1186 -128.8989
4 16 79.7004 25.1186 -128.8989 78.7517 25.1186 -128.5827 64.0146 20.228 -172.7938 64.9633 20.228 -173.11
4 16 64.9633 20.228 -173.11 64.0146 20.228 -172.7938 49.3538 13.4594 -216.7763 50.3025 13.4594 -217.0925
4 16 50.3025 13.4594 -217.0925 49.3538 13.4594 -216.7763 36 5.5263 -256.8377 36.9487 5.5263 -257.154
4 16 36 5.5263 -256.8377 36 -3.3478 -256.8377 36.9487 -3.3478 -257.1539 36.9487 5.5263 -257.154
2 24 36 5.5263 -256.8377 36.9487 5.5263 -257.154
2 24 36 -3.3478 -256.8377 36.9487 -3.3478 -257.1539
2 24 106.5052 28.8741 -45.3222 107.4539 28.8741 -45.6384
2 24 106.5051 2.4868 -45.3222 107.4538 2.4868 -45.6384
4 16 36.9487 -3.3478 -257.1539 36 -6 -260 36 8 -260 36.9487 5.5263 -257.154
4 16 50.3025 13.4594 -217.0925 36.9487 5.5263 -257.154 36 8 -260 50.3025 16.4594 -217.0925
4 16 64.9633 20.228 -173.11 50.3025 13.4594 -217.0925 50.3025 16.4594 -217.0925 64.9633 23.228 -173.11
4 16 79.7004 25.1186 -128.8989 64.9633 20.228 -173.11 64.9633 23.228 -173.11 79.7004 28.1186 -128.8989
4 16 107.4539 28.8741 -45.6384 94.5027 28.0292 -84.4918 94.5027 31.0292 -84.4918 108.4026 31.936 -42.7924
4 16 108.4025 0 -42.7924 107.4538 2.4868 -45.6384 107.4539 28.8741 -45.6384 108.4025 8 -42.7924
3 16 108.4026 31.936 -42.7924 108.4025 8 -42.7924 107.4539 28.8741 -45.6384
4 16 107.4538 2.4868 -45.6384 108.4025 0 -42.7924 89.3333 0 -100 89.3333 2.4535 -100
4 16 89.3333 2.4535 -100 89.3333 0 -100 78 -.7102 -134 79.7004 1.9421 -128.8989
4 16 79.7004 1.9421 -128.8989 78 -.7102 -134 64 -1.9985 -176 64.9633 .6216 -173.11
4 16 64.9633 .6216 -173.11 64 -1.9985 -176 50.3025 -3.7059 -217.0925 50.3025 -1.2059 -217.0925
4 16 36.9487 -3.3478 -257.1539 50.3025 -1.2059 -217.0925 50.3025 -3.7059 -217.0925 36 -6 -260
4 16 49.3538 -1.2059 -216.7763 36 -3.3478 -256.8377 36 5.5263 -256.8377 49.3538 13.4594 -216.7763
4 16 49.3538 -1.2059 -216.7763 49.3538 13.4594 -216.7763 64.0146 20.228 -172.7938 64.0146 .6216 -172.7938
4 16 78.7517 1.9421 -128.5827 64.0146 .6216 -172.7938 64.0146 20.228 -172.7938 78.7517 25.1186 -128.5827
4 16 88.3846 2.4535 -99.6838 78.7517 1.9421 -128.5827 78.7517 25.1186 -128.5827 93.554 28.0292 -84.1756
4 16 106.5052 28.8741 -45.3222 106.5051 2.4868 -45.3222 88.3846 2.4535 -99.6838 93.554 28.0292 -84.1756
4 16 94.5027 28.0292 -84.4918 79.7004 25.1186 -128.8989 79.7004 28.1186 -128.8989 94.5027 31.0292 -84.4918

5 24 50.3025 13.4594 -217.0925 49.3538 13.4594 -216.7763 36 5.5263 -256.8377 64.0146 20.228 -172.7938
5 24 64.9633 20.228 -173.11 64.0146 20.228 -172.7938 49.3538 13.4594 -216.7763 78.7517 25.1186 -128.5827
5 24 79.7004 25.1186 -128.8989 78.7517 25.1186 -128.5827 64.0146 20.228 -172.7938 93.554 28.0292 -84.1756
5 24 94.5027 28.0292 -84.4918 93.554 28.0292 -84.1756 78.7517 25.1186 -128.5827 106.5052 28.8741 -45.3222
5 24 89.3333 2.4535 -100 88.3846 2.4535 -99.6838 106.5051 2.4868 -45.3222 78.7517 1.9421 -128.5827
5 24 79.7004 1.9421 -128.8989 78.7517 1.9421 -128.5827 88.3846 2.4535 -99.6838 64.0146 .6216 -172.7938
5 24 64.9633 .6216 -173.11 64.0146 .6216 -172.7938 78.7517 1.9421 -128.5827 49.3538 -1.2059 -216.7763
5 24 50.3025 -1.2059 -217.0925 49.3538 -1.2059 -216.7763 64.0146 .6216 -172.7938 36 -3.3478 -256.8377

0 // Reeling
1 16 96.66665 -18.5 -26.5 -2.83335 0 0 0 0 -18.5 0 -1 0 rect2p.dat
1 16 95.5 -18.5 -33.5 -4 0 0 0 0 18.5 0 1 0 rect2p.dat
1 16 99.5 0 -30 0 0 3.5 0 -37 0 -3.5 0 0 2-4cylo.dat
1 16 92.66665 -18.5 -30 1.16665 1 0 0 0 18.5 3.5 0 0 rect3.dat

1 16 90 -17.8894 -46.5 0 0 -2.83335 17.88935 0 0 0 -1 0 rect3.dat
4 16 92.8334 -34.5042 -53.5 84.8334 -34.5042 -53.5 84.8334 0 -53.5 92.8334 0 -53.5
1 16 92.8334 0 -50 0 0 3.5 0 -35.7737 0 -3.5 0 0 2-4cyli.dat
1 16 92.8334 0 -50 0 0 3.5 0 1 0 -3.5 0 0 2-4edge.dat
1 16 92.8334 -35.1211 -50 0 0 3.5 -.6576 1 0 3.5 0 0 5-16edge.dat
2 24 84.8334 0 -53.5 84.8334 -34.5042 -53.5
2 24 92.8334 0 -53.5 84.8334 0 -53.5
4 16 87.1667 -35.7787 -46.5 87.1667 0 -46.5 84.8334 0 -53.5 85.228 -37.6859 -52.3161
3 16 85.228 -37.6859 -52.3161 84.8334 0 -53.5 84.8334 -34.5042 -53.5
2 24 96.0671 -34.8694 -51.3394 95.4143 -34.6859 -52.3161
2 24 95.3083 -34.6615 -52.4748 95.4143 -34.6859 -52.3161
2 24 95.3083 -34.6615 -52.4748 94.1729 -34.5451 -53.2336
2 24 94.1729 -34.5451 -53.2336 92.8334 -34.5042 -53.5

4 16 86.1667 0 -66.5 80.5 0 -66.5 80.5 -32.509 -66.5 86.1667 -32.5 -66.5
1 16 82.1667 -15.71735 -73.5 0 0 -4 -15.71735 0 0 0 1 0 rect3.dat
1 16 86.1667 0 -70 0 0 3.5 0 -32.5 0 -3.5 0 0 2-4cyli.dat
1 16 86.1667 0 -70 0 0 3.5 0 1 0 -3.5 0 0 2-4edge.dat
1 16 86.1667 -31.9719 -70 0 0 3.5 .5327 1 0 -3.5 0 0 2-4edge.dat
2 24 86.1667 -32.5 -66.5 80.5 -32.509 -66.5
2 24 86.1667 0 -66.5 80.5 0 -66.5
2 24 80.5 0 -66.5 78.1667 0 -73.5
2 24 80.5 -32.509 -66.5 80.5 0 -66.5
4 16 80.5 0 -66.5 78.1667 0 -73.5 78.1667 -31.4347 -73.5 80.5 -32.509 -66.5

1 16 79.5 0 -90 0 0 3.5 0 -29.985 0 -3.5 0 0 2-4cyli.dat
1 16 79.5 0 -90 0 0 3.5 0 1 0 -3.5 0 0 2-4edge.dat
1 16 79.5 -29.6017 -90 0 0 3.5 .3832 1 0 -3.5 0 0 2-4edge.dat
3 16 73.8333 0 -86.5 73 0 -89 73.8333 -29.985 -86.5
4 16 71.5 -29.2185 -93.5 73.8333 -29.985 -86.5 73 0 -89 72 0 -92
3 16 71.5 -29.2185 -93.5 72 0 -92 71.5 0 -93.5
1 16 76.6667 -14.9925 -86.5 0 0 -2.83335 14.9925 0 0 0 -1 0 rect3.dat
1 16 75.5 -14.6093 -93.5 0 0 -4 -14.60925 0 0 0 1 0 rect2a.dat
2 24 71.5 0 -93.5 72 0 -92
2 24 71.5 0 -93.5 79.5 0 -93.5
2 24 73 0 -89 73.8333 0 -86.5

1 16 72.8334 0 -110 0 0 3.5 0 -28.2568 0 -3.5 0 0 2-4cyli.dat
1 16 72.8334 -.2089 -110 0 0 3.5 -.0731 1 0 -3.5 0 0 2-4edge.dat
1 16 72.8334 -28.0275 -110 0 0 3.5 .2293 1 0 -3.5 0 0 2-4edge.dat
1 16 70 -14.1963 -106.5 0 0 -2.83335 14.0605 0 0 0 -1 0 rect3.dat
1 16 68.8334 -14.0401 -113.5 0 0 -4 -13.7581 0 0 0 1 0 rect3.dat
4 16 64.8334 -.282 -113.5 64.8334 -27.7982 -113.5 67.1667 -28.2568 -106.5 67.1667 -.1358 -106.5

1 16 66.1667 -.5535 -130 0 0 3.5 0 -26.7652 0 -3.5 0 0 2-4cyli.dat
1 16 66.1667 -.62665 -130 0 0 3.5 -.0732 1 0 -3.5 0 0 2-4edge.dat
1 16 66.1667 -27.2424 -130 0 0 3.5 .0763 1 0 -3.5 0 0 2-4edge.dat
1 16 63.3334 -13.9361 -126.5 0 0 -2.83335 13.3826 0 0 0 -1 0 rect3.dat
4 16 60.5 -27.3187 -126.5 60.5 -.5535 -126.5 58.1667 -.6998 -133.5 58.1667 -27.1661 -133.5
4 16 66.1667 -27.1661 -133.5 58.1667 -27.1661 -133.5 58.1667 -.6998 -133.5 66.1667 -.6999 -133.5
2 24 58.1667 -.6998 -133.5 58.1667 -27.1661 -133.5
2 24 66.1667 -.6998 -133.5 58.1667 -.6998 -133.5
2 24 66.1667 -27.1661 -133.5 58.1667 -27.1661 -133.5

1 16 59.5 -1.0936 -150 0 0 3.5 0 -26.2247 0 -3.5 0 0 2-4cyli.dat
1 16 59.5 -1.201 -150 0 0 3.5 -.1074 1 0 -3.5 0 0 2-4edge.dat
1 16 59.5 -27.242 -150 0 0 3.5 -.0763 1 0 -3.5 0 0 2-4edge.dat
2 24 59.5 -1.3083 -153.5 51.5 -1.3083 -153.5
2 24 59.5 -27.3183 -153.5 51.5 -27.3183 -153.5
2 24 51.5 -1.3083 -153.5 51.5 -27.3183 -153.5
4 16 51.5 -1.3083 -153.5 51.5 -27.3183 -153.5 53.8333 -27.1657 -146.5 53.8333 -1.0936 -146.5
1 16 56.6667 -14.1297 -146.5 0 0 -2.83335 13.03605 0 0 0 -1 0 rect3.dat
4 16 51.5 -27.3183 -153.5 51.5 -1.3083 -153.5 59.5 -1.3084 -153.5 59.5 -27.3183 -153.5

1 16 52.8334 -1.7071 -170 0 0 3.5 0 -26.5484 0 -3.5 0 0 2-4cyli.dat
1 16 52.8334 -1.81445 -170 0 0 3.5 -.1074 1 0 -3.5 0 0 2-4edge.dat
1 16 52.8334 -28.0262 -170 0 0 3.5 -.2294 1 0 -3.5 0 0 2-4edge.dat
1 16 50 -14.75195 -166.5 0 0 -2.83335 13.04485 0 0 0 -1 0 rect3.dat
4 16 44.8334 -1.9218 -173.5 44.8334 -28.2555 -173.5 47.1667 -27.7968 -166.5 47.1667 -1.7071 -166.5
1 16 48.8334 -15.0887 -173.5 -4 0 0 0 0 13.16685 0 1 0 rect1.dat
2 24 44.8334 -1.9218 -173.5 52.8334 -1.9218 -173.5
2 24 44.8334 -28.2555 -173.5 52.8334 -28.2555 -173.5

1 16 46.1667 -2.4348 -190 0 0 3.5 0 -27.5652 0 -3.5 0 0 2-4cyli.dat
1 16 46.1667 -2.5802 -190 0 0 3.5 -.1454 1 0 -3.5 0 0 2-4edge.dat
1 16 46.1667 -29.60815 -190 0 0 3.5 -.3918 1 0 -3.5 0 0 2-4edge.dat
2 24 40.5 -29.2163 -186.5 40.5 -2.4348 -186.5
2 24 38.1667 -2.7256 -193.5 38.1667 -29.9827 -193.5
4 16 38.1667 -29.9827 -193.5 40.5 -29.2163 -186.5 40.5 -2.4348 -186.5 38.1667 -2.7256 -193.5
4 16 46.1667 -29.21635 -186.5 46.1667 -2.4348 -186.5 40.5 -2.4348 -186.5 40.5 -29.2163 -186.5
4 16 46.1667 -30 -193.5 38.1667 -29.9827 -193.5 38.1667 -2.7256 -193.5 46.1667 -2.7256 -193.5
2 24 38.1667 -2.7256 -193.5 46.1667 -2.7256 -193.5
2 24 46.1667 -2.4348 -186.5 40.5 -2.4348 -186.5
2 24 46.1667 -29.9827 -193.5 38.1667 -29.9827 -193.5
2 24 46.1667 -29.2163 -186.5 40.5 -29.2163 -186.5

1 16 39.5 -3.2658 -210 0 0 3.5 0 -29.2401 0 -3.5 0 0 2-4cyli.dat
1 16 39.5 -3.4112 -210 0 0 3.5 -.1454 1 0 -3.5 0 0 2-4edge.dat
1 16 39.5 -31.96875 -210 0 0 3.5 -.5372 1 0 -3.5 0 0 2-4edge.dat
2 24 39.5 -32.5059 -213.5 31.5 -32.5059 -213.5
2 24 31.5 -3.5566 -213.5 39.5 -3.5566 -213.5
1 16 36.66665 -17.3487 -206.5 0 0 -2.83335 14.0829 0 0 0 -1 0 rect3.dat
4 16 31.5 -3.5566 -213.5 31.5 -32.5059 -213.5 33.8333 -31.4316 -206.5 33.8333 -3.2658 -206.5
4 16 31.5 -32.5059 -213.5 31.5 -3.5566 -213.5 39.5 -3.5566 -213.5 39.5 -32.50595 -213.5
2 24 31.5 -32.5059 -213.5 31.5 -3.5566 -213.5

1 16 32.8334 -4.2102 -230 0 0 3.5 0 -31.5647 0 -3.5 0 0 2-4cyli.dat
1 16 32.8334 -4.3979 -230 0 0 3.5 -.1878 1 0 -3.5 0 0 2-4edge.dat
1 16 32.8334 -35.138 -230 0 0 3.5 -.6369 1 0 -3.5 0 0 2-4edge.dat
2 24 32.8334 -34.50107 -226.5 27.1667 -34.50107 -226.5
2 24 24.8334 -4.58695 -233.5 32.8334 -4.585689 -233.5
2 24 27.1667 -4.211048 -226.5 32.8334 -4.210186 -226.5
2 24 32.8334 -35.7749 -233.5 24.8333 -35.7749 -233.5
2 24 27.1667 -34.5011 -226.5 27.1667 -4.211048 -226.5
2 24 24.8333 -35.7749 -233.5 24.8334 -4.58695 -233.5
4 16 27.1667 -4.211048 -226.5 24.8334 -4.58695 -233.5 24.8333 -35.7749 -233.5 27.1667 -34.5011 -226.5
4 16 32.8334 -4.2102 -226.5 27.1667 -4.211048 -226.5 27.1667 -34.5011 -226.5 32.8334 -34.5011 -226.5
4 16 32.8334 -35.7749 -233.5 24.8333 -35.7749 -233.5 24.8334 -4.58695 -233.5 32.8334 -4.5857 -233.5

0 // Reeling Top
4 16 99.5 -37 -26.5 93.8333 -37 -26.5 96 -37 -20 114.6094 -37 -24.1481
3 16 111.8377 -37 -20 114.6094 -37 -24.1481 96 -37 -20
4 16 99.5 -37 -26.5 114.6094 -37 -24.1481 109.3333 -37 -40 99.5 -37 -33.5
4 16 99.5 -37 -33.5 109.3333 -37 -40 89.3333 -37 -40 91.5 -37 -33.5
2 24 89.3333 -37 -40 91.5 -37 -33.5
2 24 93.8333 -37 -26.5 96 -37 -20
2 24 109.3333 -37 -40 114.6094 -37 -24.1481
2 24 111.8377 -37 -20 96 -37 -20

4 16 92.8334 -35.7787 -46.5 87.1667 -35.7787 -46.5 89.3333 -37 -40 109.3333 -37 -40
4 16 92.8334 -35.7787 -46.5 109.3333 -37 -40 105.228 -34.6859 -52.3161 95.4143 -34.6859 -52.3161
4 16 92.8334 -34.5042 -53.5 95.4143 -34.6859 -52.3161 105.228 -34.6859 -52.3161 97.9675 -31.343 -74.0975
4 16 92.8334 -34.5042 -53.5 97.9675 -31.343 -74.0975 86.1667 -32.5046 -66.5 84.8334 -34.5042 -53.5
3 16 84.8334 -34.5042 -53.5 86.1667 -32.5046 -66.5 80.5 -32.509 -66.5
3 16 86.1667 -31.4392 -73.5 86.1667 -32.5046 -66.5 97.9675 -31.343 -74.0975
3 16 97.9675 -31.343 -74.0975 77.9675 -31.343 -74.0975 78.1667 -31.4347 -73.5
3 16 78.1667 -31.4347 -73.5 86.1667 -31.4392 -73.5 97.9675 -31.343 -74.0975
5 24 78.1667 -31.4347 -73.5 97.9675 -31.343 -74.0975 86.1667 -31.4392 -73.5 77.9675 -31.343 -74.0975
2 24 84.8334 -34.5042 -53.5 80.5 -32.509 -66.5
2 24 77.9675 -31.343 -74.0975 78.1667 -31.4347 -73.5
2 24 87.1667 -35.7787 -46.5 89.3333 -37 -40

4 16 79.5 -29.985 -86.5 73.8333 -29.985 -86.5 77.9675 -31.343 -74.0975 97.9675 -31.343 -74.0975
4 16 79.5 -29.985 -86.5 97.9675 -31.343 -74.0975 90.6671 -28.9449 -95.9986 79.5 -29.2185 -93.5
4 16 79.5 -29.2185 -93.5 90.6671 -28.9449 -95.9986 70.6671 -28.9449 -95.9986 71.5 -29.2185 -93.5
2 24 77.9675 -31.343 -74.0975 73.8333 -29.985 -86.5
2 24 70.6671 -28.9449 -95.9986 71.5 -29.2185 -93.5

4 16 72.8334 -28.2568 -106.5 67.1667 -28.2568 -106.5 70.6671 -28.9449 -95.9986 90.6671 -28.9449 -95.9986
4 16 63.3389 -27.5044 -117.9834 64.8334 -27.7982 -113.5 72.8334 -27.7982 -113.5 83.3389 -27.5044 -117.9834
4 16 83.3389 -27.5044 -117.9834 72.8334 -27.7982 -113.5 72.8334 -28.2568 -106.5 90.6671 -28.9449 -95.9986
2 24 70.6671 -28.9449 -95.9986 67.1667 -28.2568 -106.5
2 24 64.8334 -27.7982 -113.5 63.3389 -27.5044 -117.9834

4 16 66.1667 -27.3187 -126.5 60.5 -27.3187 -126.5 63.3389 -27.5044 -117.9834 83.3389 -27.5044 -117.9834
4 16 66.1667 -27.1661 -133.5 66.1667 -27.3187 -126.5 83.3389 -27.5044 -117.9834 75.9966 -27.0242 -140.0102
4 16 66.1667 -27.1661 -133.5 75.9966 -27.0242 -140.0102 55.9966 -27.0242 -140.0102 58.1667 -27.1661 -133.5
2 24 63.3389 -27.5044 -117.9834 60.5 -27.3187 -126.5
2 24 58.1667 -27.1661 -133.5 55.9966 -27.0242 -140.0102

4 16 59.50005 -27.16575 -146.5 53.8333 -27.1657 -146.5 55.9966 -27.0242 -140.0102 75.9966 -27.0242 -140.0102
4 16 59.5 -27.3183 -153.5 59.5 -27.1657 -146.5 75.9966 -27.0242 -140.0102 68.6543 -27.5044 -162.037
4 16 59.5 -27.3183 -153.5 68.6543 -27.5044 -162.037 48.6543 -27.5044 -162.037 51.5 -27.3183 -153.5
2 24 53.8333 -27.1657 -146.5 55.9966 -27.0242 -140.0102
2 24 51.5 -27.3183 -153.5 48.6543 -27.5044 -162.037

4 16 41.3261 -28.9449 -184.0218 44.8334 -28.2555 -173.5 52.8334 -28.2556 -173.5 61.3261 -28.9449 -184.0218
4 16 61.3261 -28.9449 -184.0218 52.8334 -28.2556 -173.5 52.8334 -27.7968 -166.5 68.6543 -27.5044 -162.037
4 16 47.1667 -27.7968 -166.5 48.6543 -27.5044 -162.037 68.6543 -27.5044 -162.037 52.8334 -27.7968 -166.5
2 24 47.1667 -27.7968 -166.5 48.6543 -27.5044 -162.037
2 24 44.8334 -28.2555 -173.5 41.3261 -28.9449 -184.0218

4 16 40.5 -29.2163 -186.5 41.3261 -28.9449 -184.0218 61.3261 -28.9449 -184.0218 46.1667 -29.21635 -186.5
4 16 46.1667 -30 -193.5 46.1667 -29.21635 -186.5 61.3261 -28.9449 -184.0218 54.0257 -31.343 -205.9229
4 16 54.0257 -31.343 -205.9229 34.0257 -31.343 -205.9229 38.1667 -29.9827 -193.5 46.1667 -30 -193.5
2 24 40.5 -29.2163 -186.5 41.3261 -28.9449 -184.0218
2 24 38.1667 -29.9827 -193.5 34.0257 -31.343 -205.9229

4 16 39.5 -31.4316 -206.5 33.8333 -31.4316 -206.5 34.0257 -31.343 -205.9229 54.0257 -31.343 -205.9229
4 16 39.5 -32.506 -213.5 39.5 -31.4316 -206.5 54.0257 -31.343 -205.9229 46.7652 -34.6859 -227.7043
4 16 32.8334 -34.5011 -226.5 27.1667 -34.5011 -226.5 31.5 -32.5059 -213.5 39.5 -32.506 -213.5
4 16 46.7652 -34.6859 -227.7043 35.428 -34.6859 -227.7043 32.8334 -34.5011 -226.5 39.5 -32.506 -213.5
2 24 33.8333 -31.4316 -206.5 34.0257 -31.343 -205.9229
2 24 27.1667 -34.5011 -226.5 31.5 -32.5059 -213.5

4 16 24 -36.2446 -236 24.8333 -35.7749 -233.5 32.8334 -35.7749 -233.5 24 -37 -240
4 16 42.6667 -37 -240 24 -37 -240 32.8334 -35.7749 -233.5 46.7652 -34.6859 -227.7043
3 16 46.7652 -34.6859 -227.7043 32.8334 -35.7749 -233.5 35.427978 -34.6859 -227.7043
2 24 24 -36.2446 -236 24.8333 -35.7749 -233.5
2 24 24 -36.2446 -236 24 -37 -240
5 24 46.7652 -34.6859 -227.7043 35.427978 -34.6859 -227.7043 42.6667 -37 -240 54.0257 -31.343 -205.9229
5 24 54.0257 -31.343 -205.9229 34.0257 -31.343 -205.9229 46.7652 -34.6859 -227.7043 61.3261 -28.9449 -184.0218
5 24 61.3261 -28.9449 -184.0218 41.3261 -28.9449 -184.0218 54.0257 -31.343 -205.9229 68.6543 -27.5044 -162.037
5 24 68.6543 -27.5044 -162.037 48.6543 -27.5044 -162.037 61.3261 -28.9449 -184.0218 75.9966 -27.0242 -140.0102
5 24 75.9966 -27.0242 -140.0102 55.9966 -27.0242 -140.0102 68.6543 -27.5044 -162.037 83.3389 -27.5044 -117.9834
5 24 83.3389 -27.5044 -117.9834 63.3389 -27.5044 -117.9834 75.9966 -27.0242 -140.0102 90.6671 -28.9449 -95.9986
5 24 90.6671 -28.9449 -95.9986 70.6671 -28.9449 -95.9986 83.3389 -27.5044 -117.9834 97.9675 -31.343 -74.0975
5 24 97.9675 -31.343 -74.0975 86.1667 -31.4392 -73.5 90.6671 -28.9449 -95.9986 105.228 -34.6859 -52.3161
5 24 105.228 -34.6859 -52.3161 95.4143 -34.6859 -52.3161 97.9675 -31.343 -74.0975 109.3333 -37 -40
2 24 109.3333 -37 -40 89.3333 -37 -40
5 24 85.228 -37.6859 -52.3161 105.228 -37.6859 -52.3161 109.3333 -40 -40 97.9675 -34.343 -74.0975
5 24 77.9675 -34.343 -74.0975 97.9675 -34.343 -74.0975 105.228 -37.6859 -52.3161 90.6671 -31.9449 -95.9986
5 24 70.6671 -31.9449 -95.9986 90.6671 -31.9449 -95.9986 77.9675 -34.343 -74.0975 63.3389 -30.5044 -117.9834
5 24 63.3389 -30.5044 -117.9834 83.3389 -30.5044 -117.9834 90.6671 -31.9449 -95.9986 75.9966 -30.0242 -140.0102
5 24 55.9966 -30.0242 -140.0102 75.9966 -30.0242 -140.0102 83.3389 -30.5044 -117.9834 68.6543 -30.5044 -162.037
5 24 48.6543 -30.5044 -162.037 68.6543 -30.5044 -162.037 75.9966 -30.0242 -140.0102 61.3261 -31.9449 -184.0218
5 24 41.3261 -31.9449 -184.0218 61.3261 -31.9449 -184.0218 68.6543 -30.5044 -162.037 54.0257 -34.343 -205.9229
5 24 34.0257 -34.343 -205.9229 54.0257 -34.343 -205.9229 61.3261 -31.9449 -184.0218 46.7652 -37.6859 -227.7043
5 24 26.7652 -37.6859 -227.7043 46.7652 -37.6859 -227.7043 54.0257 -34.343 -205.9229 42.6667 -40 -240

0 // Reeling Top Side
4 16 96 -40 -20 93.8333 -37 -26.5 91.5 -37 -33.5 89.3333 -40 -40
3 16 89.3333 -37 -40 89.3333 -40 -40 91.5 -37 -33.5
3 16 93.8333 -37 -26.5 96 -40 -20 96 -37 -20
4 16 89.3333 -40 -40 89.3333 -37 -40 87.1667 -35.7787 -46.5 85.228 -37.6859 -52.3161
4 16 77.9675 -34.343 -74.0975 85.228 -37.6859 -52.3161 84.8334 -34.5042 -53.5 77.9675 -31.343 -74.0975
3 16 77.9675 -34.343 -74.0975 77.9675 -31.343 -74.0975 73.8333 -29.985 -86.5
3 16 70.6671 -28.9449 -95.9986 70.6671 -31.9449 -95.9986 71.5 -29.21855 -93.5
4 16 73.8333 -29.985 -86.5 71.5 -29.21855 -93.5 70.6671 -31.9449 -95.9986 77.9675 -34.343 -74.0975
4 16 70.6671 -31.9449 -95.9986 67.1667 -28.2568 -106.5 64.8334 -27.7982 -113.5 63.3389 -30.5044 -117.9834
3 16 63.3389 -27.5044 -117.9834 63.3389 -30.5044 -117.9834 64.8334 -27.7982 -113.5
3 16 70.6671 -31.9449 -95.9986 70.6671 -28.9449 -95.9986 67.1667 -28.2568 -106.5
3 16 63.3389 -30.5044 -117.9834 63.3389 -27.5044 -117.9834 60.5 -27.3187 -126.5
3 16 55.9966 -27.0242 -140.0102 55.9966 -30.0242 -140.0102 58.1667 -27.1661 -133.5
4 16 60.5 -27.3187 -126.5 58.1667 -27.1661 -133.5 55.9966 -30.0242 -140.0102 63.3389 -30.5044 -117.9834
4 16 55.9966 -30.0242 -140.0102 53.8333 -27.1657 -146.5 51.5 -27.3183 -153.5 48.6543 -30.5044 -162.037
3 16 55.9966 -30.0242 -140.0102 55.9966 -27.0242 -140.0102 53.8333 -27.1657 -146.5
3 16 48.6543 -27.5044 -162.037 48.6543 -30.5044 -162.037 51.5 -27.3183 -153.5
3 16 48.6543 -30.5044 -162.037 48.6543 -27.5044 -162.037 47.1667 -27.7968 -166.5
3 16 44.8334 -28.2555 -173.5 41.3261 -28.9449 -184.0218 41.3261 -31.9449 -184.0218
4 16 47.1667 -27.7968 -166.5 44.8334 -28.2555 -173.5 41.3261 -31.9449 -184.0218 48.6543 -30.5044 -162.037
3 16 40.5 -29.2163 -186.5 41.3261 -31.9449 -184.0218 41.3261 -28.9449 -184.0218
3 16 38.1667 -29.9827 -193.5 34.0257 -31.343 -205.9229 34.0257 -34.343 -205.9229
3 16 33.8333 -31.4316 -206.5 34.0257 -34.343 -205.9229 34.0257 -31.343 -205.9229
4 16 41.3261 -31.9449 -184.0218 40.5 -29.2163 -186.5 38.1667 -29.9827 -193.5 34.0257 -34.343 -205.9229
4 16 34.0257 -34.343 -205.9229 33.8333 -31.4316 -206.5 31.5 -32.5059 -213.5 26.7652 -37.6859 -227.7043
3 16 27.1667 -34.5011 -226.5 26.7652 -37.6859 -227.7043 31.5 -32.5059 -213.5
3 16 26.7652 -37.6859 -227.7043 27.1667 -34.5011 -226.5 24.8333 -35.7749 -233.5
4 16 24 -39.2472 -236 26.7652 -37.6859 -227.7043 24.8333 -35.7749 -233.5 24 -36.2446 -236
2 24 24 -39.2472 -236 24 -36.2446 -236
4 16 24 -40 -240 24 -39.2472 -236 24 -36.2446 -236 24 -36.9962 -240
2 24 24 -39.2472 -236 26.7652 -37.6859 -227.7043
2 24 89.3333 -40 -40 85.228 -37.6859 -52.3161
2 24 34.0257 -34.343 -205.9229 26.7652 -37.6859 -227.7043
2 24 85.228 -37.6859 -52.3161 77.9675 -34.343 -74.0975
2 24 41.3261 -31.9449 -184.0218 48.6543 -30.5044 -162.037
2 24 34.0257 -34.343 -205.9229 41.3261 -31.9449 -184.0218
2 24 55.9966 -30.0242 -140.0102 63.3389 -30.5044 -117.9834
2 24 70.6671 -31.9449 -95.9986 63.3389 -30.5044 -117.9834
2 24 70.6671 -31.9449 -95.9986 77.9675 -34.343 -74.0975
2 24 48.6543 -30.5044 -162.037 55.9966 -30.0242 -140.0102
2 24 89.3333 -40 -40 96 -40 -20
2 24 24 -40 -240 24 -39.2472 -236

2 24 97.9675 -31.343 -74.0975 105.228 -34.6859 -52.3161
2 24 46.7652 -34.6859 -227.7043 54.0257 -31.343 -205.9229
2 24 109.3333 -37 -40 105.228 -34.6859 -52.3161
2 24 83.3389 -27.5044 -117.9834 90.6671 -28.9449 -95.9986
2 24 46.7652 -34.6859 -227.7043 42.6667 -37 -240
2 24 90.6671 -28.9449 -95.9986 97.9675 -31.343 -74.0975
2 24 68.6543 -27.5044 -162.037 61.3261 -28.9449 -184.0218
2 24 68.6543 -27.5044 -162.037 75.9966 -27.0242 -140.0102
2 24 83.3389 -27.5044 -117.9834 75.9966 -27.0242 -140.0102
2 24 61.3261 -28.9449 -184.0218 54.0257 -31.343 -205.9229
4 16 114.6094 -40 -24.1481 109.3333 -40 -40 109.3333 -37 -40 114.6094 -37 -24.1481
4 16 46.7652 -37.6859 -227.7043 42.6667 -40 -240 42.6667 -37 -240 46.7652 -34.6859 -227.7043
4 16 54.0257 -34.343 -205.9229 46.7652 -37.6859 -227.7043 46.7652 -34.6859 -227.7043 54.0257 -31.343 -205.9229
4 16 61.3261 -31.9449 -184.0218 54.0257 -34.343 -205.9229 54.0257 -31.343 -205.9229 61.3261 -28.9449 -184.0218
4 16 68.6543 -30.5044 -162.037 61.3261 -31.9449 -184.0218 61.3261 -28.9449 -184.0218 68.6543 -27.5044 -162.037
4 16 75.9966 -30.0242 -140.0102 68.6543 -30.5044 -162.037 68.6543 -27.5044 -162.037 75.9966 -27.0242 -140.0102
4 16 83.3389 -30.5044 -117.9834 75.9966 -30.0242 -140.0102 75.9966 -27.0242 -140.0102 83.3389 -27.5044 -117.9834
4 16 90.6671 -31.9449 -95.9986 83.3389 -30.5044 -117.9834 83.3389 -27.5044 -117.9834 90.6671 -28.9449 -95.9986
4 16 97.9675 -34.343 -74.0975 90.6671 -31.9449 -95.9986 90.6671 -28.9449 -95.9986 97.9675 -31.343 -74.0975
4 16 105.228 -37.6859 -52.3161 97.9675 -34.343 -74.0975 97.9675 -31.343 -74.0975 105.228 -34.6859 -52.3161
4 16 109.3333 -40 -40 105.228 -37.6859 -52.3161 105.228 -34.6859 -52.3161 109.3333 -37 -40
4 16 96 -37 -20 96 -40 -20 111.8377 -40 -20 111.8377 -37 -20
2 24 96 -40 -20 111.8377 -40 -20
2 24 46.7652 -37.6859 -227.7043 42.6667 -40 -240
2 24 105.228 -37.6859 -52.3161 109.3333 -40 -40
2 24 46.7652 -37.6859 -227.7043 54.0257 -34.343 -205.9229
2 24 97.9675 -34.343 -74.0975 105.228 -37.6859 -52.3161
2 24 61.3261 -31.9449 -184.0218 68.6543 -30.5044 -162.037
2 24 54.0257 -34.343 -205.9229 61.3261 -31.9449 -184.0218
2 24 83.3389 -30.5044 -117.9834 75.9966 -30.0242 -140.0102
2 24 83.3389 -30.5044 -117.9834 90.6671 -31.9449 -95.9986
2 24 97.9675 -34.343 -74.0975 90.6671 -31.9449 -95.9986
2 24 68.6543 -30.5044 -162.037 75.9966 -30.0242 -140.0102
2 24 114.6094 -40 -24.1481 109.3333 -40 -40
2 24 96 -40 -20 96 -37 -20

0 // Reeling Top
4 16 26.7652 -37.6859 -227.7043 24 -39.2472 -236 42.6667 -40 -240 46.7652 -37.6859 -227.7043
3 16 42.6667 -40 -240 24 -39.2472 -236 24 -40 -240
4 16 105.228 -37.6859 -52.3161 85.228 -37.6859 -52.3161 77.9675 -34.343 -74.0975 97.9675 -34.343 -74.0975
4 16 97.9675 -34.343 -74.0975 77.9675 -34.343 -74.0975 70.6671 -31.9449 -95.9986 90.6671 -31.9449 -95.9986
4 16 90.6671 -31.9449 -95.9986 70.6671 -31.9449 -95.9986 63.3389 -30.5044 -117.9834 83.3389 -30.5044 -117.9834
4 16 83.3389 -30.5044 -117.9834 63.3389 -30.5044 -117.9834 55.9966 -30.0242 -140.0102 75.9966 -30.0242 -140.0102
4 16 109.3333 -40 -40 89.3333 -40 -40 85.228 -37.6859 -52.3161 105.228 -37.6859 -52.3161
4 16 34.0257 -34.343 -205.9229 26.7652 -37.6859 -227.7043 46.7652 -37.6859 -227.7043 54.0257 -34.343 -205.9229
4 16 41.3261 -31.9449 -184.0218 34.0257 -34.343 -205.9229 54.0257 -34.343 -205.9229 61.3261 -31.9449 -184.0218
4 16 48.6543 -30.5044 -162.037 41.3261 -31.9449 -184.0218 61.3261 -31.9449 -184.0218 68.6543 -30.5044 -162.037
4 16 55.9966 -30.0242 -140.0102 48.6543 -30.5044 -162.037 68.6543 -30.5044 -162.037 75.9966 -30.0242 -140.0102
4 16 109.3333 -40 -40 114.6094 -40 -24.1481 96 -40 -20 89.3333 -40 -40
3 16 111.8377 -40 -20 96 -40 -20 114.6094 -40 -24.1481
2 24 109.3333 -40 -40 89.3333 -40 -40

1 16 111.8377 -40 -23 0 0 3 0 3 0 3 0 0 5-16cylo.dat
1 16 111.8377 -40 -23 0 0 3 0 1 0 3 0 0 5-16chrd.dat
1 16 111.8377 -37 -23 0 0 3 0 -1 0 3 0 0 5-16chrd.dat
5 24 114.6094 -37 -24.1481 114.6094 -40 -24.1481 114.8377 -37 -23 109.3333 -37 -40
