0 ~Duplo Semi-oval Bath Tub - Half
0 Name: s\4893s01.dat
0 Author: Peter Blomberg [WUIt]
0 !LDRAW_ORG Unofficial_Subpart
0 !LICENSE Licensed under CC BY 4.0 : see CAreadme.txt

0 BFC CERTIFY CCW

0 // top
1 16 55 5 20 5 0 0 0 0 -5 0 -160 0 1-4cyli.dat

0 // outside surfaces
1 16 0 10 -140 3 0 0 0 -1 0 0 0 -3 48\1-4ring19.dat
1 16 0 5 -140 3 0 0 0 -1 0 0 0 -3 48\1-4ring18.dat
1 16 27 21 -20 27 0 0 0 0 27 0 1 0 48\1-4ndis.dat
1 16 27 21 -20 27 0 0 0 0 27 0 1 0 48\1-4edge.dat
1 16 27 21 -20 27 0 0 0 0 27 0 -120 0 48\1-4cyli.dat
4 16 54 21 -140 54 21 -20 54 5 -20 54 5 -140
1 16 55.5 5 -80 1.5 0 0 0 -1 0 0 0 60 rect3.dat
4 16 57 5 -20 57 10 -20 57 10 -140 57 5 -140
1 16 58.5 10 -80 1.5 0 0 0 -1 0 0 0 60 rect3.dat
4 16 60 10 -140 60 10 -20 60 5 20 60 5 -140
4 16 60 5 20 60 10 -20 60 64 -20 60 64 20
4 16 57 10 -20 57 5 -20 54 5 -20 54 21 -20
4 16 54 21 -20 54 48 -20 60 64 -20 60 10 -20
3 16 57 10 -20 54 21 -20 60 10 -20
2 24 54 21 -20 54 5 -20
2 24 60 10 -20 60 64 -20
2 24 60 64 -20 60 64 20
2 24 57 10 -20 57 5 -20
4 16 20 64 -20 60 64 -20 54 48 -20 27 48 -20
3 16 20 48 -20 20 64 -20 27 48 -20
1 16 0 21 -140 27 0 0 0 27 0 0 0 -27 48\r04o1000.dat

0 // back
1 16 55 5 20 5 0 0 0 0 -5 0 1 0 1-4edge.dat
1 16 55 5 20 5 0 0 0 0 -5 0 -1 0 1-4chrd.dat

0 // inside tub
0 BFC INVERTNEXT
1 16 25 19 -28 25 0 0 0 0 25 0 -112 0 48\1-4cyli.dat
0 BFC INVERTNEXT
1 16 42 5 -28 8 0 0 0 14 0 0 0 8 1-4cyli.dat
0 BFC INVERTNEXT
1 16 42 0 -28 0 0 8 0 5 0 8 0 0 1-8cyli.dat
1 16 42 0 -28 0 0 8 0 1 0 8 0 0 1-8ndis.dat
1 16 42 0 -28 0 0 8 0 1 0 8 0 0 1-8edge.dat
4 16 50 5 -28 50 19 -28 50 19 -140 50 5 -140
1 16 55 5 -28 -5 0 0 0 0 -5 0 -112 0 1-4cyli.dat
0 BFC INVERTNEXT
1 16 0 19 -140 25 0 0 0 25 0 0 0 -25 48\r04o1000.dat
0 BFC INVERTNEXT
1 16 25 19 -28 17 0 0 0 0 17 0 17 0 48\tm04o4706.dat
1 16 25 19 -20 17 0 0 0 0 17 0 1 0 48\1-4chrd.dat
1 16 0 5 -140 55 0 0 0 -55 0 0 0 -55 48\tm04i0909.dat
1 16 0 5 -140 55 0 0 0 -55 0 0 0 -55 48\tm04o0909.dat

4 16 49.6195 1.8519 -24.9384 49.3912 3 -24.9384 50 5 -28 50.3805 3.0865 -28
4 16 49.6195 1.8519 -24.9384 50.3805 3.0865 -28 51.4645 1.4645 -28 50.2699 .8787 -24.9384
4 16 51.2431 .2283 -24.9384 50.2699 .8787 -24.9384 51.4645 1.4645 -28 53.0865 .3805 -28
4 16 52.3912 0 -24.9384 51.2431 .2283 -24.9384 53.0865 .3805 -28 55 0 -28
3 16 52.3912 0 -24.9384 47.6568 0 -22.3432 51.2431 .2283 -24.9384
3 16 51.2431 .2283 -24.9384 47.6568 0 -22.3432 50.2699 .8787 -24.9384
3 16 50.2699 .8787 -24.9384 47.6568 0 -22.3432 49.6195 1.8519 -24.9384
3 16 49.6195 1.8519 -24.9384 47.6568 0 -22.3432 49.3912 3 -24.9384
4 16 47.6568 5 -22.3432 49.3912 5 -24.9384 49.3912 3 -24.9384 47.6568 0 -22.3432
3 16 49.3912 3 -24.9384 49.3912 5 -24.9384 50 5 -28
3 16 50 0 -20 47.6568 0 -22.3432 52.3912 0 -24.9384
4 16 50 0 -20 52.3912 0 -24.9384 55 0 -28 55 0 20
3 16 50 0 -20 55 0 20 42 0 -20

0 // bottom
2 24 20 64 -20 60 64 -20
4 16 56 64 16 60 64 20 60 64 -20 56 64 -16
3 16 60 64 -20 20 64 -20 56 64 -16
3 16 56 64 -16 20 64 -20 16 64 -20
1 16 18 48 -70 0 0 2 0 16 0 50 0 0 box3u6.dat

0 // notches
1 16 54 4 0 0 0 -2 0 59 0 1.5 0 0 box4-1.dat
1 16 40 4 -14 1.5 0 0 0 59 0 0 0 2 box4-1.dat
1 16 40 4 14 1.5 0 0 0 59 0 0 0 -2 box4-1.dat

0 // underside reinforcements
1 16 20 4 -8.75 0 0 1.5 0 59 0 -7.25 0 0 box3u4p.dat
1 16 20 4 8.75 0 0 1.5 0 59 0 -7.25 0 0 box3u4p.dat
1 16 21.5 33.5 0 0 6.5 0 0 0 29.5 -1.5 0 0 box4-2p.dat
1 16 18.5 33.5 0 0 -6.5 0 0 0 29.5 -1.5 0 0 box4-2p.dat
2 24 18.5 63 -16 21.5 63 -16
2 24 18.5 63 16 21.5 63 16
4 16 18.5 63 -1.5 18.5 63 1.5 21.5 63 1.5 21.5 63 -1.5
1 16 8.75 48 -60 -7.25 0 0 0 15 0 0 0 1.5 box3u4p.dat
2 24 16 63 -61.5 16 63 -58.5
1 16 8.75 48 -100 -7.25 0 0 0 15 0 0 0 1.5 box3u4p.dat
2 24 16 63 -101.5 16 63 -98.5
1 16 14 48 -40 0 0 -2 0 15 0 1.5 0 0 box4-1.dat
1 16 14 48 -80 0 0 -2 0 15 0 1.5 0 0 box4-1.dat
1 16 14 48 -120 0 0 -2 0 15 0 1.5 0 0 box4-1.dat
2 24 1.5 63 -135.7017 0 63 -136
2 24 15.7017 63 -121.5 15.7017 48 -121.5
2 24 1.5 63 -135.7017 1.5 48 -135.7017
2 24 15.7017 63 -121.5 16 63 -120
2 24 27 48 -20 20 48 -20