0 ~Duplo Wall  1 x  8 x  6 Hinge on Left with Door Opening - Frame
0 Name: s\51261s01.dat
0 Author: Peter Blomberg [WUIt]
0 !LDRAW_ORG Unofficial_Subpart
0 !LICENSE Licensed under CC BY 4.0 : see CAreadme.txt

0 BFC CERTIFY CCW

0 // top
1 16 10 144 0 0 0 150 0 -144 0 20 0 0 box2-7.dat
1 16 -140 0 0 0 0 -20 0 1 0 20 0 0 2-4chrd.dat

0 // round side
1 16 -140 0 0 0 0 -20 0 4 0 20 0 0 2-4cylo.dat
1 16 -140 284 0 0 0 -20 0 4 0 20 0 0 2-4cylo.dat

0 // front
4 16 -140 0 -20 -140 4 -20 -130 48 -20 -120 4 -20
3 16 -140 4 -20 -140 48 -20 -130 48 -20
4 16 -130 48 -20 -130 240 -20 -120 264 -20 -120 4 -20
4 16 -120 264 -20 -130 240 -20 -140 240 -20 -140 284 -20

0 // bottom
0 BFC INVERTNEXT
1 16 139 288 0 17 0 0 0 -20 0 0 0 16 box5.dat
0 BFC INVERTNEXT
1 16 100 288 0 18 0 0 0 -20 0 0 0 16 box5.dat
1 16 100 268 14 1.5 0 0 0 19 0 0 0 -2 box4-1.dat
1 16 100 268 -14 1.5 0 0 0 19 0 0 0 2 box4-1.dat
1 16 85 268 0 0 0 3 0 19 0 1.5 0 0 box4-1.dat
1 16 115 268 0 0 0 -3 0 19 0 1.5 0 0 box4-1.dat
0 BFC INVERTNEXT
1 16 -100 288 0 18 0 0 0 -20 0 0 0 16 box5.dat
1 16 -100 268 14 1.5 0 0 0 19 0 0 0 -2 box4-1.dat
1 16 -100 268 -14 1.5 0 0 0 19 0 0 0 2 box4-1.dat
1 16 -115 268 0 0 0 3 0 19 0 1.5 0 0 box4-1.dat
1 16 -85 268 0 0 0 -3 0 19 0 1.5 0 0 box4-1.dat
2 24 -130 268 -16 -122 268 -16
2 24 -130 268 -12 -130 268 -16
2 24 -130 268 -12 -140 268 -12
2 24 -122 268 16 -140 268 16
2 24 -122 268 -16 -122 268 16
4 16 -130 268 -16 -130 268 -12 -122 268 16 -122 268 -16
3 16 -122 268 16 -130 268 -12 -140 268 -12
4 16 -140 268 -12 -148.4852 268 8.4852 -140 268 16 -122 268 16
2 24 -130 288 -16 -122 288 -16
2 24 -122 288 16 -140 288 16
4 16 -122 288 16 -122 268 16 -140 268 16 -140 288 16
2 24 -122 268 16 -122 288 16
2 24 -122 268 -16 -122 288 -16
2 24 -122 288 -16 -122 288 16
4 16 -122 288 -16 -122 268 -16 -122 268 16 -122 288 16
0 BFC INVERTNEXT
1 16 -140 288 0 0 0 -12 0 -20 0 -12 0 0 3-8cylo.dat
1 16 -140 268 0 0 0 -12 0 -1 0 -12 0 0 3-8chrd.dat
0 BFC INVERTNEXT
1 16 -140 288 0 0 0 -16 0 -20 0 16 0 0 1-8cylo.dat
4 16 -151.3136 268 11.3136 -146.1232 268 14.7824 -140 268 16 -148.4852 268 8.4852
4 16 156 288 -16 156 288 16 160 288 20 160 288 -20
4 16 122 288 16 122 288 -16 118 288 -16 118 288 16
4 16 82 288 16 82 288 -16 78 288 -16 78 288 16
4 16 42 288 16 42 288 -16 38 288 -16 38 288 16
4 16 2 288 16 2 288 -16 -2 288 -16 -2 288 16
4 16 -118 288 -16 -122 288 -16 -122 288 16 -118 288 16
4 16 -78 288 -16 -82 288 -16 -82 288 16 -78 288 16
4 16 -38 288 -16 -42 288 -16 -42 288 16 -38 288 16
3 16 122 288 -16 156 288 -16 160 288 -20
3 16 156 288 16 122 288 16 160 288 20
4 16 -140 288 20 160 288 20 122 288 16 -122 288 16
4 16 122 288 -16 160 288 -20 -140 288 -20 -130 288 -16
3 16 -140 288 16 -140 288 20 -122 288 16
4 16 -140 288 -20 -140 288 -12 -130 288 -12 -130 288 -16
1 16 -140 288 0 0 0 -4 0 -1 0 4 0 0 2-4ring4.dat
1 16 -140 288 0 0 0 -4 0 -1 0 -4 0 0 3-8ring3.dat
4 16 -130 268 -16 -130 288 -16 -130 288 -12 -130 268 -12
4 16 -140 288 -12 -140 268 -12 -130 268 -12 -130 288 -12
4 16 -130 288 -16 -130 268 -16 -122 268 -16 -122 288 -16
2 24 -151.3136 288 11.3136 -148.4852 288 8.4852
2 24 -151.3136 268 11.3136 -148.4852 268 8.4852
2 24 -130 268 -16 -130 288 -16
2 24 -130 268 -12 -130 288 -12
2 24 -151.3136 288 11.3136 -151.3136 268 11.3136
2 24 -148.4852 268 8.4852 -148.4852 288 8.4852
4 16 -151.3136 288 11.3136 -151.3136 268 11.3136 -148.4852 268 8.4852 -148.4852 288 8.4852

0 // notches
1 16 154 268 0 0 0 -2 0 19 0 1.5 0 0 box4-1.dat
1 16 140 268 14 1.5 0 0 0 19 0 0 0 -2 box4-1.dat
1 16 -140 268 14 1.5 0 0 0 19 0 0 0 -2 box4-1.dat
1 16 140 268 -14 1.5 0 0 0 19 0 0 0 2 box4-1.dat
1 16 125 268 0 0 0 3 0 19 0 1.5 0 0 box4-1.dat
1 16 -125 268 0 0 0 -3 0 19 0 1.5 0 0 box4-1.dat

0 // bottom hinge
2 24 -130 240 -20 -140 240 -20
2 24 -140 240 -20 -140 240 -14
2 24 -140 240 -14 -144 240 -14
2 24 -144 240 -14 -144 240 -15.2046
2 24 -146.1232 240 -14.7824 -144 240 -15.2046
2 24 -156 240 0 -156 240 3
2 24 -156 240 3 -153 240 3
2 24 -153 240 7 -153 240 3
1 16 -140 240 7 0 0 -13 0 4 0 13 0 0 1-4cylo.dat
1 16 -140 240 0 0 0 20 0 4 0 20 0 0 1-4cylo.dat
2 24 -128 240 -16 -130 240 -18
2 24 -130 240 -20 -130 240 -18
1 16 -140 239 0 0 0 6.3 0 1 0 6.3 0 0 4-4cylc.dat
2 24 -140 240 -20 -140 284 -20
2 24 -140 240 -14 -140 284 -14
2 24 -144 240 -14 -144 284 -14
2 24 -144 240 -15.2046 -144 284 -15.2046
2 24 -156 240 3 -156 284 3
2 24 -153 240 3 -153 284 3
2 24 -153 244 7 -153 264 7
1 16 -140 240 0 -16 0 0 0 44 0 0 0 -16 3-16cylo.dat
1 16 -140 284 0 -4 0 0 0 1 0 0 0 -4 3-16ring4.dat
2 24 -153 264 11 -153 264 7
1 16 -140 264 0 0 0 -20 0 24 0 20 0 0 1-16cylo.dat
1 16 -134.74761 264 11 -18.25239 0 0 0 20 0 0 0 10.57549 1-8cylo.dat
2 24 -153 284 11 -153 284 3
4 16 -153 264 11 -153 284 11 -153 284 3 -153 264 7
4 16 -153 284 3 -153 240 3 -153 244 7 -153 264 7
3 16 -153 244 7 -153 240 3 -153 240 7
4 16 -153 284 3 -156 284 3 -156 240 3 -153 240 3
4 16 -156 284 3 -156 284 0 -156 240 0 -156 240 3
4 16 -146.1232 240 -14.7824 -146.1232 284 -14.7824 -144 284 -15.2046 -144 240 -15.2046
4 16 -144 284 -15.2046 -144 284 -14 -144 240 -14 -144 240 -15.2046
4 16 -144 284 -14 -140 284 -14 -140 240 -14 -144 240 -14
4 16 -140 284 -14 -140 284 -20 -140 240 -20 -140 240 -14

2 24 -153 244 7 -150 244 7
2 24 -150 244 7 -150 244 0
2 24 -150 264 7 -150 244 7
2 24 -153 264 7 -150 264 7
2 24 -150 264 7 -150 264 0
4 16 -150 244 7 -150 264 7 -153 264 7 -153 244 7
4 16 -150 264 0 -150 264 7 -150 244 7 -150 244 0
0 BFC INVERTNEXT
1 16 -140 244 0 0 0 -10 0 20 0 -10 0 0 1-4cylo.dat
2 24 -140 264 -10 -136 264 -10
2 24 -136 264 -10 -136 264 -16
2 24 -124 264 -16 -136 264 -16
2 24 -124 264 -16 -124 244 -16
2 24 -140 244 -10 -136 244 -10
2 24 -136 244 -10 -136 244 -16
2 24 -124 244 -16 -136 244 -16
2 24 -136 264 -10 -136 244 -10
2 24 -136 264 -16 -136 244 -16
4 16 -140 264 -10 -140 244 -10 -136 244 -10 -136 264 -10
4 16 -136 264 -10 -136 244 -10 -136 244 -16 -136 264 -16
4 16 -136 244 -16 -124 244 -16 -124 264 -16 -136 264 -16
2 24 -140 264 20 156 264 20

4 16 -147.654 284 -18.478 -140 284 -20 -144 284 -15.2046 -146.1232 284 -14.7824
4 16 -144 284 -15.2046 -140 284 -20 -140 284 -14 -144 284 -14
2 24 -140 284 -20 -140 284 -14
2 24 -140 284 -14 -144 284 -14
2 24 -144 284 -15.2046 -144 284 -14
2 24 -144 284 -15.2046 -146.1232 284 -14.7824

0 // surface at 288-24 = 264
4 16 -136 264 -10 -136 264 -16 -124 264 -16 -124 264 -12
1 16 -140 264 0 0 0 -10 0 1 0 -10 0 0 1-4chrd.dat
4 16 -140 264 -10 -136 264 -10 -150 264 7 -150 264 0
4 16 -153 264 11 -153 264 7 -150 264 7 -151.611 264 15.0472
4 16 -147.6539 264 18.4779 -151.611 264 15.0472 -150 264 7 -140 264 20
4 16 -150 264 7 -136 264 -10 -124 264 -12 -140 264 20
4 16 -140 264 20 -124 264 -12 -113.5 264 -12 -113.5 264 16

0 // inverted surface at 244
1 16 -140 244 7 0 0 -13 0 -1 0 13 0 0 1-4chrd.dat
1 16 -140 244 0 0 0 20 0 -1 0 20 0 0 1-4chrd.dat
1 16 -140 244 0 0 0 -10 0 -1 0 -10 0 0 1-4chrd.dat
3 16 -150 244 7 -153 244 7 -140 244 20
4 16 -136 244 -10 -140 244 -10 -150 244 0 -150 244 7
4 16 -124 244 -16 -136 244 -16 -136 244 -10 -124 244 -12
4 16 -120 244 0 -136 244 -10 -150 244 7 -140 244 20
4 16 -120 244 -12 -124 244 -12 -136 244 -10 -120 244 0

0 // surface at 240
1 16 -140 240 7 0 0 -13 0 1 0 13 0 0 1-4chrd.dat
1 16 -140 240 0 0 0 20 0 1 0 20 0 0 1-4chrd.dat
1 16 -140 240 0 -16 0 0 0 1 0 0 0 -16 3-16chrd.dat
4 16 -140 240 -14 -140 240 -20 -130 240 -20 -130 240 -18
4 16 -124 240 -12 -120 240 -12 -120 240 0 -140 240 20
4 16 -146.1232 240 -14.7824 -144 240 -15.2046 -144 240 -14 -156 240 0
4 16 -156 240 0 -144 240 -14 -140 240 -14 -156 240 3
4 16 -156 240 3 -140 240 -14 -130 240 -18 -153 240 3
4 16 -153 240 3 -130 240 -18 -128 240 -16 -153 240 7
3 16 -153 240 7 -128 240 -16 -140 240 20

0 // perpendicular surfaces near hinge
2 24 -130 240 -18 -130 48 -18
2 24 -130 240 -20 -130 48 -20
4 16 -130 48 -18 -128 48 -16 -128 240 -16 -130 240 -18
4 16 -130 240 -20 -130 48 -20 -130 48 -18 -130 240 -18

0 // vertical supports
0 BFC INVERTNEXT
1 16 -113.5 252 16 0 3 0 0 0 12 -12 0 0 1-4cylo.dat
1 16 -110.5 252 16 0 -1 0 0 0 12 -12 0 0 1-4ndis.dat
1 16 -113.5 252 16 0 1 0 0 0 12 -12 0 0 1-4ndis.dat
3 16 -110.5 264 4 -110.5 252 4 -110.5 264 -12
3 16 -113.5 252 4 -113.5 264 4 -113.5 264 -12
2 24 -110.5 264 16 -110.5 264 -12
2 24 -113.5 264 16 -113.5 264 -12
0 BFC INVERTNEXT
1 16 -113.5 16 16 0 3 0 0 0 -12 -12 0 0 1-4cylo.dat
1 16 -110.5 16 16 0 -1 0 0 0 -12 -12 0 0 1-4ndis.dat
1 16 -113.5 16 16 0 1 0 0 0 -12 -12 0 0 1-4ndis.dat
3 16 -110.5 16 4 -110.5 4 4 -110.5 4 -12
3 16 -113.5 4 4 -113.5 16 4 -113.5 4 -12
2 24 -110.5 4 16 -110.5 4 -12
2 24 -113.5 4 16 -113.5 4 -12

4 16 -110.5 252 4 -110.5 16 4 -110.5 4 -12 -110.5 264 -12
4 16 -113.5 4 -12 -113.5 16 4 -113.5 252 4 -113.5 264 -12
4 16 -113.5 16 4 -110.5 16 4 -110.5 252 4 -113.5 252 4

0 // back
4 16 156 4 20 -140 4 20 -140 0 20 160 0 20
4 16 156 264 20 156 4 20 160 0 20 160 288 20
4 16 -140 288 20 -140 264 20 156 264 20 160 288 20

0 // upper hinge
2 24 -130 48 -20 -140 48 -20
2 24 -140 48 -20 -140 48 -14
2 24 -140 48 -14 -144 48 -14
2 24 -144 48 -14 -144 48 -15.2046
2 24 -146.1232 48 -14.7824 -144 48 -15.2046
2 24 -156 48 0 -156 48 3
2 24 -156 48 3 -153 48 3
2 24 -153 48 7 -153 48 3
1 16 -140 48 7 0 0 -13 0 -4 0 13 0 0 1-4cylo.dat
1 16 -140 48 0 0 0 20 0 -4 0 20 0 0 1-4cylo.dat
2 24 -128 48 -16 -130 48 -18
2 24 -130 48 -20 -130 48 -18
1 16 -140 49 0 0 0 6.3 0 -1 0 6.3 0 0 4-4cylc.dat
2 24 -140 48 -20 -140 4 -20
2 24 -140 48 -14 -140 4 -14
2 24 -144 48 -14 -144 4 -14
2 24 -144 48 -15.2046 -144 4 -15.2046
2 24 -156 48 3 -156 4 3
2 24 -153 48 3 -153 4 3
2 24 -153 44 7 -153 4 7
1 16 -140 48 0 -16 0 0 0 -44 0 0 0 -16 3-16cylo.dat
1 16 -140 4 0 -4 0 0 0 -1 0 0 0 -4 3-16ring4.dat
2 24 -153 4 7 -153 4 3
4 16 -153 44 7 -153 48 3 -153 4 3 -153 4 7
3 16 -153 48 3 -153 44 7 -153 48 7
4 16 -156 48 3 -156 4 3 -153 4 3 -153 48 3
4 16 -156 48 0 -156 4 0 -156 4 3 -156 48 3
4 16 -144 4 -15.2046 -146.1232 4 -14.7824 -146.1232 48 -14.7824 -144 48 -15.2046
4 16 -144 48 -14 -144 4 -14 -144 4 -15.2046 -144 48 -15.2046
4 16 -140 48 -14 -140 4 -14 -144 4 -14 -144 48 -14
4 16 -140 48 -20 -140 4 -20 -140 4 -14 -140 48 -14
2 24 -153 44 7 -150 44 7
2 24 -150 44 7 -150 44 0
2 24 -150 4 7 -150 44 7
2 24 -153 4 7 -150 4 7
2 24 -150 4 7 -150 4 0
4 16 -153 4 7 -150 4 7 -150 44 7 -153 44 7
4 16 -150 44 7 -150 4 7 -150 4 0 -150 44 0
0 BFC INVERTNEXT
1 16 -140 44 0 0 0 -10 0 -40 0 -10 0 0 1-4cylo.dat
2 24 -140 4 -10 -136 4 -10
2 24 -136 4 -10 -136 4 -16
2 24 -124 4 -16 -136 4 -16
2 24 -124 4 -16 -124 44 -16
2 24 -140 44 -10 -136 44 -10
2 24 -136 44 -10 -136 44 -16
2 24 -124 44 -16 -136 44 -16
2 24 -136 4 -10 -136 44 -10
2 24 -136 4 -16 -136 44 -16
4 16 -136 44 -10 -140 44 -10 -140 4 -10 -136 4 -10
4 16 -136 44 -16 -136 44 -10 -136 4 -10 -136 4 -16
4 16 -124 4 -16 -124 44 -16 -136 44 -16 -136 4 -16
4 16 -144 4 -15.2046 -140 4 -20 -147.654 4 -18.478 -146.1232 4 -14.7824
4 16 -140 4 -14 -140 4 -20 -144 4 -15.2046 -144 4 -14
2 24 -140 4 -20 -140 4 -14
2 24 -140 4 -14 -144 4 -14
2 24 -144 4 -15.2046 -144 4 -14
2 24 -144 4 -15.2046 -146.1232 4 -14.7824
0 // inverted surface at 44
1 16 -140 44 7 0 0 -13 0 1 0 13 0 0 1-4chrd.dat
1 16 -140 44 0 0 0 20 0 1 0 20 0 0 1-4chrd.dat
1 16 -140 44 0 0 0 -10 0 1 0 -10 0 0 1-4chrd.dat
3 16 -153 44 7 -150 44 7 -140 44 20
4 16 -150 44 0 -140 44 -10 -136 44 -10 -150 44 7
4 16 -136 44 -10 -136 44 -16 -124 44 -16 -124 44 -12
4 16 -150 44 7 -136 44 -10 -120 44 0 -140 44 20
4 16 -136 44 -10 -124 44 -12 -120 44 -12 -120 44 0
0 // surface at 48
1 16 -140 48 7 0 0 -13 0 -1 0 13 0 0 1-4chrd.dat
1 16 -140 48 0 0 0 20 0 -1 0 20 0 0 1-4chrd.dat
1 16 -140 48 0 -16 0 0 0 -1 0 0 0 -16 3-16chrd.dat
4 16 -130 48 -20 -140 48 -20 -140 48 -14 -130 48 -18
4 16 -120 48 0 -120 48 -12 -124 48 -12 -140 48 20
4 16 -144 48 -14 -144 48 -15.2046 -146.1232 48 -14.7824 -156 48 0
4 16 -140 48 -14 -144 48 -14 -156 48 0 -156 48 3
4 16 -130 48 -18 -140 48 -14 -156 48 3 -153 48 3
4 16 -128 48 -16 -130 48 -18 -153 48 3 -153 48 7
3 16 -128 48 -16 -153 48 7 -140 48 20

2 24 -156 4 0 -156 4 3
2 24 -153 4 3 -156 4 3
4 16 -156 4 3 -156 4 0 -160 4 0 -158.478 4 7.654
4 16 -153 4 3 -156 4 3 -158.478 4 7.654 -153 4 7
4 16 -150 4 7 -153 4 7 -158.478 4 7.654 -154.142 4 14.142
1 16 -140 4 0 0 0 -10 0 -1 0 -10 0 0 1-4chrd.dat
4 16 -150 4 7 -136 4 -10 -140 4 -10 -150 4 0
4 16 -113.5 4 -12 -124 4 -12 -140 4 20 -113.5 4 4
4 16 -124 4 -16 -136 4 -16 -136 4 -10 -124 4 -12
4 16 -150 4 7 -154.142 4 14.142 -147.654 4 18.478 -140 4 20
4 16 -150 4 7 -140 4 20 -124 4 -12 -136 4 -10
3 16 -113.5 4 4 -140 4 20 -113.5 4 16

2 24 160 288 20 160 288 -20
2 24 160 288 -20 -140 288 -20
2 24 160 288 20 -140 288 20
2 24 -130 288 -16 -130 288 -12
2 24 -130 288 -12 -140 288 -12
2 24 -113.5 16 4 -113.5 252 4
4 16 -160 284 0 -156 284 0 -156 284 3 -158.478 284 7.654
4 16 -158.478 284 7.654 -156 284 3 -153 284 3 -153 284 7
4 16 -154.142 284 14.142 -158.478 284 7.654 -153 284 7 -153 284 11
3 16 -154.142 284 14.142 -153 284 11 -151.611 284 15.0472
3 16 -154.142 284 14.142 -151.611 284 15.0472 -147.654 284 18.478
2 24 -156 284 3 -156 284 0

0 // other
2 24 -120 264 -20 -120 4 -20
2 24 156 264 20 156 4 20
2 24 156 4 20 -140 4 20
2 24 -110.5 16 4 -110.5 252 4