0 ~Duplo Wall  1 x  8 x  6 with Castle Window and Hinge on Right - Frame
0 Name: s\51697s01.dat
0 Author: Peter Blomberg [WUIt]
0 !LDRAW_ORG Unofficial_Subpart
0 !LICENSE Licensed under CC BY 4.0 : see CAreadme.txt

0 BFC CERTIFY CCW

0 // top
1 16 -23 144 0 0 0 -137 0 -144 0 -20 0 0 box2-7.dat
2 24 128 0 -20 -160 0 -20
2 24 120 0 14 120 0 -6
1 16 114 0 14 6 0 0 0 4 0 0 0 6 1-4cylo.dat
1 16 114 0 14 6 0 0 0 1 0 0 0 6 1-4chrd.dat
4 16 120 0 -6 120 0 14 114 0 20 114 0 -20
4 16 114 0 -20 128 0 -20 128 0 -18 122 0 -12
3 16 122 0 -12 120 0 -6 114 0 -20

0 // bottom
0 BFC INVERTNEXT
1 16 -139 288 0 -17 0 0 0 -20 0 0 0 -16 box5.dat
0 BFC INVERTNEXT
1 16 -100 288 0 -18 0 0 0 -20 0 0 0 -16 box5.dat
0 BFC INVERTNEXT
1 16 -60 288 0 -18 0 0 0 -20 0 0 0 -16 box5.dat
0 BFC INVERTNEXT
1 16 -20 288 0 -18 0 0 0 -20 0 0 0 -16 box5.dat
0 BFC INVERTNEXT
1 16 20 288 0 -18 0 0 0 -20 0 0 0 -16 box5.dat
0 BFC INVERTNEXT
1 16 60 288 0 -18 0 0 0 -20 0 0 0 -16 box5.dat
2 24 82 268 -16 120 268 -16
2 24 116 268 -6 116 268 16
2 24 116 268 16 82 268 16
2 24 82 268 16 82 268 -16
2 24 82 288 -16 120 288 -16
2 24 116 288 -6 116 288 16
2 24 116 288 16 82 288 16
2 24 82 288 16 82 288 -16
2 24 82 288 -16 82 268 -16
2 24 120 288 -16 120 268 -16
2 24 82 288 16 82 268 16
2 24 116 288 16 116 268 16
4 16 116 268 -6 82 268 -16 82 268 16 116 268 16
4 16 120 268 -16 120 288 -16 82 288 -16 82 268 -16
4 16 116 268 16 116 288 16 116 288 -6 116 268 -6
4 16 82 268 16 82 288 16 116 288 16 116 268 16
4 16 82 268 -16 82 288 -16 82 288 16 82 268 16
3 16 120 268 -16 82 268 -16 118 268 -12
3 16 82 268 -16 116 268 -6 118 268 -12
2 24 120 268 -16 118 268 -12
4 16 116 288 -6 118 288 -12 118 268 -12 116 268 -6
4 16 120 288 -16 120 268 -16 118 268 -12 118 288 -12
5 24 118 288 -12 118 268 -12 116 268 -6 120 268 -16
5 24 116 288 -6 116 268 -6 116 268 16 118 268 -12
4 16 -156 288 16 -156 288 -16 -160 288 -20 -160 288 20
4 16 -122 288 -16 -122 288 16 -118 288 16 -118 288 -16
4 16 -82 288 -16 -82 288 16 -78 288 16 -78 288 -16
4 16 -42 288 -16 -42 288 16 -38 288 16 -38 288 -16
4 16 -2 288 -16 -2 288 16 2 288 16 2 288 -16
4 16 78 288 16 82 288 16 82 288 -16 78 288 -16
4 16 38 288 16 42 288 16 42 288 -16 38 288 -16
3 16 -122 288 16 -156 288 16 -160 288 20
3 16 -156 288 -16 -122 288 -16 -160 288 -20
4 16 128 288 -20 -160 288 -20 -122 288 -16 120 288 -16
4 16 -122 288 16 -160 288 20 120 288 20 116 288 16
2 24 118 268 -12 116 268 -6
2 24 118 288 -12 116 288 -6
2 24 120 288 -16 118 288 -12
4 16 120 288 20 120 288 -6 116 288 -6 116 288 16
4 16 122 288 -12 128 288 -18 128 288 -20 120 288 -16
3 16 122 288 -12 120 288 -16 118 288 -12
4 16 122 288 -12 118 288 -12 116 288 -6 120 288 -6

0 // notches
1 16 -154 268 0 0 0 2 0 19 0 -1.5 0 0 box4-1.dat
1 16 -140 268 -14 -1.5 0 0 0 19 0 0 0 2 box4-1.dat
1 16 -100 268 -14 -1.5 0 0 0 19 0 0 0 2 box4-1.dat
1 16 -60 268 -14 -1.5 0 0 0 19 0 0 0 2 box4-1.dat
1 16 -20 268 -14 -1.5 0 0 0 19 0 0 0 2 box4-1.dat
1 16 20 268 -14 -1.5 0 0 0 19 0 0 0 2 box4-1.dat
1 16 60 268 -14 -1.5 0 0 0 19 0 0 0 2 box4-1.dat
1 16 100 268 -14 -1.5 0 0 0 19 0 0 0 2 box4-1.dat
1 16 -140 268 14 -1.5 0 0 0 19 0 0 0 -2 box4-1.dat
1 16 -100 268 14 -1.5 0 0 0 19 0 0 0 -2 box4-1.dat
1 16 -60 268 14 -1.5 0 0 0 19 0 0 0 -2 box4-1.dat
1 16 -20 268 14 -1.5 0 0 0 19 0 0 0 -2 box4-1.dat
1 16 20 268 14 -1.5 0 0 0 19 0 0 0 -2 box4-1.dat
1 16 60 268 14 -1.5 0 0 0 19 0 0 0 -2 box4-1.dat
1 16 100 268 14 -1.5 0 0 0 19 0 0 0 -2 box4-1.dat
1 16 -125 268 0 0 0 -3 0 19 0 -1.5 0 0 box4-1.dat
1 16 -85 268 0 0 0 -3 0 19 0 -1.5 0 0 box4-1.dat
1 16 -45 268 0 0 0 -3 0 19 0 -1.5 0 0 box4-1.dat
1 16 -5 268 0 0 0 -3 0 19 0 -1.5 0 0 box4-1.dat
1 16 35 268 0 0 0 -3 0 19 0 -1.5 0 0 box4-1.dat
1 16 75 268 0 0 0 -3 0 19 0 -1.5 0 0 box4-1.dat
1 16 114 268 0 0 0 -2 0 19 0 -1.5 0 0 box4-1.dat
1 16 -115 268 0 0 0 3 0 19 0 -1.5 0 0 box4-1.dat
1 16 -75 268 0 0 0 3 0 19 0 -1.5 0 0 box4-1.dat
1 16 -35 268 0 0 0 3 0 19 0 -1.5 0 0 box4-1.dat
1 16 5 268 0 0 0 3 0 19 0 -1.5 0 0 box4-1.dat
1 16 45 268 0 0 0 3 0 19 0 -1.5 0 0 box4-1.dat
1 16 85 268 0 0 0 3 0 19 0 -1.5 0 0 box4-1.dat

0 // inner box
4 16 114 4 20 120 4 14 120 4 -6 114 4 -12
3 16 114 4 -12 120 4 -6 122 4 -12
2 24 114 4 -12 122 4 -12
1 16 114 4 14 6 0 0 0 -1 0 0 0 6 1-4chrd.dat
4 16 120 53 -12 120 235 -12 113.5 264 -12 113.5 4 -12

0 // vertical support
0 BFC INVERTNEXT
1 16 113.5 252 16 0 -3 0 0 0 12 -12 0 0 1-4cylo.dat
1 16 110.5 252 16 0 1 0 0 0 12 -12 0 0 1-4ndis.dat
1 16 113.5 252 16 0 -1 0 0 0 12 -12 0 0 1-4ndis.dat
3 16 110.5 252 4 110.5 264 4 110.5 264 -12
3 16 113.5 264 4 113.5 252 4 113.5 264 -12
2 24 110.5 264 16 110.5 264 -12
2 24 113.5 264 16 113.5 264 -12
0 BFC INVERTNEXT
1 16 113.5 16 16 0 -3 0 0 0 -12 -12 0 0 1-4cylo.dat
1 16 110.5 16 16 0 1 0 0 0 -12 -12 0 0 1-4ndis.dat
1 16 113.5 16 16 0 -1 0 0 0 -12 -12 0 0 1-4ndis.dat
3 16 110.5 4 4 110.5 16 4 110.5 4 -12
3 16 113.5 16 4 113.5 4 4 113.5 4 -12
2 24 110.5 4 16 110.5 4 -12
2 24 113.5 4 16 113.5 4 -12
4 16 110.5 4 -12 110.5 16 4 110.5 252 4 110.5 264 -12
4 16 113.5 252 4 113.5 16 4 113.5 4 -12 113.5 264 -12
4 16 110.5 252 4 110.5 16 4 113.5 16 4 113.5 252 4

2 24 110.5 252 4 110.5 16 4
2 24 113.5 16 4 113.5 252 4
2 24 113.5 4 -12 113.5 264 -12

0 // between hinge plates
1 16 140 53 0 0 0 20 0 182 0 -20 0 0 5-16cyli.dat
2 24 128 53 -12 128 235 -12
2 24 128 53 -16 128 235 -16
0 BFC INVERTNEXT
1 16 140 53 0 0 0 16 0 182 0 -16 0 0 3-16cylo.dat
2 24 158.478 53 7.654 158.478 235 7.654
2 24 154.7824 53 6.1232 154.7824 235 6.1232
4 16 154.7824 53 6.1232 154.7824 235 6.1232 154.7824 235 -6.1232 154.7824 53 -6.1232
4 16 158.478 53 7.654 158.478 235 7.654 154.7824 235 6.1232 154.7824 53 6.1232
4 16 120 53 -12 128 53 -12 128 235 -12 120 235 -12
4 16 128 53 -12 128 53 -16 128 235 -16 128 235 -12
4 16 128 53 -16 140 53 -16 140 235 -16 128 235 -16

0 // above upper hinge
2 24 138 48 -16 138 4 -16
2 24 136 48 -16 136 10 -16
2 24 136 48 -14 136 10 -14
2 24 134 48 -14 134 10 -14
2 24 134 48 -16 134 10 -16
2 24 126 48 -16 126 4 -16
2 24 138 48 -20 138 4 -20
4 16 138 48 -16 136 48 -16 136 10 -16 138 4 -16
4 16 136 48 -16 136 48 -14 136 10 -14 136 10 -16
4 16 136 48 -14 134 48 -14 134 10 -14 136 10 -14
4 16 134 48 -14 134 48 -16 134 10 -16 134 10 -14
4 16 134 48 -16 126 48 -16 126 4 -16 134 10 -16
4 16 138 48 -20 138 48 -16 138 4 -16 138 4 -20
4 16 136 10 -16 136 10 -14 134 10 -14 134 10 -16
2 24 138 4 -20 138 4 -16
2 24 136 10 -16 136 10 -14
2 24 136 10 -14 134 10 -14
2 24 134 10 -14 134 10 -16
2 24 128 4 -18 128 4 -20
2 24 128 0 -18 128 4 -18
2 24 136 10 -16 134 10 -16
2 24 138 4 -16 126 4 -16
4 16 138 4 -16 136 10 -16 134 10 -16 126 4 -16
4 16 138 4 -16 128 4 -18 128 4 -20 138 4 -20
4 16 128 0 -20 128 4 -20 128 4 -18 128 0 -18
3 16 138 4 -16 126 4 -16 128 4 -18

0 // upper hinge
2 24 120 48 0 120 48 -12
2 24 120 48 -12 120 53 -12
2 24 120 53 0 120 53 -12
2 24 158.478 53 7.654 154.7824 53 6.1232
2 24 120 53 -12 128 53 -12
2 24 128 53 -12 128 53 -16
2 24 128 53 -16 140 53 -16
1 16 140 50 0 0 0 20 0 1 0 20 0 0 1-4edge.dat
1 16 140 53 0 0 0 20 0 1 0 20 0 0 3-16edge.dat
1 16 140 50 0 0 0 20 0 3 0 20 0 0 1-4cyli.dat
1 16 140 53 0 0 0 -20 0 1 0 20 0 0 1-4edge.dat
4 16 140 53 20 132.346 53 18.478 132.346 49.6195 18.478 140 50 20
4 16 132.346 53 18.478 125.858 53 14.142 125.858 48.5355 14.142 132.346 49.6195 18.478
4 16 121.522 53 7.654 120 53 0 120 48 0 121.522 48 7.654
5 24 140 50 20 140 53 20 132.346 49.6195 18.478 160 48 20
5 24 132.346 49.6195 18.478 132.346 53 18.478 125.858 48.5355 14.142 140 50 20
5 24 125.858 48.5355 14.142 125.858 53 14.142 121.522 48 7.654 132.346 49.6195 18.478
5 24 121.522 48 7.654 121.522 53 7.654 120 48 0 125.858 48.5355 14.142
5 24 120 48 0 120 53 0 121.522 48 7.654 120 48 -20
1 16 140 53 0 -20 0 0 0 -1 0 0 0 20 7-16disc.dat
1 16 140 53 0 0 0 16 0 -1 0 -16 0 0 3-16disc.dat
3 16 140 53 0 154.7824 53 6.1232 154.7824 53 -6.1232
4 16 140 53 0 140 53 -16 128 53 -16 128 53 -12
4 16 140 53 0 128 53 -12 120 53 -12 120 53 0
4 16 120 48 0 120 53 0 120 53 -12 120 48 -12
0 BFC INVERTNEXT
1 16 140 50 0 -6.5 0 0 0 -2 0 0 0 6.5 4-4cylc.dat
4 16 140 48 -6.5 140 48 -20 147.654 48 -18.478 142.4876 48 -6.0054
4 16 133.9947 48 2.4876 121.522 48 7.654 120 48 0 133.5 48 0
2 24 120 48 -12 122 48 -12
2 24 138 48 -20 138 48 -16
2 24 136 48 -16 138 48 -16
2 24 136 48 -16 136 48 -14
2 24 136 48 -14 134 48 -14
2 24 134 48 -14 134 48 -16
2 24 134 48 -16 126 48 -16
2 24 128 48 -18 122 48 -12
4 16 138 48 -20 140 48 -20 140 48 -6.5 138 48 -16
4 16 136 48 -16 138 48 -16 140 48 -6.5 136 48 -14
4 16 134 48 -14 136 48 -14 140 48 -6.5 137.51245 48 -6.00535
4 16 126 48 -16 134 48 -16 134 48 -14 122 48 -12
4 16 135.40385 48 -4.59615 122 48 -12 134 48 -14 137.51245 48 -6.00535
4 16 120 48 -12 122 48 -12 135.40385 48 -4.59615 133.99465 48 -2.48755
4 16 120 48 0 120 48 -12 133.99465 48 -2.48755 133.5 48 0
2 24 128 0 -18 128 0 -20

1 16 140 48 0 12 0 0 0 1 0 0 0 12 1-4edge.dat
2 24 140 48 12 124.4265 48 12
2 24 152 48 0 152 48 -15.5735
4 16 152 48 -15.5735 152 48 -12 144.5962 48 -4.5962 142.4876 48 -6.0054
4 16 146.0054 48 -2.4876 144.5962 48 -4.5962 152 48 -12 152 48 -4.9707
4 16 146.5 48 0 146.0054 48 -2.4876 152 48 -4.9707 152 48 0
4 16 146.0054 48 2.4876 146.5 48 0 152 48 0 151.0868 48 4.5924
4 16 146.0054 48 2.4876 151.0868 48 4.5924 148.4852 48 8.4852 144.5962 48 4.5962
4 16 144.5962 48 4.5962 148.4852 48 8.4852 144.5924 48 11.0868 142.4876 48 6.0054
4 16 142.4876 48 6.0054 144.5924 48 11.0868 140 48 12 140 48 6.5
4 16 140 48 6.5 140 48 12 135.0294 48 12 137.5125 48 6.0054
4 16 137.5125 48 6.0054 135.0294 48 12 128 48 12 135.4039 48 4.5962
4 16 135.4039 48 4.5962 128 48 12 124.4265 48 12 121.522 48 7.654
3 16 142.4876 48 -6.0054 147.654 48 -18.478 152 48 -15.5735
3 16 135.4039 48 4.5962 121.522 48 7.654 133.9947 48 2.4876

2 24 125.858 48.5355 14.142 124.4265 48 12
2 24 132.346 49.6195 18.478 140 50 20
2 24 132.346 49.6195 18.478 125.858 48.5355 14.142
2 24 124.4265 48 12 121.522 48 7.654
2 24 121.522 48 7.654 120 48 0
3 16 124.4265 48 12 121.522 53 7.654 121.522 48 7.654
4 16 125.858 53 14.142 121.522 53 7.654 124.4265 48 12 125.858 48.5355 14.142
3 16 125.858 48.5355 14.142 124.4265 48 12 128 48 12
4 16 135.0294 48 12 132.346 49.6195 18.478 125.858 48.5355 14.142 128 48 12
4 16 140 50 20 132.346 49.6195 18.478 135.0294 48 12 140 48 12
4 16 147.654 50 18.478 140 50 20 140 48 12 144.5924 48 11.0868
4 16 154.142 50 14.142 147.654 50 18.478 144.5924 48 11.0868 148.4852 48 8.4852
4 16 154.142 50 14.142 148.4852 48 8.4852 151.0868 48 4.5924 158.478 50 7.654
4 16 158.478 50 7.654 151.0868 48 4.5924 152 48 0 160 50 0

2 24 160 50 0 158.478 49.6195 -7.654
2 24 154.142 48.5355 -14.142 158.478 49.6195 -7.654
2 24 154.142 48.5355 -14.142 152 48 -15.5735
4 16 140 53 -20 147.654 53 -18.478 147.654 48 -18.478 140 48 -20
4 16 147.654 53 -18.478 154.142 53 -14.142 154.142 48.5355 -14.142 152 48 -15.5735
4 16 154.142 53 -14.142 158.478 53 -7.654 158.478 49.6195 -7.654 154.142 48.5355 -14.142
4 16 158.478 53 -7.654 160 53 0 160 50 0 158.478 49.6195 -7.654
5 24 140 48 -20 140 53 -20 147.654 48 -18.478 120 48 -20
5 24 147.654 48 -18.478 147.654 53 -18.478 154.142 48.5355 -14.142 140 48 -20
5 24 154.142 48.5355 -14.142 154.142 53 -14.142 158.478 49.6195 -7.654 147.654 48 -18.478
5 24 158.478 49.6195 -7.654 158.478 53 -7.654 160 50 0 154.142 48.5355 -14.142
5 24 160 50 0 160 53 0 158.478 49.6195 -7.654 160 48 20
3 16 147.654 53 -18.478 152 48 -15.5735 147.654 48 -18.478

2 24 152 48 -15.5735 147.654 48 -18.478
2 24 147.654 48 -18.478 140 48 -20
3 16 152 48 -12 152 48 -15.5735 154.142 48.5355 -14.142
4 16 154.142 48.5355 -14.142 158.478 49.6195 -7.654 152 48 -4.9707 152 48 -12
4 16 152 48 0 152 48 -4.9707 158.478 49.6195 -7.654 160 50 0
2 24 126 4 -16 128 4 -18
2 24 154.7824 53 -6.1232 154.7824 53 6.1232

4 16 126 48 -16 122 48 -12 122 4 -12 126 4 -16
4 16 122 48 -12 120 48 -12 113.5 4 -12 122 4 -12
4 16 128 0 -18 128 4 -18 126 4 -16 122 0 -12
3 16 126 4 -16 122 4 -12 122 0 -12
3 16 120 48 -12 120 53 -12 113.5 4 -12
2 24 122 48 -12 122 4 -12
2 24 128 0 -18 122 0 -12
2 24 120 4 14 120 4 -6
2 24 122 4 -12 120 4 -6
2 24 122 0 -12 120 0 -6
5 24 122 4 -12 122 0 -12 120 4 -6 128 0 -18
5 24 120 4 -6 120 0 -6 120 4 20 122 0 -12
4 16 122 0 -12 122 4 -12 120 4 -6 120 0 -6
4 16 120 0 -6 120 4 -6 120 4 14 120 0 14

0 // below lower hinge
2 24 138 240 -16 138 284 -16
2 24 136 240 -16 136 278 -16
2 24 136 240 -14 136 278 -14
2 24 134 240 -14 134 278 -14
2 24 134 240 -16 134 278 -16
2 24 126 240 -16 126 284 -16
2 24 138 240 -20 138 284 -20
4 16 136 278 -16 136 240 -16 138 240 -16 138 284 -16
4 16 136 278 -14 136 240 -14 136 240 -16 136 278 -16
4 16 134 278 -14 134 240 -14 136 240 -14 136 278 -14
4 16 134 278 -16 134 240 -16 134 240 -14 134 278 -14
4 16 126 284 -16 126 240 -16 134 240 -16 134 278 -16
4 16 138 284 -16 138 240 -16 138 240 -20 138 284 -20
4 16 134 278 -14 136 278 -14 136 278 -16 134 278 -16
2 24 138 284 -20 138 284 -16
2 24 136 278 -16 136 278 -14
2 24 136 278 -14 134 278 -14
2 24 134 278 -14 134 278 -16
2 24 128 284 -18 128 284 -20
2 24 128 288 -18 128 284 -18
2 24 136 278 -16 134 278 -16
2 24 138 284 -16 126 284 -16
4 16 134 278 -16 136 278 -16 138 284 -16 126 284 -16
4 16 128 284 -20 128 284 -18 138 284 -16 138 284 -20
4 16 128 284 -18 128 284 -20 128 288 -20 128 288 -18
3 16 126 284 -16 138 284 -16 128 284 -18

0 // lower hinge
2 24 120 240 0 120 240 -12
2 24 120 240 -12 120 235 -12
2 24 120 235 0 120 235 -12
2 24 158.478 235 7.654 154.7824 235 6.1232
2 24 120 235 -12 128 235 -12
2 24 128 235 -12 128 235 -16
2 24 128 235 -16 140 235 -16
1 16 140 238 0 0 0 20 0 -1 0 20 0 0 1-4edge.dat
1 16 140 235 0 0 0 20 0 -1 0 20 0 0 3-16edge.dat
1 16 140 238 0 0 0 20 0 -3 0 20 0 0 1-4cyli.dat
1 16 140 235 0 0 0 -20 0 -1 0 20 0 0 1-4edge.dat
4 16 132.346 238.3805 18.478 132.346 235 18.478 140 235 20 140 238 20
4 16 125.858 239.4645 14.142 125.858 235 14.142 132.346 235 18.478 132.346 238.3805 18.478
4 16 120 240 0 120 235 0 121.522 235 7.654 121.522 240 7.654
5 24 140 238 20 140 235 20 132.346 238.3805 18.478 160 240 20
5 24 132.346 238.3805 18.478 132.346 235 18.478 125.858 239.4645 14.142 140 238 20
5 24 125.858 239.4645 14.142 125.858 235 14.142 121.522 240 7.654 132.346 238.3805 18.478
5 24 121.522 240 7.654 121.522 235 7.654 120 240 0 125.858 239.4645 14.142
5 24 120 240 0 120 235 0 121.522 240 7.654 120 240 -20
1 16 140 235 0 -20 0 0 0 1 0 0 0 20 7-16disc.dat
1 16 140 235 0 0 0 16 0 1 0 -16 0 0 3-16disc.dat
3 16 154.7824 235 6.1232 140 235 0 154.7824 235 -6.1232
4 16 128 235 -16 140 235 -16 140 235 0 128 235 -12
4 16 120 235 -12 128 235 -12 140 235 0 120 235 0
4 16 120 235 -12 120 235 0 120 240 0 120 240 -12
0 BFC INVERTNEXT
1 16 140 238 0 -6.5 0 0 0 2 0 0 0 6.5 4-4cylc.dat
4 16 147.654 240 -18.478 140 240 -20 140 240 -6.5 142.4876 240 -6.0054
4 16 120 240 0 121.522 240 7.654 133.9947 240 2.4876 133.5 240 0
2 24 120 240 -12 122 240 -12
2 24 138 240 -20 138 240 -16
2 24 136 240 -16 138 240 -16
2 24 136 240 -16 136 240 -14
2 24 136 240 -14 134 240 -14
2 24 134 240 -14 134 240 -16
2 24 134 240 -16 126 240 -16
2 24 128 240 -18 122 240 -12
4 16 140 240 -6.5 140 240 -20 138 240 -20 138 240 -16
4 16 140 240 -6.5 138 240 -16 136 240 -16 136 240 -14
4 16 140 240 -6.5 136 240 -14 134 240 -14 137.51245 240 -6.00535
4 16 134 240 -14 134 240 -16 126 240 -16 122 240 -12
4 16 134 240 -14 122 240 -12 135.40385 240 -4.59615 137.51245 240 -6.00535
4 16 135.40385 240 -4.59615 122 240 -12 120 240 -12 133.99465 240 -2.48755
4 16 133.99465 240 -2.48755 120 240 -12 120 240 0 133.5 240 0
2 24 128 288 -18 128 288 -20

1 16 140 240 0 12 0 0 0 -1 0 0 0 12 1-4edge.dat
2 24 140 240 12 124.4265 240 12
2 24 152 240 0 152 240 -15.5735
4 16 144.5962 240 -4.5962 152 240 -12 152 240 -15.5735 142.4876 240 -6.0054
4 16 152 240 -12 144.5962 240 -4.5962 146.0054 240 -2.4876 152 240 -4.9707
4 16 152 240 -4.9707 146.0054 240 -2.4876 146.5 240 0 152 240 0
4 16 152 240 0 146.5 240 0 146.0054 240 2.4876 151.0868 240 4.5924
4 16 148.4852 240 8.4852 151.0868 240 4.5924 146.0054 240 2.4876 144.5962 240 4.5962
4 16 144.5924 240 11.0868 148.4852 240 8.4852 144.5962 240 4.5962 142.4876 240 6.0054
4 16 140 240 12 144.5924 240 11.0868 142.4876 240 6.0054 140 240 6.5
4 16 135.0294 240 12 140 240 12 140 240 6.5 137.5125 240 6.0054
4 16 128 240 12 135.0294 240 12 137.5125 240 6.0054 135.4039 240 4.5962
4 16 124.4265 240 12 128 240 12 135.4039 240 4.5962 121.522 240 7.654
3 16 147.654 240 -18.478 142.4876 240 -6.0054 152 240 -15.5735
3 16 121.522 240 7.654 135.4039 240 4.5962 133.9947 240 2.4876

2 24 125.858 239.4645 14.142 124.4265 240 12
2 24 132.346 238.3805 18.478 140 238 20
2 24 132.346 238.3805 18.478 125.858 239.4645 14.142
2 24 124.4265 240 12 121.522 240 7.654
2 24 121.522 240 7.654 120 240 0
3 16 121.522 235 7.654 124.4265 240 12 121.522 240 7.654
4 16 124.4265 240 12 121.522 235 7.654 125.858 235 14.142 125.858 239.4645 14.142
3 16 124.4265 240 12 125.858 239.4645 14.142 128 240 12
4 16 125.858 239.4645 14.142 132.346 238.3805 18.478 135.0294 240 12 128 240 12
4 16 135.0294 240 12 132.346 238.3805 18.478 140 238 20 140 240 12
4 16 140 240 12 140 238 20 147.654 238 18.478 144.5924 240 11.0868
4 16 144.5924 240 11.0868 147.654 238 18.478 154.142 238 14.142 148.4852 240 8.4852
4 16 151.0868 240 4.5924 148.4852 240 8.4852 154.142 238 14.142 158.478 238 7.654
4 16 152 240 0 151.0868 240 4.5924 158.478 238 7.654 160 238 0

2 24 160 238 0 158.478 238.3805 -7.654
2 24 154.142 239.4645 -14.142 158.478 238.3805 -7.654
2 24 154.142 239.4645 -14.142 152 240 -15.5735
4 16 147.654 240 -18.478 147.654 235 -18.478 140 235 -20 140 240 -20
4 16 154.142 239.4645 -14.142 154.142 235 -14.142 147.654 235 -18.478 152 240 -15.5735
4 16 158.478 238.3805 -7.654 158.478 235 -7.654 154.142 235 -14.142 154.142 239.4645 -14.142
4 16 160 238 0 160 235 0 158.478 235 -7.654 158.478 238.3805 -7.654
5 24 140 240 -20 140 235 -20 147.654 240 -18.478 120 240 -20
5 24 147.654 240 -18.478 147.654 235 -18.478 154.142 239.4645 -14.142 140 240 -20
5 24 154.142 239.4645 -14.142 154.142 235 -14.142 158.478 238.3805 -7.654 147.654 240 -18.478
5 24 158.478 238.3805 -7.654 158.478 235 -7.654 160 238 0 154.142 239.4645 -14.142
5 24 160 238 0 160 235 0 158.478 238.3805 -7.654 160 240 20
3 16 152 240 -15.5735 147.654 235 -18.478 147.654 240 -18.478

2 24 152 240 -15.5735 147.654 240 -18.478
2 24 147.654 240 -18.478 140 240 -20
3 16 152 240 -15.5735 152 240 -12 154.142 239.4645 -14.142
4 16 152 240 -4.9707 158.478 238.3805 -7.654 154.142 239.4645 -14.142 152 240 -12
4 16 158.478 238.3805 -7.654 152 240 -4.9707 152 240 0 160 238 0
2 24 126 284 -16 128 284 -18
2 24 154.7824 235 -6.1232 154.7824 235 6.1232

4 16 113.5 264 -12 120 240 -12 122 240 -12 122 264 -12
4 16 126 284 -16 128 284 -18 128 288 -18 122 288 -12
4 16 120 264 -6 122 264 -12 122 288 -12 120 288 -6
4 16 122 288 -12 122 240 -12 126 240 -16 126 284 -16
4 16 120 264 20 120 264 -6 120 288 -6 120 288 20
5 24 122 264 -12 122 288 -12 120 264 -6 128 288 -18
5 24 120 264 -6 120 288 -6 120 264 20 122 288 -12
2 24 120 264 20 120 264 -6
2 24 122 264 -12 120 264 -6
2 24 122 288 -12 120 288 -6
2 24 128 288 -18 122 288 -12
2 24 122 240 -12 122 264 -12
3 16 120 235 -12 120 240 -12 113.5 264 -12
3 16 120 264 -6 120 264 -12 122 264 -12
2 24 120 264 -12 122 264 -12
2 24 120 288 20 120 264 20
2 24 120 288 20 120 288 -6

0 // front
4 16 138 240 -20 140 240 -20 140 48 -20 138 48 -20
4 16 124 4 -20 124 264 -20 138 240 -20 138 48 -20
3 16 128 4 -20 138 48 -20 138 4 -20
3 16 128 4 -20 124 4 -20 138 48 -20
3 16 128 0 -20 124 4 -20 128 4 -20
3 16 124 264 -20 138 284 -20 138 240 -20
2 24 140 48 -20 138 48 -20
2 24 140 240 -20 138 240 -20
2 24 128 0 -20 128 4 -20
2 24 128 4 -20 138 4 -20
2 24 138 284 -20 128 284 -20
2 24 128 284 -20 128 288 -20

2 24 -156 4 20 114 4 20
2 24 -156 4 20 -156 264 20
2 24 120 264 20 -156 264 20

0 // back
2 24 128 288 -20 -160 288 -20
2 24 120 288 20 -160 288 20
2 24 -160 288 20 -160 288 -20
4 16 -156 264 20 120 264 20 120 288 20 -160 288 20
4 16 -156 264 20 -160 288 20 -160 0 20 -156 4 20
4 16 114 0 20 114 4 20 -156 4 20 -160 0 20