0 ~Duplo Wall  1 x  8 x  6 Hinge on Left with Castle Door Opening - Frame
0 Name: s\51695s01.dat
0 Author: Peter Blomberg [WUIt]
0 !LDRAW_ORG Unofficial_Subpart
0 !LICENSE Licensed under CC BY 4.0 : see CAreadme.txt

0 BFC CERTIFY CCW

1 16 0 0 0 1 0 0 0 1 0 0 0 1 s\51261s01.dat

0 // front
3 16 -120 264 -20 -140 284 -20 -74 264 -20
4 16 -140 284 -20 -140 288 -20 -69 268 -20 -74 264 -20
4 16 -140 288 -20 160 288 -20 69 268 -20 -69 268 -20
3 16 -74 264 -20 -69 268 -20 -69 241 -20
3 16 -74 264 -20 -69 241 -20 -69 235 -20

0 // bottom
0 BFC INVERTNEXT
1 16 20 278 2.5 18 0 0 0 -10 0 0 0 13.5 box2-7.dat
1 16 20 288 0 18 0 0 0 1 0 0 0 16 recte4.dat
0 BFC INVERTNEXT
1 16 -20 278 2.5 18 0 0 0 -10 0 0 0 13.5 box2-7.dat
1 16 -20 288 0 18 0 0 0 1 0 0 0 16 recte4.dat

1 16 -20 270 -13.5 18 0 0 0 2 0 0 0 2.5 box2-5.dat
1 16 20 270 -13.5 18 0 0 0 2 0 0 0 2.5 box2-5.dat
1 16 -57.5 270 -13.5 -15.5 0 0 0 2 0 0 0 2.5 box3-3.dat
1 16 57.5 270 -13.5 15.5 0 0 0 2 0 0 0 2.5 box3-3.dat
4 16 -2 288 -16 -38 288 -16 -38 272 -16 -2 272 -16
4 16 38 288 -16 2 288 -16 2 272 -16 38 272 -16
4 16 38 288 -16 38 272 -16 38 272 -11 38 288 16
4 16 38 268 16 38 288 16 38 272 -11 38 268 -11
4 16 -38 272 -11 -38 272 -16 -38 288 -16 -38 288 16
4 16 -38 272 -11 -38 288 16 -38 268 16 -38 268 -11
4 16 2 272 -11 2 272 -16 2 288 -16 2 288 16
4 16 2 272 -11 2 288 16 2 268 16 2 268 -11
4 16 -2 288 -16 -2 272 -16 -2 272 -11 -2 288 16
4 16 -2 268 16 -2 288 16 -2 272 -11 -2 268 -11
4 16 42 272 -11 42 272 -16 42 288 -16 42 288 16
4 16 42 272 -11 42 288 16 42 268 16 42 268 -11
4 16 -42 288 -16 -42 272 -16 -42 272 -11 -42 288 16
4 16 -42 268 16 -42 288 16 -42 272 -11 -42 268 -11
2 24 38 272 -16 38 288 -16
2 24 -38 272 -16 -38 288 -16
2 24 2 272 -16 2 288 -16
2 24 -2 272 -16 -2 288 -16
2 24 42 272 -16 42 288 -16
2 24 -42 272 -16 -42 288 -16
0 BFC INVERTNEXT
1 16 -60 278 0 0 -18 0 10 0 0 0 0 16 box2-5.dat
2 24 -42 268 -11 -42 268 -1.5
2 24 -42 268 1.5 -42 268 16
2 24 -42 288 -16 -78 288 -16
2 24 42 288 -16 42 288 16
4 16 -78 268 16 -42 268 16 -42 268 -11 -73 268 -11
4 16 -78 268 16 -73 268 -11 -73 268 -16 -78 268 -16
4 16 -78 288 -16 -78 268 -16 -73 268 -16 -73 272 -16
4 16 -78 288 -16 -73 272 -16 -42 272 -16 -42 288 -16
0 BFC INVERTNEXT
1 16 60 278 0 0 18 0 10 0 0 0 0 16 box2-5.dat
2 24 42 268 -11 42 268 -1.5
2 24 42 268 1.5 42 268 16
2 24 42 288 -16 78 288 -16
2 24 -42 288 -16 -42 288 16
4 16 42 268 -11 42 268 16 78 268 16 73 268 -11
4 16 73 268 -16 73 268 -11 78 268 16 78 268 -16
4 16 73 268 -16 78 268 -16 78 288 -16 73 272 -16
4 16 42 272 -16 73 272 -16 78 288 -16 42 288 -16
2 24 -73 268 -16 -78 268 -16
2 24 73 268 -16 78 268 -16

0 // notches
1 16 60 268 14 1.5 0 0 0 19 0 0 0 -2 box4-1.dat
1 16 20 268 14 1.5 0 0 0 19 0 0 0 -2 box4-1.dat
1 16 -20 268 14 1.5 0 0 0 19 0 0 0 -2 box4-1.dat
1 16 -60 268 14 1.5 0 0 0 19 0 0 0 -2 box4-1.dat
1 16 60 272 -14 1.5 0 0 0 15 0 0 0 2 box4-1.dat
1 16 20 272 -14 1.5 0 0 0 15 0 0 0 2 box4-1.dat
1 16 -20 272 -14 1.5 0 0 0 15 0 0 0 2 box4-1.dat
1 16 -60 272 -14 1.5 0 0 0 15 0 0 0 2 box4-1.dat
1 16 45 268 0 0 0 3 0 19 0 1.5 0 0 box4-1.dat
1 16 5 268 0 0 0 3 0 19 0 1.5 0 0 box4-1.dat
1 16 -35 268 0 0 0 3 0 19 0 1.5 0 0 box4-1.dat
1 16 -75 268 0 0 0 3 0 19 0 1.5 0 0 box4-1.dat
1 16 75 268 0 0 0 -3 0 19 0 1.5 0 0 box4-1.dat
1 16 35 268 0 0 0 -3 0 19 0 1.5 0 0 box4-1.dat
1 16 -5 268 0 0 0 -3 0 19 0 1.5 0 0 box4-1.dat
1 16 -45 268 0 0 0 -3 0 19 0 1.5 0 0 box4-1.dat

2 24 59.5 88 -14 -48.5 88 -14
1 16 59.5 93 -14 5 0 0 0 0 -5 0 1 0 1-4ndis.dat
1 16 -48.5 93 -14 -5 0 0 0 0 -5 0 1 0 1-4ndis.dat

1 16 -48.5 259 -14 -5 0 0 0 0 5 0 1 0 1-4edge.dat
1 16 -48.5 259 -14 -5 0 0 0 0 5 0 1 0 1-4ndis.dat

1 16 59.5 259 -14 5 0 0 0 0 5 0 1 0 1-4edge.dat
1 16 59.5 259 -14 5 0 0 0 0 5 0 1 0 1-4ndis.dat

1 16 -65 114 -14 1 0 0 0 1 0 0 0 1 dtruncateddoorhingesocket.dat
1 16 -65 176 -14 1 0 0 0 1 0 0 0 1 dtruncateddoorhingesocket.dat
1 16 -65 238 -14 1 0 0 0 1 0 0 0 1 dtruncateddoorhingesocket.dat
0 BFC INVERTNEXT
1 16 -65 114 -8 2.5 0 0 0 0 6 0 -6 0 box4o4a.dat
0 BFC INVERTNEXT
1 16 -65 176 -8 2.5 0 0 0 0 6 0 -6 0 box4o4a.dat
0 BFC INVERTNEXT
1 16 -65 238 -8 2.5 0 0 0 0 6 0 -6 0 box4o4a.dat

0 // ornaments above window
2 24 17.6175 67.032 -20 8.829 66.252 -20
2 24 8.829 66.252 -20 0 66 -20
2 24 69 82.8879 -20 62.3295 79.56 -20
2 24 62.3295 79.56 -20 51.6645 75.132 -20

2 24 17.6175 67.032 -14 8.829 66.252 -14
2 24 8.829 66.252 -14 0 66 -14
2 24 69 268 -14 69 182 -14
2 24 69 170 -14 69 82.8879 -14
2 24 69 82.8879 -14 62.3295 79.56 -14
2 24 62.3295 79.56 -14 51.6645 75.132 -14

2 24 69 82.8879 -20 69 82.8879 -14
4 16 69 82.8879 -20 62.3295 79.56 -20 62.3295 79.56 -14 69 82.8879 -14
4 16 62.3295 79.56 -20 51.6645 75.132 -20 51.6645 75.132 -14 62.3295 79.56 -14
4 16 8.829 66.252 -20 0 66 -20 0 66 -14 8.829 66.252 -14
4 16 17.6175 67.032 -20 8.829 66.252 -20 8.829 66.252 -14 17.6175 67.032 -14
5 24 62.3295 79.56 -20 62.3295 79.56 -14 51.6645 75.132 -20 69 82.8879 -20
5 24 51.6645 75.132 -20 51.6645 75.132 -14 47.8339 73.8544 -20 62.3295 79.56 -20
5 24 17.6175 67.032 -20 17.6175 67.032 -14 8.829 66.252 -20 20.5243 67.456 -20
5 24 8.829 66.252 -20 8.829 66.252 -14 0 66 -20 17.6175 67.032 -20
5 24 34.938 70.092 -20 34.938 70.092 -14 24.4028 68.0217 -20 44.2493 72.6589 -20
5 24 0 66 -14 0 66 -20 8.829 66.252 -20 -8.829 66.252 -20

2 24 -17.6175 67.032 -20 -8.829 66.252 -20
2 24 -8.829 66.252 -20 0 66 -20
2 24 -69 82.8879 -20 -62.3295 79.56 -20
2 24 -62.3295 79.56 -20 -51.6645 75.132 -20

2 24 -17.6175 67.032 -14 -8.829 66.252 -14
2 24 -8.829 66.252 -14 0 66 -14
2 24 -69 268 -14 -69 82.8879 -14
2 24 -69 82.8879 -14 -62.3295 79.56 -14
2 24 -62.3295 79.56 -14 -51.6645 75.132 -14

2 24 -69 268 -20 -69 241 -20
2 24 -69 235 -20 -69 179 -20
2 24 -69 173 -20 -69 117 -20

2 24 -74 264 -16 -74 264 -20

2 24 -69 82.8879 -20 -69 82.8879 -14
4 16 -62.3295 79.56 -14 -62.3295 79.56 -20 -69 82.8879 -20 -69 82.8879 -14
4 16 -51.6645 75.132 -14 -51.6645 75.132 -20 -62.3295 79.56 -20 -62.3295 79.56 -14
4 16 0 66 -14 0 66 -20 -8.829 66.252 -20 -8.829 66.252 -14
4 16 -8.829 66.252 -14 -8.829 66.252 -20 -17.6175 67.032 -20 -17.6175 67.032 -14
5 24 -62.3295 79.56 -20 -62.3295 79.56 -14 -51.6645 75.132 -20 -69 82.8879 -20
5 24 -51.6645 75.132 -20 -51.6645 75.132 -14 -47.8339 73.8544 -20 -62.3295 79.56 -20
5 24 -17.6175 67.032 -20 -17.6175 67.032 -14 -8.829 66.252 -20 -20.5243 67.456 -20
5 24 -8.829 66.252 -20 -8.829 66.252 -14 0 66 -20 -17.6175 67.032 -20
5 24 -34.938 70.092 -20 -34.938 70.092 -14 -24.4028 68.0217 -20 -44.2493 72.6589 -20

4 16 -69 173 -20 -69 170 -15.8 -69 120 -15.8 -69 117 -20
4 16 -69 120 -15.8 -69 170 -15.8 -69 170 -14 -69 120 -14
4 16 -69 235 -20 -69 232 -15.8 -69 182 -15.8 -69 179 -20
4 16 -69 182 -15.8 -69 232 -15.8 -69 232 -14 -69 182 -14
4 16 -69 268 -20 -69 268 -14 -69 244 -15.8 -69 241 -20
3 16 -69 244 -15.8 -69 268 -14 -69 244 -14

0 // around door
3 16 64.5 259 -14 64.5 264 -14 69 268 -14
3 16 64.5 88 -14 64.5 93 -14 69 82.8879 -14
4 16 62.3295 79.56 -14 59.5 88 -14 64.5 88 -14 69 82.8879 -14
3 16 8.829 66.252 -14 0 66 -14 59.5 88 -14
3 16 59.5 88 -14 0 66 -14 -48.5 88 -14
3 16 -48.5 88 -14 0 66 -14 -8.829 66.252 -14
4 16 -51.6645 75.132 -14 -62.3295 79.56 -14 -69 82.8879 -14 -53.5 88 -14
3 16 -53.5 93 -14 -53.5 88 -14 -69 82.8879 -14
4 16 68.5 170 -14 69 170 -14 69 82.8879 -14 64.5 93 -14
4 16 64.5 93 -14 64.5 259 -14 68.5 182 -14 68.5 170 -14
4 16 69 268 -14 69 182 -14 68.5 182 -14 64.5 259 -14
3 16 -69 268 -14 -53.5 264 -14 -53.5 259 -14
3 16 -69 268 -14 -53.5 259 -14 -56.5 244 -14
3 16 -69 268 -14 -56.5 244 -14 -62.5 244 -14
3 16 -69 268 -14 -62.5 244 -14 -67.5 244 -14
3 16 -69 244 -14 -69 268 -14 -67.5 244 -14
3 16 -56.5 244 -14 -53.5 259 -14 -56.5 232 -14
4 16 -69 182 -14 -69 232 -14 -67.5 232 -14 -67.5 182 -14
4 16 -62.5 182 -14 -67.5 182 -14 -67.5 232 -14 -62.5 232 -14
4 16 -62.5 182 -14 -62.5 232 -14 -56.5 232 -14 -56.5 182 -14
4 16 -67.5 170 -14 -62.5 170 -14 -62.5 120 -14 -67.5 120 -14
4 16 -62.5 170 -14 -56.5 170 -14 -56.5 120 -14 -62.5 120 -14
4 16 -69 120 -14 -69 170 -14 -67.5 170 -14 -67.5 120 -14
3 16 -69 82.8879 -14 -69 108 -14 -67.5 108 -14
3 16 -69 82.8879 -14 -67.5 108 -14 -62.5 108 -14
3 16 -69 82.8879 -14 -62.5 108 -14 -56.5 108 -14
3 16 -69 82.8879 -14 -56.5 108 -14 -53.5 93 -14
4 16 -53.5 93 -14 -56.5 120 -14 -56.5 232 -14 -53.5 259 -14
3 16 -53.5 264 -14 -69 268 -14 -48.5 264 -14
3 16 69 268 -14 64.5 264 -14 59.5 264 -14
4 16 69 268 -14 59.5 264 -14 -48.5 264 -14 -69 268 -14
3 16 -53.5 93 -14 -56.5 108 -14 -56.5 120 -14

2 24 -69 268 -14 -69 268 -20
2 24 -69 268 -20 69 268 -20
2 24 69 268 -20 69 268 -14
2 24 -69 268 -14 69 268 -14
4 16 -69 268 -14 -69 268 -20 69 268 -20 69 268 -14

0 // inset perifery
2 24 -120 264 -20 -74 264 -20
2 24 -48.5 264 -14 59.5 264 -14
2 24 -53.5 259 -14 -53.5 93 -14
2 24 64.5 259 -14 64.5 93 -14

0 // inset around door
2 24 -69.5 78.616 -8 -73 80.6994 -8
4 16 0 62 -8 -53.5 85 -8 -35.9732 66.2284 -8 -18.1395 63.0664 -8
4 16 -53.5 71.5706 -8 -53.1953 71.4364 -8 -35.9732 66.2284 -8 -53.5 85 -8
4 16 -67.5 244 -8 -62.5 244 -8 -57.5 264 -8 -73 264 -8
3 16 -67.5 244 -8 -73 264 -8 -67.5 232 -8
3 16 -57.5 264 -8 -62.5 244 -8 -62.5 232 -8
4 16 -67.5 232 -8 -67.5 182 -8 -62.5 182 -8 -62.5 232 -8
3 16 -67.5 232 -8 -73 264 -8 -67.5 182 -8
3 16 -73 80.6994 -8 -67.5 120 -8 -67.5 170 -8
4 16 -73 264 -8 -73 80.6994 -8 -67.5 170 -8 -67.5 182 -8
4 16 -57.5 73.3319 -8 -62.5 108 -8 -67.5 108 -8 -69.5 78.616 -8
4 16 -67.5 120 -8 -73 80.6994 -8 -69.5 78.616 -8 -67.5 108 -8
4 16 -62.5 120 -8 -62.5 170 -8 -67.5 170 -8 -67.5 120 -8
3 16 -57.5 264 -8 -62.5 232 -8 -62.5 182 -8
3 16 -62.5 108 -8 -57.5 73.3319 -8 -62.5 120 -8
3 16 -62.5 120 -8 -57.5 73.3319 -8 -62.5 170 -8
4 16 -57.5 264 -8 -62.5 182 -8 -62.5 170 -8 -57.5 73.3319 -8
3 16 -53.5 85 -8 0 62 -8 64.5 85 -8
2 24 73 80.6994 -8 69.5 78.616 -8
4 16 35.9732 66.2284 -8 64.5 85 -8 0 62 -8 18.1395 63.0664 -8
4 16 64.5 76.4143 -8 64.5 85 -8 35.9732 66.2284 -8 53.1953 71.4364 -8

2 24 73 264 -8 73 182 -8
2 24 68.5 182 -8 73 182 -8
2 24 68.5 170 -8 73 170 -8
2 24 73 80.6994 -8 73 170 -8

2 24 68.5 170 -8 68.5 170 -14
2 24 68.5 182 -14 68.5 170 -14
2 24 68.5 182 -14 68.5 182 -8
4 16 68.5 170 -14 68.5 182 -14 68.5 182 -8 68.5 170 -8
2 24 73 182 -18 73 170 -18
2 24 73 182 -18 69 182 -18
2 24 73 170 -18 69 170 -18
2 24 69 182 -18 69 170 -18
2 24 69 182 -18 69 182 -14
2 24 69 170 -18 69 170 -14
2 24 68.5 182 -14 69 182 -14
2 24 68.5 170 -14 69 170 -14
4 16 69 170 -14 68.5 170 -14 68.5 170 -8 73 170 -8
4 16 73 170 -18 69 170 -18 69 170 -14 73 170 -8
4 16 68.5 182 -8 68.5 182 -14 69 182 -14 73 182 -8
4 16 69 182 -14 69 182 -18 73 182 -18 73 182 -8
4 16 73 182 -18 69 182 -18 69 170 -18 73 170 -18

2 24 -73 264 -12 -73 264 -8
2 24 -73 264 -8 -57.5 264 -8
2 24 -73 80.6994 -8 -73 264 -8

4 16 69 182 -14 69 268 -14 69 268 -20 69 182 -18