0 ~Sticker  1.7 x  1.7 Round with Hexagon and Circles - Quarter
0 Name: s\6146063as01.dat
0 Author: Evert-Jan Boer [ejboer]
0 !LDRAW_ORG Unofficial_Subpart
0 !LICENSE Licensed under CC BY 4.0 : see CAreadme.txt

0 BFC CERTIFY CCW

4 71 -3.0929 0 0 -3.0335 0 .6034 -3.6191 0 .7199 -3.69 0 0
4 71 -.6034 0 3.0335 0 0 3.0929 0 0 3.69 -.7199 0 3.6191
4 71 -1.1836 0 2.8575 -.6034 0 3.0335 -.7199 0 3.6191 -1.4121 0 3.4091
4 71 -1.7183 0 2.5716 -1.1836 0 2.8575 -1.4121 0 3.4091 -2.0501 0 3.0681
4 71 -2.187 0 2.187 -1.7183 0 2.5716 -2.0501 0 3.0681 -2.6092 0 2.6092
4 71 -2.5716 0 1.7183 -2.187 0 2.187 -2.6092 0 2.6092 -3.0681 0 2.0501
4 71 -2.8575 0 1.1836 -2.5716 0 1.7183 -3.0681 0 2.0501 -3.4091 0 1.4121
4 71 -3.0335 0 .6034 -2.8575 0 1.1836 -3.4091 0 1.4121 -3.6191 0 .7199
4 71 -6.8936 0 0 -6.8604 0 .6757 -7.6798 0 .7564 -7.717 0 0
4 71 -.6757 0 6.8604 0 0 6.8936 0 0 7.717 -.7564 0 7.6798
4 71 -1.3449 0 6.7611 -.6757 0 6.8604 -.7564 0 7.6798 -1.5055 0 7.5687
4 71 -2.0011 0 6.5967 -1.3449 0 6.7611 -1.5055 0 7.5687 -2.2401 0 7.3847
3 71 -2.669 0 6.3542 -2.2401 0 7.3847 -2.9532 0 7.1296
4 71 -3.2496 0 6.0796 -2.9532 0 7.1296 -3.6378 0 6.8058 -3.8299 0 5.7318
4 71 -3.8299 0 5.7318 -3.6378 0 6.8058 -4.2873 0 6.4165 -4.2962 0 5.3859
4 71 -4.2962 0 5.3859 -4.2873 0 6.4165 -4.8956 0 5.9653 -4.6004 0 5.123
4 71 -4.8745 0 4.8745 -4.8956 0 5.9653 -5.4567 0 5.4567 -5.3288 0 4.3732
4 71 -5.3288 0 4.3732 -5.4567 0 5.4567 -5.9653 0 4.8956 -5.7318 0 3.8299
4 71 -5.7318 0 3.8299 -5.9653 0 4.8956 -6.4165 0 4.2873 -6.0796 0 3.2496
4 71 -6.0796 0 3.2496 -6.4165 0 4.2873 -6.8058 0 3.6378 -6.3688 0 2.6381
4 71 -6.3688 0 2.6381 -6.8058 0 3.6378 -7.1296 0 2.9532 -6.5256 0 2.2
3 71 -7.1296 0 2.9532 -7.3847 0 2.2401 -6.5256 0 2.2
4 71 -6.7473 0 1.4 -7.3847 0 2.2401 -7.5687 0 1.5055 -6.8604 0 .6757
3 71 -7.5687 0 1.5055 -7.6798 0 .7564 -6.8604 0 .6757
3 71 -4.2 0 2.2 -6.5256 0 2.2 -4.2 0 1.4
3 71 -6.7473 0 1.4 -4.2 0 1.4 -6.5256 0 2.2
3 71 -6.5256 0 2.2 -7.3847 0 2.2401 -6.7473 0 1.4
4 71 -9.4915 0 0 -9.4801 0 .4657 -9.7772 0 .4803 -9.789 0 0
4 71 -.4657 0 9.4801 0 0 9.4915 0 0 9.789 -.4803 0 9.7772
4 71 -.9303 0 9.4458 -.4657 0 9.4801 -.4803 0 9.7772 -.9595 0 9.7419
4 71 -1.3927 0 9.3888 -.9303 0 9.4458 -.9595 0 9.7419 -1.4363 0 9.683
4 71 -1.8517 0 9.3091 -1.3927 0 9.3888 -1.4363 0 9.683 -1.9097 0 9.6009
4 71 -2.3062 0 9.207 -1.8517 0 9.3091 -1.9097 0 9.6009 -2.3785 0 9.4956
4 71 -2.7552 0 9.0828 -2.3062 0 9.207 -2.3785 0 9.4956 -2.8416 0 9.3675
4 71 -3.1976 0 8.9367 -2.7552 0 9.0828 -2.8416 0 9.3675 -3.2978 0 9.2168
4 71 -3.6322 0 8.769 -3.1976 0 8.9367 -3.2978 0 9.2168 -3.7461 0 9.0439
4 71 -4.0581 0 8.5802 -3.6322 0 8.769 -3.7461 0 9.0439 -3.9039 0 8.9739
4 71 -4.4743 0 8.3708 -4.0581 0 8.5802 -4.1797 0 8.8516 -4.6145 0 8.6331
4 71 -4.8796 0 8.1411 -4.4743 0 8.3708 -4.6145 0 8.6331 -5.0326 0 8.3963
4 71 -5.2732 0 7.8919 -4.8796 0 8.1411 -5.0326 0 8.3963 -5.4385 0 8.1393
4 71 -5.6541 0 7.6236 -5.2732 0 7.8919 -5.4385 0 8.1393 -5.8109 0 7.8769
4 71 -6.0213 0 7.337 -5.6541 0 7.6236 -5.8109 0 7.8769 -6.0504 0 7.6916
4 71 -6.3741 0 7.0327 -6.0213 0 7.337 -6.2101 0 7.567 -6.5739 0 7.2532
4 71 -6.7115 0 6.7115 -6.3741 0 7.0327 -6.5739 0 7.2532 -6.9219 0 6.9219
4 71 -7.0327 0 6.3741 -6.7115 0 6.7115 -6.9219 0 6.9219 -7.2532 0 6.5739
4 71 -7.337 0 6.0213 -7.0327 0 6.3741 -7.2532 0 6.5739 -7.567 0 6.2101
4 71 -7.6236 0 5.6541 -7.337 0 6.0213 -7.567 0 6.2101 -7.8626 0 5.8313
4 71 -7.8919 0 5.2732 -7.6236 0 5.6541 -7.8626 0 5.8313 -8.1393 0 5.4385
4 71 -8.1411 0 4.8796 -7.8919 0 5.2732 -8.1393 0 5.4385 -8.3963 0 5.0326
4 71 -8.3708 0 4.4743 -8.1411 0 4.8796 -8.3963 0 5.0326 -8.6331 0 4.6145
4 71 -8.5802 0 4.0581 -8.3708 0 4.4743 -8.6331 0 4.6145 -8.8492 0 4.1853
4 71 -8.769 0 3.6322 -8.5802 0 4.0581 -8.8492 0 4.1853 -9.0439 0 3.7461
4 71 -8.9367 0 3.1976 -8.769 0 3.6322 -9.0439 0 3.7461 -9.2168 0 3.2978
4 71 -9.0828 0 2.7552 -8.9367 0 3.1976 -9.2168 0 3.2978 -9.3675 0 2.8416
4 71 -9.207 0 2.3062 -9.0828 0 2.7552 -9.3675 0 2.8416 -9.4956 0 2.3785
4 71 -9.3091 0 1.8517 -9.207 0 2.3062 -9.4956 0 2.3785 -9.5806 0 2
3 71 -9.3888 0 1.3927 -9.3091 0 1.8517 -9.6999 0 1.3
3 71 -9.4458 0 .9303 -9.3888 0 1.3927 -9.6999 0 1.3
4 71 -9.4801 0 .4657 -9.4458 0 .9303 -9.7419 0 .9595 -9.7772 0 .4803
3 71 -2.8545 0 3.3269 -4.2962 0 5.3859 -4.6004 0 5.123
3 71 -3.1821 0 3.0975 -2.8545 0 3.3269 -4.6004 0 5.123
3 71 -4.8956 0 5.9653 -4.8745 0 4.8745 -4.6004 0 5.123
3 71 -2.669 0 6.3542 -1.6185 0 4.1013 -1.2559 0 4.2704
3 71 -2.2922 0 6.4926 -2.669 0 6.3542 -1.2559 0 4.2704
3 71 -2.669 0 6.3542 -2.9532 0 7.1296 -3.2496 0 6.0796
3 71 -2.2922 0 6.4926 -2.2401 0 7.3847 -2.669 0 6.3542
3 71 -2.0011 0 6.5967 -2.2401 0 7.3847 -2.2922 0 6.4926
4 71 0 0 16.5 -14.3 0 8.1 -13.7 0 8 0 0 15.9
4 71 -13.7 0 4 -13.7 0 8 -14.3 0 8.1 -14.3 0 1.5
3 71 -14.3 0 1.5 -13.7 0 3.2 -13.7 0 4
4 71 -13.7 0 2 -13.7 0 3.2 -14.3 0 1.5 -14.3 0 .7
4 71 -12.5 0 0 -13.7 0 2 -14.3 0 .7 -14.3 0 0
3 71 -13.7 0 2 -12.5 0 0 -12.5 0 1.3
4 71 -11.1 0 2 -13.7 0 2 -12.5 0 1.3 -9.6999 0 1.3
4 71 -13.7 0 4 -13.7 0 3.2 -11.1 0 3.2 -10.2 0 4
4 71 -10.2 0 2 -10.2 0 4 -11.1 0 3.2 -11.1 0 2
3 71 -10.2 0 2 -11.1 0 2 -9.6999 0 1.3
3 71 -10.2 0 2 -9.6999 0 1.3 -9.5806 0 2
3 71 -9.6999 0 1.3 -9.7419 0 .9595 -9.4458 0 .9303
3 71 -9.5806 0 2 -9.6999 0 1.3 -9.3091 0 1.8517
4 71 -14.3 0 1.5 -17.9011 0 1.5 -17.9539 0 .7 -14.3 0 .7
4 0 -14.3 0 .7 -17.9539 0 .7 -18 0 0 -14.3 0 0
4 0 -17.8452 0 2.349 -17.9011 0 1.5 -14.3 0 1.5 -17.3862 0 4.6584
4 0 -16.6302 0 6.8886 -17.3862 0 4.6584 -14.3 0 1.5 -15.588 0 9
3 0 -15.588 0 9 -14.3 0 1.5 -14.3 0 8.1
4 0 -14.2812 0 10.9584 -15.588 0 9 -14.3 0 8.1 -12.7278 0 12.7278
4 0 -10.9584 0 14.2812 -12.7278 0 12.7278 -14.3 0 8.1 0 0 16.5
4 0 -9 0 15.588 -10.9584 0 14.2812 0 0 16.5 -6.8886 0 16.6302
4 0 -4.6584 0 17.3862 -6.8886 0 16.6302 0 0 16.5 -2.349 0 17.8452
4 0 -3.0335 0 .6034 -3.0929 0 0 0 0 0 -2.8575 0 1.1836
4 0 -2.5716 0 1.7183 -2.8575 0 1.1836 0 0 0 -2.187 0 2.187
4 0 -1.7183 0 2.5716 -2.187 0 2.187 0 0 0 -1.1836 0 2.8575
4 0 -.6034 0 3.0335 -1.1836 0 2.8575 0 0 0 0 0 3.0929
3 0 -4.2 0 1.4 -6.7473 0 1.4 -3.6191 0 .7199
4 0 -3.6191 0 .7199 -6.7473 0 1.4 -6.8604 0 .6757 -6.8936 0 0
3 0 -3.6191 0 .7199 -6.8936 0 0 -3.69 0 0
3 0 -3.4091 0 1.4121 -4.2 0 1.4 -3.6191 0 .7199
4 0 -4.2 0 1.4 -3.4091 0 1.4121 -3.0681 0 2.0501 -4.2 0 2.2
4 0 -3.1821 0 3.0975 -4.2 0 2.2 -3.0681 0 2.0501 -2.6092 0 2.6092
4 0 -2.8545 0 3.3269 -3.1821 0 3.0975 -2.6092 0 2.6092 -2.0501 0 3.0681
4 0 -6.3688 0 2.6381 -6.5256 0 2.2 -4.2 0 2.2 -6.0796 0 3.2496
4 0 -6.0796 0 3.2496 -4.2 0 2.2 -3.1821 0 3.0975 -5.7318 0 3.8299
4 0 -5.3288 0 4.3732 -5.7318 0 3.8299 -3.1821 0 3.0975 -4.8745 0 4.8745
3 0 -4.6004 0 5.123 -4.8745 0 4.8745 -3.1821 0 3.0975
4 0 -2.8545 0 3.3269 -2.0501 0 3.0681 -1.6185 0 4.1013 -4.2962 0 5.3859
4 0 -3.8299 0 5.7318 -4.2962 0 5.3859 -1.6185 0 4.1013 -3.2496 0 6.0796
3 0 -1.6185 0 4.1013 -2.669 0 6.3542 -3.2496 0 6.0796
4 0 -1.6185 0 4.1013 -2.0501 0 3.0681 -1.4121 0 3.4091 -1.2559 0 4.2704
3 0 -1.2559 0 4.2704 -1.4121 0 3.4091 -.7199 0 3.6191
4 0 -1.2559 0 4.2704 -.7199 0 3.6191 0 0 3.69 0 0 6.8936
4 0 -1.2559 0 4.2704 0 0 6.8936 -.6757 0 6.8604 -1.3449 0 6.7611
4 0 -1.2559 0 4.2704 -1.3449 0 6.7611 -2.0011 0 6.5967 -2.2922 0 6.4926
4 0 -.4657 0 9.4801 -.9303 0 9.4458 -.7564 0 7.6798 0 0 7.717
3 0 0 0 9.4915 -.4657 0 9.4801 0 0 7.717
4 0 -1.3927 0 9.3888 -1.5055 0 7.5687 -.7564 0 7.6798 -.9303 0 9.4458
4 0 -2.3062 0 9.207 -2.2401 0 7.3847 -1.5055 0 7.5687 -1.8517 0 9.3091
3 0 -1.5055 0 7.5687 -1.3927 0 9.3888 -1.8517 0 9.3091
4 0 -2.2401 0 7.3847 -2.3062 0 9.207 -2.7552 0 9.0828 -3.1976 0 8.9367
4 0 -2.2401 0 7.3847 -3.1976 0 8.9367 -3.6322 0 8.769 -2.9532 0 7.1296
4 0 -3.6378 0 6.8058 -2.9532 0 7.1296 -3.6322 0 8.769 -4.0581 0 8.5802
4 0 -3.6378 0 6.8058 -4.0581 0 8.5802 -4.4743 0 8.3708 -4.8796 0 8.1411
4 0 -4.2873 0 6.4165 -3.6378 0 6.8058 -4.8796 0 8.1411 -5.2732 0 7.8919
4 0 -4.8956 0 5.9653 -4.2873 0 6.4165 -5.2732 0 7.8919 -5.6541 0 7.6236
4 0 -4.8956 0 5.9653 -5.6541 0 7.6236 -6.0213 0 7.337 -6.3741 0 7.0327
4 0 -5.4567 0 5.4567 -4.8956 0 5.9653 -6.3741 0 7.0327 -6.7115 0 6.7115
4 0 -5.4567 0 5.4567 -6.7115 0 6.7115 -7.0327 0 6.3741 -7.337 0 6.0213
4 0 -5.9653 0 4.8956 -5.4567 0 5.4567 -7.337 0 6.0213 -7.6236 0 5.6541
4 0 -5.9653 0 4.8956 -7.6236 0 5.6541 -7.8919 0 5.2732 -6.4165 0 4.2873
4 0 -6.4165 0 4.2873 -7.8919 0 5.2732 -8.1411 0 4.8796 -8.3708 0 4.4743
4 0 -6.8058 0 3.6378 -6.4165 0 4.2873 -8.3708 0 4.4743 -8.5802 0 4.0581
4 0 -6.8058 0 3.6378 -8.5802 0 4.0581 -8.769 0 3.6322 -7.1296 0 2.9532
4 0 -7.1296 0 2.9532 -8.769 0 3.6322 -8.9367 0 3.1976 -9.0828 0 2.7552
4 0 -7.3847 0 2.2401 -7.1296 0 2.9532 -9.0828 0 2.7552 -9.207 0 2.3062
4 0 -7.3847 0 2.2401 -9.207 0 2.3062 -9.3091 0 1.8517 -7.5687 0 1.5055
4 0 -7.5687 0 1.5055 -9.3091 0 1.8517 -9.3888 0 1.3927 -9.4458 0 .9303
4 0 -7.6798 0 .7564 -7.5687 0 1.5055 -9.4458 0 .9303 -9.4801 0 .4657
4 0 -7.6798 0 .7564 -9.4801 0 .4657 -9.4915 0 0 -7.717 0 0
4 0 -12.5 0 1.3 -12.5 0 0 -9.789 0 0 -9.7772 0 .4803
3 0 -9.7419 0 .9595 -12.5 0 1.3 -9.7772 0 .4803
3 0 -9.7419 0 .9595 -9.6999 0 1.3 -12.5 0 1.3
4 0 -11.1 0 3.2 -13.7 0 3.2 -13.7 0 2 -11.1 0 2
3 0 -9.4956 0 2.3785 -10.2 0 2 -9.5806 0 2
4 0 -10.2 0 2 -9.4956 0 2.3785 -9.3675 0 2.8416 -10.2 0 4
3 0 -9.3675 0 2.8416 -9.2168 0 3.2978 -10.2 0 4
3 0 -9.2168 0 3.2978 -9.0439 0 3.7461 -10.2 0 4
4 0 -10.2 0 4 -9.0439 0 3.7461 -8.8492 0 4.1853 -13.7 0 8
3 0 -13.7 0 8 -13.7 0 4 -10.2 0 4
3 0 -8.6331 0 4.6145 -13.7 0 8 -8.8492 0 4.1853
3 0 -8.3963 0 5.0326 -13.7 0 8 -8.6331 0 4.6145
3 0 -8.1393 0 5.4385 -13.7 0 8 -8.3963 0 5.0326
3 0 -7.8626 0 5.8313 -13.7 0 8 -8.1393 0 5.4385
3 0 -7.567 0 6.2101 -13.7 0 8 -7.8626 0 5.8313
3 0 -7.2532 0 6.5739 -13.7 0 8 -7.567 0 6.2101
4 0 -13.7 0 8 -7.2532 0 6.5739 -6.9219 0 6.9219 -7.42 0 10.064
4 71 -5.3648 0 10.9042 -5.255 0 11.314 -7.42 0 10.064 -7.0102 0 9.9542
3 71 -5.8109 0 7.8769 -7.0102 0 9.9542 -7.42 0 10.064
3 71 -5.8109 0 7.8769 -7.42 0 10.064 -6.0504 0 7.6916
3 71 -6.0213 0 7.337 -6.0504 0 7.6916 -6.2101 0 7.567
4 71 -5.3648 0 10.9042 -4.1797 0 8.8516 -3.9039 0 8.9739 -5.255 0 11.314
3 71 -4.1797 0 8.8516 -4.0581 0 8.5802 -3.9039 0 8.9739
3 0 -5.8109 0 7.8769 -5.4385 0 8.1393 -7.0102 0 9.9542
3 0 -5.4385 0 8.1393 -5.0326 0 8.3963 -7.0102 0 9.9542
3 0 -5.0326 0 8.3963 -4.6145 0 8.6331 -7.0102 0 9.9542
4 0 -7.0102 0 9.9542 -4.6145 0 8.6331 -4.1797 0 8.8516 -5.3648 0 10.9042
3 0 -6.9219 0 6.9219 -6.5739 0 7.2532 -7.42 0 10.064
3 0 -6.5739 0 7.2532 -6.2101 0 7.567 -7.42 0 10.064
3 0 -6.2101 0 7.567 -6.0504 0 7.6916 -7.42 0 10.064
3 0 -3.9039 0 8.9739 -3.7461 0 9.0439 -5.255 0 11.314
3 0 -3.7461 0 9.0439 -3.2978 0 9.2168 -5.255 0 11.314
3 0 -3.2978 0 9.2168 -2.8416 0 9.3675 -5.255 0 11.314
3 0 -2.8416 0 9.3675 -2.3785 0 9.4956 -5.255 0 11.314
3 0 -2.3785 0 9.4956 -1.9097 0 9.6009 -5.255 0 11.314
3 0 -1.9097 0 9.6009 -1.4363 0 9.683 -5.255 0 11.314
3 0 -1.4363 0 9.683 -.9595 0 9.7419 -5.255 0 11.314
3 0 -.9595 0 9.7419 -.4803 0 9.7772 -5.255 0 11.314
4 0 -5.255 0 11.314 -.4803 0 9.7772 0 0 9.789 0 0 15.9
4 0 -7.42 0 10.064 -5.255 0 11.314 0 0 15.9 -13.7 0 8

3 0 -2.349 0 17.8452 0 0 16.5 0 0 18
