0 ~Sticker  4.8 x 10.8 Top for Technic Panel  5 x 11 x  1
0 Name: s\6154914fs02.dat
0 Author: Jens Brühl [jb70]
0 !LDRAW_ORG Unofficial_Subpart
0 !LICENSE Licensed under CC BY 4.0 : see CAreadme.txt

0 BFC CERTIFY CCW

1 16 105 -.25 26 3 0 0 0 1 0 0 0 3 1-4chrd.dat
1 16 54.5 -.25 45 3 0 0 0 1 0 0 0 3 1-4chrd.dat
1 16 70 -.25 43 -12.5 0 0 0 1 0 0 0 -14 1-4ndis.dat
1 16 105 -.25 -26 3 0 0 0 1 0 0 0 -3 1-4chrd.dat
1 16 54.5 -.25 -45 3 0 0 0 1 0 0 0 -3 1-4chrd.dat
1 16 70 -.25 -43 -12.5 0 0 0 1 0 0 0 14 1-4ndis.dat
1 16 -105 -.25 26 -3 0 0 0 1 0 0 0 3 1-4chrd.dat
1 16 -54.5 -.25 45 -3 0 0 0 1 0 0 0 3 1-4chrd.dat
1 16 -70 -.25 43 12.5 0 0 0 1 0 0 0 -14 1-4ndis.dat
1 16 -105 -.25 -26 -3 0 0 0 1 0 0 0 -3 1-4chrd.dat
1 16 -54.5 -.25 -45 -3 0 0 0 1 0 0 0 -3 1-4chrd.dat
1 16 -70 -.25 -43 12.5 0 0 0 1 0 0 0 14 1-4ndis.dat
4 16 -54.5 -.25 -48 54.5 -.25 -48 57.5 -.25 -45 -57.5 -.25 -45
4 16 -57.5 -.25 -43 -57.5 -.25 -45 57.5 -.25 -45 57.5 -.25 -43
4 16 -57.5 -.25 -43 57.5 -.25 -43 57.5 -.25 -29 -57.5 -.25 -29
4 16 -57.5 -.25 29 -57.5 -.25 -29 57.5 -.25 -29 57.5 -.25 29
4 16 57.5 -.25 29 57.5 -.25 -29 70 -.25 -29 70 -.25 29
4 16 70 -.25 29 70 -.25 -29 105 -.25 -29 105 -.25 29
4 16 105 -.25 29 105 -.25 -29 108 -.25 -26 108 -.25 26
4 16 -70 -.25 -29 -57.5 -.25 -29 -57.5 -.25 29 -70 -.25 29
4 16 -105 -.25 -29 -70 -.25 -29 -70 -.25 29 -105 -.25 29
4 16 -108 -.25 -26 -105 -.25 -29 -105 -.25 29 -108 -.25 26
4 16 57.5 -.25 45 54.5 -.25 48 -54.5 -.25 48 -57.5 -.25 45
4 16 57.5 -.25 45 -57.5 -.25 45 -57.5 -.25 43 57.5 -.25 43
4 16 57.5 -.25 29 57.5 -.25 43 -57.5 -.25 43 -57.5 -.25 29