0 ~Sticker  1.2 x  2.6 with Black Lines - Small box
0 Name: s\6155286as02.dat
0 Author: Willy Tschager [Holly-Wood]
0 !LDRAW_ORG Unofficial_Subpart
0 !LICENSE Licensed under CC BY 4.0 : see CAreadme.txt

0 BFC CERTIFY CCW

0 // Small box
1 16 11.5 0 25.25 1 0 0 0 -1 0 0 0 1 1-4chrd.dat
1 16 -11.5 0 25.25 0 0 -1 0 -1 0 1 0 0 1-4chrd.dat
1 16 -11.5 0 -25.25 -1 0 0 0 -1 0 0 0 -1 1-4chrd.dat
1 16 11.5 0 -25.25 0 0 1 0 -1 0 -1 0 0 1-4chrd.dat
4 16 11.5 0 -26.25 -11.5 0 -26.25 -12.5 0 -25.25 12.5 0 -25.25
4 16 -12.5 0 25.25 -11.5 0 26.25 11.5 0 26.25 12.5 0 25.25
4 16 -12.5 0 -25.25 -12.5 0 25.25 12.5 0 25.25 12.5 0 -25.25

1 16 11.5 -.25 25.25 1 0 0 0 .25 0 0 0 1 1-4cyli.dat
1 16 -11.5 -.25 25.25 0 0 -1 0 .25 0 1 0 0 1-4cyli.dat
1 16 -11.5 -.25 -25.25 -1 0 0 0 .25 0 0 0 -1 1-4cyli.dat
1 16 11.5 -.25 -25.25 0 0 1 0 .25 0 -1 0 0 1-4cyli.dat
4 16 11.5 -.25 -26.25 -11.5 -.25 -26.25 -11.5 0 -26.25 11.5 0 -26.25
4 16 12.5 -.25 25.25 12.5 -.25 -25.25 12.5 0 -25.25 12.5 0 25.25
4 16 -11.5 -.25 26.25 11.5 -.25 26.25 11.5 0 26.25 -11.5 0 26.25
4 16 -12.5 -.25 -25.25 -12.5 -.25 25.25 -12.5 0 25.25 -12.5 0 -25.25