0 ~Sticker  1.8 x  1.9 with Logos on Red Background -  Third Face
0 Name: s\6177954qs03.dat
0 Author: Massimo Maso [Sirio]
0 !LDRAW_ORG Unofficial_Subpart
0 !LICENSE Licensed under CC BY 4.0 : see CAreadme.txt

0 BFC CERTIFY CCW


0 // Shell
0 // Red faces
3 4 -4.5253 -.25 6.8955 -3.3849 -.25 7.2284 -4.9919 -.25 7.2284
4 4 -4.5253 -.25 6.8955 -4.2303 -.25 4.3526 -3.1152 -.25 5.5503 -3.3849 -.25 7.2284
3 4 4.5253 -.25 6.8955 4.9919 -.25 7.2284 3.3849 -.25 7.2284
4 4 4.5253 -.25 6.8955 3.3849 -.25 7.2284 3.1152 -.25 5.5503 4.2303 -.25 4.3526
4 4 -.7729 -.25 4.3408 -.6313 -.25 5.5149 -3.1152 -.25 5.5503 -4.2303 -.25 4.3526
3 4 -.7729 -.25 4.3408 -.4307 -.25 5.3438 -.6313 -.25 5.5149
4 4 -.7729 -.25 4.3408 -.6254 -.25 4.2169 -.4366 -.25 4.1048 -.4307 -.25 5.3438
4 4 .7729 -.25 4.3408 4.2303 -.25 4.3526 3.1152 -.25 5.5503 .6313 -.25 5.5149
3 4 .7729 -.25 4.3408 .6313 -.25 5.5149 .4307 -.25 5.3438
4 4 .7729 -.25 4.3408 .4307 -.25 5.3438 .4366 -.25 4.1048 .6254 -.25 4.2169
4 4 -.2183 -.25 4.0399 -.236 -.25 5.2199 -.4307 -.25 5.3438 -.4366 -.25 4.1048
4 4 -.2183 -.25 4.0399 0 -.25 4.0222 0 -.25 5.1786 -.236 -.25 5.2199
4 4 .2183 -.25 4.0399 .4366 -.25 4.1048 .4307 -.25 5.3438 .236 -.25 5.2199
4 4 .2183 -.25 4.0399 .236 -.25 5.2199 0 -.25 5.1786 0 -.25 4.0222
0 // Yellow faces
3 14 -.6313 -.25 5.5149 -3.3849 -.25 7.2284 -3.1152 -.25 5.5503
4 14 -.6313 -.25 5.5149 .6313 -.25 5.5149 3.3849 -.25 7.2284 -3.3849 -.25 7.2284
4 14 -.6313 -.25 5.5149 -.4307 -.25 5.3438 .4307 -.25 5.3438 .6313 -.25 5.5149
3 14 .6313 -.25 5.5149 3.1152 -.25 5.5503 3.3849 -.25 7.2284
4 14 -.236 -.25 5.2199 .236 -.25 5.2199 .4307 -.25 5.3438 -.4307 -.25 5.3438
3 14 -.236 -.25 5.2199 0 -.25 5.1786 .236 -.25 5.2199
0 // White faces
4 15 -4.5253 -.25 6.8955 -4.9919 -.25 7.2284 -5.7038 -.25 7.2284 -4.9147 -.25 6.6654
4 15 -4.5253 -.25 6.8955 -4.9147 -.25 6.6654 -4.5961 -.25 3.9396 -4.2303 -.25 4.3526
4 15 4.5253 -.25 6.8955 4.9147 -.25 6.6654 5.7038 -.25 7.2284 4.9919 -.25 7.2284
4 15 4.5253 -.25 6.8955 4.2303 -.25 4.3526 4.5961 -.25 3.9396 4.9147 -.25 6.6654
4 15 -.7729 -.25 4.3408 -4.2303 -.25 4.3526 -4.5961 -.25 3.9396 -.9204 -.25 3.9278
4 15 -.7729 -.25 4.3408 -.9204 -.25 3.9278 -.7434 -.25 3.8098 -.6254 -.25 4.2169
4 15 .7729 -.25 4.3408 .9204 -.25 3.9278 4.5961 -.25 3.9396 4.2303 -.25 4.3526
4 15 .7729 -.25 4.3408 .6254 -.25 4.2169 .7434 -.25 3.8098 .9204 -.25 3.9278
4 15 -.4366 -.25 4.1048 -.6254 -.25 4.2169 -.7434 -.25 3.8098 -.5133 -.25 3.7036
4 15 -.4366 -.25 4.1048 -.5133 -.25 3.7036 -.2537 -.25 3.6328 -.2183 -.25 4.0399
4 15 .4366 -.25 4.1048 .5133 -.25 3.7036 .7434 -.25 3.8098 .6254 -.25 4.2169
4 15 .4366 -.25 4.1048 .2183 -.25 4.0399 .2537 -.25 3.6328 .5133 -.25 3.7036
4 15 0 -.25 4.0222 -.2183 -.25 4.0399 -.2537 -.25 3.6328 0 -.25 3.6092
4 15 0 -.25 4.0222 0 -.25 3.6092 .2537 -.25 3.6328 .2183 -.25 4.0399
0 // Red faces
4 4 -18 -.25 7.2284 -4.5961 -.25 3.9396 -4.9147 -.25 6.6654 -5.7038 -.25 7.2284
3 4 -18 -.25 7.2284 -5.5068 -.25 3.1652 -4.5961 -.25 3.9396
4 4 -18 -.25 7.2284 -11.7 -.25 2.2058 -11.102 -.25 2.2058 -5.5068 -.25 3.1652
4 4 -18 -.25 7.2284 -18 -.25 -.0128 -11.7 -.25 -.0128 -11.7 -.25 2.2058
4 4 18 -.25 7.2284 5.7038 -.25 7.2284 4.9147 -.25 6.6654 4.5961 -.25 3.9396
4 4 18 -.25 7.2284 4.5961 -.25 3.9396 5.2806 -.25 2.2058 6.4246 -.25 2.2058
3 4 18 -.25 7.2284 6.4246 -.25 2.2058 7.1266 -.25 2.2058
3 4 18 -.25 7.2284 7.1266 -.25 2.2058 7.1461 -.25 2.2058
3 4 18 -.25 7.2284 7.1461 -.25 2.2058 7.7441 -.25 2.2058
3 4 18 -.25 7.2284 7.7441 -.25 2.2058 9.2209 -.25 2.2058
3 4 18 -.25 7.2284 9.2209 -.25 2.2058 9.8189 -.25 2.2058
4 4 18 -.25 7.2284 9.8189 -.25 2.2058 10.9742 -.25 2.2033 11.046 -.25 2.2159
3 4 18 -.25 7.2284 11.046 -.25 2.2159 11.1189 -.25 2.2201
3 4 18 -.25 7.2284 11.1189 -.25 2.2201 11.1918 -.25 2.2159
3 4 18 -.25 7.2284 11.1918 -.25 2.2159 11.2636 -.25 2.2033
3 4 18 -.25 7.2284 11.2636 -.25 2.2033 11.3336 -.25 2.1823
3 4 18 -.25 7.2284 11.3336 -.25 2.1823 11.4005 -.25 2.1532
3 4 18 -.25 7.2284 11.4005 -.25 2.1532 11.4633 -.25 2.1161
3 4 18 -.25 7.2284 11.4633 -.25 2.1161 11.5211 -.25 2.0715
3 4 18 -.25 7.2284 11.5211 -.25 2.0715 11.5725 -.25 2.0197
3 4 18 -.25 7.2284 11.5725 -.25 2.0197 11.6166 -.25 1.9616
3 4 18 -.25 7.2284 11.6166 -.25 1.9616 11.6523 -.25 1.8979
3 4 18 -.25 7.2284 11.6523 -.25 1.8979 11.6785 -.25 1.8298
3 4 18 -.25 7.2284 11.6785 -.25 1.8298 11.6946 -.25 1.7586
3 4 18 -.25 7.2284 11.6946 -.25 1.7586 11.7 -.25 1.6858
3 4 18 -.25 7.2284 11.7 -.25 1.6858 11.6946 -.25 1.613
3 4 18 -.25 7.2284 11.6946 -.25 1.613 11.6785 -.25 1.5418
3 4 18 -.25 7.2284 11.6785 -.25 1.5418 11.6523 -.25 1.4737
3 4 18 -.25 7.2284 11.6523 -.25 1.4737 11.6166 -.25 1.41
4 4 18 -.25 7.2284 11.6166 -.25 1.41 11.5701 -.25 1.3491 11.6623 -.25 1.3491
3 4 18 -.25 7.2284 11.6623 -.25 1.3491 11.6623 -.25 1.0215
4 4 18 -.25 7.2284 11.6623 -.25 1.0215 11.6623 -.25 .7966 18 -.25 -.0128
3 4 -4.5961 -.25 3.9396 -5.5068 -.25 3.1652 -5.047 -.25 2.7829
4 4 -4.5961 -.25 3.9396 -5.047 -.25 2.7829 -4.3537 -.25 2.2058 -3.3735 -.25 2.2058
4 4 -4.5961 -.25 3.9396 -3.3735 -.25 2.2058 -3.2333 -.25 2.1966 -1.9734 -.25 2.2058
4 4 -4.5961 -.25 3.9396 -1.9734 -.25 2.2058 -.0858 -.25 2.2058 -.9204 -.25 3.9278
3 4 4.5961 -.25 3.9396 .9204 -.25 3.9278 3.5295 -.25 3.1652
3 4 4.5961 -.25 3.9396 3.5295 -.25 3.1652 3.9893 -.25 2.7829
4 4 4.5961 -.25 3.9396 3.9893 -.25 2.7829 4.6826 -.25 2.2058 5.2806 -.25 2.2058
4 4 -5.7921 -.25 2.8221 -5.5068 -.25 3.1652 -11.102 -.25 2.2058 -9.958 -.25 2.2058
4 4 -5.7921 -.25 2.8221 -9.958 -.25 2.2058 -9.256 -.25 2.2058 -5.8321 -.25 2.772
4 4 3.2442 -.25 2.8221 3.5295 -.25 3.1652 1.7694 -.25 2.1241 1.8954 -.25 2.0619
4 4 3.2442 -.25 2.8221 1.8954 -.25 2.0619 2.0122 -.25 1.9839 3.2042 -.25 2.772
4 4 3.0851 -.25 2.5938 3.2042 -.25 2.772 2.0122 -.25 1.9839 2.1178 -.25 1.8913
3 4 3.0851 -.25 2.5938 2.1178 -.25 1.8913 2.2104 -.25 1.7857
3 4 3.0851 -.25 2.5938 2.2104 -.25 1.7857 2.2884 -.25 1.6689
3 4 3.0851 -.25 2.5938 2.2884 -.25 1.6689 2.3506 -.25 1.5429
4 4 3.0851 -.25 2.5938 2.3506 -.25 1.5429 2.3957 -.25 1.4099 2.9903 -.25 2.4015
4 4 -7.67 -.25 2.3293 -10.374 -.25 .6172 -9.9306 -.25 -.0128 -8.7585 -.25 -.0128
3 4 -7.67 -.25 2.3293 -9.256 -.25 2.2058 -10.374 -.25 .6172
4 4 -7.67 -.25 2.3293 -5.9512 -.25 2.5938 -5.8321 -.25 2.772 -9.256 -.25 2.2058
3 4 -7.67 -.25 2.3293 -6.046 -.25 2.4015 -5.9512 -.25 2.5938
3 4 -7.67 -.25 2.3293 -6.1149 -.25 2.1985 -6.046 -.25 2.4015
3 4 -7.67 -.25 2.3293 -6.1567 -.25 1.9883 -6.1149 -.25 2.1985
3 4 -7.67 -.25 2.3293 -6.1707 -.25 1.7744 -6.1567 -.25 1.9883
3 4 -7.67 -.25 2.3293 -6.1567 -.25 1.5606 -6.1707 -.25 1.7744
3 4 -7.67 -.25 2.3293 -6.1149 -.25 1.3503 -6.1567 -.25 1.5606
3 4 -7.67 -.25 2.3293 -6.046 -.25 1.1474 -6.1149 -.25 1.3503
3 4 -7.67 -.25 2.3293 -5.9789 -.25 1.0051 -6.046 -.25 1.1474
3 4 -7.67 -.25 2.3293 -5.6072 -.25 .3061 -5.9789 -.25 1.0051
4 4 -7.67 -.25 2.3293 -5.5056 -.25 .048 -5.5571 -.25 .1997 -5.6072 -.25 .3061
4 4 -7.67 -.25 2.3293 -6.5815 -.25 -.0128 -5.4935 -.25 -.0128 -5.5056 -.25 .048
4 4 -4.3537 -.25 2.2058 -5.047 -.25 2.7829 -5.3323 -.25 2.4397 -5.3577 -.25 2.408
4 4 -4.3537 -.25 2.2058 -5.3577 -.25 2.408 -5.4333 -.25 2.2948 -5.4935 -.25 2.1727
4 4 -4.3537 -.25 2.2058 -5.4935 -.25 2.1727 -5.5372 -.25 2.0438 -5.5638 -.25 1.9103
4 4 -4.3537 -.25 2.2058 -5.5638 -.25 1.9103 -5.5727 -.25 1.7744 -5.5638 -.25 1.6386
4 4 -4.3537 -.25 2.2058 -5.5638 -.25 1.6386 -5.5372 -.25 1.5051 -5.4935 -.25 1.3762
4 4 -4.3537 -.25 2.2058 -5.4935 -.25 1.3762 -5.4509 -.25 1.2859 -5.0792 -.25 .5868
3 4 -4.3537 -.25 2.2058 -5.0792 -.25 .5868 -5.0046 -.25 .4286
3 4 -4.3537 -.25 2.2058 -5.0046 -.25 .4286 -4.9279 -.25 .2028
4 4 -4.3537 -.25 2.2058 -4.9279 -.25 .2028 -4.885 -.25 -.0128 -4.3537 -.25 -.0128
3 4 -1.9734 -.25 2.2058 -3.2333 -.25 2.1966 -3.0956 -.25 2.1692
3 4 -1.9734 -.25 2.2058 -3.0956 -.25 2.1692 -2.9626 -.25 2.1241
3 4 -1.9734 -.25 2.2058 -2.9626 -.25 2.1241 -2.8366 -.25 2.0619
3 4 -1.9734 -.25 2.2058 -2.8366 -.25 2.0619 -2.7198 -.25 1.9839
3 4 -1.9734 -.25 2.2058 -2.7198 -.25 1.9839 -2.6142 -.25 1.8913
3 4 -1.9734 -.25 2.2058 -2.6142 -.25 1.8913 -2.5216 -.25 1.7857
3 4 -1.9734 -.25 2.2058 -2.5216 -.25 1.7857 -2.4436 -.25 1.6689
3 4 -1.9734 -.25 2.2058 -2.4436 -.25 1.6689 -2.3814 -.25 1.5429
3 4 -1.9734 -.25 2.2058 -2.3814 -.25 1.5429 -2.3363 -.25 1.4099
3 4 -1.9734 -.25 2.2058 -2.3363 -.25 1.4099 -2.3089 -.25 1.2722
3 4 -1.9734 -.25 2.2058 -2.3089 -.25 1.2722 -2.2997 -.25 1.132
4 4 -1.9734 -.25 2.2058 -2.2997 -.25 1.132 -2.3089 -.25 .9918 -1.9734 -.25 -.0128
3 4 -.0858 -.25 2.2058 -.7434 -.25 3.8098 -.9204 -.25 3.9278
3 4 -.0858 -.25 2.2058 -.5133 -.25 3.7036 -.7434 -.25 3.8098
3 4 -.0858 -.25 2.2058 -.2537 -.25 3.6328 -.5133 -.25 3.7036
3 4 -.0858 -.25 2.2058 0 -.25 3.6092 -.2537 -.25 3.6328
4 4 -.0858 -.25 2.2058 .3783 -.25 2.2058 .2537 -.25 3.6328 0 -.25 3.6092
4 4 -.0858 -.25 2.2058 -.0858 -.25 1.6078 .3783 -.25 -.0128 .3783 -.25 2.2058
4 4 1.3585 -.25 2.2058 .5133 -.25 3.7036 .2537 -.25 3.6328 .3783 -.25 2.2058
4 4 1.3585 -.25 2.2058 1.4987 -.25 2.1966 .7434 -.25 3.8098 .5133 -.25 3.7036
4 4 4.6826 -.25 2.2058 3.9893 -.25 2.7829 3.704 -.25 2.4397 3.6786 -.25 2.408
4 4 4.6826 -.25 2.2058 3.6786 -.25 2.408 3.603 -.25 2.2948 3.5428 -.25 2.1727
4 4 4.6826 -.25 2.2058 3.5428 -.25 2.1727 3.4991 -.25 2.0438 3.4725 -.25 1.9103
4 4 4.6826 -.25 2.2058 3.4725 -.25 1.9103 3.4636 -.25 1.7744 3.4725 -.25 1.6386
4 4 4.6826 -.25 2.2058 3.4725 -.25 1.6386 3.4991 -.25 1.5051 3.5428 -.25 1.3762
4 4 4.6826 -.25 2.2058 3.5428 -.25 1.3762 3.5854 -.25 1.2859 3.9571 -.25 .5868
3 4 4.6826 -.25 2.2058 3.9571 -.25 .5868 4.0317 -.25 .4286
3 4 4.6826 -.25 2.2058 4.0317 -.25 .4286 4.1084 -.25 .2028
4 4 4.6826 -.25 2.2058 4.1084 -.25 .2028 4.1513 -.25 -.0128 4.6826 -.25 -.0128
3 4 7.1266 -.25 2.2058 6.0086 -.25 .6172 6.452 -.25 -.0128
4 4 7.1266 -.25 2.2058 6.452 -.25 -.0128 8.4281 -.25 -.0128 7.1461 -.25 2.2058
3 4 9.8189 -.25 2.2058 10.9042 -.25 2.1823 10.9742 -.25 2.2033
3 4 9.8189 -.25 2.2058 10.8373 -.25 2.1532 10.9042 -.25 2.1823
3 4 9.8189 -.25 2.2058 10.7745 -.25 2.1161 10.8373 -.25 2.1532
3 4 9.8189 -.25 2.2058 10.7167 -.25 2.0715 10.7745 -.25 2.1161
3 4 9.8189 -.25 2.2058 10.6653 -.25 2.0197 10.7167 -.25 2.0715
3 4 9.8189 -.25 2.2058 10.6212 -.25 1.9616 10.6653 -.25 2.0197
3 4 9.8189 -.25 2.2058 10.5855 -.25 1.8979 10.6212 -.25 1.9616
3 4 9.8189 -.25 2.2058 10.5593 -.25 1.8298 10.5855 -.25 1.8979
3 4 9.8189 -.25 2.2058 10.5432 -.25 1.7586 10.5593 -.25 1.8298
3 4 9.8189 -.25 2.2058 10.5378 -.25 1.6858 10.5432 -.25 1.7586
3 4 9.8189 -.25 2.2058 10.5432 -.25 1.613 10.5378 -.25 1.6858
3 4 9.8189 -.25 2.2058 10.5593 -.25 1.5418 10.5432 -.25 1.613
3 4 9.8189 -.25 2.2058 10.5855 -.25 1.4737 10.5593 -.25 1.5418
3 4 9.8189 -.25 2.2058 10.6212 -.25 1.41 10.5855 -.25 1.4737
4 4 9.8189 -.25 2.2058 9.9541 -.25 1.3491 10.6677 -.25 1.3491 10.6212 -.25 1.41
4 4 9.9541 -.25 1.3491 9.8189 -.25 2.2058 8.5369 -.25 -.0128 9.9541 -.25 1.0215
4 4 2.9214 -.25 2.1985 2.9903 -.25 2.4015 2.3957 -.25 1.4099 2.4231 -.25 1.2722
4 4 2.9214 -.25 2.1985 2.4231 -.25 1.2722 2.4323 -.25 1.132 2.8796 -.25 1.9883
4 4 1.6364 -.25 2.1692 .9204 -.25 3.9278 .7434 -.25 3.8098 1.4987 -.25 2.1966
4 4 1.6364 -.25 2.1692 1.7694 -.25 2.1241 3.5295 -.25 3.1652 .9204 -.25 3.9278
4 4 2.8656 -.25 1.7744 2.8796 -.25 1.9883 2.4323 -.25 1.132 2.4231 -.25 .9918
4 4 2.8656 -.25 1.7744 2.4231 -.25 .9918 2.3957 -.25 .8541 2.8796 -.25 1.5606
4 4 2.9214 -.25 1.3503 2.8796 -.25 1.5606 2.3957 -.25 .8541 2.3506 -.25 .7211
4 4 2.9214 -.25 1.3503 2.3506 -.25 .7211 2.2884 -.25 .5951 2.9903 -.25 1.1474
4 4 9.9541 -.25 1.0215 10.5651 -.25 .7966 11.6623 -.25 .7966 11.6623 -.25 1.0215
4 4 3.0574 -.25 1.0051 2.9903 -.25 1.1474 2.2884 -.25 .5951 2.2104 -.25 .4783
4 4 3.0574 -.25 1.0051 2.2104 -.25 .4783 2.1178 -.25 .3727 3.4291 -.25 .3061
3 4 8.4825 -.25 .928 9.2209 -.25 2.2058 7.7441 -.25 2.2058
3 4 -8.0893 -.25 .0894 -7.2508 -.25 .0894 -7.67 -.25 1.0426
3 4 -8.0893 -.25 .0894 -7.67 -.25 1.0426 -8.1605 -.25 -.0128
3 4 -8.0893 -.25 .0894 -8.1605 -.25 -.0128 -8.0382 -.25 -.0128
3 4 -7.2508 -.25 .0894 -7.1795 -.25 -.0128 -7.67 -.25 1.0426
3 4 -7.2508 -.25 .0894 -7.3019 -.25 -.0128 -7.1795 -.25 -.0128
3 4 -11.076 -.25 .6172 -9.958 -.25 2.2058 -11.102 -.25 2.2058
3 4 -11.076 -.25 .6172 -11.102 -.25 2.2058 -11.102 -.25 -.0128
3 4 -11.076 -.25 .6172 -11.102 -.25 -.0128 -10.6326 -.25 -.0128
4 4 -3.7297 -.25 .6172 -3.3114 -.25 .6603 -3.2504 -.25 .6724 -3.1914 -.25 .6924
4 4 -3.7297 -.25 .6172 -3.1914 -.25 .6924 -3.1356 -.25 .72 -3.0839 -.25 .7545
4 4 -3.7297 -.25 .6172 -3.0839 -.25 .7545 -3.0371 -.25 .7956 -2.996 -.25 .8424
4 4 -3.7297 -.25 .6172 -2.996 -.25 .8424 -2.9615 -.25 .8941 -2.9339 -.25 .9499
4 4 -3.7297 -.25 .6172 -2.9339 -.25 .9499 -2.9139 -.25 1.0089 -2.9018 -.25 1.0699
4 4 -3.7297 -.25 .6172 -2.9018 -.25 1.0699 -2.8977 -.25 1.132 -2.9018 -.25 1.1941
4 4 -3.7297 -.25 .6172 -2.9018 -.25 1.1941 -2.9139 -.25 1.2551 -2.9339 -.25 1.3141
4 4 -3.7297 -.25 .6172 -2.9339 -.25 1.3141 -2.9615 -.25 1.3699 -2.996 -.25 1.4216
4 4 -3.7297 -.25 .6172 -2.996 -.25 1.4216 -3.0371 -.25 1.4684 -3.0839 -.25 1.5095
4 4 -3.7297 -.25 .6172 -3.0839 -.25 1.5095 -3.1356 -.25 1.544 -3.1914 -.25 1.5716
4 4 -3.7297 -.25 .6172 -3.1914 -.25 1.5716 -3.2504 -.25 1.5916 -3.3114 -.25 1.6037
4 4 -3.7297 -.25 .6172 -3.3114 -.25 1.6037 -3.3735 -.25 1.6078 -3.7557 -.25 1.6078
3 4 -3.7297 -.25 .6172 -3.7557 -.25 1.6078 -3.7557 -.25 -.0128
3 4 -3.7297 -.25 .6172 -3.7557 -.25 -.0128 -3.3372 -.25 .0567
4 4 -1.3494 -.25 .6172 -.5109 -.25 1.0365 -.0858 -.25 1.6078 -1.3754 -.25 1.6078
3 4 -1.3494 -.25 .6172 -1.3754 -.25 1.6078 -1.3754 -.25 -.0128
3 4 -1.3494 -.25 .6172 -1.3754 -.25 -.0128 -.5109 -.25 .198
4 4 1.0023 -.25 .6172 1.4206 -.25 .6603 1.4816 -.25 .6724 1.5406 -.25 .6924
4 4 1.0023 -.25 .6172 1.5406 -.25 .6924 1.5964 -.25 .72 1.6481 -.25 .7545
4 4 1.0023 -.25 .6172 1.6481 -.25 .7545 1.6949 -.25 .7956 1.736 -.25 .8424
4 4 1.0023 -.25 .6172 1.736 -.25 .8424 1.7705 -.25 .8941 1.7981 -.25 .9499
4 4 1.0023 -.25 .6172 1.7981 -.25 .9499 1.8181 -.25 1.0089 1.8302 -.25 1.0699
4 4 1.0023 -.25 .6172 1.8302 -.25 1.0699 1.8343 -.25 1.132 1.8302 -.25 1.1941
4 4 1.0023 -.25 .6172 1.8302 -.25 1.1941 1.8181 -.25 1.2551 1.7981 -.25 1.3141
4 4 1.0023 -.25 .6172 1.7981 -.25 1.3141 1.7705 -.25 1.3699 1.736 -.25 1.4216
4 4 1.0023 -.25 .6172 1.736 -.25 1.4216 1.6949 -.25 1.4684 1.6481 -.25 1.5095
4 4 1.0023 -.25 .6172 1.6481 -.25 1.5095 1.5964 -.25 1.544 1.5406 -.25 1.5716
4 4 1.0023 -.25 .6172 1.5406 -.25 1.5716 1.4816 -.25 1.5916 1.4206 -.25 1.6037
4 4 1.0023 -.25 .6172 1.4206 -.25 1.6037 1.3585 -.25 1.6078 .9763 -.25 1.6078
3 4 1.0023 -.25 .6172 .9763 -.25 1.6078 .9763 -.25 -.0128
3 4 1.0023 -.25 .6172 .9763 -.25 -.0128 1.4431 -.25 -.0128
3 4 5.3066 -.25 .6172 6.4246 -.25 2.2058 5.2806 -.25 2.2058
3 4 5.3066 -.25 .6172 5.2806 -.25 2.2058 5.2806 -.25 -.0128
3 4 5.3066 -.25 .6172 5.2806 -.25 -.0128 5.75 -.25 -.0128
4 4 3.4792 -.25 .1997 3.4291 -.25 .3061 2.1178 -.25 .3727 2.0122 -.25 .2801
4 4 3.4792 -.25 .1997 2.0122 -.25 .2801 1.9644 -.25 .2455 3.5307 -.25 .048
3 4 -1.9734 -.25 -.0128 -2.3089 -.25 .9918 -2.3363 -.25 .8541
3 4 -1.9734 -.25 -.0128 -2.3363 -.25 .8541 -2.3814 -.25 .7211
3 4 -1.9734 -.25 -.0128 -2.3814 -.25 .7211 -2.4436 -.25 .5951
3 4 -1.9734 -.25 -.0128 -2.4436 -.25 .5951 -2.5216 -.25 .4783
3 4 -1.9734 -.25 -.0128 -2.5216 -.25 .4783 -2.6142 -.25 .3727
3 4 -1.9734 -.25 -.0128 -2.6142 -.25 .3727 -2.7198 -.25 .2801
3 4 -1.9734 -.25 -.0128 -2.7198 -.25 .2801 -2.8366 -.25 .2021
3 4 -1.9734 -.25 -.0128 -2.8366 -.25 .2021 -2.9626 -.25 .1399
3 4 -1.9734 -.25 -.0128 -2.9626 -.25 .1399 -3.0956 -.25 .0948
3 4 -1.9734 -.25 -.0128 -3.0956 -.25 .0948 -3.2333 -.25 .0674
4 4 .3783 -.25 -.0128 -.0858 -.25 1.6078 -.5109 -.25 1.0365 -.5109 -.25 .198
3 4 .3783 -.25 -.0128 -.5109 -.25 .198 -1.3754 -.25 -.0128
4 4 2.1451 -.25 -.0128 3.5428 -.25 -.0128 3.5307 -.25 .048 1.9644 -.25 .2455
4 4 8.5369 -.25 -.0128 10.5651 -.25 .469 10.5651 -.25 .7966 9.9541 -.25 1.0215
4 4 8.5369 -.25 -.0128 10.6212 -.25 .4081 10.6677 -.25 .469 10.5651 -.25 .469
3 4 8.5369 -.25 -.0128 10.5855 -.25 .3444 10.6212 -.25 .4081
3 4 8.5369 -.25 -.0128 10.5593 -.25 .2763 10.5855 -.25 .3444
3 4 8.5369 -.25 -.0128 10.5432 -.25 .2051 10.5593 -.25 .2763
3 4 8.5369 -.25 -.0128 10.5378 -.25 .1323 10.5432 -.25 .2051
3 4 8.5369 -.25 -.0128 10.5432 -.25 .0595 10.5378 -.25 .1323
3 4 8.5369 -.25 -.0128 10.5593 -.25 -.0117 10.5432 -.25 .0595
3 4 18 -.25 -.0128 11.6623 -.25 .7966 11.6623 -.25 .469
4 4 18 -.25 -.0128 11.6623 -.25 .469 11.5701 -.25 .469 11.6166 -.25 .4081
3 4 18 -.25 -.0128 11.6166 -.25 .4081 11.6523 -.25 .3444
3 4 18 -.25 -.0128 11.6523 -.25 .3444 11.6785 -.25 .2763
3 4 18 -.25 -.0128 11.6785 -.25 .2763 11.6946 -.25 .2051
3 4 18 -.25 -.0128 11.6946 -.25 .2051 11.7 -.25 .1323
3 4 18 -.25 -.0128 11.7 -.25 .1323 11.6946 -.25 .0595
3 4 18 -.25 -.0128 11.6946 -.25 .0595 11.6781 -.25 -.0128
3 4 11.1189 -.25 1.8951 11.0828 -.25 1.8928 11.155 -.25 1.8928
4 4 11.0473 -.25 1.886 11.1905 -.25 1.886 11.155 -.25 1.8928 11.0828 -.25 1.8928
4 4 11.0473 -.25 1.886 11.013 -.25 1.8747 11.2248 -.25 1.8747 11.1905 -.25 1.886
4 4 10.9804 -.25 1.8592 11.2574 -.25 1.8592 11.2248 -.25 1.8747 11.013 -.25 1.8747
4 4 10.9804 -.25 1.8592 10.95 -.25 1.8396 11.2878 -.25 1.8396 11.2574 -.25 1.8592
4 4 10.9224 -.25 1.8163 11.3154 -.25 1.8163 11.2878 -.25 1.8396 10.95 -.25 1.8396
4 4 10.9224 -.25 1.8163 10.8981 -.25 1.7895 11.3397 -.25 1.7895 11.3154 -.25 1.8163
4 4 10.8776 -.25 1.7598 11.3602 -.25 1.7598 11.3397 -.25 1.7895 10.8981 -.25 1.7895
4 4 10.8776 -.25 1.7598 10.8611 -.25 1.7276 11.3767 -.25 1.7276 11.3602 -.25 1.7598
4 4 10.8492 -.25 1.6935 11.3887 -.25 1.6935 11.3767 -.25 1.7276 10.8611 -.25 1.7276
4 4 10.8492 -.25 1.6935 10.8418 -.25 1.6582 11.396 -.25 1.6582 11.3887 -.25 1.6935
4 4 10.8394 -.25 1.6221 11.3984 -.25 1.6221 11.396 -.25 1.6582 10.8418 -.25 1.6582
4 4 10.8394 -.25 1.6221 10.8418 -.25 1.586 11.396 -.25 1.586 11.3984 -.25 1.6221
4 4 10.8492 -.25 1.5507 11.3887 -.25 1.5507 11.396 -.25 1.586 10.8418 -.25 1.586
4 4 10.8492 -.25 1.5507 10.8611 -.25 1.5166 11.3767 -.25 1.5166 11.3887 -.25 1.5507
4 4 10.8776 -.25 1.4844 11.3602 -.25 1.4844 11.3767 -.25 1.5166 10.8611 -.25 1.5166
4 4 10.8776 -.25 1.4844 10.8981 -.25 1.4547 11.3397 -.25 1.4547 11.3602 -.25 1.4844
4 4 10.9224 -.25 1.4279 11.3154 -.25 1.4279 11.3397 -.25 1.4547 10.8981 -.25 1.4547
4 4 10.9224 -.25 1.4279 10.95 -.25 1.4046 11.2878 -.25 1.4046 11.3154 -.25 1.4279
4 4 10.9804 -.25 1.385 11.2574 -.25 1.385 11.2878 -.25 1.4046 10.95 -.25 1.4046
4 4 10.9804 -.25 1.385 11.013 -.25 1.3695 11.2248 -.25 1.3695 11.2574 -.25 1.385
4 4 11.0473 -.25 1.3582 11.1905 -.25 1.3582 11.2248 -.25 1.3695 11.013 -.25 1.3695
4 4 11.0473 -.25 1.3582 11.0828 -.25 1.3514 11.155 -.25 1.3514 11.1905 -.25 1.3582
3 4 11.1189 -.25 1.3491 11.155 -.25 1.3514 11.0828 -.25 1.3514
3 4 11.1189 -.25 .469 11.0828 -.25 .4667 11.155 -.25 .4667
4 4 11.0473 -.25 .4599 11.1905 -.25 .4599 11.155 -.25 .4667 11.0828 -.25 .4667
4 4 11.0473 -.25 .4599 11.013 -.25 .4486 11.2248 -.25 .4486 11.1905 -.25 .4599
4 4 10.9804 -.25 .4331 11.2574 -.25 .4331 11.2248 -.25 .4486 11.013 -.25 .4486
4 4 10.9804 -.25 .4331 10.95 -.25 .4135 11.2878 -.25 .4135 11.2574 -.25 .4331
4 4 10.9224 -.25 .3902 11.3154 -.25 .3902 11.2878 -.25 .4135 10.95 -.25 .4135
4 4 10.9224 -.25 .3902 10.8981 -.25 .3634 11.3397 -.25 .3634 11.3154 -.25 .3902
4 4 10.8776 -.25 .3337 11.3602 -.25 .3337 11.3397 -.25 .3634 10.8981 -.25 .3634
4 4 10.8776 -.25 .3337 10.8611 -.25 .3015 11.3767 -.25 .3015 11.3602 -.25 .3337
4 4 10.8492 -.25 .2674 11.3887 -.25 .2674 11.3767 -.25 .3015 10.8611 -.25 .3015
4 4 10.8492 -.25 .2674 10.8418 -.25 .2321 11.396 -.25 .2321 11.3887 -.25 .2674
4 4 10.8394 -.25 .196 11.3984 -.25 .196 11.396 -.25 .2321 10.8418 -.25 .2321
4 4 10.8394 -.25 .196 10.8418 -.25 .1599 11.396 -.25 .1599 11.3984 -.25 .196
4 4 10.8492 -.25 .1246 11.3887 -.25 .1246 11.396 -.25 .1599 10.8418 -.25 .1599
4 4 10.8492 -.25 .1246 10.8611 -.25 .0905 11.3767 -.25 .0905 11.3887 -.25 .1246
4 4 10.8776 -.25 .0583 11.3602 -.25 .0583 11.3767 -.25 .0905 10.8611 -.25 .0905
4 4 10.8776 -.25 .0583 10.8981 -.25 .0286 11.3397 -.25 .0286 11.3602 -.25 .0583
4 4 10.9224 -.25 .0018 11.3154 -.25 .0018 11.3397 -.25 .0286 10.8981 -.25 .0286
4 4 10.9224 -.25 .0018 10.9397 -.25 -.0128 11.2981 -.25 -.0128 11.3154 -.25 .0018
0 // White text "KASPERSKY"
0 // Letter "Kaspersky"
4 15 -11.076 -.25 .6172 -10.374 -.25 .6172 -9.256 -.25 2.2058 -9.958 -.25 2.2058
4 15 -11.076 -.25 .6172 -10.6326 -.25 -.0128 -9.9306 -.25 -.0128 -10.374 -.25 .6172
4 15 -11.7 -.25 -.0128 -11.102 -.25 -.0128 -11.102 -.25 2.2058 -11.7 -.25 2.2058
0 // Letter "kAspersky"
4 15 -7.67 -.25 1.0426 -7.67 -.25 2.3293 -8.7585 -.25 -.0128 -8.1605 -.25 -.0128
4 15 -7.67 -.25 1.0426 -7.1795 -.25 -.0128 -6.5815 -.25 -.0128 -7.67 -.25 2.3293
4 15 -8.0382 -.25 -.0128 -7.3019 -.25 -.0128 -7.2508 -.25 .0894 -8.0893 -.25 .0894
0 // Letter "kaSpersky"
4 15 -5.7921 -.25 2.8221 -5.3323 -.25 2.4397 -5.047 -.25 2.7829 -5.5068 -.25 3.1652
4 15 -5.7921 -.25 2.8221 -5.8321 -.25 2.772 -5.3577 -.25 2.408 -5.3323 -.25 2.4397
4 15 -5.9512 -.25 2.5938 -5.4333 -.25 2.2948 -5.3577 -.25 2.408 -5.8321 -.25 2.772
4 15 -5.9512 -.25 2.5938 -6.046 -.25 2.4015 -5.4935 -.25 2.1727 -5.4333 -.25 2.2948
4 15 -6.1149 -.25 2.1985 -5.5372 -.25 2.0438 -5.4935 -.25 2.1727 -6.046 -.25 2.4015
4 15 -6.1149 -.25 2.1985 -6.1567 -.25 1.9883 -5.5638 -.25 1.9103 -5.5372 -.25 2.0438
4 15 -6.1707 -.25 1.7744 -5.5727 -.25 1.7744 -5.5638 -.25 1.9103 -6.1567 -.25 1.9883
4 15 -6.1707 -.25 1.7744 -6.1567 -.25 1.5606 -5.5638 -.25 1.6386 -5.5727 -.25 1.7744
4 15 -6.1149 -.25 1.3503 -5.5372 -.25 1.5051 -5.5638 -.25 1.6386 -6.1567 -.25 1.5606
4 15 -6.1149 -.25 1.3503 -6.046 -.25 1.1474 -5.4935 -.25 1.3762 -5.5372 -.25 1.5051
4 15 -5.9789 -.25 1.0051 -5.4509 -.25 1.2859 -5.4935 -.25 1.3762 -6.046 -.25 1.1474
4 15 -5.9789 -.25 1.0051 -5.6072 -.25 .3061 -5.0792 -.25 .5868 -5.4509 -.25 1.2859
4 15 -5.5571 -.25 .1997 -5.0046 -.25 .4286 -5.0792 -.25 .5868 -5.6072 -.25 .3061
4 15 -5.5571 -.25 .1997 -5.5056 -.25 .048 -4.9279 -.25 .2028 -5.0046 -.25 .4286
4 15 -5.4935 -.25 -.0128 -4.885 -.25 -.0128 -4.9279 -.25 .2028 -5.5056 -.25 .048
0 // Letter "kasPersky"
4 15 -3.7557 -.25 1.6078 -4.3537 -.25 2.2058 -4.3537 -.25 -.0128 -3.7557 -.25 -.0128
4 15 -3.7557 -.25 1.6078 -3.3735 -.25 1.6078 -3.3735 -.25 2.2058 -4.3537 -.25 2.2058
4 15 -3.3114 -.25 1.6037 -3.2333 -.25 2.1966 -3.3735 -.25 2.2058 -3.3735 -.25 1.6078
4 15 -3.3114 -.25 1.6037 -3.2504 -.25 1.5916 -3.0956 -.25 2.1692 -3.2333 -.25 2.1966
4 15 -3.1914 -.25 1.5716 -2.9626 -.25 2.1241 -3.0956 -.25 2.1692 -3.2504 -.25 1.5916
4 15 -3.1914 -.25 1.5716 -3.1356 -.25 1.544 -2.8366 -.25 2.0619 -2.9626 -.25 2.1241
4 15 -3.0839 -.25 1.5095 -2.7198 -.25 1.9839 -2.8366 -.25 2.0619 -3.1356 -.25 1.544
4 15 -3.0839 -.25 1.5095 -3.0371 -.25 1.4684 -2.6142 -.25 1.8913 -2.7198 -.25 1.9839
4 15 -2.996 -.25 1.4216 -2.5216 -.25 1.7857 -2.6142 -.25 1.8913 -3.0371 -.25 1.4684
4 15 -2.996 -.25 1.4216 -2.9615 -.25 1.3699 -2.4436 -.25 1.6689 -2.5216 -.25 1.7857
4 15 -2.9339 -.25 1.3141 -2.3814 -.25 1.5429 -2.4436 -.25 1.6689 -2.9615 -.25 1.3699
4 15 -2.9339 -.25 1.3141 -2.9139 -.25 1.2551 -2.3363 -.25 1.4099 -2.3814 -.25 1.5429
4 15 -2.9018 -.25 1.1941 -2.3089 -.25 1.2722 -2.3363 -.25 1.4099 -2.9139 -.25 1.2551
4 15 -2.9018 -.25 1.1941 -2.8977 -.25 1.132 -2.2997 -.25 1.132 -2.3089 -.25 1.2722
4 15 -2.9018 -.25 1.0699 -2.3089 -.25 .9918 -2.2997 -.25 1.132 -2.8977 -.25 1.132
4 15 -2.9018 -.25 1.0699 -2.9139 -.25 1.0089 -2.3363 -.25 .8541 -2.3089 -.25 .9918
4 15 -2.9339 -.25 .9499 -2.3814 -.25 .7211 -2.3363 -.25 .8541 -2.9139 -.25 1.0089
4 15 -2.9339 -.25 .9499 -2.9615 -.25 .8941 -2.4436 -.25 .5951 -2.3814 -.25 .7211
4 15 -2.996 -.25 .8424 -2.5216 -.25 .4783 -2.4436 -.25 .5951 -2.9615 -.25 .8941
4 15 -2.996 -.25 .8424 -3.0371 -.25 .7956 -2.6142 -.25 .3727 -2.5216 -.25 .4783
4 15 -3.0839 -.25 .7545 -2.7198 -.25 .2801 -2.6142 -.25 .3727 -3.0371 -.25 .7956
4 15 -3.0839 -.25 .7545 -3.1356 -.25 .72 -2.8366 -.25 .2021 -2.7198 -.25 .2801
4 15 -3.1914 -.25 .6924 -2.9626 -.25 .1399 -2.8366 -.25 .2021 -3.1356 -.25 .72
4 15 -3.1914 -.25 .6924 -3.2504 -.25 .6724 -3.0956 -.25 .0948 -2.9626 -.25 .1399
4 15 -3.3114 -.25 .6603 -3.2333 -.25 .0674 -3.0956 -.25 .0948 -3.2504 -.25 .6724
4 15 -3.3114 -.25 .6603 -3.7297 -.25 .6172 -3.3372 -.25 .0567 -3.2333 -.25 .0674
0 // Letter "kaspErsky"
4 15 -1.3754 -.25 1.6078 -.0858 -.25 1.6078 -.0858 -.25 2.2058 -1.9734 -.25 2.2058
4 15 -1.3754 -.25 1.6078 -1.9734 -.25 2.2058 -1.9734 -.25 -.0128 -1.3754 -.25 -.0128
3 15 -1.3494 -.25 .6172 -.5109 -.25 .198 -.5109 -.25 1.0365
0 // Letter "kaspeRsky"
4 15 .9763 -.25 1.6078 .3783 -.25 2.2058 .3783 -.25 -.0128 .9763 -.25 -.0128
4 15 .9763 -.25 1.6078 1.3585 -.25 1.6078 1.3585 -.25 2.2058 .3783 -.25 2.2058
4 15 1.4206 -.25 1.6037 1.4987 -.25 2.1966 1.3585 -.25 2.2058 1.3585 -.25 1.6078
4 15 1.4206 -.25 1.6037 1.4816 -.25 1.5916 1.6364 -.25 2.1692 1.4987 -.25 2.1966
4 15 1.5406 -.25 1.5716 1.7694 -.25 2.1241 1.6364 -.25 2.1692 1.4816 -.25 1.5916
4 15 1.5406 -.25 1.5716 1.5964 -.25 1.544 1.8954 -.25 2.0619 1.7694 -.25 2.1241
4 15 1.6481 -.25 1.5095 2.0122 -.25 1.9839 1.8954 -.25 2.0619 1.5964 -.25 1.544
4 15 1.6481 -.25 1.5095 1.6949 -.25 1.4684 2.1178 -.25 1.8913 2.0122 -.25 1.9839
4 15 1.736 -.25 1.4216 2.2104 -.25 1.7857 2.1178 -.25 1.8913 1.6949 -.25 1.4684
4 15 1.736 -.25 1.4216 1.7705 -.25 1.3699 2.2884 -.25 1.6689 2.2104 -.25 1.7857
4 15 1.7981 -.25 1.3141 2.3506 -.25 1.5429 2.2884 -.25 1.6689 1.7705 -.25 1.3699
4 15 1.7981 -.25 1.3141 1.8181 -.25 1.2551 2.3957 -.25 1.4099 2.3506 -.25 1.5429
4 15 1.8302 -.25 1.1941 2.4231 -.25 1.2722 2.3957 -.25 1.4099 1.8181 -.25 1.2551
4 15 1.8302 -.25 1.1941 1.8343 -.25 1.132 2.4323 -.25 1.132 2.4231 -.25 1.2722
4 15 1.8302 -.25 1.0699 2.4231 -.25 .9918 2.4323 -.25 1.132 1.8343 -.25 1.132
4 15 1.8302 -.25 1.0699 1.8181 -.25 1.0089 2.3957 -.25 .8541 2.4231 -.25 .9918
4 15 1.7981 -.25 .9499 2.3506 -.25 .7211 2.3957 -.25 .8541 1.8181 -.25 1.0089
4 15 1.7981 -.25 .9499 1.7705 -.25 .8941 2.2884 -.25 .5951 2.3506 -.25 .7211
4 15 1.736 -.25 .8424 2.2104 -.25 .4783 2.2884 -.25 .5951 1.7705 -.25 .8941
4 15 1.736 -.25 .8424 1.6949 -.25 .7956 2.1178 -.25 .3727 2.2104 -.25 .4783
4 15 1.6481 -.25 .7545 2.0122 -.25 .2801 2.1178 -.25 .3727 1.6949 -.25 .7956
4 15 1.6481 -.25 .7545 1.5964 -.25 .72 1.9644 -.25 .2455 2.0122 -.25 .2801
3 15 1.4431 -.25 -.0128 1.4206 -.25 .6603 1.0023 -.25 .6172
3 15 1.4431 -.25 -.0128 1.4816 -.25 .6724 1.4206 -.25 .6603
3 15 1.4431 -.25 -.0128 1.5406 -.25 .6924 1.4816 -.25 .6724
3 15 1.4431 -.25 -.0128 1.5964 -.25 .72 1.5406 -.25 .6924
4 15 1.4431 -.25 -.0128 2.1451 -.25 -.0128 1.9644 -.25 .2455 1.5964 -.25 .72
0 // Letter "kasperSky"
4 15 3.2442 -.25 2.8221 3.704 -.25 2.4397 3.9893 -.25 2.7829 3.5295 -.25 3.1652
4 15 3.2442 -.25 2.8221 3.2042 -.25 2.772 3.6786 -.25 2.408 3.704 -.25 2.4397
4 15 3.0851 -.25 2.5938 3.603 -.25 2.2948 3.6786 -.25 2.408 3.2042 -.25 2.772
4 15 3.0851 -.25 2.5938 2.9903 -.25 2.4015 3.5428 -.25 2.1727 3.603 -.25 2.2948
4 15 2.9214 -.25 2.1985 3.4991 -.25 2.0438 3.5428 -.25 2.1727 2.9903 -.25 2.4015
4 15 2.9214 -.25 2.1985 2.8796 -.25 1.9883 3.4725 -.25 1.9103 3.4991 -.25 2.0438
4 15 2.8656 -.25 1.7744 3.4636 -.25 1.7744 3.4725 -.25 1.9103 2.8796 -.25 1.9883
4 15 2.8656 -.25 1.7744 2.8796 -.25 1.5606 3.4725 -.25 1.6386 3.4636 -.25 1.7744
4 15 2.9214 -.25 1.3503 3.4991 -.25 1.5051 3.4725 -.25 1.6386 2.8796 -.25 1.5606
4 15 2.9214 -.25 1.3503 2.9903 -.25 1.1474 3.5428 -.25 1.3762 3.4991 -.25 1.5051
4 15 3.0574 -.25 1.0051 3.5854 -.25 1.2859 3.5428 -.25 1.3762 2.9903 -.25 1.1474
4 15 3.0574 -.25 1.0051 3.4291 -.25 .3061 3.9571 -.25 .5868 3.5854 -.25 1.2859
4 15 3.4792 -.25 .1997 4.0317 -.25 .4286 3.9571 -.25 .5868 3.4291 -.25 .3061
4 15 3.4792 -.25 .1997 3.5307 -.25 .048 4.1084 -.25 .2028 4.0317 -.25 .4286
4 15 3.5428 -.25 -.0128 4.1513 -.25 -.0128 4.1084 -.25 .2028 3.5307 -.25 .048
0 // Letter "kaspersKy"
4 15 5.3066 -.25 .6172 6.0086 -.25 .6172 7.1266 -.25 2.2058 6.4246 -.25 2.2058
4 15 5.3066 -.25 .6172 5.75 -.25 -.0128 6.452 -.25 -.0128 6.0086 -.25 .6172
4 15 4.6826 -.25 -.0128 5.2806 -.25 -.0128 5.2806 -.25 2.2058 4.6826 -.25 2.2058
0 // Letter "kasperskY"
4 15 8.4825 -.25 .928 7.7441 -.25 2.2058 7.1461 -.25 2.2058 8.4281 -.25 -.0128
3 15 8.4825 -.25 .928 8.4281 -.25 -.0128 8.5369 -.25 -.0128
4 15 8.4825 -.25 .928 8.5369 -.25 -.0128 9.8189 -.25 2.2058 9.2209 -.25 2.2058
0 // White text "lab"
0 // Letter "a"
3 15 10.5651 -.25 .7966 10.5651 -.25 .469 10.6677 -.25 .469
4 15 10.5651 -.25 .7966 10.6677 -.25 .469 11.013 -.25 .4486 11.0473 -.25 .4599
3 15 10.5651 -.25 .7966 11.0473 -.25 .4599 11.0828 -.25 .4667
4 15 10.5651 -.25 .7966 11.0828 -.25 .4667 11.1189 -.25 .469 11.6623 -.25 .7966
3 15 11.6623 -.25 .7966 11.1189 -.25 .469 11.155 -.25 .4667
3 15 11.6623 -.25 .7966 11.155 -.25 .4667 11.1905 -.25 .4599
4 15 11.6623 -.25 .7966 11.1905 -.25 .4599 11.2248 -.25 .4486 11.5701 -.25 .469
3 15 11.6623 -.25 .469 11.6623 -.25 .7966 11.5701 -.25 .469
3 15 10.6677 -.25 .469 10.9804 -.25 .4331 11.013 -.25 .4486
3 15 10.6677 -.25 .469 10.95 -.25 .4135 10.9804 -.25 .4331
3 15 10.6677 -.25 .469 10.9224 -.25 .3902 10.95 -.25 .4135
3 15 10.6677 -.25 .469 10.8981 -.25 .3634 10.9224 -.25 .3902
3 15 10.6677 -.25 .469 10.8776 -.25 .3337 10.8981 -.25 .3634
4 15 10.6677 -.25 .469 10.6212 -.25 .4081 10.8611 -.25 .3015 10.8776 -.25 .3337
3 15 11.5701 -.25 .469 11.2248 -.25 .4486 11.2574 -.25 .4331
3 15 11.5701 -.25 .469 11.2574 -.25 .4331 11.2878 -.25 .4135
3 15 11.5701 -.25 .469 11.2878 -.25 .4135 11.3154 -.25 .3902
3 15 11.5701 -.25 .469 11.3154 -.25 .3902 11.3397 -.25 .3634
3 15 11.5701 -.25 .469 11.3397 -.25 .3634 11.3602 -.25 .3337
4 15 11.5701 -.25 .469 11.3602 -.25 .3337 11.3767 -.25 .3015 11.6166 -.25 .4081
4 15 10.5855 -.25 .3444 10.8492 -.25 .2674 10.8611 -.25 .3015 10.6212 -.25 .4081
4 15 10.5855 -.25 .3444 10.5593 -.25 .2763 10.8418 -.25 .2321 10.8492 -.25 .2674
4 15 11.6523 -.25 .3444 11.6166 -.25 .4081 11.3767 -.25 .3015 11.3887 -.25 .2674
4 15 11.6523 -.25 .3444 11.3887 -.25 .2674 11.396 -.25 .2321 11.6785 -.25 .2763
4 15 10.5432 -.25 .2051 10.8394 -.25 .196 10.8418 -.25 .2321 10.5593 -.25 .2763
4 15 10.5432 -.25 .2051 10.5378 -.25 .1323 10.8418 -.25 .1599 10.8394 -.25 .196
4 15 11.6946 -.25 .2051 11.6785 -.25 .2763 11.396 -.25 .2321 11.3984 -.25 .196
4 15 11.6946 -.25 .2051 11.3984 -.25 .196 11.396 -.25 .1599 11.7 -.25 .1323
4 15 10.5432 -.25 .0595 10.8492 -.25 .1246 10.8418 -.25 .1599 10.5378 -.25 .1323
4 15 10.5432 -.25 .0595 10.5593 -.25 -.0117 10.8611 -.25 .0905 10.8492 -.25 .1246
4 15 11.6946 -.25 .0595 11.7 -.25 .1323 11.396 -.25 .1599 11.3887 -.25 .1246
4 15 11.6946 -.25 .0595 11.3887 -.25 .1246 11.3767 -.25 .0905 11.6785 -.25 -.0117
4 15 10.5597 -.25 -.0128 10.8776 -.25 .0583 10.8611 -.25 .0905 10.5593 -.25 -.0117
3 15 10.5597 -.25 -.0128 10.8981 -.25 .0286 10.8776 -.25 .0583
3 15 10.5597 -.25 -.0128 10.9224 -.25 .0018 10.8981 -.25 .0286
3 15 10.5597 -.25 -.0128 10.9397 -.25 -.0128 10.9224 -.25 .0018
4 15 11.6781 -.25 -.0128 11.6785 -.25 -.0117 11.3767 -.25 .0905 11.3602 -.25 .0583
3 15 11.6781 -.25 -.0128 11.3602 -.25 .0583 11.3397 -.25 .0286
3 15 11.6781 -.25 -.0128 11.3397 -.25 .0286 11.3154 -.25 .0018
3 15 11.6781 -.25 -.0128 11.3154 -.25 .0018 11.2981 -.25 -.0128
0 // Letter "b"
4 15 11.1189 -.25 1.8951 11.1189 -.25 2.2201 11.046 -.25 2.2159 11.0828 -.25 1.8928
4 15 11.1189 -.25 1.8951 11.155 -.25 1.8928 11.1918 -.25 2.2159 11.1189 -.25 2.2201
4 15 11.0473 -.25 1.886 11.0828 -.25 1.8928 11.046 -.25 2.2159 10.9742 -.25 2.2033
4 15 11.0473 -.25 1.886 10.9742 -.25 2.2033 10.9042 -.25 2.1823 11.013 -.25 1.8747
4 15 11.1905 -.25 1.886 11.2636 -.25 2.2033 11.1918 -.25 2.2159 11.155 -.25 1.8928
4 15 11.1905 -.25 1.886 11.2248 -.25 1.8747 11.3336 -.25 2.1823 11.2636 -.25 2.2033
4 15 10.9804 -.25 1.8592 11.013 -.25 1.8747 10.9042 -.25 2.1823 10.8373 -.25 2.1532
4 15 10.9804 -.25 1.8592 10.8373 -.25 2.1532 10.7745 -.25 2.1161 10.95 -.25 1.8396
4 15 11.2574 -.25 1.8592 11.4005 -.25 2.1532 11.3336 -.25 2.1823 11.2248 -.25 1.8747
4 15 11.2574 -.25 1.8592 11.2878 -.25 1.8396 11.4633 -.25 2.1161 11.4005 -.25 2.1532
4 15 10.9224 -.25 1.8163 10.95 -.25 1.8396 10.7745 -.25 2.1161 10.7167 -.25 2.0715
4 15 10.9224 -.25 1.8163 10.7167 -.25 2.0715 10.6653 -.25 2.0197 10.8981 -.25 1.7895
4 15 11.3154 -.25 1.8163 11.5211 -.25 2.0715 11.4633 -.25 2.1161 11.2878 -.25 1.8396
4 15 11.3154 -.25 1.8163 11.3397 -.25 1.7895 11.5725 -.25 2.0197 11.5211 -.25 2.0715
4 15 10.8776 -.25 1.7598 10.8981 -.25 1.7895 10.6653 -.25 2.0197 10.6212 -.25 1.9616
4 15 10.8776 -.25 1.7598 10.6212 -.25 1.9616 10.5855 -.25 1.8979 10.8611 -.25 1.7276
4 15 11.3602 -.25 1.7598 11.6166 -.25 1.9616 11.5725 -.25 2.0197 11.3397 -.25 1.7895
4 15 11.3602 -.25 1.7598 11.3767 -.25 1.7276 11.6523 -.25 1.8979 11.6166 -.25 1.9616
4 15 10.8492 -.25 1.6935 10.8611 -.25 1.7276 10.5855 -.25 1.8979 10.5593 -.25 1.8298
4 15 10.8492 -.25 1.6935 10.5593 -.25 1.8298 10.5432 -.25 1.7586 10.8418 -.25 1.6582
4 15 11.3887 -.25 1.6935 11.6785 -.25 1.8298 11.6523 -.25 1.8979 11.3767 -.25 1.7276
4 15 11.3887 -.25 1.6935 11.396 -.25 1.6582 11.6946 -.25 1.7586 11.6785 -.25 1.8298
4 15 10.8394 -.25 1.6221 10.8418 -.25 1.6582 10.5432 -.25 1.7586 10.5378 -.25 1.6858
4 15 10.8394 -.25 1.6221 10.5378 -.25 1.6858 10.5432 -.25 1.613 10.8418 -.25 1.586
4 15 11.3984 -.25 1.6221 11.7 -.25 1.6858 11.6946 -.25 1.7586 11.396 -.25 1.6582
4 15 11.3984 -.25 1.6221 11.396 -.25 1.586 11.6946 -.25 1.613 11.7 -.25 1.6858
4 15 10.8492 -.25 1.5507 10.8418 -.25 1.586 10.5432 -.25 1.613 10.5593 -.25 1.5418
4 15 10.8492 -.25 1.5507 10.5593 -.25 1.5418 10.5855 -.25 1.4737 10.8611 -.25 1.5166
4 15 11.3887 -.25 1.5507 11.6785 -.25 1.5418 11.6946 -.25 1.613 11.396 -.25 1.586
4 15 11.3887 -.25 1.5507 11.3767 -.25 1.5166 11.6523 -.25 1.4737 11.6785 -.25 1.5418
4 15 10.8776 -.25 1.4844 10.8611 -.25 1.5166 10.5855 -.25 1.4737 10.6212 -.25 1.41
4 15 10.8776 -.25 1.4844 10.6212 -.25 1.41 10.6677 -.25 1.3491 10.8981 -.25 1.4547
4 15 11.6166 -.25 1.41 11.6523 -.25 1.4737 11.3767 -.25 1.5166 11.3602 -.25 1.4844
4 15 11.6166 -.25 1.41 11.3602 -.25 1.4844 11.3397 -.25 1.4547 11.5701 -.25 1.3491
3 15 10.6677 -.25 1.3491 10.9224 -.25 1.4279 10.8981 -.25 1.4547
3 15 10.6677 -.25 1.3491 10.95 -.25 1.4046 10.9224 -.25 1.4279
3 15 10.6677 -.25 1.3491 10.9804 -.25 1.385 10.95 -.25 1.4046
3 15 10.6677 -.25 1.3491 11.013 -.25 1.3695 10.9804 -.25 1.385
3 15 11.5701 -.25 1.3491 11.3397 -.25 1.4547 11.3154 -.25 1.4279
3 15 11.5701 -.25 1.3491 11.3154 -.25 1.4279 11.2878 -.25 1.4046
3 15 11.5701 -.25 1.3491 11.2878 -.25 1.4046 11.2574 -.25 1.385
3 15 11.5701 -.25 1.3491 11.2574 -.25 1.385 11.2248 -.25 1.3695
3 15 9.9541 -.25 1.0215 10.6677 -.25 1.3491 9.9541 -.25 1.3491
4 15 9.9541 -.25 1.0215 11.0473 -.25 1.3582 11.013 -.25 1.3695 10.6677 -.25 1.3491
3 15 9.9541 -.25 1.0215 11.0828 -.25 1.3514 11.0473 -.25 1.3582
3 15 9.9541 -.25 1.0215 11.1189 -.25 1.3491 11.0828 -.25 1.3514
4 15 9.9541 -.25 1.0215 11.6623 -.25 1.0215 11.155 -.25 1.3514 11.1189 -.25 1.3491
3 15 11.6623 -.25 1.0215 11.6623 -.25 1.3491 11.5701 -.25 1.3491
4 15 11.6623 -.25 1.0215 11.5701 -.25 1.3491 11.2248 -.25 1.3695 11.1905 -.25 1.3582
3 15 11.6623 -.25 1.0215 11.1905 -.25 1.3582 11.155 -.25 1.3514
