0 ~Sticker  1.8 x  1.8 with Green Screen, Buttons and Indicators on White Background - Quarter of Left Indicator
0 Name: s\6177973ns03.dat
0 Author: Massimo Maso [Sirio]
0 !LDRAW_ORG Unofficial_Subpart
0 !LICENSE Licensed under CC BY 4.0 : see CAreadme.txt

0 BFC CERTIFY CCW

0 !HISTORY 2024-03-23 [OrionP] Updated ring primitives

0 // Primitives
1 0 0 0 0 2.2 0 0 0 1 0 0 0 2.2 1-4ring25.dat
1 15 0 0 0 55 0 0 0 1 0 0 0 55 1-4ering.dat
1 0 0 0 50 2.8 0 0 0 1 0 0 0 2.8 1-4chrd.dat
1 15 0 0 50 2.8 0 0 0 1 0 0 0 2.8 1-4ndis.dat
1 15 0 0 42 2.8 0 0 0 1 0 0 0 -2.8 1-4ndis.dat
1 0 0 0 42 2.8 0 0 0 1 0 0 0 -2.8 1-4chrd.dat
1 15 19.135 0 46.195 0 0 2.8 0 1 0 2.8 0 0 5-16ndis.dat
1 0 19.135 0 46.195 0 0 2.8 0 1 0 2.8 0 0 5-16chrd.dat
1 0 19.135 0 46.195 0 0 -2.8 0 1 0 2.8 0 0 3-16chrd.dat
1 15 19.135 0 46.195 0 0 -2.8 0 1 0 2.8 0 0 3-16ndis.dat
1 0 16.073 0 38.804 0 0 -2.8 0 1 0 -2.8 0 0 5-16chrd.dat
1 15 16.073 0 38.804 0 0 -2.8 0 1 0 -2.8 0 0 5-16ndis.dat
1 15 16.073 0 38.804 0 0 2.8 0 1 0 -2.8 0 0 3-16ndis.dat
1 0 16.073 0 38.804 0 0 2.8 0 1 0 -2.8 0 0 3-16chrd.dat
1 15 35.355 0 35.355 2.8 0 0 0 1 0 0 0 2.8 3-8ndis.dat
1 0 35.355 0 35.355 2.8 0 0 0 1 0 0 0 2.8 3-8chrd.dat
1 0 35.355 0 35.355 2.8 0 0 0 1 0 0 0 -2.8 1-8chrd.dat
1 15 35.355 0 35.355 2.8 0 0 0 1 0 0 0 -2.8 1-8ndis.dat
1 15 29.698 0 29.698 -2.8 0 0 0 1 0 0 0 2.8 1-8ndis.dat
1 0 29.698 0 29.698 -2.8 0 0 0 1 0 0 0 2.8 1-8chrd.dat
1 0 29.698 0 29.698 -2.8 0 0 0 1 0 0 0 -2.8 3-8chrd.dat
1 15 29.698 0 29.698 -2.8 0 0 0 1 0 0 0 -2.8 3-8ndis.dat
1 15 46.195 0 19.135 2.8 0 0 0 1 0 0 0 2.8 5-16ndis.dat
1 0 46.195 0 19.135 2.8 0 0 0 1 0 0 0 2.8 5-16chrd.dat
1 0 46.195 0 19.135 2.8 0 0 0 1 0 0 0 -2.8 3-16chrd.dat
1 15 46.195 0 19.135 2.8 0 0 0 1 0 0 0 -2.8 3-16ndis.dat
1 15 38.804 0 16.073 -2.8 0 0 0 1 0 0 0 2.8 3-16ndis.dat
1 0 38.804 0 16.073 -2.8 0 0 0 1 0 0 0 2.8 3-16chrd.dat
1 0 38.804 0 16.073 -2.8 0 0 0 1 0 0 0 -2.8 5-16chrd.dat
1 15 38.804 0 16.073 -2.8 0 0 0 1 0 0 0 -2.8 5-16ndis.dat
1 15 42 0 0 -2.8 0 0 0 1 0 0 0 2.8 1-4ndis.dat
1 0 42 0 0 -2.8 0 0 0 1 0 0 0 2.8 1-4chrd.dat
1 0 50 0 0 2.8 0 0 0 1 0 0 0 2.8 1-4chrd.dat
1 15 50 0 0 2.8 0 0 0 1 0 0 0 2.8 1-4ndis.dat
1 4 0 0 0 1 0 0 0 1 0 0 0 1 1-4ring36.dat
1 4 0 0 0 2 0 0 0 1 0 0 0 2 1-4ring17.dat
1 4 0 0 0 .5 0 0 0 1 0 0 0 .5 1-4ring67.dat
1 15 0 0 0 .5 0 0 0 1 0 0 0 .5 1-4ring66.dat
0 // Faces
0 // Black lines
4 0 0 0 52.8 0 0 39.2 2.8 0 42 2.8 0 50
4 0 16.073 0 36.004 19.135 0 48.995 16.54808 0 47.26656 13.48608 0 39.87556
4 0 19.135 0 48.995 16.073 0 36.004 18.65992 0 37.73244 21.72192 0 45.12344
4 0 27.71812 0 31.67788 37.33488 0 33.37512 38.155 0 35.355 33.37512 0 37.33488
4 0 27.71812 0 31.67788 26.898 0 29.698 31.67788 0 27.71812 37.33488 0 33.37512
4 0 37.73244 0 18.65992 36.004 0 16.073 48.995 0 19.135 45.12344 0 21.72192
4 0 48.995 0 19.135 36.004 0 16.073 39.87556 0 13.48608 47.26656 0 16.54808
4 0 42 0 2.8 39.2 0 0 52.8 0 0 50 0 2.8
0 // White ring
4 15 33.37512 0 37.33488 32.555 0 38.155 26.898 0 32.498 27.71812 0 31.67788
4 15 31.67788 0 27.71812 32.498 0 26.898 38.155 0 32.555 37.33488 0 33.37512
4 15 36.004 0 18.873 37.73244 0 18.65992 45.12344 0 21.72192 43.395 0 21.935
4 15 39.87556 0 13.48608 41.604 0 13.273 48.995 0 16.335 47.26656 0 16.54808
4 15 16.54808 0 47.26656 16.335 0 48.995 13.273 0 41.604 13.48608 0 39.87556
4 15 18.65992 0 37.73244 18.873 0 36.004 21.935 0 43.395 21.72192 0 45.12344
3 15 0 0 55 0 0 52.8 2.8 0 52.8
3 15 0 0 39.2 0 0 37 2.8 0 39.2
4 15 2.8 0 50 2.8 0 42 13.273 0 41.604 16.335 0 48.995
4 15 2.8 0 42 2.8 0 39.2 13.273 0 38.804 13.273 0 41.604
4 15 2.8 0 39.2 0 0 37 13.273 0 36.004 13.273 0 38.804
4 15 2.8 0 52.8 2.8 0 50 16.335 0 48.995 19.135 0 48.995
4 15 0 0 55 2.8 0 52.8 19.135 0 48.995 21.0485 0 50.8145
3 15 21.0485 0 50.8145 19.135 0 48.995 21.935 0 48.995
3 15 0 0 37 14.1599 0 34.1843 13.273 0 36.004
3 15 14.1599 0 34.1843 16.073 0 36.004 13.273 0 36.004
3 15 14.1599 0 34.1843 18.873 0 36.004 16.073 0 36.004
4 15 14.1599 0 34.1843 26.1627 0 26.1627 26.898 0 26.898 18.873 0 36.004
4 15 21.0485 0 50.8145 21.935 0 48.995 32.555 0 38.155 35.355 0 38.155
4 15 21.0485 0 50.8145 35.355 0 38.155 38.155 0 38.155 38.8905 0 38.8905
3 15 55 0 0 52.8 0 2.8 52.8 0 0
3 15 37 0 0 39.2 0 0 39.2 0 2.8
3 15 37 0 0 36.004 0 13.273 34.1843 0 14.1599
3 15 34.1843 0 14.1599 36.004 0 13.273 36.004 0 16.073
3 15 34.1843 0 14.1599 36.004 0 16.073 36.004 0 18.873
4 15 34.1843 0 14.1599 36.004 0 18.873 26.898 0 26.898 26.1627 0 26.1627
4 15 37 0 0 39.2 0 2.8 38.804 0 13.273 36.004 0 13.273
4 15 38.804 0 13.273 39.2 0 2.8 42 0 2.8 41.604 0 13.273
4 15 41.604 0 13.273 42 0 2.8 50 0 2.8 48.995 0 16.335
4 15 48.995 0 19.135 48.995 0 16.335 50 0 2.8 52.8 0 2.8
4 15 50.8145 0 21.0485 48.995 0 19.135 52.8 0 2.8 55 0 0
3 15 50.8145 0 21.0485 48.995 0 21.935 48.995 0 19.135
4 15 50.8145 0 21.0485 38.8905 0 38.8905 38.155 0 38.155 38.155 0 35.355
4 15 50.8145 0 21.0485 38.155 0 35.355 38.155 0 32.555 48.995 0 21.935
3 15 32.555 0 38.155 21.935 0 48.995 21.935 0 46.195
3 15 38.155 0 32.555 46.195 0 21.935 48.995 0 21.935
4 15 32.555 0 38.155 21.935 0 46.195 21.935 0 43.395 26.898 0 32.498
4 15 38.155 0 32.555 32.498 0 26.898 43.395 0 21.935 46.195 0 21.935
4 15 26.898 0 32.498 21.935 0 43.395 18.873 0 36.004 26.898 0 29.698
4 15 29.698 0 26.898 36.004 0 18.873 43.395 0 21.935 32.498 0 26.898
3 15 36.004 0 18.873 29.698 0 26.898 26.898 0 26.898
3 15 18.873 0 36.004 26.898 0 26.898 26.898 0 29.698
