0 ~Sticker  0.8 x  4.0 with Logos on Red Background Right - First Face
0 Name: s\6177954ns01.dat
0 Author: Massimo Maso [Sirio]
0 !LDRAW_ORG Unofficial_Subpart
0 !LICENSE Licensed under CC BY 4.0 : see CAreadme.txt

0 BFC CERTIFY CCW


0 // Logo primitive
1 4 0 -.25 9.7477 0 0 -.5 0 1 0 .5 0 0 s\logoshells01.dat
0 // Primitives
1 4 -6.5 -.25 17.4194 -1.5 0 0 0 1 0 0 0 1.5 1-4chrd.dat
1 4 6.5 -.25 17.4194 1.5 0 0 0 1 0 0 0 1.5 1-4chrd.dat
0 // Black faces
4 0 .868 -.25 .5317 -3.92 -.25 .5317 -1.536 -.25 .0917 -.872 -.25 .0917
3 0 .868 -.25 .5317 .5512 -.25 .1867 -.872 -.25 .0917
4 0 .868 -.25 .5317 1.2258 -.25 .5095 .6879 -.25 .1957 .5512 -.25 .1867
4 0 1.5781 -.25 .4435 1.2258 -.25 .5095 .6879 -.25 .1957 .8247 -.25 .1867
4 0 1.5781 -.25 .4435 .8247 -.25 .1867 .9592 -.25 .1599 1.9196 -.25 .3345
4 0 -3.9759 -.25 .1994 -1.5784 -.25 .0243 -1.536 -.25 .0917 -3.92 -.25 .5317
4 0 -3.9759 -.25 .1994 -4.0039 -.25 -.0153 -1.5994 -.25 -.0153 -1.5784 -.25 .0243
4 0 2.2451 -.25 .1843 1.9196 -.25 .3345 .9592 -.25 .1599 1.089 -.25 .1159
4 0 2.2451 -.25 .1843 1.089 -.25 .1159 1.2119 -.25 .0553 2.5495 -.25 -.0049
4 0 -.8782 -.25 .0864 .4167 -.25 .1599 .5512 -.25 .1867 -.872 -.25 .0917
4 0 -.8782 -.25 .0864 -.9141 -.25 .0539 .2869 -.25 .1159 .4167 -.25 .1599
4 0 -.9482 -.25 .0195 .1639 -.25 .0553 .2869 -.25 .1159 -.9141 -.25 .0539
4 0 -.9482 -.25 .0195 -.9792 -.25 -.0153 .0583 -.25 -.0153 .1639 -.25 .0553
4 0 1.3176 -.25 -.0153 2.5623 -.25 -.0153 2.5495 -.25 -.0049 1.2119 -.25 .0553
0 // Red faces
4 4 -6.5 -.25 18.9194 -8 -.25 17.4194 -5.6 -.25 9.7477 -5.6 -.25 15.7727
4 4 -6.5 -.25 18.9194 -5.6 -.25 15.7727 5.6 -.25 15.7727 6.5 -.25 18.9194
4 4 6.5 -.25 18.9194 5.6 -.25 15.7727 5.6 -.25 9.7477 8 -.25 17.4194
4 4 -5.6 -.25 3.7227 -5.6 -.25 9.7477 -8 -.25 17.4194 -8 -.25 -.0153
4 4 -5.6 -.25 3.7227 -8 -.25 -.0153 -4.4081 -.25 -.0153 -4.3124 -.25 .2489
3 4 -5.6 -.25 3.7227 -4.3124 -.25 .2489 -4.1782 -.25 .5809
3 4 -5.6 -.25 3.7227 -4.1782 -.25 .5809 -4.032 -.25 .9077
4 4 -5.6 -.25 3.7227 -4.032 -.25 .9077 .868 -.25 .9077 5.6 -.25 3.7227
3 4 5.6 -.25 3.7227 .868 -.25 .9077 1.2721 -.25 .8827
3 4 5.6 -.25 3.7227 1.2721 -.25 .8827 1.6701 -.25 .808
3 4 5.6 -.25 3.7227 1.6701 -.25 .808 2.0558 -.25 .685
3 4 5.6 -.25 3.7227 2.0558 -.25 .685 2.4234 -.25 .5152
3 4 5.6 -.25 3.7227 2.4234 -.25 .5152 2.7674 -.25 .3015
3 4 5.6 -.25 3.7227 2.7674 -.25 .3015 3.0823 -.25 .0471
4 4 5.6 -.25 3.7227 3.0823 -.25 .0471 3.1425 -.25 -.0153 8 -.25 -.0153
4 4 5.6 -.25 3.7227 8 -.25 -.0153 8 -.25 17.4194 5.6 -.25 9.7477
0 // Yellow faces
4 14 -4.3124 -.25 .2489 -4.4081 -.25 -.0153 -4.0039 -.25 -.0153 -3.9759 -.25 .1994
4 14 -4.3124 -.25 .2489 -3.9759 -.25 .1994 -3.92 -.25 .5317 -4.1782 -.25 .5809
3 14 .868 -.25 .9077 -4.032 -.25 .9077 -4.1782 -.25 .5809
4 14 .868 -.25 .9077 -4.1782 -.25 .5809 -3.92 -.25 .5317 .868 -.25 .5317
4 14 .868 -.25 .9077 .868 -.25 .5317 1.2258 -.25 .5095 1.2721 -.25 .8827
4 14 1.6701 -.25 .808 1.2721 -.25 .8827 1.2258 -.25 .5095 1.5781 -.25 .4435
4 14 1.6701 -.25 .808 1.5781 -.25 .4435 1.9196 -.25 .3345 2.0558 -.25 .685
4 14 2.4234 -.25 .5152 2.0558 -.25 .685 1.9196 -.25 .3345 2.2451 -.25 .1843
4 14 2.4234 -.25 .5152 2.2451 -.25 .1843 2.5495 -.25 -.0049 2.7674 -.25 .3015
3 14 3.0823 -.25 .0471 2.7674 -.25 .3015 2.5495 -.25 -.0049
4 14 3.0823 -.25 .0471 2.5495 -.25 -.0049 2.5623 -.25 -.0153 3.1425 -.25 -.0153
3 14 .6879 -.25 .1957 .5512 -.25 .1867 .8247 -.25 .1867
4 14 .4167 -.25 .1599 .9592 -.25 .1599 .8247 -.25 .1867 .5512 -.25 .1867
4 14 .4167 -.25 .1599 .2869 -.25 .1159 1.089 -.25 .1159 .9592 -.25 .1599
4 14 .1639 -.25 .0553 1.2119 -.25 .0553 1.089 -.25 .1159 .2869 -.25 .1159
4 14 .1639 -.25 .0553 .0583 -.25 -.0153 1.3176 -.25 -.0153 1.2119 -.25 .0553
4 14 -1.5784 -.25 .0243 -.8782 -.25 .0864 -.872 -.25 .0917 -1.536 -.25 .0917
3 14 -1.5784 -.25 .0243 -.9141 -.25 .0539 -.8782 -.25 .0864
3 14 -1.5784 -.25 .0243 -.9482 -.25 .0195 -.9141 -.25 .0539
4 14 -1.5784 -.25 .0243 -1.5994 -.25 -.0153 -.9792 -.25 -.0153 -.9482 -.25 .0195
