0 ~Sticker  1.8 x  1.9 with Logos on Red Background - Fifth Face
0 Name: s\6177954qs05.dat
0 Author: Massimo Maso [Sirio]
0 !LDRAW_ORG Unofficial_Subpart
0 !LICENSE Licensed under CC BY 4.0 : see CAreadme.txt

0 BFC CERTIFY CCW


0 // Logo primitive
1 4 0 -.25 3.5522 .6 0 0 0 1 0 0 0 .6 s\logomahll01.dat
0 // Red faces
3 4 18 -.25 6.8484 7.926 -.25 5.3192 7.926 -.25 4.4432
3 4 18 -.25 6.8484 7.926 -.25 4.4432 7.926 -.25 3.9902
3 4 18 -.25 6.8484 7.926 -.25 3.9902 7.926 -.25 3.1142
3 4 18 -.25 6.8484 7.926 -.25 3.1142 7.926 -.25 2.6612
4 4 18 -.25 6.8484 7.926 -.25 2.6612 7.926 -.25 1.7852 8.428 -.25 .8022
4 4 18 -.25 6.8484 8.428 -.25 .8022 7.889 -.25 -.0144 18 -.25 -.0144
4 4 -7.54 -.25 6.1522 -7.54 -.25 6.8484 -18 -.25 6.8484 -7.926 -.25 5.3192
3 4 -7.54 -.25 6.1522 -7.926 -.25 5.3192 -3.78 -.25 5.3192
3 4 -7.54 -.25 6.1522 -3.78 -.25 5.3192 -3.294 -.25 5.3192
3 4 -7.54 -.25 6.1522 -3.294 -.25 5.3192 -.624 -.25 5.3192
3 4 -7.54 -.25 6.1522 -.624 -.25 5.3192 -.138 -.25 5.3192
3 4 -7.54 -.25 6.1522 -.138 -.25 5.3192 .834 -.25 5.3192
4 4 -7.54 -.25 6.1522 .834 -.25 5.3192 1.71 -.25 5.3192 7.54 -.25 6.1522
3 4 7.54 -.25 6.1522 1.71 -.25 5.3192 2.682 -.25 5.3192
3 4 7.54 -.25 6.1522 2.682 -.25 5.3192 3.168 -.25 5.3192
3 4 7.54 -.25 6.1522 3.168 -.25 5.3192 4.14 -.25 5.3192
3 4 7.54 -.25 6.1522 4.14 -.25 5.3192 5.73 -.25 5.3192
3 4 7.54 -.25 6.1522 5.73 -.25 5.3192 7.926 -.25 5.3192
4 4 7.54 -.25 6.1522 7.926 -.25 5.3192 18 -.25 6.8484 7.54 -.25 6.8484
3 4 -5.848 -.25 .8022 -6.954 -.25 1.7852 -7.926 -.25 1.7852
3 4 -5.848 -.25 .8022 -6.339 -.25 1.7852 -6.954 -.25 1.7852
4 4 -5.848 -.25 .8022 -4.902 -.25 .8022 -5.367 -.25 1.7852 -6.339 -.25 1.7852
3 4 -4.902 -.25 .8022 -4.752 -.25 1.7852 -5.367 -.25 1.7852
3 4 -4.902 -.25 .8022 -3.78 -.25 1.7852 -4.752 -.25 1.7852
4 4 -4.902 -.25 .8022 -.473 -.25 .8022 -3.294 -.25 1.7852 -3.78 -.25 1.7852
4 4 -4.902 -.25 .8022 -5.441 -.25 -.0144 -1.012 -.25 -.0144 -.473 -.25 .8022
3 4 -.473 -.25 .8022 -2.322 -.25 1.7852 -3.294 -.25 1.7852
3 4 -.473 -.25 .8022 -1.596 -.25 1.7852 -2.322 -.25 1.7852
4 4 -.473 -.25 .8022 .473 -.25 .8022 -.624 -.25 1.7852 -1.596 -.25 1.7852
3 4 .473 -.25 .8022 -.138 -.25 1.7852 -.624 -.25 1.7852
3 4 .473 -.25 .8022 .834 -.25 1.7852 -.138 -.25 1.7852
4 4 .473 -.25 .8022 7.482 -.25 .8022 1.71 -.25 1.7852 .834 -.25 1.7852
4 4 .473 -.25 .8022 -.066 -.25 -.0144 6.943 -.25 -.0144 7.482 -.25 .8022
3 4 7.482 -.25 .8022 2.682 -.25 1.7852 1.71 -.25 1.7852
3 4 7.482 -.25 .8022 3.168 -.25 1.7852 2.682 -.25 1.7852
4 4 7.482 -.25 .8022 8.428 -.25 .8022 5.244 -.25 1.7852 3.168 -.25 1.7852
3 4 8.428 -.25 .8022 5.73 -.25 1.7852 5.244 -.25 1.7852
3 4 8.428 -.25 .8022 7.926 -.25 1.7852 5.73 -.25 1.7852
4 4 -18 -.25 -.0144 -7.926 -.25 1.7852 -7.926 -.25 5.3192 -18 -.25 6.8484
4 4 -18 -.25 -.0144 -6.387 -.25 -.0144 -5.848 -.25 .8022 -7.926 -.25 1.7852
0 // Yellow face
4 14 -7.54 -.25 6.8484 -7.54 -.25 6.1522 7.54 -.25 6.1522 7.54 -.25 6.8484
0 // White faces
4 15 -.066 -.25 -.0144 .473 -.25 .8022 -.473 -.25 .8022 -1.012 -.25 -.0144
4 15 7.889 -.25 -.0144 8.428 -.25 .8022 7.482 -.25 .8022 6.943 -.25 -.0144
4 15 -5.441 -.25 -.0144 -4.902 -.25 .8022 -5.848 -.25 .8022 -6.387 -.25 -.0144
