0 ~Sticker  0.9 x  1.8 with Grey Piston on Green Background - One Half
0 Name: s\6177970fs01.dat
0 Author: Massimo Maso [Sirio]
0 !LDRAW_ORG Unofficial_Subpart
0 !LICENSE Licensed under CC BY 4.0 : see CAreadme.txt

0 BFC CERTIFY CCW


0 // Primitives
1 16 -16.5 0 7.7731 -1.5 0 0 0 -1 0 0 0 1.5 1-4chrd.dat
1 16 16.5 0 7.7731 1.5 0 0 0 -1 0 0 0 1.5 1-4chrd.dat
1 16 -16.5 0 7.7731 -1.5 0 0 0 -.25 0 0 0 1.5 1-4cyli.dat
1 16 16.5 0 7.7731 1.5 0 0 0 -.25 0 0 0 1.5 1-4cyli.dat
1 15 -16.5 -.25 7.7731 -1.5 0 0 0 1 0 0 0 1.5 1-4chrd.dat
1 15 16.5 -.25 7.7731 1.5 0 0 0 1 0 0 0 1.5 1-4chrd.dat
1 15 -14.4 -.25 4.9 -2 0 0 0 1 0 0 0 2 1-4ndis.dat
1 0 -14.4 -.25 4.9 0 0 -2 0 1 0 2 0 0 1-8chrd.dat
1 0 -14.4 -.25 4.9 -2 0 0 0 1 0 0 0 2 1-8chrd.dat
1 0 -14.4 -.25 4.9 -1.15 0 0 0 1 0 0 0 1.15 1-4ndis.dat
1 2 -14.4 -.25 4.9 -1.15 0 0 0 1 0 0 0 1.15 1-4chrd.dat
1 15 14.4 -.25 4.9 2 0 0 0 1 0 0 0 2 1-4ndis.dat
1 0 14.4 -.25 4.9 0 0 2 0 1 0 2 0 0 1-8chrd.dat
1 0 14.4 -.25 4.9 2 0 0 0 1 0 0 0 2 1-8chrd.dat
1 0 14.4 -.25 4.9 1.15 0 0 0 1 0 0 0 1.15 1-4ndis.dat
1 2 14.4 -.25 4.9 1.15 0 0 0 1 0 0 0 1.15 1-4chrd.dat
1 2 1.45 -.25 3.35 -1 0 0 0 1 0 0 0 1 1-4ndis.dat
1 0 1.45 -.25 3.35 -1 0 0 0 1 0 0 0 1 1-4chrd.dat
1 0 -9.7 -.25 0 .5 0 0 0 1 0 0 0 .5 2-4ring5.dat
1 71 -9.7 -.25 0 1.25 0 0 0 1 0 0 0 1.25 2-4ring1.dat
1 0 -9.7 -.25 0 1.25 0 0 0 1 0 0 0 1.25 2-4chrd.dat
1 71 3.3 -.25 0 1.25 0 0 0 1 0 0 0 1.25 2-4ndis.dat
1 0 3.3 -.25 0 1.25 0 0 0 1 0 0 0 1.25 2-4chrd.dat
0 // Bottom faces
4 16 -18 0 7.7731 -16.5 0 9.2731 16.5 0 9.2731 18 0 7.7731
0 // Lateral faces
4 16 -16.5 0 9.2731 -16.5 -.25 9.2731 16.5 -.25 9.2731 16.5 0 9.2731
0 // Top faces
0 // White background
4 15 -16.5 -.25 9.2731 -14.4 -.25 6.9 14.4 -.25 6.9 16.5 -.25 9.2731
4 15 -18 -.25 7.7731 -16.4 -.25 6.9 -14.4 -.25 6.9 -16.5 -.25 9.2731
3 15 -18 -.25 7.7731 -16.4 -.25 4.9 -16.4 -.25 6.9
4 15 18 -.25 7.7731 16.5 -.25 9.2731 14.4 -.25 6.9 16.4 -.25 6.9
3 15 18 -.25 7.7731 16.4 -.25 6.9 16.4 -.25 4.9
0 // Black frame
4 0 -14.4 -.25 6.9 -15.8142 -.25 6.3142 -15.55 -.25 6.05 -14.4 -.25 6.05
3 0 -14.4 -.25 6.9 -14.4 -.25 6.05 -11.6 -.25 6.05
3 0 -14.4 -.25 6.9 -11.6 -.25 6.05 -11.2 -.25 6.05
3 0 -14.4 -.25 6.9 -11.2 -.25 6.05 -5.9 -.25 6.05
3 0 -14.4 -.25 6.9 -5.9 -.25 6.05 -5.5 -.25 6.05
3 0 -14.4 -.25 6.9 -5.5 -.25 6.05 -.2 -.25 6.05
4 0 -14.4 -.25 6.9 -.2 -.25 6.05 .2 -.25 6.05 14.4 -.25 6.9
3 0 14.4 -.25 6.9 .2 -.25 6.05 5.5 -.25 6.05
3 0 14.4 -.25 6.9 5.5 -.25 6.05 5.9 -.25 6.05
3 0 14.4 -.25 6.9 5.9 -.25 6.05 11.2 -.25 6.05
3 0 14.4 -.25 6.9 11.2 -.25 6.05 11.6 -.25 6.05
3 0 14.4 -.25 6.9 11.6 -.25 6.05 14.4 -.25 6.05
4 0 14.4 -.25 6.9 14.4 -.25 6.05 15.55 -.25 6.05 15.8142 -.25 6.3142
4 0 -16.4 -.25 4.9 -15.55 -.25 4.9 -15.55 -.25 6.05 -15.8142 -.25 6.3142
3 0 -16.4 -.25 4.9 -15.55 -.25 2.45 -15.55 -.25 4.9
3 0 -16.4 -.25 4.9 -15.55 -.25 2.05 -15.55 -.25 2.45
4 0 16.4 -.25 4.9 15.8142 -.25 6.3142 15.55 -.25 6.05 15.55 -.25 4.9
3 0 16.4 -.25 4.9 15.55 -.25 4.9 15.55 -.25 2.45
3 0 16.4 -.25 4.9 15.55 -.25 2.45 15.55 -.25 2.05
0 // Green faces
3 2 -11.2 -.25 6.05 -11.2 -.25 3.0431 -11.0012 -.25 3.1413
3 2 -11.2 -.25 6.05 -11.0012 -.25 3.1413 -10.5799 -.25 3.2841
3 2 -11.2 -.25 6.05 -10.5799 -.25 3.2841 -10.1437 -.25 3.3708
4 2 -11.2 -.25 6.05 -10.1437 -.25 3.3708 -9.7 -.25 3.4 -5.9 -.25 6.05
3 2 -5.9 -.25 6.05 -9.7 -.25 3.4 -9.2563 -.25 3.3708
3 2 -5.9 -.25 6.05 -9.2563 -.25 3.3708 -8.8201 -.25 3.2841
3 2 -5.9 -.25 6.05 -8.8201 -.25 3.2841 -8.3988 -.25 3.1413
3 2 -5.9 -.25 6.05 -8.3988 -.25 3.1413 -8 -.25 2.9444
3 2 -5.9 -.25 6.05 -8 -.25 2.9444 -7.6301 -.25 2.6976
4 2 -5.9 -.25 6.05 -7.6301 -.25 2.6976 -7.3481 -.25 2.45 -5.9 -.25 2.45
4 2 -5.5 -.25 6.05 -5.5 -.25 2.45 -.2 -.25 2.45 -.2 -.25 6.05
4 2 .2 -.25 6.05 .2 -.25 2.45 .45 -.25 2.45 .45 -.25 3.35
3 2 .2 -.25 6.05 .45 -.25 3.35 .45 -.25 4.35
3 2 .2 -.25 6.05 .45 -.25 4.35 1.45 -.25 4.35
4 2 .2 -.25 6.05 1.45 -.25 4.35 5.5 -.25 4.35 5.5 -.25 6.05
4 2 11.2 -.25 6.05 5.9 -.25 6.05 5.9 -.25 4.35 9.9 -.25 4.35
3 2 11.2 -.25 6.05 9.9 -.25 4.35 10.2915 -.25 4.3328
3 2 11.2 -.25 6.05 10.2915 -.25 4.3328 10.6764 -.25 4.2818
3 2 11.2 -.25 6.05 10.6764 -.25 4.2818 11.0481 -.25 4.1978
3 2 11.2 -.25 6.05 11.0481 -.25 4.1978 11.2 -.25 4.1478
4 2 11.6 -.25 6.05 11.6 -.25 3.993 11.7264 -.25 3.9368 14.4 -.25 6.05
4 2 15.55 -.25 4.9 14.4 -.25 6.05 11.7264 -.25 3.9368 12.0213 -.25 3.7642
3 2 15.55 -.25 4.9 12.0213 -.25 3.7642 12.2802 -.25 3.5676
3 2 15.55 -.25 4.9 12.2802 -.25 3.5676 12.498 -.25 3.35
3 2 15.55 -.25 4.9 12.498 -.25 3.35 12.6717 -.25 3.1154
4 2 15.55 -.25 4.9 12.6717 -.25 3.1154 12.8611 -.25 2.45 15.55 -.25 2.45
4 2 -11.7699 -.25 2.6976 -11.6 -.25 2.8109 -11.6 -.25 6.05 -14.4 -.25 6.05
3 2 -11.7699 -.25 2.6976 -14.4 -.25 6.05 -15.55 -.25 4.9
4 2 -11.7699 -.25 2.6976 -15.55 -.25 4.9 -15.55 -.25 2.45 -12.0519 -.25 2.45
3 2 -15.55 -.25 2.05 -12.6444 -.25 1.7 -12.4109 -.25 2.05
3 2 -15.55 -.25 2.05 -12.8413 -.25 1.3012 -12.6444 -.25 1.7
3 2 -15.55 -.25 2.05 -12.9841 -.25 .8799 -12.8413 -.25 1.3012
3 2 -15.55 -.25 2.05 -13.0708 -.25 .4437 -12.9841 -.25 .8799
3 2 -15.55 -.25 2.05 -13.1 -.25 0 -13.0708 -.25 .4437
3 2 -5.9 -.25 2.05 -6.9891 -.25 2.05 -6.7556 -.25 1.7
4 2 -5.9 -.25 2.05 -6.7556 -.25 1.7 -6.5828 -.25 1.35 -5.9 -.25 1.35
4 2 -5.5 -.25 2.05 -5.5 -.25 1.35 -.2 -.25 1.35 -.2 -.25 2.05
4 2 .2 -.25 2.05 .2 -.25 1.35 .45 -.25 1.35 .45 -.25 2.05
3 2 15.55 -.25 2.05 12.975 -.25 2.05 13.1436 -.25 1.0312
3 2 15.55 -.25 2.05 13.1436 -.25 1.0312 13.2 -.25 0
0 // White grille
4 15 -11.2 -.25 6.05 -11.6 -.25 6.05 -11.6 -.25 2.8109 -11.4 -.25 2.9444
3 15 -11.2 -.25 6.05 -11.4 -.25 2.9444 -11.2 -.25 3.0431
4 15 5.5 -.25 6.05 5.5 -.25 4.35 5.9 -.25 4.35 5.9 -.25 6.05
4 15 11.6 -.25 6.05 11.2 -.25 6.05 11.2 -.25 4.1478 11.4 -.25 4.082
3 15 11.6 -.25 6.05 11.4 -.25 4.082 11.6 -.25 3.993
3 15 -15.55 -.25 2.45 -12.1041 -.25 2.4041 -12.0519 -.25 2.45
4 15 -15.55 -.25 2.45 -15.55 -.25 2.05 -12.3976 -.25 2.0699 -12.1041 -.25 2.4041
4 15 -5.9 -.25 2.45 -5.5 -.25 2.45 -5.5 -.25 6.05 -5.9 -.25 6.05
3 15 -5.9 -.25 2.45 -7.3481 -.25 2.45 -7.2959 -.25 2.4041
4 15 -5.9 -.25 2.45 -7.2959 -.25 2.4041 -7.0024 -.25 2.0699 -5.9 -.25 2.05
4 15 -5.9 -.25 2.45 -5.9 -.25 2.05 -5.5 -.25 2.05 -5.5 -.25 2.45
4 15 -.2 -.25 2.45 .2 -.25 2.45 .2 -.25 6.05 -.2 -.25 6.05
4 15 -.2 -.25 2.45 -5.5 -.25 2.45 -5.5 -.25 2.05 -.2 -.25 2.05
4 15 -.2 -.25 2.45 -.2 -.25 2.05 .2 -.25 2.05 .2 -.25 2.45
4 15 15.55 -.25 2.45 12.8611 -.25 2.45 12.975 -.25 2.05 15.55 -.25 2.05
3 15 -15.55 -.25 2.05 -12.4109 -.25 2.05 -12.3976 -.25 2.0699
3 15 -5.9 -.25 2.05 -7.0024 -.25 2.0699 -6.9891 -.25 2.05
4 15 -5.9 -.25 2.05 -5.9 -.25 1.35 -5.5 -.25 1.35 -5.5 -.25 2.05
4 15 .2 -.25 2.05 .45 -.25 2.05 .45 -.25 2.45 .2 -.25 2.45
4 15 .2 -.25 2.05 -.2 -.25 2.05 -.2 -.25 1.35 .2 -.25 1.35
0 // Black border
4 0 -12.4717 -.25 1.1481 -12.9841 -.25 .8799 -13.0708 -.25 .4437 -12.7 -.25 0
4 0 -12.4717 -.25 1.1481 -12.6444 -.25 1.7 -12.8413 -.25 1.3012 -12.9841 -.25 .8799
4 0 -12.4717 -.25 1.1481 -11.8213 -.25 2.1213 -12.4109 -.25 2.05 -12.6444 -.25 1.7
4 0 -11.8213 -.25 2.1213 -12.1041 -.25 2.4041 -12.3976 -.25 2.0699 -12.4109 -.25 2.05
3 0 -11.8213 -.25 2.1213 -12.0519 -.25 2.45 -12.1041 -.25 2.4041
4 0 -10.8481 -.25 2.7717 -11.7699 -.25 2.6976 -12.0519 -.25 2.45 -11.8213 -.25 2.1213
3 0 -10.8481 -.25 2.7717 -11.6 -.25 2.8109 -11.7699 -.25 2.6976
4 0 -10.8481 -.25 2.7717 -11.2 -.25 3.0431 -11.4 -.25 2.9444 -11.6 -.25 2.8109
4 0 -10.8481 -.25 2.7717 -10.5799 -.25 3.2841 -11.0012 -.25 3.1413 -11.2 -.25 3.0431
4 0 -10.8481 -.25 2.7717 -9.7 -.25 3 -10.1437 -.25 3.3708 -10.5799 -.25 3.2841
4 0 -9.7 -.25 3 -9.2563 -.25 3.3708 -9.7 -.25 3.4 -10.1437 -.25 3.3708
4 0 -8.5519 -.25 2.7717 -8.8201 -.25 3.2841 -9.2563 -.25 3.3708 -9.7 -.25 3
4 0 -8.5519 -.25 2.7717 -8 -.25 2.9444 -8.3988 -.25 3.1413 -8.8201 -.25 3.2841
4 0 -8.5519 -.25 2.7717 -7.5787 -.25 2.1213 -7.6301 -.25 2.6976 -8 -.25 2.9444
3 0 -7.5787 -.25 2.1213 -7.3481 -.25 2.45 -7.6301 -.25 2.6976
4 0 -7.5787 -.25 2.1213 -7.0024 -.25 2.0699 -7.2959 -.25 2.4041 -7.3481 -.25 2.45
4 0 -7.5787 -.25 2.1213 -6.9283 -.25 1.1481 -6.9891 -.25 2.05 -7.0024 -.25 2.0699
4 0 -6.9283 -.25 1.1481 -6.5828 -.25 1.35 -6.7556 -.25 1.7 -6.9891 -.25 2.05
4 0 -6.9283 -.25 1.1481 -6.7 -.25 0 -6.6 -.25 .5 -6.5828 -.25 1.35
3 0 -6.6 -.25 .5 -5.9 -.25 1.35 -6.5828 -.25 1.35
3 0 -6.6 -.25 .5 -5.5 -.25 1.35 -5.9 -.25 1.35
4 0 -6.6 -.25 .5 .65 -.25 .5 -.2 -.25 1.35 -5.5 -.25 1.35
3 0 .2 -.25 1.35 -.2 -.25 1.35 .65 -.25 .5
3 0 .2 -.25 1.35 .65 -.25 .5 .45 -.25 1.35
4 0 1.3 -.25 3.5 .45 -.25 2.05 .45 -.25 1.35 .65 -.25 .5
3 0 1.3 -.25 3.5 .45 -.25 2.45 .45 -.25 2.05
4 0 1.3 -.25 3.5 1.45 -.25 4.35 .45 -.25 3.35 .45 -.25 2.45
4 0 1.3 -.25 3.5 6.8 -.25 3.5 5.5 -.25 4.35 1.45 -.25 4.35
4 0 7.3 -.25 3.5 5.9 -.25 4.35 5.5 -.25 4.35 6.8 -.25 3.5
4 0 7.3 -.25 3.5 7.95 -.25 3.5 9.9 -.25 4.35 5.9 -.25 4.35
4 0 8.4 -.25 3.5 10.2915 -.25 4.3328 9.9 -.25 4.35 7.95 -.25 3.5
4 0 8.4 -.25 3.5 8.95 -.25 3.5 10.6764 -.25 4.2818 10.2915 -.25 4.3328
4 0 9.45 -.25 3.5 11.0481 -.25 4.1978 10.6764 -.25 4.2818 8.95 -.25 3.5
4 0 9.45 -.25 3.5 10.25 -.25 3.5 11.2 -.25 4.1478 11.0481 -.25 4.1978
4 0 11.15 -.25 3.2668 11.4 -.25 4.082 11.2 -.25 4.1478 10.25 -.25 3.5
4 0 11.15 -.25 3.2668 11.4298 -.25 3.131 11.6 -.25 3.993 11.4 -.25 4.082
4 0 11.6868 -.25 2.956 11.7264 -.25 3.9368 11.6 -.25 3.993 11.4298 -.25 3.131
4 0 11.6868 -.25 2.956 11.904 -.25 2.7334 12.0213 -.25 3.7642 11.7264 -.25 3.9368
4 0 11.904 -.25 2.7334 12.498 -.25 3.35 12.2802 -.25 3.5676 12.0213 -.25 3.7642
4 0 11.904 -.25 2.7334 12.8611 -.25 2.45 12.6717 -.25 3.1154 12.498 -.25 3.35
4 0 11.904 -.25 2.7334 12.1508 -.25 1.8401 12.975 -.25 2.05 12.8611 -.25 2.45
4 0 12.3001 -.25 .9254 13.1436 -.25 1.0312 12.975 -.25 2.05 12.1508 -.25 1.8401
4 0 12.3001 -.25 .9254 12.35 -.25 0 13.2 -.25 0 13.1436 -.25 1.0312
0 // Grey inner
3 71 1.3 -.25 3.5 2.05 -.25 0 2.05 -.25 1.25
3 71 1.3 -.25 3.5 2.05 -.25 1.25 3.3 -.25 1.25
4 71 1.3 -.25 3.5 3.3 -.25 1.25 4.55 -.25 1.25 6.8 -.25 3.5
3 71 6.8 -.25 3.5 4.55 -.25 1.25 4.55 -.25 0
4 71 11.15 -.25 3.2668 11.904 -.25 2.7334 11.6868 -.25 2.956 11.4298 -.25 3.131
4 71 11.15 -.25 3.2668 12.3001 -.25 .9254 12.1508 -.25 1.8401 11.904 -.25 2.7334
3 71 11.15 -.25 3.2668 12.35 -.25 0 12.3001 -.25 .9254
