0 ~Sticker  0.8 x  1.9 with Ferrari Logo and Tricolor Stripe on Red Background -  Third Face
0 Name: s\6177954ps03.dat
0 Author: Massimo Maso [Sirio]
0 !LDRAW_ORG Unofficial_Subpart
0 !LICENSE Licensed under CC BY 4.0 : see CAreadme.txt

0 BFC CERTIFY CCW


0 // Tricolor stripe
4 2 -1.5 -.25 -.0128 -.5 -.25 -.0128 -.5 -.25 1.3852 -1.5 -.25 1.3852
4 15 -.5 -.25 -.0128 .5 -.25 -.0128 .5 -.25 1.3852 -.5 -.25 1.3852
4 4 .5 -.25 -.0128 1.5 -.25 -.0128 1.5 -.25 1.3852 .5 -.25 1.3852
0 // Red background
4 4 -8 -.25 -.0128 -3.5072 -.25 1.7372 -3.5072 -.25 7.2284 -8 -.25 7.2284
3 4 -8 -.25 -.0128 -3.5004 -.25 1.6685 -3.5072 -.25 1.7372
3 4 -8 -.25 -.0128 -3.4804 -.25 1.6025 -3.5004 -.25 1.6685
3 4 -8 -.25 -.0128 -3.4479 -.25 1.5416 -3.4804 -.25 1.6025
3 4 -8 -.25 -.0128 -3.4041 -.25 1.4883 -3.4479 -.25 1.5416
3 4 -8 -.25 -.0128 -3.3508 -.25 1.4445 -3.4041 -.25 1.4883
3 4 -8 -.25 -.0128 -3.2899 -.25 1.412 -3.3508 -.25 1.4445
3 4 -8 -.25 -.0128 -3.2239 -.25 1.392 -3.2899 -.25 1.412
3 4 -8 -.25 -.0128 -3.1552 -.25 1.3852 -3.2239 -.25 1.392
4 4 -8 -.25 -.0128 -2.5 -.25 -.0128 -2.5 -.25 1.3852 -3.1552 -.25 1.3852
4 4 8 -.25 -.0128 8 -.25 7.2284 3.5072 -.25 7.2284 3.5072 -.25 1.7372
3 4 8 -.25 -.0128 3.5072 -.25 1.7372 3.5004 -.25 1.6685
3 4 8 -.25 -.0128 3.5004 -.25 1.6685 3.4804 -.25 1.6025
3 4 8 -.25 -.0128 3.4804 -.25 1.6025 3.4479 -.25 1.5416
3 4 8 -.25 -.0128 3.4479 -.25 1.5416 3.4041 -.25 1.4883
3 4 8 -.25 -.0128 3.4041 -.25 1.4883 3.3508 -.25 1.4445
3 4 8 -.25 -.0128 3.3508 -.25 1.4445 3.2899 -.25 1.412
3 4 8 -.25 -.0128 3.2899 -.25 1.412 3.2239 -.25 1.392
3 4 8 -.25 -.0128 3.2239 -.25 1.392 3.1552 -.25 1.3852
4 4 8 -.25 -.0128 3.1552 -.25 1.3852 2.5 -.25 1.3852 2.5 -.25 -.0128
0 // White faces
4 15 -2.5 -.25 -.0128 -1.5 -.25 -.0128 -1.5 -.25 1.3852 -2.5 -.25 1.3852
4 15 2.5 -.25 -.0128 2.5 -.25 1.3852 1.5 -.25 1.3852 1.5 -.25 -.0128
0 // Ferrari badge
0 // Black frame
0 // Fill
4 14 -3.1552 -.25 1.5164 3.1552 -.25 1.5164 3.376 -.25 1.7372 -3.376 -.25 1.7372
4 14 3.376 -.25 3.4172 -3.376 -.25 3.4172 -2.6944 -.25 3.2572 2.2784 -.25 3.2572
3 14 2.2784 -.25 3.2572 2.3904 -.25 3.2572 3.376 -.25 3.4172
3 14 2.3904 -.25 3.2572 2.6496 -.25 3.2572 3.376 -.25 3.4172
4 14 -2.3072 -.25 3.1004 -1.4848 -.25 2.9308 -1.4513 -.25 2.9296 -1.0688 -.25 2.9212
3 14 -2.3072 -.25 3.1004 -1.6527 -.25 2.9296 -1.6192 -.25 2.9308
3 14 -2.3072 -.25 3.1004 -1.6874 -.25 2.9257 -1.6527 -.25 2.9296
4 14 -2.3072 -.25 3.1004 -1.0688 -.25 2.9212 -.752 -.25 2.9212 -.5216 -.25 2.9308
3 14 -2.3072 -.25 3.1004 -1.7243 -.25 2.9186 -1.6874 -.25 2.9257
4 14 2.3904 -.25 3.1004 2.3904 -.25 3.2572 2.2784 -.25 3.2572 2.2784 -.25 3.1004
4 14 2.3904 -.25 3.1004 2.2784 -.25 3.1004 2.016 -.25 2.9308 2.0672 -.25 2.9308
3 14 2.6496 -.25 3.1004 3.376 -.25 3.4172 2.6496 -.25 3.2572
3 14 -1.6192 -.25 2.9308 -1.4848 -.25 2.9308 -2.3072 -.25 3.1004
3 14 -.5216 -.25 2.9308 -.4704 -.25 2.9308 -2.3072 -.25 3.1004
4 14 -.4704 -.25 2.9308 .304 -.25 2.9308 2.2784 -.25 3.1004 -2.3072 -.25 3.1004
3 14 .304 -.25 2.9308 .3552 -.25 2.9308 2.2784 -.25 3.1004
3 14 .88 -.25 2.9308 1.0144 -.25 2.9308 2.2784 -.25 3.1004
4 14 .8465 -.25 2.9296 .88 -.25 2.9308 2.2784 -.25 3.1004 .3552 -.25 2.9308
3 14 .8118 -.25 2.9257 .8465 -.25 2.9296 .3552 -.25 2.9308
3 14 -1.0688 -.25 2.9212 -1.4513 -.25 2.9296 -1.4166 -.25 2.9257
3 14 -1.0688 -.25 2.9212 -1.4166 -.25 2.9257 -1.3796 -.25 2.9185
3 14 -1.0688 -.25 2.9212 -1.3796 -.25 2.9185 -1.3395 -.25 2.9065
3 14 -1.0688 -.25 2.9212 -1.3395 -.25 2.9065 -1.2963 -.25 2.8872
3 14 -.2432 -.25 2.9212 -.4704 -.25 2.9308 -.4256 -.25 2.9244
4 14 -.2432 -.25 2.9212 .0736 -.25 2.9212 .304 -.25 2.9308 -.4704 -.25 2.9308
4 14 1.4688 -.25 2.9212 2.2784 -.25 3.1004 1.0144 -.25 2.9308 1.0479 -.25 2.9296
3 14 1.4688 -.25 2.9212 1.0479 -.25 2.9296 1.0826 -.25 2.9257
3 14 1.4688 -.25 2.9212 1.0826 -.25 2.9257 1.1196 -.25 2.9185
4 14 1.4688 -.25 2.9212 1.7856 -.25 2.9212 2.016 -.25 2.9308 2.2784 -.25 3.1004
3 14 1.4688 -.25 2.9212 1.1597 -.25 2.9065 1.2029 -.25 2.8872
4 14 2.3232 -.25 2.9212 2.64 -.25 2.9212 2.0672 -.25 2.9308 2.112 -.25 2.9244
4 14 2.64 -.25 2.9212 2.6496 -.25 3.1004 2.3904 -.25 3.1004 2.0672 -.25 2.9308
4 14 .7749 -.25 2.9186 .8118 -.25 2.9257 .3552 -.25 2.9308 .4 -.25 2.9244
3 14 -.5792 -.25 2.9084 -.5216 -.25 2.9308 -.752 -.25 2.9212
3 14 .2464 -.25 2.9084 .304 -.25 2.9308 .0736 -.25 2.9212
3 14 1.9584 -.25 2.9084 2.016 -.25 2.9308 1.7856 -.25 2.9212
3 14 -1.7645 -.25 2.9065 -1.7243 -.25 2.9186 -2.3072 -.25 3.1004
3 14 .7347 -.25 2.9065 .7749 -.25 2.9186 .4 -.25 2.9244
3 14 1.1597 -.25 2.9065 1.4688 -.25 2.9212 1.1196 -.25 2.9185
3 14 -.3808 -.25 2.8988 -.2432 -.25 2.9212 -.4256 -.25 2.9244
4 14 .4448 -.25 2.8988 .6915 -.25 2.8872 .7347 -.25 2.9065 .4 -.25 2.9244
3 14 2.1568 -.25 2.8988 2.3232 -.25 2.9212 2.112 -.25 2.9244
3 14 -1.8077 -.25 2.8872 -1.7645 -.25 2.9065 -2.3072 -.25 3.1004
3 14 -.6208 -.25 2.8732 -.5792 -.25 2.9084 -.752 -.25 2.9212
3 14 .2048 -.25 2.8732 .2464 -.25 2.9084 .0736 -.25 2.9212
3 14 1.9168 -.25 2.8732 1.9584 -.25 2.9084 1.7856 -.25 2.9212
3 14 -1.8512 -.25 2.8573 -1.8077 -.25 2.8872 -2.3072 -.25 3.1004
3 14 -1.2528 -.25 2.8573 -1.0688 -.25 2.9212 -1.2963 -.25 2.8872
3 14 .648 -.25 2.8573 .6915 -.25 2.8872 .4448 -.25 2.8988
3 14 1.2464 -.25 2.8573 1.4688 -.25 2.9212 1.2029 -.25 2.8872
3 14 -.3488 -.25 2.8572 -.2432 -.25 2.9212 -.3808 -.25 2.8988
3 14 2.1888 -.25 2.8572 2.3232 -.25 2.9212 2.1568 -.25 2.8988
4 14 -2.1856 -.25 2.838 -2.0416 -.25 2.838 -1.8512 -.25 2.8573 -2.3072 -.25 3.1004
3 14 -.6624 -.25 2.8316 -.6208 -.25 2.8732 -.752 -.25 2.9212
3 14 .1632 -.25 2.8316 .2048 -.25 2.8732 .0736 -.25 2.9212
3 14 1.8752 -.25 2.8316 1.9168 -.25 2.8732 1.7856 -.25 2.9212
3 14 -1.8866 -.25 2.8144 -1.8512 -.25 2.8573 -2.0416 -.25 2.838
3 14 -1.2174 -.25 2.8144 -1.0688 -.25 2.9212 -1.2528 -.25 2.8573
4 14 .6126 -.25 2.8144 .648 -.25 2.8573 .4448 -.25 2.8988 .4768 -.25 2.8572
3 14 1.2818 -.25 2.8144 1.4688 -.25 2.9212 1.2464 -.25 2.8573
4 14 -1.6388 -.25 2.7989 -1.4652 -.25 2.7989 -1.4848 -.25 2.8028 -1.6192 -.25 2.8028
3 14 .8604 -.25 2.7989 1.0144 -.25 2.8028 .88 -.25 2.8028
4 14 -.3392 -.25 2.7932 -.2432 -.25 2.8028 -.2432 -.25 2.9212 -.3488 -.25 2.8572
4 14 2.1984 -.25 2.7932 2.3232 -.25 2.8028 2.3232 -.25 2.9212 2.1888 -.25 2.8572
4 14 -1.6554 -.25 2.7878 -1.4486 -.25 2.7878 -1.4652 -.25 2.7989 -1.6388 -.25 2.7989
4 14 .8438 -.25 2.7878 1.034 -.25 2.7989 1.0144 -.25 2.8028 .8604 -.25 2.7989
3 14 -.704 -.25 2.7772 -.6624 -.25 2.8316 -.752 -.25 2.9212
3 14 .1216 -.25 2.7772 .1632 -.25 2.8316 .0736 -.25 2.9212
3 14 1.8336 -.25 2.7772 1.8752 -.25 2.8316 1.7856 -.25 2.9212
4 14 -1.6665 -.25 2.7712 -1.4375 -.25 2.7712 -1.4486 -.25 2.7878 -1.6554 -.25 2.7878
4 14 .8327 -.25 2.7712 1.0506 -.25 2.7878 1.034 -.25 2.7989 .8438 -.25 2.7878
3 14 -1.9008 -.25 2.7612 -1.8866 -.25 2.8144 -2.0416 -.25 2.838
4 14 -1.2032 -.25 2.7612 -1.0688 -.25 2.8028 -1.0688 -.25 2.9212 -1.2174 -.25 2.8144
3 14 .5984 -.25 2.7612 .6126 -.25 2.8144 .4768 -.25 2.8572
4 14 1.296 -.25 2.7612 1.4688 -.25 2.8028 1.4688 -.25 2.9212 1.2818 -.25 2.8144
4 14 -1.6704 -.25 2.7516 -1.4336 -.25 2.7516 -1.4375 -.25 2.7712 -1.6665 -.25 2.7712
4 14 .8288 -.25 2.7516 1.0617 -.25 2.7712 1.0506 -.25 2.7878 .8327 -.25 2.7712
4 14 1.9424 -.25 2.7292 1.9808 -.25 2.7612 1.9744 -.25 2.7612 1.9648 -.25 2.7548
4 14 -2.3072 -.25 2.7228 -2.1856 -.25 2.7228 -2.1856 -.25 2.838 -2.3072 -.25 3.1004
3 14 -.752 -.25 2.7132 -.704 -.25 2.7772 -.752 -.25 2.9212
3 14 .0736 -.25 2.7132 .1216 -.25 2.7772 .0736 -.25 2.9212
3 14 1.7856 -.25 2.7132 1.8336 -.25 2.7772 1.7856 -.25 2.9212
4 14 .5984 -.25 2.6524 .5984 -.25 2.7612 .4768 -.25 2.8572 .4864 -.25 2.7932
4 14 .8288 -.25 2.6524 1.0656 -.25 2.7516 1.0617 -.25 2.7712 .8288 -.25 2.7516
4 14 .88 -.25 2.534 1.0656 -.25 2.534 1.0656 -.25 2.7516 .8288 -.25 2.6524
3 14 .8465 -.25 2.5328 .88 -.25 2.534 .8288 -.25 2.6524
3 14 .8118 -.25 2.5289 .8465 -.25 2.5328 .8288 -.25 2.6524
3 14 .7749 -.25 2.5218 .8118 -.25 2.5289 .8288 -.25 2.6524
4 14 .7347 -.25 2.5097 .7749 -.25 2.5218 .8288 -.25 2.6524 .5984 -.25 2.6524
4 14 -1.6704 -.25 2.5052 -1.4336 -.25 2.5052 -1.4336 -.25 2.7516 -1.6704 -.25 2.7516
3 14 .6915 -.25 2.4904 .7347 -.25 2.5097 .5984 -.25 2.6524
3 14 .648 -.25 2.4605 .6915 -.25 2.4904 .5984 -.25 2.6524
4 14 -.5568 -.25 2.4252 -.5568 -.25 2.7612 -.5632 -.25 2.7612 -.5728 -.25 2.7548
4 14 -.5568 -.25 2.4252 -.5728 -.25 2.7548 -.5952 -.25 2.7292 -.6368 -.25 2.6812
4 14 -.5568 -.25 2.4252 -.6368 -.25 2.6812 -.6784 -.25 2.63 -.72 -.25 2.5724
4 14 -.3392 -.25 2.4252 -.1568 -.25 2.8028 -.2432 -.25 2.8028 -.3392 -.25 2.7932
4 14 .2688 -.25 2.4252 .2688 -.25 2.7612 .2624 -.25 2.7612 .2528 -.25 2.7548
4 14 .2688 -.25 2.4252 .2528 -.25 2.7548 .2304 -.25 2.7292 .1888 -.25 2.6812
4 14 .2688 -.25 2.4252 .1888 -.25 2.6812 .1472 -.25 2.63 .1056 -.25 2.5724
3 14 .4864 -.25 2.4252 .5984 -.25 2.6524 .4864 -.25 2.7932
4 14 1.9808 -.25 2.4252 1.9808 -.25 2.7612 1.9424 -.25 2.7292 1.9008 -.25 2.6812
4 14 1.9808 -.25 2.4252 1.9008 -.25 2.6812 1.8592 -.25 2.63 1.8176 -.25 2.5724
4 14 2.1984 -.25 2.4252 2.4096 -.25 2.8028 2.3232 -.25 2.8028 2.1984 -.25 2.7932
4 14 -1.2032 -.25 2.422 -.9824 -.25 2.8028 -1.0688 -.25 2.8028 -1.2032 -.25 2.7612
3 14 .6126 -.25 2.4176 .648 -.25 2.4605 .5984 -.25 2.6524
4 14 .5984 -.25 2.3644 .6126 -.25 2.4176 .5984 -.25 2.6524 .4864 -.25 2.4252
4 14 -1.4336 -.25 2.326 -1.2032 -.25 2.326 -1.2032 -.25 2.422 -1.4336 -.25 2.422
4 14 -1.6704 -.25 2.2268 -1.4336 -.25 2.326 -1.4336 -.25 2.422 -1.6704 -.25 2.422
4 14 1.0656 -.25 2.2268 1.0656 -.25 2.422 .88 -.25 2.422 .8604 -.25 2.4181
4 14 -1.9008 -.25 2.2172 -1.9008 -.25 2.7612 -2.0416 -.25 2.838 -2.0416 -.25 2.4732
4 14 -1.6665 -.25 2.2072 -1.4336 -.25 2.2268 -1.4336 -.25 2.326 -1.6704 -.25 2.2268
4 14 1.0617 -.25 2.2072 1.0656 -.25 2.2268 .8604 -.25 2.4181 .8438 -.25 2.407
4 14 -1.6554 -.25 2.1906 -1.4375 -.25 2.2072 -1.4336 -.25 2.2268 -1.6665 -.25 2.2072
4 14 1.0506 -.25 2.1906 1.0617 -.25 2.2072 .8438 -.25 2.407 .8327 -.25 2.3904
4 14 -1.6388 -.25 2.1795 -1.4486 -.25 2.1906 -1.4375 -.25 2.2072 -1.6554 -.25 2.1906
4 14 1.034 -.25 2.1795 1.0506 -.25 2.1906 .8327 -.25 2.3904 .8288 -.25 2.3708
4 14 -2.7264 -.25 2.1756 -2.6944 -.25 3.1004 -2.6944 -.25 3.2572 -3.376 -.25 3.4172
4 14 -2.7264 -.25 2.1756 -2.5632 -.25 2.1756 -2.5632 -.25 3.1004 -2.6944 -.25 3.1004
4 14 -2.3072 -.25 2.1756 -2.1856 -.25 2.4732 -2.1856 -.25 2.5884 -2.3072 -.25 2.5884
4 14 -2.3072 -.25 2.1756 -2.0928 -.25 2.1756 -2.0416 -.25 2.4732 -2.1856 -.25 2.4732
4 14 -1.6192 -.25 2.1756 -1.4652 -.25 2.1795 -1.4486 -.25 2.1906 -1.6388 -.25 2.1795
3 14 -1.6192 -.25 2.1756 -1.4848 -.25 2.1756 -1.4652 -.25 2.1795
4 14 -1.0688 -.25 2.1756 -.9824 -.25 2.1756 -1.2032 -.25 2.326 -1.2032 -.25 2.2172
4 14 -.9824 -.25 2.1756 -.9824 -.25 2.8028 -1.2032 -.25 2.422 -1.2032 -.25 2.326
4 14 -.752 -.25 2.1756 -.5568 -.25 2.4252 -.72 -.25 2.5724 -.752 -.25 2.5212
3 14 -.752 -.25 2.1756 -.672 -.25 2.1756 -.5568 -.25 2.4252
4 14 -.2432 -.25 2.1756 -.1568 -.25 2.1756 -.1568 -.25 2.8028 -.3392 -.25 2.4252
4 14 .0736 -.25 2.1756 .2688 -.25 2.4252 .1056 -.25 2.5724 .0736 -.25 2.5212
3 14 .0736 -.25 2.1756 .16 -.25 2.1756 .2688 -.25 2.4252
4 14 .88 -.25 2.1756 .8327 -.25 2.2072 .8438 -.25 2.1906 .8604 -.25 2.1795
4 14 .88 -.25 2.1756 1.0144 -.25 2.1756 .8288 -.25 2.2268 .8327 -.25 2.2072
4 14 1.0144 -.25 2.1756 1.034 -.25 2.1795 .8288 -.25 2.3708 .8288 -.25 2.2268
4 14 1.296 -.25 2.1756 1.5552 -.25 2.8028 1.4688 -.25 2.8028 1.296 -.25 2.7612
3 14 1.296 -.25 2.1756 1.376 -.25 2.1756 1.5552 -.25 2.8028
3 14 1.4688 -.25 2.1756 1.5552 -.25 2.8028 1.376 -.25 2.1756
3 14 1.4688 -.25 2.1756 1.5552 -.25 2.1756 1.5552 -.25 2.8028
4 14 1.7856 -.25 2.1756 1.9808 -.25 2.4252 1.8176 -.25 2.5724 1.7856 -.25 2.5212
3 14 1.7856 -.25 2.1756 1.872 -.25 2.1756 1.9808 -.25 2.4252
4 14 2.3232 -.25 2.1756 2.4096 -.25 2.1756 2.4096 -.25 2.8028 2.1984 -.25 2.4252
4 14 2.64 -.25 2.1756 3.376 -.25 3.4172 2.6496 -.25 3.1004 2.64 -.25 2.9212
3 14 2.64 -.25 2.1756 2.7264 -.25 2.1756 3.376 -.25 3.4172
4 14 -1.8866 -.25 2.164 -1.9008 -.25 2.2172 -2.0416 -.25 2.4732 -2.0928 -.25 2.1756
4 14 -2.0928 -.25 2.0476 -1.8512 -.25 2.1211 -1.8866 -.25 2.164 -2.0928 -.25 2.1756
3 14 -2.0928 -.25 2.0476 -1.8077 -.25 2.0912 -1.8512 -.25 2.1211
3 14 -2.0928 -.25 2.0476 -1.7645 -.25 2.0719 -1.8077 -.25 2.0912
3 14 -2.0928 -.25 2.0476 -1.7243 -.25 2.0598 -1.7645 -.25 2.0719
3 14 -2.0928 -.25 2.0476 -1.6874 -.25 2.0527 -1.7243 -.25 2.0598
3 14 -2.0928 -.25 2.0476 -1.6527 -.25 2.0488 -1.6874 -.25 2.0527
4 14 -1.0688 -.25 2.0476 -1.0688 -.25 2.1756 -1.2032 -.25 2.2172 -1.2174 -.25 2.164
3 14 -1.0688 -.25 2.0476 -1.2174 -.25 2.164 -1.2528 -.25 2.1211
3 14 -1.0688 -.25 2.0476 -1.2528 -.25 2.1211 -1.2963 -.25 2.0912
3 14 -1.0688 -.25 2.0476 -1.2963 -.25 2.0912 -1.3395 -.25 2.0719
3 14 -1.0688 -.25 2.0476 -1.3395 -.25 2.0719 -1.3796 -.25 2.0599
3 14 -1.0688 -.25 2.0476 -1.3796 -.25 2.0599 -1.4166 -.25 2.0527
4 14 -.672 -.25 2.0476 -.3392 -.25 2.4252 -.5568 -.25 2.4252 -.672 -.25 2.1756
4 14 -.672 -.25 2.0476 -.2432 -.25 2.0476 -.2432 -.25 2.1756 -.3392 -.25 2.4252
4 14 .16 -.25 2.0476 .4864 -.25 2.4252 .2688 -.25 2.4252 .16 -.25 2.1756
4 14 .16 -.25 2.0476 .5984 -.25 2.2172 .5984 -.25 2.3644 .4864 -.25 2.4252
4 14 1.376 -.25 2.0476 1.4688 -.25 2.0476 1.4688 -.25 2.1756 1.376 -.25 2.1756
4 14 1.872 -.25 2.0476 2.1984 -.25 2.4252 1.9808 -.25 2.4252 1.872 -.25 2.1756
4 14 1.872 -.25 2.0476 2.3232 -.25 2.0476 2.3232 -.25 2.1756 2.1984 -.25 2.4252
4 14 -2.7264 -.25 2.0476 -2.7264 -.25 2.1756 -3.376 -.25 3.4172 -3.376 -.25 1.7372
3 14 -3.376 -.25 1.7372 -2.0928 -.25 2.0476 -2.7264 -.25 2.0476
4 14 -3.376 -.25 1.7372 -1.6192 -.25 2.0476 -1.6527 -.25 2.0488 -2.0928 -.25 2.0476
3 14 -3.376 -.25 1.7372 -1.4848 -.25 2.0476 -1.6192 -.25 2.0476
4 14 -3.376 -.25 1.7372 0 -.25 1.9612 -1.4513 -.25 2.0488 -1.4848 -.25 2.0476
4 14 0 -.25 1.9612 .6126 -.25 2.164 .5984 -.25 2.2172 .16 -.25 2.0476
3 14 0 -.25 1.9612 .648 -.25 2.1211 .6126 -.25 2.164
3 14 0 -.25 1.9612 .6915 -.25 2.0912 .648 -.25 2.1211
3 14 0 -.25 1.9612 .7347 -.25 2.0719 .6915 -.25 2.0912
3 14 0 -.25 1.9612 .7749 -.25 2.0598 .7347 -.25 2.0719
3 14 0 -.25 1.9612 .8118 -.25 2.0527 .7749 -.25 2.0598
3 14 0 -.25 1.9612 .8465 -.25 2.0488 .8118 -.25 2.0527
4 14 0 -.25 1.9612 -1.0688 -.25 2.0476 -1.4166 -.25 2.0527 -1.4513 -.25 2.0488
3 14 0 -.25 1.9612 -.672 -.25 2.0476 -1.0688 -.25 2.0476
3 14 0 -.25 1.9612 -.2432 -.25 2.0476 -.672 -.25 2.0476
3 14 0 -.25 1.9612 .16 -.25 2.0476 -.2432 -.25 2.0476
3 14 0 -.25 1.9612 .88 -.25 2.0476 .8465 -.25 2.0488
4 14 3.376 -.25 1.7372 3.376 -.25 3.4172 2.7264 -.25 2.1756 2.7264 -.25 2.0476
4 14 3.376 -.25 1.7372 1.376 -.25 2.0476 .88 -.25 2.0476 0 -.25 1.9612
3 14 3.376 -.25 1.7372 1.4688 -.25 2.0476 1.376 -.25 2.0476
3 14 3.376 -.25 1.7372 1.872 -.25 2.0476 1.4688 -.25 2.0476
3 14 3.376 -.25 1.7372 2.3232 -.25 2.0476 1.872 -.25 2.0476
3 14 3.376 -.25 1.7372 2.7264 -.25 2.0476 2.3232 -.25 2.0476
4 14 -1.936 -.25 7.0268 -1.9488 -.25 7.062 -2.3488 -.25 7.2284 -2.3712 -.25 7.222
3 14 -3 -.25 6 -2.3968 -.25 7.222 -2.4096 -.25 7.222
4 14 -3 -.25 6 -1.936 -.25 7.0268 -2.3712 -.25 7.222 -2.3968 -.25 7.222
4 14 -1.936 -.25 7.0268 -3 -.25 6 -1.9296 -.25 6.9212 -1.9296 -.25 6.966
3 14 -1.9296 -.25 6.9212 -3 -.25 6 -1.9168 -.25 6.8828
3 14 -1.9168 -.25 6.8828 -3 -.25 6 -1.904 -.25 6.854
4 14 2.2765 -.25 6.8617 3 -.25 6 2.2528 -.25 7.1132 2.2592 -.25 7.0172
4 14 -1.664 -.25 6.854 -1.1072 -.25 7.1964 -1.1712 -.25 7.222 -1.6704 -.25 6.8732
4 14 -1.6512 -.25 6.8412 -1.072 -.25 7.1868 -1.1072 -.25 7.1964 -1.664 -.25 6.854
4 14 -1.6256 -.25 6.822 -1.04 -.25 7.1804 -1.072 -.25 7.1868 -1.6512 -.25 6.8412
4 14 -1.5904 -.25 6.8092 -1.0176 -.25 7.1644 -1.04 -.25 7.1804 -1.6256 -.25 6.822
4 14 -1.5488 -.25 6.7996 -1.0016 -.25 7.142 -1.0176 -.25 7.1644 -1.5904 -.25 6.8092
4 14 -1.52 -.25 6.7804 -.9632 -.25 7.0812 -1.0016 -.25 7.142 -1.5488 -.25 6.7996
4 14 -1.5072 -.25 6.7644 -.8992 -.25 6.9884 -.9632 -.25 7.0812 -1.52 -.25 6.7804
3 14 2.2874 -.25 6.7503 3 -.25 6 2.2765 -.25 6.8617
4 14 -1.4944 -.25 6.742 -.8448 -.25 6.9084 -.8992 -.25 6.9884 -1.5072 -.25 6.7644
4 14 -1.4848 -.25 6.7132 -.7264 -.25 6.7612 -.8448 -.25 6.9084 -1.4944 -.25 6.742
3 14 2.2893 -.25 6.6735 3 -.25 6 2.2874 -.25 6.7503
3 14 -1.4784 -.25 6.6716 -.7264 -.25 6.7612 -1.4848 -.25 6.7132
3 14 -.5984 -.25 6.6396 -.832 -.25 5.7372 -.4896 -.25 6.5372
3 14 -1.776 -.25 6.6332 -3 -.25 6 -1.744 -.25 6.5724
3 14 -1.4752 -.25 6.6172 -.832 -.25 5.7372 -1.4784 -.25 6.6716
3 14 2.281 -.25 6.5839 3 -.25 6 2.2893 -.25 6.6735
3 14 -1.744 -.25 6.5724 -3 -.25 6 -1.7248 -.25 6.5372
3 14 -1.4784 -.25 6.5596 -.832 -.25 5.7372 -1.4752 -.25 6.6172
3 14 -1.7248 -.25 6.5372 -3 -.25 6 -1.6992 -.25 6.4988
3 14 -.4896 -.25 6.5372 -.832 -.25 5.7372 -.304 -.25 6.3836
3 14 -1.488 -.25 6.5052 -.832 -.25 5.7372 -1.4784 -.25 6.5596
3 14 -1.6992 -.25 6.4988 -3 -.25 6 -1.6736 -.25 6.4636
3 14 -1.4944 -.25 6.4764 -.832 -.25 5.7372 -1.488 -.25 6.5052
3 14 -1.6736 -.25 6.4636 -3 -.25 6 -1.6448 -.25 6.4252
3 14 -1.504 -.25 6.4508 -.832 -.25 5.7372 -1.4944 -.25 6.4764
3 14 -1.6448 -.25 6.4252 -3 -.25 6 -1.616 -.25 6.3964
3 14 -1.5232 -.25 6.4188 -.832 -.25 5.7372 -1.504 -.25 6.4508
3 14 -1.5456 -.25 6.3996 -.832 -.25 5.7372 -1.5232 -.25 6.4188
3 14 -1.616 -.25 6.3964 -3 -.25 6 -1.5936 -.25 6.3868
4 14 -.2848 -.25 6.2908 -.2592 -.25 6.3484 -.304 -.25 6.3836 -.304 -.25 6.2972
4 14 -.2592 -.25 6.278 -.2112 -.25 6.3132 -.2592 -.25 6.3484 -.2848 -.25 6.2908
4 14 -.2304 -.25 6.262 -.1792 -.25 6.2908 -.2112 -.25 6.3132 -.2592 -.25 6.278
3 14 -.3104 -.25 6.2492 -.832 -.25 5.7372 -.3136 -.25 6.2172
4 14 -.208 -.25 6.246 -.1408 -.25 6.2652 -.1792 -.25 6.2908 -.2304 -.25 6.262
4 14 .384 -.25 6.2428 .4224 -.25 6.2492 .416 -.25 6.2716 .3968 -.25 6.2716
4 14 -.1728 -.25 6.2236 -.0896 -.25 6.23 -.1408 -.25 6.2652 -.208 -.25 6.246
3 14 -.3136 -.25 6.2172 -.832 -.25 5.7372 -.3136 -.25 6.1852
4 14 -.0416 -.25 6.1948 -.0896 -.25 6.23 -.1728 -.25 6.2236 -.1408 -.25 6.2012
3 14 -.3136 -.25 6.1852 -.832 -.25 5.7372 -.3136 -.25 6.1212
4 14 .0096 -.25 6.1564 -.0416 -.25 6.1948 -.1408 -.25 6.2012 -.1088 -.25 6.1788
4 14 .4096 -.25 6.1404 .4224 -.25 6.2492 .384 -.25 6.2428 .3712 -.25 6.1852
4 14 .0448 -.25 6.1308 .0096 -.25 6.1564 -.1088 -.25 6.1788 -.08 -.25 6.1564
3 14 -.3136 -.25 6.1212 -.832 -.25 5.7372 -.3104 -.25 6.0828
4 14 .0736 -.25 6.1052 .0448 -.25 6.1308 -.08 -.25 6.1564 -.0384 -.25 6.1212
3 14 -.3104 -.25 6.0828 -.832 -.25 5.7372 -.304 -.25 6.0252
4 14 .1024 -.25 6.0732 .0736 -.25 6.1052 -.0384 -.25 6.1212 -.0064 -.25 6.0956
4 14 .384 -.25 6.0668 .4096 -.25 6.1404 .3712 -.25 6.1852 .3456 -.25 6.1212
4 14 .1184 -.25 6.054 .1024 -.25 6.0732 -.0064 -.25 6.0956 .0288 -.25 6.0668
4 14 .0672 -.25 6.0348 .128 -.25 6.0348 .1184 -.25 6.054 .0288 -.25 6.0668
3 14 -.304 -.25 6.0252 -.832 -.25 5.7372 -.2944 -.25 5.9612
4 14 .1024 -.25 6.0028 .1344 -.25 6.0188 .128 -.25 6.0348 .0672 -.25 6.0348
4 14 1.7184 -.25 5.9932 1.6992 -.25 6.0156 1.6832 -.25 6.0252 1.6736 -.25 6.0156
4 14 .1248 -.25 5.99 .1376 -.25 5.9996 .1344 -.25 6.0188 .1024 -.25 6.0028
4 14 .3328 -.25 5.974 .384 -.25 6.0668 .3456 -.25 6.1212 .2944 -.25 6.0316
4 14 1.7344 -.25 5.974 1.7184 -.25 5.9932 1.6736 -.25 6.0156 1.6736 -.25 5.9932
3 14 -.2944 -.25 5.9612 -.832 -.25 5.7372 -.2784 -.25 5.8972
4 14 1.76 -.25 5.9356 1.7344 -.25 5.974 1.6736 -.25 5.9932 1.6928 -.25 5.9548
3 14 -.2784 -.25 5.8972 -.832 -.25 5.7372 -.2656 -.25 5.8524
4 14 1.7728 -.25 5.8908 1.76 -.25 5.9356 1.6928 -.25 5.9548 1.7152 -.25 5.91
3 14 1.8816 -.25 5.8844 1.8816 -.25 5.8268 3 -.25 6
4 14 1.4592 -.25 5.8652 1.4592 -.25 5.91 1.4528 -.25 5.9548 1.4336 -.25 5.9804
3 14 3 -.25 6 2.281 -.25 6.5839 2.2682 -.25 6.5097
3 14 3 -.25 6 2.2682 -.25 6.5097 2.24 -.25 6.4348
3 14 3 -.25 6 2.24 -.25 6.4348 2.192 -.25 6.3516
3 14 3 -.25 6 2.192 -.25 6.3516 2.1472 -.25 6.2844
3 14 3 -.25 6 2.1472 -.25 6.2844 2.08 -.25 6.214
3 14 3 -.25 6 2.08 -.25 6.214 1.984 -.25 6.15
3 14 3 -.25 6 1.984 -.25 6.15 1.9008 -.25 6.1116
3 14 3 -.25 6 1.9008 -.25 6.1116 1.8624 -.25 6.0956
3 14 3 -.25 6 1.8624 -.25 6.0956 1.8291 -.25 6.0879
4 14 3 -.25 6 1.8291 -.25 6.0879 1.8304 -.25 6.07 1.8496 -.25 6.0252
3 14 3 -.25 6 1.8496 -.25 6.0252 1.8624 -.25 5.9868
3 14 3 -.25 6 1.8624 -.25 5.9868 1.8752 -.25 5.9292
3 14 3 -.25 6 1.8752 -.25 5.9292 1.8816 -.25 5.8844
3 14 -.2656 -.25 5.8524 -.832 -.25 5.7372 -.2496 -.25 5.8012
4 14 1.728 -.25 5.8524 1.7792 -.25 5.8588 1.7728 -.25 5.8908 1.7152 -.25 5.91
4 14 .256 -.25 5.8364 .3328 -.25 5.974 .2944 -.25 6.0316 .2368 -.25 5.9356
4 14 1.4528 -.25 5.8204 1.4592 -.25 5.8652 1.4336 -.25 5.9804 1.408 -.25 5.9906
3 14 -.2496 -.25 5.8012 -.832 -.25 5.7372 -.224 -.25 5.7372
4 14 1.7312 -.25 5.7884 1.7856 -.25 5.8012 1.7792 -.25 5.8588 1.728 -.25 5.8524
4 14 1.5072 -.25 5.7756 1.5552 -.25 5.8268 1.5411 -.25 5.8268 1.5213 -.25 5.8121
4 14 1.4336 -.25 5.7564 1.4528 -.25 5.8204 1.408 -.25 5.9906 1.3888 -.25 5.9804
4 14 1.5072 -.25 5.7436 1.5744 -.25 5.8012 1.5552 -.25 5.8268 1.5072 -.25 5.7756
4 14 -3 -.25 6 -1.8528 -.25 6.7932 -1.8752 -.25 6.8252 -1.904 -.25 6.854
4 14 -3 -.25 6 -1.776 -.25 6.6332 -1.8208 -.25 6.7324 -1.8528 -.25 6.7932
3 14 -3 -.25 6 -1.2096 -.25 5.1036 -1.1392 -.25 5.1196
3 14 -3 -.25 6 -1.2736 -.25 5.0844 -1.2096 -.25 5.1036
3 14 -.832 -.25 5.7372 -1.5456 -.25 6.3996 -1.568 -.25 6.3868
4 14 -3 -.25 6 -.832 -.25 5.7372 -1.568 -.25 6.3868 -1.5936 -.25 6.3868
3 14 -3 -.25 6 -1.3376 -.25 5.0524 -1.2736 -.25 5.0844
3 14 -3 -.25 6 -1.3696 -.25 5.0332 -1.3376 -.25 5.0524
3 14 -3 -.25 6 -1.3952 -.25 5.0076 -1.3696 -.25 5.0332
3 14 -3 -.25 6 -1.408 -.25 4.9884 -1.3952 -.25 5.0076
3 14 -3 -.25 6 -1.4112 -.25 4.9724 -1.408 -.25 4.9884
3 14 -3 -.25 6 -1.4048 -.25 4.9564 -1.4112 -.25 4.9724
4 14 -.832 -.25 5.7372 -.5984 -.25 6.6396 -.7264 -.25 6.7612 -1.4784 -.25 6.6716
4 14 -.832 -.25 5.7372 -.3104 -.25 6.2492 -.304 -.25 6.2972 -.304 -.25 6.3836
3 14 -.832 -.25 5.7372 -.1984 -.25 5.6732 -.224 -.25 5.7372
3 14 -.832 -.25 5.7372 -.1376 -.25 5.5452 -.1984 -.25 5.6732
3 14 -.832 -.25 5.7372 -.0896 -.25 5.4492 -.1376 -.25 5.5452
3 14 -.832 -.25 5.7372 -.0544 -.25 5.3852 -.0896 -.25 5.4492
3 14 -.832 -.25 5.7372 -.0032 -.25 5.302 -.0544 -.25 5.3852
3 14 -.832 -.25 5.7372 -.8128 -.25 5.1516 -.7488 -.25 5.1516
3 14 -.832 -.25 5.7372 -.8736 -.25 5.1452 -.8128 -.25 5.1516
3 14 -.832 -.25 5.7372 -1.0816 -.25 5.126 -1.0202 -.25 5.126
3 14 -.832 -.25 5.7372 -.288 -.25 5.126 -.1536 -.25 5.126
4 14 1.728 -.25 5.7372 1.7856 -.25 5.7372 1.7856 -.25 5.8012 1.7312 -.25 5.7884
4 14 1.8432 -.25 5.7244 3 -.25 6 1.8816 -.25 5.8268 1.8624 -.25 5.782
4 14 1.4976 -.25 5.6924 1.5821 -.25 5.759 1.5744 -.25 5.8012 1.5072 -.25 5.7436
4 14 .2112 -.25 5.686 .256 -.25 5.8364 .2368 -.25 5.9356 .192 -.25 5.846
4 14 1.4208 -.25 5.6796 1.4336 -.25 5.7564 1.3888 -.25 5.9804 1.376 -.25 5.9292
4 14 1.8528 -.25 5.6476 3 -.25 6 1.8432 -.25 5.7244 1.8432 -.25 5.686
3 14 1.8528 -.25 5.6476 1.8624 -.25 5.6092 3 -.25 6
4 14 1.4784 -.25 5.6412 1.5821 -.25 5.7174 1.5821 -.25 5.759 1.4976 -.25 5.6924
4 14 1.7088 -.25 5.6412 1.792 -.25 5.6732 1.7856 -.25 5.7372 1.728 -.25 5.7372
4 14 1.4144 -.25 5.6348 1.4208 -.25 5.6796 1.376 -.25 5.9292 1.3632 -.25 5.846
4 14 1.4592 -.25 5.6092 1.5776 -.25 5.6668 1.5821 -.25 5.7174 1.4784 -.25 5.6412
3 14 1.8624 -.25 5.6092 1.8656 -.25 5.5708 3 -.25 6
3 14 1.824 -.25 5.5964 1.664 -.25 5.5388 1.8432 -.25 5.5644
4 14 1.4144 -.25 5.59 1.4144 -.25 5.6348 1.3632 -.25 5.846 1.3312 -.25 5.7564
4 14 1.6896 -.25 5.59 1.8048 -.25 5.6348 1.792 -.25 5.6732 1.7088 -.25 5.6412
4 14 1.4496 -.25 5.5644 1.5552 -.25 5.5836 1.5776 -.25 5.6668 1.4592 -.25 5.6092
4 14 .192 -.25 5.5388 .2112 -.25 5.686 .192 -.25 5.846 .1664 -.25 5.7628
4 14 1.664 -.25 5.5388 1.824 -.25 5.5964 1.8048 -.25 5.6348 1.6896 -.25 5.59
4 14 1.4272 -.25 5.5324 1.4144 -.25 5.59 1.3312 -.25 5.7564 1.2864 -.25 5.6732
4 14 1.5296 -.25 5.5228 1.5552 -.25 5.5836 1.4496 -.25 5.5644 1.4464 -.25 5.526
4 14 1.4336 -.25 5.5164 1.4272 -.25 5.5324 1.2864 -.25 5.6732 1.2352 -.25 5.5996
4 14 1.4432 -.25 5.5068 1.4336 -.25 5.5164 1.2352 -.25 5.5996 1.1904 -.25 5.5292
3 14 1.6352 -.25 5.4908 3.376 -.25 3.4172 1.664 -.25 5.5388
4 14 1.4976 -.25 5.4652 1.5296 -.25 5.5228 1.4464 -.25 5.526 1.4432 -.25 5.5068
3 14 1.6064 -.25 5.4428 3.376 -.25 3.4172 1.6352 -.25 5.4908
4 14 .192 -.25 5.4364 .192 -.25 5.5388 .1664 -.25 5.7628 .1408 -.25 5.6668
4 14 1.0797 -.25 5.4294 1.4976 -.25 5.4652 1.4432 -.25 5.5068 1.1904 -.25 5.5292
3 14 1.0797 -.25 5.4294 1.4752 -.25 5.4236 1.4976 -.25 5.4652
3 14 1.5552 -.25 5.382 3.376 -.25 3.4172 1.6064 -.25 5.4428
4 14 .2048 -.25 5.3532 .192 -.25 5.4364 .1408 -.25 5.6668 .128 -.25 5.558
4 14 .9235 -.25 5.3058 1.4496 -.25 5.3756 1.4752 -.25 5.4236 1.0797 -.25 5.4294
4 14 .2176 -.25 5.27 .2048 -.25 5.3532 .128 -.25 5.558 .128 -.25 5.4684
4 14 .0192 -.25 5.254 .0128 -.25 5.2764 -.0032 -.25 5.302 -.832 -.25 5.7372
3 14 1.4624 -.25 5.2444 3.376 -.25 3.4172 1.5008 -.25 5.3084
4 14 .8224 -.25 5.238 1.4272 -.25 5.3276 1.4496 -.25 5.3756 .9235 -.25 5.3058
4 14 .768 -.25 5.1964 1.408 -.25 5.2764 1.4272 -.25 5.3276 .8224 -.25 5.238
4 14 .0064 -.25 5.19 .0224 -.25 5.222 .0192 -.25 5.254 -.832 -.25 5.7372
4 14 .2496 -.25 5.174 .2176 -.25 5.27 .128 -.25 5.4684 .1344 -.25 5.366
4 14 .736 -.25 5.1548 1.4144 -.25 5.2316 1.408 -.25 5.2764 .768 -.25 5.1964
4 14 -.6464 -.25 5.142 -.832 -.25 5.7372 -.7488 -.25 5.1516 -.688 -.25 5.1452
4 14 -.0384 -.25 5.1356 -.0128 -.25 5.158 .0064 -.25 5.19 -.832 -.25 5.7372
4 14 -.48 -.25 5.1292 -.832 -.25 5.7372 -.6464 -.25 5.142 -.5984 -.25 5.1356
4 14 -1.0202 -.25 5.126 -.944 -.25 5.1292 -.8736 -.25 5.1452 -.832 -.25 5.7372
4 14 -.3904 -.25 5.126 -.288 -.25 5.126 -.832 -.25 5.7372 -.48 -.25 5.1292
4 14 -.1536 -.25 5.126 -.08 -.25 5.1292 -.0384 -.25 5.1356 -.832 -.25 5.7372
4 14 -1.1392 -.25 5.1196 -1.0816 -.25 5.126 -.832 -.25 5.7372 -3 -.25 6
4 14 .6912 -.25 5.0716 1.4368 -.25 5.1804 1.4144 -.25 5.2316 .736 -.25 5.1548
3 14 .2464 -.25 5.0172 .3136 -.25 5.0076 .2272 -.25 5.0652
4 14 .3136 -.25 5.0076 .1472 -.25 5.2828 .1824 -.25 5.1804 .2272 -.25 5.0652
4 14 .3136 -.25 5.0076 .2496 -.25 5.174 .1344 -.25 5.366 .1472 -.25 5.2828
4 14 .6784 -.25 5.0076 1.4624 -.25 5.1644 1.4368 -.25 5.1804 .6912 -.25 5.0716
3 14 .6784 -.25 5.0076 3.376 -.25 3.4172 1.4624 -.25 5.1644
3 14 -1.4048 -.25 4.9564 -1.28 -.25 3.8172 -1.3824 -.25 4.9372
3 14 -.3776 -.25 4.9468 -.0205 -.25 4.2281 -.272 -.25 4.9276
3 14 -1.3824 -.25 4.9372 -1.28 -.25 3.8172 -1.3472 -.25 4.9116
3 14 -.848 -.25 4.9308 -1.28 -.25 3.8172 -.8288 -.25 4.9276
3 14 -.768 -.25 4.9308 -1.28 -.25 3.8172 -.7232 -.25 4.9436
3 14 -.8288 -.25 4.9276 -1.28 -.25 3.8172 -.8051 -.25 4.9257
3 14 -.8051 -.25 4.9257 -1.28 -.25 3.8172 -.768 -.25 4.9308
3 14 -1.3472 -.25 4.9116 -1.28 -.25 3.8172 -1.3152 -.25 4.8924
4 14 3.376 -.25 3.4172 3 -.25 6 1.8656 -.25 5.5708 1.8624 -.25 5.5452
4 14 3.376 -.25 3.4172 1.8624 -.25 5.5452 1.8432 -.25 5.5644 1.664 -.25 5.5388
4 14 3.376 -.25 3.4172 1.5552 -.25 5.382 1.52 -.25 5.3404 1.5008 -.25 5.3084
4 14 3.376 -.25 3.4172 1.4624 -.25 5.2444 1.4592 -.25 5.1996 1.4624 -.25 5.1644
3 14 -1.3152 -.25 4.8924 -1.28 -.25 3.8172 -1.2448 -.25 4.8636
3 14 -1.2448 -.25 4.8636 -1.28 -.25 3.8172 -1.1648 -.25 4.8444
3 14 -1.0336 -.25 4.8476 -1.28 -.25 3.8172 -1.0112 -.25 4.8764
4 14 .3968 -.25 4.8476 .3136 -.25 5.0076 .2464 -.25 5.0172 .2496 -.25 4.9756
3 14 -1.1648 -.25 4.8444 -1.28 -.25 3.8172 -1.12 -.25 4.8348
3 14 -1.12 -.25 4.8348 -1.28 -.25 3.8172 -1.088 -.25 4.8316
3 14 -1.0496 -.25 4.8348 -1.28 -.25 3.8172 -1.0336 -.25 4.8476
3 14 -1.088 -.25 4.8316 -1.28 -.25 3.8172 -1.0496 -.25 4.8348
4 14 .7488 -.25 4.8092 3.376 -.25 3.4172 .6784 -.25 5.0076 .6848 -.25 4.9308
3 14 .7488 -.25 4.8092 .7744 -.25 4.7478 3.376 -.25 3.4172
3 14 .7744 -.25 4.7478 .7808 -.25 4.6492 3.376 -.25 3.4172
4 14 .4736 -.25 4.7324 .3968 -.25 4.8476 .2496 -.25 4.9756 .2432 -.25 4.8988
4 14 .4755 -.25 4.7042 .4736 -.25 4.7324 .2432 -.25 4.8988 .2176 -.25 4.854
4 14 .4678 -.25 4.671 .4755 -.25 4.7042 .2176 -.25 4.854 .1856 -.25 4.8361
3 14 .7808 -.25 4.6492 .7744 -.25 4.5852 3.376 -.25 3.4172
4 14 .3584 -.25 4.5468 .4678 -.25 4.671 .1856 -.25 4.8361 .1472 -.25 4.8348
3 14 .7296 -.25 4.5404 3.376 -.25 3.4172 .7616 -.25 4.566
3 14 .5664 -.25 4.438 3.376 -.25 3.4172 .7296 -.25 4.5404
4 14 .1984 -.25 4.3996 .3584 -.25 4.5468 .1472 -.25 4.8348 .032 -.25 4.854
4 14 .1005 -.25 4.3164 .1984 -.25 4.3996 .032 -.25 4.854 -.0512 -.25 4.8796
4 14 .048 -.25 4.2799 .1005 -.25 4.3164 -.0512 -.25 4.8796 -.16 -.25 4.9052
4 14 -.0205 -.25 4.2281 .048 -.25 4.2799 -.16 -.25 4.9052 -.272 -.25 4.9276
3 14 -.0621 -.25 4.1897 -1.28 -.25 3.8172 -.0813 -.25 4.1692
3 14 -.0813 -.25 4.1692 -1.28 -.25 3.8172 -.0954 -.25 4.1494
3 14 .1696 -.25 4.0252 3.376 -.25 3.4172 .1856 -.25 4.054
3 14 .1472 -.25 4.0028 3.376 -.25 3.4172 .1696 -.25 4.0252
3 14 -.256 -.25 3.99 -1.28 -.25 3.8172 -.2797 -.25 3.9727
3 14 -.3501 -.25 3.8998 -1.28 -.25 3.8172 -.4 -.25 3.8383
3 14 .0576 -.25 3.8492 3.376 -.25 3.4172 .0512 -.25 3.8716
3 14 .0576 -.25 3.8492 .0576 -.25 3.8076 3.376 -.25 3.4172
4 14 -1.28 -.25 3.8172 -.544 -.25 4.9596 -.608 -.25 4.9596 -.6624 -.25 4.9532
4 14 -1.28 -.25 3.8172 -.9376 -.25 4.9532 -.9568 -.25 4.9436 -.9792 -.25 4.9276
4 14 -1.28 -.25 3.8172 -.6624 -.25 4.9532 -.7008 -.25 4.95 -.7232 -.25 4.9436
4 14 -1.28 -.25 3.8172 -.8864 -.25 4.95 -.912 -.25 4.9564 -.9376 -.25 4.9532
4 14 -1.28 -.25 3.8172 -.3776 -.25 4.9468 -.4544 -.25 4.9564 -.544 -.25 4.9596
4 14 -1.28 -.25 3.8172 -.848 -.25 4.9308 -.8704 -.25 4.9436 -.8864 -.25 4.95
4 14 -1.28 -.25 3.8172 -.9792 -.25 4.9276 -.9984 -.25 4.902 -1.0112 -.25 4.8764
4 14 -1.28 -.25 3.8172 -.0621 -.25 4.1897 -.0205 -.25 4.2281 -.3776 -.25 4.9468
4 14 -1.28 -.25 3.8172 -.1318 -.25 4.0834 -.1075 -.25 4.1231 -.0954 -.25 4.1494
4 14 -1.28 -.25 3.8172 -.1965 -.25 4.0284 -.1658 -.25 4.0495 -.1318 -.25 4.0834
4 14 -1.28 -.25 3.8172 -.256 -.25 3.99 -.2285 -.25 4.0073 -.1965 -.25 4.0284
4 14 -1.28 -.25 3.8172 -.3501 -.25 3.8998 -.2995 -.25 3.9503 -.2797 -.25 3.9727
3 14 -1.28 -.25 3.8172 -.4109 -.25 3.8063 -.4 -.25 3.8383
3 14 -1.28 -.25 3.8172 -.4102 -.25 3.7775 -.4109 -.25 3.8063
3 14 -1.28 -.25 3.8172 -.3962 -.25 3.766 -.4102 -.25 3.7775
3 14 3.376 -.25 3.4172 .7744 -.25 4.5852 .7616 -.25 4.566
4 14 3.376 -.25 3.4172 .5664 -.25 4.438 .432 -.25 4.3452 .3392 -.25 4.2524
4 14 3.376 -.25 3.4172 .3392 -.25 4.2524 .2304 -.25 4.1372 .2048 -.25 4.1052
4 14 3.376 -.25 3.4172 .2048 -.25 4.1052 .192 -.25 4.0732 .1856 -.25 4.054
4 14 3.376 -.25 3.4172 .1472 -.25 4.0028 .096 -.25 3.9708 .0787 -.25 3.958
4 14 3.376 -.25 3.4172 .0787 -.25 3.958 .0512 -.25 3.9388 .0384 -.25 3.9196
4 14 3.376 -.25 3.4172 .0384 -.25 3.9196 .0384 -.25 3.894 .0512 -.25 3.8716
4 14 -3.376 -.25 3.4172 -1.28 -.25 3.8172 -1.4048 -.25 4.9564 -3 -.25 6
3 14 -1.6736 -.25 6.9628 -1.6704 -.25 6.934 -1.1824 -.25 7.2284
3 14 -1.6704 -.25 6.902 -1.1824 -.25 7.2284 -1.6704 -.25 6.934
4 14 -1.6704 -.25 6.902 -1.6704 -.25 6.8732 -1.1712 -.25 7.222 -1.1824 -.25 7.2284
4 14 -2.4096 -.25 7.222 -2.416 -.25 7.2284 -3.376 -.25 7.2284 -3 -.25 6
3 14 -2.3488 -.25 7.2284 -1.9488 -.25 7.062 -1.9584 -.25 7.1228
3 14 3.376 -.25 7.2284 3 -.25 6 3.376 -.25 3.4172
4 14 3.376 -.25 7.2284 2.2586 -.25 7.2284 2.2528 -.25 7.1132 3 -.25 6
3 14 -3.376 -.25 7.2284 -3.376 -.25 3.4172 -3 -.25 6
4 14 -1.9584 -.25 7.1228 -1.9616 -.25 7.1644 -1.9703 -.25 7.2284 -2.3488 -.25 7.2284
4 14 -3.376 -.25 1.7372 -3.3718 -.25 1.6941 -3.1983 -.25 1.5206 -3.1552 -.25 1.5164
4 14 -3.3592 -.25 1.6527 -3.2397 -.25 1.5332 -3.1983 -.25 1.5206 -3.3718 -.25 1.6941
4 14 -3.3592 -.25 1.6527 -3.3388 -.25 1.6145 -3.2779 -.25 1.5536 -3.2397 -.25 1.5332
3 14 -3.3114 -.25 1.581 -3.2779 -.25 1.5536 -3.3388 -.25 1.6145
4 14 3.376 -.25 1.7372 3.1552 -.25 1.5164 3.1983 -.25 1.5206 3.3718 -.25 1.6941
4 14 3.3592 -.25 1.6527 3.3718 -.25 1.6941 3.1983 -.25 1.5206 3.2397 -.25 1.5332
4 14 3.3592 -.25 1.6527 3.2397 -.25 1.5332 3.2779 -.25 1.5536 3.3388 -.25 1.6145
3 14 3.3114 -.25 1.581 3.3388 -.25 1.6145 3.2779 -.25 1.5536
3 14 -3.376 -.25 1.7372 3.376 -.25 1.7372 0 -.25 1.9612
4 14 -1.1824 -.25 7.2284 -1.761 -.25 7.2284 -1.76 -.25 7.2092 -1.7504 -.25 7.1452
3 14 -1.1824 -.25 7.2284 -1.7504 -.25 7.1452 -1.7216 -.25 7.0812
3 14 -1.1824 -.25 7.2284 -1.7216 -.25 7.0812 -1.68 -.25 6.9884
3 14 -1.1824 -.25 7.2284 -1.68 -.25 6.9884 -1.6736 -.25 6.9628
4 14 .5765 -.25 7.2284 .6048 -.25 7.1964 1.92 -.25 7.2092 1.9163 -.25 7.2284
4 14 1.92 -.25 7.2092 .6048 -.25 7.1964 .672 -.25 7.126 1.9392 -.25 7.11
4 14 1.9392 -.25 7.11 .672 -.25 7.126 .7744 -.25 7.0556 1.9469 -.25 7.0146
4 14 1.9469 -.25 7.0146 .7744 -.25 7.0556 .8896 -.25 6.9692 1.9488 -.25 6.966
4 14 1.952 -.25 6.8956 1.9488 -.25 6.966 .8896 -.25 6.9692 .992 -.25 6.8828
4 14 1.952 -.25 6.8956 .992 -.25 6.8828 1.0816 -.25 6.7932 1.952 -.25 6.8188
4 14 1.952 -.25 6.8188 1.0816 -.25 6.7932 1.1936 -.25 6.6588 1.9424 -.25 6.7356
4 14 1.9424 -.25 6.7356 1.1936 -.25 6.6588 1.2704 -.25 6.5532 1.9296 -.25 6.6524
4 14 1.9296 -.25 6.6524 1.2704 -.25 6.5532 1.3312 -.25 6.438 1.9136 -.25 6.6012
4 14 1.9136 -.25 6.6012 1.3312 -.25 6.438 1.3568 -.25 6.3676 1.8912 -.25 6.55
4 14 1.3568 -.25 6.3676 1.376 -.25 6.294 1.856 -.25 6.4924 1.8912 -.25 6.55
4 14 1.856 -.25 6.4924 1.376 -.25 6.294 1.3888 -.25 6.2364 1.8304 -.25 6.4572
4 14 1.3888 -.25 6.2364 1.5104 -.25 6.2428 1.8048 -.25 6.4284 1.8304 -.25 6.4572
4 14 1.5104 -.25 6.2428 1.5808 -.25 6.2716 1.7536 -.25 6.3772 1.8048 -.25 6.4284
4 14 1.5808 -.25 6.2716 1.6512 -.25 6.3036 1.7024 -.25 6.3324 1.7536 -.25 6.3772
4 14 -3.376 -.25 3.4172 -.3718 -.25 3.759 -.3962 -.25 3.766 -1.28 -.25 3.8172
3 14 -3.376 -.25 3.4172 -.2944 -.25 3.7468 -.3718 -.25 3.759
3 14 -.2944 -.25 3.7468 -3.376 -.25 3.4172 -.192 -.25 3.7404
3 14 3.376 -.25 3.4172 .0576 -.25 3.8076 .0432 -.25 3.7916
3 14 3.376 -.25 3.4172 .0432 -.25 3.7916 .016 -.25 3.7788
3 14 3.376 -.25 3.4172 .016 -.25 3.7788 -.064 -.25 3.7532
3 14 3.376 -.25 3.4172 -.064 -.25 3.7532 -.096 -.25 3.7468
4 14 3.376 -.25 3.4172 -.096 -.25 3.7468 -.192 -.25 3.7404 -3.376 -.25 3.4172
0 // Black text "FERRARI"
0 // Letter "Ferrari"
3 0 -2.5632 -.25 3.1004 -2.6944 -.25 3.2572 -2.6944 -.25 3.1004
4 0 -2.5632 -.25 3.1004 -2.3072 -.25 3.1004 2.2784 -.25 3.2572 -2.6944 -.25 3.2572
3 0 -2.5632 -.25 3.1004 -2.3072 -.25 2.7228 -2.3072 -.25 3.1004
4 0 -2.5632 -.25 3.1004 -2.5632 -.25 2.1756 -2.3072 -.25 2.1756 -2.3072 -.25 2.5884
3 0 -2.3072 -.25 3.1004 2.2784 -.25 3.1004 2.2784 -.25 3.2572
3 0 -2.1856 -.25 2.7228 -2.0416 -.25 2.838 -2.1856 -.25 2.838
3 0 -2.3072 -.25 2.5884 -2.3072 -.25 2.7228 -2.5632 -.25 3.1004
3 0 -2.3072 -.25 2.5884 -2.1856 -.25 2.7228 -2.3072 -.25 2.7228
4 0 -2.3072 -.25 2.5884 -2.1856 -.25 2.5884 -2.0416 -.25 2.838 -2.1856 -.25 2.7228
4 0 -2.1856 -.25 2.4732 -2.0416 -.25 2.4732 -2.0416 -.25 2.838 -2.1856 -.25 2.5884
4 0 -2.7264 -.25 2.0476 -2.0928 -.25 2.0476 -2.5632 -.25 2.1756 -2.7264 -.25 2.1756
3 0 -2.0928 -.25 2.0476 -2.3072 -.25 2.1756 -2.5632 -.25 2.1756
3 0 -2.0928 -.25 2.0476 -2.0928 -.25 2.1756 -2.3072 -.25 2.1756
0 // Letter "fErrari"
3 0 -1.4848 -.25 2.9308 -1.4848 -.25 2.8028 -1.4652 -.25 2.7989
4 0 -1.4848 -.25 2.9308 -1.4652 -.25 2.7989 -1.4166 -.25 2.9257 -1.4513 -.25 2.9296
4 0 -1.6192 -.25 2.8028 -1.4848 -.25 2.8028 -1.4848 -.25 2.9308 -1.6192 -.25 2.9308
4 0 -1.6388 -.25 2.7989 -1.6192 -.25 2.8028 -1.6192 -.25 2.9308 -1.6527 -.25 2.9296
4 0 -1.6554 -.25 2.7878 -1.6874 -.25 2.9257 -1.7243 -.25 2.9186 -1.7645 -.25 2.9065
4 0 -1.6554 -.25 2.7878 -1.6388 -.25 2.7989 -1.6527 -.25 2.9296 -1.6874 -.25 2.9257
4 0 -1.4486 -.25 2.7878 -1.3796 -.25 2.9185 -1.4166 -.25 2.9257 -1.4652 -.25 2.7989
4 0 -1.6665 -.25 2.7712 -1.6554 -.25 2.7878 -1.7645 -.25 2.9065 -1.8077 -.25 2.8872
4 0 -1.4375 -.25 2.7712 -1.3395 -.25 2.9065 -1.3796 -.25 2.9185 -1.4486 -.25 2.7878
4 0 -1.4375 -.25 2.7712 -1.2528 -.25 2.8573 -1.2963 -.25 2.8872 -1.3395 -.25 2.9065
4 0 -1.4375 -.25 2.7712 -1.4336 -.25 2.7516 -1.2174 -.25 2.8144 -1.2528 -.25 2.8573
4 0 -1.6704 -.25 2.7516 -1.8512 -.25 2.8573 -1.8866 -.25 2.8144 -1.9008 -.25 2.7612
4 0 -1.6704 -.25 2.7516 -1.6665 -.25 2.7712 -1.8077 -.25 2.8872 -1.8512 -.25 2.8573
4 0 -1.4336 -.25 2.5052 -1.2032 -.25 2.7612 -1.2174 -.25 2.8144 -1.4336 -.25 2.7516
3 0 -1.6704 -.25 2.422 -1.6704 -.25 2.5052 -1.9008 -.25 2.2172
4 0 -1.6704 -.25 2.422 -1.4336 -.25 2.422 -1.4336 -.25 2.5052 -1.6704 -.25 2.5052
4 0 -1.4336 -.25 2.422 -1.2032 -.25 2.422 -1.2032 -.25 2.7612 -1.4336 -.25 2.5052
4 0 -1.4336 -.25 2.2268 -1.2528 -.25 2.1211 -1.2174 -.25 2.164 -1.2032 -.25 2.2172
4 0 -1.9008 -.25 2.2172 -1.6704 -.25 2.5052 -1.6704 -.25 2.7516 -1.9008 -.25 2.7612
4 0 -1.2032 -.25 2.2172 -1.2032 -.25 2.326 -1.4336 -.25 2.326 -1.4336 -.25 2.2268
4 0 -1.4486 -.25 2.1906 -1.3395 -.25 2.0719 -1.2963 -.25 2.0912 -1.4375 -.25 2.2072
4 0 -1.8866 -.25 2.164 -1.6704 -.25 2.2268 -1.6704 -.25 2.422 -1.9008 -.25 2.2172
4 0 -1.8512 -.25 2.1211 -1.6665 -.25 2.2072 -1.6704 -.25 2.2268 -1.8866 -.25 2.164
4 0 -1.2963 -.25 2.0912 -1.2528 -.25 2.1211 -1.4336 -.25 2.2268 -1.4375 -.25 2.2072
4 0 -1.7645 -.25 2.0719 -1.6665 -.25 2.2072 -1.8512 -.25 2.1211 -1.8077 -.25 2.0912
4 0 -1.7243 -.25 2.0598 -1.6554 -.25 2.1906 -1.6665 -.25 2.2072 -1.7645 -.25 2.0719
4 0 -1.6874 -.25 2.0527 -1.6388 -.25 2.1795 -1.6554 -.25 2.1906 -1.7243 -.25 2.0598
4 0 -1.4166 -.25 2.0527 -1.3796 -.25 2.0599 -1.3395 -.25 2.0719 -1.4486 -.25 2.1906
4 0 -1.4513 -.25 2.0488 -1.4166 -.25 2.0527 -1.4486 -.25 2.1906 -1.4652 -.25 2.1795
4 0 -1.6192 -.25 2.0476 -1.6388 -.25 2.1795 -1.6874 -.25 2.0527 -1.6527 -.25 2.0488
4 0 -1.6192 -.25 2.0476 -1.4848 -.25 2.0476 -1.6192 -.25 2.1756 -1.6388 -.25 2.1795
3 0 -1.4848 -.25 2.0476 -1.4848 -.25 2.1756 -1.6192 -.25 2.1756
4 0 -1.4848 -.25 2.0476 -1.4513 -.25 2.0488 -1.4652 -.25 2.1795 -1.4848 -.25 2.1756
0 // Letter "feRrari"
4 0 -1.0688 -.25 2.8028 -.9824 -.25 2.8028 -.752 -.25 2.9212 -1.0688 -.25 2.9212
4 0 -.5632 -.25 2.7612 -.5568 -.25 2.7612 -.3808 -.25 2.8988 -.4256 -.25 2.9244
4 0 -.5568 -.25 2.7612 -.3392 -.25 2.7932 -.3488 -.25 2.8572 -.3808 -.25 2.8988
4 0 -.5568 -.25 2.7612 -.5568 -.25 2.4252 -.3392 -.25 2.4252 -.3392 -.25 2.7932
4 0 -.5728 -.25 2.7548 -.4704 -.25 2.9308 -.5216 -.25 2.9308 -.5792 -.25 2.9084
4 0 -.5728 -.25 2.7548 -.5792 -.25 2.9084 -.6208 -.25 2.8732 -.5952 -.25 2.7292
4 0 -.5728 -.25 2.7548 -.5632 -.25 2.7612 -.4256 -.25 2.9244 -.4704 -.25 2.9308
4 0 -.752 -.25 2.7132 -.752 -.25 2.9212 -.9824 -.25 2.8028 -.9824 -.25 2.1756
4 0 -.752 -.25 2.7132 -.72 -.25 2.5724 -.6784 -.25 2.63 -.704 -.25 2.7772
4 0 -.752 -.25 2.7132 -.9824 -.25 2.1756 -.752 -.25 2.5212 -.72 -.25 2.5724
4 0 -.6368 -.25 2.6812 -.5952 -.25 2.7292 -.6208 -.25 2.8732 -.6624 -.25 2.8316
4 0 -.6784 -.25 2.63 -.6368 -.25 2.6812 -.6624 -.25 2.8316 -.704 -.25 2.7772
4 0 -.9824 -.25 2.1756 -1.0688 -.25 2.1756 -1.0688 -.25 2.0476 -.672 -.25 2.0476
3 0 -.9824 -.25 2.1756 -.752 -.25 2.1756 -.752 -.25 2.5212
3 0 -.752 -.25 2.1756 -.9824 -.25 2.1756 -.672 -.25 2.0476
3 0 -.752 -.25 2.1756 -.672 -.25 2.0476 -.672 -.25 2.1756
0 // Letter "ferRari"
4 0 -.2432 -.25 2.8028 -.1568 -.25 2.8028 .0736 -.25 2.9212 -.2432 -.25 2.9212
4 0 .2624 -.25 2.7612 .2688 -.25 2.7612 .4448 -.25 2.8988 .4 -.25 2.9244
4 0 .2688 -.25 2.7612 .4864 -.25 2.7932 .4768 -.25 2.8572 .4448 -.25 2.8988
4 0 .2688 -.25 2.7612 .2688 -.25 2.4252 .4864 -.25 2.4252 .4864 -.25 2.7932
4 0 .2528 -.25 2.7548 .3552 -.25 2.9308 .304 -.25 2.9308 .2464 -.25 2.9084
4 0 .2528 -.25 2.7548 .2464 -.25 2.9084 .2048 -.25 2.8732 .2304 -.25 2.7292
4 0 .2528 -.25 2.7548 .2624 -.25 2.7612 .4 -.25 2.9244 .3552 -.25 2.9308
4 0 .0736 -.25 2.7132 .0736 -.25 2.9212 -.1568 -.25 2.8028 -.1568 -.25 2.1756
4 0 .0736 -.25 2.7132 .1056 -.25 2.5724 .1472 -.25 2.63 .1216 -.25 2.7772
4 0 .0736 -.25 2.7132 -.1568 -.25 2.1756 .0736 -.25 2.5212 .1056 -.25 2.5724
4 0 .1888 -.25 2.6812 .2304 -.25 2.7292 .2048 -.25 2.8732 .1632 -.25 2.8316
4 0 .1472 -.25 2.63 .1888 -.25 2.6812 .1632 -.25 2.8316 .1216 -.25 2.7772
4 0 -.1568 -.25 2.1756 -.2432 -.25 2.1756 -.2432 -.25 2.0476 .16 -.25 2.0476
3 0 -.1568 -.25 2.1756 .0736 -.25 2.1756 .0736 -.25 2.5212
3 0 .0736 -.25 2.1756 -.1568 -.25 2.1756 .16 -.25 2.0476
3 0 .0736 -.25 2.1756 .16 -.25 2.0476 .16 -.25 2.1756
0 // Letter "ferrAri"
4 0 .88 -.25 2.8028 1.0144 -.25 2.8028 1.0144 -.25 2.9308 .88 -.25 2.9308
4 0 .8604 -.25 2.7989 .88 -.25 2.8028 .88 -.25 2.9308 .8465 -.25 2.9296
4 0 1.034 -.25 2.7989 1.0479 -.25 2.9296 1.0144 -.25 2.9308 1.0144 -.25 2.8028
4 0 .8438 -.25 2.7878 .8118 -.25 2.9257 .7749 -.25 2.9186 .7347 -.25 2.9065
4 0 .8438 -.25 2.7878 .8604 -.25 2.7989 .8465 -.25 2.9296 .8118 -.25 2.9257
4 0 1.0506 -.25 2.7878 1.0826 -.25 2.9257 1.0479 -.25 2.9296 1.034 -.25 2.7989
4 0 1.0506 -.25 2.7878 1.1597 -.25 2.9065 1.1196 -.25 2.9185 1.0826 -.25 2.9257
4 0 .8327 -.25 2.7712 .8438 -.25 2.7878 .7347 -.25 2.9065 .6915 -.25 2.8872
4 0 1.0617 -.25 2.7712 1.2029 -.25 2.8872 1.1597 -.25 2.9065 1.0506 -.25 2.7878
4 0 .8288 -.25 2.7516 .648 -.25 2.8573 .6126 -.25 2.8144 .5984 -.25 2.7612
4 0 .8288 -.25 2.7516 .8327 -.25 2.7712 .6915 -.25 2.8872 .648 -.25 2.8573
4 0 1.0656 -.25 2.7516 1.2464 -.25 2.8573 1.2029 -.25 2.8872 1.0617 -.25 2.7712
4 0 1.0656 -.25 2.7516 1.296 -.25 2.7612 1.2818 -.25 2.8144 1.2464 -.25 2.8573
4 0 .5984 -.25 2.6524 .8288 -.25 2.6524 .8288 -.25 2.7516 .5984 -.25 2.7612
3 0 1.0656 -.25 2.534 1.0656 -.25 2.422 1.296 -.25 2.1756
4 0 1.0656 -.25 2.422 1.0656 -.25 2.534 .88 -.25 2.534 .88 -.25 2.422
4 0 1.0656 -.25 2.422 1.0656 -.25 2.2268 1.376 -.25 2.0476 1.296 -.25 2.1756
4 0 .8604 -.25 2.4181 .88 -.25 2.422 .88 -.25 2.534 .8465 -.25 2.5328
4 0 .8438 -.25 2.407 .8118 -.25 2.5289 .7749 -.25 2.5218 .7347 -.25 2.5097
4 0 .8438 -.25 2.407 .8604 -.25 2.4181 .8465 -.25 2.5328 .8118 -.25 2.5289
4 0 .8327 -.25 2.3904 .8438 -.25 2.407 .7347 -.25 2.5097 .6915 -.25 2.4904
4 0 .8288 -.25 2.3708 .8327 -.25 2.3904 .6915 -.25 2.4904 .648 -.25 2.4605
4 0 .5984 -.25 2.3644 .8288 -.25 2.3708 .648 -.25 2.4605 .6126 -.25 2.4176
4 0 .5984 -.25 2.2172 .8288 -.25 2.2268 .8288 -.25 2.3708 .5984 -.25 2.3644
4 0 1.296 -.25 2.1756 1.296 -.25 2.7612 1.0656 -.25 2.7516 1.0656 -.25 2.534
3 0 1.296 -.25 2.1756 1.376 -.25 2.0476 1.376 -.25 2.1756
4 0 .648 -.25 2.1211 .8288 -.25 2.2268 .5984 -.25 2.2172 .6126 -.25 2.164
4 0 .6915 -.25 2.0912 .8327 -.25 2.2072 .8288 -.25 2.2268 .648 -.25 2.1211
4 0 .7347 -.25 2.0719 .8438 -.25 2.1906 .8327 -.25 2.2072 .6915 -.25 2.0912
4 0 .8118 -.25 2.0527 .8438 -.25 2.1906 .7347 -.25 2.0719 .7749 -.25 2.0598
4 0 .8465 -.25 2.0488 .8604 -.25 2.1795 .8438 -.25 2.1906 .8118 -.25 2.0527
4 0 .88 -.25 2.0476 .88 -.25 2.1756 .8604 -.25 2.1795 .8465 -.25 2.0488
3 0 .88 -.25 2.0476 1.0144 -.25 2.1756 .88 -.25 2.1756
3 0 1.376 -.25 2.0476 1.0656 -.25 2.2268 1.0617 -.25 2.2072
3 0 1.376 -.25 2.0476 1.0617 -.25 2.2072 1.0506 -.25 2.1906
3 0 1.376 -.25 2.0476 1.0506 -.25 2.1906 1.034 -.25 2.1795
4 0 1.376 -.25 2.0476 1.034 -.25 2.1795 1.0144 -.25 2.1756 .88 -.25 2.0476
0 // Letter "ferraRi"
4 0 1.4688 -.25 2.8028 1.5552 -.25 2.8028 1.7856 -.25 2.9212 1.4688 -.25 2.9212
4 0 1.9744 -.25 2.7612 1.9808 -.25 2.7612 2.1568 -.25 2.8988 2.112 -.25 2.9244
4 0 1.9808 -.25 2.7612 2.1984 -.25 2.7932 2.1888 -.25 2.8572 2.1568 -.25 2.8988
4 0 1.9808 -.25 2.7612 1.9808 -.25 2.4252 2.1984 -.25 2.4252 2.1984 -.25 2.7932
4 0 1.9648 -.25 2.7548 2.0672 -.25 2.9308 2.016 -.25 2.9308 1.9584 -.25 2.9084
4 0 1.9648 -.25 2.7548 1.9584 -.25 2.9084 1.9168 -.25 2.8732 1.9424 -.25 2.7292
4 0 1.9648 -.25 2.7548 1.9744 -.25 2.7612 2.112 -.25 2.9244 2.0672 -.25 2.9308
4 0 1.7856 -.25 2.7132 1.7856 -.25 2.9212 1.5552 -.25 2.8028 1.5552 -.25 2.1756
4 0 1.7856 -.25 2.7132 1.8176 -.25 2.5724 1.8592 -.25 2.63 1.8336 -.25 2.7772
4 0 1.7856 -.25 2.7132 1.5552 -.25 2.1756 1.7856 -.25 2.5212 1.8176 -.25 2.5724
4 0 1.9008 -.25 2.6812 1.9424 -.25 2.7292 1.9168 -.25 2.8732 1.8752 -.25 2.8316
4 0 1.8592 -.25 2.63 1.9008 -.25 2.6812 1.8752 -.25 2.8316 1.8336 -.25 2.7772
4 0 1.5552 -.25 2.1756 1.4688 -.25 2.1756 1.4688 -.25 2.0476 1.872 -.25 2.0476
3 0 1.5552 -.25 2.1756 1.7856 -.25 2.1756 1.7856 -.25 2.5212
3 0 1.7856 -.25 2.1756 1.5552 -.25 2.1756 1.872 -.25 2.0476
3 0 1.7856 -.25 2.1756 1.872 -.25 2.0476 1.872 -.25 2.1756
0 // Letter "ferrarI"
4 0 2.3904 -.25 3.1004 2.6496 -.25 3.1004 2.6496 -.25 3.2572 2.3904 -.25 3.2572
4 0 2.3232 -.25 2.8028 2.4096 -.25 2.8028 2.64 -.25 2.9212 2.3232 -.25 2.9212
4 0 2.4096 -.25 2.1756 2.3232 -.25 2.1756 2.3232 -.25 2.0476 2.7264 -.25 2.0476
4 0 2.64 -.25 2.1756 2.64 -.25 2.9212 2.4096 -.25 2.8028 2.4096 -.25 2.1756
3 0 2.64 -.25 2.1756 2.4096 -.25 2.1756 2.7264 -.25 2.0476
3 0 2.64 -.25 2.1756 2.7264 -.25 2.0476 2.7264 -.25 2.1756
0 // Black horse
3 0 -3.5072 -.25 7.2284 -3.376 -.25 3.4172 -3.376 -.25 7.2284
3 0 3.5072 -.25 7.2284 3.376 -.25 7.2284 3.376 -.25 3.4172
4 0 -3.376 -.25 1.7372 -3.376 -.25 3.4172 -3.5072 -.25 7.2284 -3.5072 -.25 1.7372
4 0 -3.376 -.25 1.7372 -3.5072 -.25 1.7372 -3.5004 -.25 1.6685 -3.3718 -.25 1.6941
4 0 3.376 -.25 1.7372 3.5072 -.25 1.7372 3.5072 -.25 7.2284 3.376 -.25 3.4172
4 0 3.376 -.25 1.7372 3.3718 -.25 1.6941 3.5004 -.25 1.6685 3.5072 -.25 1.7372
4 0 -3.3592 -.25 1.6527 -3.3718 -.25 1.6941 -3.5004 -.25 1.6685 -3.4804 -.25 1.6025
4 0 -3.3592 -.25 1.6527 -3.4804 -.25 1.6025 -3.4479 -.25 1.5416 -3.3388 -.25 1.6145
4 0 3.3592 -.25 1.6527 3.4804 -.25 1.6025 3.5004 -.25 1.6685 3.3718 -.25 1.6941
4 0 3.3592 -.25 1.6527 3.3388 -.25 1.6145 3.4479 -.25 1.5416 3.4804 -.25 1.6025
4 0 -3.3114 -.25 1.581 -3.3388 -.25 1.6145 -3.4479 -.25 1.5416 -3.4041 -.25 1.4883
4 0 -3.3114 -.25 1.581 -3.4041 -.25 1.4883 -3.3508 -.25 1.4445 -3.2779 -.25 1.5536
4 0 3.3114 -.25 1.581 3.4041 -.25 1.4883 3.4479 -.25 1.5416 3.3388 -.25 1.6145
4 0 3.3114 -.25 1.581 3.2779 -.25 1.5536 3.3508 -.25 1.4445 3.4041 -.25 1.4883
4 0 -3.2397 -.25 1.5332 -3.2779 -.25 1.5536 -3.3508 -.25 1.4445 -3.2899 -.25 1.412
4 0 -3.2397 -.25 1.5332 -3.2899 -.25 1.412 -3.2239 -.25 1.392 -3.1983 -.25 1.5206
4 0 3.2397 -.25 1.5332 3.2899 -.25 1.412 3.3508 -.25 1.4445 3.2779 -.25 1.5536
4 0 3.2397 -.25 1.5332 3.1983 -.25 1.5206 3.2239 -.25 1.392 3.2899 -.25 1.412
4 0 -3.1552 -.25 1.3852 -3.1552 -.25 1.5164 -3.1983 -.25 1.5206 -3.2239 -.25 1.392
3 0 -3.1552 -.25 1.5164 -3.1552 -.25 1.3852 -2.5 -.25 1.3852
3 0 -3.1552 -.25 1.5164 -2.5 -.25 1.3852 -1.5 -.25 1.3852
3 0 -3.1552 -.25 1.5164 -1.5 -.25 1.3852 -.5 -.25 1.3852
4 0 -3.1552 -.25 1.5164 -.5 -.25 1.3852 .5 -.25 1.3852 3.1552 -.25 1.5164
3 0 3.1552 -.25 1.5164 .5 -.25 1.3852 1.5 -.25 1.3852
3 0 3.1552 -.25 1.5164 1.5 -.25 1.3852 2.5 -.25 1.3852
3 0 3.1552 -.25 1.5164 2.5 -.25 1.3852 3.1552 -.25 1.3852
4 0 3.1552 -.25 1.3852 3.2239 -.25 1.392 3.1983 -.25 1.5206 3.1552 -.25 1.5164
3 0 .352 -.25 7.1964 .25 -.25 6.8 .3872 -.25 7.1644
3 0 .6048 -.25 7.1964 .64 -.25 7.0812 .672 -.25 7.126
3 0 -1.8848 -.25 7.19 -1.9 -.25 7.1 -1.8752 -.25 7.1836
3 0 .3872 -.25 7.1644 .25 -.25 6.8 .4192 -.25 7.1356
4 0 -1.9 -.25 7.1 -1.8848 -.25 7.19 -1.888 -.25 7.1996 -1.9008 -.25 7.2188
3 0 .4192 -.25 7.1356 .25 -.25 6.8 .4416 -.25 7.1164
3 0 .4416 -.25 7.1164 .25 -.25 6.8 .4736 -.25 7.094
3 0 .4736 -.25 7.094 .25 -.25 6.8 .4992 -.25 7.078
3 0 .64 -.25 7.0812 .7744 -.25 7.0556 .672 -.25 7.126
3 0 .4992 -.25 7.078 .25 -.25 6.8 .5216 -.25 7.0652
3 0 .5216 -.25 7.0652 .25 -.25 6.8 .5344 -.25 7.0588
3 0 .5344 -.25 7.0588 .25 -.25 6.8 .5472 -.25 7.062
4 0 -1.936 -.25 7.0268 -1.9 -.25 7.1 -1.9584 -.25 7.1228 -1.9488 -.25 7.062
3 0 1.9469 -.25 7.0146 2.0672 -.25 6.9788 2.0736 -.25 6.9916
4 0 2.0736 -.25 6.9916 2.2592 -.25 7.0172 2.2528 -.25 7.1132 1.9469 -.25 7.0146
3 0 2.0736 -.25 6.9916 2.0864 -.25 6.9788 2.2592 -.25 7.0172
4 0 2.0672 -.25 6.9532 2.0672 -.25 6.9788 1.9469 -.25 7.0146 1.9488 -.25 6.966
3 0 -1.6704 -.25 6.934 -1.8 -.25 6.8 -1.6704 -.25 6.902
3 0 -.688 -.25 6.9212 -.6912 -.25 6.7996 -.64 -.25 6.8636
4 0 2.1024 -.25 6.9212 2.2592 -.25 7.0172 2.0864 -.25 6.9788 2.0928 -.25 6.9532
3 0 -.8448 -.25 6.9084 -.6912 -.25 6.7996 -.8992 -.25 6.9884
3 0 -1.6704 -.25 6.902 -1.8 -.25 6.8 -1.6704 -.25 6.8732
4 0 1.952 -.25 6.8956 2.0704 -.25 6.9276 2.0672 -.25 6.9532 1.9488 -.25 6.966
4 0 .992 -.25 6.8828 .8896 -.25 6.9692 .7744 -.25 7.0556 .64 -.25 7.0812
3 0 .992 -.25 6.8828 1.1 -.25 6.4 1.0816 -.25 6.7932
3 0 2.1088 -.25 6.8777 2.1184 -.25 6.8316 2.2765 -.25 6.8617
3 0 -1.6704 -.25 6.8732 -1.8 -.25 6.8 -1.664 -.25 6.854
3 0 -.64 -.25 6.8636 -.6912 -.25 6.7996 -.5888 -.25 6.806
4 0 2.2765 -.25 6.8617 2.2592 -.25 7.0172 2.1024 -.25 6.9212 2.1088 -.25 6.8777
3 0 -1.664 -.25 6.854 -1.8 -.25 6.8 -1.6512 -.25 6.8412
4 0 -1.8752 -.25 6.8252 -1.8 -.25 6.8 -1.9168 -.25 6.8828 -1.904 -.25 6.854
3 0 -1.8752 -.25 6.8252 -1.8528 -.25 6.7932 -1.8 -.25 6.8
4 0 -1.8 -.25 6.8 -1.9 -.25 7.1 -1.936 -.25 7.0268 -1.9296 -.25 6.966
4 0 -1.8 -.25 6.8 -1.9296 -.25 6.966 -1.9296 -.25 6.9212 -1.9168 -.25 6.8828
4 0 -1.8 -.25 6.8 -1.6704 -.25 6.934 -1.6736 -.25 6.9628 -1.68 -.25 6.9884
3 0 -1.8 -.25 6.8 -1.6256 -.25 6.822 -1.6512 -.25 6.8412
4 0 -1.8 -.25 6.8 -1.536 -.25 6.7612 -1.5904 -.25 6.8092 -1.6256 -.25 6.822
4 0 1.952 -.25 6.8188 2.0704 -.25 6.8873 2.0704 -.25 6.9276 1.952 -.25 6.8956
4 0 -.6912 -.25 6.7996 -.688 -.25 6.9212 -.736 -.25 6.9852 -.7808 -.25 7.0428
3 0 -.6912 -.25 6.7996 -.5376 -.25 6.7548 -.5888 -.25 6.806
3 0 -.6912 -.25 6.7996 -.4832 -.25 6.7004 -.5376 -.25 6.7548
4 0 2.0704 -.25 6.79 2.0736 -.25 6.8444 2.0704 -.25 6.8873 1.952 -.25 6.8188
4 0 -1.536 -.25 6.7612 -1.52 -.25 6.7804 -1.5488 -.25 6.7996 -1.5904 -.25 6.8092
4 0 .25 -.25 6.8 .64 -.25 6.8 .64 -.25 7.0812 .5472 -.25 7.062
3 0 .25 -.25 6.8 .4672 -.25 6.6652 .4864 -.25 6.6748
3 0 .25 -.25 6.8 .4416 -.25 6.6492 .4672 -.25 6.6652
3 0 .25 -.25 6.8 .4224 -.25 6.6268 .4416 -.25 6.6492
3 0 .25 -.25 6.8 .4032 -.25 6.6012 .4224 -.25 6.6268
3 0 .25 -.25 6.8 .3904 -.25 6.5724 .4032 -.25 6.6012
3 0 .25 -.25 6.8 .384 -.25 6.55 .3904 -.25 6.5724
3 0 .64 -.25 6.8 .512 -.25 6.6812 .5376 -.25 6.6812
4 0 2.2874 -.25 6.7503 2.2765 -.25 6.8617 2.1184 -.25 6.8316 2.1216 -.25 6.7612
4 0 -1.4944 -.25 6.742 -1.5072 -.25 6.7644 -1.52 -.25 6.7804 -1.536 -.25 6.7612
4 0 2.0704 -.25 6.726 2.0704 -.25 6.79 1.952 -.25 6.8188 1.9424 -.25 6.7356
3 0 .5376 -.25 6.6812 .5568 -.25 6.6716 .64 -.25 6.8
4 0 .4864 -.25 6.6748 .512 -.25 6.6812 .64 -.25 6.8 .25 -.25 6.8
4 0 2.2893 -.25 6.6735 2.2874 -.25 6.7503 2.1216 -.25 6.7612 2.1216 -.25 6.6972
4 0 -1.4784 -.25 6.6716 -1.4848 -.25 6.7132 -1.4944 -.25 6.742 -1.536 -.25 6.7612
3 0 .5568 -.25 6.6716 .5568 -.25 6.6556 .64 -.25 6.8
3 0 -.4288 -.25 6.6556 -.304 -.25 6.3836 -.3776 -.25 6.614
4 0 1.9296 -.25 6.6524 2.0608 -.25 6.6716 2.0704 -.25 6.726 1.9424 -.25 6.7356
3 0 .544 -.25 6.6428 .64 -.25 6.4 .5568 -.25 6.6556
4 0 -.5984 -.25 6.6396 -.6912 -.25 6.7996 -.8448 -.25 6.9084 -.7264 -.25 6.7612
4 0 -.3296 -.25 6.6396 .25 -.25 6.8 -.4224 -.25 6.7356 -.3776 -.25 6.6876
4 0 -1.728 -.25 6.6332 -1.8 -.25 6.8 -1.8528 -.25 6.7932 -1.8208 -.25 6.7324
3 0 -1.728 -.25 6.6332 -1.664 -.25 6.5596 -1.6544 -.25 6.5596
3 0 -1.728 -.25 6.6332 -1.664 -.25 6.55 -1.664 -.25 6.5596
3 0 .5184 -.25 6.63 .64 -.25 6.4 .544 -.25 6.6428
4 0 1.9136 -.25 6.6012 2.048 -.25 6.6076 2.0608 -.25 6.6716 1.9296 -.25 6.6524
4 0 2.281 -.25 6.5839 2.2893 -.25 6.6735 2.1216 -.25 6.6972 2.1184 -.25 6.6396
4 0 -1.744 -.25 6.5724 -1.728 -.25 6.6332 -1.8208 -.25 6.7324 -1.776 -.25 6.6332
4 0 -.2464 -.25 6.5628 .25 -.25 6.8 -.3296 -.25 6.6396 -.2944 -.25 6.6044
3 0 -1.6544 -.25 6.5596 -1.6448 -.25 6.5548 -1.728 -.25 6.6332
3 0 -1.6448 -.25 6.5548 -1.632 -.25 6.5468 -1.728 -.25 6.6332
4 0 2.0192 -.25 6.5404 2.048 -.25 6.6076 1.9136 -.25 6.6012 1.8912 -.25 6.55
4 0 -1.6608 -.25 6.5372 -1.664 -.25 6.55 -1.728 -.25 6.6332 -1.744 -.25 6.5724
3 0 -.2688 -.25 6.5308 -.304 -.25 6.3836 -.2336 -.25 6.5052
3 0 -1.6032 -.25 6.5244 -1.536 -.25 6.5052 -1.616 -.25 6.5372
3 0 -1.6032 -.25 6.5244 -1.5904 -.25 6.502 -1.536 -.25 6.5052
4 0 -1.6544 -.25 6.5212 -1.6608 -.25 6.5372 -1.744 -.25 6.5724 -1.7248 -.25 6.5372
3 0 .384 -.25 6.5148 .25 -.25 6.4 .3968 -.25 6.486
3 0 .4256 -.25 6.5116 .64 -.25 6.4 .4352 -.25 6.55
4 0 2.2682 -.25 6.5097 2.281 -.25 6.5839 2.1184 -.25 6.6396 2.0992 -.25 6.5724
4 0 -.1952 -.25 6.5084 .25 -.25 6.8 -.2464 -.25 6.5628 -.2176 -.25 6.5308
3 0 -.1952 -.25 6.5084 -.1824 -.25 6.4924 .25 -.25 6.8
4 0 -1.536 -.25 6.5052 -1.536 -.25 6.7612 -1.8 -.25 6.8 -1.728 -.25 6.6332
4 0 -1.536 -.25 6.5052 -1.728 -.25 6.6332 -1.632 -.25 6.5468 -1.616 -.25 6.5372
4 0 -1.536 -.25 6.5052 -1.4752 -.25 6.6172 -1.4784 -.25 6.6716 -1.536 -.25 6.7612
4 0 -1.536 -.25 6.5052 -1.488 -.25 6.5052 -1.4784 -.25 6.5596 -1.4752 -.25 6.6172
3 0 -.2336 -.25 6.5052 -.304 -.25 6.3836 -.2112 -.25 6.4924
3 0 -1.5904 -.25 6.502 -1.5904 -.25 6.4892 -1.536 -.25 6.5052
4 0 -1.6992 -.25 6.4988 -1.6448 -.25 6.5052 -1.6544 -.25 6.5212 -1.7248 -.25 6.5372
3 0 -.2112 -.25 6.4924 -.304 -.25 6.3836 -.1952 -.25 6.486
3 0 .4128 -.25 6.4828 .64 -.25 6.4 .4256 -.25 6.5116
4 0 -1.6736 -.25 6.4636 -1.6352 -.25 6.4892 -1.6448 -.25 6.5052 -1.6992 -.25 6.4988
4 0 1.9776 -.25 6.4636 2.0192 -.25 6.5404 1.8912 -.25 6.55 1.856 -.25 6.4924
4 0 -1.504 -.25 6.4508 -1.4944 -.25 6.4764 -1.488 -.25 6.5052 -1.536 -.25 6.5052
4 0 2.24 -.25 6.4348 2.2682 -.25 6.5097 2.0992 -.25 6.5724 2.08 -.25 6.5052
4 0 -1.6448 -.25 6.4252 -1.6192 -.25 6.4796 -1.6352 -.25 6.4892 -1.6736 -.25 6.4636
4 0 1.9392 -.25 6.4156 1.9776 -.25 6.4636 1.856 -.25 6.4924 1.8304 -.25 6.4572
4 0 -1.5456 -.25 6.3996 -1.5232 -.25 6.4188 -1.504 -.25 6.4508 -1.536 -.25 6.5052
4 0 -1.616 -.25 6.3964 -1.6064 -.25 6.4796 -1.6192 -.25 6.4796 -1.6448 -.25 6.4252
3 0 -1.616 -.25 6.3964 -1.5936 -.25 6.3868 -1.6064 -.25 6.4796
4 0 -1.5936 -.25 6.3868 -1.536 -.25 6.5052 -1.5904 -.25 6.4892 -1.6064 -.25 6.4796
4 0 -1.568 -.25 6.3868 -1.5456 -.25 6.3996 -1.536 -.25 6.5052 -1.5936 -.25 6.3868
4 0 -.304 -.25 6.3836 -.6912 -.25 6.7996 -.5984 -.25 6.6396 -.4896 -.25 6.5372
4 0 -.304 -.25 6.3836 -.4288 -.25 6.6556 -.4832 -.25 6.7004 -.6912 -.25 6.7996
4 0 -.304 -.25 6.3836 -.2688 -.25 6.5308 -.3264 -.25 6.5756 -.3776 -.25 6.614
4 0 .25 -.25 6.4 .25 -.25 6.8 -.1824 -.25 6.4924 -.1792 -.25 6.4828
4 0 .25 -.25 6.4 .384 -.25 6.5148 .384 -.25 6.55 .25 -.25 6.8
4 0 .25 -.25 6.4 .64 -.25 6.4 .4128 -.25 6.4828 .3968 -.25 6.486
3 0 .25 -.25 6.4 .384 -.25 6.2428 .3968 -.25 6.2716
4 0 .64 -.25 6.4 .5184 -.25 6.63 .4992 -.25 6.6204 .4672 -.25 6.598
4 0 .64 -.25 6.4 .4672 -.25 6.598 .4512 -.25 6.5788 .4352 -.25 6.55
4 0 .64 -.25 6.4 1.1 -.25 6.4 .64 -.25 6.8 .5568 -.25 6.6556
4 0 1.1 -.25 6.4 .992 -.25 6.8828 .64 -.25 7.0812 .64 -.25 6.8
4 0 1.1 -.25 6.4 1.2704 -.25 6.5532 1.1936 -.25 6.6588 1.0816 -.25 6.7932
4 0 1.9008 -.25 6.3772 1.9392 -.25 6.4156 1.8304 -.25 6.4572 1.8048 -.25 6.4284
4 0 1.3568 -.25 6.3676 1.3312 -.25 6.438 1.2704 -.25 6.5532 1.1 -.25 6.4
4 0 2.192 -.25 6.3516 2.24 -.25 6.4348 2.08 -.25 6.5052 2.0544 -.25 6.4604
4 0 1.856 -.25 6.3324 1.9008 -.25 6.3772 1.8048 -.25 6.4284 1.7536 -.25 6.3772
3 0 1.6512 -.25 6.3036 1.5808 -.25 6.2716 1.8112 -.25 6.2748
4 0 1.8304 -.25 6.3004 1.856 -.25 6.3324 1.7536 -.25 6.3772 1.7024 -.25 6.3324
4 0 2.1472 -.25 6.2844 2.192 -.25 6.3516 2.0544 -.25 6.4604 2.0224 -.25 6.4124
4 0 1.8112 -.25 6.2748 1.8304 -.25 6.3004 1.7024 -.25 6.3324 1.6512 -.25 6.3036
4 0 .3968 -.25 6.2716 .416 -.25 6.2716 .64 -.25 6.4 .25 -.25 6.4
3 0 .416 -.25 6.2716 .4224 -.25 6.2492 .64 -.25 6.4
4 0 -.1408 -.25 6.2652 .25 -.25 6.4 -.2112 -.25 6.3132 -.1792 -.25 6.2908
3 0 -.1408 -.25 6.2652 -.0896 -.25 6.23 .25 -.25 6.4
3 0 1.5104 -.25 6.2428 1.536 -.25 6.0572 1.5808 -.25 6.2716
4 0 1.3888 -.25 6.2364 1.376 -.25 6.294 1.3568 -.25 6.3676 1.1 -.25 6.4
3 0 1.3888 -.25 6.2364 1.536 -.25 6.0572 1.5104 -.25 6.2428
3 0 -.0896 -.25 6.23 -.0416 -.25 6.1948 .25 -.25 6.4
3 0 -.3136 -.25 6.2172 -.3136 -.25 6.1852 -.25 -.25 6.18
4 0 2.08 -.25 6.214 2.1472 -.25 6.2844 2.0224 -.25 6.4124 1.9776 -.25 6.3612
4 0 -.25 -.25 6.18 -.304 -.25 6.2972 -.3104 -.25 6.2492 -.3136 -.25 6.2172
4 0 -.25 -.25 6.18 -.2592 -.25 6.278 -.2848 -.25 6.2908 -.304 -.25 6.2972
4 0 -.25 -.25 6.18 -.208 -.25 6.246 -.2304 -.25 6.262 -.2592 -.25 6.278
4 0 -.25 -.25 6.18 -.1408 -.25 6.2012 -.1728 -.25 6.2236 -.208 -.25 6.246
3 0 -.25 -.25 6.18 -.1088 -.25 6.1788 -.1408 -.25 6.2012
3 0 -.25 -.25 6.18 -.0064 -.25 6.0956 -.0384 -.25 6.1212
4 0 1.984 -.25 6.15 2.08 -.25 6.214 1.9776 -.25 6.3612 1.9296 -.25 6.3164
4 0 .0448 -.25 6.1308 .25 -.25 6.4 -.0416 -.25 6.1948 .0096 -.25 6.1564
3 0 .0448 -.25 6.1308 .0736 -.25 6.1052 .25 -.25 6.4
3 0 1.2352 -.25 6.1276 1.2576 -.25 6.1212 1.1 -.25 6.4
3 0 1.2352 -.25 6.1276 .64 -.25 6 1.2192 -.25 6.1148
4 0 -.0384 -.25 6.1212 -.08 -.25 6.1564 -.1088 -.25 6.1788 -.25 -.25 6.18
4 0 .3456 -.25 6.1212 .3712 -.25 6.1852 .384 -.25 6.2428 .25 -.25 6.4
3 0 1.2576 -.25 6.1212 1.408 -.25 6.0572 1.1 -.25 6.4
3 0 1.2192 -.25 6.1148 .64 -.25 6 1.2096 -.25 6.0956
4 0 1.9008 -.25 6.1116 1.984 -.25 6.15 1.9296 -.25 6.3164 1.888 -.25 6.2876
3 0 .0736 -.25 6.1052 .1024 -.25 6.0732 .25 -.25 6.4
3 0 1.2096 -.25 6.0956 .64 -.25 6 1.2096 -.25 6.0636
3 0 1.2672 -.25 6.0956 1.408 -.25 6.0572 1.2576 -.25 6.1212
4 0 1.8624 -.25 6.0956 1.9008 -.25 6.1116 1.888 -.25 6.2876 1.8624 -.25 6.2684
4 0 1.8291 -.25 6.0879 1.8624 -.25 6.0956 1.8624 -.25 6.2684 1.8368 -.25 6.2492
4 0 -.3104 -.25 6.0828 -.25 -.25 6.18 -.3136 -.25 6.1852 -.3136 -.25 6.1212
3 0 .1024 -.25 6.0732 .1184 -.25 6.054 .25 -.25 6.4
3 0 1.2736 -.25 6.07 1.408 -.25 6.0572 1.2672 -.25 6.0956
3 0 1.2736 -.25 6.07 1.2736 -.25 6.038 1.408 -.25 6.0572
3 0 .384 -.25 6.0668 .64 -.25 6 .4096 -.25 6.1404
3 0 .384 -.25 6.0668 .3328 -.25 5.974 .64 -.25 6
4 0 .64 -.25 6 .64 -.25 6.4 .4224 -.25 6.2492 .4096 -.25 6.1404
4 0 .64 -.25 6 1.2352 -.25 6.1276 1.1 -.25 6.4 .64 -.25 6.4
3 0 .64 -.25 6 1.2128 -.25 6.0252 1.2096 -.25 6.0636
3 0 .64 -.25 6 1.216 -.25 5.9868 1.2128 -.25 6.0252
3 0 .64 -.25 6 1.1904 -.25 5.8972 1.1968 -.25 5.9228
3 0 .64 -.25 6 1.1968 -.25 5.8812 1.1904 -.25 5.8972
3 0 .64 -.25 6 1.2864 -.25 5.7756 1.216 -.25 5.878
4 0 1.408 -.25 6.0572 1.536 -.25 6.0572 1.3888 -.25 6.2364 1.1 -.25 6.4
3 0 1.408 -.25 6.0572 1.3888 -.25 5.9804 1.408 -.25 5.9906
4 0 1.536 -.25 6.0572 1.8144 -.25 6.2556 1.8112 -.25 6.2748 1.5808 -.25 6.2716
4 0 1.536 -.25 6.0572 1.8291 -.25 6.0879 1.8368 -.25 6.2492 1.8144 -.25 6.2556
3 0 1.536 -.25 6.0572 1.6736 -.25 6.0156 1.6832 -.25 6.0252
3 0 1.536 -.25 6.0572 1.6736 -.25 5.9932 1.6736 -.25 6.0156
3 0 .1184 -.25 6.054 .128 -.25 6.0348 .25 -.25 6.4
3 0 1.2736 -.25 6.038 1.2634 -.25 5.9932 1.408 -.25 6.0572
3 0 .128 -.25 6.0348 .1344 -.25 6.0188 .25 -.25 6.4
4 0 1.6832 -.25 6.0252 1.8304 -.25 6.07 1.8291 -.25 6.0879 1.536 -.25 6.0572
3 0 1.6832 -.25 6.0252 1.6992 -.25 6.0156 1.8304 -.25 6.07
3 0 .1024 -.25 6.0028 .128 -.25 5.9292 .1248 -.25 5.99
4 0 1.7184 -.25 5.9932 1.8496 -.25 6.0252 1.8304 -.25 6.07 1.6992 -.25 6.0156
3 0 1.408 -.25 5.9906 1.4336 -.25 5.9804 1.408 -.25 6.0572
3 0 .1248 -.25 5.99 .128 -.25 5.9292 .1376 -.25 5.9996
3 0 1.3888 -.25 5.9804 1.2864 -.25 5.7756 1.376 -.25 5.9292
3 0 .3328 -.25 5.974 .256 -.25 5.8364 .64 -.25 6
4 0 1.7344 -.25 5.974 1.8624 -.25 5.9868 1.8496 -.25 6.0252 1.7184 -.25 5.9932
3 0 1.2544 -.25 5.9548 1.2864 -.25 5.7756 1.2634 -.25 5.9932
4 0 .2368 -.25 5.9356 .25 -.25 6.4 .1344 -.25 6.0188 .1376 -.25 5.9996
4 0 .2368 -.25 5.9356 .2944 -.25 6.0316 .3456 -.25 6.1212 .25 -.25 6.4
4 0 .128 -.25 5.9292 .0288 -.25 6.0668 -.0064 -.25 6.0956 -.25 -.25 6.18
4 0 .128 -.25 5.9292 .1024 -.25 6.0028 .0672 -.25 6.0348 .0288 -.25 6.0668
3 0 .128 -.25 5.9292 .1664 -.25 5.7628 .192 -.25 5.846
3 0 .128 -.25 5.9292 .1408 -.25 5.6668 .1664 -.25 5.7628
4 0 1.8752 -.25 5.9292 1.8624 -.25 5.9868 1.7344 -.25 5.974 1.76 -.25 5.9356
4 0 1.1968 -.25 5.9228 1.2096 -.25 5.9548 1.216 -.25 5.9868 .64 -.25 6
3 0 1.2416 -.25 5.9164 1.2864 -.25 5.7756 1.2544 -.25 5.9548
3 0 1.4592 -.25 5.91 1.4592 -.25 5.8652 1.536 -.25 5.8652
3 0 1.4592 -.25 5.91 1.536 -.25 5.8652 1.4528 -.25 5.9548
3 0 1.2288 -.25 5.8908 1.2864 -.25 5.7756 1.2416 -.25 5.9164
4 0 1.8816 -.25 5.8844 1.8752 -.25 5.9292 1.76 -.25 5.9356 1.7728 -.25 5.8908
3 0 1.1968 -.25 5.8812 1.216 -.25 5.878 .64 -.25 6
3 0 1.216 -.25 5.878 1.2864 -.25 5.7756 1.2288 -.25 5.8908
4 0 1.536 -.25 5.8652 1.408 -.25 6.0572 1.4336 -.25 5.9804 1.4528 -.25 5.9548
4 0 1.536 -.25 5.8652 1.664 -.25 5.8652 1.536 -.25 6.0572 1.408 -.25 6.0572
3 0 1.536 -.25 5.8652 1.5411 -.25 5.8268 1.5552 -.25 5.8268
3 0 1.536 -.25 5.8652 1.5213 -.25 5.8121 1.5411 -.25 5.8268
4 0 1.664 -.25 5.8652 1.6928 -.25 5.9548 1.6736 -.25 5.9932 1.536 -.25 6.0572
3 0 -.2656 -.25 5.8524 -.19 -.25 5.8 -.2784 -.25 5.8972
4 0 1.728 -.25 5.8524 1.7152 -.25 5.91 1.6928 -.25 5.9548 1.664 -.25 5.8652
4 0 .192 -.25 5.846 .2368 -.25 5.9356 .1376 -.25 5.9996 .128 -.25 5.9292
3 0 .256 -.25 5.8364 .3136 -.25 5.7436 .3328 -.25 5.7564
3 0 .256 -.25 5.8364 .2944 -.25 5.718 .3136 -.25 5.7436
4 0 1.5552 -.25 5.8268 1.728 -.25 5.8524 1.664 -.25 5.8652 1.536 -.25 5.8652
4 0 1.8816 -.25 5.8268 1.8816 -.25 5.8844 1.7728 -.25 5.8908 1.7792 -.25 5.8588
3 0 1.4528 -.25 5.8204 1.5072 -.25 5.7756 1.5213 -.25 5.8121
4 0 1.5213 -.25 5.8121 1.536 -.25 5.8652 1.4592 -.25 5.8652 1.4528 -.25 5.8204
4 0 -.19 -.25 5.8 -.25 -.25 6.18 -.3104 -.25 6.0828 -.304 -.25 6.0252
4 0 -.19 -.25 5.8 -.304 -.25 6.0252 -.2944 -.25 5.9612 -.2784 -.25 5.8972
4 0 1.7312 -.25 5.7884 1.728 -.25 5.8524 1.5552 -.25 5.8268 1.5744 -.25 5.8012
4 0 1.8624 -.25 5.782 1.8816 -.25 5.8268 1.7792 -.25 5.8588 1.7856 -.25 5.8012
4 0 1.2864 -.25 5.7756 1.3888 -.25 5.9804 1.408 -.25 6.0572 1.2634 -.25 5.9932
4 0 .3328 -.25 5.7564 .3456 -.25 5.7564 .64 -.25 6 .256 -.25 5.8364
3 0 .3456 -.25 5.7564 .352 -.25 5.7436 .64 -.25 6
4 0 1.3312 -.25 5.7564 1.3632 -.25 5.846 1.376 -.25 5.9292 1.2864 -.25 5.7756
4 0 1.5072 -.25 5.7436 1.5072 -.25 5.7756 1.4528 -.25 5.8204 1.4336 -.25 5.7564
4 0 -.224 -.25 5.7372 -.19 -.25 5.8 -.2656 -.25 5.8524 -.2496 -.25 5.8012
3 0 -.224 -.25 5.7372 -.1984 -.25 5.6732 -.19 -.25 5.8
4 0 1.728 -.25 5.7372 1.7312 -.25 5.7884 1.5744 -.25 5.8012 1.5821 -.25 5.759
4 0 1.8432 -.25 5.7244 1.8624 -.25 5.782 1.7856 -.25 5.8012 1.7856 -.25 5.7372
4 0 .2112 -.25 5.686 .2816 -.25 5.6924 .2944 -.25 5.718 .256 -.25 5.8364
3 0 .2112 -.25 5.686 .2688 -.25 5.654 .2816 -.25 5.6924
3 0 .2112 -.25 5.686 .2656 -.25 5.622 .2688 -.25 5.654
4 0 1.4208 -.25 5.6796 1.4976 -.25 5.6924 1.5072 -.25 5.7436 1.4336 -.25 5.7564
4 0 1.792 -.25 5.6732 1.8432 -.25 5.686 1.8432 -.25 5.7244 1.7856 -.25 5.7372
4 0 1.7088 -.25 5.6412 1.728 -.25 5.7372 1.5821 -.25 5.759 1.5821 -.25 5.7174
4 0 1.4144 -.25 5.6348 1.4784 -.25 5.6412 1.4976 -.25 5.6924 1.4208 -.25 5.6796
4 0 1.8048 -.25 5.6348 1.8528 -.25 5.6476 1.8432 -.25 5.686 1.792 -.25 5.6732
4 0 .64 -.25 5.6 .64 -.25 6 .352 -.25 5.7436 .3456 -.25 5.7212
4 0 .64 -.25 5.6 .3456 -.25 5.7212 .3328 -.25 5.6969 .3232 -.25 5.6732
4 0 .64 -.25 5.6 .3232 -.25 5.6732 .3149 -.25 5.6476 .311 -.25 5.622
3 0 .64 -.25 5.6 .768 -.25 5.1964 .8224 -.25 5.238
3 0 .64 -.25 5.6 .736 -.25 5.1548 .768 -.25 5.1964
4 0 1.2352 -.25 5.5996 1.2864 -.25 5.7756 .64 -.25 6 .64 -.25 5.6
4 0 1.2352 -.25 5.5996 1.2864 -.25 5.6732 1.3312 -.25 5.7564 1.2864 -.25 5.7756
3 0 .2656 -.25 5.5964 .192 -.25 5.5388 .2656 -.25 5.5644
4 0 1.824 -.25 5.5964 1.8624 -.25 5.6092 1.8528 -.25 5.6476 1.8048 -.25 5.6348
4 0 1.4144 -.25 5.59 1.4592 -.25 5.6092 1.4784 -.25 5.6412 1.4144 -.25 5.6348
4 0 1.6896 -.25 5.59 1.7088 -.25 5.6412 1.5821 -.25 5.7174 1.5776 -.25 5.6668
4 0 .3091 -.25 5.5644 .64 -.25 5.6 .311 -.25 5.622 .3091 -.25 5.5964
4 0 1.8432 -.25 5.5644 1.8656 -.25 5.5708 1.8624 -.25 5.6092 1.824 -.25 5.5964
3 0 1.8432 -.25 5.5644 1.8624 -.25 5.5452 1.8656 -.25 5.5708
3 0 .128 -.25 5.558 .064 -.25 5.2892 .128 -.25 5.4684
4 0 .192 -.25 5.5388 .2656 -.25 5.5964 .2656 -.25 5.622 .2112 -.25 5.686
3 0 .192 -.25 5.5388 .2688 -.25 5.5356 .2656 -.25 5.5644
3 0 .192 -.25 5.5388 .2752 -.25 5.5132 .2688 -.25 5.5356
3 0 .192 -.25 5.5388 .2848 -.25 5.4812 .2752 -.25 5.5132
3 0 .192 -.25 5.5388 .45 -.25 5.16 .2848 -.25 5.4812
4 0 1.664 -.25 5.5388 1.6896 -.25 5.59 1.5776 -.25 5.6668 1.5552 -.25 5.5836
4 0 1.4272 -.25 5.5324 1.4496 -.25 5.5644 1.4592 -.25 5.6092 1.4144 -.25 5.59
4 0 1.4336 -.25 5.5164 1.4464 -.25 5.526 1.4496 -.25 5.5644 1.4272 -.25 5.5324
3 0 1.4336 -.25 5.5164 1.4432 -.25 5.5068 1.4464 -.25 5.526
4 0 .3136 -.25 5.51 .64 -.25 5.6 .3091 -.25 5.5644 .3104 -.25 5.5356
3 0 .3136 -.25 5.51 .3136 -.25 5.4876 .64 -.25 5.6
4 0 1.6352 -.25 5.4908 1.664 -.25 5.5388 1.5552 -.25 5.5836 1.5296 -.25 5.5228
3 0 .2848 -.25 5.4812 .45 -.25 5.16 .304 -.25 5.4748
3 0 .128 -.25 5.4684 .064 -.25 5.2892 .1344 -.25 5.366
4 0 -.0896 -.25 5.4492 -.19 -.25 5.8 -.1984 -.25 5.6732 -.1376 -.25 5.5452
4 0 1.6064 -.25 5.4428 1.6352 -.25 5.4908 1.5296 -.25 5.5228 1.4976 -.25 5.4652
4 0 1.0797 -.25 5.4294 1.1904 -.25 5.5292 1.2352 -.25 5.5996 .64 -.25 5.6
4 0 1.5552 -.25 5.382 1.6064 -.25 5.4428 1.4976 -.25 5.4652 1.4752 -.25 5.4236
3 0 1.4496 -.25 5.3756 1.4272 -.25 5.3276 1.52 -.25 5.3404
4 0 1.52 -.25 5.3404 1.5552 -.25 5.382 1.4752 -.25 5.4236 1.4496 -.25 5.3756
4 0 .064 -.25 5.2892 .128 -.25 5.9292 -.25 -.25 6.18 -.19 -.25 5.8
4 0 .064 -.25 5.2892 -.19 -.25 5.8 -.0896 -.25 5.4492 -.0544 -.25 5.3852
4 0 .064 -.25 5.2892 .128 -.25 5.558 .1408 -.25 5.6668 .128 -.25 5.9292
3 0 .064 -.25 5.2892 .1472 -.25 5.2828 .1344 -.25 5.366
4 0 .0128 -.25 5.2764 .064 -.25 5.2892 -.0544 -.25 5.3852 -.0032 -.25 5.302
3 0 .0128 -.25 5.2764 .0192 -.25 5.254 .064 -.25 5.2892
4 0 1.408 -.25 5.2764 1.5008 -.25 5.3084 1.52 -.25 5.3404 1.4272 -.25 5.3276
3 0 .2176 -.25 5.27 .45 -.25 5.16 .2048 -.25 5.3532
3 0 .0192 -.25 5.254 .0224 -.25 5.222 .064 -.25 5.2892
4 0 .8224 -.25 5.238 .9235 -.25 5.3058 1.0797 -.25 5.4294 .64 -.25 5.6
4 0 1.4144 -.25 5.2316 1.4624 -.25 5.2444 1.5008 -.25 5.3084 1.408 -.25 5.2764
4 0 1.4368 -.25 5.1804 1.4592 -.25 5.1996 1.4624 -.25 5.2444 1.4144 -.25 5.2316
3 0 1.4368 -.25 5.1804 1.4624 -.25 5.1644 1.4592 -.25 5.1996
4 0 .0992 -.25 5.1612 .1216 -.25 5.1612 .064 -.25 5.2892 .0224 -.25 5.222
4 0 .1216 -.25 5.1612 .1824 -.25 5.1804 .1472 -.25 5.2828 .064 -.25 5.2892
3 0 .1216 -.25 5.1612 .1216 -.25 5.1388 .1824 -.25 5.1804
4 0 .45 -.25 5.16 .64 -.25 5.6 .3136 -.25 5.4876 .304 -.25 5.4748
4 0 .45 -.25 5.16 .192 -.25 5.5388 .192 -.25 5.4364 .2048 -.25 5.3532
3 0 .45 -.25 5.16 .6784 -.25 5.0076 .6912 -.25 5.0716
3 0 .45 -.25 5.16 .6848 -.25 4.9308 .6784 -.25 5.0076
3 0 .45 -.25 5.16 .704 -.25 4.7772 .6848 -.25 4.9308
3 0 -.8128 -.25 5.1516 -.7232 -.25 5.094 -.7488 -.25 5.1516
4 0 .0826 -.25 5.1452 .0992 -.25 5.1612 .0224 -.25 5.222 .0064 -.25 5.19
3 0 -.0384 -.25 5.1356 .0672 -.25 5.1292 -.0128 -.25 5.158
3 0 -.08 -.25 5.1292 -.1984 -.25 5.0684 -.1696 -.25 5.0684
3 0 -.08 -.25 5.1292 -.1696 -.25 5.0684 -.16 -.25 5.0684
4 0 .0672 -.25 5.1292 .0826 -.25 5.1452 .0064 -.25 5.19 -.0128 -.25 5.158
4 0 -.8 -.25 5.1 -.944 -.25 5.1292 -1.0202 -.25 5.126 -1 -.25 5
3 0 -1.2096 -.25 5.1036 -1.2224 -.25 5.0684 -1.2 -.25 5.0684
4 0 -1 -.25 5 -1.0202 -.25 5.126 -1.0816 -.25 5.126 -1.1392 -.25 5.1196
4 0 -.8 -.25 5.1 -.8128 -.25 5.1516 -.8736 -.25 5.1452 -.944 -.25 5.1292
3 0 -.8 -.25 5.1 -.9376 -.25 4.9532 -.912 -.25 4.9564
4 0 -.7 -.25 5 -.8 -.25 5.1 -.7008 -.25 4.95 -.6624 -.25 4.9532
3 0 -.7 -.25 5 -.6624 -.25 4.9532 -.608 -.25 4.9596
3 0 -.7104 -.25 5.0748 -.7 -.25 5 -.6944 -.25 5.0748
3 0 -.6944 -.25 5.0748 -.7 -.25 5 -.6816 -.25 5.078
3 0 -.5216 -.25 5.0684 -.7 -.25 5 -.5088 -.25 5.062
3 0 -.5088 -.25 5.062 -.7 -.25 5 -.4896 -.25 5.0556
3 0 -.4896 -.25 5.0556 -.7 -.25 5 -.4704 -.25 5.0492
4 0 -.7 -.25 5 -.7104 -.25 5.0748 -.7264 -.25 5.0844 -.8 -.25 5.1
4 0 -.7 -.25 5 -.5216 -.25 5.0684 -.5312 -.25 5.0812 -.6816 -.25 5.078
4 0 -.7 -.25 5 -.416 -.25 5.0364 -.4416 -.25 5.0428 -.4704 -.25 5.0492
3 0 -.7 -.25 5 -.608 -.25 4.9596 -.544 -.25 4.9596
4 0 -.192 -.25 4.9692 -.368 -.25 5.0332 -.416 -.25 5.0364 -.7 -.25 5
3 0 -.544 -.25 4.9596 -.4544 -.25 4.9564 -.7 -.25 5
4 0 -.192 -.25 4.9692 -.7 -.25 5 -.4544 -.25 4.9564 -.3776 -.25 4.9468
3 0 -.8 -.25 5.1 -.9568 -.25 4.9436 -.9376 -.25 4.9532
3 0 -.8 -.25 5.1 -.7232 -.25 4.9436 -.7008 -.25 4.95
3 0 -.8 -.25 5.1 -.768 -.25 4.9308 -.7232 -.25 4.9436
4 0 0 -.25 5.0972 .0832 -.25 5.1164 .0672 -.25 5.1292 -.0384 -.25 5.1356
3 0 0 -.25 5.0972 .192 -.25 5.0332 .0832 -.25 5.1164
4 0 -.6918 -.25 5.0966 -.6464 -.25 5.142 -.688 -.25 5.1452 -.7072 -.25 5.1004
4 0 -.7232 -.25 5.094 -.7072 -.25 5.1004 -.688 -.25 5.1452 -.7488 -.25 5.1516
4 0 -.6784 -.25 5.0908 -.5984 -.25 5.1356 -.6464 -.25 5.142 -.6918 -.25 5.0966
4 0 -.5216 -.25 5.0908 -.5024 -.25 5.0908 -.48 -.25 5.1292 -.5984 -.25 5.1356
3 0 -.5024 -.25 5.0908 -.4832 -.25 5.0876 -.48 -.25 5.1292
4 0 -.5312 -.25 5.0876 -.5216 -.25 5.0908 -.5984 -.25 5.1356 -.6784 -.25 5.0908
4 0 -.7264 -.25 5.0844 -.7232 -.25 5.094 -.8128 -.25 5.1516 -.8 -.25 5.1
4 0 -.4608 -.25 5.0844 -.3904 -.25 5.126 -.48 -.25 5.1292 -.4832 -.25 5.0876
4 0 -.6816 -.25 5.078 -.5312 -.25 5.0812 -.5312 -.25 5.0876 -.6784 -.25 5.0908
4 0 -.4064 -.25 5.0748 -.3904 -.25 5.126 -.4608 -.25 5.0844 -.432 -.25 5.078
4 0 -.368 -.25 5.0716 -.288 -.25 5.126 -.3904 -.25 5.126 -.4064 -.25 5.0748
4 0 .6912 -.25 5.0716 .736 -.25 5.1548 .64 -.25 5.6 .45 -.25 5.16
4 0 -.3328 -.25 5.0684 -.288 -.25 5.0684 -.288 -.25 5.126 -.368 -.25 5.0716
4 0 -.2432 -.25 5.0684 -.1536 -.25 5.126 -.288 -.25 5.126 -.288 -.25 5.0684
4 0 -.2432 -.25 5.0684 -.1984 -.25 5.0684 -.08 -.25 5.1292 -.1536 -.25 5.126
4 0 -.16 -.25 5.0684 0 -.25 5.0972 -.0384 -.25 5.1356 -.08 -.25 5.1292
3 0 -.16 -.25 5.0684 -.16 -.25 5.0588 0 -.25 5.0972
4 0 -1.1808 -.25 5.0652 -1.1392 -.25 5.1196 -1.2096 -.25 5.1036 -1.2 -.25 5.0684
4 0 -1.2384 -.25 5.062 -1.2224 -.25 5.0684 -1.2096 -.25 5.1036 -1.2736 -.25 5.0844
4 0 -1.1776 -.25 5.0556 -1 -.25 5 -1.1392 -.25 5.1196 -1.1808 -.25 5.0652
3 0 -1.3376 -.25 5.0524 -1.2512 -.25 5.0428 -1.2512 -.25 5.0524
4 0 -1.2512 -.25 5.0524 -1.2384 -.25 5.062 -1.2736 -.25 5.0844 -1.3376 -.25 5.0524
3 0 -.1856 -.25 5.0492 -.192 -.25 4.9692 -.1664 -.25 5.0546
3 0 -.2112 -.25 5.0428 -.192 -.25 4.9692 -.1856 -.25 5.0492
3 0 -.2624 -.25 5.0396 -.192 -.25 4.9692 -.2112 -.25 5.0428
3 0 -1.2416 -.25 5.0332 -1.344 -.25 5 -1.2192 -.25 5.0236
4 0 .192 -.25 5.0332 .1216 -.25 5.1388 .1024 -.25 5.1292 .0832 -.25 5.1164
4 0 .192 -.25 5.0332 .2272 -.25 5.0652 .1824 -.25 5.1804 .1216 -.25 5.1388
3 0 -1.2 -.25 5.03 -1 -.25 5 -1.1872 -.25 5.0428
4 0 .3136 -.25 5.0076 .45 -.25 5.16 .2176 -.25 5.27 .2496 -.25 5.174
4 0 .2496 -.25 4.9756 .2464 -.25 5.0172 .2272 -.25 5.0652 .192 -.25 5.0332
4 0 -1.344 -.25 5 -1.3376 -.25 5.0524 -1.3696 -.25 5.0332 -1.3952 -.25 5.0076
4 0 -1.344 -.25 5 -1.2416 -.25 5.0332 -1.2512 -.25 5.0428 -1.3376 -.25 5.0524
4 0 -1.344 -.25 5 -1.3952 -.25 5.0076 -1.408 -.25 4.9884 -1.4112 -.25 4.9724
3 0 -1 -.25 5 -1.1776 -.25 5.0556 -1.1872 -.25 5.0428
3 0 -1 -.25 5 -.9984 -.25 4.902 -.9792 -.25 4.9276
3 0 -1 -.25 5 -1.0112 -.25 4.8764 -.9984 -.25 4.902
4 0 -.192 -.25 4.9692 0 -.25 5.0972 -.16 -.25 5.0588 -.1664 -.25 5.0546
4 0 -.192 -.25 4.9692 -.2624 -.25 5.0396 -.32 -.25 5.0364 -.368 -.25 5.0332
3 0 -.912 -.25 4.9564 -.8864 -.25 4.95 -.8 -.25 5.1
3 0 -.8864 -.25 4.95 -.8704 -.25 4.9436 -.8 -.25 5.1
4 0 -1.3824 -.25 4.9372 -1.344 -.25 5 -1.4112 -.25 4.9724 -1.4048 -.25 4.9564
4 0 -.9792 -.25 4.9276 -.9568 -.25 4.9436 -.8 -.25 5.1 -1 -.25 5
4 0 -.8288 -.25 4.9276 -.8 -.25 5.1 -.8704 -.25 4.9436 -.848 -.25 4.9308
3 0 -.272 -.25 4.9276 -.16 -.25 4.9052 -.192 -.25 4.9692
4 0 -.8051 -.25 4.9257 -.768 -.25 4.9308 -.8 -.25 5.1 -.8288 -.25 4.9276
3 0 -.16 -.25 4.9052 -.0512 -.25 4.8796 -.192 -.25 4.9692
4 0 .192 -.25 4.9052 .192 -.25 5.0332 0 -.25 5.0972 -.192 -.25 4.9692
4 0 .2432 -.25 4.8988 .2496 -.25 4.9756 .192 -.25 5.0332 .192 -.25 4.9052
4 0 -1.3152 -.25 4.8924 -1.344 -.25 5 -1.3824 -.25 4.9372 -1.3472 -.25 4.9116
4 0 -1.2448 -.25 4.8636 -1 -.25 5 -1.344 -.25 5 -1.3152 -.25 4.8924
3 0 -.272 -.25 4.9276 -.192 -.25 4.9692 -.3776 -.25 4.9468
4 0 -.1792 -.25 6.4828 -.1952 -.25 6.486 -.304 -.25 6.3836 -.2592 -.25 6.3484
4 0 -.1792 -.25 6.4828 -.2592 -.25 6.3484 -.2112 -.25 6.3132 .25 -.25 6.4
3 0 -1 -.25 5 -1.2 -.25 5.03 -1.2192 -.25 5.0236
3 0 -1 -.25 5 -1.2192 -.25 5.0236 -1.344 -.25 5
4 0 .032 -.25 4.854 .192 -.25 4.9052 -.192 -.25 4.9692 -.0512 -.25 4.8796
4 0 .1856 -.25 4.8361 .2176 -.25 4.854 .2432 -.25 4.8988 .192 -.25 4.9052
4 0 -1.12 -.25 4.8348 -1 -.25 5 -1.2448 -.25 4.8636 -1.1648 -.25 4.8444
4 0 -1.0496 -.25 4.8348 -1.0336 -.25 4.8476 -1.0112 -.25 4.8764 -1 -.25 5
4 0 .1472 -.25 4.8348 .1856 -.25 4.8361 .192 -.25 4.9052 .032 -.25 4.854
4 0 -1.088 -.25 4.8316 -1.0496 -.25 4.8348 -1 -.25 5 -1.12 -.25 4.8348
3 0 .704 -.25 4.7772 .6656 -.25 4.6396 .6848 -.25 4.6556
4 0 .7744 -.25 4.7478 .7488 -.25 4.8092 .6848 -.25 4.9308 .704 -.25 4.7772
4 0 .4736 -.25 4.7324 .45 -.25 5.16 .3136 -.25 5.0076 .3968 -.25 4.8476
3 0 .4678 -.25 4.671 .608 -.25 4.6172 .4755 -.25 4.7042
3 0 .4678 -.25 4.671 .4352 -.25 4.534 .4672 -.25 4.5532
4 0 .7072 -.25 4.6556 .7744 -.25 4.7478 .704 -.25 4.7772 .6848 -.25 4.6556
3 0 .6656 -.25 4.6396 .608 -.25 4.6172 .6656 -.25 4.6172
4 0 .7104 -.25 4.6364 .7808 -.25 4.6492 .7744 -.25 4.7478 .7072 -.25 4.6556
4 0 .608 -.25 4.6172 .45 -.25 5.16 .4736 -.25 4.7324 .4755 -.25 4.7042
4 0 .608 -.25 4.6172 .6656 -.25 4.6396 .704 -.25 4.7772 .45 -.25 5.16
3 0 .608 -.25 4.6172 .6784 -.25 4.6076 .6656 -.25 4.6172
4 0 .7744 -.25 4.5852 .7808 -.25 4.6492 .7104 -.25 4.6364 .6976 -.25 4.6204
4 0 .7616 -.25 4.566 .7744 -.25 4.5852 .6976 -.25 4.6204 .6784 -.25 4.6076
4 0 .4672 -.25 4.5532 .4832 -.25 4.5532 .608 -.25 4.6172 .4678 -.25 4.671
4 0 .7296 -.25 4.5404 .7616 -.25 4.566 .6784 -.25 4.6076 .608 -.25 4.6172
4 0 .512 -.25 4.5212 .608 -.25 4.6172 .4832 -.25 4.5532 .4832 -.25 4.5404
4 0 .5664 -.25 4.438 .7296 -.25 4.5404 .608 -.25 4.6172 .512 -.25 4.5212
4 0 .5664 -.25 4.438 .512 -.25 4.5212 .4832 -.25 4.5404 .4704 -.25 4.5244
4 0 .3264 -.25 4.4348 .4352 -.25 4.534 .4678 -.25 4.671 .3584 -.25 4.5468
3 0 .3552 -.25 4.406 .2496 -.25 4.3132 .432 -.25 4.3452
3 0 .1984 -.25 4.3996 .2208 -.25 4.3292 .2304 -.25 4.342
3 0 .1984 -.25 4.3996 .208 -.25 4.3068 .2208 -.25 4.3292
4 0 .432 -.25 4.3452 .5664 -.25 4.438 .4704 -.25 4.5244 .3552 -.25 4.406
4 0 .2304 -.25 4.342 .3264 -.25 4.4348 .3584 -.25 4.5468 .1984 -.25 4.3996
3 0 .1005 -.25 4.3164 .1536 -.25 4.2396 .1984 -.25 4.3996
3 0 .2368 -.25 4.3004 .32 -.25 4.2652 .2496 -.25 4.3132
3 0 .2208 -.25 4.2876 .32 -.25 4.2652 .2368 -.25 4.3004
3 0 .32 -.25 4.2652 .2304 -.25 4.1372 .3392 -.25 4.2524
4 0 .3392 -.25 4.2524 .432 -.25 4.3452 .2496 -.25 4.3132 .32 -.25 4.2652
4 0 .1536 -.25 4.2396 .2016 -.25 4.2876 .208 -.25 4.3068 .1984 -.25 4.3996
4 0 .1536 -.25 4.2396 .32 -.25 4.2652 .2208 -.25 4.2876 .2016 -.25 4.2876
3 0 .1536 -.25 4.2396 .0416 -.25 4.198 .0512 -.25 4.198
4 0 -.0166 -.25 4.2089 .1536 -.25 4.2396 .1005 -.25 4.3164 .048 -.25 4.2799
3 0 -.0166 -.25 4.2089 .0128 -.25 4.1852 .0256 -.25 4.1948
3 0 -.0166 -.25 4.2089 -.0032 -.25 4.166 .0128 -.25 4.1852
3 0 -.0166 -.25 4.2089 -.0064 -.25 4.1564 -.0032 -.25 4.166
3 0 .0512 -.25 4.198 .0512 -.25 4.1884 .1536 -.25 4.2396
4 0 .0256 -.25 4.1948 .0416 -.25 4.198 .1536 -.25 4.2396 -.0166 -.25 4.2089
4 0 -.0621 -.25 4.1897 -.0166 -.25 4.2089 .048 -.25 4.2799 -.0205 -.25 4.2281
3 0 .0512 -.25 4.1884 .0512 -.25 4.1788 .1536 -.25 4.2396
3 0 -.0051 -.25 4.1468 .0512 -.25 4.0604 .0032 -.25 4.1468
3 0 .0032 -.25 4.1468 .0512 -.25 4.0604 .016 -.25 4.1468
3 0 .016 -.25 4.1468 .0512 -.25 4.0604 .0384 -.25 4.1628
3 0 .2304 -.25 4.1372 .0512 -.25 4.0604 .2048 -.25 4.1052
4 0 -.064 -.25 4.1244 -.0166 -.25 4.2089 -.0621 -.25 4.1897 -.0813 -.25 4.1692
4 0 -.064 -.25 4.1244 -.0051 -.25 4.1468 -.0064 -.25 4.1564 -.0166 -.25 4.2089
4 0 -.1075 -.25 4.1231 -.064 -.25 4.1244 -.0813 -.25 4.1692 -.0954 -.25 4.1494
3 0 -.1075 -.25 4.1231 -.1318 -.25 4.0834 -.064 -.25 4.1244
3 0 .2048 -.25 4.1052 .0512 -.25 4.0604 .192 -.25 4.0732
4 0 .0512 -.25 4.0604 .1536 -.25 4.2396 .0512 -.25 4.1788 .0384 -.25 4.1628
4 0 .0512 -.25 4.0604 .2304 -.25 4.1372 .32 -.25 4.2652 .1536 -.25 4.2396
3 0 -.1965 -.25 4.0284 -.096 -.25 3.9772 -.1658 -.25 4.0495
4 0 .1696 -.25 4.0252 .1856 -.25 4.054 .192 -.25 4.0732 .0512 -.25 4.0604
3 0 -.2285 -.25 4.0073 -.096 -.25 3.9772 -.1965 -.25 4.0284
4 0 -.096 -.25 3.9772 -.064 -.25 4.1244 -.1318 -.25 4.0834 -.1658 -.25 4.0495
4 0 -.096 -.25 3.9772 .0512 -.25 4.0604 -.0051 -.25 4.1468 -.064 -.25 4.1244
3 0 -.096 -.25 3.9772 .0384 -.25 3.894 .0384 -.25 3.9196
3 0 -.096 -.25 3.9772 .0512 -.25 3.8716 .0384 -.25 3.894
4 0 -.2797 -.25 3.9727 -.096 -.25 3.9772 -.2285 -.25 4.0073 -.256 -.25 3.99
4 0 .096 -.25 3.9708 .1472 -.25 4.0028 .1696 -.25 4.0252 .0512 -.25 4.0604
4 0 .0512 -.25 3.9388 .0787 -.25 3.958 .096 -.25 3.9708 .0512 -.25 4.0604
4 0 .0384 -.25 3.9196 .0512 -.25 3.9388 .0512 -.25 4.0604 -.096 -.25 3.9772
4 0 -.2637 -.25 3.917 -.2438 -.25 3.917 -.096 -.25 3.9772 -.2797 -.25 3.9727
3 0 -.2438 -.25 3.917 -.2349 -.25 3.9087 -.096 -.25 3.9772
4 0 -.2816 -.25 3.9087 -.2637 -.25 3.917 -.2797 -.25 3.9727 -.2995 -.25 3.9503
3 0 -.2349 -.25 3.9087 -.2323 -.25 3.8978 -.096 -.25 3.9772
3 0 -.2323 -.25 3.8978 -.231 -.25 3.8857 -.096 -.25 3.9772
4 0 -.295 -.25 3.8921 -.2816 -.25 3.9087 -.2995 -.25 3.9503 -.3501 -.25 3.8998
3 0 -.263 -.25 3.8722 -.2304 -.25 3.8172 -.2496 -.25 3.8716
3 0 -.2496 -.25 3.8716 -.2304 -.25 3.8172 -.2374 -.25 3.8786
4 0 -.3213 -.25 3.8594 -.3104 -.25 3.8722 -.295 -.25 3.8921 -.3501 -.25 3.8998
4 0 -.4 -.25 3.8383 -.3258 -.25 3.846 -.3213 -.25 3.8594 -.3501 -.25 3.8998
3 0 -.3251 -.25 3.8281 -.3296 -.25 3.7692 -.3098 -.25 3.8223
3 0 -.2925 -.25 3.8242 -.2304 -.25 3.8172 -.2829 -.25 3.8294
3 0 -.3098 -.25 3.8223 -.3296 -.25 3.7692 -.2925 -.25 3.8242
4 0 -.2304 -.25 3.8172 -.096 -.25 3.9772 -.231 -.25 3.8857 -.2374 -.25 3.8786
4 0 -.2304 -.25 3.8172 -.263 -.25 3.8722 -.2752 -.25 3.8716 -.2816 -.25 3.8607
4 0 -.2304 -.25 3.8172 -.2816 -.25 3.8607 -.2835 -.25 3.846 -.2829 -.25 3.8294
4 0 .0576 -.25 3.8076 .0576 -.25 3.8492 .0512 -.25 3.8716 -.096 -.25 3.9772
4 0 .016 -.25 3.7788 .0432 -.25 3.7916 .0576 -.25 3.8076 -.096 -.25 3.9772
4 0 -.3296 -.25 3.7692 -.4 -.25 3.8383 -.4109 -.25 3.8063 -.4102 -.25 3.7775
4 0 -.3296 -.25 3.7692 -.3251 -.25 3.8281 -.3258 -.25 3.846 -.4 -.25 3.8383
4 0 -.3718 -.25 3.759 -.3296 -.25 3.7692 -.4102 -.25 3.7775 -.3962 -.25 3.766
4 0 -.096 -.25 3.7468 -.064 -.25 3.7532 .016 -.25 3.7788 -.096 -.25 3.9772
4 0 -.192 -.25 3.7404 -.2304 -.25 3.8172 -.2925 -.25 3.8242 -.3296 -.25 3.7692
4 0 -.192 -.25 3.7404 -.3296 -.25 3.7692 -.3718 -.25 3.759 -.2944 -.25 3.7468
4 0 -.192 -.25 3.7404 -.096 -.25 3.7468 -.096 -.25 3.9772 -.2304 -.25 3.8172
4 0 -.4672 -.25 6.7804 .3243 -.25 7.2284 -.64 -.25 6.9692 -.5824 -.25 6.902
4 0 .6048 -.25 7.1964 .5765 -.25 7.2284 .5472 -.25 7.062 .64 -.25 7.0812
4 0 -1.9584 -.25 7.1228 -1.9 -.25 7.1 -1.9008 -.25 7.2188 -1.9056 -.25 7.2284
3 0 -2.4096 -.25 7.222 -2.3968 -.25 7.222 -2.416 -.25 7.2284
4 0 -.4224 -.25 6.7356 .25 -.25 6.8 .352 -.25 7.1964 .3243 -.25 7.2284
4 0 -2.3488 -.25 7.2284 -2.416 -.25 7.2284 -2.3968 -.25 7.222 -2.3712 -.25 7.222
3 0 -.8096 -.25 7.0876 -.6912 -.25 6.7996 -.7808 -.25 7.0428
3 0 -1.9703 -.25 7.2284 -1.9616 -.25 7.1644 -1.9056 -.25 7.2284
4 0 .4672 -.25 7.1388 .4896 -.25 7.1196 .5765 -.25 7.2284 .4448 -.25 7.1644
3 0 .3855 -.25 7.2284 .3904 -.25 7.222 .4256 -.25 7.1836
3 0 -.8064 -.25 7.1452 -.7744 -.25 7.1196 .3243 -.25 7.2284
4 0 .3855 -.25 7.2284 .4256 -.25 7.1836 .4448 -.25 7.1644 .5765 -.25 7.2284
3 0 .5765 -.25 7.2284 .4896 -.25 7.1196 .5184 -.25 7.094
3 0 -1.9616 -.25 7.1644 -1.9584 -.25 7.1228 -1.9056 -.25 7.2284
4 0 .5344 -.25 7.0748 .5472 -.25 7.062 .5765 -.25 7.2284 .5184 -.25 7.094
4 0 -.7424 -.25 7.0812 -.6976 -.25 7.0332 .3243 -.25 7.2284 -.7744 -.25 7.1196
3 0 -.5824 -.25 6.902 -.5248 -.25 6.838 -.4672 -.25 6.7804
3 0 -.4672 -.25 6.7804 -.4224 -.25 6.7356 .3243 -.25 7.2284
3 0 -.9632 -.25 7.0812 -.8992 -.25 6.9884 -.6912 -.25 6.7996
3 0 -.6976 -.25 7.0332 -.64 -.25 6.9692 .3243 -.25 7.2284
4 0 -1.8738 -.25 7.2284 -1.872 -.25 7.2156 -1.76 -.25 7.2092 -1.761 -.25 7.2284
4 0 -1.872 -.25 7.2156 -1.8688 -.25 7.1964 -1.7504 -.25 7.1452 -1.76 -.25 7.2092
4 0 -1.7504 -.25 7.1452 -1.8688 -.25 7.1964 -1.8752 -.25 7.1836 -1.9 -.25 7.1
4 0 -1.1824 -.25 7.2284 -1.1712 -.25 7.222 -1.1072 -.25 7.1964 -1.072 -.25 7.1868
3 0 -1.1824 -.25 7.2284 -1.072 -.25 7.1868 -1.04 -.25 7.1804
4 0 -.6912 -.25 6.7996 -.8096 -.25 7.0876 -.8256 -.25 7.126 -.9632 -.25 7.0812
4 0 -1.0016 -.25 7.142 -.9632 -.25 7.0812 -.8256 -.25 7.126 -.8256 -.25 7.1452
3 0 -1.0176 -.25 7.1644 -1.0016 -.25 7.142 -.8256 -.25 7.1452
4 0 -1.04 -.25 7.1804 -1.0176 -.25 7.1644 -.8256 -.25 7.1452 -.8064 -.25 7.1452
4 0 -1.1824 -.25 7.2284 -1.04 -.25 7.1804 -.8064 -.25 7.1452 .3243 -.25 7.2284
4 0 -1.9 -.25 7.1 -1.8 -.25 6.8 -1.68 -.25 6.9884 -1.7216 -.25 7.0812
3 0 -1.9 -.25 7.1 -1.7216 -.25 7.0812 -1.7504 -.25 7.1452
3 0 2.2586 -.25 7.2284 1.9163 -.25 7.2284 1.92 -.25 7.2092
3 0 2.2586 -.25 7.2284 1.92 -.25 7.2092 1.9392 -.25 7.11
4 0 2.2528 -.25 7.1132 2.2586 -.25 7.2284 1.9392 -.25 7.11 1.9469 -.25 7.0146
0 // White particulars
4 15 .3872 -.25 7.1644 .4256 -.25 7.1836 .3904 -.25 7.222 .352 -.25 7.1964
4 15 .4192 -.25 7.1356 .4448 -.25 7.1644 .4256 -.25 7.1836 .3872 -.25 7.1644
4 15 .4416 -.25 7.1164 .4672 -.25 7.1388 .4448 -.25 7.1644 .4192 -.25 7.1356
4 15 .4736 -.25 7.094 .4896 -.25 7.1196 .4672 -.25 7.1388 .4416 -.25 7.1164
4 15 -.8096 -.25 7.0876 -.8064 -.25 7.1452 -.8256 -.25 7.1452 -.8256 -.25 7.126
4 15 .4992 -.25 7.078 .5184 -.25 7.094 .4896 -.25 7.1196 .4736 -.25 7.094
4 15 .5216 -.25 7.0652 .5344 -.25 7.0748 .5184 -.25 7.094 .4992 -.25 7.078
4 15 .5344 -.25 7.0588 .5472 -.25 7.062 .5344 -.25 7.0748 .5216 -.25 7.0652
4 15 -.7808 -.25 7.0428 -.7744 -.25 7.1196 -.8064 -.25 7.1452 -.8096 -.25 7.0876
4 15 -.736 -.25 6.9852 -.7424 -.25 7.0812 -.7744 -.25 7.1196 -.7808 -.25 7.0428
4 15 2.0672 -.25 6.9532 2.0864 -.25 6.9788 2.0736 -.25 6.9916 2.0672 -.25 6.9788
4 15 2.0704 -.25 6.9276 2.0928 -.25 6.9532 2.0864 -.25 6.9788 2.0672 -.25 6.9532
4 15 -.688 -.25 6.9212 -.6976 -.25 7.0332 -.7424 -.25 7.0812 -.736 -.25 6.9852
4 15 2.0704 -.25 6.8873 2.1024 -.25 6.9212 2.0928 -.25 6.9532 2.0704 -.25 6.9276
4 15 -.64 -.25 6.8636 -.64 -.25 6.9692 -.6976 -.25 7.0332 -.688 -.25 6.9212
4 15 2.0736 -.25 6.8444 2.1088 -.25 6.8777 2.1024 -.25 6.9212 2.0704 -.25 6.8873
4 15 -.5888 -.25 6.806 -.5824 -.25 6.902 -.64 -.25 6.9692 -.64 -.25 6.8636
4 15 2.0704 -.25 6.79 2.1184 -.25 6.8316 2.1088 -.25 6.8777 2.0736 -.25 6.8444
4 15 -.5376 -.25 6.7548 -.5248 -.25 6.838 -.5824 -.25 6.902 -.5888 -.25 6.806
4 15 2.0704 -.25 6.726 2.1216 -.25 6.7612 2.1184 -.25 6.8316 2.0704 -.25 6.79
4 15 -.4832 -.25 6.7004 -.4672 -.25 6.7804 -.5248 -.25 6.838 -.5376 -.25 6.7548
3 15 .512 -.25 6.6812 .5568 -.25 6.6716 .5376 -.25 6.6812
4 15 2.0608 -.25 6.6716 2.1216 -.25 6.6972 2.1216 -.25 6.7612 2.0704 -.25 6.726
4 15 -.4288 -.25 6.6556 -.4224 -.25 6.7356 -.4672 -.25 6.7804 -.4832 -.25 6.7004
4 15 .5568 -.25 6.6556 .5568 -.25 6.6716 .512 -.25 6.6812 .4864 -.25 6.6748
4 15 .544 -.25 6.6428 .5568 -.25 6.6556 .4864 -.25 6.6748 .4672 -.25 6.6652
4 15 .5184 -.25 6.63 .544 -.25 6.6428 .4672 -.25 6.6652 .4416 -.25 6.6492
4 15 .4992 -.25 6.6204 .5184 -.25 6.63 .4416 -.25 6.6492 .4224 -.25 6.6268
4 15 -.3776 -.25 6.614 -.3776 -.25 6.6876 -.4224 -.25 6.7356 -.4288 -.25 6.6556
4 15 2.048 -.25 6.6076 2.1184 -.25 6.6396 2.1216 -.25 6.6972 2.0608 -.25 6.6716
4 15 .4672 -.25 6.598 .4992 -.25 6.6204 .4224 -.25 6.6268 .4032 -.25 6.6012
4 15 -.3264 -.25 6.5756 -.3296 -.25 6.6396 -.3776 -.25 6.6876 -.3776 -.25 6.614
4 15 .3904 -.25 6.5724 .4512 -.25 6.5788 .4672 -.25 6.598 .4032 -.25 6.6012
4 15 .384 -.25 6.55 .4352 -.25 6.55 .4512 -.25 6.5788 .3904 -.25 6.5724
4 15 2.0192 -.25 6.5404 2.0992 -.25 6.5724 2.1184 -.25 6.6396 2.048 -.25 6.6076
4 15 -1.6608 -.25 6.5372 -1.6544 -.25 6.5596 -1.664 -.25 6.5596 -1.664 -.25 6.55
4 15 -.2688 -.25 6.5308 -.2944 -.25 6.6044 -.3296 -.25 6.6396 -.3264 -.25 6.5756
4 15 -1.6544 -.25 6.5212 -1.6448 -.25 6.5548 -1.6544 -.25 6.5596 -1.6608 -.25 6.5372
4 15 .4256 -.25 6.5116 .4352 -.25 6.55 .384 -.25 6.55 .384 -.25 6.5148
4 15 -1.6448 -.25 6.5052 -1.632 -.25 6.5468 -1.6448 -.25 6.5548 -1.6544 -.25 6.5212
4 15 -.2336 -.25 6.5052 -.2464 -.25 6.5628 -.2944 -.25 6.6044 -.2688 -.25 6.5308
3 15 -1.5904 -.25 6.502 -1.6064 -.25 6.4796 -1.5904 -.25 6.4892
4 15 -.2112 -.25 6.4924 -.2176 -.25 6.5308 -.2464 -.25 6.5628 -.2336 -.25 6.5052
4 15 -1.6352 -.25 6.4892 -1.616 -.25 6.5372 -1.632 -.25 6.5468 -1.6448 -.25 6.5052
4 15 -.1952 -.25 6.486 -.1952 -.25 6.5084 -.2176 -.25 6.5308 -.2112 -.25 6.4924
4 15 -.1792 -.25 6.4828 -.1824 -.25 6.4924 -.1952 -.25 6.5084 -.1952 -.25 6.486
4 15 .4128 -.25 6.4828 .4256 -.25 6.5116 .384 -.25 6.5148 .3968 -.25 6.486
4 15 -1.6192 -.25 6.4796 -1.6032 -.25 6.5244 -1.616 -.25 6.5372 -1.6352 -.25 6.4892
4 15 -1.6192 -.25 6.4796 -1.6064 -.25 6.4796 -1.5904 -.25 6.502 -1.6032 -.25 6.5244
4 15 1.9776 -.25 6.4636 2.08 -.25 6.5052 2.0992 -.25 6.5724 2.0192 -.25 6.5404
4 15 1.9392 -.25 6.4156 2.0544 -.25 6.4604 2.08 -.25 6.5052 1.9776 -.25 6.4636
4 15 1.9008 -.25 6.3772 2.0224 -.25 6.4124 2.0544 -.25 6.4604 1.9392 -.25 6.4156
4 15 1.856 -.25 6.3324 1.9776 -.25 6.3612 2.0224 -.25 6.4124 1.9008 -.25 6.3772
4 15 1.8304 -.25 6.3004 1.9296 -.25 6.3164 1.9776 -.25 6.3612 1.856 -.25 6.3324
3 15 1.8304 -.25 6.3004 1.888 -.25 6.2876 1.9296 -.25 6.3164
4 15 1.8624 -.25 6.2684 1.888 -.25 6.2876 1.8304 -.25 6.3004 1.8112 -.25 6.2748
4 15 1.8368 -.25 6.2492 1.8624 -.25 6.2684 1.8112 -.25 6.2748 1.8144 -.25 6.2556
4 15 1.2672 -.25 6.0956 1.2576 -.25 6.1212 1.2352 -.25 6.1276 1.2192 -.25 6.1148
4 15 1.2736 -.25 6.07 1.2672 -.25 6.0956 1.2192 -.25 6.1148 1.2096 -.25 6.0956
4 15 1.2736 -.25 6.038 1.2736 -.25 6.07 1.2096 -.25 6.0956 1.2096 -.25 6.0636
4 15 1.2634 -.25 5.9932 1.2736 -.25 6.038 1.2096 -.25 6.0636 1.2128 -.25 6.0252
4 15 1.2544 -.25 5.9548 1.2634 -.25 5.9932 1.2128 -.25 6.0252 1.216 -.25 5.9868
4 15 1.2416 -.25 5.9164 1.2544 -.25 5.9548 1.216 -.25 5.9868 1.2096 -.25 5.9548
4 15 1.2288 -.25 5.8908 1.2416 -.25 5.9164 1.2096 -.25 5.9548 1.1968 -.25 5.9228
3 15 1.1968 -.25 5.8812 1.216 -.25 5.878 1.1904 -.25 5.8972
4 15 1.216 -.25 5.878 1.2288 -.25 5.8908 1.1968 -.25 5.9228 1.1904 -.25 5.8972
4 15 .352 -.25 5.7436 .3456 -.25 5.7564 .3328 -.25 5.7564 .3136 -.25 5.7436
4 15 .2944 -.25 5.718 .3456 -.25 5.7212 .352 -.25 5.7436 .3136 -.25 5.7436
4 15 .2816 -.25 5.6924 .3328 -.25 5.6969 .3456 -.25 5.7212 .2944 -.25 5.718
4 15 .2688 -.25 5.654 .3232 -.25 5.6732 .3328 -.25 5.6969 .2816 -.25 5.6924
4 15 .2656 -.25 5.622 .3149 -.25 5.6476 .3232 -.25 5.6732 .2688 -.25 5.654
4 15 .2656 -.25 5.5964 .311 -.25 5.622 .3149 -.25 5.6476 .2656 -.25 5.622
4 15 .2656 -.25 5.5644 .3091 -.25 5.5964 .311 -.25 5.622 .2656 -.25 5.5964
4 15 .2688 -.25 5.5356 .3091 -.25 5.5644 .3091 -.25 5.5964 .2656 -.25 5.5644
4 15 .2752 -.25 5.5132 .3104 -.25 5.5356 .3091 -.25 5.5644 .2688 -.25 5.5356
4 15 .2848 -.25 5.4812 .3136 -.25 5.51 .3104 -.25 5.5356 .2752 -.25 5.5132
4 15 .304 -.25 5.4748 .3136 -.25 5.4876 .3136 -.25 5.51 .2848 -.25 5.4812
3 15 .0672 -.25 5.1292 .0832 -.25 5.1164 .0826 -.25 5.1452
4 15 .1024 -.25 5.1292 .1216 -.25 5.1388 .1216 -.25 5.1612 .0992 -.25 5.1612
4 15 .0832 -.25 5.1164 .1024 -.25 5.1292 .0992 -.25 5.1612 .0826 -.25 5.1452
4 15 -.7104 -.25 5.0748 -.7072 -.25 5.1004 -.7232 -.25 5.094 -.7264 -.25 5.0844
4 15 -.7104 -.25 5.0748 -.6944 -.25 5.0748 -.6918 -.25 5.0966 -.7072 -.25 5.1004
4 15 -.6944 -.25 5.0748 -.6816 -.25 5.078 -.6784 -.25 5.0908 -.6918 -.25 5.0966
4 15 -.5216 -.25 5.0684 -.5216 -.25 5.0908 -.5312 -.25 5.0876 -.5312 -.25 5.0812
4 15 -.5088 -.25 5.062 -.5024 -.25 5.0908 -.5216 -.25 5.0908 -.5216 -.25 5.0684
4 15 -.4896 -.25 5.0556 -.4832 -.25 5.0876 -.5024 -.25 5.0908 -.5088 -.25 5.062
4 15 -.1664 -.25 5.0546 -.16 -.25 5.0588 -.16 -.25 5.0684 -.1696 -.25 5.0684
4 15 -.4704 -.25 5.0492 -.4608 -.25 5.0844 -.4832 -.25 5.0876 -.4896 -.25 5.0556
4 15 -.1856 -.25 5.0492 -.1664 -.25 5.0546 -.1696 -.25 5.0684 -.1984 -.25 5.0684
3 15 -1.2512 -.25 5.0428 -1.2416 -.25 5.0332 -1.2512 -.25 5.0524
4 15 -1.1872 -.25 5.0428 -1.1776 -.25 5.0556 -1.1808 -.25 5.0652 -1.2 -.25 5.0684
4 15 -.4416 -.25 5.0428 -.432 -.25 5.078 -.4608 -.25 5.0844 -.4704 -.25 5.0492
4 15 -.2112 -.25 5.0428 -.2432 -.25 5.0684 -.288 -.25 5.0684 -.2624 -.25 5.0396
4 15 -.2112 -.25 5.0428 -.1856 -.25 5.0492 -.1984 -.25 5.0684 -.2432 -.25 5.0684
4 15 -.416 -.25 5.0364 -.4064 -.25 5.0748 -.432 -.25 5.078 -.4416 -.25 5.0428
4 15 -.32 -.25 5.0364 -.2624 -.25 5.0396 -.288 -.25 5.0684 -.3328 -.25 5.0684
4 15 -.368 -.25 5.0332 -.368 -.25 5.0716 -.4064 -.25 5.0748 -.416 -.25 5.0364
4 15 -.368 -.25 5.0332 -.32 -.25 5.0364 -.3328 -.25 5.0684 -.368 -.25 5.0716
4 15 -1.2 -.25 5.03 -1.1872 -.25 5.0428 -1.2 -.25 5.0684 -1.2224 -.25 5.0684
4 15 -1.2192 -.25 5.0236 -1.2384 -.25 5.062 -1.2512 -.25 5.0524 -1.2416 -.25 5.0332
4 15 -1.2192 -.25 5.0236 -1.2 -.25 5.03 -1.2224 -.25 5.0684 -1.2384 -.25 5.062
4 15 .6867 -.25 4.6338 .7104 -.25 4.6364 .7072 -.25 4.6556 .6848 -.25 4.6556
4 15 .6656 -.25 4.6172 .6867 -.25 4.6338 .6848 -.25 4.6556 .6656 -.25 4.6396
3 15 .6656 -.25 4.6172 .6784 -.25 4.6076 .6867 -.25 4.6338
4 15 .6784 -.25 4.6076 .6976 -.25 4.6204 .7104 -.25 4.6364 .6867 -.25 4.6338
4 15 .4352 -.25 4.534 .4832 -.25 4.5404 .4832 -.25 4.5532 .4672 -.25 4.5532
4 15 .4352 -.25 4.534 .3264 -.25 4.4348 .2496 -.25 4.3132 .3552 -.25 4.406
4 15 .4352 -.25 4.534 .3552 -.25 4.406 .4704 -.25 4.5244 .4832 -.25 4.5404
3 15 .2304 -.25 4.342 .2496 -.25 4.3132 .3264 -.25 4.4348
3 15 .208 -.25 4.3068 .2368 -.25 4.3004 .2208 -.25 4.3292
4 15 .2368 -.25 4.3004 .2496 -.25 4.3132 .2304 -.25 4.342 .2208 -.25 4.3292
4 15 .2016 -.25 4.2876 .2208 -.25 4.2876 .2368 -.25 4.3004 .208 -.25 4.3068
3 15 .0416 -.25 4.198 .0512 -.25 4.1884 .0512 -.25 4.198
4 15 .0512 -.25 4.1788 .0512 -.25 4.1884 .0416 -.25 4.198 .0256 -.25 4.1948
4 15 .0384 -.25 4.1628 .0512 -.25 4.1788 .0256 -.25 4.1948 .0128 -.25 4.1852
3 15 -.0064 -.25 4.1564 -.0051 -.25 4.1468 .0032 -.25 4.1468
4 15 .016 -.25 4.1468 -.0032 -.25 4.166 -.0064 -.25 4.1564 .0032 -.25 4.1468
4 15 .016 -.25 4.1468 .0384 -.25 4.1628 .0128 -.25 4.1852 -.0032 -.25 4.166
3 15 -.2349 -.25 3.9087 -.2496 -.25 3.8716 -.2374 -.25 3.8786
4 15 -.2374 -.25 3.8786 -.231 -.25 3.8857 -.2323 -.25 3.8978 -.2349 -.25 3.9087
4 15 -.2752 -.25 3.8716 -.2637 -.25 3.917 -.2816 -.25 3.9087 -.295 -.25 3.8921
4 15 -.2752 -.25 3.8716 -.263 -.25 3.8722 -.2438 -.25 3.917 -.2637 -.25 3.917
4 15 -.2496 -.25 3.8716 -.2349 -.25 3.9087 -.2438 -.25 3.917 -.263 -.25 3.8722
4 15 -.2816 -.25 3.8607 -.2752 -.25 3.8716 -.295 -.25 3.8921 -.3104 -.25 3.8722
4 15 -.2835 -.25 3.846 -.2816 -.25 3.8607 -.3104 -.25 3.8722 -.3213 -.25 3.8594
3 15 -.2829 -.25 3.8294 -.3098 -.25 3.8223 -.2925 -.25 3.8242
4 15 -.3251 -.25 3.8281 -.2835 -.25 3.846 -.3213 -.25 3.8594 -.3258 -.25 3.846
4 15 -.3098 -.25 3.8223 -.2829 -.25 3.8294 -.2835 -.25 3.846 -.3251 -.25 3.8281
4 15 .3243 -.25 7.2284 .352 -.25 7.1964 .3904 -.25 7.222 .3855 -.25 7.2284
4 15 -1.9056 -.25 7.2284 -1.9008 -.25 7.2188 -1.872 -.25 7.2156 -1.8738 -.25 7.2284
4 15 -1.8688 -.25 7.1964 -1.872 -.25 7.2156 -1.9008 -.25 7.2188 -1.888 -.25 7.1996
4 15 -1.888 -.25 7.1996 -1.8848 -.25 7.19 -1.8752 -.25 7.1836 -1.8688 -.25 7.1964
