0 ~Sticker  1.0 x  1.8 with Red Santander Logo and Tricolor Stripe on White Background Right - Common Part Not To Be Mirrored
0 Name: s\6177954ts02.dat
0 Author: Massimo Maso [Sirio]
0 !LDRAW_ORG Unofficial_Subpart
0 !LICENSE Licensed under CC BY 4.0 : see CAreadme.txt

0 BFC CERTIFY CCW


0 // Logo primitives
1 15 -12 -.25 -.6 .9 0 0 0 1 0 0 0 .9 s\logosantanders05.dat
1 15 2.7 -.25 -.6 2.1 0 0 0 1 0 0 0 2.1 s\logosantanders04.dat
0 // Subparts
1 15 2.7 -.25 -.6 2.1 0 0 0 1 0 0 0 2.1 s\6177954ds01.dat
0 // Top face
0 // White faces
3 15 -14.75 -.25 2.5 -14.52 -.25 -.6 -14.52 -.25 1.686
4 15 -14.75 -.25 2.5 -14.75 -.25 -3.25 -14.52 -.25 -2.886 -14.52 -.25 -.6
4 15 -8.85 -.25 1.92 -14.75 -.25 2.5 -14.52 -.25 1.686 -11.91603 -.25 1.686
3 15 -8.85 -.25 1.92 -11.91603 -.25 1.686 -9.48 -.25 1.686
3 15 -8.85 -.25 1.92 -9.48 -.25 1.686 -9.48 -.25 -.6
4 15 -8.85 -.25 1.92 -9.48 -.25 -.6 -9.48 -.25 -1.626 -8.85 -.25 -3.12
3 15 -8.85 -.25 -3.12 -9.48 -.25 -1.626 -9.48 -.25 -2.886
3 15 -8.85 -.25 -3.12 -9.48 -.25 -2.886 -12 -.25 -2.886
4 15 -8.85 -.25 -3.12 -12 -.25 -2.886 -14.52 -.25 -2.886 -14.75 -.25 -3.25
4 15 -14.75 -.25 2.5 -8.85 -.25 1.92 14.25 -.25 1.92 14.75 -.25 2.5
4 15 -14.75 -.25 -3.25 14.75 -.25 -3.25 14.25 -.25 -3.12 -8.85 -.25 -3.12
4 15 14.75 -.25 2.5 14.25 -.25 1.92 14.25 -.25 -3.12 14.75 -.25 -3.25
