0 ~Sticker  5.8 x  5.8 with Screen with Winner Celebration on Black Background - Coomon PArt
0 Name: s\6177973ps01.dat
0 Author: Massimo Maso [Sirio]
0 !LDRAW_ORG Unofficial_Subpart
0 !LICENSE Licensed under CC BY 4.0 : see CAreadme.txt

0 BFC CERTIFY CCW

0 // Primitives
1 16 -56.5 0 56.5 -1.5 0 0 0 -1 0 0 0 1.5 1-4chrd.dat
1 16 56.5 0 56.5 1.5 0 0 0 -1 0 0 0 1.5 1-4chrd.dat
1 16 0 -.25 0 0 0 58 0 .25 0 56.5 0 0 box3u12.dat
1 16 -56.5 0 -56.5 -1.5 0 0 0 -1 0 0 0 -1.5 1-4chrd.dat
1 16 56.5 0 -56.5 1.5 0 0 0 -1 0 0 0 -1.5 1-4chrd.dat
1 16 -56.5 -.25 56.5 -1.5 0 0 0 .25 0 0 0 1.5 1-4cyli.dat
1 16 56.5 -.25 56.5 1.5 0 0 0 .25 0 0 0 1.5 1-4cyli.dat
1 16 -56.5 -.25 -56.5 -1.5 0 0 0 .25 0 0 0 -1.5 1-4cyli.dat
1 16 56.5 -.25 -56.5 1.5 0 0 0 .25 0 0 0 -1.5 1-4cyli.dat
1 0 -56.5 -.25 56.5 -1.5 0 0 0 1 0 0 0 1.5 1-4chrd.dat
1 0 56.5 -.25 56.5 1.5 0 0 0 1 0 0 0 1.5 1-4chrd.dat
1 0 -56.5 -.25 -56.5 -1.5 0 0 0 1 0 0 0 -1.5 1-4chrd.dat
1 0 56.5 -.25 -56.5 1.5 0 0 0 1 0 0 0 -1.5 1-4chrd.dat
0 // Bottom face
4 16 -56.5 0 58 56.5 0 58 58 0 56.5 -58 0 56.5
4 16 -56.5 0 -58 -58 0 -56.5 58 0 -56.5 56.5 0 -58
0 // Lateral face
4 16 -56.5 -.25 58 56.5 -.25 58 56.5 0 58 -56.5 0 58
4 16 56.5 0 -58 56.5 -.25 -58 -56.5 -.25 -58 -56.5 0 -58
0 // Top face
0 // Black frame
4 0 -52 -.25 52 -58 -.25 56.5 -58 -.25 -56.5 -52 -.25 -52
3 0 -52 -.25 52 -56.5 -.25 58 -58 -.25 56.5
4 0 -52 -.25 52 52 -.25 52 56.5 -.25 58 -56.5 -.25 58
3 0 52 -.25 52 58 -.25 56.5 56.5 -.25 58
4 0 52 -.25 52 52 -.25 -52 58 -.25 -56.5 58 -.25 56.5
3 0 -52 -.25 -52 -58 -.25 -56.5 -56.5 -.25 -58
4 0 -52 -.25 -52 -56.5 -.25 -58 56.5 -.25 -58 52 -.25 -52
3 0 52 -.25 -52 56.5 -.25 -58 58 -.25 -56.5
