0 ~Sticker  0.9 x  1.8 with Grey Indicators on White Background - Ring with Lever
0 Name: s\6177970gs02.dat
0 Author: Massimo Maso [Sirio]
0 !LDRAW_ORG Unofficial_Subpart
0 !LICENSE Licensed under CC BY 4.0 : see CAreadme.txt

0 BFC CERTIFY CCW

0 !HISTORY 2024-03-23 [OrionP] Updated ring primitives


0 // Primitives
1 71 0 0 0 2.25 0 0 0 1 0 0 0 2.25 3-4ndis.dat
1 0 0 0 0 .45 0 0 0 1 0 0 0 .45 3-4ring4.dat
1 0 0 0 0 .2 0 0 0 1 0 0 0 .2 4-4ring8.dat
1 0 0 0 0 0 0 .45 0 1 0 -.45 0 0 1-16ring4.dat
1 71 0 0 0 0 0 2.25 0 1 0 -2.25 0 0 1-16tndis.dat
1 0 0 0 0 .45 0 0 0 1 0 0 0 -.45 1-16ring4.dat
1 71 0 0 0 2.25 0 0 0 1 0 0 0 -2.25 1-16tndis.dat
1 71 2.3 0 -2.3 .3 0 0 0 1 0 0 0 .3 1-8ndis.dat
1 0 2.3 0 -2.3 .3 0 0 0 1 0 0 0 .3 1-8chrd.dat
1 0 2.3 0 -2.3 .3 0 0 0 1 0 0 0 -.3 3-8chrd.dat
1 71 2.3 0 -2.3 .3 0 0 0 1 0 0 0 -.3 3-8ndis.dat
0 // Black faces
4 0 1.27278 0 -1.27278 1.9485 0 -1.125 2.078775 0 -.861075 1.66302 0 -.68886
3 0 1.27278 0 -1.27278 1.7852 0 -1.3698 1.9485 0 -1.125
4 0 1.27278 0 -1.27278 2.6 0 -2.3 2.51213 0 -2.08787 1.7852 0 -1.3698
4 0 1.27278 0 -1.27278 1.3698 0 -1.7852 2.08787 0 -2.51213 2.6 0 -2.3
3 0 1.27278 0 -1.27278 1.125 0 -1.9485 1.3698 0 -1.7852
4 0 1.27278 0 -1.27278 .68886 0 -1.66302 .861075 0 -2.078775 1.125 0 -1.9485
0 // Grey faces
3 71 2.6 0 -2 2.25 0 2.25 2.25 0 0
3 71 2.6 0 -2 2.25 0 0 2.25 0 -.861075
4 71 2.6 0 -2 2.25 0 -.861075 2.078775 0 -.861075 1.9485 0 -1.125
4 71 2.6 0 -2 1.9485 0 -1.125 1.7852 0 -1.3698 2.51213 0 -2.08787
4 71 2 0 -2.6 2.08787 0 -2.51213 1.3698 0 -1.7852 1.125 0 -1.9485
4 71 2 0 -2.6 1.125 0 -1.9485 .861075 0 -2.078775 .861075 0 -2.25
3 71 2 0 -2.6 .861075 0 -2.25 0 0 -2.25
3 71 2 0 -2.6 0 0 -2.25 -2.25 0 -2.25
