0 ~Sticker  1.0 x  1.8 with Red Santander Logo and Tricolor Stripe on White Background Right - Common Part To Be Mirrored
0 Name: s\6177954ts01.dat
0 Author: Massimo Maso [Sirio]
0 !LDRAW_ORG Unofficial_Subpart
0 !LICENSE Licensed under CC BY 4.0 : see CAreadme.txt

0 BFC CERTIFY CCW


0 // Primitives
1 16 -16.5 0 8.5 -1.5 0 0 0 -1 0 0 0 1.5 1-4chrd.dat
1 16 16.5 0 8.5 1.5 0 0 0 -1 0 0 0 1.5 1-4chrd.dat
1 16 -16.5 0 -8.5 -1.5 0 0 0 -1 0 0 0 -1.5 1-4chrd.dat
1 16 16.5 0 -8.5 1.5 0 0 0 -1 0 0 0 -1.5 1-4chrd.dat
1 16 -16.5 0 8.5 -1.5 0 0 0 -.25 0 0 0 1.5 1-4cyli.dat
1 16 16.5 0 8.5 1.5 0 0 0 -.25 0 0 0 1.5 1-4cyli.dat
1 16 -16.5 0 -8.5 -1.5 0 0 0 -.25 0 0 0 -1.5 1-4cyli.dat
1 16 16.5 0 -8.5 1.5 0 0 0 -.25 0 0 0 -1.5 1-4cyli.dat
1 0 -16.5 -.25 8.5 -1.5 0 0 0 1 0 0 0 1.5 1-4chrd.dat
1 15 16.5 -.25 8.5 1.5 0 0 0 1 0 0 0 1.5 1-4chrd.dat
1 0 -16.5 -.25 -8.5 -1.5 0 0 0 1 0 0 0 -1.5 1-4chrd.dat
1 15 16.5 -.25 -8.5 1.5 0 0 0 1 0 0 0 -1.5 1-4chrd.dat
0 // Bottom face
4 16 -16.5 0 10 -16.5 0 -10 -18 0 -8.5 -18 0 8.5
4 16 -16.5 0 10 16.5 0 10 16.5 0 -10 -16.5 0 -10
4 16 16.5 0 10 18 0 8.5 18 0 -8.5 16.5 0 -10
0 // Lateral face
4 16 -16.5 0 10 -16.5 -.25 10 16.5 -.25 10 16.5 0 10
4 16 -18 0 8.5 -18 0 -8.5 -18 -.25 -8.5 -18 -.25 8.5
3 16 18 0 8.5 18 -.25 8.5 18 -.25 -5
4 16 18 0 8.5 18 -.25 -6 18 -.25 -7 18 0 -8.5
3 16 18 0 -8.5 18 -.25 -7 18 -.25 -8
3 16 18 0 -8.5 18 -.25 -8 18 -.25 -8.5
3 16 -16.5 0 -10 -10.4 -.25 -10 -16.5 -.25 -10
4 16 -16.5 0 -10 16.5 0 -10 16.5 -.25 -10 -10.4 -.25 -10
0 // Top face
0 // Black faces
3 0 -18 -.25 8.5 -11.925 -.25 -5 -16.5 -.25 10
4 0 -18 -.25 8.5 -18 -.25 -8.5 -11.62 -.25 -6 -11.925 -.25 -5
4 0 -16.5 -.25 -10 -11.315 -.25 -7 -11.62 -.25 -6 -18 -.25 -8.5
3 0 -16.5 -.25 -10 -11.01 -.25 -8 -11.315 -.25 -7
3 0 -16.5 -.25 -10 -10.4 -.25 -10 -11.01 -.25 -8
0 // Tricolor stripe
4 2 -11.925 -.25 -5 -11.62 -.25 -6 18 -.25 -6 18 -.25 -5
4 15 -11.62 -.25 -6 -11.315 -.25 -7 18 -.25 -7 18 -.25 -6
4 4 -11.315 -.25 -7 -11.01 -.25 -8 18 -.25 -8 18 -.25 -7
0 // White faces
3 15 -16.5 -.25 10 -11.925 -.25 -5 -12.25 -.25 -3.25
3 15 -16.5 -.25 10 -12.25 -.25 -3.25 -12.25 -.25 2.5
4 15 -16.5 -.25 10 -12.25 -.25 2.5 17.25 -.25 2.5 16.5 -.25 10
3 15 18 -.25 8.5 16.5 -.25 10 17.25 -.25 2.5
4 15 18 -.25 8.5 17.25 -.25 2.5 17.25 -.25 -3.25 18 -.25 -5
4 15 -11.925 -.25 -5 18 -.25 -5 17.25 -.25 -3.25 -12.25 -.25 -3.25
3 15 18 -.25 -8.5 18 -.25 -8 -11.01 -.25 -8
4 15 18 -.25 -8.5 -11.01 -.25 -8 -10.4 -.25 -10 16.5 -.25 -10
