0 ~Sticker  0.8 x  1.9 with Logo M-SPORT on Black and Blue Background Right - Fifth Face
0 Name: s\6218812ms05.dat
0 Author: Massimo Maso [Sirio]
0 !LDRAW_ORG Unofficial_Subpart
0 !LICENSE Licensed under CC BY 4.0 : see CAreadme.txt

0 BFC CERTIFY CCW

0 // Primitives
1 15 2 -.25 3.0522 .2 0 0 0 1 0 0 0 -.2 1-4chrd.dat
1 80 2 -.25 3.0522 .2 0 0 0 1 0 0 0 -.2 1-4ndis.dat
0 // Faces
0 // Black faces
4 0 -3.365 -.25 6.8484 -8 -.25 6.8484 -8 -.25 -.0144 2.5389 -.25 -.0144
4 0 4.3113 -.25 6.8484 -.1445 -.25 6.8484 5.7594 -.25 -.0144 8 -.25 -.0144
3 0 4.3113 -.25 6.8484 8 -.25 -.0144 8 -.25 2.5606
0 // Light blue face
3 1 4.3113 -.25 6.8484 8 -.25 2.5606 8 -.25 6.8484
0 // Silver faces
4 80 2.5389 -.25 -.0144 1.8612 -.25 2.9082 -2.2257 -.25 6.8484 -3.365 -.25 6.8484
3 80 2.5389 -.25 -.0144 1.9252 -.25 2.8667 1.8612 -.25 2.9082
3 80 2.5389 -.25 -.0144 2 -.25 2.8522 1.9252 -.25 2.8667
4 80 2.5389 -.25 -.0144 5.7594 -.25 -.0144 2.2 -.25 2.8522 2 -.25 2.8522
4 80 5.7594 -.25 -.0144 -.1445 -.25 6.8484 -1.0455 -.25 6.8484 2.1507 -.25 3.1837
3 80 5.7594 -.25 -.0144 2.1507 -.25 3.1837 2.1873 -.25 3.1224
3 80 5.7594 -.25 -.0144 2.1873 -.25 3.1224 2.2 -.25 3.0522
3 80 5.7594 -.25 -.0144 2.2 -.25 3.0522 2.2 -.25 2.8522
0 // White faces
4 15 1.8612 -.25 2.9082 2.1507 -.25 3.1837 -1.0455 -.25 6.8484 -2.2257 -.25 6.8484
4 15 1.8612 -.25 2.9082 1.9252 -.25 2.8667 2.1873 -.25 3.1224 2.1507 -.25 3.1837
4 15 2 -.25 2.8522 2.2 -.25 3.0522 2.1873 -.25 3.1224 1.9252 -.25 2.8667
