0 ~Sticker  0.8 x  5.8 with Black 68 in White Stripe and Logos on Green Background Right - Common Part
0 Name: s\6218741hs01.dat
0 Author: Massimo Maso [Sirio]
0 !LDRAW_ORG Unofficial_Subpart
0 !LICENSE Licensed under CC BY 4.0 : see CAreadme.txt

0 BFC CERTIFY CCW

0 // Logo primitives
1 288 38 -.25 0 1.35 0 0 0 1 0 0 0 1.35 logo-ford-box-quarter.dat
1 288 38 -.25 0 -1.35 0 0 0 1 0 0 0 1.35 logo-ford-box-quarter.dat
1 288 38 -.25 0 -1.35 0 0 0 1 0 0 0 -1.35 logo-ford-box-quarter.dat
1 288 38 -.25 0 1.35 0 0 0 1 0 0 0 -1.35 logo-ford-box-quarter.dat
0 // Primitives
1 16 -56.5 0 6.5 -1.5 0 0 0 -1 0 0 0 1.5 1-4chrd.dat
1 16 56.5 0 6.5 1.5 0 0 0 -1 0 0 0 1.5 1-4chrd.dat
1 16 0 -.25 0 0 0 58 0 .25 0 6.5 0 0 box3u12.dat
1 16 -56.5 0 -6.5 -1.5 0 0 0 -1 0 0 0 -1.5 1-4chrd.dat
1 16 56.5 0 -6.5 1.5 0 0 0 -1 0 0 0 -1.5 1-4chrd.dat
1 16 -56.5 0 6.5 -1.5 0 0 0 -.25 0 0 0 1.5 1-4cyli.dat
1 16 56.5 0 6.5 1.5 0 0 0 -.25 0 0 0 1.5 1-4cyli.dat
1 16 -56.5 0 -6.5 -1.5 0 0 0 -.25 0 0 0 -1.5 1-4cyli.dat
1 16 56.5 0 -6.5 1.5 0 0 0 -.25 0 0 0 -1.5 1-4cyli.dat
1 288 -56.5 -.25 6.5 -1.5 0 0 0 1 0 0 0 1.5 1-4chrd.dat
1 288 56.5 -.25 6.5 1.5 0 0 0 1 0 0 0 1.5 1-4chrd.dat
1 288 -56.5 -.25 -6.5 -1.5 0 0 0 1 0 0 0 -1.5 1-4chrd.dat
1 288 56.5 -.25 -6.5 1.5 0 0 0 1 0 0 0 -1.5 1-4chrd.dat
0 // Bottom face
4 16 -58 0 6.5 -56.5 0 8 56.5 0 8 58 0 6.5
4 16 -58 0 -6.5 58 0 -6.5 56.5 0 -8 -56.5 0 -8
0 // Lateral face
3 16 -56.5 0 8 -56.5 -.25 8 -20 -.25 8
4 16 -56.5 0 8 -20 -.25 8 20.5 -.25 8 56.5 0 8
3 16 56.5 0 8 20.5 -.25 8 56.5 -.25 8
3 16 -56.5 0 -8 -20 -.25 -8 -56.5 -.25 -8
4 16 -56.5 0 -8 56.5 0 -8 20.5 -.25 -8 -20 -.25 -8
3 16 56.5 0 -8 56.5 -.25 -8 20.5 -.25 -8
0 // Top face
0 // Green faces
4 288 -56.5 -.25 8 -58 -.25 6.5 -58 -.25 -6.5 -56.5 -.25 -8
4 288 20.5 -.25 8 20.5 -.25 -8 25.175 -.25 -4.86 25.175 -.25 0
3 288 20.5 -.25 8 25.175 -.25 0 25.175 -.25 4.86
3 288 20.5 -.25 8 25.175 -.25 4.86 38 -.25 4.86
4 288 20.5 -.25 8 38 -.25 4.86 50.825 -.25 4.86 56.5 -.25 8
4 288 56.5 -.25 -8 56.5 -.25 8 50.825 -.25 4.86 50.825 -.25 0
3 288 56.5 -.25 -8 50.825 -.25 0 50.825 -.25 -4.86
3 288 56.5 -.25 -8 50.825 -.25 -4.86 38 -.25 -4.86
4 288 56.5 -.25 -8 38 -.25 -4.86 25.175 -.25 -4.86 20.5 -.25 -8
4 288 56.5 -.25 8 56.5 -.25 -8 58 -.25 -6.5 58 -.25 6.5
0 // White faces
4 15 20.5 -.25 8 -20 -.25 8 -6.57 -.25 6.57 6.57 -.25 6.57
3 15 9.49 -.25 0 20.5 -.25 8 6.57 -.25 6.57
3 15 9.49 -.25 0 20.5 -.25 -8 20.5 -.25 8
3 15 9.49 -.25 0 6.57 -.25 -6.57 20.5 -.25 -8
4 15 20.5 -.25 -8 6.57 -.25 -6.57 -6.57 -.25 -6.57 -20 -.25 -8