0 ~Sticker  0.8 x  1.9 with Taillamp on Blue Background Right - Fourth Face
0 Name: s\6218812as04.dat
0 Author: Massimo Maso [Sirio]
0 !LDRAW_ORG Unofficial_Subpart
0 !LICENSE Licensed under CC BY 4.0 : see CAreadme.txt

0 BFC CERTIFY CCW

0 // Faces
0 // Black faces
3 0 -3.1345 -.25 .0128 -3.7298 -.25 .0128 -3.6 -.25 -.8572
4 0 -3.1345 -.25 .0128 -3.6 -.25 -.8572 -2.8591 -.25 -7.061 -2.626 -.25 -7.061
4 0 -2.633 -.25 .0128 -2.1245 -.25 -7.061 -1.523 -.25 -7.061 -2.0315 -.25 .0128
3 0 2.8844 -.25 .0128 2.2293 -.25 .0128 2.3282 -.25 -.2146
4 0 2.8844 -.25 .0128 2.3282 -.25 -.2146 2.3855 -.25 -.4559 2.9792 -.25 -.3696
3 0 4.7745 -.25 .0128 4.0398 -.25 .0128 4.0926 -.25 -.145
4 0 4.7745 -.25 .0128 4.0926 -.25 -.145 5.6932 -.25 -7.061 6.4117 -.25 -7.061
4 0 -5.5522 -.25 -1.7551 -5.6801 -.25 .0128 -6.4815 -.25 .0128 -6.3535 -.25 -1.7551
4 0 -5.5522 -.25 -1.7551 -6.3535 -.25 -1.7551 -6.2307 -.25 -3.5234 -5.4296 -.25 -3.5234
4 0 -5.3122 -.25 -5.292 -5.4296 -.25 -3.5234 -6.2307 -.25 -3.5234 -6.1132 -.25 -5.292
4 0 -5.3122 -.25 -5.292 -6.1132 -.25 -5.292 -6.0009 -.25 -7.061 -5.2001 -.25 -7.061
4 0 .5539 -.25 -6.1513 1.0461 -.25 -6.0631 -.0419 -.25 .0128 -.5499 -.25 .0128
4 0 .5539 -.25 -6.1513 .9917 -.25 -6.2676 1.0416 -.25 -6.1714 1.0461 -.25 -6.0631
4 0 .5539 -.25 -6.1513 .8 -.25 -6.3572 .9058 -.25 -6.3337 .9917 -.25 -6.2676
4 0 .5539 -.25 -6.1513 .5997 -.25 -6.2568 .688 -.25 -6.3307 .8 -.25 -6.3572
4 0 3.3452 -.25 -7.061 3.9515 -.25 -7.061 2.9792 -.25 -.3696 2.3855 -.25 -.4559
4 0 4.4833 -.25 -7.061 4.158 -.25 -3.6682 3.9932 -.25 -3.3056 3.8 -.25 -2.9572
4 0 4.4833 -.25 -7.061 4.3987 -.25 -4.427 4.2935 -.25 -4.0428 4.158 -.25 -3.6682
3 0 4.4833 -.25 -7.061 5.0083 -.25 -7.061 4.3987 -.25 -4.427
0 // Blue faces
4 272 -8 -.25 .0128 -6.2307 -.25 -3.5234 -6.3535 -.25 -1.7551 -6.4815 -.25 .0128
3 272 -8 -.25 .0128 -6.1132 -.25 -5.292 -6.2307 -.25 -3.5234
4 272 -8 -.25 .0128 -8 -.25 -7.061 -6.0009 -.25 -7.061 -6.1132 -.25 -5.292
4 272 4.7745 -.25 .0128 6.4117 -.25 -7.061 8 -.25 -7.061 8 -.25 .0128
0 // Red faces
4 4 -3.1345 -.25 .0128 -2.626 -.25 -7.061 -2.1245 -.25 -7.061 -2.633 -.25 .0128
4 4 4.0398 -.25 .0128 2.8844 -.25 .0128 2.9792 -.25 -.3696 3.8 -.25 -2.9572
3 4 4.0398 -.25 .0128 3.8 -.25 -2.9572 3.9932 -.25 -3.3056
3 4 4.0398 -.25 .0128 3.9932 -.25 -3.3056 4.158 -.25 -3.6682
3 4 4.0398 -.25 .0128 4.158 -.25 -3.6682 4.2935 -.25 -4.0428
4 4 4.0398 -.25 .0128 4.2935 -.25 -4.0428 4.3987 -.25 -4.427 4.0926 -.25 -.145
4 4 -5.5522 -.25 -1.7551 -3.6 -.25 -.8572 -3.7298 -.25 .0128 -5.6801 -.25 .0128
3 4 -5.5522 -.25 -1.7551 -5.4296 -.25 -3.5234 -3.6 -.25 -.8572
4 4 -5.3122 -.25 -5.292 -2.8591 -.25 -7.061 -3.6 -.25 -.8572 -5.4296 -.25 -3.5234
3 4 -5.3122 -.25 -5.292 -5.2001 -.25 -7.061 -2.8591 -.25 -7.061
4 4 4.4833 -.25 -7.061 3.8 -.25 -2.9572 2.9792 -.25 -.3696 3.9515 -.25 -7.061
4 4 5.0083 -.25 -7.061 5.6932 -.25 -7.061 4.0926 -.25 -.145 4.3987 -.25 -4.427
0 // White faces
3 15 2.3282 -.25 -.2146 2.2293 -.25 .0128 -.0419 -.25 .0128
4 15 2.3282 -.25 -.2146 -.0419 -.25 .0128 1.0461 -.25 -6.0631 2.3855 -.25 -.4559
4 15 -1.523 -.25 -7.061 .5539 -.25 -6.1513 -.5499 -.25 .0128 -2.0315 -.25 .0128
3 15 -1.523 -.25 -7.061 .5997 -.25 -6.2568 .5539 -.25 -6.1513
3 15 -1.523 -.25 -7.061 .688 -.25 -6.3307 .5997 -.25 -6.2568
4 15 -1.523 -.25 -7.061 3.3452 -.25 -7.061 .8 -.25 -6.3572 .688 -.25 -6.3307
4 15 3.3452 -.25 -7.061 2.3855 -.25 -.4559 1.0461 -.25 -6.0631 1.0416 -.25 -6.1714
3 15 3.3452 -.25 -7.061 1.0416 -.25 -6.1714 .9917 -.25 -6.2676
3 15 3.3452 -.25 -7.061 .9917 -.25 -6.2676 .9058 -.25 -6.3337
3 15 3.3452 -.25 -7.061 .9058 -.25 -6.3337 .8 -.25 -6.3572
