0 ~Sticker  0.8 x  1.9 with Taillamp on Blue Background Right - Fifth Face
0 Name: s\6218812as05.dat
0 Author: Massimo Maso [Sirio]
0 !LDRAW_ORG Unofficial_Subpart
0 !LICENSE Licensed under CC BY 4.0 : see CAreadme.txt

0 BFC CERTIFY CCW

0 // Primitives
1 0 -2.676 -.25 6.1522 .1 0 0 0 1 0 0 0 -.1 2-4chrd.dat
1 4 -2.676 -.25 6.1522 .1 0 0 0 1 0 0 0 -.1 2-4ndis.dat
1 4 -2.4802 -.25 3.4522 .1 0 0 0 1 0 0 0 .1 2-4ndis.dat
1 0 -2.4802 -.25 3.4522 .1 0 0 0 1 0 0 0 .1 2-4chrd.dat
0 // Faces
0 // Black faces
4 0 -2.8591 -.25 6.8484 -2.776 -.25 6.1522 -2.576 -.25 6.1522 -2.626 -.25 6.8484
4 0 -5.0963 -.25 5.1331 -5.2001 -.25 6.8484 -6.0009 -.25 6.8484 -5.897 -.25 5.1331
4 0 -5.0963 -.25 5.1331 -5.897 -.25 5.1331 -5.798 -.25 3.4175 -4.9975 -.25 3.4175
3 0 -1.3651 -.25 4.6522 -1.523 -.25 6.8484 -2.1245 -.25 6.8484
4 0 -1.3651 -.25 4.6522 -2.1245 -.25 6.8484 -1.6312 -.25 -.0144 -1.3076 -.25 3.8522
4 0 -1.3651 -.25 4.6522 -1.3076 -.25 3.8522 -.3451 -.25 3.3688 -.4265 -.25 4.2279
4 0 .5008 -.25 3.7796 -.4265 -.25 4.2279 -.3451 -.25 3.3688 .5995 -.25 2.8512
4 0 .5008 -.25 3.7796 .5995 -.25 2.8512 1.5248 -.25 2.2999 1.4163 -.25 3.3075
4 0 2.3194 -.25 2.8121 1.4163 -.25 3.3075 1.5248 -.25 2.2999 2.4298 -.25 1.7159
4 0 2.3194 -.25 2.8121 2.4298 -.25 1.7159 3.3132 -.25 1.0997 3.2094 -.25 2.2935
4 0 4.0857 -.25 1.7522 4.7217 -.25 1.5477 3.9515 -.25 6.8484 3.3452 -.25 6.8484
4 0 4.0857 -.25 1.7522 3.2094 -.25 2.2935 3.3132 -.25 1.0997 4.1739 -.25 .4522
4 0 4.0857 -.25 1.7522 4.1739 -.25 .4522 4.78 -.25 .7668 4.7217 -.25 1.5477
4 0 -4.9035 -.25 1.7017 -4.9975 -.25 3.4175 -5.798 -.25 3.4175 -5.7039 -.25 1.7017
4 0 -4.9035 -.25 1.7017 -5.7039 -.25 1.7017 -5.6148 -.25 -.0144 -4.8145 -.25 -.0144
4 0 -2.1312 -.25 -.0144 -2.3805 -.25 3.4522 -2.5805 -.25 3.4522 -2.8466 -.25 -.0144
3 0 -1.6312 -.25 -.0144 -1.0296 -.25 -.0144 -1.3076 -.25 3.8522
4 0 6.5966 -.25 -.0144 5.0083 -.25 6.8484 4.4833 -.25 6.8484 5.5525 -.25 .427
4 0 4.124 -.25 -.0144 4.7258 -.25 -.0144 4.78 -.25 .7668 4.1739 -.25 .4522
3 0 6.5966 -.25 -.0144 5.5525 -.25 .427 5.5975 -.25 -.0144
4 0 8 -.25 -.0144 6.4117 -.25 6.8484 5.6932 -.25 6.8484 7.2815 -.25 -.0144
0 // Blue faces
4 272 -8 -.25 6.8484 -5.798 -.25 3.4175 -5.897 -.25 5.1331 -6.0009 -.25 6.8484
3 272 -8 -.25 6.8484 -5.7039 -.25 1.7017 -5.798 -.25 3.4175
4 272 -8 -.25 6.8484 -8 -.25 -.0144 -5.6148 -.25 -.0144 -5.7039 -.25 1.7017
3 272 8 -.25 -.0144 8 -.25 6.8484 6.4117 -.25 6.8484
0 // Red faces
3 4 -2.1245 -.25 6.8484 -2.626 -.25 6.8484 -2.576 -.25 6.1522
3 4 -2.1245 -.25 6.8484 -2.576 -.25 6.1522 -2.576 -.25 6.0522
4 4 -2.1245 -.25 6.8484 -2.576 -.25 6.0522 -2.5802 -.25 3.5522 -2.4802 -.25 3.5522
3 4 -2.1245 -.25 6.8484 -2.4802 -.25 3.5522 -2.3802 -.25 3.5522
4 4 -2.1245 -.25 6.8484 -2.3802 -.25 3.5522 -2.3805 -.25 3.4522 -2.1312 -.25 -.0144
3 4 -2.1245 -.25 6.8484 -2.1312 -.25 -.0144 -1.6312 -.25 -.0144
4 4 -2.576 -.25 6.0522 -2.676 -.25 6.0522 -4.9975 -.25 3.4175 -2.5802 -.25 3.5522
4 4 -5.0963 -.25 5.1331 -2.776 -.25 6.1522 -2.8591 -.25 6.8484 -5.2001 -.25 6.8484
3 4 -5.0963 -.25 5.1331 -2.776 -.25 6.0522 -2.776 -.25 6.1522
4 4 -5.0963 -.25 5.1331 -4.9975 -.25 3.4175 -2.676 -.25 6.0522 -2.776 -.25 6.0522
4 4 -4.9035 -.25 1.7017 -2.5805 -.25 3.4522 -2.5802 -.25 3.5522 -4.9975 -.25 3.4175
4 4 -4.9035 -.25 1.7017 -4.8145 -.25 -.0144 -2.8466 -.25 -.0144 -2.5805 -.25 3.4522
4 4 5.5525 -.25 .427 4.4833 -.25 6.8484 3.9515 -.25 6.8484 4.7217 -.25 1.5477
3 4 5.5525 -.25 .427 4.7217 -.25 1.5477 4.78 -.25 .7668
4 4 5.5525 -.25 .427 4.78 -.25 .7668 4.7258 -.25 -.0144 5.5975 -.25 -.0144
4 4 6.5966 -.25 -.0144 7.2815 -.25 -.0144 5.6932 -.25 6.8484 5.0083 -.25 6.8484
0 // White faces
4 15 3.3452 -.25 6.8484 -1.523 -.25 6.8484 -1.3651 -.25 4.6522 -.4265 -.25 4.2279
3 15 3.3452 -.25 6.8484 -.4265 -.25 4.2279 .5008 -.25 3.7796
3 15 3.3452 -.25 6.8484 .5008 -.25 3.7796 1.4163 -.25 3.3075
3 15 3.3452 -.25 6.8484 1.4163 -.25 3.3075 2.3194 -.25 2.8121
3 15 3.3452 -.25 6.8484 2.3194 -.25 2.8121 3.2094 -.25 2.2935
3 15 3.3452 -.25 6.8484 3.2094 -.25 2.2935 4.0857 -.25 1.7522
4 15 -1.0296 -.25 -.0144 .5995 -.25 2.8512 -.3451 -.25 3.3688 -1.3076 -.25 3.8522
4 15 -1.0296 -.25 -.0144 2.4298 -.25 1.7159 1.5248 -.25 2.2999 .5995 -.25 2.8512
3 15 -1.0296 -.25 -.0144 3.3132 -.25 1.0997 2.4298 -.25 1.7159
4 15 -1.0296 -.25 -.0144 4.124 -.25 -.0144 4.1739 -.25 .4522 3.3132 -.25 1.0997
