0 ~Sticker  0.8 x  1.9 with Taillamp on Blue Background Right - Third Face
0 Name: s\6218812as03.dat
0 Author: Massimo Maso [Sirio]
0 !LDRAW_ORG Unofficial_Subpart
0 !LICENSE Licensed under CC BY 4.0 : see CAreadme.txt

0 BFC CERTIFY CCW

0 // Faces
0 // Black faces
4 0 -5.9159 -.25 7.2284 -6.6825 -.25 7.2284 -7 -.25 6.5172 -6.2035 -.25 6.5841
4 0 -3.6549 -.25 7.2284 -5.1939 -.25 7.2284 -5.5404 -.25 6.5664 -5.6283 -.25 6.3595
4 0 -3.6549 -.25 7.2284 -5.6283 -.25 6.3595 -5.682 -.25 6.1412 -5.7 -.25 5.9172
4 0 -3.6549 -.25 7.2284 -5.7 -.25 5.9172 -5.6879 -.25 5.7338 -5.6519 -.25 5.5535
4 0 -3.6549 -.25 7.2284 -5.6519 -.25 5.5535 -5.5926 -.25 5.3795 -4.645 -.25 3.1015
3 0 -3.6549 -.25 7.2284 -4.645 -.25 3.1015 -4.4082 -.25 2.4957
3 0 -3.6549 -.25 7.2284 -4.4082 -.25 2.4957 -4.198 -.25 1.8802
3 0 -3.6549 -.25 7.2284 -4.198 -.25 1.8802 -4.0146 -.25 1.2562
3 0 -3.6549 -.25 7.2284 -4.0146 -.25 1.2562 -3.8584 -.25 .6248
4 0 -3.6549 -.25 7.2284 -3.8584 -.25 .6248 -3.7298 -.25 -.0128 -3.1345 -.25 -.0128
4 0 -2.633 -.25 -.0128 -2.0315 -.25 -.0128 -2.552 -.25 7.2284 -3.1536 -.25 7.2284
3 0 -1.8465 -.25 7.2284 -.5845 -.25 3.0172 -1.3386 -.25 7.2284
4 0 -1.8465 -.25 7.2284 -.5499 -.25 -.0128 -.4289 -.25 2.1484 -.5845 -.25 3.0172
4 0 -6.0659 -.25 4.9354 -6.2035 -.25 6.5841 -7 -.25 6.5172 -6.8637 -.25 4.8852
4 0 -6.0659 -.25 4.9354 -6.8637 -.25 4.8852 -6.7318 -.25 3.2529 -5.9327 -.25 3.2864
4 0 .0715 -.25 3.8923 .7 -.25 4.3172 .1134 -.25 7.2284 -.6007 -.25 7.2284
4 0 .0715 -.25 3.8923 2.2621 -.25 2.455 2.6461 -.25 3.0403 .7 -.25 4.3172
4 0 2.9008 -.25 1.9428 3.3887 -.25 2.4447 2.6461 -.25 3.0403 2.2621 -.25 2.455
4 0 2.9008 -.25 1.9428 3.4308 -.25 1.3189 4.005 -.25 1.7192 3.3887 -.25 2.4447
4 0 -5.8041 -.25 1.637 -5.9327 -.25 3.2864 -6.7318 -.25 3.2529 -6.6045 -.25 1.6202
4 0 -5.8041 -.25 1.637 -6.6045 -.25 1.6202 -6.4815 -.25 -.0128 -5.6801 -.25 -.0128
4 0 3.8329 -.25 .6058 4.4726 -.25 .89 4.005 -.25 1.7192 3.4308 -.25 1.3189
4 0 3.8329 -.25 .6058 4.0398 -.25 -.0128 4.7745 -.25 -.0128 4.4726 -.25 .89
4 0 1.843 -.25 .435 2.2043 -.25 .914 -.5845 -.25 3.0172 -.4289 -.25 2.1484
4 0 1.843 -.25 .435 2.06 -.25 .2317 2.49 -.25 .6514 2.2043 -.25 .914
3 0 -.0419 -.25 -.0128 -.4289 -.25 2.1484 -.5499 -.25 -.0128
4 0 2.2293 -.25 -.0128 2.7196 -.25 .3385 2.49 -.25 .6514 2.06 -.25 .2317
3 0 2.2293 -.25 -.0128 2.8844 -.25 -.0128 2.7196 -.25 .3385
0 // Blue faces
3 272 -8 -.25 7.2284 -7 -.25 6.5172 -6.6825 -.25 7.2284
4 272 -8 -.25 7.2284 -6.7318 -.25 3.2529 -6.8637 -.25 4.8852 -7 -.25 6.5172
3 272 -8 -.25 7.2284 -6.6045 -.25 1.6202 -6.7318 -.25 3.2529
4 272 -8 -.25 7.2284 -8 -.25 -.0128 -6.4815 -.25 -.0128 -6.6045 -.25 1.6202
4 272 8 -.25 7.2284 .1134 -.25 7.2284 .7 -.25 4.3172 2.6461 -.25 3.0403
3 272 8 -.25 7.2284 2.6461 -.25 3.0403 3.3887 -.25 2.4447
3 272 8 -.25 7.2284 3.3887 -.25 2.4447 4.005 -.25 1.7192
3 272 8 -.25 7.2284 4.005 -.25 1.7192 4.4726 -.25 .89
4 272 8 -.25 7.2284 4.4726 -.25 .89 4.7745 -.25 -.0128 8 -.25 -.0128
0 // Red faces
4 4 -5.9159 -.25 7.2284 -6.2035 -.25 6.5841 -5.682 -.25 6.1412 -5.6283 -.25 6.3595
3 4 -5.9159 -.25 7.2284 -5.6283 -.25 6.3595 -5.5404 -.25 6.5664
3 4 -5.9159 -.25 7.2284 -5.5404 -.25 6.5664 -5.1939 -.25 7.2284
4 4 -3.6549 -.25 7.2284 -3.1345 -.25 -.0128 -2.633 -.25 -.0128 -3.1536 -.25 7.2284
4 4 -6.0659 -.25 4.9354 -5.7 -.25 5.9172 -5.682 -.25 6.1412 -6.2035 -.25 6.5841
3 4 -6.0659 -.25 4.9354 -5.6879 -.25 5.7338 -5.7 -.25 5.9172
3 4 -6.0659 -.25 4.9354 -5.6519 -.25 5.5535 -5.6879 -.25 5.7338
3 4 -6.0659 -.25 4.9354 -5.5926 -.25 5.3795 -5.6519 -.25 5.5535
3 4 -6.0659 -.25 4.9354 -4.645 -.25 3.1015 -5.5926 -.25 5.3795
4 4 -6.0659 -.25 4.9354 -5.9327 -.25 3.2864 -4.4082 -.25 2.4957 -4.645 -.25 3.1015
4 4 -5.8041 -.25 1.637 -4.198 -.25 1.8802 -4.4082 -.25 2.4957 -5.9327 -.25 3.2864
4 4 -5.8041 -.25 1.637 -3.8584 -.25 .6248 -4.0146 -.25 1.2562 -4.198 -.25 1.8802
4 4 -5.8041 -.25 1.637 -5.6801 -.25 -.0128 -3.7298 -.25 -.0128 -3.8584 -.25 .6248
4 4 .0715 -.25 3.8923 -.6007 -.25 7.2284 -1.3386 -.25 7.2284 -.5845 -.25 3.0172
4 4 .0715 -.25 3.8923 -.5845 -.25 3.0172 2.2043 -.25 .914 2.2621 -.25 2.455
4 4 2.49 -.25 .6514 2.9008 -.25 1.9428 2.2621 -.25 2.455 2.2043 -.25 .914
4 4 2.49 -.25 .6514 2.7196 -.25 .3385 3.4308 -.25 1.3189 2.9008 -.25 1.9428
4 4 2.8844 -.25 -.0128 3.8329 -.25 .6058 3.4308 -.25 1.3189 2.7196 -.25 .3385
3 4 2.8844 -.25 -.0128 4.0398 -.25 -.0128 3.8329 -.25 .6058
0 // White faces
4 15 -2.552 -.25 7.2284 -2.0315 -.25 -.0128 -.5499 -.25 -.0128 -1.8465 -.25 7.2284
4 15 -.0419 -.25 -.0128 2.06 -.25 .2317 1.843 -.25 .435 -.4289 -.25 2.1484
3 15 -.0419 -.25 -.0128 2.2293 -.25 -.0128 2.06 -.25 .2317
