0 ~Sticker  0.8 x  1.6 with Headlamp on White Background Right - First Face
0 Name: s\6218812ahs01.dat
0 Author: Massimo Maso [Sirio]
0 !LDRAW_ORG Unofficial_Subpart
0 !LICENSE Licensed under CC BY 4.0 : see CAreadme.txt

0 BFC CERTIFY CCW

0 // Primitives
1 0 -6.5 -.25 3.8922 -1.5 0 0 0 1 0 0 0 1.5 1-4chrd.dat
1 15 6.5 -.25 3.8922 1.5 0 0 0 1 0 0 0 1.5 1-4chrd.dat
0 // Faces
0 // Black faces
4 0 -1.1 -.25 5.3922 -6.5 -.25 5.3922 -8 -.25 3.8922 -4.95 -.25 2.6247
3 0 -1.1 -.25 5.3922 -4.95 -.25 2.6247 -4.6965 -.25 2.1136
3 0 -1.1 -.25 5.3922 -4.6965 -.25 2.1136 -4.4616 -.25 1.5937
3 0 -1.1 -.25 5.3922 -4.4616 -.25 1.5937 -4.2456 -.25 1.0656
4 0 -1.9 -.25 .7247 -1.1 -.25 5.3922 -4.2456 -.25 1.0656 -4.0488 -.25 .5301
4 0 -1.9 -.25 .7247 -4.0488 -.25 .5301 -3.8714 -.25 -.0121 -2.8924 -.25 -.0121
4 0 .3 -.25 .7247 .0775 -.25 4.624 -1.1 -.25 5.3922 -1.9 -.25 .7247
4 0 .3 -.25 .7247 2.0536 -.25 2.6334 1.1357 -.25 3.6983 .0775 -.25 4.624
4 0 .3 -.25 .7247 3.0848 -.25 .9156 2.6123 -.25 1.8004 2.0536 -.25 2.6334
4 0 .3 -.25 .7247 .5149 -.25 -.0121 3.4663 -.25 -.0121 3.0848 -.25 .9156
4 0 -4.95 -.25 -.0121 -4.95 -.25 2.6247 -8 -.25 3.8922 -8 -.25 -.0121
0 // Grey face (actually halftone of black and white)
4 71 -2.8924 -.25 -.0121 .5149 -.25 -.0121 .3 -.25 .7247 -1.9 -.25 .7247
0 // White faces
3 15 6.5 -.25 5.3922 -1.1 -.25 5.3922 .0775 -.25 4.624
3 15 6.5 -.25 5.3922 .0775 -.25 4.624 1.1357 -.25 3.6983
3 15 6.5 -.25 5.3922 1.1357 -.25 3.6983 2.0536 -.25 2.6334
3 15 6.5 -.25 5.3922 2.0536 -.25 2.6334 2.6123 -.25 1.8004
4 15 8 -.25 3.8922 6.5 -.25 5.3922 2.6123 -.25 1.8004 3.0848 -.25 .9156
4 15 8 -.25 3.8922 3.0848 -.25 .9156 3.4663 -.25 -.0121 8 -.25 -.0121
4 15 -4.95 -.25 -.0121 -4.4616 -.25 1.5937 -4.6965 -.25 2.1136 -4.95 -.25 2.6247
3 15 -4.95 -.25 -.0121 -4.2456 -.25 1.0656 -4.4616 -.25 1.5937
4 15 -4.95 -.25 -.0121 -3.8714 -.25 -.0121 -4.0488 -.25 .5301 -4.2456 -.25 1.0656
