0 ~Sticker  0.8 x  1.6 with Headlamp on White Background Right -  Third Face
0 Name: s\6218812ahs03.dat
0 Author: Massimo Maso [Sirio]
0 !LDRAW_ORG Unofficial_Subpart
0 !LICENSE Licensed under CC BY 4.0 : see CAreadme.txt

0 BFC CERTIFY CCW

0 // Primitives
1 0 -6.5 -.25 3.171 -1.5 0 0 0 1 0 0 0 -1.5 1-8chrd.dat
0 // Faces
0 // Black faces
4 0 -8 -.25 7.2284 -6.2535 -.25 2.7353 -4.35 -.25 4.5277 -4.35 -.25 7.2284
3 0 -8 -.25 7.2284 -6.5448 -.25 2.4611 -6.2535 -.25 2.7353
3 0 -8 -.25 7.2284 -7.2497 -.25 1.7973 -6.5448 -.25 2.4611
4 0 -8 -.25 7.2284 -8 -.25 3.171 -7.56065 -.25 2.11035 -7.2497 -.25 1.7973
4 0 5.0983 -.25 7.2284 -1.1693 -.25 7.2522 .9441 -.25 6.8825 1.2934 -.25 6.8696
3 0 5.0983 -.25 7.2284 1.2934 -.25 6.8696 1.632 -.25 6.7828
3 0 5.0983 -.25 7.2284 1.632 -.25 6.7828 1.9445 -.25 6.6261
3 0 5.0983 -.25 7.2284 1.9445 -.25 6.6261 2.2165 -.25 6.4065
3 0 5.0983 -.25 7.2284 2.2165 -.25 6.4065 2.4356 -.25 6.1342
4 0 5.0983 -.25 7.2284 2.4356 -.25 6.1342 2.8946 -.25 5.3823 5.4476 -.25 5.4217
4 0 -1.1678 -.25 7.2284 .6 -.25 6.8208 .9441 -.25 6.8825 -1.1693 -.25 7.2522
3 0 -1.1678 -.25 7.2284 -1.1106 -.25 6.3208 .6 -.25 6.8208
4 0 -2.1673 -.25 7.1894 -2.1594 -.25 7.2284 -2.9714 -.25 7.2284 -2.9 -.25 6.0957
4 0 -2.1673 -.25 7.1894 -2.9 -.25 6.0957 -2.8339 -.25 5.8994 -2.1016 -.25 6.1459
4 0 -2.1425 -.25 5.943 -2.1016 -.25 6.1459 -2.8339 -.25 5.8994 -2.6786 -.25 5.7625
4 0 -2.1425 -.25 5.943 -2.6786 -.25 5.7625 -2.4756 -.25 5.7216 -2.2794 -.25 5.7876
3 0 5.4476 -.25 5.4217 2.8946 -.25 5.3823 3.3195 -.25 4.6107
4 0 5.4476 -.25 5.4217 3.3195 -.25 4.6107 3.7094 -.25 3.8208 5.7839 -.25 3.6125
4 0 6.1075 -.25 1.801 5.7839 -.25 3.6125 3.7094 -.25 3.8208 4.1146 -.25 2.8894
3 0 6.1075 -.25 1.801 4.1146 -.25 2.8894 4.4711 -.25 1.9383
3 0 6.1075 -.25 1.801 4.4711 -.25 1.9383 4.778 -.25 .97
4 0 6.1075 -.25 1.801 4.778 -.25 .97 5.0345 -.25 -.0128 6.4182 -.25 -.0128
0 // Dark grey faces
4 72 3.7094 -.25 3.8208 3.3195 -.25 4.6107 2.8946 -.25 5.3823 .1344 -.25 2.9363
4 72 3.7094 -.25 3.8208 .1344 -.25 2.9363 -1.0037 -.25 2.41 .55 -.25 1.8064
4 72 3.7094 -.25 3.8208 .55 -.25 1.8064 4.4711 -.25 1.9383 4.1146 -.25 2.8894
4 72 -1.2422 -.25 2.2111 -.5 -.25 1.3208 .55 -.25 1.8064 -1.0037 -.25 2.41
4 72 -1.2422 -.25 2.2111 -1.3494 -.25 1.9196 -.806 -.25 1.2678 -.5 -.25 1.3208
4 72 -1.2964 -.25 1.6135 -1.0975 -.25 1.375 -.806 -.25 1.2678 -1.3494 -.25 1.9196
4 72 4.778 -.25 .97 4.4711 -.25 1.9383 .55 -.25 1.8064 1.0965 -.25 .3208
4 72 4.778 -.25 .97 1.0965 -.25 .3208 .9787 -.25 -.0128 5.0345 -.25 -.0128
4 72 -3.0108 -.25 1.7529 -2.1687 -.25 1.2324 -2.3404 -.25 1.5515 -2.6486 -.25 1.742
4 72 -3.0108 -.25 1.7529 -3.3299 -.25 1.5812 -2.1796 -.25 .8702 -2.1687 -.25 1.2324
4 72 -4.3035 -.25 .6644 -2.3701 -.25 .562 -2.1796 -.25 .8702 -3.3299 -.25 1.5812
4 72 -4.3035 -.25 .6644 -4.5948 -.25 .3902 -2.9805 -.25 -.0128 -2.3701 -.25 .562
4 72 -4.3035 -.25 .6644 -6.2535 -.25 2.7353 -6.5448 -.25 2.4611 -4.5948 -.25 .3902
3 72 -5.0228 -.25 -.0128 -2.9805 -.25 -.0128 -4.5948 -.25 .3902
0 // Grey faces (actually halftone of black and white)
4 71 .1344 -.25 2.9363 2.8946 -.25 5.3823 2.4356 -.25 6.1342 2.2165 -.25 6.4065
4 71 .1344 -.25 2.9363 2.2165 -.25 6.4065 1.9445 -.25 6.6261 1.632 -.25 6.7828
4 71 .1344 -.25 2.9363 1.632 -.25 6.7828 1.2934 -.25 6.8696 .9441 -.25 6.8825
4 71 .1344 -.25 2.9363 .9441 -.25 6.8825 .6 -.25 6.8208 -1.1106 -.25 6.3208
3 71 -4.35 -.25 4.5277 -3.0108 -.25 1.7529 -2.6486 -.25 1.742
4 71 -4.35 -.25 4.5277 -6.2535 -.25 2.7353 -3.3299 -.25 1.5812 -3.0108 -.25 1.7529
3 71 -6.2535 -.25 2.7353 -4.3035 -.25 .6644 -3.3299 -.25 1.5812
4 71 -5.4515 -.25 -.0128 -4.5948 -.25 .3902 -6.5448 -.25 2.4611 -7.2497 -.25 1.7973
3 71 -5.4515 -.25 -.0128 -5.0228 -.25 -.0128 -4.5948 -.25 .3902
3 71 -1.2086 -.25 -.0128 -2.1687 -.25 1.2324 -2.1796 -.25 .8702
3 71 -1.2086 -.25 -.0128 -2.1796 -.25 .8702 -2.3701 -.25 .562
3 71 -1.2086 -.25 -.0128 -2.3701 -.25 .562 -2.9805 -.25 -.0128
0 // White faces
3 15 8 -.25 7.2284 5.0983 -.25 7.2284 5.4476 -.25 5.4217
3 15 8 -.25 7.2284 5.4476 -.25 5.4217 5.7839 -.25 3.6125
3 15 8 -.25 7.2284 5.7839 -.25 3.6125 6.1075 -.25 1.801
4 15 8 -.25 7.2284 6.1075 -.25 1.801 6.4182 -.25 -.0128 8 -.25 -.0128
4 15 -1.1678 -.25 7.2284 -1.1693 -.25 7.2522 -2.1594 -.25 7.2284 -2.1673 -.25 7.1894
4 15 -1.1678 -.25 7.2284 -2.1673 -.25 7.1894 -2.1016 -.25 6.1459 -1.1106 -.25 6.3208
4 15 -4.35 -.25 4.5277 -2.9 -.25 6.0957 -2.9714 -.25 7.2284 -4.35 -.25 7.2284
3 15 -4.35 -.25 4.5277 -2.8339 -.25 5.8994 -2.9 -.25 6.0957
3 15 -4.35 -.25 4.5277 -2.6786 -.25 5.7625 -2.8339 -.25 5.8994
4 15 -4.35 -.25 4.5277 -1.2422 -.25 2.2111 -2.4756 -.25 5.7216 -2.6786 -.25 5.7625
4 15 -4.35 -.25 4.5277 -2.6486 -.25 1.742 -1.3494 -.25 1.9196 -1.2422 -.25 2.2111
4 15 .1344 -.25 2.9363 -1.1106 -.25 6.3208 -2.1016 -.25 6.1459 -2.1425 -.25 5.943
4 15 .1344 -.25 2.9363 -2.1425 -.25 5.943 -2.2794 -.25 5.7876 -1.0037 -.25 2.41
4 15 -1.2422 -.25 2.2111 -1.0037 -.25 2.41 -2.2794 -.25 5.7876 -2.4756 -.25 5.7216
4 15 -2.3404 -.25 1.5515 -1.2964 -.25 1.6135 -1.3494 -.25 1.9196 -2.6486 -.25 1.742
4 15 -2.3404 -.25 1.5515 -2.1687 -.25 1.2324 -1.0975 -.25 1.375 -1.2964 -.25 1.6135
4 15 -1.2086 -.25 -.0128 -.806 -.25 1.2678 -1.0975 -.25 1.375 -2.1687 -.25 1.2324
4 15 -1.2086 -.25 -.0128 .9787 -.25 -.0128 -.5 -.25 1.3208 -.806 -.25 1.2678
4 15 .9787 -.25 -.0128 1.0965 -.25 .3208 .55 -.25 1.8064 -.5 -.25 1.3208
