0 ~Sticker  0.8 x  1.6 with Headlamp on White Background Right -  Fourth Face
0 Name: s\6218812ahs04.dat
0 Author: Massimo Maso [Sirio]
0 !LDRAW_ORG Unofficial_Subpart
0 !LICENSE Licensed under CC BY 4.0 : see CAreadme.txt

0 BFC CERTIFY CCW

0 // Faces
0 // Black faces
4 0 6.7079 -.25 -1.7528 6.4182 -.25 .0128 5.0345 -.25 .0128 5.2695 -.25 -1.1504
3 0 6.7079 -.25 -1.7528 5.2695 -.25 -1.1504 5.4338 -.25 -2.3256
4 0 6.7079 -.25 -1.7528 5.4338 -.25 -2.3256 5.527 -.25 -3.5085 6.9854 -.25 -3.5204
4 0 7.2508 -.25 -5.2898 6.9854 -.25 -3.5204 5.527 -.25 -3.5085 5.5486 -.25 -4.695
3 0 7.2508 -.25 -5.2898 5.5486 -.25 -4.695 5.4986 -.25 -5.8806
4 0 7.2508 -.25 -5.2898 5.4986 -.25 -5.8806 5.3772 -.25 -7.061 7.5039 -.25 -7.061
0 // Dark grey faces
4 72 -5.25 -.25 -.2012 -3.3438 -.25 -.3293 -2.9805 -.25 .0128 -5.0228 -.25 .0128
3 72 -5.25 -.25 -.2012 -3.635 -.25 -.6035 -3.3438 -.25 -.3293
3 72 -5.25 -.25 -.2012 -4.2903 -.25 -1.2205 -3.635 -.25 -.6035
4 72 1.25 -.25 -3.2536 1.226 -.25 -2.9439 1.0505 -.25 -2.6877 .7703 -.25 -2.5537
4 72 1.25 -.25 -3.2536 .7703 -.25 -2.5537 .4607 -.25 -2.5776 .2045 -.25 -2.7532
4 72 1.25 -.25 -3.2536 .2045 -.25 -2.7532 .0704 -.25 -3.0333 -.0732 -.25 -3.8026
4 72 -.1642 -.25 -4.2895 -.0732 -.25 -3.8026 -3.3438 -.25 -.3293 -3.635 -.25 -.6035
4 72 -.1642 -.25 -4.2895 .65 -.25 -6.467 1.25 -.25 -3.2536 -.0732 -.25 -3.8026
3 72 -.1642 -.25 -4.2895 -.3687 -.25 -5.3851 .65 -.25 -6.467
4 72 5.2695 -.25 -1.1504 5.0345 -.25 .0128 .9787 -.25 .0128 .9092 -.25 -.3782
4 72 5.2695 -.25 -1.1504 .9092 -.25 -.3782 .908 -.25 -.7752 .9752 -.25 -1.1666
4 72 5.2695 -.25 -1.1504 .9752 -.25 -1.1666 1.1088 -.25 -1.5405 1.3047 -.25 -1.8859
4 72 5.2695 -.25 -1.1504 1.3047 -.25 -1.8859 1.5571 -.25 -2.1924 1.8586 -.25 -2.4509
4 72 5.2695 -.25 -1.1504 1.8586 -.25 -2.4509 2.2 -.25 -2.6536 5.4338 -.25 -2.3256
4 72 5.527 -.25 -3.5085 5.4338 -.25 -2.3256 2.2 -.25 -2.6536 2.5701 -.25 -3.7343
4 72 5.527 -.25 -3.5085 2.5701 -.25 -3.7343 2.891 -.25 -4.8306 5.5486 -.25 -4.695
4 72 5.4986 -.25 -5.8806 5.5486 -.25 -4.695 2.891 -.25 -4.8306 3.1621 -.25 -5.9402
4 72 5.4986 -.25 -5.8806 3.1621 -.25 -5.9402 3.3829 -.25 -7.061 5.3772 -.25 -7.061
0 // Grey faces (actually halftone of black and white)
3 71 -5.25 -.25 -.2012 -5.0228 -.25 .0128 -5.4515 -.25 .0128
3 71 -1.2086 -.25 .0128 .4607 -.25 -2.5776 .7703 -.25 -2.5537
3 71 -1.2086 -.25 .0128 .2045 -.25 -2.7532 .4607 -.25 -2.5776
3 71 -1.2086 -.25 .0128 .0704 -.25 -3.0333 .2045 -.25 -2.7532
3 71 -1.2086 -.25 .0128 -.0732 -.25 -3.8026 .0704 -.25 -3.0333
4 71 -1.2086 -.25 .0128 -2.9805 -.25 .0128 -3.3438 -.25 -.3293 -.0732 -.25 -3.8026
4 71 -4.2903 -.25 -1.2205 -.3687 -.25 -5.3851 -.1642 -.25 -4.2895 -3.635 -.25 -.6035
4 71 .65 -.25 -6.467 3.1621 -.25 -5.9402 2.891 -.25 -4.8306 1.25 -.25 -3.2536
4 71 .65 -.25 -6.467 1.2093 -.25 -7.061 3.3829 -.25 -7.061 3.1621 -.25 -5.9402
0 // White faces
3 15 -1.2086 -.25 .0128 .9092 -.25 -.3782 .9787 -.25 .0128
3 15 -1.2086 -.25 .0128 .908 -.25 -.7752 .9092 -.25 -.3782
3 15 -1.2086 -.25 .0128 .9752 -.25 -1.1666 .908 -.25 -.7752
4 15 -1.2086 -.25 .0128 .7703 -.25 -2.5537 1.1088 -.25 -1.5405 .9752 -.25 -1.1666
3 15 8 -.25 .0128 6.4182 -.25 .0128 6.7079 -.25 -1.7528
3 15 8 -.25 .0128 6.7079 -.25 -1.7528 6.9854 -.25 -3.5204
3 15 8 -.25 .0128 6.9854 -.25 -3.5204 7.2508 -.25 -5.2898
4 15 8 -.25 .0128 7.2508 -.25 -5.2898 7.5039 -.25 -7.061 8 -.25 -7.061
4 15 1.0505 -.25 -2.6877 1.3047 -.25 -1.8859 1.1088 -.25 -1.5405 .7703 -.25 -2.5537
4 15 1.0505 -.25 -2.6877 1.226 -.25 -2.9439 1.5571 -.25 -2.1924 1.3047 -.25 -1.8859
4 15 1.25 -.25 -3.2536 1.8586 -.25 -2.4509 1.5571 -.25 -2.1924 1.226 -.25 -2.9439
3 15 1.25 -.25 -3.2536 2.2 -.25 -2.6536 1.8586 -.25 -2.4509
4 15 1.25 -.25 -3.2536 2.891 -.25 -4.8306 2.5701 -.25 -3.7343 2.2 -.25 -2.6536
