0 ~Sticker  0.8 x  1.6 with Headlamp on White Background Right -  Second Face
0 Name: s\6218812ahs02.dat
0 Author: Massimo Maso [Sirio]
0 !LDRAW_ORG Unofficial_Subpart
0 !LICENSE Licensed under CC BY 4.0 : see CAreadme.txt

0 BFC CERTIFY CCW

0 // Faces
0 // Black faces
4 0 -8 -.25 .0121 -8 -.25 -7.3435 -5.9746 -.25 -3.6188 -5.9367 -.25 -2.8019
3 0 -8 -.25 .0121 -5.9367 -.25 -2.8019 -5.575 -.25 -2.0685
4 0 -8 -.25 .0121 -5.575 -.25 -2.0685 -4.95 -.25 -1.5411 -4.95 -.25 .0121
3 0 -2.8924 -.25 .0121 -3.8714 -.25 .0121 -3.7 -.25 -.5874
4 0 1.7 -.25 -4.0511 3.8 -.25 -1.1511 3.4663 -.25 .0121 .5149 -.25 .0121
4 0 1.7 -.25 -4.0511 4.6824 -.25 -5.2759 4.2496 -.25 -3.2117 3.8 -.25 -1.1511
4 0 1.7 -.25 -4.0511 -1.2519 -.25 -7.0744 -1.1693 -.25 -7.3197 4.6824 -.25 -5.2759
3 0 1.7 -.25 -4.0511 -1.446 -.25 -6.9032 -1.2519 -.25 -7.0744
4 0 1.7 -.25 -4.0511 -.8 -.25 -5.3011 -1.6997 -.25 -6.8521 -1.446 -.25 -6.9032
4 0 -3.1 -.25 -5.3011 -1.945 -.25 -6.9347 -1.6997 -.25 -6.8521 -.8 -.25 -5.3011
3 0 -3.1 -.25 -5.3011 -2.1162 -.25 -7.1288 -1.945 -.25 -6.9347
4 0 -3.1 -.25 -5.3011 -2.9714 -.25 -7.3435 -2.1594 -.25 -7.3435 -2.1162 -.25 -7.1288
3 0 -8 -.25 -7.3435 -5.6824 -.25 -4.3826 -5.9746 -.25 -3.6188
3 0 -8 -.25 -7.3435 -5.1089 -.25 -4.9655 -5.6824 -.25 -4.3826
4 0 -8 -.25 -7.3435 -4.35 -.25 -7.3435 -4.35 -.25 -5.2702 -5.1089 -.25 -4.9655
4 0 -1.1678 -.25 -7.3435 5.0983 -.25 -7.3435 4.6824 -.25 -5.2759 -1.1693 -.25 -7.3197
0 // Grey faces (actually halftone of black and white)
4 71 .5149 -.25 .0121 -2.8924 -.25 .0121 -3.7 -.25 -.5874 -3.5202 -.25 -1.341
3 71 .5149 -.25 .0121 -3.5202 -.25 -1.341 -3.3774 -.25 -2.1024
4 71 .5149 -.25 .0121 -3.3774 -.25 -2.1024 -3.2721 -.25 -2.8699 1.7 -.25 -4.0511
3 71 1.7 -.25 -4.0511 -3.2721 -.25 -2.8699 -3.2045 -.25 -3.6416
4 71 1.7 -.25 -4.0511 -3.2045 -.25 -3.6416 -3.1 -.25 -5.3011 -.8 -.25 -5.3011
0 // White faces
3 15 8 -.25 .0121 3.4663 -.25 .0121 3.8 -.25 -1.1511
3 15 8 -.25 .0121 3.8 -.25 -1.1511 4.2496 -.25 -3.2117
3 15 8 -.25 .0121 4.2496 -.25 -3.2117 4.6824 -.25 -5.2759
4 15 8 -.25 .0121 4.6824 -.25 -5.2759 5.0983 -.25 -7.3435 8 -.25 -7.3435
4 15 -4.95 -.25 -1.5411 -3.7 -.25 -.5874 -3.8714 -.25 .0121 -4.95 -.25 .0121
4 15 -4.95 -.25 -1.5411 -3.3774 -.25 -2.1024 -3.5202 -.25 -1.341 -3.7 -.25 -.5874
4 15 -4.95 -.25 -1.5411 -5.575 -.25 -2.0685 -3.2721 -.25 -2.8699 -3.3774 -.25 -2.1024
4 15 -3.2045 -.25 -3.6416 -3.2721 -.25 -2.8699 -5.575 -.25 -2.0685 -5.9367 -.25 -2.8019
3 15 -3.2045 -.25 -3.6416 -5.9367 -.25 -2.8019 -5.9746 -.25 -3.6188
4 15 -3.2045 -.25 -3.6416 -5.9746 -.25 -3.6188 -5.6824 -.25 -4.3826 -5.1089 -.25 -4.9655
4 15 -3.2045 -.25 -3.6416 -5.1089 -.25 -4.9655 -4.35 -.25 -5.2702 -3.1 -.25 -5.3011
4 15 -1.945 -.25 -6.9347 -1.2519 -.25 -7.0744 -1.446 -.25 -6.9032 -1.6997 -.25 -6.8521
4 15 -1.945 -.25 -6.9347 -2.1162 -.25 -7.1288 -1.1693 -.25 -7.3197 -1.2519 -.25 -7.0744
4 15 -4.35 -.25 -7.3435 -2.9714 -.25 -7.3435 -3.1 -.25 -5.3011 -4.35 -.25 -5.2702
4 15 -1.1678 -.25 -7.3435 -1.1693 -.25 -7.3197 -2.1162 -.25 -7.1288 -2.1594 -.25 -7.3435
