0 ~Sticker  1.9 x  1.8 with Ford and MS-RT Logos on Blue Background - Sixth Face
0 Name: s\6218812abs06.dat
0 Author: Massimo Maso [Sirio]
0 !LDRAW_ORG Unofficial_Subpart
0 !LICENSE Licensed under CC BY 4.0 : see CAreadme.txt

0 BFC CERTIFY CCW

0 // Primitives
1 272 -16.5 -.25 -3.0901 -1.5 0 0 0 1 0 0 0 -1.5 3-16chrd.dat
1 0 -16.5 -.25 -3.0901 0 0 -1.5 0 1 0 -1.5 0 0 1-16chrd.dat
1 0 16.5 -.25 -3.0901 0 0 1.5 0 1 0 -1.5 0 0 1-16chrd.dat
1 272 16.5 -.25 -3.0901 1.5 0 0 0 1 0 0 0 -1.5 3-16chrd.dat
0 // Faces
0 // Black faces
4 0 -16.5 -.25 -4.5901 -15.13503 -.25 .0144 -15.4478 -.25 -.4536 -17.07405 -.25 -4.47595
4 0 -16.5 -.25 -4.5901 16.5 -.25 -4.5901 15.13503 -.25 .0144 -15.13503 -.25 .0144
4 0 16.5 -.25 -4.5901 17.07405 -.25 -4.47595 15.4478 -.25 -.4536 15.13503 -.25 .0144
0 // Blue faces
3 272 -18 -.25 .0144 -15.4478 -.25 -.4536 -15.13503 -.25 .0144
4 272 -18 -.25 .0144 -18 -.25 -3.0901 -17.07405 -.25 -4.47595 -15.4478 -.25 -.4536
3 272 18 -.25 .0144 15.13503 -.25 .0144 15.4478 -.25 -.4536
4 272 18 -.25 .0144 15.4478 -.25 -.4536 17.07405 -.25 -4.47595 18 -.25 -3.0901
