0 ~Sticker  0.8 x  1.9 with Taillamp on Blue Background Right - First Face
0 Name: s\6218812as01.dat
0 Author: Massimo Maso [Sirio]
0 !LDRAW_ORG Unofficial_Subpart
0 !LICENSE Licensed under CC BY 4.0 : see CAreadme.txt

0 BFC CERTIFY CCW

0 // Primitives
1 272 -6.5 -.25 3.8922 -1.5 0 0 0 1 0 0 0 1.5 1-4chrd.dat
1 272 6.5 -.25 3.8922 1.5 0 0 0 1 0 0 0 1.5 1-4chrd.dat
0 // Faces
0 // Black faces
4 0 -2 -.25 3.1211 -2.2536 -.25 .8359 -2.0828 -.25 -.0121 -1.3687 -.25 -.0121
4 0 -2 -.25 3.1211 -3.3987 -.25 -.0121 -2.6322 -.25 -.0121 -2.2536 -.25 .8359
0 // Blue faces
4 272 -2 -.25 3.1211 -8 -.25 3.8922 -8 -.25 -.0121 -3.3987 -.25 -.0121
4 272 -2 -.25 3.1211 6.5 -.25 5.3922 -6.5 -.25 5.3922 -8 -.25 3.8922
3 272 -2 -.25 3.1211 8 -.25 3.8922 6.5 -.25 5.3922
4 272 -2 -.25 3.1211 -1.3687 -.25 -.0121 8 -.25 -.0121 8 -.25 3.8922
0 // Red face
3 4 -2.2536 -.25 .8359 -2.6322 -.25 -.0121 -2.0828 -.25 -.0121
