0 ~Sticker  0.8 x  1.6 with Headlamp on White Background Right - Fifth Face
0 Name: s\6218812ahs05.dat
0 Author: Massimo Maso [Sirio]
0 !LDRAW_ORG Unofficial_Subpart
0 !LICENSE Licensed under CC BY 4.0 : see CAreadme.txt

0 BFC CERTIFY CCW

0 // Primitives
1 0 6.5 -.25 -3.7467 0 0 -1.5 0 1 0 -1.5 0 0 1-8chrd.dat
1 0 6.5 -.25 -3.7467 1.5 0 0 0 1 0 0 0 -1.5 1-4chrd.dat
0 // Faces
0 // Black Faces
4 0 5.2 -.25 -1.0792 7.6754 -.25 -1.2392 7.5039 -.25 .0134 5.3772 -.25 .0134
4 0 4.6574 -.25 -3.9163 7.8407 -.25 -2.4925 7.6754 -.25 -1.2392 5.2 -.25 -1.0792
3 0 4.6574 -.25 -3.9163 8 -.25 -3.7467 7.8407 -.25 -2.4925
4 0 4.6574 -.25 -3.9163 5.43935 -.25 -4.80735 6.5 -.25 -5.2467 8 -.25 -3.7467
0 // Dark grey faces
4 72 5.2 -.25 -1.0792 5.3772 -.25 .0134 3.3829 -.25 .0134 3.5293 -.25 -.9357
3 72 5.2 -.25 -1.0792 3.5293 -.25 -.9357 3.6395 -.25 -1.8897
4 72 5.2 -.25 -1.0792 3.6395 -.25 -1.8897 3.7135 -.25 -2.8472 4.6574 -.25 -3.9163
0 // Grey faces (actually halftone of black and white)
3 71 1.2093 -.25 .0134 3.5293 -.25 -.9357 3.3829 -.25 .0134
4 71 1.2093 -.25 .0134 3.7135 -.25 -2.8472 3.6395 -.25 -1.8897 3.5293 -.25 -.9357
0 // White faces
3 15 8 -.25 .0134 7.5039 -.25 .0134 7.6754 -.25 -1.2392
3 15 8 -.25 .0134 7.6754 -.25 -1.2392 7.8407 -.25 -2.4925
3 15 8 -.25 .0134 7.8407 -.25 -2.4925 8 -.25 -3.7467
