0 ~Sticker  1.9 x  1.8 with Logos and Tricolor Stripe on Red Background - Fifth Face
0 Name: s\6221805bvs05.dat
0 Author: Massimo Maso [Sirio]
0 !LDRAW_ORG Unofficial_Subpart
0 !LICENSE Licensed under CC BY 4.0 : see CAreadme.txt

0 BFC CERTIFY CCW

0 // Lgoo primitives
1 0 0 -.25 3.3522 .25 0 0 0 1 0 0 0 .25 logo-hublot-image-01.dat
1 15 0 -.25 3.3522 .25 0 0 0 1 0 0 0 .25 logo-hublot-image-outerbox-01.dat
0 // Faces
0 // Tricolor
3 15 -9.1585 -.25 6.8484 -9.1146 -.25 5.1329 -2.5 -.25 5.8522
3 15 -9.1585 -.25 6.8484 -2.5 -.25 5.8522 -1.215 -.25 5.8522
3 15 -9.1585 -.25 6.8484 -1.215 -.25 5.8522 -.39 -.25 5.8522
4 15 -9.1585 -.25 6.8484 -.39 -.25 5.8522 .39 -.25 5.8522 9.1585 -.25 6.8484
3 15 9.1585 -.25 6.8484 .39 -.25 5.8522 1.215 -.25 5.8522
3 15 9.1585 -.25 6.8484 1.215 -.25 5.8522 1.965 -.25 5.8522
3 15 9.1585 -.25 6.8484 1.965 -.25 5.8522 2.5 -.25 5.8522
3 15 9.1585 -.25 6.8484 2.5 -.25 5.8522 9.1146 -.25 5.1329
3 15 -2.5 -.25 5.8522 -9.1146 -.25 5.1329 -9.0778 -.25 3.4173
4 15 -2.5 -.25 5.8522 -9.0778 -.25 3.4173 -9.0481 -.25 1.7015 -2.5 -.25 .8522
3 15 2.5 -.25 5.8522 9.0778 -.25 3.4173 9.1146 -.25 5.1329
4 15 2.5 -.25 5.8522 2.5 -.25 .8522 9.0481 -.25 1.7015 9.0778 -.25 3.4173
4 2 -10.7473 -.25 5.1337 -9.1146 -.25 5.1329 -9.1585 -.25 6.8484 -10.842 -.25 6.8484
4 2 -10.7473 -.25 5.1337 -10.6679 -.25 3.4183 -9.0778 -.25 3.4173 -9.1146 -.25 5.1329
4 4 10.7473 -.25 5.1337 10.842 -.25 6.8484 9.1585 -.25 6.8484 9.1146 -.25 5.1329
4 4 10.7473 -.25 5.1337 9.1146 -.25 5.1329 9.0778 -.25 3.4173 10.6679 -.25 3.4183
4 2 -10.6039 -.25 1.7022 -9.0481 -.25 1.7015 -9.0778 -.25 3.4173 -10.6679 -.25 3.4183
4 2 -10.6039 -.25 1.7022 -10.5551 -.25 -.0144 -9.0255 -.25 -.0144 -9.0481 -.25 1.7015
4 4 10.6039 -.25 1.7022 10.6679 -.25 3.4183 9.0778 -.25 3.4173 9.0481 -.25 1.7015
4 4 10.6039 -.25 1.7022 9.0481 -.25 1.7015 9.0255 -.25 -.0144 10.5551 -.25 -.0144
3 15 -9.0255 -.25 -.0144 -2.5 -.25 .8522 -9.0481 -.25 1.7015
3 15 -9.0255 -.25 -.0144 -1.965 -.25 .8522 -2.5 -.25 .8522
3 15 -9.0255 -.25 -.0144 -1.215 -.25 .8522 -1.965 -.25 .8522
3 15 -9.0255 -.25 -.0144 -.39 -.25 .8522 -1.215 -.25 .8522
4 15 -9.0255 -.25 -.0144 9.0255 -.25 -.0144 .39 -.25 .8522 -.39 -.25 .8522
3 15 9.0255 -.25 -.0144 9.0481 -.25 1.7015 2.5 -.25 .8522
3 15 9.0255 -.25 -.0144 2.5 -.25 .8522 1.215 -.25 .8522
3 15 9.0255 -.25 -.0144 1.215 -.25 .8522 .39 -.25 .8522
0 // Red faces
4 4 -18 -.25 6.8484 -12.0509 -.25 3.4199 -12.1696 -.25 5.135 -12.3111 -.25 6.8484
3 4 -18 -.25 6.8484 -18 -.25 -.0144 -12.0509 -.25 3.4199
4 4 18 -.25 6.8484 12.3111 -.25 6.8484 12.1696 -.25 5.135 12.0509 -.25 3.4199
3 4 18 -.25 6.8484 12.0509 -.25 3.4199 18 -.25 -.0144
4 4 -18 -.25 -.0144 -11.8823 -.25 -.0144 -11.9551 -.25 1.7033 -12.0509 -.25 3.4199
4 4 18 -.25 -.0144 12.0509 -.25 3.4199 11.9551 -.25 1.7033 11.8823 -.25 -.0144
0 // White faces
4 15 -10.7473 -.25 5.1337 -10.842 -.25 6.8484 -12.3111 -.25 6.8484 -12.1696 -.25 5.135
4 15 -10.7473 -.25 5.1337 -12.1696 -.25 5.135 -12.0509 -.25 3.4199 -10.6679 -.25 3.4183
4 15 10.7473 -.25 5.1337 12.1696 -.25 5.135 12.3111 -.25 6.8484 10.842 -.25 6.8484
4 15 10.7473 -.25 5.1337 10.6679 -.25 3.4183 12.0509 -.25 3.4199 12.1696 -.25 5.135
4 15 -10.6039 -.25 1.7022 -10.6679 -.25 3.4183 -12.0509 -.25 3.4199 -11.9551 -.25 1.7033
4 15 -10.6039 -.25 1.7022 -11.9551 -.25 1.7033 -11.8823 -.25 -.0144 -10.5551 -.25 -.0144
4 15 10.6039 -.25 1.7022 11.9551 -.25 1.7033 12.0509 -.25 3.4199 10.6679 -.25 3.4183
4 15 10.6039 -.25 1.7022 10.5551 -.25 -.0144 11.8823 -.25 -.0144 11.9551 -.25 1.7033
