0 ~Sticker  0.8 x  3.1 with Black Line and Orange Light on Lime Backgound - Fifth Face
0 Name: s\6221655zs03.dat
0 Author: Massimo Maso [Sirio]
0 !LDRAW_ORG Unofficial_Subpart
0 !LICENSE Licensed under CC BY 4.0 : see CAreadme.txt

0 BFC CERTIFY CCW

0 // Primitives
1 27 -6.5 -.25 -8.4817 -1.5 0 0 0 1 0 0 0 -1.5 1-4chrd.dat
1 27 6.5 -.25 -8.4817 1.5 0 0 0 1 0 0 0 -1.5 1-4chrd.dat
1 25 -2 -.25 -6.2646 -.5 0 0 0 1 0 0 0 -.5 1-4chrd.dat
1 0 -2 -.25 -6.2646 -.5 0 0 0 1 0 0 0 -.5 1-4ndis.dat
1 25 2 -.25 -6.2646 .5 0 0 0 1 0 0 0 -.5 1-4chrd.dat
1 0 2 -.25 -6.2646 .5 0 0 0 1 0 0 0 -.5 1-4ndis.dat
0 // Faces
0 // Black faces
4 0 -4.5 -.25 -9.9817 -2.5 -.25 -6.2646 -2.5 -.25 .0156 -4.5 -.25 .0156
3 0 -4.5 -.25 -9.9817 -2.5 -.25 -6.7646 -2.5 -.25 -6.2646
3 0 -4.5 -.25 -9.9817 -2 -.25 -6.7646 -2.5 -.25 -6.7646
4 0 -4.5 -.25 -9.9817 4.5 -.25 -9.9817 2 -.25 -6.7646 -2 -.25 -6.7646
4 0 4.5 -.25 -9.9817 4.5 -.25 .0156 2.5 -.25 .0156 2.5 -.25 -6.2646
3 0 4.5 -.25 -9.9817 2.5 -.25 -6.2646 2.5 -.25 -6.7646
3 0 4.5 -.25 -9.9817 2.5 -.25 -6.7646 2 -.25 -6.7646
0 // Green faces
4 27 -4.5 -.25 -9.9817 -4.5 -.25 .0156 -8 -.25 .0156 -8 -.25 -8.4817
3 27 -4.5 -.25 -9.9817 -8 -.25 -8.4817 -6.5 -.25 -9.9817
4 27 4.5 -.25 -9.9817 8 -.25 -8.4817 8 -.25 .0156 4.5 -.25 .0156
3 27 4.5 -.25 -9.9817 6.5 -.25 -9.9817 8 -.25 -8.4817
0 // Orange faces
4 25 -2.5 -.25 -6.2646 2.5 -.25 -6.2646 2.5 -.25 .0156 -2.5 -.25 .0156
4 25 -2.5 -.25 -6.2646 -2 -.25 -6.7646 2 -.25 -6.7646 2.5 -.25 -6.2646
