0 ~Sticker  1.8 x  1.9 with Ferrari Square Badge and Red Stripes on White Background - Fourth Face
0 Name: s\6221654vs04.dat
0 Author: Massimo Maso [Sirio]
0 !LDRAW_ORG Unofficial_Subpart
0 !LICENSE Licensed under CC BY 4.0 : see CAreadme.txt

0 BFC CERTIFY CCW

0 // Faces
0 // Ferrari badge
0 // Black frame
3 0 3.3982 -.25 -4.9171 3.3524 -.25 -4.7732 3.3524 -.25 -4.9126
3 0 -3.7264 -.25 -5.1472 -3.587 -.25 -5.8918 -3.587 -.25 -5.3988
4 0 3.3524 -.25 -4.7732 -3.3524 -.25 -4.7732 -3.3524 -.25 -4.9126 3.3524 -.25 -4.9126
4 0 3.3524 -.25 -4.7732 3.3982 -.25 -4.9171 3.4422 -.25 -4.9305 3.4254 -.25 -4.7804
4 0 -3.3982 -.25 -4.9171 -3.3524 -.25 -4.9126 -3.3524 -.25 -4.7732 -3.4254 -.25 -4.7804
4 0 -3.4422 -.25 -4.9305 -3.3982 -.25 -4.9171 -3.4254 -.25 -4.7804 -3.4955 -.25 -4.8017
4 0 -3.4828 -.25 -4.9521 -3.4422 -.25 -4.9305 -3.4955 -.25 -4.8017 -3.5602 -.25 -4.8362
4 0 3.4828 -.25 -4.9521 3.4955 -.25 -4.8017 3.4254 -.25 -4.7804 3.4422 -.25 -4.9305
4 0 -3.5183 -.25 -4.9813 -3.4828 -.25 -4.9521 -3.5602 -.25 -4.8362 -3.6169 -.25 -4.8827
4 0 3.5183 -.25 -4.9813 3.5602 -.25 -4.8362 3.4955 -.25 -4.8017 3.4828 -.25 -4.9521
4 0 -3.5475 -.25 -5.0168 -3.5183 -.25 -4.9813 -3.6169 -.25 -4.8827 -3.6634 -.25 -4.9394
4 0 3.5475 -.25 -5.0168 3.6169 -.25 -4.8827 3.5602 -.25 -4.8362 3.5183 -.25 -4.9813
4 0 -3.5691 -.25 -5.0574 -3.5475 -.25 -5.0168 -3.6634 -.25 -4.9394 -3.6979 -.25 -5.0041
4 0 3.5691 -.25 -5.0574 3.6634 -.25 -4.9394 3.6169 -.25 -4.8827 3.5475 -.25 -5.0168
4 0 -3.5825 -.25 -5.1014 -3.5691 -.25 -5.0574 -3.6979 -.25 -5.0041 -3.7192 -.25 -5.0742
4 0 3.5825 -.25 -5.1014 3.6979 -.25 -5.0041 3.6634 -.25 -4.9394 3.5691 -.25 -5.0574
4 0 -3.587 -.25 -5.1472 -3.5825 -.25 -5.1014 -3.7192 -.25 -5.0742 -3.7264 -.25 -5.1472
4 0 3.587 -.25 -5.1472 3.7192 -.25 -5.0742 3.6979 -.25 -5.0041 3.5825 -.25 -5.1014
4 0 3.587 -.25 -5.3988 3.7264 -.25 -5.1472 3.7192 -.25 -5.0742 3.587 -.25 -5.1472
3 0 -3.7264 -.25 -5.1472 -3.587 -.25 -5.3988 -3.587 -.25 -5.1472
3 0 3.7264 -.25 -5.1472 3.587 -.25 -5.3988 3.587 -.25 -5.8918
4 0 -3.7264 -.25 -5.1472 -3.7264 -.25 -7.061 -3.587 -.25 -6.3984 -3.587 -.25 -5.8918
4 0 3.7264 -.25 -5.1472 3.587 -.25 -5.8918 3.587 -.25 -6.3984 3.7264 -.25 -7.061
3 0 -3.7264 -.25 -7.061 -3.587 -.25 -7.061 -3.587 -.25 -6.3984
3 0 3.7264 -.25 -7.061 3.587 -.25 -6.3984 3.587 -.25 -7.061
0 // Green faces
4 2 3.587 -.25 -5.3988 3.587 -.25 -5.1472 3.3982 -.25 -4.9171 3.3524 -.25 -4.9126
4 2 -3.5691 -.25 -5.0574 -3.4828 -.25 -4.9521 -3.5183 -.25 -4.9813 -3.5475 -.25 -5.0168
4 2 -3.4422 -.25 -4.9305 -3.5825 -.25 -5.1014 -3.587 -.25 -5.1472 -3.3982 -.25 -4.9171
4 2 -3.587 -.25 -5.3988 -3.3524 -.25 -4.9126 -3.3982 -.25 -4.9171 -3.587 -.25 -5.1472
4 2 -3.5825 -.25 -5.1014 -3.4422 -.25 -4.9305 -3.4828 -.25 -4.9521 -3.5691 -.25 -5.0574
4 2 -3.587 -.25 -5.3988 3.587 -.25 -5.3988 3.3524 -.25 -4.9126 -3.3524 -.25 -4.9126
4 2 3.4828 -.25 -4.9521 3.4422 -.25 -4.9305 3.5825 -.25 -5.1014 3.5691 -.25 -5.0574
4 2 3.587 -.25 -5.1472 3.5825 -.25 -5.1014 3.4422 -.25 -4.9305 3.3982 -.25 -4.9171
4 2 3.5691 -.25 -5.0574 3.5475 -.25 -5.0168 3.5183 -.25 -4.9813 3.4828 -.25 -4.9521
0 // Red face
4 4 -3.587 -.25 -5.8918 -3.587 -.25 -6.3984 3.587 -.25 -6.3984 3.587 -.25 -5.8918
0 // Yellow face
4 14 3.587 -.25 -7.061 3.587 -.25 -6.3984 -3.587 -.25 -6.3984 -3.587 -.25 -7.061
0 // White faces
4 15 -3.587 -.25 -5.3988 -3.587 -.25 -5.8918 3.587 -.25 -5.8918 3.587 -.25 -5.3988
0 // Red faces
4 4 -11.5 -.25 -4.2572 -12.1158 -.25 .0128 -18 -.25 .0128 -18 -.25 -7.061
3 4 -11.5 -.25 -4.2572 -18 -.25 -7.061 -9.0413 -.25 -7.061
4 4 -11.5 -.25 -4.2572 -9.0413 -.25 -7.061 -9.6837 -.25 .0128 -11.7146 -.25 .0128
4 4 11.5 -.25 -4.2572 11.7146 -.25 .0128 9.6837 -.25 .0128 9.0413 -.25 -7.061
3 4 11.5 -.25 -4.2572 9.0413 -.25 -7.061 18 -.25 -7.061
4 4 11.5 -.25 -4.2572 18 -.25 -7.061 18 -.25 .0128 12.1158 -.25 .0128
0 // White triangles
3 15 -11.5 -.25 -4.2572 -11.7146 -.25 .0128 -12.1158 -.25 .0128
3 15 11.5 -.25 -4.2572 12.1158 -.25 .0128 11.7146 -.25 .0128
0 // White faces
4 15 -9.6837 -.25 .0128 -9.0413 -.25 -7.061 -3.7264 -.25 -7.061 -3.7264 -.25 -5.1472
3 15 -9.6837 -.25 .0128 -3.7264 -.25 -5.1472 -3.7192 -.25 -5.0742
3 15 -9.6837 -.25 .0128 -3.7192 -.25 -5.0742 -3.6979 -.25 -5.0041
3 15 -9.6837 -.25 .0128 -3.6979 -.25 -5.0041 -3.6634 -.25 -4.9394
3 15 -9.6837 -.25 .0128 -3.6634 -.25 -4.9394 -3.6169 -.25 -4.8827
3 15 -9.6837 -.25 .0128 -3.6169 -.25 -4.8827 -3.5602 -.25 -4.8362
3 15 -9.6837 -.25 .0128 -3.5602 -.25 -4.8362 -3.4955 -.25 -4.8017
3 15 -9.6837 -.25 .0128 -3.4955 -.25 -4.8017 -3.4254 -.25 -4.7804
3 15 -9.6837 -.25 .0128 -3.4254 -.25 -4.7804 -3.3524 -.25 -4.7732
4 15 -9.6837 -.25 .0128 -3.3524 -.25 -4.7732 3.3524 -.25 -4.7732 9.6837 -.25 .0128
4 15 9.6837 -.25 .0128 3.7264 -.25 -5.1472 3.7264 -.25 -7.061 9.0413 -.25 -7.061
3 15 9.6837 -.25 .0128 3.7192 -.25 -5.0742 3.7264 -.25 -5.1472
3 15 9.6837 -.25 .0128 3.6979 -.25 -5.0041 3.7192 -.25 -5.0742
3 15 9.6837 -.25 .0128 3.6634 -.25 -4.9394 3.6979 -.25 -5.0041
3 15 9.6837 -.25 .0128 3.6169 -.25 -4.8827 3.6634 -.25 -4.9394
3 15 9.6837 -.25 .0128 3.5602 -.25 -4.8362 3.6169 -.25 -4.8827
3 15 9.6837 -.25 .0128 3.4955 -.25 -4.8017 3.5602 -.25 -4.8362
3 15 9.6837 -.25 .0128 3.4254 -.25 -4.7804 3.4955 -.25 -4.8017
3 15 9.6837 -.25 .0128 3.3524 -.25 -4.7732 3.4254 -.25 -4.7804
