0 ~Sticker  3.1 x  0.8 with Black Number 22 in White Disc on Red Background - Second Face
0 Name: s\6221805qs02.dat
0 Author: Massimo Maso [Sirio]
0 !LDRAW_ORG Unofficial_Subpart
0 !LICENSE Licensed under CC BY 4.0 : see CAreadme.txt

0 BFC CERTIFY CCW

0 // Faces
0 // Red faces
4 4 -8 -.25 .0163 -8 -.25 -13.0974 -7.5522 -.25 -13.0974 -6.632 -.25 -12.3055
3 4 -8 -.25 .0163 -6.632 -.25 -12.3055 -5.4267 -.25 -11.5147
3 4 -8 -.25 .0163 -5.4267 -.25 -11.5147 -4.1279 -.25 -10.8889
3 4 -8 -.25 .0163 -4.1279 -.25 -10.8889 -2.7588 -.25 -10.4377
3 4 -8 -.25 .0163 -2.7588 -.25 -10.4377 -1.343 -.25 -10.1683
3 4 -8 -.25 .0163 -1.343 -.25 -10.1683 .0959 -.25 -10.0871
4 4 -8 -.25 .0163 .0959 -.25 -10.0871 1.5335 -.25 -10.1938 8 -.25 .0163
3 4 8 -.25 .0163 1.5335 -.25 -10.1938 2.9451 -.25 -10.4867
3 4 8 -.25 .0163 2.9451 -.25 -10.4867 4.3059 -.25 -10.9625
3 4 8 -.25 .0163 4.3059 -.25 -10.9625 5.5934 -.25 -11.6105
3 4 8 -.25 .0163 5.5934 -.25 -11.6105 6.7845 -.25 -12.4224
4 4 8 -.25 .0163 6.7845 -.25 -12.4224 7.5416 -.25 -13.0974 8 -.25 -13.0974
0 // White faces
4 15 -7.5522 -.25 -13.0974 -4.1279 -.25 -10.8889 -5.4267 -.25 -11.5147 -6.632 -.25 -12.3055
4 15 -7.5522 -.25 -13.0974 -1.343 -.25 -10.1683 -2.7588 -.25 -10.4377 -4.1279 -.25 -10.8889
4 15 -7.5522 -.25 -13.0974 1.5335 -.25 -10.1938 .0959 -.25 -10.0871 -1.343 -.25 -10.1683
3 15 -7.5522 -.25 -13.0974 7.5416 -.25 -13.0974 1.5335 -.25 -10.1938
4 15 7.5416 -.25 -13.0974 6.7845 -.25 -12.4224 5.5934 -.25 -11.6105 4.3059 -.25 -10.9625
4 15 7.5416 -.25 -13.0974 4.3059 -.25 -10.9625 2.9451 -.25 -10.4867 1.5335 -.25 -10.1938
