0 ~Sticker  0.8 x  1.6 with Black Triangle and White Sparco Logo on Blue Background Right - Bottom Face
0 Name: s\6221654ds06.dat
0 Author: Massimo Maso [Sirio]
0 !LDRAW_ORG Unofficial_Subpart
0 !LICENSE Licensed under CC BY 4.0 : see CAreadme.txt

0 BFC CERTIFY CCW

0 // Primitives
1 16 -6.5 0 14.6675 -1.5 0 0 0 -1 0 0 0 1.5 1-4chrd.dat
1 16 6.5 0 14.6675 1.5 0 0 0 -1 0 0 0 1.5 1-4chrd.dat
1 16 -6.5 0 -.6498 -1.5 0 0 0 -1 0 0 0 -1.5 1-8chrd.dat
1 16 6.5 0 -14.6675 1.5 0 0 0 -1 0 0 0 -1.5 3-8chrd.dat
1 16 -6.5 -.25 14.6675 -1.5 0 0 0 .25 0 0 0 1.5 1-4cyli.dat
1 16 6.5 -.25 14.6675 1.5 0 0 0 .25 0 0 0 1.5 1-4cyli.dat
1 16 -6.5 -.25 -.6498 -1.5 0 0 0 .25 0 0 0 -1.5 1-8cyli.dat
1 16 6.5 -.25 -14.6675 1.5 0 0 0 .25 0 0 0 -1.5 3-8cyli.dat
0 // Bottom face
4 16 -6.5 0 16.1675 -7.56065 0 -1.71045 -8 0 -.6498 -8 0 14.6675
3 16 -6.5 0 16.1675 -5.4515 0 -3.8336 -7.56065 0 -1.71045
4 16 -6.5 0 16.1675 6.5 0 16.1675 1.2093 0 -10.9074 -5.4515 0 -3.8336
3 16 6.5 0 16.1675 5.43935 0 -15.72815 1.2093 0 -10.9074
4 16 6.5 0 16.1675 8 0 14.6675 8 0 -14.6675 5.43935 0 -15.72815
0 // Lateral face
4 16 6.5 0 16.1675 -6.5 0 16.1675 -6.5 -.25 16.1675 6.5 -.25 16.1675
3 16 -8 0 14.6675 -8 -.25 10.7632 -8 -.25 14.6675
4 16 -8 0 14.6675 -8 0 -.6498 -8 -.25 3.4076 -8 -.25 10.7632
3 16 -8 0 -.6498 -8 -.25 -.6498 -8 -.25 3.4076
3 16 8 0 14.6675 8 -.25 14.6675 8 -.25 10.7632
3 16 8 0 14.6675 8 -.25 10.7632 8 -.25 3.4076
4 16 8 0 14.6675 8 -.25 3.4076 8 -.25 -3.8336 8 0 -14.6675
3 16 8 0 -14.6675 8 -.25 -3.8336 8 -.25 -10.9074
3 16 8 0 -14.6675 8 -.25 -10.9074 8 -.25 -14.6675
4 16 -7.56065 0 -1.71045 -5.4515 0 -3.8336 -5.4515 -.25 -3.8336 -7.56065 -.25 -1.71045
4 16 -5.4515 0 -3.8336 1.2093 0 -10.9074 1.2093 -.25 -10.9074 -5.4515 -.25 -3.8336
4 16 1.2093 0 -10.9074 5.43935 0 -15.72815 5.43935 -.25 -15.72815 1.2093 -.25 -10.9074
0 // Conditional lines
5 24 -5.4515 0 -3.8336 -5.4515 -.25 -3.8336 -7.56065 0 -1.71045 1.2093 0 -10.9074
5 24 1.2093 0 -10.9074 1.2093 -.25 -10.9074 -5.4515 0 -3.8336 5.43935 0 -15.72815
