0 ~Sticker  3.1 x  0.8 with Black Number 22 in White Disc on Red Background - Third Face
0 Name: s\6221805qs03.dat
0 Author: Massimo Maso [Sirio]
0 !LDRAW_ORG Unofficial_Subpart
0 !LICENSE Licensed under CC BY 4.0 : see CAreadme.txt

0 BFC CERTIFY CCW

0 // Faces
0 // Black number "22"
4 0 -1.1423 -.25 5.7742 -4.0752 -.25 3.5378 -6.846 -.25 -.0165 -5.6664 -.25 -.0165
4 0 7.608 -.25 6.8486 4.6751 -.25 4.6122 1.0667 -.25 -.0165 2.5274 -.25 .3456
4 0 2.5274 -.25 .3456 7.1927 -.25 -.0165 8 -.25 .0826 8 -.25 .377
3 0 2.5274 -.25 .3456 8 -.25 .377 7.9225 -.25 1.0081
3 0 2.5274 -.25 .3456 1.0667 -.25 -.0165 7.1927 -.25 -.0165
4 0 -6.1697 -.25 9.7021 -6.9777 -.25 8.668 -6.2464 -.25 8.0966 -5.4384 -.25 9.1308
4 0 -6.9777 -.25 8.668 -7.2127 -.25 8.3232 -6.4131 -.25 7.8521 -6.2464 -.25 8.0966
4 0 -7.2127 -.25 8.3232 -7.4003 -.25 7.9505 -6.5461 -.25 7.5879 -6.4131 -.25 7.8521
4 0 -7.4003 -.25 7.9505 -7.538 -.25 7.5565 -6.6438 -.25 7.3085 -6.5461 -.25 7.5879
4 0 -7.538 -.25 7.5565 -7.6228 -.25 7.1479 -6.7039 -.25 7.0188 -6.6438 -.25 7.3085
4 0 -7.6228 -.25 7.1479 -7.6537 -.25 6.7318 -6.7258 -.25 6.7237 -6.7039 -.25 7.0188
4 0 -6.7258 -.25 6.7237 -7.6537 -.25 6.7318 -7.6302 -.25 6.3152 -6.7091 -.25 6.4283
4 0 -7.6302 -.25 6.3152 -7.5522 -.25 5.9054 -6.6538 -.25 6.1377 -6.7091 -.25 6.4283
4 0 -7.5522 -.25 5.9054 -7.4216 -.25 5.5091 -6.5612 -.25 5.8567 -6.6538 -.25 6.1377
4 0 -7.4216 -.25 5.5091 -7.2405 -.25 5.1331 -6.4328 -.25 5.5901 -6.5612 -.25 5.8567
4 0 -6.2704 -.25 5.3427 -6.4328 -.25 5.5901 -7.2405 -.25 5.1331 -7.0115 -.25 4.7842
4 0 -6.0774 -.25 5.1185 -6.2704 -.25 5.3427 -7.0115 -.25 4.7842 -6.7394 -.25 4.468
4 0 -6.7394 -.25 4.468 -6.4279 -.25 4.1903 -5.8566 -.25 4.9215 -6.0774 -.25 5.1185
4 0 -5.6121 -.25 4.7549 -5.8566 -.25 4.9215 -6.4279 -.25 4.1903 -6.0831 -.25 3.9553
4 0 -5.3478 -.25 4.6219 -5.6121 -.25 4.7549 -6.0831 -.25 3.9553 -5.7104 -.25 3.7677
4 0 -5.0685 -.25 4.5242 -5.3478 -.25 4.6219 -5.7104 -.25 3.7677 -5.3165 -.25 3.63
4 0 -4.7787 -.25 4.4641 -5.0685 -.25 4.5242 -5.3165 -.25 3.63 -4.9079 -.25 3.5451
4 0 -4.4837 -.25 4.4422 -4.7787 -.25 4.4641 -4.9079 -.25 3.5451 -4.4917 -.25 3.5143
4 0 -4.1883 -.25 4.4589 -4.4837 -.25 4.4422 -4.4917 -.25 3.5143 -4.0752 -.25 3.5378
4 0 -5.892 -.25 10.0136 -6.1697 -.25 9.7021 -5.4384 -.25 9.1308 -5.2415 -.25 9.3517
4 0 -5.5758 -.25 10.2858 -5.892 -.25 10.0136 -5.2415 -.25 9.3517 -5.0173 -.25 9.5446
4 0 -5.2269 -.25 10.5147 -5.5758 -.25 10.2858 -5.0173 -.25 9.5446 -4.7699 -.25 9.707
4 0 -4.8509 -.25 10.6958 -5.2269 -.25 10.5147 -4.7699 -.25 9.707 -4.5033 -.25 9.8354
4 0 -4.4546 -.25 10.8264 -4.8509 -.25 10.6958 -4.5033 -.25 9.8354 -4.2223 -.25 9.928
4 0 -4.0447 -.25 10.9044 -4.4546 -.25 10.8264 -4.2223 -.25 9.928 -3.9317 -.25 9.9833
4 0 -3.6282 -.25 10.9279 -4.0447 -.25 10.9044 -3.9317 -.25 9.9833 -3.6363 -.25 10
4 0 -3.2121 -.25 10.8971 -3.6282 -.25 10.9279 -3.6363 -.25 10 -3.3412 -.25 9.9781
4 0 -2.8034 -.25 10.8122 -3.2121 -.25 10.8971 -3.3412 -.25 9.9781 -3.0515 -.25 9.918
4 0 -2.4095 -.25 10.6745 -2.8034 -.25 10.8122 -3.0515 -.25 9.918 -2.7721 -.25 9.8203
4 0 -2.0368 -.25 10.4869 -2.4095 -.25 10.6745 -2.7721 -.25 9.8203 -2.5079 -.25 9.6873
4 0 -1.692 -.25 10.2519 -2.0368 -.25 10.4869 -2.5079 -.25 9.6873 -2.2634 -.25 9.5207
4 0 -2.2634 -.25 9.5207 -2.0425 -.25 9.3237 -1.3806 -.25 9.9742 -1.692 -.25 10.2519
4 0 -1.1084 -.25 9.658 -1.3806 -.25 9.9742 -2.0425 -.25 9.3237 -1.8495 -.25 9.0995
4 0 -1.8495 -.25 9.0995 -1.6872 -.25 8.8521 -.8795 -.25 9.3091 -1.1084 -.25 9.658
4 0 -1.6872 -.25 8.8521 -1.5587 -.25 8.5855 -.6983 -.25 8.9331 -.8795 -.25 9.3091
4 0 -1.5587 -.25 8.5855 -1.4661 -.25 8.3045 -.5677 -.25 8.5368 -.6983 -.25 8.9331
4 0 -1.4661 -.25 8.3045 -1.4108 -.25 8.0139 -.4898 -.25 8.127 -.5677 -.25 8.5368
4 0 -.4898 -.25 8.127 -1.4108 -.25 8.0139 -1.3942 -.25 7.7185 -.4663 -.25 7.7104
4 0 -1.3942 -.25 7.7185 -1.4161 -.25 7.4234 -.4971 -.25 7.2943 -.4663 -.25 7.7104
4 0 -1.4161 -.25 7.4234 -1.4762 -.25 7.1337 -.5819 -.25 6.8857 -.4971 -.25 7.2943
4 0 -1.4762 -.25 7.1337 -1.5739 -.25 6.8543 -.7197 -.25 6.4917 -.5819 -.25 6.8857
4 0 -1.5739 -.25 6.8543 -1.7069 -.25 6.5901 -.9072 -.25 6.119 -.7197 -.25 6.4917
4 0 -1.7069 -.25 6.5901 -1.8735 -.25 6.3456 -1.1423 -.25 5.7742 -.9072 -.25 6.119
3 0 -4.0752 -.25 3.5378 -3.8977 -.25 4.5142 -4.1883 -.25 4.4589
3 0 -4.0752 -.25 3.5378 -3.6167 -.25 4.6068 -3.8977 -.25 4.5142
3 0 -4.0752 -.25 3.5378 -3.3501 -.25 4.7352 -3.6167 -.25 4.6068
3 0 -1.1423 -.25 5.7742 -1.8735 -.25 6.3456 -2.6815 -.25 5.3114
3 0 -1.1423 -.25 5.7742 -2.6815 -.25 5.3114 -2.8784 -.25 5.0905
3 0 -1.1423 -.25 5.7742 -2.8784 -.25 5.0905 -3.1027 -.25 4.8976
4 0 -1.1423 -.25 5.7742 -3.1027 -.25 4.8976 -3.3501 -.25 4.7352 -4.0752 -.25 3.5378
4 0 2.5806 -.25 10.7765 1.7726 -.25 9.7424 2.5039 -.25 9.171 3.3118 -.25 10.2052
4 0 1.7726 -.25 9.7424 1.5376 -.25 9.3976 2.3372 -.25 8.9265 2.5039 -.25 9.171
4 0 1.5376 -.25 9.3976 1.35 -.25 9.0249 2.2042 -.25 8.6623 2.3372 -.25 8.9265
4 0 1.35 -.25 9.0249 1.2123 -.25 8.6309 2.1065 -.25 8.3829 2.2042 -.25 8.6623
4 0 1.2123 -.25 8.6309 1.1275 -.25 8.2223 2.0464 -.25 8.0932 2.1065 -.25 8.3829
4 0 1.1275 -.25 8.2223 1.0966 -.25 7.8062 2.0245 -.25 7.7981 2.0464 -.25 8.0932
4 0 2.0245 -.25 7.7981 1.0966 -.25 7.8062 1.1201 -.25 7.3896 2.0412 -.25 7.5027
4 0 1.1201 -.25 7.3896 1.1981 -.25 6.9798 2.0965 -.25 7.2121 2.0412 -.25 7.5027
4 0 1.1981 -.25 6.9798 1.3287 -.25 6.5835 2.1891 -.25 6.9311 2.0965 -.25 7.2121
4 0 1.3287 -.25 6.5835 1.5098 -.25 6.2075 2.3175 -.25 6.6645 2.1891 -.25 6.9311
4 0 1.5098 -.25 6.2075 1.7387 -.25 5.8586 2.4799 -.25 6.4171 2.3175 -.25 6.6645
4 0 2.6728 -.25 6.1929 2.4799 -.25 6.4171 1.7387 -.25 5.8586 2.0109 -.25 5.5424
4 0 2.0109 -.25 5.5424 2.3224 -.25 5.2647 2.8937 -.25 5.9959 2.6728 -.25 6.1929
4 0 3.1382 -.25 5.8293 2.8937 -.25 5.9959 2.3224 -.25 5.2647 2.6672 -.25 5.0296
4 0 3.4025 -.25 5.6963 3.1382 -.25 5.8293 2.6672 -.25 5.0296 3.0399 -.25 4.8421
4 0 3.6818 -.25 5.5986 3.4025 -.25 5.6963 3.0399 -.25 4.8421 3.4338 -.25 4.7044
4 0 3.9715 -.25 5.5385 3.6818 -.25 5.5986 3.4338 -.25 4.7044 3.8424 -.25 4.6195
4 0 4.2666 -.25 5.5166 3.9715 -.25 5.5385 3.8424 -.25 4.6195 4.2585 -.25 4.5887
4 0 4.562 -.25 5.5333 4.2666 -.25 5.5166 4.2585 -.25 4.5887 4.6751 -.25 4.6122
4 0 2.8583 -.25 11.088 2.5806 -.25 10.7765 3.3118 -.25 10.2052 3.5088 -.25 10.4261
4 0 3.1745 -.25 11.3602 2.8583 -.25 11.088 3.5088 -.25 10.4261 3.733 -.25 10.619
4 0 3.5234 -.25 11.5891 3.1745 -.25 11.3602 3.733 -.25 10.619 3.9804 -.25 10.7814
4 0 3.8994 -.25 11.7702 3.5234 -.25 11.5891 3.9804 -.25 10.7814 4.247 -.25 10.9098
4 0 4.2957 -.25 11.9008 3.8994 -.25 11.7702 4.247 -.25 10.9098 4.528 -.25 11.0024
4 0 4.7055 -.25 11.9788 4.2957 -.25 11.9008 4.528 -.25 11.0024 4.8186 -.25 11.0577
4 0 5.1221 -.25 12.0023 4.7055 -.25 11.9788 4.8186 -.25 11.0577 5.114 -.25 11.0744
4 0 5.5382 -.25 11.9715 5.1221 -.25 12.0023 5.114 -.25 11.0744 5.4091 -.25 11.0525
4 0 5.9468 -.25 11.8866 5.5382 -.25 11.9715 5.4091 -.25 11.0525 5.6988 -.25 10.9924
4 0 6.3408 -.25 11.7489 5.9468 -.25 11.8866 5.6988 -.25 10.9924 5.9781 -.25 10.8947
4 0 6.7135 -.25 11.5613 6.3408 -.25 11.7489 5.9781 -.25 10.8947 6.2424 -.25 10.7617
4 0 7.0582 -.25 11.3263 6.7135 -.25 11.5613 6.2424 -.25 10.7617 6.4869 -.25 10.595
4 0 7.3697 -.25 11.0486 7.0582 -.25 11.3263 6.4869 -.25 10.595 6.7078 -.25 10.3981
4 0 7.6419 -.25 10.7324 7.3697 -.25 11.0486 6.7078 -.25 10.3981 6.9008 -.25 10.1739
4 0 7.8708 -.25 10.3835 7.6419 -.25 10.7324 6.9008 -.25 10.1739 7.0631 -.25 9.9265
4 0 8 -.25 10.1153 7.8708 -.25 10.3835 7.0631 -.25 9.9265 7.1915 -.25 9.6599
4 0 8 -.25 7.5053 8 -.25 10.1153 7.1915 -.25 9.6599 7.2842 -.25 9.3789
4 0 7.2842 -.25 9.3789 7.3394 -.25 9.0883 7.8431 -.25 7.1934 8 -.25 7.5053
4 0 7.3394 -.25 9.0883 7.3561 -.25 8.7929 7.608 -.25 6.8486 7.8431 -.25 7.1934
3 0 4.6751 -.25 4.6122 4.8526 -.25 5.5886 4.562 -.25 5.5333
3 0 4.6751 -.25 4.6122 5.1336 -.25 5.6812 4.8526 -.25 5.5886
3 0 4.6751 -.25 4.6122 5.4002 -.25 5.8096 5.1336 -.25 5.6812
3 0 4.6751 -.25 4.6122 5.6476 -.25 5.972 5.4002 -.25 5.8096
3 0 7.608 -.25 6.8486 7.3561 -.25 8.7929 7.3342 -.25 8.4978
3 0 7.608 -.25 6.8486 7.3342 -.25 8.4978 7.2741 -.25 8.2081
3 0 7.608 -.25 6.8486 7.2741 -.25 8.2081 7.1764 -.25 7.9287
3 0 7.608 -.25 6.8486 7.1764 -.25 7.9287 7.0434 -.25 7.6645
3 0 7.608 -.25 6.8486 7.0434 -.25 7.6645 6.8768 -.25 7.42
3 0 7.608 -.25 6.8486 6.8768 -.25 7.42 6.0688 -.25 6.3858
3 0 7.608 -.25 6.8486 6.0688 -.25 6.3858 5.8719 -.25 6.1649
4 0 7.608 -.25 6.8486 5.8719 -.25 6.1649 5.6476 -.25 5.972 4.6751 -.25 4.6122
0 // Red faces
3 4 -8 -.25 13.0988 -8 -.25 12.6415 -7.7245 -.25 12.9505
3 4 -8 -.25 13.0988 -7.7245 -.25 12.9505 -7.5522 -.25 13.0988
3 4 8 -.25 13.0988 7.5416 -.25 13.0988 7.8605 -.25 12.8145
3 4 8 -.25 13.0988 7.8605 -.25 12.8145 8 -.25 12.6524
0 // White faces
4 15 -7.5522 -.25 13.0988 -7.7245 -.25 12.9505 -7.6228 -.25 7.1479 -7.538 -.25 7.5565
3 15 -7.5522 -.25 13.0988 -7.538 -.25 7.5565 -7.4003 -.25 7.9505
3 15 -7.5522 -.25 13.0988 -7.4003 -.25 7.9505 -7.2127 -.25 8.3232
3 15 -7.5522 -.25 13.0988 -7.2127 -.25 8.3232 -6.9777 -.25 8.668
3 15 -7.5522 -.25 13.0988 -6.9777 -.25 8.668 -6.1697 -.25 9.7021
3 15 -7.5522 -.25 13.0988 -6.1697 -.25 9.7021 -5.892 -.25 10.0136
3 15 -7.5522 -.25 13.0988 -5.892 -.25 10.0136 -5.5758 -.25 10.2858
3 15 -7.5522 -.25 13.0988 -5.5758 -.25 10.2858 -5.2269 -.25 10.5147
3 15 -7.5522 -.25 13.0988 -5.2269 -.25 10.5147 -4.8509 -.25 10.6958
3 15 -7.5522 -.25 13.0988 -4.8509 -.25 10.6958 -4.4546 -.25 10.8264
3 15 -7.5522 -.25 13.0988 -4.4546 -.25 10.8264 -4.0447 -.25 10.9044
3 15 -7.5522 -.25 13.0988 -4.0447 -.25 10.9044 -3.6282 -.25 10.9279
3 15 -7.5522 -.25 13.0988 -3.6282 -.25 10.9279 -3.2121 -.25 10.8971
4 15 -7.5522 -.25 13.0988 -3.2121 -.25 10.8971 4.2957 -.25 11.9008 7.5416 -.25 13.0988
3 15 7.5416 -.25 13.0988 4.2957 -.25 11.9008 4.7055 -.25 11.9788
3 15 7.5416 -.25 13.0988 4.7055 -.25 11.9788 5.1221 -.25 12.0023
3 15 7.5416 -.25 13.0988 5.1221 -.25 12.0023 5.5382 -.25 11.9715
3 15 7.5416 -.25 13.0988 5.5382 -.25 11.9715 5.9468 -.25 11.8866
3 15 7.5416 -.25 13.0988 5.9468 -.25 11.8866 6.3408 -.25 11.7489
3 15 7.5416 -.25 13.0988 6.3408 -.25 11.7489 6.7135 -.25 11.5613
3 15 7.5416 -.25 13.0988 6.7135 -.25 11.5613 7.0582 -.25 11.3263
3 15 7.5416 -.25 13.0988 7.0582 -.25 11.3263 7.3697 -.25 11.0486
3 15 7.5416 -.25 13.0988 7.3697 -.25 11.0486 7.6419 -.25 10.7324
4 15 7.5416 -.25 13.0988 7.6419 -.25 10.7324 7.8708 -.25 10.3835 7.8605 -.25 12.8145
4 15 7.8605 -.25 12.8145 7.8708 -.25 10.3835 8 -.25 10.1153 8 -.25 12.6524
4 15 -2.8034 -.25 10.8122 3.8994 -.25 11.7702 4.2957 -.25 11.9008 -3.2121 -.25 10.8971
4 15 -2.8034 -.25 10.8122 -2.4095 -.25 10.6745 3.5234 -.25 11.5891 3.8994 -.25 11.7702
4 15 -2.0368 -.25 10.4869 3.1745 -.25 11.3602 3.5234 -.25 11.5891 -2.4095 -.25 10.6745
4 15 -2.0368 -.25 10.4869 -1.692 -.25 10.2519 2.8583 -.25 11.088 3.1745 -.25 11.3602
4 15 -1.3806 -.25 9.9742 2.5806 -.25 10.7765 2.8583 -.25 11.088 -1.692 -.25 10.2519
4 15 -1.3806 -.25 9.9742 -1.1084 -.25 9.658 1.7726 -.25 9.7424 2.5806 -.25 10.7765
4 15 -.8795 -.25 9.3091 1.5376 -.25 9.3976 1.7726 -.25 9.7424 -1.1084 -.25 9.658
4 15 -.8795 -.25 9.3091 -.6983 -.25 8.9331 1.35 -.25 9.0249 1.5376 -.25 9.3976
4 15 -.5677 -.25 8.5368 1.2123 -.25 8.6309 1.35 -.25 9.0249 -.6983 -.25 8.9331
4 15 -.5677 -.25 8.5368 -.4898 -.25 8.127 1.1275 -.25 8.2223 1.2123 -.25 8.6309
4 15 -.4663 -.25 7.7104 1.0966 -.25 7.8062 1.1275 -.25 8.2223 -.4898 -.25 8.127
4 15 -.4663 -.25 7.7104 -.4971 -.25 7.2943 1.1201 -.25 7.3896 1.0966 -.25 7.8062
4 15 -.5819 -.25 6.8857 1.1981 -.25 6.9798 1.1201 -.25 7.3896 -.4971 -.25 7.2943
4 15 -.5819 -.25 6.8857 -.7197 -.25 6.4917 1.3287 -.25 6.5835 1.1981 -.25 6.9798
4 15 -.9072 -.25 6.119 1.5098 -.25 6.2075 1.3287 -.25 6.5835 -.7197 -.25 6.4917
4 15 -.9072 -.25 6.119 -1.1423 -.25 5.7742 1.7387 -.25 5.8586 1.5098 -.25 6.2075
4 15 -2.7721 -.25 9.8203 -2.0425 -.25 9.3237 -2.2634 -.25 9.5207 -2.5079 -.25 9.6873
4 15 -2.7721 -.25 9.8203 -3.0515 -.25 9.918 -1.8495 -.25 9.0995 -2.0425 -.25 9.3237
4 15 -3.3412 -.25 9.9781 -1.6872 -.25 8.8521 -1.8495 -.25 9.0995 -3.0515 -.25 9.918
4 15 -3.3412 -.25 9.9781 -3.6363 -.25 10 -1.5587 -.25 8.5855 -1.6872 -.25 8.8521
4 15 -3.9317 -.25 9.9833 -1.4661 -.25 8.3045 -1.5587 -.25 8.5855 -3.6363 -.25 10
4 15 -3.9317 -.25 9.9833 -4.2223 -.25 9.928 -1.4108 -.25 8.0139 -1.4661 -.25 8.3045
4 15 -4.5033 -.25 9.8354 -1.3942 -.25 7.7185 -1.4108 -.25 8.0139 -4.2223 -.25 9.928
4 15 -4.5033 -.25 9.8354 -4.7699 -.25 9.707 -1.4161 -.25 7.4234 -1.3942 -.25 7.7185
4 15 -5.0173 -.25 9.5446 -1.4762 -.25 7.1337 -1.4161 -.25 7.4234 -4.7699 -.25 9.707
4 15 -5.0173 -.25 9.5446 -5.2415 -.25 9.3517 -1.5739 -.25 6.8543 -1.4762 -.25 7.1337
4 15 -5.4384 -.25 9.1308 -1.7069 -.25 6.5901 -1.5739 -.25 6.8543 -5.2415 -.25 9.3517
4 15 -5.4384 -.25 9.1308 -6.2464 -.25 8.0966 -1.8735 -.25 6.3456 -1.7069 -.25 6.5901
4 15 -6.4131 -.25 7.8521 -2.6815 -.25 5.3114 -1.8735 -.25 6.3456 -6.2464 -.25 8.0966
4 15 -6.4131 -.25 7.8521 -6.5461 -.25 7.5879 -2.8784 -.25 5.0905 -2.6815 -.25 5.3114
4 15 -6.6438 -.25 7.3085 -3.1027 -.25 4.8976 -2.8784 -.25 5.0905 -6.5461 -.25 7.5879
4 15 -6.6438 -.25 7.3085 -6.7039 -.25 7.0188 -3.3501 -.25 4.7352 -3.1027 -.25 4.8976
4 15 -6.7258 -.25 6.7237 -3.6167 -.25 4.6068 -3.3501 -.25 4.7352 -6.7039 -.25 7.0188
4 15 -6.7258 -.25 6.7237 -6.7091 -.25 6.4283 -3.8977 -.25 4.5142 -3.6167 -.25 4.6068
4 15 -6.6538 -.25 6.1377 -4.1883 -.25 4.4589 -3.8977 -.25 4.5142 -6.7091 -.25 6.4283
4 15 -6.6538 -.25 6.1377 -6.5612 -.25 5.8567 -4.4837 -.25 4.4422 -4.1883 -.25 4.4589
4 15 -6.4328 -.25 5.5901 -4.7787 -.25 4.4641 -4.4837 -.25 4.4422 -6.5612 -.25 5.8567
4 15 -6.4328 -.25 5.5901 -6.2704 -.25 5.3427 -5.0685 -.25 4.5242 -4.7787 -.25 4.4641
4 15 -6.0774 -.25 5.1185 -5.3478 -.25 4.6219 -5.0685 -.25 4.5242 -6.2704 -.25 5.3427
4 15 -6.0774 -.25 5.1185 -5.8566 -.25 4.9215 -5.6121 -.25 4.7549 -5.3478 -.25 4.6219
4 15 5.9781 -.25 10.8947 6.7078 -.25 10.3981 6.4869 -.25 10.595 6.2424 -.25 10.7617
4 15 5.9781 -.25 10.8947 5.6988 -.25 10.9924 6.9008 -.25 10.1739 6.7078 -.25 10.3981
4 15 5.4091 -.25 11.0525 7.0631 -.25 9.9265 6.9008 -.25 10.1739 5.6988 -.25 10.9924
4 15 5.4091 -.25 11.0525 5.114 -.25 11.0744 7.1915 -.25 9.6599 7.0631 -.25 9.9265
4 15 4.8186 -.25 11.0577 7.2842 -.25 9.3789 7.1915 -.25 9.6599 5.114 -.25 11.0744
4 15 4.8186 -.25 11.0577 4.528 -.25 11.0024 7.3394 -.25 9.0883 7.2842 -.25 9.3789
4 15 4.247 -.25 10.9098 7.3561 -.25 8.7929 7.3394 -.25 9.0883 4.528 -.25 11.0024
4 15 4.247 -.25 10.9098 3.9804 -.25 10.7814 7.3342 -.25 8.4978 7.3561 -.25 8.7929
4 15 3.733 -.25 10.619 7.2741 -.25 8.2081 7.3342 -.25 8.4978 3.9804 -.25 10.7814
4 15 3.733 -.25 10.619 3.5088 -.25 10.4261 7.1764 -.25 7.9287 7.2741 -.25 8.2081
4 15 3.3118 -.25 10.2052 7.0434 -.25 7.6645 7.1764 -.25 7.9287 3.5088 -.25 10.4261
4 15 3.3118 -.25 10.2052 2.5039 -.25 9.171 6.8768 -.25 7.42 7.0434 -.25 7.6645
4 15 2.3372 -.25 8.9265 6.0688 -.25 6.3858 6.8768 -.25 7.42 2.5039 -.25 9.171
4 15 2.3372 -.25 8.9265 2.2042 -.25 8.6623 5.8719 -.25 6.1649 6.0688 -.25 6.3858
4 15 2.1065 -.25 8.3829 5.6476 -.25 5.972 5.8719 -.25 6.1649 2.2042 -.25 8.6623
4 15 2.1065 -.25 8.3829 2.0464 -.25 8.0932 5.4002 -.25 5.8096 5.6476 -.25 5.972
4 15 2.0245 -.25 7.7981 5.1336 -.25 5.6812 5.4002 -.25 5.8096 2.0464 -.25 8.0932
4 15 2.0245 -.25 7.7981 2.0412 -.25 7.5027 4.8526 -.25 5.5886 5.1336 -.25 5.6812
4 15 2.0965 -.25 7.2121 4.562 -.25 5.5333 4.8526 -.25 5.5886 2.0412 -.25 7.5027
4 15 2.0965 -.25 7.2121 2.1891 -.25 6.9311 4.2666 -.25 5.5166 4.562 -.25 5.5333
4 15 2.3175 -.25 6.6645 3.9715 -.25 5.5385 4.2666 -.25 5.5166 2.1891 -.25 6.9311
4 15 2.3175 -.25 6.6645 2.4799 -.25 6.4171 3.6818 -.25 5.5986 3.9715 -.25 5.5385
4 15 2.6728 -.25 6.1929 3.4025 -.25 5.6963 3.6818 -.25 5.5986 2.4799 -.25 6.4171
4 15 2.6728 -.25 6.1929 2.8937 -.25 5.9959 3.1382 -.25 5.8293 3.4025 -.25 5.6963
4 15 -7.6537 -.25 6.7318 -7.6228 -.25 7.1479 -7.7245 -.25 12.9505 -8 -.25 12.6415
4 15 -7.6537 -.25 6.7318 -8 -.25 12.6415 -8 -.25 -.0165 -7.6302 -.25 6.3152
3 15 7.9225 -.25 1.0081 8 -.25 .377 8 -.25 7.5053
3 15 7.9225 -.25 1.0081 8 -.25 7.5053 7.8431 -.25 7.1934
3 15 7.9225 -.25 1.0081 7.8431 -.25 7.1934 7.608 -.25 6.8486
3 15 7.9225 -.25 1.0081 7.608 -.25 6.8486 2.5274 -.25 .3456
3 15 -8 -.25 -.0165 -7.5522 -.25 5.9054 -7.6302 -.25 6.3152
3 15 -8 -.25 -.0165 -7.4216 -.25 5.5091 -7.5522 -.25 5.9054
3 15 -8 -.25 -.0165 -7.2405 -.25 5.1331 -7.4216 -.25 5.5091
3 15 -8 -.25 -.0165 -7.0115 -.25 4.7842 -7.2405 -.25 5.1331
3 15 -8 -.25 -.0165 -6.7394 -.25 4.468 -7.0115 -.25 4.7842
3 15 -8 -.25 -.0165 -6.4279 -.25 4.1903 -6.7394 -.25 4.468
3 15 -8 -.25 -.0165 -6.0831 -.25 3.9553 -6.4279 -.25 4.1903
3 15 -8 -.25 -.0165 -5.7104 -.25 3.7677 -6.0831 -.25 3.9553
3 15 -8 -.25 -.0165 -5.3165 -.25 3.63 -5.7104 -.25 3.7677
3 15 -8 -.25 -.0165 -4.9079 -.25 3.5451 -5.3165 -.25 3.63
3 15 -8 -.25 -.0165 -4.4917 -.25 3.5143 -4.9079 -.25 3.5451
4 15 -8 -.25 -.0165 -6.846 -.25 -.0165 -4.0752 -.25 3.5378 -4.4917 -.25 3.5143
4 15 -5.6664 -.25 -.0165 2.0109 -.25 5.5424 1.7387 -.25 5.8586 -1.1423 -.25 5.7742
3 15 -5.6664 -.25 -.0165 2.3224 -.25 5.2647 2.0109 -.25 5.5424
3 15 -5.6664 -.25 -.0165 2.6672 -.25 5.0296 2.3224 -.25 5.2647
3 15 -5.6664 -.25 -.0165 3.0399 -.25 4.8421 2.6672 -.25 5.0296
3 15 -5.6664 -.25 -.0165 3.4338 -.25 4.7044 3.0399 -.25 4.8421
3 15 -5.6664 -.25 -.0165 3.8424 -.25 4.6195 3.4338 -.25 4.7044
3 15 -5.6664 -.25 -.0165 4.2585 -.25 4.5887 3.8424 -.25 4.6195
4 15 -5.6664 -.25 -.0165 1.0667 -.25 -.0165 4.6751 -.25 4.6122 4.2585 -.25 4.5887
3 15 7.1927 -.25 -.0165 8 -.25 -.0165 8 -.25 .0826