0 ~Sticker  0.8 x  1.9 with Blue and Yellow Trapezoid on Red Background Left - Fourth Face
0 Name: s\6221805aos04.dat
0 Author: Massimo Maso [Sirio]
0 !LDRAW_ORG Unofficial_Subpart
0 !LICENSE Licensed under CC BY 4.0 : see CAreadme.txt

0 BFC CERTIFY CCW

0 // Faces
0 // Black faces
4 0 2.9152 -.25 .0128 3.062 -.25 -7.061 5.024 -.25 -7.061 4.7303 -.25 .0128
4 0 -3.2118 -.25 -2.0804 -2.7999 -.25 .0128 -3.6229 -.25 .0128 -4.0256 -.25 -2.0299
4 0 -3.2118 -.25 -2.0804 -4.0256 -.25 -2.0299 -4.5 -.25 -4.0572 -3.7 -.25 -4.1571
4 0 -4.0488 -.25 -5.6048 -3.7 -.25 -4.1571 -4.5 -.25 -4.0572 -4.8577 -.25 -5.5547
4 0 -4.0488 -.25 -5.6048 -4.8577 -.25 -5.5547 -5.1762 -.25 -7.061 -4.3605 -.25 -7.061
0 // Blue faces
4 1 -8 -.25 .0128 -4.5 -.25 -4.0572 -4.0256 -.25 -2.0299 -3.6229 -.25 .0128
3 1 -8 -.25 .0128 -4.8577 -.25 -5.5547 -4.5 -.25 -4.0572
4 1 -8 -.25 .0128 -8 -.25 -7.061 -5.1762 -.25 -7.061 -4.8577 -.25 -5.5547
0 // Red face
4 4 8 -.25 .0128 4.7303 -.25 .0128 5.024 -.25 -7.061 8 -.25 -7.061
0 // Yellow faces
3 14 2.9152 -.25 .0128 -2.7999 -.25 .0128 -3.2118 -.25 -2.0804
3 14 2.9152 -.25 .0128 -3.2118 -.25 -2.0804 -3.7 -.25 -4.1571
3 14 2.9152 -.25 .0128 -3.7 -.25 -4.1571 -4.0488 -.25 -5.6048
4 14 2.9152 -.25 .0128 -4.0488 -.25 -5.6048 -4.3605 -.25 -7.061 3.062 -.25 -7.061
