0 ~Sticker  1.8 x  1.8 Round with Cutout Top
0 Name: s\6228775fs02.dat
0 Author: Jens Brühl [jb70]
0 !LDRAW_ORG Unofficial_Subpart
0 !LICENSE Licensed under CC BY 4.0 : see CAreadme.txt

0 BFC CERTIFY CCW

0 !KEYWORDS set 42083

0 // Sticker Top
1 16 0 -.25 0 0 0 18 0 1 0 18 0 0 48\1-16chrd.dat
1 16 0 -.25 0 0 0 -18 0 1 0 18 0 0 48\2-4disc.dat
1 16 0 -.25 0 0 0 18 0 1 0 -18 0 0 48\1-6chrd.dat
1 16 30 -.25 10 -22 0 0 0 1 0 0 0 -22 48\1-8tndis.dat
1 16 6.5 -.25 14.6 2 0 0 0 1 0 0 0 2 3-16chrd.dat
1 16 13.95 -.25 -7.8 2 0 0 0 1 0 0 0 2 1-8chrd.dat
1 16 13.95 -.25 -7.8 2 0 0 0 1 0 0 0 -2 1-16chrd.dat
4 16 15.95 -.25 -7.8 15.3642 -.25 -6.3858 14.4438 -.25 -5.5562 15.7978 -.25 -8.5654
4 16 15.7978 -.25 -8.5654 14.4438 -.25 -5.5562 8 -.25 -5.5562 15.588 -.25 -9
3 16 15.588 -.25 -9 8 -.25 -5.5562 0 -.25 -18
3 16 0 -.25 -18 8 -.25 -5.5562 0 -.25 0
4 16 0 -.25 0 8 -.25 -5.5562 8 -.25 10 0 -.25 18
4 16 6.8886 -.25 16.6302 8.1892 -.25 12.871 8.5 -.25 14.6 7.2654 -.25 16.4478
4 16 8.1892 -.25 12.871 6.8886 -.25 16.6302 0 -.25 18 8 -.25 10
