0 ~Sticker  2.7 x  2.7 with Hole with  2 Yellow Segmented Arrows - Half
0 Name: s\6234010hs01.dat
0 Author: Evert-Jan Boer [ejboer]
0 !LDRAW_ORG Unofficial_Subpart
0 !LICENSE Licensed under CC BY 4.0 : see CAreadme.txt

0 BFC CERTIFY CCW

0 !HISTORY 2025-06-26 [Blechtaler] subfiled, used prims

1 16 0 0 0 10 0 0 0 -1 0 0 0 -10 2-4ndis.dat
1 16 0 0 0 27.5 0 0 0 -1 0 0 0 -27.5 48\1-4chrd.dat
1 16 0 0 0 -27.5 0 0 0 -1 0 0 0 -27.5 48\1-4chrd.dat
3 16 27.5 0 0 10 0 -10 10 0 0
3 16 10 0 -10 27.5 0 0 0 0 -27.5
3 16 10 0 -10 0 0 -27.5 0 0 -10
3 16 0 0 -10 0 0 -27.5 -10 0 -10
3 16 -10 0 -10 0 0 -27.5 -27.5 0 0
3 16 -10 0 -10 -27.5 0 0 -10 0 0

1 15 0 -.25 0 27.5 0 0 0 1 0 0 0 -27.5 48\1-8chrd.dat
1 15 0 -.25 0 0 0 27.5 0 1 0 -27.5 0 0 48\1-8chrd.dat
1 15 0 -.25 0 0 0 -27.5 0 1 0 -27.5 0 0 48\1-8chrd.dat
1 15 0 -.25 0 -27.5 0 0 0 1 0 0 0 -27.5 48\1-8chrd.dat
1 15 0 -.25 0 10 0 0 0 1 0 0 0 -10 1-4ndis.dat
1 15 0 -.25 0 -10 0 0 0 1 0 0 0 -10 3-16tndis.dat
1 15 0 -.25 0 0 0 -10 0 1 0 -10 0 0 1-16tndis.dat

4 0 -4.297 -0.25 -21.603 -2.875 -0.25 -21.838 -2.793 -0.25 -21.216 -4.175 -0.25 -20.988
4 0 -5.538 -0.25 -20.67 -5.701 -0.25 -21.275 -4.297 -0.25 -21.603 -4.175 -0.25 -20.988
4 0 -3.199 -0.25 -16.081 -3.343 -0.25 -16.808 -2.237 -0.25 -16.99 -2.14 -0.25 -16.256
4 0 -3.199 -0.25 -16.081 -4.244 -0.25 -15.837 -4.435 -0.25 -16.553 -3.343 -0.25 -16.808
4 0 -6.877 -0.25 -15.688 -6.274 -0.25 -15.148 -7.252 -0.25 -14.705 -7.58 -0.25 -15.37
4 0 -8.198 -0.25 -14.199 -8.569 -0.25 -14.841 -7.58 -0.25 -15.37 -7.252 -0.25 -14.705
4 0 -9.125 -0.25 -13.622 -9.521 -0.25 -14.249 -8.569 -0.25 -14.841 -8.198 -0.25 -14.199
4 0 -9.742 -0.25 -19.755 -9.465 -0.25 -19.192 -10.7 -0.25 -18.532 -11.013 -0.25 -19.075
4 0 -11.889 -0.25 -17.793 -12.237 -0.25 -18.314 -11.013 -0.25 -19.075 -10.7 -0.25 -18.532
4 0 2.793 -0.25 -21.216 2.875 -0.25 -21.838 4.297 -0.25 -21.603 4.175 -0.25 -20.988
4 0 4.297 -0.25 -21.603 5.701 -0.25 -21.275 5.538 -0.25 -20.67 4.175 -0.25 -20.988
4 0 1.395 -0.25 -17.073 2.237 -0.25 -16.99 2.14 -0.25 -16.256 1.072 -0.25 -16.361
4 0 2.237 -0.25 -16.99 3.343 -0.25 -16.808 3.199 -0.25 -16.081 2.14 -0.25 -16.256
4 0 3.199 -0.25 -16.081 3.343 -0.25 -16.808 4.435 -0.25 -16.553 4.244 -0.25 -15.837
4 0 7.58 -0.25 -15.37 8.569 -0.25 -14.841 8.198 -0.25 -14.199 7.252 -0.25 -14.705
4 0 8.569 -0.25 -14.841 9.521 -0.25 -14.249 9.109 -0.25 -13.633 8.198 -0.25 -14.199
4 0 10.7 -0.25 -18.532 9.465 -0.25 -19.192 9.742 -0.25 -19.755 11.013 -0.25 -19.075
4 0 11.013 -0.25 -19.075 12.237 -0.25 -18.314 11.889 -0.25 -17.793 10.7 -0.25 -18.532
4 0 16.089 -0.25 -14.109 15.131 -0.25 -15.131 15.575 -0.25 -15.575 16.56 -0.25 -14.523
4 0 12.327 -0.25 -10.811 11.594 -0.25 -11.594 12.118 -0.25 -12.118 12.884 -0.25 -11.299
4 0 12.994 -0.25 -11.165 16.281 -0.25 -13.875 17.209 -0.25 -13.732 12.867 -0.25 -10.153
4 0 10.816 -0.25 -12.322 14.618 -0.25 -16.471 14.706 -0.25 -15.53 11.828 -0.25 -12.389
4 0 17.209 -0.25 -13.732 16.281 -0.25 -13.875 16.089 -0.25 -14.109 16.56 -0.25 -14.523
4 0 12.994 -0.25 -11.165 12.867 -0.25 -10.153 12.327 -0.25 -10.811 12.884 -0.25 -11.299
4 0 12.439 -0.25 -17.398 13.381 -0.25 -17.494 10.031 -0.25 -12.967 9.905 -0.25 -13.974
4 0 15.131 -0.25 -15.131 14.706 -0.25 -15.53 14.618 -0.25 -16.471 15.575 -0.25 -15.575
4 0 10.816 -0.25 -12.322 11.828 -0.25 -12.389 12.118 -0.25 -12.118 11.594 -0.25 -11.594
4 0 10.031 -0.25 -12.967 9.109 -0.25 -13.633 9.521 -0.25 -14.249 9.905 -0.25 -13.974
4 0 11.889 -0.25 -17.793 12.237 -0.25 -18.314 13.381 -0.25 -17.494 12.439 -0.25 -17.398
4 0 6.477 -0.25 -15.056 8.81 -0.25 -20.177 9.188 -0.25 -19.317 7.422 -0.25 -15.441
4 0 9.465 -0.25 -19.192 9.188 -0.25 -19.317 8.81 -0.25 -20.177 9.742 -0.25 -19.755
4 0 7.58 -0.25 -15.37 7.252 -0.25 -14.705 6.477 -0.25 -15.056 7.422 -0.25 -15.441
4 0 5.74 -0.25 -20.609 6.587 -0.25 -21.007 4.989 -0.25 -15.611 4.53 -0.25 -16.524
4 0 4.989 -0.25 -15.611 4.244 -0.25 -15.837 4.435 -0.25 -16.553 4.53 -0.25 -16.524
4 0 5.538 -0.25 -20.67 5.701 -0.25 -21.275 6.587 -0.25 -21.007 5.74 -0.25 -20.609
4 0 0.651 -0.25 -16.375 0.995 -0.25 -21.993 1.655 -0.25 -21.328 1.395 -0.25 -17.073
4 0 -1.655 -0.25 -21.328 -0.995 -0.25 -21.993 -0.651 -0.25 -16.375 -1.395 -0.25 -17.073
4 0 2.875 -0.25 -21.838 2.793 -0.25 -21.216 1.655 -0.25 -21.328 1.441 -0.25 -21.979
3 0 1.655 -0.25 -21.328 0.995 -0.25 -21.993 1.441 -0.25 -21.979
3 0 1.072 -0.25 -16.361 0.651 -0.25 -16.375 1.395 -0.25 -17.073
3 0 -1.072 -0.25 -16.361 -1.395 -0.25 -17.073 -0.651 -0.25 -16.375
4 0 -2.14 -0.25 -16.256 -2.237 -0.25 -16.99 -1.395 -0.25 -17.073 -1.072 -0.25 -16.361
3 0 -1.655 -0.25 -21.328 -1.441 -0.25 -21.979 -0.995 -0.25 -21.993
4 0 -2.875 -0.25 -21.838 -1.441 -0.25 -21.979 -1.655 -0.25 -21.328 -2.793 -0.25 -21.216
4 0 -4.816 -0.25 -16.438 -5.263 -0.25 -15.528 -6.955 -0.25 -20.895 -6.097 -0.25 -20.5
4 0 -8.508 -0.25 -19.626 -8.101 -0.25 -20.473 -5.947 -0.25 -15.271 -6.877 -0.25 -15.688
4 0 -5.538 -0.25 -20.67 -6.097 -0.25 -20.5 -6.955 -0.25 -20.895 -5.701 -0.25 -21.275
4 0 -5.263 -0.25 -15.528 -4.816 -0.25 -16.438 -4.435 -0.25 -16.553 -4.244 -0.25 -15.837
3 0 -6.274 -0.25 -15.148 -6.877 -0.25 -15.688 -5.947 -0.25 -15.271
4 0 -8.101 -0.25 -20.473 -8.508 -0.25 -19.626 -9.742 -0.25 -19.755 -8.429 -0.25 -20.349
3 0 -9.465 -0.25 -19.192 -9.742 -0.25 -19.755 -8.508 -0.25 -19.626
4 0 -17.209 -0.25 -10.311 -16.344 -0.25 -11.011 -7.911 -0.25 -11.011 -6.444 -0.25 -10.311
4 0 -16.344 -0.25 -11.011 -17.209 -0.25 -10.311 -14.97 -0.25 -20.84 -14.591 -0.25 -19.259
4 0 -12.847 -0.25 -17.106 -14.591 -0.25 -19.259 -14.97 -0.25 -20.84 -12.672 -0.25 -18.002
4 0 -10.162 -0.25 -13.79 -9.125 -0.25 -13.622 -6.444 -0.25 -10.311 -7.911 -0.25 -11.011
4 0 -12.847 -0.25 -17.106 -12.672 -0.25 -18.002 -12.237 -0.25 -18.314 -11.889 -0.25 -17.793
3 0 -9.125 -0.25 -13.622 -10.162 -0.25 -13.79 -9.521 -0.25 -14.249
4 14 16.281 -0.25 -13.875 12.994 -0.25 -11.165 12.884 -0.25 -11.299 16.089 -0.25 -14.109
4 14 16.089 -0.25 -14.109 12.884 -0.25 -11.299 12.118 -0.25 -12.118 15.131 -0.25 -15.131
4 14 12.118 -0.25 -12.118 11.828 -0.25 -12.389 14.706 -0.25 -15.53 15.131 -0.25 -15.131
4 14 12.439 -0.25 -17.398 9.905 -0.25 -13.974 9.521 -0.25 -14.249 11.889 -0.25 -17.793
4 14 11.889 -0.25 -17.793 9.521 -0.25 -14.249 8.569 -0.25 -14.841 10.7 -0.25 -18.532
4 14 10.7 -0.25 -18.532 8.569 -0.25 -14.841 7.58 -0.25 -15.37 9.465 -0.25 -19.192
4 14 7.58 -0.25 -15.37 7.422 -0.25 -15.441 9.188 -0.25 -19.317 9.465 -0.25 -19.192
4 14 5.74 -0.25 -20.609 4.53 -0.25 -16.524 4.435 -0.25 -16.553 5.538 -0.25 -20.67
4 14 5.538 -0.25 -20.67 4.435 -0.25 -16.553 3.343 -0.25 -16.808 4.175 -0.25 -20.988
4 14 4.175 -0.25 -20.988 3.343 -0.25 -16.808 2.237 -0.25 -16.99 2.793 -0.25 -21.216
4 14 2.793 -0.25 -21.216 2.237 -0.25 -16.99 1.395 -0.25 -17.073 1.655 -0.25 -21.328
4 14 -1.655 -0.25 -21.328 -1.395 -0.25 -17.073 -2.237 -0.25 -16.99 -2.793 -0.25 -21.216
4 14 -3.343 -0.25 -16.808 -4.175 -0.25 -20.988 -2.793 -0.25 -21.216 -2.237 -0.25 -16.99
4 14 -4.175 -0.25 -20.988 -3.343 -0.25 -16.808 -4.435 -0.25 -16.553 -5.538 -0.25 -20.67
4 14 -4.816 -0.25 -16.438 -6.097 -0.25 -20.5 -5.538 -0.25 -20.67 -4.435 -0.25 -16.553
4 14 -7.58 -0.25 -15.37 -9.465 -0.25 -19.192 -8.508 -0.25 -19.626 -6.877 -0.25 -15.688
4 14 -8.569 -0.25 -14.841 -10.7 -0.25 -18.532 -9.465 -0.25 -19.192 -7.58 -0.25 -15.37
4 14 -10.7 -0.25 -18.532 -8.569 -0.25 -14.841 -9.521 -0.25 -14.249 -11.889 -0.25 -17.793
4 14 -10.162 -0.25 -13.79 -12.847 -0.25 -17.106 -11.889 -0.25 -17.793 -9.521 -0.25 -14.249
3 14 -16.344 -0.25 -11.011 -12.847 -0.25 -17.106 -10.162 -0.25 -13.79
3 14 -16.344 -0.25 -11.011 -14.591 -0.25 -19.259 -12.847 -0.25 -17.106
3 14 -16.344 -0.25 -11.011 -10.162 -0.25 -13.79 -7.911 -0.25 -11.011
4 15 14.618 -0.25 -16.471 10.816 -0.25 -12.322 10.031 -0.25 -12.967 13.381 -0.25 -17.494
4 15 8.81 -0.25 -20.177 6.477 -0.25 -15.056 4.989 -0.25 -15.611 6.587 -0.25 -21.007
4 15 0.995 -0.25 -21.993 0.651 -0.25 -16.375 -0.651 -0.25 -16.375 -0.995 -0.25 -21.993
4 15 -5.263 -0.25 -15.528 -5.947 -0.25 -15.271 -8.101 -0.25 -20.473 -6.955 -0.25 -20.895
4 15 -10 -.25 -9.239 -10 -.25 0 -27.5 -.25 0 -17.209 -.25 -10.311
4 15 -14.97 -.25 -20.84 -17.209 -.25 -10.311 -27.5 -.25 0 -19.445 -.25 -19.445
3 15 -14.97 -.25 -20.84 -19.445 -.25 -19.445 0 -.25 -27.5
3 15 -12.672 -0.25 -18.002 -14.97 -0.25 -20.84 -12.237 -0.25 -18.314
3 15 -9.742 -.25 -19.755 -11.013 -.25 -19.075 -14.97 -.25 -20.84
3 15 -8.429 -.25 -20.349 -9.742 -.25 -19.755 -14.97 -.25 -20.84
3 15 -8.101 -.25 -20.473 -8.429 -.25 -20.349 -14.97 -.25 -20.84
3 15 -11.013 -.25 -19.075 -12.237 -.25 -18.314 -14.97 -.25 -20.84
4 15 -14.97 -.25 -20.84 0 -.25 -27.5 -6.955 -.25 -20.895 -8.101 -.25 -20.473
3 15 -6.955 -.25 -20.895 0 -.25 -27.5 -5.701 -.25 -21.275
3 15 -5.701 -.25 -21.275 0 -.25 -27.5 -4.297 -.25 -21.603
3 15 -4.297 -.25 -21.603 0 -.25 -27.5 -2.875 -.25 -21.838
3 15 -2.875 -.25 -21.838 0 -.25 -27.5 -1.441 -.25 -21.979
3 15 -1.441 -.25 -21.979 0 -.25 -27.5 -.995 -.25 -21.993
3 15 0 -.25 -27.5 .995 -.25 -21.993 -.995 -.25 -21.993
3 15 1.441 -.25 -21.979 .995 -.25 -21.993 0 -.25 -27.5
3 15 1.441 -.25 -21.979 0 -.25 -27.5 2.875 -.25 -21.838
3 15 4.297 -.25 -21.603 2.875 -.25 -21.838 0 -.25 -27.5
3 15 5.701 -.25 -21.275 4.297 -.25 -21.603 0 -.25 -27.5
4 15 8.81 -.25 -20.177 6.587 -.25 -21.007 0 -.25 -27.5 19.445 -.25 -19.445
3 15 6.587 -.25 -21.007 5.701 -.25 -21.275 0 -.25 -27.5
3 15 19.445 -.25 -19.445 9.742 -.25 -19.755 8.81 -.25 -20.177
3 15 11.013 -.25 -19.075 9.742 -.25 -19.755 19.445 -.25 -19.445
3 15 11.013 -.25 -19.075 19.445 -.25 -19.445 12.237 -.25 -18.314
3 15 13.381 -.25 -17.494 12.237 -.25 -18.314 19.445 -.25 -19.445
3 15 13.381 -.25 -17.494 19.445 -.25 -19.445 14.618 -.25 -16.471
3 15 15.575 -0.25 -15.575 14.618 -0.25 -16.471 19.445 -0.25 -19.445
3 15 17.209 -.25 -13.732 16.56 -.25 -14.523 19.445 -.25 -19.445
3 15 19.445 -.25 -19.445 27.5 -.25 0 17.209 -.25 -13.732
3 15 16.56 -.25 -14.523 15.575 -.25 -15.575 19.445 -.25 -19.445
4 15 10 -.25 0 12.867 -.25 -10.153 17.209 -.25 -13.732 27.5 -.25 0
4 15 -9.125 -0.25 -13.622 -8.198 -0.25 -14.199 -7.252 -0.25 -14.705 -6.444 -0.25 -10.311
4 15 -5.947 -.25 -15.271 -6.444 -.25 -10.311 -7.252 -.25 -14.705 -6.274 -.25 -15.148
4 15 10 -.25 0 10 -.25 -10 12.327 -.25 -10.811 12.867 -.25 -10.153
4 15 10.816 -.25 -12.322 11.594 -.25 -11.594 12.327 -.25 -10.811 10 -.25 -10
4 15 9.109 -.25 -13.633 10.031 -.25 -12.967 10.816 -.25 -12.322 10 -.25 -10
4 15 2.14 -.25 -16.256 3.199 -.25 -16.081 4.244 -.25 -15.837 0 -.25 -10
4 15 4.244 -.25 -15.837 4.989 -.25 -15.611 6.477 -.25 -15.056 0 -.25 -10
4 15 0 -.25 -10 6.477 -.25 -15.056 7.252 -.25 -14.705 10 -.25 -10
4 15 7.252 -.25 -14.705 8.198 -.25 -14.199 9.109 -.25 -13.633 10 -.25 -10
4 15 -2.14 -.25 -16.256 -3.827 -.25 -10 -4.244 -.25 -15.837 -3.199 -.25 -16.081
4 15 -4.244 -.25 -15.837 -3.827 -.25 -10 -5.947 -.25 -15.271 -5.263 -.25 -15.528
4 15 -6.444 -.25 -10.311 -5.947 -.25 -15.271 -3.827 -.25 -10 -3.827 -.25 -9.239
4 15 -1.072 -.25 -16.361 0 -.25 -10 -3.827 -.25 -10 -2.14 -.25 -16.256
4 15 2.14 -.25 -16.256 0 -.25 -10 .651 -.25 -16.375 1.072 -.25 -16.361
4 15 -1.072 -.25 -16.361 -.651 -.25 -16.375 .651 -.25 -16.375 0 -.25 -10
4 15 -3.827 -.25 -9.239 -10 -.25 -9.239 -17.209 -.25 -10.311 -6.444 -.25 -10.311