0 ~Duplo Panel  1 x  2 x  1.667 Sloped with Embossed Gauges - Gauge 3
0 Name: s\6428s02.dat
0 Author: Peter Blomberg [WUIt]
0 !LDRAW_ORG Unofficial_Subpart
0 !LICENSE Licensed under CC BY 4.0 : see CAreadme.txt

0 BFC CERTIFY CCW

1 16 0 0 0 -8 0 0 0 0 8 0 1 0 4-4edge.dat
1 16 0 0 0 -1 0 0 0 0 1 0 1 0 4-4ring7.dat

0 // front edges
0 BFC INVERTNEXT
1 16 0 0 0 -7 0 0 0 0 7 0 .5 0 4-4cylo.dat
1 16 0 0 0 0 0 -6 6 0 0 0 -1 0 3-16edge.dat
1 16 0 0 0 0 0 6 6 0 0 0 -1 0 3-16edge.dat
2 24 0 -3 0 -1.1481 -2.7717 0
2 24 -1.1481 -2.7717 0 -1.6127 -2.4612 0
2 24 -2.4612 -1.6127 0 -2.7717 -1.1481 0
1 16 0 0 0 0 0 3 -3 0 0 0 -1 0 3-16edge.dat
1 16 0 .2 0 -2 0 0 0 0 -2 0 -1 0 2-4edge.dat
2 24 .6 -4.5 0 .6 -5.8807 0
2 24 -.6 -4.5 0 -.6 -5.8807 0
1 16 0 -4.5 0 -.6 0 0 0 0 .6 0 -1 0 8\2-4edge.dat
2 24 3 -.6 0 5.8807 -.6 0
2 24 2 .6 0 5.8807 .6 0
2 24 2 .6 0 2 .2 0
2 24 3 -.6 0 2.7717 -1.1481 0
2 24 -3 -.6 0 -5.8807 -.6 0
2 24 -2 .6 0 -5.8807 .6 0
2 24 -2 .6 0 -2 .2 0
2 24 -3 -.6 0 -2.7717 -1.1481 0
1 16 3.2 -3.2 0 -.42426 0 -.42426 -.42426 0 .42426 0 -1 0 8\2-4edge.dat
2 24 3.62426 -2.77574 0 4.5825 -3.734 0
2 24 2.77574 -3.62426 0 3.734 -4.5825 0
2 24 -1.6127 -2.4612 0 -3.734 -4.5825 0
2 24 -2.4612 -1.6127 0 -4.5825 -3.734 0
2 24 -5.5434 2.2962 0 -5.8807 .6 0
2 24 -5.8807 -.6 0 -5.5434 -2.2962 0
2 24 -5.5434 -2.2962 0 -4.5825 -3.734 0
2 24 -3.734 -4.5825 0 -2.2962 -5.5434 0
2 24 -2.2962 -5.5434 0 -.6 -5.8807 0
2 24 .6 -5.8807 0 2.2962 -5.5434 0
2 24 2.2962 -5.5434 0 3.734 -4.5825 0
2 24 4.5825 -3.734 0 5.5434 -2.2962 0
2 24 5.5434 -2.2962 0 5.8807 -.6 0
2 24 5.8807 .6 0 5.5434 2.2962 0

0 // back edges
1 16 0 0 .5 0 0 -6 6 0 0 0 -1 0 3-16edge.dat
1 16 0 0 .5 0 0 6 6 0 0 0 -1 0 3-16edge.dat
2 24 0 -3 .5 -1.1481 -2.7717 .5
2 24 -1.1481 -2.7717 .5 -1.6127 -2.4612 .5
2 24 -2.4612 -1.6127 .5 -2.7717 -1.1481 .5
1 16 0 0 .5 0 0 3 -3 0 0 0 -1 0 3-16edge.dat
1 16 0 .2 .5 -2 0 0 0 0 -2 0 -1 0 2-4edge.dat
2 24 .6 -4.5 .5 .6 -5.8807 .5
2 24 -.6 -4.5 .5 -.6 -5.8807 .5
1 16 0 -4.5 .5 -.6 0 0 0 0 .6 0 -1 0 8\2-4edge.dat
2 24 3 -.6 .5 5.8807 -.6 .5
2 24 2 .6 .5 5.8807 .6 .5
2 24 2 .6 .5 2 .2 .5
2 24 3 -.6 .5 2.7717 -1.1481 .5
2 24 -3 -.6 .5 -5.8807 -.6 .5
2 24 -2 .6 .5 -5.8807 .6 .5
2 24 -2 .6 .5 -2 .2 .5
2 24 -3 -.6 .5 -2.7717 -1.1481 .5
1 16 3.2 -3.2 .5 -.42426 0 -.42426 -.42426 0 .42426 0 -1 0 8\2-4edge.dat
2 24 3.62426 -2.77574 .5 4.5825 -3.734 .5
2 24 2.77574 -3.62426 .5 3.734 -4.5825 .5
2 24 -1.6127 -2.4612 .5 -3.734 -4.5825 .5
2 24 -2.4612 -1.6127 .5 -4.5825 -3.734 .5
2 24 -5.5434 2.2962 .5 -5.8807 .6 .5
2 24 -5.8807 -.6 .5 -5.5434 -2.2962 .5
2 24 -5.5434 -2.2962 .5 -4.5825 -3.734 .5
2 24 -3.734 -4.5825 .5 -2.2962 -5.5434 .5
2 24 -2.2962 -5.5434 .5 -.6 -5.8807 .5
2 24 .6 -5.8807 .5 2.2962 -5.5434 .5
2 24 2.2962 -5.5434 .5 3.734 -4.5825 .5
2 24 4.5825 -3.734 .5 5.5434 -2.2962 .5
2 24 5.5434 -2.2962 .5 5.8807 -.6 .5
2 24 5.8807 .6 .5 5.5434 2.2962 .5

0 // protrusion
2 24 -.6 -5.8807 0 -.6 -5.8807 .5
2 24 -2 .6 0 -2 .6 .5
2 24 -4.5825 -3.734 0 -4.5825 -3.734 .5
2 24 4.5825 -3.734 0 4.5825 -3.734 .5
2 24 5.8807 -.6 0 5.8807 -.6 .5
2 24 .6 -5.8807 0 .6 -5.8807 .5
2 24 5.8807 .6 0 5.8807 .6 .5
2 24 2 .6 0 2 .6 .5
2 24 3.734 -4.5825 0 3.734 -4.5825 .5
2 24 -3.734 -4.5825 0 -3.734 -4.5825 .5
2 24 -5.8807 .6 0 -5.8807 .6 .5
2 24 -5.8807 -.6 0 -5.8807 -.6 .5
2 24 -2.4612 -1.6127 0 -2.4612 -1.6127 .5
2 24 -1.6127 -2.4612 0 -1.6127 -2.4612 .5
2 24 3 -.6 0 3 -.6 .5
2 24 -3 -.6 0 -3 -.6 .5
4 16 -.7654 -1.6478 0 0 -1.8 0 0 -1.8 .5 -.7654 -1.6478 .5
4 16 -1.4142 -1.2142 0 -.7654 -1.6478 0 -.7654 -1.6478 .5 -1.4142 -1.2142 .5
4 16 .7654 -1.6478 0 1.4142 -1.2142 0 1.4142 -1.2142 .5 .7654 -1.6478 .5
4 16 0 -1.8 0 .7654 -1.6478 0 .7654 -1.6478 .5 0 -1.8 .5
4 16 1.8478 -.5654 0 2 .2 0 2 .2 .5 1.8478 -.5654 .5
4 16 1.4142 -1.2142 0 1.8478 -.5654 0 1.8478 -.5654 .5 1.4142 -1.2142 .5
4 16 2 .6 0 5.8807 .6 0 5.8807 .6 .5 2 .6 .5
4 16 2 .2 0 2 .6 0 2 .6 .5 2 .2 .5
4 16 -2.7717 -1.1481 0 -3 -.6 0 -3 -.6 .5 -2.7717 -1.1481 .5
4 16 5.8807 .6 0 5.5434 2.2962 0 5.5434 2.2962 .5 5.8807 .6 .5
4 16 -5.8807 -.6 0 -5.5434 -2.2962 0 -5.5434 -2.2962 .5 -5.8807 -.6 .5
4 16 -3 -.6 0 -5.8807 -.6 0 -5.8807 -.6 .5 -3 -.6 .5
4 16 -4.5825 -3.734 0 -2.4612 -1.6127 0 -2.4612 -1.6127 .5 -4.5825 -3.734 .5
4 16 -5.5434 -2.2962 0 -4.5825 -3.734 0 -4.5825 -3.734 .5 -5.5434 -2.2962 .5
4 16 -2.4612 -1.6127 0 -2.7717 -1.1481 0 -2.7717 -1.1481 .5 -2.4612 -1.6127 .5
4 16 2.2962 -5.5434 0 3.734 -4.5825 0 3.734 -4.5825 .5 2.2962 -5.5434 .5
4 16 2.77574 -3.62426 0 2.600012 -3.2 0 2.600012 -3.2 .5 2.77574 -3.62426 .5
4 16 3.734 -4.5825 0 2.77574 -3.62426 0 2.77574 -3.62426 .5 3.734 -4.5825 .5
4 16 2.77574 -2.77574 0 3.2 -2.600012 0 3.2 -2.600012 .5 2.77574 -2.77574 .5
4 16 2.600012 -3.2 0 2.77574 -2.77574 0 2.77574 -2.77574 .5 2.600012 -3.2 .5
4 16 3.62426 -2.77574 0 4.5825 -3.734 0 4.5825 -3.734 .5 3.62426 -2.77574 .5
4 16 3.2 -2.600012 0 3.62426 -2.77574 0 3.62426 -2.77574 .5 3.2 -2.600012 .5
4 16 5.5434 -2.2962 0 5.8807 -.6 0 5.8807 -.6 .5 5.5434 -2.2962 .5
4 16 4.5825 -3.734 0 5.5434 -2.2962 0 5.5434 -2.2962 .5 4.5825 -3.734 .5
4 16 3 -.6 0 2.7717 -1.1481 0 2.7717 -1.1481 .5 3 -.6 .5
4 16 5.8807 -.6 0 3 -.6 0 3 -.6 .5 5.8807 -.6 .5
4 16 2.1213 -2.1213 0 1.1481 -2.7717 0 1.1481 -2.7717 .5 2.1213 -2.1213 .5
4 16 2.7717 -1.1481 0 2.1213 -2.1213 0 2.1213 -2.1213 .5 2.7717 -1.1481 .5
4 16 0 -3 0 -1.1481 -2.7717 0 -1.1481 -2.7717 .5 0 -3 .5
4 16 1.1481 -2.7717 0 0 -3 0 0 -3 .5 1.1481 -2.7717 .5
4 16 -1.6127 -2.4612 0 -3.734 -4.5825 0 -3.734 -4.5825 .5 -1.6127 -2.4612 .5
4 16 -1.1481 -2.7717 0 -1.6127 -2.4612 0 -1.6127 -2.4612 .5 -1.1481 -2.7717 .5
4 16 -2.2962 -5.5434 0 -.6 -5.8807 0 -.6 -5.8807 .5 -2.2962 -5.5434 .5
4 16 -3.734 -4.5825 0 -2.2962 -5.5434 0 -2.2962 -5.5434 .5 -3.734 -4.5825 .5
4 16 -.6 -4.5 0 -.42426 -4.07574 0 -.42426 -4.07574 .5 -.6 -4.5 .5
4 16 -.6 -5.8807 0 -.6 -4.5 0 -.6 -4.5 .5 -.6 -5.8807 .5
4 16 0 -3.9 0 .42426 -4.07574 0 .42426 -4.07574 .5 0 -3.9 .5
4 16 -.42426 -4.07574 0 0 -3.9 0 0 -3.9 .5 -.42426 -4.07574 .5
4 16 .6 -4.5 0 .6 -5.8807 0 .6 -5.8807 .5 .6 -4.5 .5
4 16 .42426 -4.07574 0 .6 -4.5 0 .6 -4.5 .5 .42426 -4.07574 .5
4 16 5.5434 2.2962 0 4.2426 4.2426 0 4.2426 4.2426 .5 5.5434 2.2962 .5
4 16 .6 -5.8807 0 2.2962 -5.5434 0 2.2962 -5.5434 .5 .6 -5.8807 .5
4 16 2.2962 5.5434 0 0 6 0 0 6 .5 2.2962 5.5434 .5
4 16 4.2426 4.2426 0 2.2962 5.5434 0 2.2962 5.5434 .5 4.2426 4.2426 .5
4 16 -2.2962 5.5434 0 -4.2426 4.2426 0 -4.2426 4.2426 .5 -2.2962 5.5434 .5
4 16 0 6 0 -2.2962 5.5434 0 -2.2962 5.5434 .5 0 6 .5
4 16 -5.5434 2.2962 0 -5.8807 .6 0 -5.8807 .6 .5 -5.5434 2.2962 .5
4 16 -4.2426 4.2426 0 -5.5434 2.2962 0 -5.5434 2.2962 .5 -4.2426 4.2426 .5
4 16 -2 .6 0 -2 .2 0 -2 .2 .5 -2 .6 .5
4 16 -5.8807 .6 0 -2 .6 0 -2 .6 .5 -5.8807 .6 .5
4 16 -1.8478 -.5654 0 -1.4142 -1.2142 0 -1.4142 -1.2142 .5 -1.8478 -.5654 .5
4 16 -2 .2 0 -1.8478 -.5654 0 -1.8478 -.5654 .5 -2 .2 .5
5 24 -2.7717 -1.1481 0 -2.7717 -1.1481 .5 -2.4612 -1.6127 0 -3 -.6 0
5 24 2.600012 -3.2 0 2.600012 -3.2 .5 2.77574 -2.77574 0 2.77574 -3.62426 0
5 24 2.77574 -3.62426 0 2.77574 -3.62426 .5 2.600012 -3.2 0 3.734 -4.5825 0
5 24 3.2 -2.600012 0 3.2 -2.600012 .5 3.62426 -2.77574 0 2.77574 -2.77574 0
5 24 2.77574 -2.77574 0 2.77574 -2.77574 .5 3.2 -2.600012 0 2.600012 -3.2 0
5 24 3.62426 -2.77574 0 3.62426 -2.77574 .5 4.5825 -3.734 0 3.2 -2.600012 0
5 24 5.5434 -2.2962 0 5.5434 -2.2962 .5 5.8807 -.6 0 4.5825 -3.734 0
5 24 2.7717 -1.1481 0 2.7717 -1.1481 .5 2.1213 -2.1213 0 3 -.6 0
5 24 1.1481 -2.7717 0 1.1481 -2.7717 .5 0 -3 0 2.1213 -2.1213 0
5 24 2.1213 -2.1213 0 2.1213 -2.1213 .5 1.1481 -2.7717 0 2.7717 -1.1481 0
5 24 -1.1481 -2.7717 0 -1.1481 -2.7717 .5 -1.6127 -2.4612 0 0 -3 0
5 24 0 -3 0 0 -3 .5 -1.1481 -2.7717 0 1.1481 -2.7717 0
5 24 -2.2962 -5.5434 0 -2.2962 -5.5434 .5 -.6 -5.8807 0 -3.734 -4.5825 0
5 24 -.42426 -4.07574 0 -.42426 -4.07574 .5 0 -3.9 0 -.6 -4.5 0
5 24 -.6 -4.5 0 -.6 -4.5 .5 -.42426 -4.07574 0 -.6 -5.8807 0
5 24 .42426 -4.07574 0 .42426 -4.07574 .5 .6 -4.5 0 0 -3.9 0
5 24 0 -3.9 0 0 -3.9 .5 .42426 -4.07574 0 -.42426 -4.07574 0
5 24 .6 -4.5 0 .6 -4.5 .5 .6 -5.8807 0 .42426 -4.07574 0
5 24 4.2426 4.2426 0 4.2426 4.2426 .5 2.2962 5.5434 0 5.5434 2.2962 0
5 24 2.2962 -5.5434 0 2.2962 -5.5434 .5 .6 -5.8807 0 3.734 -4.5825 0
5 24 0 6 0 0 6 .5 -2.2962 5.5434 0 2.2962 5.5434 0
5 24 2.2962 5.5434 0 2.2962 5.5434 .5 0 6 0 4.2426 4.2426 0
5 24 -4.2426 4.2426 0 -4.2426 4.2426 .5 -5.5434 2.2962 0 -2.2962 5.5434 0
5 24 -2.2962 5.5434 0 -2.2962 5.5434 .5 -4.2426 4.2426 0 0 6 0
5 24 -5.5434 2.2962 0 -5.5434 2.2962 .5 -5.8807 .6 0 -4.2426 4.2426 0
5 24 -2 .2 0 -2 .2 .5 -1.8478 -.5654 0 -2 .6 0
5 24 -1.4142 -1.2142 0 -1.4142 -1.2142 .5 -.7654 -1.6478 0 -1.8478 -.5654 0
5 24 -1.8478 -.5654 0 -1.8478 -.5654 .5 -1.4142 -1.2142 0 -2 .2 0
5 24 0 -1.8 0 0 -1.8 .5 .7654 -1.6478 0 -.7654 -1.6478 0
5 24 -.7654 -1.6478 0 -.7654 -1.6478 .5 0 -1.8 0 -1.4142 -1.2142 0
5 24 1.4142 -1.2142 0 1.4142 -1.2142 .5 1.8478 -.5654 0 .7654 -1.6478 0
5 24 .7654 -1.6478 0 .7654 -1.6478 .5 1.4142 -1.2142 0 0 -1.8 0
5 24 2 .2 0 2 .2 .5 2 .6 0 1.8478 -.5654 0
5 24 1.8478 -.5654 0 1.8478 -.5654 .5 2 .2 0 1.4142 -1.2142 0
5 24 5.5434 2.2962 0 5.5434 2.2962 .5 5.8807 .6 0 4.2426 4.2426 0
5 24 -5.5434 -2.2962 0 -5.5434 -2.2962 .5 -4.5825 -3.734 0 -5.8807 -.6 0

0 // front surface
4 16 -5.5434 -2.2962 0 -5.8807 -.6 0 -3 -.6 0 -2.7717 -1.1481 0
4 16 -4.5825 -3.734 0 -5.5434 -2.2962 0 -2.7717 -1.1481 0 -2.4612 -1.6127 0
4 16 -.6 -4.5 0 -.6 -5.8807 0 -2.2962 -5.5434 0 -3.734 -4.5825 0
4 16 -1.6127 -2.4612 0 -1.1481 -2.7717 0 -.42426 -4.07574 0 -.6 -4.5 0
3 16 -3.734 -4.5825 0 -1.6127 -2.4612 0 -.6 -4.5 0
4 16 0 -3.9 0 -.42426 -4.07574 0 -1.1481 -2.7717 0 0 -3 0
4 16 0 -3.9 0 0 -3 0 1.1481 -2.7717 0 .42426 -4.07574 0
4 16 2.2962 -5.5434 0 .6 -5.8807 0 .6 -4.5 0 3.734 -4.5825 0
4 16 2.77574 -3.62426 0 3.734 -4.5825 0 .6 -4.5 0 .42426 -4.07574 0
4 16 2.600011508 -3.2 0 2.77574 -3.62426 0 .42426 -4.07574 0 1.1481 -2.7717 0
4 16 2.77574 -2.77574 0 2.600011508 -3.2 0 1.1481 -2.7717 0 2.1213 -2.1213 0
4 16 2.77574 -2.77574 0 2.1213 -2.1213 0 2.7717 -1.1481 0 3.2 -2.600011508 0
3 16 4.5825 -3.734 0 3.62426 -2.77574 0 5.5434 -2.2962 0
4 16 3.2 -2.600011508 0 2.7717 -1.1481 0 3 -.6 0 3.62426 -2.77574 0
4 16 5.5434 -2.2962 0 3.62426 -2.77574 0 3 -.6 0 5.8807 -.6 0
4 16 5.5434 2.2962 0 5.8807 .6 0 2 .6 0 4.2426 4.2426 0
4 16 2.2962 5.5434 0 4.2426 4.2426 0 2 .6 0 0 6 0
4 16 -5.8807 .6 0 -5.5434 2.2962 0 -4.2426 4.2426 0 -2 .6 0
4 16 -2 .6 0 -4.2426 4.2426 0 -2.2962 5.5434 0 0 6 0
4 16 -2 .6 0 0 6 0 2 .6 0 -2 .2 0
4 16 -2 .2 0 2 .6 0 2 .2 0 -1.8478 -.5654 0
4 16 -1.4142 -1.2142 0 -1.8478 -.5654 0 2 .2 0 1.8478 -.5654 0
4 16 -1.4142 -1.2142 0 1.8478 -.5654 0 1.4142 -1.2142 0 -.7654 -1.6478 0
4 16 0 -1.8 0 -.7654 -1.6478 0 1.4142 -1.2142 0 .7654 -1.6478 0

0 // back surface
4 16 -.6 -4.5 .5 -.42426 -4.07574 .5 0 -3.9 .5 .42426 -4.07574 .5
4 16 -.6 -4.5 .5 .42426 -4.07574 .5 .6 -4.5 .5 -.6 -5.8807 .5
4 16 -.6 -5.8807 .5 .6 -4.5 .5 .6 -5.8807 .5 0 -7 .5
4 16 2.6789 -6.4673 .5 0 -7 .5 .6 -5.8807 .5 2.2962 -5.5434 .5
4 16 4.9497 -4.9497 .5 2.6789 -6.4673 .5 2.2962 -5.5434 .5 3.734 -4.5825 .5
4 16 4.5825 -3.734 .5 4.9497 -4.9497 .5 3.734 -4.5825 .5 2.77574 -3.62426 .5
4 16 3.62426 -2.77574 .5 4.5825 -3.734 .5 2.77574 -3.62426 .5 3.2 -2.600011508 .5
4 16 2.77574 -2.77574 .5 3.2 -2.600011508 .5 2.77574 -3.62426 .5 2.600011508 -3.2 .5
4 16 4.9497 -4.9497 .5 4.5825 -3.734 .5 5.5434 -2.2962 .5 6.4673 -2.6789 .5
4 16 7 0 .5 6.4673 -2.6789 .5 5.5434 -2.2962 .5 5.8807 -.6 .5
4 16 2 .6 .5 5.8807 .6 .5 5.8807 -.6 .5 3 -.6 .5
4 16 5.8807 .6 .5 5.5434 2.2962 .5 6.4673 2.6789 .5 7 0 .5
4 16 4.9497 4.9497 .5 6.4673 2.6789 .5 5.5434 2.2962 .5 4.2426 4.2426 .5
4 16 2.6789 6.4673 .5 4.9497 4.9497 .5 4.2426 4.2426 .5 2.2962 5.5434 .5
4 16 0 7 .5 2.6789 6.4673 .5 2.2962 5.5434 .5 0 6 .5
4 16 -2.6789 6.4673 .5 0 7 .5 0 6 .5 -2.2962 5.5434 .5
4 16 -4.9497 4.9497 .5 -2.6789 6.4673 .5 -2.2962 5.5434 .5 -4.2426 4.2426 .5
4 16 -6.4673 2.6789 .5 -4.9497 4.9497 .5 -4.2426 4.2426 .5 -5.5434 2.2962 .5
4 16 -7 0 .5 -6.4673 2.6789 .5 -5.5434 2.2962 .5 -5.8807 .6 .5
4 16 -7 0 .5 -5.8807 -.6 .5 -5.5434 -2.2962 .5 -6.4673 -2.6789 .5
4 16 -6.4673 -2.6789 .5 -5.5434 -2.2962 .5 -4.5825 -3.734 .5 -4.9497 -4.9497 .5
4 16 -4.9497 -4.9497 .5 -3.734 -4.5825 .5 -2.2962 -5.5434 .5 -2.6789 -6.4673 .5
4 16 -2.6789 -6.4673 .5 -2.2962 -5.5434 .5 -.6 -5.8807 .5 0 -7 .5
4 16 -4.5825 -3.734 .5 -2.4612 -1.6127 .5 -1.6127 -2.4612 .5 -3.734 -4.5825 .5
4 16 -3 -.6 .5 -5.8807 -.6 .5 -5.8807 .6 .5 -2 .6 .5
4 16 -3 -.6 .5 -2 .6 .5 -2 .2 .5 -2.7717 -1.1481 .5
4 16 -2.7717 -1.1481 .5 -2 .2 .5 -1.8478 -.5654 .5 -2.4612 -1.6127 .5
4 16 -2.4612 -1.6127 .5 -1.8478 -.5654 .5 -1.4142 -1.2142 .5 -1.6127 -2.4612 .5
4 16 -1.6127 -2.4612 .5 -1.4142 -1.2142 .5 -.7654 -1.6478 .5 -1.1481 -2.7717 .5
4 16 -1.1481 -2.7717 .5 -.7654 -1.6478 .5 0 -1.8 .5 0 -3 .5
4 16 0 -3 .5 0 -1.8 .5 .7654 -1.6478 .5 1.1481 -2.7717 .5
4 16 2.1213 -2.1213 .5 1.1481 -2.7717 .5 .7654 -1.6478 .5 1.4142 -1.2142 .5
4 16 2.7717 -1.1481 .5 2.1213 -2.1213 .5 1.4142 -1.2142 .5 1.8478 -.5654 .5
4 16 2 .6 .5 3 -.6 .5 2.7717 -1.1481 .5 2 .2 .5
3 16 2 .2 .5 2.7717 -1.1481 .5 1.8478 -.5654 .5
3 16 -7 0 .5 -5.8807 .6 .5 -5.8807 -.6 .5
3 16 -4.9497 -4.9497 .5 -4.5825 -3.734 .5 -3.734 -4.5825 .5
3 16 5.8807 -.6 .5 5.8807 .6 .5 7 0 .5