0 ~Sticker  1.7 x  0.7 with Plant Sign Frame
0 Name: s\6435269as01.dat
0 Author: Philippe Hurbain [Philo]
0 !LDRAW_ORG Unofficial_Subpart
0 !LICENSE Licensed under CC BY 4.0 : see CAreadme.txt

0 BFC CERTIFY CCW

1 16 16.5 0 -6.5 0 0 1 0 -1 0 -1 0 0 1-4chrd.dat
1 16 -16.5 0 -6.5 -1 0 0 0 -1 0 0 0 -1 1-4chrd.dat
1 16 -16.5 0 6.5 0 0 -1 0 -1 0 1 0 0 1-4chrd.dat
1 16 16.5 0 6.5 1 0 0 0 -1 0 0 0 1 1-4chrd.dat
4 16 -17.5 0 -6.5 -17.5 0 6.5 -16.5 0 7.5 -16.5 0 -7.5
4 16 16.5 0 -7.5 -16.5 0 -7.5 -16.5 0 7.5 16.5 0 7.5
4 16 16.5 0 -7.5 16.5 0 7.5 17.5 0 6.5 17.5 0 -6.5

1 16 16.5 -.25 -6.5 0 0 1 0 .25 0 -1 0 0 1-4cyli.dat
1 16 16.5 -.25 6.5 1 0 0 0 .25 0 0 0 1 1-4cyli.dat
1 16 -16.5 -.25 6.5 0 0 -1 0 .25 0 1 0 0 1-4cyli.dat
1 16 -16.5 -.25 -6.5 -1 0 0 0 .25 0 0 0 -1 1-4cyli.dat
4 16 -17.5 -.25 -6.5 -17.5 -.25 6.5 -17.5 0 6.5 -17.5 0 -6.5
4 16 16.5 -.25 -7.5 -16.5 -.25 -7.5 -16.5 0 -7.5 16.5 0 -7.5
4 16 17.5 -.25 6.5 17.5 -.25 -6.5 17.5 0 -6.5 17.5 0 6.5
4 16 -16.5 -.25 7.5 16.5 -.25 7.5 16.5 0 7.5 -16.5 0 7.5
1 0 16.5 -.25 6.5 1 0 0 0 1 0 0 0 1 1-4chrd.dat
1 0 16.5 -.25 -6.5 0 0 1 0 1 0 -1 0 0 1-4chrd.dat
1 0 -16.5 -.25 -6.5 -1 0 0 0 1 0 0 0 -1 1-4chrd.dat
1 0 -16.5 -.25 6.5 0 0 -1 0 1 0 1 0 0 1-4chrd.dat
4 0 -16.5 -.25 7.5 -17.5 -.25 6.5 -17.5 -.25 -6.5 -16.5 -.25 -7.5
4 0 16.5 -.25 7.5 16.5 -.25 -7.5 17.5 -.25 -6.5 17.5 -.25 6.5
4 15 .7 -.25 4.7 .7 -.25 2.6 14.2 -.25 2.6 14.2 -.25 4.7
4 15 5.8 -.25 .1 5.8 -.25 1 3.1 -.25 1 3.1 -.25 .1
4 15 12.9 -.25 .1 12.9 -.25 1 6.8 -.25 1 6.8 -.25 .1
4 15 9.1 -.25 -2 9.1 -.25 -1.1 3.1 -.25 -1.1 3.1 -.25 -2
4 15 12.9 -.25 -2 12.9 -.25 -1.1 10.1 -.25 -1.1 10.1 -.25 -2
4 15 5.6 -.25 -4.4 5.6 -.25 -3.5 3.1 -.25 -3.5 3.1 -.25 -4.4
4 15 12.9 -.25 -4.4 12.9 -.25 -3.5 6.6 -.25 -3.5 6.6 -.25 -4.4
4 0 0 -.25 7.5 0 -.25 -7.5 .7 -.25 2.6 .7 -.25 4.7
4 0 0 -.25 7.5 .7 -.25 4.7 14.2 -.25 4.7 16.5 -.25 7.5
4 0 16.5 -.25 7.5 14.2 -.25 4.7 14.2 -.25 2.6 16.5 -.25 -7.5
4 0 16.5 -.25 -7.5 14.2 -.25 2.6 12.9 -.25 1 12.9 -.25 .1
3 0 12.9 -.25 .1 12.9 -.25 -1.1 16.5 -.25 -7.5
3 0 12.9 -.25 -1.1 12.9 -.25 -2 16.5 -.25 -7.5
3 0 12.9 -.25 -2 12.9 -.25 -3.5 16.5 -.25 -7.5
3 0 12.9 -.25 -3.5 12.9 -.25 -4.4 16.5 -.25 -7.5
4 0 16.5 -.25 -7.5 12.9 -.25 -4.4 6.6 -.25 -4.4 0 -.25 -7.5
3 0 6.6 -.25 -4.4 5.6 -.25 -4.4 0 -.25 -7.5
3 0 3.1 -.25 -4.4 0 -.25 -7.5 5.6 -.25 -4.4
3 0 3.1 -.25 -3.5 0 -.25 -7.5 3.1 -.25 -4.4
3 0 3.1 -.25 -2 0 -.25 -7.5 3.1 -.25 -3.5
3 0 3.1 -.25 -1.1 0 -.25 -7.5 3.1 -.25 -2
3 0 3.1 -.25 .1 0 -.25 -7.5 3.1 -.25 -1.1
4 0 0 -.25 -7.5 3.1 -.25 .1 3.1 -.25 1 .7 -.25 2.6
3 0 .7 -.25 2.6 3.1 -.25 1 5.8 -.25 1
4 0 .7 -.25 2.6 5.8 -.25 1 6.8 -.25 1 14.2 -.25 2.6
3 0 14.2 -.25 2.6 6.8 -.25 1 12.9 -.25 1
4 0 5.8 -.25 1 5.8 -.25 .1 6.8 -.25 .1 6.8 -.25 1
4 0 9.1 -.25 -1.1 9.1 -.25 -2 10.1 -.25 -2 10.1 -.25 -1.1
4 0 5.6 -.25 -3.5 5.6 -.25 -4.4 6.6 -.25 -4.4 6.6 -.25 -3.5
4 0 3.1 -.25 -2 3.1 -.25 -3.5 5.6 -.25 -3.5 9.1 -.25 -2
4 0 5.8 -.25 .1 3.1 -.25 .1 3.1 -.25 -1.1 9.1 -.25 -1.1
3 0 12.9 -.25 .1 10.1 -.25 -1.1 12.9 -.25 -1.1
4 0 9.1 -.25 -1.1 10.1 -.25 -1.1 12.9 -.25 .1 6.8 -.25 .1
3 0 6.8 -.25 .1 5.8 -.25 .1 9.1 -.25 -1.1
3 0 9.1 -.25 -2 5.6 -.25 -3.5 6.6 -.25 -3.5
4 0 9.1 -.25 -2 6.6 -.25 -3.5 12.9 -.25 -3.5 10.1 -.25 -2
3 0 10.1 -.25 -2 12.9 -.25 -3.5 12.9 -.25 -2
