0 ~Duplo Fence  1 x  6 x  2 Picket - Half
0 Name: s\6497s01.dat
0 Author: Peter Blomberg [WUIt]
0 !LDRAW_ORG Unofficial_Subpart
0 !LICENSE Licensed under CC BY 4.0 : see CAreadme.txt

0 BFC CERTIFY CCW

1 16 100 0 0 14 0 0 0 56 0 0 0 14 4-4cylc.dat
1 16 100 56 0 2 0 0 0 1 0 0 0 2 4-4ring7.dat
1 16 100 56 0 16 0 0 0 1 0 0 0 16 4-4edge.dat
1 16 100 56 0 16 0 0 0 4 0 0 0 16 4-4cyli.dat
1 16 100 60 0 1 0 0 0 -3 0 0 0 1 stud8a.dat
1 16 100 60 0 14 0 0 0 1 0 0 0 14 4-4edge.dat
0 BFC INVERTNEXT
1 16 100 4 0 12 0 0 0 56 0 0 0 12 4-4cylc.dat
1 16 100 60 0 2 0 0 0 -1 0 0 0 2 4-4ring6.dat

0 // horizontal outside
1 16 114 9.5 0 0 5 0 7.5 0 0 0 0 3 box5-4a.dat
1 16 114 17 0 -3 0 0 0 -15 0 0 0 3 boxjcyl4.dat
0 // exceptionally using 5 decimals to avoid microgap with boxjcyl4 vertices
3 16 114 17 -3 113.40345 17 -3 114 17 0
3 16 114 17 3 114 17 0 113.40345 17 3
2 24 114 17 0 113.40345 17 3
2 24 113.40345 17 -3 114 17 0

1 16 114 42.5 0 0 5 0 7.5 0 0 0 0 3 box5-4a.dat
1 16 114 50 0 -3 0 0 0 -15 0 0 0 3 boxjcyl4.dat
0 // exceptionally using 5 decimals to avoid microgap with boxjcyl4 vertices
3 16 114 50 -3 113.40345 50 -3 114 50 0
3 16 114 50 3 114 50 0 113.40345 50 3
2 24 114 50 0 113.40345 50 3
2 24 113.40345 50 -3 114 50 0

0 // horizontal between
1 16 30 9.5 0 0 20 0 7.5 0 0 0 0 3 box4o8a.dat
1 16 70 9.5 0 0 16 0 7.5 0 0 0 0 3 box4o8a.dat
1 16 86 17 0 3 0 0 0 -15 0 0 0 3 boxjcyl4.dat
0 // exceptionally using 5 decimals to avoid microgap with boxjcyl4 vertices
3 16 86.59655 17 -3 86 17 -3 86 17 0
3 16 86 17 0 86 17 3 86.59655 17 3
2 24 86.59655 17 3 86 17 0
2 24 86 17 0 86.59655 17 -3

1 16 30 42.5 0 0 20 0 7.5 0 0 0 0 3 box4o8a.dat
1 16 70 42.5 0 0 16 0 7.5 0 0 0 0 3 box4o8a.dat
1 16 86 50 0 3 0 0 0 -15 0 0 0 3 boxjcyl4.dat
0 // exceptionally using 5 decimals to avoid microgap with boxjcyl4 vertices
3 16 86.59655 50 -3 86 50 -3 86 50 0
3 16 86 50 0 86 50 3 86.59655 50 3
2 24 86.59655 50 3 86 50 0
2 24 86.59655 50 -3 86 50 0

0 // vertical
1 16 20 -4 0 10 0 0 0 65 0 0 0 5 box3u4a.dat
1 16 20 -4 -5 10 0 0 0 0 -6 0 10 0 2-4cylo.dat
1 16 20 -4 -5 10 0 0 0 0 -6 0 1 0 2-4chrd.dat
1 16 20 -4 5 10 0 0 0 0 -6 0 -1 0 2-4chrd.dat

1 16 60 -4 0 10 0 0 0 65 0 0 0 5 box3u4a.dat
1 16 60 -4 -5 10 0 0 0 0 -6 0 10 0 2-4cylo.dat
1 16 60 -4 -5 10 0 0 0 0 -6 0 1 0 2-4chrd.dat
1 16 60 -4 5 10 0 0 0 0 -6 0 -1 0 2-4chrd.dat

2 24 10 2 -3 10 2 3
2 24 30 2 -3 30 2 3
2 24 50 2 -3 50 2 3
2 24 70 2 3 70 2 -3
2 24 10 2 3 10 17 3
2 24 30 17 3 30 2 3
2 24 50 2 3 50 17 3
2 24 70 2 3 70 17 3
2 24 10 17 3 10 17 -3
2 24 30 17 -3 30 17 3
2 24 50 17 -3 50 17 3
2 24 70 17 3 70 17 -3
2 24 10 17 -3 10 2 -3
2 24 30 2 -3 30 17 -3
2 24 50 17 -3 50 2 -3
2 24 70 17 -3 70 2 -3
2 24 10 50 3 10 35 3
2 24 10 50 -3 10 35 -3
2 24 10 35 3 10 35 -3
2 24 10 50 3 10 50 -3
2 24 30 35 3 30 50 3
2 24 30 50 -3 30 35 -3
2 24 30 35 3 30 35 -3
2 24 30 50 -3 30 50 3
2 24 50 35 3 50 50 3
2 24 70 35 3 70 50 3
2 24 50 50 -3 50 35 -3
2 24 70 35 -3 70 50 -3
2 24 50 35 3 50 35 -3
2 24 70 35 -3 70 35 3
2 24 50 50 3 50 50 -3
2 24 70 50 -3 70 50 3

4 16 30 61 -5 30 35 -3 30 17 -3 30 -4 -5
3 16 30 17 -3 30 2 -3 30 -4 -5
3 16 30 50 -3 30 35 -3 30 61 -5
4 16 30 35 -3 30 35 3 30 17 3 30 17 -3
4 16 30 -4 -5 30 2 -3 30 2 3 30 -4 5
4 16 30 61 -5 30 61 5 30 50 3 30 50 -3
4 16 30 17 3 30 35 3 30 61 5 30 -4 5
3 16 30 2 3 30 17 3 30 -4 5
3 16 30 35 3 30 50 3 30 61 5

4 16 70 61 -5 70 35 -3 70 17 -3 70 -4 -5
3 16 70 17 -3 70 2 -3 70 -4 -5
3 16 70 50 -3 70 35 -3 70 61 -5
4 16 70 35 -3 70 35 3 70 17 3 70 17 -3
4 16 70 -4 -5 70 2 -3 70 2 3 70 -4 5
4 16 70 61 -5 70 61 5 70 50 3 70 50 -3
4 16 70 17 3 70 35 3 70 61 5 70 -4 5
3 16 70 2 3 70 17 3 70 -4 5
3 16 70 35 3 70 50 3 70 61 5

4 16 10 17 -3 10 35 -3 10 61 -5 10 -4 -5
3 16 10 2 -3 10 17 -3 10 -4 -5
3 16 10 35 -3 10 50 -3 10 61 -5
4 16 10 17 3 10 35 3 10 35 -3 10 17 -3
4 16 10 2 3 10 2 -3 10 -4 -5 10 -4 5
4 16 10 50 3 10 61 5 10 61 -5 10 50 -3
4 16 10 61 5 10 35 3 10 17 3 10 -4 5
3 16 10 17 3 10 2 3 10 -4 5
3 16 10 50 3 10 35 3 10 61 5

4 16 50 17 -3 50 35 -3 50 61 -5 50 -4 -5
3 16 50 2 -3 50 17 -3 50 -4 -5
3 16 50 35 -3 50 50 -3 50 61 -5
4 16 50 17 3 50 35 3 50 35 -3 50 17 -3
4 16 50 2 3 50 2 -3 50 -4 -5 50 -4 5
4 16 50 50 3 50 61 5 50 61 -5 50 50 -3
4 16 50 61 5 50 35 3 50 17 3 50 -4 5
3 16 50 17 3 50 2 3 50 -4 5
3 16 50 50 3 50 35 3 50 61 5