0 ~Technic Competition Arrow with Solid Shaft Back Half
0 Name: s\70694s02.dat
0 Author: Fredrik Hareide [fhareide]
0 !LDRAW_ORG Unofficial_Subpart
0 !LICENSE Licensed under CC BY 4.0 : see CAreadme.txt

0 BFC CERTIFY CCW


3 16 3.6955 4.4693 74.1317 3.6955 7.2 79 3.6955 4.5 79
4 16 3.6955 7.2 36 3.6955 7.2 79 3.6955 4.4693 74.1317 3.6955 4.4693 36
4 16 2.6131 8.1213 36 2.6131 8.1213 79 3.6955 7.2 79 3.6955 7.2 36
4 16 2.6131 8.1213 36 0 8.5 36 0 8.5 79 2.6131 8.1213 79
4 16 3.6955 7.2 79 2.6131 8.1213 79 0 8.5 79 3.6955 4.5 79
2 24 2.6131 8.1213 36 3.6955 7.2 36
2 24 2.6131 8.1213 79 0 8.5 79
2 24 1.5307 2.3045 66 1.5308 2.3044 0
2 24 2 3.5 90 3.6955 6.5 85
2 24 0 8.5 36 2.6131 8.1213 36
2 24 3.6955 2.5 81 3.6955 4.5 79
2 24 3.6955 7.2 79 3.6955 7.2 36
2 24 3.6955 7.2 79 2.6131 8.1213 79
2 24 3.6955 4.5 79 3.6955 7.2 79
2 24 3.6955 7.2 36 3.6955 4.4693 36
2 24 3.6955 6.5 85 3.6955 6.5 84
2 24 3.6955 2.5 84 3.6955 6.5 84
5 24 2.6131 8.1213 36 2.6131 8.1213 79 3.6955 7.2 36 0 8.5 79
1 16 0 6 0 0 0 4 4 0 0 0 36 0 7-16cyli.dat
3 16 2.6131 8.1213 36 3.6955 7.2 36 3.6955 7.5307 36
3 16 2.6131 8.1213 36 3.6955 7.5307 36 0 10 36
3 16 0 10 36 0 8.5 36 2.6131 8.1213 36
2 24 3.6955 4.4693 36 3.6955 4.4693 74.1317
2 24 2.0931 2.6802 70.1072 1.5307 2.3045 66
2 24 2.8943 3.3747 72.3194 2.0931 2.6802 70.1072
2 24 3.6955 4.4693 74.1317 2.8943 3.3747 72.3194
3 16 2.8943 3.3747 72.3194 2.0931 2.6802 70.1072 2.8285 3.1715 70.4011
3 16 3.6955 4.4693 74.1317 2.8943 3.3747 72.3194 2.8285 3.1715 70.4011
3 16 2.8285 3.1715 70.4011 2.0931 2.6802 70.1072 1.5307 2.3045 66
3 16 3.6955 4.5 79 3.6955 2.5 81 3.6955 4.4693 74.1317
3 16 3.6955 2.5 84 3.6955 6.5 84 3.6955 6.5 85
5 24 2.0931 2.6802 70.1072 2.8285 3.1715 70.4011 2.8943 3.3747 72.3194 1.5307 2.3045 66
5 24 2.8285 3.1715 70.4011 3.6955 4.4693 74.1317 2.8943 3.3747 72.3194 3.6955 4.4693 66
5 24 2.8943 3.3747 72.3194 2.8285 3.1715 70.4011 2.0931 2.6802 70.1072 3.6955 4.4693 74.1317
1 16 0 6 0 0 0 4 4 0 0 0 1 0 7-16edge.dat
1 16 0 6 36 0 0 4 4 0 0 0 1 0 5-16edge.dat
1 16 0 6 36 0 0 4 4 0 0 0 -1 0 3-16chrd.dat
1 16 0 6 36 3.69552 0 1.53073 1.53073 0 -3.69552 0 -1 0 1-8chrd.dat
1 16 0 6 36 3.69552 0 -1.53073 -1.53073 0 -3.69552 0 30 0 1-8cyli.dat
1 16 0 6 66 -3.69552 0 1.53073 -1.53073 0 -3.69552 0 11.5 0 1-8cyls2.dat
2 24 2 -3.5 90 2 3.5 90
1 16 3.6955 0 82.5 0 -1 0 2.5 0 0 0 0 1.5 rect1.dat
4 16 3.6955 2.5 81 3.6955 -2.5 81 3.6955 -4.4693 74.1317 3.6955 4.4693 74.1317
2 24 3.6955 -4.4693 74.1317 3.6955 4.4693 74.1317
4 16 3.6955 -4.4693 74.1317 2.8943 -3.3747 72.3194 2.8943 3.3747 72.3194 3.6955 4.4693 74.1317
4 16 2.8943 3.3747 72.3194 2.8943 -3.3747 72.3194 2.0931 -2.6802 70.1072 2.0931 2.6802 70.1072
4 16 2.0931 2.6802 70.1072 2.0931 -2.6802 70.1072 1.5307 -2.3045 66 1.5307 2.3045 66
4 16 1.5307 2.3045 66 1.5307 -2.3045 66 1.5308 -2.3044 0 1.5308 2.3044 0
2 24 1.5308 -2.3044 0 1.5308 2.3044 0
4 16 3.6955 -2.5 84 3.6955 2.5 84 3.6955 6.5 85 3.6955 -6.5 85
4 16 2 -3.5 90 3.6955 -6.5 85 3.6955 6.5 85 2 3.5 90
2 24 3.6955 6.5 85 3.6955 -6.5 85
5 24 1.5307 2.3045 66 1.5307 -2.3045 66 2.0931 2.6802 70.1072 1.5308 -2.3044 0
5 24 2.0931 -2.6802 70.1072 2.0931 2.6802 70.1072 1.5307 -2.3045 66 2.8943 3.3747 72.3194
5 24 2.8943 3.3747 72.3194 2.8943 -3.3747 72.3194 2.0931 -2.6802 70.1072 3.6955 4.4693 74.1317
2 24 2 3.5 90 -2 3.5 90
3 16 2 -3.5 90 2 3.5 90 -2 3.5 90
1 16 0 6.5 84.5 0 0 3.6955 0 -1 0 0.5 0 0 rect1.dat
4 16 2 3.5 90 3.6955 6.5 85 -3.6955 6.5 85 -2 3.5 90
1 16 0 2.5 82.5 -3.6955 0 0 0 -1 0 0 0 1.5 rect2p.dat
1 16 0 4.5 84 0 0 3.6955 2 0 0 0 1 0 rect1.dat
1 16 0 3.5 80 0 0 -3.6955 1 -1 0 -1 0 0 rect1.dat
3 16 -3.6955 4.5 79 3.6955 4.5 79 0 8.5 79
5 24 0 8.5 36 0 8.5 79 2.6131 8.1213 79 -2.6131 8.1213 79
1 16 0 6 0 0 0 -4 4 0 0 0 36 0 7-16cyli.dat
1 16 0 6 0 0 0 -4 4 0 0 0 1 0 7-16edge.dat
1 16 0 6 36 0 0 -4 4 0 0 0 1 0 5-16edge.dat
1 16 0 6 36 0 0 -4 4 0 0 0 -1 0 3-16chrd.dat
1 16 0 6 36 -3.69552 0 -1.53073 1.53073 0 -3.69552 0 -1 0 1-8chrd.dat
1 16 0 6 36 -3.69552 0 1.53073 -1.53073 0 -3.69552 0 30 0 1-8cyli.dat
1 16 0 6 66 3.69552 0 -1.53073 -1.53073 0 -3.69552 0 11.5 0 1-8cyls2.dat
3 16 -3.6955 7.2 79 -3.6955 4.4693 74.1317 -3.6955 4.5 79
4 16 -3.6955 4.4693 74.1317 -3.6955 7.2 79 -3.6955 7.2 36 -3.6955 4.4693 36
4 16 -3.6955 7.2 79 -2.6131 8.1213 79 -2.6131 8.1213 36 -3.6955 7.2 36
4 16 0 8.5 79 0 8.5 36 -2.6131 8.1213 36 -2.6131 8.1213 79
4 16 0 8.5 79 -2.6131 8.1213 79 -3.6955 7.2 79 -3.6955 4.5 79
2 24 -2.6131 8.1213 79 0 8.5 79
2 24 -3.6955 7.2 79 -3.6955 7.2 36
2 24 -3.6955 7.2 79 -2.6131 8.1213 79
2 24 -3.6955 4.5 79 -3.6955 7.2 79
3 16 -3.6955 7.5307 36 -2.6131 8.1213 36 0 10 36
3 16 0 8.5 36 0 10 36 -2.6131 8.1213 36
3 16 -3.6955 2.5 81 -3.6955 4.5 79 -3.6955 4.4693 74.1317
2 24 -2.6131 8.1213 36 -3.6955 7.2 36
2 24 0 8.5 36 -2.6131 8.1213 36
2 24 -3.6955 7.2 36 -3.6955 4.4693 36
3 16 -3.6955 7.2 36 -2.6131 8.1213 36 -3.6955 7.5307 36
2 24 -3.6955 4.4693 36 -3.6955 4.4693 74.1317
2 24 -2.0931 2.6802 70.1072 -1.5307 2.3045 66
2 24 -2.8943 3.3747 72.3194 -2.0931 2.6802 70.1072
2 24 -3.6955 4.4693 74.1317 -2.8943 3.3747 72.3194
3 16 -2.0931 2.6802 70.1072 -2.8943 3.3747 72.3194 -2.8285 3.1715 70.4011
3 16 -2.8943 3.3747 72.3194 -3.6955 4.4693 74.1317 -2.8285 3.1715 70.4011
3 16 -2.0931 2.6802 70.1072 -2.8285 3.1715 70.4011 -1.5307 2.3045 66
5 24 -2.0931 2.6802 70.1072 -2.8285 3.1715 70.4011 -2.8943 3.3747 72.3194 -1.5307 2.3045 66
5 24 -2.8285 3.1715 70.4011 -3.6955 4.4693 74.1317 -2.8943 3.3747 72.3194 -3.6955 4.4693 66
5 24 -2.8943 3.3747 72.3194 -2.8285 3.1715 70.4011 -2.0931 2.6802 70.1072 -3.6955 4.4693 74.1317
3 16 3.6955 -6.5 84 3.6955 -2.5 84 3.6955 -6.5 85
2 24 -1.5307 2.3045 66 -1.5308 2.3044 0
2 24 -3.6955 2.5 81 -3.6955 4.5 79
2 24 -3.6955 2.5 81 -3.6955 2.5 84
2 24 -3.6955 2.5 84 -3.6955 6.5 84
2 24 -3.6955 6.5 84 -3.6955 6.5 85
2 24 -3.6955 6.5 85 -2 3.5 90
5 24 -2.6131 8.1213 36 -2.6131 8.1213 79 -3.6955 7.2 36 0 8.5 79
5 24 0 11.2878 -0.3943 0 10 0 1.5308 9.6956 0 -1.5308 9.6956 0
