0 ~Sail 12 x 10 Trapezoidal with Black Crossed Anchors, Crown and Barrel Pattern (Formed) - Half
0 Name: s\u767p03c03s01.dat
0 Author: Takeshi Takahashi [RainbowDolphin]
0 !LDRAW_ORG Unofficial_Subpart
0 !LICENSE Licensed under CC BY 4.0 : see CAreadme.txt

0 BFC CERTIFY CCW


4 16 -87.9215 56.3457 -21.9255 -97.8788 92.5121 -27.0553 -72.0653 62.9055 -27.1831 -82.8348 47.734 -21.4112
3 16 -72.0653 62.9055 -27.1831 -97.8788 92.5121 -27.0553 -45.9146 157.1351 -50.7285
4 0 -50.2 125.6 -43.4988 -48.09021 126.9454 -44.08772 -56.1 110.4 -39.45597 -53.8 118.1 -41.40373
4 0 -56.1 110.4 -39.45597 -48.09021 126.9454 -44.08772 -56.9 98.5 -36.84672 -56.8 103.2 -37.84583
4 0 -56.9 98.5 -36.84672 -48.09021 126.9454 -44.08772 -51.35935 81.58154 -34.10909 -56.5 94.4 -36.04608
4 0 -56.5 94.4 -36.04608 -56.8 86.2 -34.28468 -59.7 90.3 -34.72145 -59.5 94.1 -35.54659
4 0 -59.5 94.1 -35.54659 -59.7 90.3 -34.72145 -60.7 92.2 -34.97391 -60.6 93.4 -35.23984
4 0 -56.5 94.4 -36.04608 -51.35935 81.58154 -34.10909 -53.1 82.8 -34.11098 -56.8 86.2 -34.28468
4 16 -56.1 110.4 -39.45597 -72.0653 62.9055 -27.1831 -45.9146 157.1351 -50.7285 -53.8 118.1 -41.40373
3 16 -53.8 118.1 -41.40373 -45.9146 157.1351 -50.7285 -50.2 125.6 -43.4988
3 16 -50.2 125.6 -43.4988 -45.9146 157.1351 -50.7285 -48.09021 126.9454 -44.08772
3 16 -72.0653 62.9055 -27.1831 -56.1 110.4 -39.45597 -60.6 93.4 -35.23984
4 16 -60.6 93.4 -35.23984 -56.1 110.4 -39.45597 -56.8 103.2 -37.84583 -59.5 94.1 -35.54659
3 16 -59.5 94.1 -35.54659 -56.8 103.2 -37.84583 -56.9 98.5 -36.84672
3 16 -59.5 94.1 -35.54659 -56.9 98.5 -36.84672 -56.5 94.4 -36.04608
3 16 -72.0653 62.9055 -27.1831 -60.6 93.4 -35.23984 -60.7 92.2 -34.97391
3 16 -72.0653 62.9055 -27.1831 -60.7 92.2 -34.97391 -59.7 90.3 -34.72145
4 16 -72.0653 62.9055 -27.1831 -59.7 90.3 -34.72145 -56.8 86.2 -34.28468 -52.7405 62.4161 -29.8933
3 16 -52.7405 62.4161 -29.8933 -56.8 86.2 -34.28468 -53.1 82.8 -34.11098
3 16 -52.7405 62.4161 -29.8933 -53.1 82.8 -34.11098 -51.35935 81.58154 -34.10909
3 0 -35.90793 107.7131 -40.02241 -37.7 109 -40.28254 -48.09021 126.9454 -44.08772
3 0 -48.09021 126.9454 -44.08772 -37.7 109 -40.28254 -40.5 110.2 -40.51136
3 0 -48.09021 126.9454 -44.08772 -40.5 110.2 -40.51136 -42.8 109.6 -40.3519
3 0 -48.09021 126.9454 -44.08772 -42.8 109.6 -40.3519 -45.2 107.2 -39.79686
3 0 -48.09021 126.9454 -44.08772 -45.2 107.2 -39.79686 -48 101 -38.40441
4 0 -48 101 -38.40441 -49.1 94.4 -36.94501 -51.35935 81.58154 -34.10909 -48.09021 126.9454 -44.08772
4 0 -44.6 90.9 -36.23298 -45.9 87.4 -35.45034 -49.1 94.4 -36.94501 -46.5 94.5 -36.99858
4 0 -44.4 92.9 -36.6736 -44.6 90.9 -36.23298 -46.5 94.5 -36.99858 -45 94.3 -36.97302
4 0 -49.1 94.4 -36.94501 -45.9 87.4 -35.45034 -48.4 83.1 -34.47781 -51.35935 81.58154 -34.10909
3 0 -49.8 81.4 -34.08831 -51.35935 81.58154 -34.10909 -48.4 83.1 -34.47781
4 0 -35.90793 107.7131 -40.02241 -48.09021 126.9454 -44.08772 -31.8 119.8 -42.72056 -31.66919 119.1198 -42.57313
3 0 -48.09021 126.9454 -44.08772 -43.3 130 -44.81527 -31.8 119.8 -42.72056
4 0 -30.41959 122.4825 -43.32508 -31.8 119.8 -42.72056 -43.3 130 -44.81527 -34.6 133.7 -45.73184
4 0 -25.3 125.8 -44.06345 -30.41959 122.4825 -43.32508 -34.6 133.7 -45.73184 -25.44646 135.8654 -46.31771
4 16 -43.3 130 -44.81527 -48.09021 126.9454 -44.08772 -45.9146 157.1351 -50.7285 -19 153.213 -50.1969
3 16 -43.3 130 -44.81527 -19 153.213 -50.1969 -34.6 133.7 -45.73184
3 16 -34.6 133.7 -45.73184 -19 153.213 -50.1969 -25.44646 135.8654 -46.31771
3 16 -31.66919 119.1198 -42.57313 -31.8 119.8 -42.72056 -30.41959 122.4825 -43.32508
3 16 -52.7405 62.4161 -29.8933 -51.35935 81.58154 -34.10909 -49.8 81.4 -34.08831
3 16 -52.7405 62.4161 -29.8933 -49.8 81.4 -34.08831 -48.4 83.1 -34.47781
3 16 -52.7405 62.4161 -29.8933 -48.4 83.1 -34.47781 -45.9 87.4 -35.45034
4 16 -52.7405 62.4161 -29.8933 -45.9 87.4 -35.45034 -44.6 90.9 -36.23298 -37.7 109 -40.28254
3 16 -44.6 90.9 -36.23298 -44.4 92.9 -36.6736 -37.7 109 -40.28254
3 16 -44.4 92.9 -36.6736 -45 94.3 -36.97302 -37.7 109 -40.28254
4 16 -37.7 109 -40.28254 -45 94.3 -36.97302 -46.5 94.5 -36.99858 -40.5 110.2 -40.51136
4 16 -40.5 110.2 -40.51136 -46.5 94.5 -36.99858 -49.1 94.4 -36.94501 -48 101 -38.40441
4 16 -42.8 109.6 -40.3519 -40.5 110.2 -40.51136 -48 101 -38.40441 -45.2 107.2 -39.79686
3 16 -52.7405 62.4161 -29.8933 -37.7 109 -40.28254 -35.90793 107.7131 -40.02241
4 0 -35.44151 62.38684 -29.49134 -35.4 63.3 -29.70658 -32.1 63 -29.5602 -32.14759 62.38127 -29.4148
4 0 -32.1 63 -29.5602 -35.4 63.3 -29.70658 -34.7 65.4 -30.18776 -31.4 64.1 -29.80463
4 0 -31.4 64.1 -29.80463 -34.7 65.4 -30.18776 -33.5 66.9 -30.51548 -31.09927 64.2388 -29.83063
4 0 -31.6 68.1 -30.75619 -29.71837 68.17237 -30.73036 -31.09927 64.2388 -29.83063 -33.5 66.9 -30.51548
3 16 -31.7516 62.3806 -29.4056 -32.14759 62.38127 -29.4148 -32.1 63 -29.5602
4 16 -31.09927 64.2388 -29.83063 -31.7516 62.3806 -29.4056 -32.1 63 -29.5602 -31.4 64.1 -29.80463
3 0 -28.40112 71.92461 -31.58861 -30.8 75.2 -32.41883 -24.69108 82.49286 -34.00589
4 0 -30.8 75.2 -32.41883 -33.6 79.2 -33.42976 -27.7 84.9 -34.64449 -24.69108 82.49286 -34.00589
4 0 -27.7 84.9 -34.64449 -33.6 79.2 -33.42976 -36 83 -34.3842 -31.2 87.4 -35.31628
4 0 -14.5 111.5 -40.64053 -15.2 112.1 -40.79857 -15.2 114.1 -41.27206 -12.94947 115.9395 -41.65617
3 0 -12.94947 115.9395 -41.65617 -15.2 114.1 -41.27206 -14 115.4 -41.55243
4 0 -19.87825 96.20247 -37.1417 -29.14829 102.8591 -38.92933 -18.9 101 -38.25516 -18.9 98.98906 -37.77908
4 0 -18.15677 101.1062 -38.26333 -18.9 101 -38.25516 -17.2 105.5 -39.28171 -17.34527 103.4178 -38.79207
4 0 -17.2 105.5 -39.28171 -18.9 101 -38.25516 -29.14829 102.8591 -38.92933 -24.21307 111.3194 -40.81958
4 0 -7.1 137.4 -46.6033 -9.40399 126.0389 -43.96621 -15.70424 125.9057 -44.07854 -8.50962 138.2391 -46.83415
3 0 -9.40399 126.0389 -43.96621 -7.1 137.4 -46.6033 -5.77311 136.3817 -46.33192
4 0 -13.1 124.2 -43.61525 -15.70424 125.9057 -44.07854 -9.40399 126.0389 -43.96621 -11.2 124.9 -43.73759
3 0 -15.70424 125.9057 -44.07854 -13.1 124.2 -43.61525 -14.8 124.7 -43.77245
3 16 -7.1 137.4 -46.6033 -8.50962 138.2391 -46.83415 0 152.8267 -50.0934
3 16 -5.77311 136.3817 -46.33192 -7.1 137.4 -46.6033 0 152.8267 -50.0934
4 16 -12.94947 115.9395 -41.65617 -14 115.4 -41.55243 -11.2 124.9 -43.73759 -9.40399 126.0389 -43.96621
4 16 -13.1 124.2 -43.61525 -11.2 124.9 -43.73759 -14 115.4 -41.55243 -15.2 114.1 -41.27206
4 16 -14.8 124.7 -43.77245 -13.1 124.2 -43.61525 -15.2 114.1 -41.27206 -24.21307 111.3194 -40.81958
3 16 -24.21307 111.3194 -40.81958 -15.70424 125.9057 -44.07854 -14.8 124.7 -43.77245
4 16 -15.2 114.1 -41.27206 -15.2 112.1 -40.79857 -17.2 105.5 -39.28171 -24.21307 111.3194 -40.81958
4 16 -17.34527 103.4178 -38.79207 -17.2 105.5 -39.28171 -15.2 112.1 -40.79857 -14.5 111.5 -40.64053
3 16 -18.9 98.98906 -37.77908 -18.9 101 -38.25516 -18.15677 101.1062 -38.26333
3 16 -52.7405 62.4161 -29.8933 -29.14829 102.8591 -38.92933 -36 83 -34.3842
3 16 -29.14829 102.8591 -38.92933 -31.2 87.4 -35.31628 -36 83 -34.3842
4 16 -27.7 84.9 -34.64449 -31.2 87.4 -35.31628 -29.14829 102.8591 -38.92933 -19.87825 96.20247 -37.1417
3 16 -24.69108 82.49286 -34.00589 -27.7 84.9 -34.64449 -19.87825 96.20247 -37.1417
4 16 -52.7405 62.4161 -29.8933 -36 83 -34.3842 -33.6 79.2 -33.42976 -34.7 65.4 -30.18776
3 16 -34.7 65.4 -30.18776 -33.6 79.2 -33.42976 -33.5 66.9 -30.51548
4 16 -31.6 68.1 -30.75619 -33.5 66.9 -30.51548 -33.6 79.2 -33.42976 -30.8 75.2 -32.41883
4 16 -29.71837 68.17237 -30.73036 -31.6 68.1 -30.75619 -30.8 75.2 -32.41883 -28.40112 71.92461 -31.58861
3 16 -52.7405 62.4161 -29.8933 -34.7 65.4 -30.18776 -35.4 63.3 -29.70658
3 16 -35.44151 62.38684 -29.49134 -52.7405 62.4161 -29.8933 -35.4 63.3 -29.70658
4 0 -20.19859 62.5041 -28.06788 -22.5 65 -29.01589 -17.2 76.3 -31.44233 -15.4842 62.5545 -27.522
4 0 -12.98732 77.11122 -31.16172 -15.4842 62.5545 -27.522 -17.2 76.3 -31.44233 -14.8 78.7 -31.80645
4 0 -25.6 68.1 -30.22202 -17.2 76.3 -31.44233 -22.5 65 -29.01589 -26.3 67.4 -30.11582
4 0 -26.3 67.4 -30.11582 -22.5 65 -29.01589 -23.2 64.2 -28.88265 -26.7 63.1 -29.0006
4 0 -26.7 63.1 -29.0006 -23.2 64.2 -28.88265 -22.8 62.47629 -28.36909 -26.47899 62.43696 -28.79508
3 0 -31.09927 64.2388 -29.83063 -29.71837 68.17237 -30.73036 -30.1 64.7 -29.83674
4 0 -29 68.2 -30.65257 -28.5 64.7 -29.64685 -30.1 64.7 -29.83674 -29.71837 68.17237 -30.73036
4 0 -28.5 64.7 -29.64685 -29 68.2 -30.65257 -26.3 67.4 -30.11582 -26.7 63.1 -29.0006
3 16 -26.47899 62.43696 -28.79508 -31.7516 62.3806 -29.4056 -26.7 63.1 -29.0006
4 16 -31.09927 64.2388 -29.83063 -28.5 64.7 -29.64685 -26.7 63.1 -29.0006 -31.7516 62.3806 -29.4056
3 16 -31.09927 64.2388 -29.83063 -30.1 64.7 -29.83674 -28.5 64.7 -29.64685
4 0 -24.69108 82.49286 -34.00589 -17.2 76.3 -31.44233 -25.6 68.1 -30.22202 -28.40112 71.92461 -31.58861
3 0 -12.57876 79.49311 -31.75728 -13.4 81.2 -32.31628 -13.6 82.9 -32.79969
4 0 -11.78556 84.11742 -32.91353 -12.57876 79.49311 -31.75728 -13.6 82.9 -32.79969 -12.9 83.6 -32.90589
4 0 -16.6 94.7 -36.34638 -17.2 95.2 -36.55278 -17.2 99.1 -37.60732 -16.6 99.9 -37.75243
4 0 -15.7 95 -36.32068 -16.6 94.7 -36.34638 -16.6 99.9 -37.75243 -15.7 100.2 -37.72673
4 0 -10.9 97.1 -36.31884 -15.7 95 -36.32068 -15.7 100.2 -37.72673 -10.9 101.9 -37.61674
4 0 -8.67964 102.2248 -37.44105 -9.52326 97.30651 -36.21129 -10.9 97.1 -36.31884 -10.9 101.9 -37.61674
3 0 -14.5 111.5 -40.64053 -12.94947 115.9395 -41.65617 -12.6 112.6 -40.71171
4 0 -12.6 112.6 -40.71171 -12.94947 115.9395 -41.65617 -10.3 117.3 -41.7096 -9.8 113.7 -40.67684
4 0 -5.80054 119.0098 -41.63792 -6.57615 114.4881 -40.50733 -9.8 113.7 -40.67684 -10.3 117.3 -41.7096
4 70 -11.53953 85.55178 -33.27217 -13.9 84.3 -33.21384 -14.9 86.2 -33.84627 -15.5 90.2 -34.99906
4 70 -11.53953 85.55178 -33.27217 -15.5 90.2 -34.99906 -10.7 91.4 -34.75386 -10.62806 90.86558 -34.60082
4 70 -10.7 91.4 -34.75386 -15.5 90.2 -34.99906 -15.7 95 -36.32068 -10.9 97.1 -36.31884
4 70 -10.9 101.9 -37.61674 -15.7 100.2 -37.72673 -15.7 105.1 -39.05166 -10.5 106.4 -38.78604
4 70 -10.5 106.4 -38.78604 -15.7 105.1 -39.05166 -14.9 109.4 -40.11941 -13.9 111 -40.43336
4 70 -10.5 106.4 -38.78604 -13.9 111 -40.43336 -11.6 112 -40.43079 -9.4 112.6 -40.33193
4 70 -7.78987 107.4121 -38.73806 -8.67964 102.2248 -37.44105 -8.5 107.3 -38.79203 -7.8 112.9 -40.22316
3 70 -7.78987 107.4121 -38.73806 -7.8 112.9 -40.22316 -6.81724 113.0825 -40.15587
3 0 -18.9 95.5 -36.83566 -19.87825 96.20247 -37.1417 -18.9 98.98906 -37.77908
3 0 -18.15677 101.1062 -38.26333 -17.34527 103.4178 -38.79207 -17.5 101.2 -38.21075
4 0 -7.1 127.5 -44.08784 -9.40399 126.0389 -43.96621 -5.77311 136.3817 -46.33192 -3.88463 130.1795 -44.43076
3 0 -5.77311 136.3817 -46.33192 -3.16421 134.3795 -45.48092 -3.88463 130.1795 -44.43076
3 16 -3.16421 134.3795 -45.48092 -5.77311 136.3817 -46.33192 0 152.8267 -50.0934
3 16 -5.80054 119.0098 -41.63792 -7.1 127.5 -44.08784 -3.88463 130.1795 -44.43076
4 16 -5.80054 119.0098 -41.63792 -10.3 117.3 -41.7096 -9.40399 126.0389 -43.96621 -7.1 127.5 -44.08784
3 16 -12.94947 115.9395 -41.65617 -9.40399 126.0389 -43.96621 -10.3 117.3 -41.7096
3 16 -17.34527 103.4178 -38.79207 -14.5 111.5 -40.64053 -14.9 109.4 -40.11941
3 16 -14.9 109.4 -40.11941 -14.5 111.5 -40.64053 -13.9 111 -40.43336
4 16 -13.9 111 -40.43336 -14.5 111.5 -40.64053 -12.6 112.6 -40.71171 -11.6 112 -40.43079
4 16 -11.6 112 -40.43079 -12.6 112.6 -40.71171 -9.8 113.7 -40.67684 -9.4 112.6 -40.33193
4 16 -7.8 112.9 -40.22316 -9.4 112.6 -40.33193 -9.8 113.7 -40.67684 -6.57615 114.4881 -40.50733
3 16 -7.8 112.9 -40.22316 -6.57615 114.4881 -40.50733 -6.81724 113.0825 -40.15587
4 16 -9.4 112.6 -40.33193 -7.8 112.9 -40.22316 -8.5 107.3 -38.79203 -10.5 106.4 -38.78604
4 16 -10.5 106.4 -38.78604 -8.5 107.3 -38.79203 -8.67964 102.2248 -37.44105 -10.9 101.9 -37.61674
4 16 -14.9 109.4 -40.11941 -15.7 105.1 -39.05166 -17.5 101.2 -38.21075 -17.34527 103.4178 -38.79207
4 16 -17.5 101.2 -38.21075 -15.7 105.1 -39.05166 -15.7 100.2 -37.72673 -16.6 99.9 -37.75243
3 16 -17.2 99.1 -37.60732 -17.5 101.2 -38.21075 -16.6 99.9 -37.75243
4 16 -17.5 101.2 -38.21075 -17.2 99.1 -37.60732 -18.9 95.5 -36.83566 -18.15677 101.1062 -38.26333
3 16 -18.9 95.5 -36.83566 -18.9 98.98906 -37.77908 -18.15677 101.1062 -38.26333
4 16 -18.9 95.5 -36.83566 -17.2 99.1 -37.60732 -17.2 95.2 -36.55278 -24.69108 82.49286 -34.00589
4 16 -24.69108 82.49286 -34.00589 -17.2 95.2 -36.55278 -16.6 94.7 -36.34638 -15.5 90.2 -34.99906
3 16 -15.5 90.2 -34.99906 -16.6 94.7 -36.34638 -15.7 95 -36.32068
3 16 -24.69108 82.49286 -34.00589 -15.5 90.2 -34.99906 -14.9 86.2 -33.84627
4 16 -24.69108 82.49286 -34.00589 -14.9 86.2 -33.84627 -13.9 84.3 -33.21384 -13.6 82.9 -32.79969
4 16 -12.9 83.6 -32.90589 -13.6 82.9 -32.79969 -13.9 84.3 -33.21384 -11.53953 85.55178 -33.27217
3 16 -11.78556 84.11742 -32.91353 -12.9 83.6 -32.90589 -11.53953 85.55178 -33.27217
4 16 -9.52326 97.30651 -36.21129 -10.62806 90.86558 -34.60082 -10.7 91.4 -34.75386 -10.9 97.1 -36.31884
4 16 -24.69108 82.49286 -34.00589 -13.6 82.9 -32.79969 -13.4 81.2 -32.31628 -14.8 78.7 -31.80645
3 16 -17.2 76.3 -31.44233 -24.69108 82.49286 -34.00589 -14.8 78.7 -31.80645
4 16 -14.8 78.7 -31.80645 -13.4 81.2 -32.31628 -12.57876 79.49311 -31.75728 -12.98732 77.11122 -31.16172
3 16 -19.87825 96.20247 -37.1417 -18.9 95.5 -36.83566 -24.69108 82.49286 -34.00589
3 16 -29.71837 68.17237 -30.73036 -28.40112 71.92461 -31.58861 -29 68.2 -30.65257
4 16 -28.40112 71.92461 -31.58861 -25.6 68.1 -30.22202 -26.3 67.4 -30.11582 -29 68.2 -30.65257
4 16 -22.5 65 -29.01589 -20.19859 62.5041 -28.06788 -22.8 62.47629 -28.36909 -23.2 64.2 -28.88265
4 0 -35.90793 107.7131 -40.02241 -31.3 117.2 -42.14286 -24.21307 111.3194 -40.81958 -29.14829 102.8591 -38.92933
3 0 -35.90793 107.7131 -40.02241 -31.66919 119.1198 -42.57313 -31.3 117.2 -42.14286
4 0 -19 128.6 -44.68487 -25.3 125.8 -44.06345 -25.44646 135.8654 -46.31771 -16 136.1 -46.3618
4 0 -16.3 128.9 -44.74964 -19 128.6 -44.68487 -16 136.1 -46.3618 -8.50962 138.2391 -46.83415
4 0 -16 136.1 -46.3618 -16 138.5 -46.89927 -11.3 139.9 -47.2086 -8.50962 138.2391 -46.83415
4 0 -11.3 139.9 -47.2086 -16 138.5 -46.89927 -15.3 140.6 -47.36894 -13.5 140.9 -47.43451
4 0 -16 126.3 -44.16711 -16.3 128.9 -44.74964 -8.50962 138.2391 -46.83415 -15.70424 125.9057 -44.07854
4 16 -16 138.5 -46.89927 -25.44646 135.8654 -46.31771 -19 153.213 -50.1969 -15.3 140.6 -47.36894
3 16 -25.44646 135.8654 -46.31771 -16 138.5 -46.89927 -16 136.1 -46.3618
4 16 -13.5 140.9 -47.43451 -15.3 140.6 -47.36894 -19 153.213 -50.1969 0 152.8267 -50.0934
3 16 -11.3 139.9 -47.2086 -13.5 140.9 -47.43451 0 152.8267 -50.0934
3 16 -8.50962 138.2391 -46.83415 -11.3 139.9 -47.2086 0 152.8267 -50.0934
4 16 -15.70424 125.9057 -44.07854 -24.21307 111.3194 -40.81958 -31.3 117.2 -42.14286 -16 126.3 -44.16711
4 16 -16 126.3 -44.16711 -31.3 117.2 -42.14286 -19 128.6 -44.68487 -16.3 128.9 -44.74964
4 16 -25.3 125.8 -44.06345 -19 128.6 -44.68487 -31.3 117.2 -42.14286 -30.41959 122.4825 -43.32508
3 16 -31.3 117.2 -42.14286 -31.66919 119.1198 -42.57313 -30.41959 122.4825 -43.32508
3 16 -52.7405 62.4161 -29.8933 -35.90793 107.7131 -40.02241 -29.14829 102.8591 -38.92933
3 0 -8.1 64.4 -27.63781 -6.52443 62.07811 -26.96072 -15.4842 62.5545 -27.522
3 0 -15.4842 62.5545 -27.522 -12 70.2 -29.3274 -8.1 64.4 -27.63781
3 0 -15.4842 62.5545 -27.522 -12.98732 77.11122 -31.16172 -12 70.2 -29.3274
4 0 -12 70.2 -29.3274 -12.98732 77.11122 -31.16172 -10.7 76.2 -30.81438 -8 73.1 -29.88122
3 0 -8 73.1 -29.88122 -10.7 76.2 -30.81438 -8 75.8 -30.57897
3 0 -8 73.1 -29.88122 -8 75.8 -30.57897 -5 75.8 -30.43226
3 0 -12.57876 79.49311 -31.75728 -11.78556 84.11742 -32.91353 -12.1 80.4 -31.96823
4 0 -10.1 84.9 -33.03334 -9.8 81.8 -32.21755 -12.1 80.4 -31.96823 -11.78556 84.11742 -32.91353
4 0 -6.3 82.8 -32.30481 -9.8 81.8 -32.21755 -10.1 84.9 -33.03334 -5.7 86 -33.10243
4 0 0 83.2 -32.10009 -6.3 82.8 -32.30481 -5.7 86 -33.10243 0 86.5 -32.95289
3 0 -8.9 97.4 -36.20497 -9.52326 97.30651 -36.21129 -8.67964 102.2248 -37.44105
4 0 -.9 103.1 -37.28677 -.9 98.3 -36.04632 -8.9 97.4 -36.20497 -8.67964 102.2248 -37.44105
4 0 0 98.3 -36.00231 -0.9 98.3 -36.04632 -0.9 103.1 -37.28677 0 103.1 -37.24275
4 0 -5.80054 119.0098 -41.63792 -5.3 119.2 -41.66259 -5.3 114.8 -40.52552 -6.57615 114.4881 -40.50733
4 0 0 115.299 -40.39529 -5.3 114.8 -40.52552 -5.3 119.2 -41.66259 0 119.8 -41.55846
4 70 0 82.2 -31.84166 0 76.5 -30.36863 -4.6 76.7 -30.64528 -4.6 81.9 -31.98909
4 70 -4.6 81.9 -31.98909 -4.6 76.7 -30.64528 -7.7 77.1 -30.90025 -7.6 81.5 -32.03243
4 70 -7.6 81.5 -32.03243 -7.7 77.1 -30.90025 -10 77.5 -31.1161 -9.9 80.8 -31.96401
4 70 -9.9 80.8 -31.96401 -10 77.5 -31.1161 -11.7 78.4 -31.43182 -11.6 79.8 -31.78872
3 70 -11.7 78.4 -31.43182 -12 79.1 -31.62739 -11.6 79.8 -31.78872
3 70 -10 86.2 -33.3644 -11.53953 85.55178 -33.27217 -10.62806 90.86558 -34.60082
4 70 -4.7 87.5 -33.44116 -8.4 86.7 -33.41537 -8.9 91.8 -34.75779 -0.9 93 -34.67667
3 70 -4.7 87.5 -33.44116 -0.9 93 -34.67667 -0.8 87.8 -33.32797
4 70 -0.9 93 -34.67667 -8.9 91.8 -34.75779 -8.9 97.4 -36.20497 -0.9 98.3 -36.04632
4 70 -7.78987 107.4121 -38.73806 -.9 108.5 -38.68226 -.9 103.1 -37.28677 -8.67964 102.2248 -37.44105
4 70 -7.78987 107.4121 -38.73806 -6.81724 113.0825 -40.15587 -.8 114.2 -40.1504 -.9 108.5 -38.68226
4 0 -3.16421 134.3795 -45.48092 -2.8 134.1 -45.39087 -2.9 131 -44.59465 -3.88463 130.1795 -44.43076
4 0 -1.9 131.8 -44.75248 -2.9 131 -44.59465 -2.8 134.1 -45.39087 -1.8 132.8 -45.00602
3 16 -2.8 134.1 -45.39087 -3.16421 134.3795 -45.48092 0 152.8267 -50.0934
3 16 -1.8 132.8 -45.00602 -2.8 134.1 -45.39087 0 152.8267 -50.0934
3 16 0 119.8 -41.55846 -1.8 132.8 -45.00602 0 152.8267 -50.0934
3 16 0 119.8 -41.55846 -1.9 131.8 -44.75248 -1.8 132.8 -45.00602
4 16 -2.9 131 -44.59465 -1.9 131.8 -44.75248 0 119.8 -41.55846 -5.3 119.2 -41.66259
4 16 -3.88463 130.1795 -44.43076 -2.9 131 -44.59465 -5.3 119.2 -41.66259 -5.80054 119.0098 -41.63792
3 16 -6.81724 113.0825 -40.15587 -6.57615 114.4881 -40.50733 -.8 114.2 -40.1504
4 16 -6.57615 114.4881 -40.50733 -5.3 114.8 -40.52552 0 115.299 -40.39529 -.8 114.2 -40.1504
4 16 -0.9 108.5 -38.68226 -0.8 114.2 -40.1504 0 115.299 -40.39529 0 103.1 -37.24275
3 16 0 103.1 -37.24275 -0.9 103.1 -37.28677 -0.9 108.5 -38.68226
4 16 -11.53953 85.55178 -33.27217 -10 86.2 -33.3644 -10.1 84.9 -33.03334 -11.78556 84.11742 -32.91353
4 16 -10.1 84.9 -33.03334 -10 86.2 -33.3644 -8.4 86.7 -33.41537 -5.7 86 -33.10243
4 16 -5.7 86 -33.10243 -8.4 86.7 -33.41537 -4.7 87.5 -33.44116 -0.8 87.8 -33.32797
3 16 -5.7 86 -33.10243 -0.8 87.8 -33.32797 0 86.5 -32.95289
4 16 0 86.5 -32.95289 -0.8 87.8 -33.32797 -0.9 93 -34.67667 0 98.3 -36.00231
3 16 -0.9 93 -34.67667 -0.9 98.3 -36.04632 0 98.3 -36.00231
3 16 -10 86.2 -33.3644 -8.9 91.8 -34.75779 -8.4 86.7 -33.41537
4 16 -8.9 97.4 -36.20497 -8.9 91.8 -34.75779 -10 86.2 -33.3644 -9.52326 97.30651 -36.21129
3 16 -10 86.2 -33.3644 -10.62806 90.86558 -34.60082 -9.52326 97.30651 -36.21129
4 16 -12.98732 77.11122 -31.16172 -12.57876 79.49311 -31.75728 -12 79.1 -31.62739 -11.7 78.4 -31.43182
4 16 -12.57876 79.49311 -31.75728 -12.1 80.4 -31.96823 -11.6 79.8 -31.78872 -12 79.1 -31.62739
4 16 -9.9 80.8 -31.96401 -11.6 79.8 -31.78872 -12.1 80.4 -31.96823 -9.8 81.8 -32.21755
4 16 -7.6 81.5 -32.03243 -9.9 80.8 -31.96401 -9.8 81.8 -32.21755 -6.3 82.8 -32.30481
4 16 -4.6 81.9 -31.98909 -7.6 81.5 -32.03243 -6.3 82.8 -32.30481 0 83.2 -32.10009
3 16 -4.6 81.9 -31.98909 0 83.2 -32.10009 0 82.2 -31.84166
4 16 -10.7 76.2 -30.81438 -12.98732 77.11122 -31.16172 -11.7 78.4 -31.43182 -10 77.5 -31.1161
4 16 -8 75.8 -30.57897 -10.7 76.2 -30.81438 -10 77.5 -31.1161 -7.7 77.1 -30.90025
4 16 -5 75.8 -30.43226 -8 75.8 -30.57897 -7.7 77.1 -30.90025 -4.6 76.7 -30.64528
4 16 -5 75.8 -30.43226 -4.6 76.7 -30.64528 0 76.5 -30.36863 0 61.7312 -26.552
3 16 0 61.7312 -26.552 -8 73.1 -29.88122 -5 75.8 -30.43226
4 16 -12 70.2 -29.3274 -8 73.1 -29.88122 0 61.7312 -26.552 -8.1 64.4 -27.63781
3 16 0 61.7312 -26.552 -6.52443 62.07811 -26.96072 -8.1 64.4 -27.63781
4 0 -4.10918 58.17985 -25.51734 -10.37295 52.76642 -23.94018 -11.2 53.3 -24.1598 -4.3 58.8 -25.73837
4 0 -4.3 58.8 -25.73837 -11.2 53.3 -24.1598 -15.4 57.3 -25.71733 -6.52443 62.07811 -26.96072
4 0 -15.4842 62.5545 -27.522 -6.52443 62.07811 -26.96072 -15.4 57.3 -25.71733 -16.34783 58.32793 -26.11175
3 16 -4.3 58.8 -25.73837 -6.52443 62.07811 -26.96072 0 61.7312 -26.552
3 16 -4.10918 58.17985 -25.51734 -4.3 58.8 -25.73837 0 61.7312 -26.552
3 16 -19.0094 45.3024 -21.7656 -11.2 53.3 -24.1598 -10.37295 52.76642 -23.94018
3 16 -11.2 53.3 -24.1598 -19.0094 45.3024 -21.7656 -15.4 57.3 -25.71733
3 16 -19.0094 45.3024 -21.7656 -16.34783 58.32793 -26.11175 -15.4 57.3 -25.71733
4 0 0 46.5 -22.21526 -1.39 44.43 -21.61793 -1.5 45 -21.7796 -1.39 45.57 -21.94252
4 0 0 46.5 -22.21526 -1.39 45.57 -21.94252 -1.06 46.06 -22.08392 -0.57 46.39 -22.18068
4 0 0 46.5 -22.21526 0 43.5 -21.36108 -0.57 43.61 -21.38914 -1.06 43.94 -21.4803
3 0 -1.06 43.94 -21.4803 -1.39 44.43 -21.61793 0 46.5 -22.21526
4 0 -5.2 46 -22.04317 -6.59 43.93 -21.44584 -6.7 44.5 -21.60751 -6.59 45.07 -21.77043
4 0 -5.2 46 -22.04317 -6.59 45.07 -21.77043 -6.26 45.56 -21.91183 -5.77 45.89 -22.00859
4 0 -5.2 46 -22.04317 -4.63 45.89 -22.01511 -4.14 45.56 -21.92395 -3.81 45.07 -21.78632
4 0 -5.2 46 -22.04317 -3.81 45.07 -21.78632 -3.7 44.5 -21.62466 -3.81 43.93 -21.46173
4 0 -5.2 46 -22.04317 -3.81 43.93 -21.46173 -4.14 43.44 -21.32033 -4.63 43.11 -21.22357
4 0 -5.2 46 -22.04317 -4.63 43.11 -21.22357 -5.2 43 -21.18899 -5.77 43.11 -21.21705
4 0 -5.2 46 -22.04317 -5.77 43.11 -21.21705 -6.26 43.44 -21.30821 -6.59 43.93 -21.44584
4 0 -9.2 47 -22.30503 -10.31 45.34 -21.82604 -10.4 45.8 -21.9565 -10.31 46.26 -22.08799
4 0 -9.2 47 -22.30503 -10.31 46.26 -22.08799 -10.05 46.65 -22.20052 -9.66 46.91 -22.27678
4 0 -9.2 47 -22.30503 -8.74 46.91 -22.28204 -8.35 46.65 -22.21024 -8.09 46.26 -22.10068
4 0 -9.2 47 -22.30503 -8.09 46.26 -22.10068 -8 45.8 -21.97022 -8.09 45.34 -21.83873
4 0 -9.2 47 -22.30503 -8.09 45.34 -21.83873 -8.35 44.95 -21.7262 -8.74 44.69 -21.64994
4 0 -9.2 47 -22.30503 -8.74 44.69 -21.64994 -9.2 44.6 -21.62169 -9.66 44.69 -21.64468
4 0 -9.2 47 -22.30503 -9.66 44.69 -21.64468 -10.05 44.95 -21.71648 -10.31 45.34 -21.82604
4 14 -0.57 43.61 -21.38914 0 43.5 -21.36108 0 42.2 -20.99094 -2 42.2 -20.9795
4 14 -1.06 43.94 -21.4803 -0.57 43.61 -21.38914 -2 42.2 -20.9795 -4.14 43.44 -21.32033
4 14 -4.14 43.44 -21.32033 -2 42.2 -20.9795 -2.9 41.9 -20.88894 -4.63 43.11 -21.22357
4 14 -4.63 43.11 -21.22357 -2.9 41.9 -20.88894 -3.3 41 -20.6304 -6.5 41 -20.6121
4 14 -6.5 41 -20.6121 -3.3 41 -20.6304 -3.6 39.7 -20.25854 -7 39.6 -20.21063
4 14 -7 39.6 -20.21063 -3.6 39.7 -20.25854 -3.5 38.3 -19.86049 -7.8 39.2 -20.09216
4 14 -8.5 38.7 -19.9458 -7.8 39.2 -20.09216 -3.5 38.3 -19.86049 -2.6 37.7 -19.6948
4 14 -8.7 37.8 -19.6884 -8.5 38.7 -19.9458 -2.6 37.7 -19.6948 -2.2 37 -19.49778
4 14 -8.3 36.9 -19.43443 -8.7 37.8 -19.6884 -2.2 37 -19.49778 -2.6 36.2 -19.26771
4 14 -7.4 35.7 -19.0979 -8.3 36.9 -19.43443 -2.6 36.2 -19.26771 -3.7 35.2 -18.97669
4 14 -6.1 34.8 -18.84908 -7.4 35.7 -19.0979 -3.7 35.2 -18.97669 -4.7 34.6 -18.80014
4 14 -5.2 43 -21.18899 -4.63 43.11 -21.22357 -6.5 41 -20.6121 -6.6 42 -20.89626
4 14 -5.77 43.11 -21.21705 -5.2 43 -21.18899 -6.6 42 -20.89626 -7 42.7 -21.09328
4 14 -6.26 43.44 -21.30821 -5.77 43.11 -21.21705 -7 42.7 -21.09328 -7.9 43.3 -21.25897
4 14 -6.59 43.93 -21.44584 -6.26 43.44 -21.30821 -7.9 43.3 -21.25897 -8.74 44.69 -21.64994
4 14 -9.2 44.6 -21.62169 -8.74 44.69 -21.64994 -7.9 43.3 -21.25897 -9.5 43.5 -21.30677
4 14 -9.66 44.69 -21.64468 -9.2 44.6 -21.62169 -9.5 43.5 -21.30677 -10.9 43.3 -21.24182
3 14 -10.9 43.3 -21.24182 -10.05 44.95 -21.71648 -9.66 44.69 -21.64468
4 14 -10.31 45.34 -21.82604 -10.05 44.95 -21.71648 -10.9 43.3 -21.24182 -12.2 42.7 -21.06355
4 14 -16.4 41 -20.55551 -10.31 45.34 -21.82604 -12.2 42.7 -21.06355 -16.5 40.3 -20.35563
4 14 -16.5 40.3 -20.35563 -12.2 42.7 -21.06355 -12.6 41.6 -20.74807 -16 39.4 -20.10223
4 14 -16 39.4 -20.10223 -12.6 41.6 -20.74807 -12.1 40.8 -20.52314 -14.9 38.8 -19.93768
4 14 -14.9 38.8 -19.93768 -12.1 40.8 -20.52314 -11.9 39.9 -20.26803 -12.6 39.1 -20.03625
3 14 -13.7 38.7 -19.91607 -14.9 38.8 -19.93768 -12.6 39.1 -20.03625
3 14 -16.4 41 -20.55551 -10.4 45.8 -21.9565 -10.31 45.34 -21.82604
4 14 -10.31 46.26 -22.08799 -10.4 45.8 -21.9565 -16.4 41 -20.55551 -10.2 47.8 -22.5271
4 14 -10.05 46.65 -22.20052 -10.31 46.26 -22.08799 -10.2 47.8 -22.5271 -9.5 48.2 -22.64499
4 14 -9.66 46.91 -22.27678 -10.05 46.65 -22.20052 -9.5 48.2 -22.64499 -8.8 48.2 -22.64899
4 14 -9.2 47 -22.30503 -9.66 46.91 -22.27678 -8.8 48.2 -22.64899 -8 48 -22.59662
4 14 -8.74 46.91 -22.28204 -9.2 47 -22.30503 -8 48 -22.59662 -7.1 47.6 -22.48787
4 14 -8.35 46.65 -22.21024 -8.74 46.91 -22.28204 -7.1 47.6 -22.48787 -5.77 45.89 -22.00859
4 14 -8.09 46.26 -22.10068 -8.35 46.65 -22.21024 -5.77 45.89 -22.00859 -6.26 45.56 -21.91183
4 14 -8 45.8 -21.97022 -8.09 46.26 -22.10068 -6.26 45.56 -21.91183 -6.59 45.07 -21.77043
4 14 -8.09 45.34 -21.83873 -8 45.8 -21.97022 -6.59 45.07 -21.77043 -6.7 44.5 -21.60751
4 14 -8.35 44.95 -21.7262 -8.09 45.34 -21.83873 -6.7 44.5 -21.60751 -6.59 43.93 -21.44584
3 14 -6.59 43.93 -21.44584 -8.74 44.69 -21.64994 -8.35 44.95 -21.7262
4 14 -5.2 46 -22.04317 -5.77 45.89 -22.00859 -7.1 47.6 -22.48787 -5 47.3 -22.41446
4 14 -4.63 45.89 -22.01511 -5.2 46 -22.04317 -5 47.3 -22.41446 -1.06 46.06 -22.08392
4 14 -4.63 45.89 -22.01511 -1.06 46.06 -22.08392 -1.39 45.57 -21.94252 -4.14 45.56 -21.92395
4 14 -4.14 45.56 -21.92395 -1.39 45.57 -21.94252 -1.5 45 -21.7796 -3.81 45.07 -21.78632
4 14 -3.81 45.07 -21.78632 -1.5 45 -21.7796 -1.39 44.43 -21.61793 -3.7 44.5 -21.62466
4 14 -3.7 44.5 -21.62466 -1.39 44.43 -21.61793 -1.06 43.94 -21.4803 -3.81 43.93 -21.46173
3 14 -4.14 43.44 -21.32033 -3.81 43.93 -21.46173 -1.06 43.94 -21.4803
4 14 -0.57 46.39 -22.18068 -1.06 46.06 -22.08392 -5 47.3 -22.41446 0 47.2 -22.41457
3 14 -0.57 46.39 -22.18068 0 47.2 -22.41457 0 46.5 -22.21526
3 0 0 27.5 -16.80544 -2.2 37 -19.49778 0 42.2 -20.99094
4 0 0 42.2 -20.99094 -2.2 37 -19.49778 -2.6 37.7 -19.6948 -2 42.2 -20.9795
4 0 -2 42.2 -20.9795 -2.6 37.7 -19.6948 -3.5 38.3 -19.86049 -2.9 41.9 -20.88894
4 0 -3.3 41 -20.6304 -2.9 41.9 -20.88894 -3.5 38.3 -19.86049 -3.6 39.7 -20.25854
4 0 -2.6 36.2 -19.26771 -2.2 37 -19.49778 0 27.5 -16.80544 -1.6 27.6 -16.82477
4 0 -2.6 36.2 -19.26771 -1.6 27.6 -16.82477 -3.3 31.7 -17.98243 -3.7 35.2 -18.97669
4 0 -3.5 30.4 -17.61114 -3.3 31.7 -17.98243 -1.6 27.6 -16.82477 -2.7 28.1 -16.96085
3 0 -2.7 28.1 -16.96085 -3.4 29.1 -17.24157 -3.5 30.4 -17.61114
4 0 -3.7 35.2 -18.97669 -3.3 31.7 -17.98243 -5.2 31.7 -17.97157 -4.7 34.6 -18.80014
4 0 -4.7 34.6 -18.80014 -5.2 31.7 -17.97157 -7.8 32.5 -18.18449 -6.1 34.8 -18.84908
4 0 -6.1 34.8 -18.84908 -7.8 32.5 -18.18449 -10.8 33.7 -18.50901 -7.4 35.7 -19.0979
4 0 -7.4 35.7 -19.0979 -10.8 33.7 -18.50901 -13.5 35 -18.86372 -13.7 38.7 -19.91607
4 0 -8.3 36.9 -19.43443 -7.4 35.7 -19.0979 -13.7 38.7 -19.91607 -12.6 39.1 -20.03625
4 0 -8.7 37.8 -19.6884 -8.3 36.9 -19.43443 -12.6 39.1 -20.03625 -11.9 39.9 -20.26803
4 0 -8.5 38.7 -19.9458 -8.7 37.8 -19.6884 -11.9 39.9 -20.26803 -12.1 40.8 -20.52314
4 0 -7.8 39.2 -20.09216 -8.5 38.7 -19.9458 -12.1 40.8 -20.52314 -12.6 41.6 -20.74807
4 0 -7 39.6 -20.21063 -7.8 39.2 -20.09216 -12.6 41.6 -20.74807 -12.2 42.7 -21.06355
4 0 -6.5 41 -20.6121 -7 39.6 -20.21063 -12.2 42.7 -21.06355 -10.9 43.3 -21.24182
4 0 -6.6 42 -20.89626 -6.5 41 -20.6121 -10.9 43.3 -21.24182 -9.5 43.5 -21.30677
4 0 -7 42.7 -21.09328 -6.6 42 -20.89626 -9.5 43.5 -21.30677 -7.9 43.3 -21.25897
4 0 -14.9 38.8 -19.93768 -13.7 38.7 -19.91607 -13.5 35 -18.86372 -14.68646 35.82693 -19.09239
3 0 -14.68646 35.82693 -19.09239 -16 39.4 -20.10223 -14.9 38.8 -19.93768
4 0 -17.6613 42.3475 -20.93197 -16.5 40.3 -20.35563 -16 39.4 -20.10223 -14.68646 35.82693 -19.09239
3 0 -17.6613 42.3475 -20.93197 -16.4 41 -20.55551 -16.5 40.3 -20.35563
4 0 -10.3 49.9 -23.12445 -10.2 47.8 -22.5271 -16.4 41 -20.55551 -17.6613 42.3475 -20.93197
4 0 -9.5 48.2 -22.64499 -10.2 47.8 -22.5271 -10.3 49.9 -23.12445 -9.1 50.2 -23.21673
4 0 -8.8 48.2 -22.64899 -9.5 48.2 -22.64499 -9.1 50.2 -23.21673 -7.4 50.5 -23.31187
4 0 -8 48 -22.59662 -8.8 48.2 -22.64899 -7.4 50.5 -23.31187 0 50.5 -23.35417
4 0 -7.1 47.6 -22.48787 -8 48 -22.59662 0 50.5 -23.35417 -5 47.3 -22.41446
3 0 0 47.2 -22.41457 -5 47.3 -22.41446 0 50.5 -23.35417
4 0 -4.10918 58.17985 -25.51734 -3.1 54.9 -24.58925 -8.1 51.3 -23.53565 -10.37295 52.76642 -23.94018
4 16 -3.1 54.9 -24.58925 -4.10918 58.17985 -25.51734 0 61.7312 -26.552 0 50.5 -23.35417
4 16 -3.1 54.9 -24.58925 0 50.5 -23.35417 -7.4 50.5 -23.31187 -8.1 51.3 -23.53565
3 16 -9.1 50.2 -23.21673 -8.1 51.3 -23.53565 -7.4 50.5 -23.31187
4 16 -8.1 51.3 -23.53565 -9.1 50.2 -23.21673 -10.3 49.9 -23.12445 -10.37295 52.76642 -23.94018
4 16 -17.6613 42.3475 -20.93197 -19.0094 45.3024 -21.7656 -10.37295 52.76642 -23.94018 -10.3 49.9 -23.12445
3 16 0 3.6356 -10.0106 -14.68646 35.82693 -19.09239 -13.5 35 -18.86372
3 16 0 3.6356 -10.0106 -13.5 35 -18.86372 -10.8 33.7 -18.50901
3 16 0 3.6356 -10.0106 -10.8 33.7 -18.50901 -7.8 32.5 -18.18449
3 16 -5.2 31.7 -17.97157 -3.3 31.7 -17.98243 -3.5 30.4 -17.61114
4 16 -5.2 31.7 -17.97157 -3.5 30.4 -17.61114 -3.4 29.1 -17.24157 -7.8 32.5 -18.18449
4 16 -7.8 32.5 -18.18449 -3.4 29.1 -17.24157 -2.7 28.1 -16.96085 0 3.6356 -10.0106
3 16 0 3.6356 -10.0106 -2.7 28.1 -16.96085 -1.6 27.6 -16.82477
3 16 0 3.6356 -10.0106 -1.6 27.6 -16.82477 0 27.5 -16.80544
4 0 -31.7 56.2 -27.68082 -32.76407 56.87205 -28.48227 -31.9 60.5 -28.97597 -30.62901 56.0215 -27.01069
3 0 -30.62901 56.0215 -27.01069 -31.9 60.5 -28.97597 -31.30239 59.83599 -28.44727
3 0 -32.76407 56.87205 -28.48227 -32.01368 60.95471 -29.1666 -31.9 60.5 -28.97597
4 16 -32.01368 60.95471 -29.1666 -31.7516 62.3806 -29.4056 -31.30239 59.83599 -28.44727 -31.9 60.5 -28.97597
4 16 -35.1092 44.1129 -26.3436 -32.76407 56.87205 -28.48227 -31.7 56.2 -27.68082 -26.4057 32.0979 -18.0008
3 16 -26.4057 32.0979 -18.0008 -31.7 56.2 -27.68082 -30.62901 56.0215 -27.01069
4 0 -33.6 57.4 -28.75466 -34.9 59.1 -29.35744 -32.2 61.7 -29.35525 -32.76407 56.87205 -28.48227
3 0 -32.76407 56.87205 -28.48227 -32.2 61.7 -29.35525 -32.01368 60.95471 -29.1666
4 0 -34.9 59.1 -29.35744 -35.01512 59.48373 -29.45835 -32.17667 62.00329 -29.41247 -32.2 61.7 -29.35525
4 16 -32.01368 60.95471 -29.1666 -32.2 61.7 -29.35525 -32.17667 62.00329 -29.41247 -31.7516 62.3806 -29.4056
3 16 -52.6563 43.8245 -29.7435 -35.01512 59.48373 -29.45835 -34.9 59.1 -29.35744
4 16 -52.6563 43.8245 -29.7435 -34.9 59.1 -29.35744 -33.6 57.4 -28.75466 -35.1092 44.1129 -26.3436
3 16 -35.1092 44.1129 -26.3436 -33.6 57.4 -28.75466 -32.76407 56.87205 -28.48227
3 0 -16.34783 58.32793 -26.11175 -20.19859 62.5041 -28.06788 -15.4842 62.5545 -27.522
4 0 -22.8 60.7 -27.73299 -26.3 61.9 -28.58138 -26.47899 62.43696 -28.79508 -22.8 62.47629 -28.36909
4 0 -26.3 60.6 -28.11585 -26.3 61.9 -28.58138 -22.8 60.7 -27.73299 -23.3 58.6 -27.04078
4 0 -26.9 59.5 -27.7937 -26.3 60.6 -28.11585 -23.3 58.6 -27.04078 -24.4 57.2 -26.67101
4 0 -28 58.9 -27.71042 -26.9 59.5 -27.7937 -24.4 57.2 -26.67101 -26.2 56 -26.4566
4 0 -29.15469 58.9 -27.84854 -28 58.9 -27.71042 -26.2 56 -26.4566 -26.92598 55.91288 -26.51224
4 16 -26.9 59.5 -27.7937 -28 58.9 -27.71042 -29.15469 58.9 -27.84854 -31.7516 62.3806 -29.4056
4 16 -26.9 59.5 -27.7937 -31.7516 62.3806 -29.4056 -26.3 61.9 -28.58138 -26.3 60.6 -28.11585
3 16 -31.7516 62.3806 -29.4056 -26.47899 62.43696 -28.79508 -26.3 61.9 -28.58138
3 16 -19.0094 45.3024 -21.7656 -26.92598 55.91288 -26.51224 -26.2 56 -26.4566
3 16 -19.0094 45.3024 -21.7656 -26.2 56 -26.4566 -24.4 57.2 -26.67101
3 16 -19.0094 45.3024 -21.7656 -24.4 57.2 -26.67101 -23.3 58.6 -27.04078
4 16 -19.0094 45.3024 -21.7656 -23.3 58.6 -27.04078 -22.8 60.7 -27.73299 -16.34783 58.32793 -26.11175
4 16 -16.34783 58.32793 -26.11175 -22.8 60.7 -27.73299 -22.8 62.47629 -28.36909 -20.19859 62.5041 -28.06788
4 0 -32.17667 62.00329 -29.41247 -35.01512 59.48373 -29.45835 -35.5 61.1 -29.48246 -32.14759 62.38127 -29.4148
3 0 -35.5 61.1 -29.48246 -35.44151 62.38684 -29.49134 -32.14759 62.38127 -29.4148
3 16 -32.17667 62.00329 -29.41247 -32.14759 62.38127 -29.4148 -31.7516 62.3806 -29.4056
4 16 -52.7405 62.4161 -29.8933 -35.44151 62.38684 -29.49134 -35.5 61.1 -29.48246 -52.6563 43.8245 -29.7435
3 16 -52.6563 43.8245 -29.7435 -35.5 61.1 -29.48246 -35.01512 59.48373 -29.45835
3 16 -52.6563 43.8245 -29.7435 -72.0653 62.9055 -27.1831 -52.7405 62.4161 -29.8933
3 16 -52.6563 43.8245 -29.7435 -69.1852 44.4516 -26.2605 -72.0653 62.9055 -27.1831
3 16 -69.1852 44.4516 -26.2605 -82.8348 47.734 -21.4112 -72.0653 62.9055 -27.1831
3 16 -52.5895 26.176 -32.2621 -52.6563 43.8245 -29.7435 -43.8534 26.9115 -30.1534
3 16 -52.5895 26.176 -32.2621 -69.1852 44.4516 -26.2605 -52.6563 43.8245 -29.7435
3 16 -52.5895 26.176 -32.2621 -61.6869 26.8926 -28.2992 -69.1852 44.4516 -26.2605
3 16 -61.6869 26.8926 -28.2992 -71.4053 29.3859 -19.2591 -69.1852 44.4516 -26.2605
3 16 -71.4053 29.3859 -19.2591 -79.2825 32.1585 -15.4747 -69.1852 44.4516 -26.2605
4 16 -82.8348 47.734 -21.4112 -69.1852 44.4516 -26.2605 -79.2825 32.1585 -15.4747 -86.1006 34.3111 -13.3087
3 16 -43.8534 26.9115 -30.1534 -52.6563 43.8245 -29.7435 -35.1092 44.1129 -26.3436
3 16 -43.8534 26.9115 -30.1534 -35.1092 44.1129 -26.3436 -32.2985 29.6351 -22.0188
3 16 -32.2985 29.6351 -22.0188 -35.1092 44.1129 -26.3436 -26.4057 32.0979 -18.0008
3 16 -32.8402 26.051 -22.4518 -32.2985 29.6351 -22.0188 -30.7946 27.0461 -20.9401
3 16 -32.8402 26.051 -22.4518 -43.8534 26.9115 -30.1534 -32.2985 29.6351 -22.0188
3 16 -34.5553 24.178 -23.4568 -43.8534 26.9115 -30.1534 -32.8402 26.051 -22.4518
3 16 -35.6791 21.7129 -23.8028 -43.8534 26.9115 -30.1534 -34.5553 24.178 -23.4568
3 16 -36.0401 19.0303 -23.4363 -43.8534 26.9115 -30.1534 -35.6791 21.7129 -23.8028
3 16 -43.8534 3.8219 -23.9831 -43.8534 26.9115 -30.1534 -36.0401 19.0303 -23.4363
3 16 -43.8534 3.8219 -23.9831 -36.0401 19.0303 -23.4363 -35.5838 16.5392 -22.4137
3 16 -43.8534 3.8219 -23.9831 -35.5838 16.5392 -22.4137 -34.3791 14.6187 -20.8904
4 16 -32.6101 13.5607 -19.09935 -32.1445 4.7485 -15.2588 -43.8534 3.8219 -23.9831 -34.3791 14.6187 -20.8904
3 16 -32.1445 4.7485 -15.2588 -32.6101 13.5607 -19.09935 -30.5455 13.5272 -17.3107
3 16 -32.1445 4.7485 -15.2588 -30.5455 13.5272 -17.3107 -26.2897 5.9168 -11.746
3 16 -26.2897 5.9168 -11.746 -30.5455 13.5272 -17.3107 -28.4999 14.5224 -15.7989
3 16 -26.2897 5.9168 -11.746 -28.4999 14.5224 -15.7989 -26.7848 16.3953 -14.7939
3 16 -23.1681 3.8574 -10.1827 -26.2897 5.9168 -11.746 -25.661 18.8604 -14.448
3 16 -26.2897 5.9168 -11.746 -26.7848 16.3953 -14.7939 -25.661 18.8604 -14.448
3 16 -23.1681 3.8574 -10.1827 -25.661 18.8604 -14.448 -25.3 21.543 -15.0144
3 16 -25.7563 24.0342 -15.7369 -26.9609 25.9546 -17.3602 -26.4057 32.0979 -18.0008
3 16 0 3.6356 -10.0106 -23.1681 3.8574 -10.1827 -25.3 21.543 -15.0144
3 16 0 3.6356 -10.0106 -25.3 21.543 -15.0144 -25.7563 24.0342 -15.7369
4 16 -25.7563 24.0342 -15.7369 -26.4057 32.0979 -18.0008 -19.0094 45.3024 -21.7656 -18.7 41.1 -20.57723
3 16 -26.9609 25.9546 -17.3602 -28.73 27.0126 -19.1522 -26.4057 32.0979 -18.0008
3 16 -28.73 27.0126 -19.1522 -30.7946 27.0461 -20.9401 -26.4057 32.0979 -18.0008
3 16 -30.7946 27.0461 -20.9401 -32.2985 29.6351 -22.0188 -26.4057 32.0979 -18.0008
4 16 -43.8534 26.9115 -30.1534 -43.8534 3.8219 -23.9831 -52.5895 3.0862 -26.0917 -52.5895 26.176 -32.2621
3 16 -52.5895 3.0862 -26.0917 -61.6869 3.2865 -24.061 -52.5895 26.176 -32.2621
3 16 -61.6869 3.2865 -24.061 -61.6869 26.8926 -28.2992 -52.5895 26.176 -32.2621
3 16 -61.6869 3.2865 -24.061 -65.6912 16.1617 -22.3926 -65.0477 18.6108 -23.4165
3 16 -61.6869 3.2865 -24.061 -67.0121 14.3439 -20.8401 -65.6912 16.1617 -22.3926
3 16 -61.6869 3.2865 -24.061 -68.8087 13.4332 -18.9955 -67.0121 14.3439 -20.8401
3 16 -61.6869 3.2865 -24.061 -72.0423 5.7798 -14.3405 -68.8087 13.4332 -18.9955
3 16 -72.0423 5.7798 -14.3405 -70.808 13.5691 -17.1395 -68.8087 13.4332 -18.9955
3 16 -72.0423 5.7798 -14.3405 -77.9804 9.1016 -8.3728 -70.808 13.5691 -17.1395
3 16 -77.9804 9.1016 -8.3728 -72.7053 14.7303 -15.5545 -70.808 13.5691 -17.1395
3 16 -77.9804 9.1016 -8.3728 -74.2117 16.7405 -14.4823 -72.7053 14.7303 -15.5545
3 16 -77.9804 9.1016 -8.3728 -81.3756 12.5114 -5.9247 -74.2117 16.7405 -14.4823
3 16 -81.3756 12.5114 -5.9247 -75.0982 19.2931 -14.0855 -74.2117 16.7405 -14.4823
3 16 -81.3756 12.5114 -5.9247 -75.2295 22.0002 -14.4251 -75.0982 19.2931 -14.0855
3 16 -81.3756 12.5114 -5.9247 -84.4371 16.7056 -5.9668 -75.2295 22.0002 -14.4251
3 16 -84.4371 16.7056 -5.9668 -85.664 21.6353 -7.2046 -75.2295 22.0002 -14.4251
3 16 -85.664 21.6353 -7.2046 -79.2825 32.1585 -15.4747 -75.2295 22.0002 -14.4251
3 16 -85.664 21.6353 -7.2046 -86.1006 34.3111 -13.3087 -79.2825 32.1585 -15.4747
3 16 -86.1006 34.3111 -13.3087 -87.9215 56.3457 -21.9255 -82.8348 47.734 -21.4112
3 16 -75.2295 22.0002 -14.4251 -79.2825 32.1585 -15.4747 -74.5859 24.4491 -15.449
3 16 -74.5859 24.4491 -15.449 -79.2825 32.1585 -15.4747 -73.2651 26.267 -17.0015
3 16 -73.2651 26.267 -17.0015 -79.2825 32.1585 -15.4747 -71.4053 29.3859 -19.2591
3 16 -73.2651 26.267 -17.0015 -71.4053 29.3859 -19.2591 -71.4684 27.1778 -18.8461
3 16 -69.4692 27.0418 -20.7021 -71.4684 27.1778 -18.8461 -71.4053 29.3859 -19.2591
3 16 -61.6869 26.8926 -28.2992 -69.4692 27.0418 -20.7021 -71.4053 29.3859 -19.2591
3 16 -67.5718 25.8806 -22.2871 -69.4692 27.0418 -20.7021 -61.6869 26.8926 -28.2992
3 16 -66.0655 23.8705 -23.3593 -67.5718 25.8806 -22.2871 -61.6869 26.8926 -28.2992
3 16 -65.1789 21.3178 -23.756 -66.0655 23.8705 -23.3593 -61.6869 26.8926 -28.2992
3 16 -65.0477 18.6108 -23.4165 -65.1789 21.3178 -23.756 -61.6869 26.8926 -28.2992
3 16 -61.6869 3.2865 -24.061 -65.0477 18.6108 -23.4165 -61.6869 26.8926 -28.2992
3 0 -14.68646 35.82693 -19.09239 -16.8 37.3 -19.50547 -18 38.6 -19.87117
4 0 -17.6613 42.3475 -20.93197 -14.68646 35.82693 -19.09239 -18 38.6 -19.87117 -18.8 40 -20.26586
4 0 -18.8 40 -20.26586 -18.7 41.1 -20.57723 -18 42 -20.83307 -17.6613 42.3475 -20.93197
3 16 -18 42 -20.83307 -19.0094 45.3024 -21.7656 -17.6613 42.3475 -20.93197
3 16 -18.7 41.1 -20.57723 -19.0094 45.3024 -21.7656 -18 42 -20.83307
3 16 -25.7563 24.0342 -15.7369 -18.7 41.1 -20.57723 -18.8 40 -20.26586
3 16 -25.7563 24.0342 -15.7369 -18.8 40 -20.26586 -18 38.6 -19.87117
3 16 -25.7563 24.0342 -15.7369 -18 38.6 -19.87117 -16.8 37.3 -19.50547
4 16 0 3.6356 -10.0106 -25.7563 24.0342 -15.7369 -16.8 37.3 -19.50547 -14.68646 35.82693 -19.09239
4 0 -29.15469 58.9 -27.84854 -26.92598 55.91288 -26.51224 -28.7 55.7 -26.65707 -29.8 58.9 -27.92869
4 0 -28.7 55.7 -26.65707 -30.62901 56.0215 -27.01069 -31 59.5 -28.29054 -29.8 58.9 -27.92869
3 0 -30.62901 56.0215 -27.01069 -31.30239 59.83599 -28.44727 -31 59.5 -28.29054
4 16 -29.15469 58.9 -27.84854 -29.8 58.9 -27.92869 -31 59.5 -28.29054 -31.7516 62.3806 -29.4056
3 16 -31 59.5 -28.29054 -31.30239 59.83599 -28.44727 -31.7516 62.3806 -29.4056
4 16 -26.4057 32.0979 -18.0008 -30.62901 56.0215 -27.01069 -28.7 55.7 -26.65707 -19.0094 45.3024 -21.7656
3 16 -19.0094 45.3024 -21.7656 -28.7 55.7 -26.65707 -26.92598 55.91288 -26.51224
2 24 -99.453 166.6183 -22.2388 -101.1846 166.9631 -20.1549
2 24 -106.1355 159.5589 -15.8343 -105.9218 156.9439 -16.5936
2 24 -100.8175 174.1175 -19.1859 -97.2978 173.4162 -23.4218
2 24 -87.9215 56.3457 -21.9255 -97.8788 92.5121 -27.0553
2 24 -97.8788 92.5121 -27.0553 -105.0817 118.4306 -25.0892
2 24 -110.4467 153.7516 -11.947 -110.8812 159.0669 -10.4035
2 24 -104.4473 172.6749 -15.2403 -100.8175 174.1175 -19.1859
2 24 -96.9446 160.5119 -26.3519 -97.1583 163.1268 -25.5927
2 24 -104.5381 164.5971 -16.7112 -105.6497 162.2464 -15.8754
2 24 -98.0393 165.2709 -24.1482 -99.453 166.6183 -22.2388
2 24 -93.2455 170.9456 -28.6234 -73.8317 162.5312 -43.1815
2 24 -107.716 141.4788 -17.5226 -110.4467 153.7516 -11.947
2 24 -105.9218 156.9439 -16.5936 -105.0408 154.7999 -18.0381
2 24 -73.8317 162.5312 -43.1815 -45.9146 157.1351 -50.7285
2 24 -100.1097 153.8172 -23.9725 -98.5419 155.4737 -25.4751
2 24 -19 153.213 -50.1969 0 152.8267 -50.0934
2 24 -107.6344 169.3081 -12.1858 -104.4473 172.6749 -15.2403
2 24 -102.9703 166.2536 -18.2137 -104.5381 164.5971 -16.7112
2 24 -97.4303 157.8244 -26.3108 -96.9446 160.5119 -26.3519
2 24 -105.6497 162.2464 -15.8754 -106.1355 159.5589 -15.8343
2 24 -97.1583 163.1268 -25.5927 -98.0393 165.2709 -24.1482
2 24 -105.0408 154.7999 -18.0381 -103.6271 153.4525 -19.9474
2 24 -109.8937 164.5296 -10.4873 -107.6344 169.3081 -12.1858
2 24 -101.8954 153.1077 -22.0314 -100.1097 153.8172 -23.9725
2 24 -103.6271 153.4525 -19.9474 -101.8954 153.1077 -22.0314
2 24 -98.5419 155.4737 -25.4751 -97.4303 157.8244 -26.3108
2 24 -110.8812 159.0669 -10.4035 -109.8937 164.5296 -10.4873
2 24 -101.1846 166.9631 -20.1549 -102.9703 166.2536 -18.2137

2 24 -26.7848 16.3953 -14.7939 -25.661 18.8604 -14.448
2 24 -26.9609 25.9546 -17.3602 -28.73 27.0126 -19.1522
2 24 -25.7563 24.0342 -15.7369 -26.9609 25.9546 -17.3602
2 24 -36.0401 19.0303 -23.4363 -35.5838 16.5392 -22.4137
2 24 -28.4999 14.5224 -15.7989 -26.7848 16.3953 -14.7939
2 24 -28.73 27.0126 -19.1522 -30.7946 27.0461 -20.9401
2 24 -34.5553 24.178 -23.4568 -35.6791 21.7129 -23.8028
2 24 -32.6101 13.5607 -19.0986 -30.5455 13.5272 -17.3107
2 24 -30.5455 13.5272 -17.3107 -28.4999 14.5224 -15.7989
2 24 -34.3791 14.6187 -20.8904 -32.6101 13.5607 -19.0986
2 24 -35.6791 21.7129 -23.8028 -36.0401 19.0303 -23.4363
2 24 -25.661 18.8604 -14.448 -25.3 21.543 -15.0144
2 24 -35.5838 16.5392 -22.4137 -34.3791 14.6187 -20.8904
2 24 -32.8402 26.051 -22.4518 -34.5553 24.178 -23.4568
2 24 -30.7946 27.0461 -20.9401 -32.8402 26.051 -22.4518
2 24 -25.3 21.543 -15.0144 -25.7563 24.0342 -15.7369
2 24 -74.2117 16.7405 -14.4823 -72.7053 14.7303 -15.5545
2 24 -75.2295 22.0002 -14.4251 -75.0982 19.2931 -14.0855
2 24 -67.5718 25.8806 -22.2871 -69.4692 27.0418 -20.7021
2 24 -68.8087 13.4332 -18.9955 -67.0121 14.3439 -20.8401
2 24 -66.0655 23.8705 -23.3593 -67.5718 25.8806 -22.2871
2 24 -73.2651 26.267 -17.0015 -74.5859 24.4491 -15.449
2 24 -65.0477 18.6108 -23.4165 -65.1789 21.3178 -23.756
2 24 -65.1789 21.3178 -23.756 -66.0655 23.8705 -23.3593
2 24 -65.6912 16.1617 -22.3926 -65.0477 18.6108 -23.4165
2 24 -71.4684 27.1778 -18.8461 -73.2651 26.267 -17.0015
2 24 -72.7053 14.7303 -15.5545 -70.808 13.5691 -17.1395
2 24 -75.0982 19.2931 -14.0855 -74.2117 16.7405 -14.4823
2 24 -74.5859 24.4491 -15.449 -75.2295 22.0002 -14.4251
2 24 -67.0121 14.3439 -20.8401 -65.6912 16.1617 -22.3926
2 24 -70.808 13.5691 -17.1395 -68.8087 13.4332 -18.9955
2 24 -69.4692 27.0418 -20.7021 -71.4684 27.1778 -18.8461
2 24 -84.4371 16.7056 -5.9668 -85.664 21.6353 -7.2046
2 24 -72.0423 5.7798 -14.3405 -77.9804 9.1016 -8.3728
2 24 -85.664 21.6353 -7.2046 -86.1006 34.3111 -13.3087
2 24 -77.9804 9.1016 -8.3728 -81.3756 12.5114 -5.9247
2 24 -81.3756 12.5114 -5.9247 -84.4371 16.7056 -5.9668
2 24 -26.2897 5.9168 -11.746 -32.1445 4.7485 -15.2588
2 24 -23.1681 3.8574 -10.1827 -26.2897 5.9168 -11.746
2 24 -32.1445 4.7485 -15.2588 -43.8534 3.8219 -23.9831
2 24 -52.5895 3.0862 -26.0917 -61.6869 3.2865 -24.061
2 24 -61.6869 3.2865 -24.061 -72.0423 5.7798 -14.3405
2 24 -87.9215 56.3457 -21.9255 -86.1006 34.3111 -13.3087
2 24 -45.9146 157.1351 -50.7285 -19 153.213 -50.1969
2 24 -107.716 141.4788 -17.5226 -105.0817 118.4306 -25.0892
2 24 -97.2978 173.4162 -23.4218 -93.2455 170.9456 -28.6234
2 24 -43.8534 3.8218 -23.9831 -52.5895 3.0862 -26.0917
5 24 -45.9146 157.1351 -50.7285 -97.8788 92.5121 -27.0553 -73.8317 162.5312 -43.1815 -72.0653 62.9055 -27.1831
5 24 -45.9146 157.1351 -50.7285 -52.7405 62.4161 -29.8933 -19 153.213 -50.1969 -72.0653 62.9055 -27.1831
5 24 -68.8087 13.4332 -18.9955 -61.6869 3.2865 -24.061 -67.0121 14.3439 -20.8401 -72.0423 5.7798 -14.3405
5 24 -61.6869 26.8926 -28.2992 -67.5718 25.8806 -22.2871 -69.4692 27.0418 -20.7021 -66.0655 23.8705 -23.3593
5 24 -26.2897 5.9168 -11.746 -30.5455 13.5272 -17.3107 -32.1445 4.7485 -15.2588 -28.4999 14.5224 -15.7989
5 24 -61.6869 3.2865 -24.061 -61.6869 26.8926 -28.2992 -52.5895 26.176 -32.2621 -65.0477 18.6108 -23.4165
5 24 -26.4057 32.0979 -18.0008 -35.1092 44.1129 -26.3436 -31.7516 62.3806 -29.4056 -32.2985 29.6351 -22.0188
5 24 -52.7405 62.4161 -29.8933 -52.6563 43.8245 -29.7435 -72.0653 62.9055 -27.1831 -31.7516 62.3806 -29.4056
5 24 0 3.6356 -10.0106 -25.3 21.543 -15.0144 -23.1681 3.8574 -10.1827 -25.7563 24.0342 -15.7369
5 24 -25.3 21.543 -15.0144 -23.1681 3.8574 -10.1827 0 3.6356 -10.0106 -25.661 18.8604 -14.448
5 24 -43.8534 26.9115 -30.1534 -35.6791 21.7129 -23.8028 -34.5553 24.178 -23.4568 -36.0401 19.0303 -23.4363
5 24 -26.2897 5.9168 -11.746 -25.661 18.8604 -14.448 -23.1681 3.8574 -10.1827 -26.7848 16.3953 -14.7939
5 24 -52.6563 43.8245 -29.7435 -31.7516 62.3806 -29.4056 -52.7405 62.4161 -29.8933 -35.1092 44.1129 -26.3436
5 24 -43.8534 26.9115 -30.1534 -32.8402 26.051 -22.4518 -32.2985 29.6351 -22.0188 -34.5553 24.178 -23.4568
5 24 -71.4053 29.3859 -19.2591 -69.4692 27.0418 -20.7021 -61.6869 26.8926 -28.2992 -71.4684 27.1778 -18.8461
5 24 -19.0094 45.3024 -21.7656 -26.4057 32.0979 -18.0008 -25.7563 24.0342 -15.7369 -31.7516 62.3806 -29.4056
5 24 -52.6563 43.8245 -29.7435 -72.0653 62.9055 -27.1831 -69.1852 44.4516 -26.2605 -52.7405 62.4161 -29.8933
5 24 -28.73 27.0126 -19.1522 -26.4057 32.0979 -18.0008 -26.9609 25.9546 -17.3602 -30.7946 27.0461 -20.9401
5 24 -34.5553 24.178 -23.4568 -43.8534 26.9115 -30.1534 -32.8402 26.051 -22.4518 -35.6791 21.7129 -23.8028
5 24 -105.0817 118.4306 -25.0892 -73.8317 162.5312 -43.1815 -93.2455 170.9456 -28.6234 -97.8788 92.5121 -27.0553
5 24 -26.9609 25.9546 -17.3602 -26.4057 32.0979 -18.0008 -28.73 27.0126 -19.1522 -25.7563 24.0342 -15.7369
5 24 -31.7516 62.3806 -29.4056 -26.4057 32.0979 -18.0008 -35.1092 44.1129 -26.3436 -19.0094 45.3024 -21.7656
5 24 0 3.6356 -10.0106 -25.7563 24.0342 -15.7369 -25.3 21.543 -15.0144 -19.0094 45.3024 -21.7656
5 24 -19.0094 45.3024 -21.7656 -15.4842 62.5545 -27.522 0 61.7312 -26.552 -31.7516 62.3806 -29.4056
5 24 0 61.7312 -26.552 -19.0094 45.3024 -21.7656 -15.4842 62.5545 -27.522 0 3.6356 -10.0106
5 24 -31.7516 62.3806 -29.4056 -52.7405 62.4161 -29.8933 0 152.8267 -50.0934 -52.6563 43.8245 -29.7435
5 24 -52.5895 26.176 -32.2621 -61.6869 26.8926 -28.2992 -61.6869 3.2865 -24.061 -69.1852 44.4516 -26.2605
5 24 -43.8534 3.8218 -23.9831 -36.0401 19.0303 -23.4363 -43.8534 26.9115 -30.1534 -35.5838 16.5392 -22.4137
5 24 -71.4053 29.3859 -19.2591 -79.2825 32.1585 -15.4747 -69.1852 44.4516 -26.2605 -73.2651 26.267 -17.0015
5 24 -61.6869 3.2865 -24.061 -67.0121 14.3439 -20.8401 -65.6912 16.1617 -22.3926 -68.8087 13.4332 -18.9955
5 24 -43.8534 26.9115 -30.1534 -52.5895 26.176 -32.2621 -52.5895 3.0862 -26.0917 -52.6563 43.8245 -29.7435
5 24 -43.8534 3.8218 -23.9831 -34.3791 14.6187 -20.8904 -35.5838 16.5392 -22.4137 -32.1445 4.7485 -15.2588
5 24 -85.664 21.6353 -7.2046 -79.2825 32.1585 -15.4747 -86.1006 34.3111 -13.3087 -75.2295 22.0002 -14.4251
5 24 -26.4057 32.0979 -18.0008 -32.2985 29.6351 -22.0188 -30.7946 27.0461 -20.9401 -35.1092 44.1129 -26.3436
5 24 -77.9804 9.1016 -8.3728 -70.808 13.5691 -17.1395 -72.0423 5.7798 -14.3405 -72.7053 14.7303 -15.5545
5 24 -32.2985 29.6351 -22.0188 -30.7946 27.0461 -20.9401 -26.4057 32.0979 -18.0008 -32.8402 26.051 -22.4518
5 24 -72.0653 62.9055 -27.1831 -45.9146 157.1351 -50.7285 -52.7405 62.4161 -29.8933 -97.8788 92.5121 -27.0553
5 24 -25.7563 24.0342 -15.7369 -19.0094 45.3024 -21.7656 -26.4057 32.0979 -18.0008 0 3.6356 -10.0106
5 24 -43.8534 3.8218 -23.9831 -43.8534 26.9115 -30.1534 -52.5895 26.176 -32.2621 -36.0401 19.0303 -23.4363
5 24 -79.2825 32.1585 -15.4747 -69.1852 44.4516 -26.2605 -71.4053 29.3859 -19.2591 -82.8348 47.734 -21.4112
5 24 -61.6869 26.8926 -28.2992 -71.4053 29.3859 -19.2591 -69.1852 44.4516 -26.2605 -69.4692 27.0418 -20.7021
5 24 -82.8348 47.734 -21.4112 -72.0653 62.9055 -27.1831 -69.1852 44.4516 -26.2605 -87.9215 56.3457 -21.9255
5 24 -69.1852 44.4516 -26.2605 -82.8348 47.734 -21.4112 -79.2825 32.1585 -15.4747 -72.0653 62.9055 -27.1831
5 24 -73.8317 162.5312 -43.1815 -97.8788 92.5121 -27.0553 -45.9146 157.1351 -50.7285 -105.0817 118.4306 -25.0892
5 24 -97.8788 92.5121 -27.0553 -72.0653 62.9055 -27.1831 -45.9146 157.1351 -50.7285 -87.9215 56.3457 -21.9255
5 24 -84.4371 16.7056 -5.9668 -75.2295 22.0002 -14.4251 -85.664 21.6353 -7.2046 -81.3756 12.5114 -5.9247
5 24 0 152.8267 -50.0934 -31.7516 62.3806 -29.4056 -15.4842 62.5545 -27.522 -52.7405 62.4161 -29.8933
5 24 -35.1092 44.1129 -26.3436 -43.8534 26.9115 -30.1534 -52.6563 43.8245 -29.7435 -32.2985 29.6351 -22.0188
5 24 -72.0423 5.7798 -14.3405 -68.8087 13.4332 -18.9955 -61.6869 3.2865 -24.061 -70.808 13.5691 -17.1395
5 24 -19 153.213 -50.1969 -52.7405 62.4161 -29.8933 -45.9146 157.1351 -50.7285 0 152.8267 -50.0934
5 24 -69.1852 44.4516 -26.2605 -71.4053 29.3859 -19.2591 -79.2825 32.1585 -15.4747 -61.6869 26.8926 -28.2992
5 24 -26.4057 32.0979 -18.0008 -25.7563 24.0342 -15.7369 -19.0094 45.3024 -21.7656 -26.9609 25.9546 -17.3602
5 24 -52.5895 26.176 -32.2621 -52.5895 3.0862 -26.0917 -61.6869 3.2865 -24.061 -43.8534 3.8218 -23.9831
5 24 -52.5895 26.176 -32.2621 -52.6563 43.8245 -29.7435 -43.8534 26.9115 -30.1534 -69.1852 44.4516 -26.2605
5 24 -66.0655 23.8705 -23.3593 -61.6869 26.8926 -28.2992 -67.5718 25.8806 -22.2871 -65.1789 21.3178 -23.756
5 24 -71.4684 27.1778 -18.8461 -71.4053 29.3859 -19.2591 -73.2651 26.267 -17.0015 -69.4692 27.0418 -20.7021
5 24 -26.4057 32.0979 -18.0008 -30.7946 27.0461 -20.9401 -28.73 27.0126 -19.1522 -32.2985 29.6351 -22.0188
5 24 -65.6912 16.1617 -22.3926 -61.6869 3.2865 -24.061 -65.0477 18.6108 -23.4165 -67.0121 14.3439 -20.8401
5 24 -79.2825 32.1585 -15.4747 -75.2295 22.0002 -14.4251 -85.664 21.6353 -7.2046 -74.5859 24.4491 -15.449
5 24 -79.2825 32.1585 -15.4747 -86.1006 34.3111 -13.3087 -85.664 21.6353 -7.2046 -82.8348 47.734 -21.4112
5 24 -69.4692 27.0418 -20.7021 -61.6869 26.8926 -28.2992 -71.4053 29.3859 -19.2591 -67.5718 25.8806 -22.2871
5 24 -35.5838 16.5392 -22.4137 -43.8534 3.8218 -23.9831 -36.0401 19.0303 -23.4363 -34.3791 14.6187 -20.8904
5 24 -30.5455 13.5272 -17.3107 -32.1445 4.7485 -15.2588 -32.6101 13.5607 -19.0986 -26.2897 5.9168 -11.746
5 24 -25.661 18.8604 -14.448 -23.1681 3.8574 -10.1827 -26.2897 5.9168 -11.746 -25.3 21.543 -15.0144
5 24 -52.7405 62.4161 -29.8933 -72.0653 62.9055 -27.1831 -45.9146 157.1351 -50.7285 -52.6563 43.8245 -29.7435
5 24 -35.1092 44.1129 -26.3436 -52.6563 43.8245 -29.7435 -31.7516 62.3806 -29.4056 -43.8534 26.9115 -30.1534
5 24 -70.808 13.5691 -17.1395 -72.0423 5.7798 -14.3405 -68.8087 13.4332 -18.9955 -77.9804 9.1016 -8.3728
5 24 -75.2295 22.0002 -14.4251 -85.664 21.6353 -7.2046 -79.2825 32.1585 -15.4747 -84.4371 16.7056 -5.9668
5 24 -75.2295 22.0002 -14.4251 -81.3756 12.5114 -5.9247 -84.4371 16.7056 -5.9668 -75.0982 19.2931 -14.0855
5 24 -35.1092 44.1129 -26.3436 -31.7516 62.3806 -29.4056 -26.4057 32.0979 -18.0008 -52.6563 43.8245 -29.7435
5 24 -32.2985 29.6351 -22.0188 -43.8534 26.9115 -30.1534 -35.1092 44.1129 -26.3436 -32.8402 26.051 -22.4518
5 24 -52.6563 43.8245 -29.7435 -43.8534 26.9115 -30.1534 -35.1092 44.1129 -26.3436 -52.5895 26.176 -32.2621
5 24 -93.2455 170.9456 -28.6234 -105.0817 118.4306 -25.0892 -97.4303 157.8244 -26.3108 -73.8317 162.5312 -43.1815
5 24 -52.7405 62.4161 -29.8933 0 152.8267 -50.0934 -19 153.213 -50.1969 -31.7516 62.3806 -29.4056
5 24 -32.8402 26.051 -22.4518 -32.2985 29.6351 -22.0188 -30.7946 27.0461 -20.9401 -43.8534 26.9115 -30.1534
5 24 -15.4842 62.5545 -27.522 0 61.7312 -26.552 0 152.8267 -50.0934 -19.0094 45.3024 -21.7656
5 24 -73.2651 26.267 -17.0015 -79.2825 32.1585 -15.4747 -74.5859 24.4491 -15.449 -71.4053 29.3859 -19.2591
5 24 -65.0477 18.6108 -23.4165 -61.6869 26.8926 -28.2992 -65.1789 21.3178 -23.756 -61.6869 3.2865 -24.061
5 24 -32.1445 4.7485 -15.2588 -32.6101 13.5607 -19.0986 -30.5455 13.5272 -17.3107 -34.3791 14.6187 -20.8904
5 24 -82.8348 47.734 -21.4112 -87.9215 56.3457 -21.9255 -86.1006 34.3111 -13.3087 -72.0653 62.9055 -27.1831
5 24 -72.7053 14.7303 -15.5545 -77.9804 9.1016 -8.3728 -70.808 13.5691 -17.1395 -74.2117 16.7405 -14.4823
5 24 0 152.8267 -50.0934 -15.4842 62.5545 -27.522 0 61.7312 -26.552 -31.7516 62.3806 -29.4056
5 24 -15.4842 62.5545 -27.522 -31.7516 62.3806 -29.4056 0 152.8267 -50.0934 -19.0094 45.3024 -21.7656
5 24 -77.9804 9.1016 -8.3728 -74.2117 16.7405 -14.4823 -81.3756 12.5114 -5.9247 -72.7053 14.7303 -15.5545
5 24 -65.0477 18.6108 -23.4165 -61.6869 3.2865 -24.061 -61.6869 26.8926 -28.2992 -65.6912 16.1617 -22.3926
5 24 -81.3756 12.5114 -5.9247 -75.0982 19.2931 -14.0855 -75.2295 22.0002 -14.4251 -74.2117 16.7405 -14.4823
5 24 -61.6869 26.8926 -28.2992 -69.1852 44.4516 -26.2605 -52.5895 26.176 -32.2621 -71.4053 29.3859 -19.2591
5 24 -36.0401 19.0303 -23.4363 -43.8534 26.9115 -30.1534 -35.6791 21.7129 -23.8028 -43.8534 3.8219 -23.9831
5 24 -72.0653 62.9055 -27.1831 -69.1852 44.4516 -26.2605 -52.6563 43.8245 -29.7435 -82.8348 47.734 -21.4112
5 24 -52.6563 43.8245 -29.7435 -69.1852 44.4516 -26.2605 -72.0653 62.9055 -27.1831 -52.5895 26.176 -32.2621
5 24 -69.1852 44.4516 -26.2605 -52.5895 26.176 -32.2621 -61.6869 26.8926 -28.2992 -52.6563 43.8245 -29.7435
5 24 -74.2117 16.7405 -14.4823 -81.3756 12.5114 -5.9247 -75.0982 19.2931 -14.0855 -77.9804 9.1016 -8.3728
5 24 -71.4053 29.3859 -19.2591 -73.2651 26.267 -17.0015 -79.2825 32.1585 -15.4747 -71.4684 27.1778 -18.8461
5 24 -52.5895 26.176 -32.2621 -61.6869 3.2865 -24.061 -52.5895 3.0862 -26.0917 -61.6869 26.8926 -28.2992
5 24 -61.6869 26.8926 -28.2992 -65.1789 21.3178 -23.756 -65.0477 18.6108 -23.4165 -66.0655 23.8705 -23.3593
5 24 -86.1006 34.3111 -13.3087 -82.8348 47.734 -21.4112 -79.2825 32.1585 -15.4747 -87.9215 56.3457 -21.9255
5 24 -32.2985 29.6351 -22.0188 -35.1092 44.1129 -26.3436 -43.8534 26.9115 -30.1534 -26.4057 32.0979 -18.0008
5 24 -79.2825 32.1585 -15.4747 -74.5859 24.4491 -15.449 -75.2295 22.0002 -14.4251 -73.2651 26.267 -17.0015
5 24 0 152.8267 -50.0934 0 61.7312 -26.552 -15.4842 62.5545 -27.522 15.4842 62.5545 -27.522
5 24 0 61.7312 -26.552 0 3.6356 -10.0106 -19.0094 45.3024 -21.7656 19.0094 45.3024 -21.7656
