0 Logo Claro Text
0 Name: logo-claro-text-01.dat
0 Author: Massimo Maso [Sirio]
0 !LDRAW_ORG Unofficial_Primitive
0 !LICENSE Licensed under CC BY 4.0 : see CAreadme.txt

0 !HELP Exact dimensions X = 26.64; Z = 10

0 BFC CERTIFY CCW


0 // Text "Claro"
0 // Letter "C"
3 16 -8.2206 0 -.6 -6.9611 0 -.6 -7.0547 0 -.2629
4 16 -8.2206 0 -.6 -7.0547 0 -.2629 -7.3432 0 .3272 -8.3418 0 -.3398
4 16 -8.5869 0 .0033 -8.3418 0 -.3398 -7.3432 0 .3272 -7.7376 0 .8525
4 16 -8.5869 0 .0033 -7.7376 0 .8525 -8.2264 0 1.2912 -8.8936 0 .2927
4 16 -9.2529 0 .5135 -8.8936 0 .2927 -8.2264 0 1.2912 -8.7935 0 1.6227
4 16 -9.2529 0 .5135 -8.7935 0 1.6227 -9.4169 0 1.8296 -9.651 0 .6525
4 16 -10.07 0 .7 -9.651 0 .6525 -9.4169 0 1.8296 -10.07 0 1.9
4 16 -10.07 0 .7 -10.07 0 1.9 -10.7231 0 1.8296 -10.489 0 .6525
4 16 -10.8871 0 .5135 -10.489 0 .6525 -10.7231 0 1.8296 -11.3465 0 1.6227
4 16 -10.8871 0 .5135 -11.3465 0 1.6227 -11.9136 0 1.2912 -11.2464 0 .2927
4 16 -11.5531 0 .0033 -11.2464 0 .2927 -11.9136 0 1.2912 -12.4024 0 .8525
4 16 -11.5531 0 .0033 -12.4024 0 .8525 -12.7968 0 .3272 -11.7982 0 -.3398
4 16 -11.9762 0 -.7222 -11.7982 0 -.3398 -12.7968 0 .3272 -13.0853 0 -.2629
4 16 -11.9762 0 -.7222 -13.0853 0 -.2629 -13.261 0 -.8958 -12.0839 0 -1.1298
4 16 -12.12 0 -1.55 -12.0839 0 -1.1298 -13.261 0 -.8958 -13.32 0 -1.55
4 16 -12.12 0 -1.55 -13.32 0 -1.55 -13.261 0 -2.2042 -12.0839 0 -1.9702
4 16 -11.9762 0 -2.3778 -12.0839 0 -1.9702 -13.261 0 -2.2042 -13.0853 0 -2.8371
4 16 -11.9762 0 -2.3778 -13.0853 0 -2.8371 -12.7968 0 -3.4272 -11.7982 0 -2.7602
4 16 -11.5531 0 -3.1033 -11.7982 0 -2.7602 -12.7968 0 -3.4272 -12.4024 0 -3.9525
4 16 -11.5531 0 -3.1033 -12.4024 0 -3.9525 -11.9136 0 -4.3912 -11.2464 0 -3.3927
4 16 -10.8871 0 -3.6135 -11.2464 0 -3.3927 -11.9136 0 -4.3912 -11.3465 0 -4.7227
4 16 -10.8871 0 -3.6135 -11.3465 0 -4.7227 -10.7231 0 -4.9296 -10.489 0 -3.7525
4 16 -10.07 0 -3.8 -10.489 0 -3.7525 -10.7231 0 -4.9296 -10.07 0 -5
4 16 -10.07 0 -3.8 -10.07 0 -5 -9.4169 0 -4.9296 -9.651 0 -3.7525
4 16 -9.2529 0 -3.6135 -9.651 0 -3.7525 -9.4169 0 -4.9296 -8.7935 0 -4.7227
4 16 -9.2529 0 -3.6135 -8.7935 0 -4.7227 -8.2264 0 -4.3912 -8.8936 0 -3.3927
4 16 -8.5869 0 -3.1033 -8.8936 0 -3.3927 -8.2264 0 -4.3912 -7.7376 0 -3.9525
4 16 -8.5869 0 -3.1033 -7.7376 0 -3.9525 -7.3432 0 -3.4272 -8.3418 0 -2.7602
4 16 -8.2206 0 -2.5 -8.3418 0 -2.7602 -7.3432 0 -3.4272 -7.0547 0 -2.8371
3 16 -8.2206 0 -2.5 -7.0547 0 -2.8371 -6.9611 0 -2.5
0 // Letter "l"
4 16 -6.32 0 1.9 -6.32 0 -4.9 -5.12 0 -4.9 -5.12 0 1.9
0 // Letter "a"
0 // Primitives
1 16 -1.52 0 -1 1.5 0 0 0 1 0 0 0 1.5 1-4chrd.dat
1 16 -1.71 0 -1.09 .49 0 0 0 1 0 0 0 .49 1-4ndis.dat
1 16 -2.42 0 -1.3 -1.8 0 0 0 1 0 0 0 1.8 1-4chrd.dat
1 16 -2.32 0 -1.3 -.7 0 0 0 1 0 0 0 .7 1-4ndis.dat
1 16 -2.42 0 -3.4 -.66 0 0 0 1 0 0 0 -.67 1-4ndis.dat
1 16 -2.52 0 -3.4 -1.8 0 0 0 1 0 0 0 -1.6 1-4chrd.dat
0 // Faces
3 16 -3.02 0 -.6 -2.32 0 -.6 -2.42 0 .5
3 16 -3.02 0 -.6 -2.42 0 .5 -4.22 0 -1.3
3 16 -3.02 0 -.6 -4.22 0 -1.3 -3.02 0 -1.3
4 16 -2.32 0 -.6 -1.71 0 -.6 -1.52 0 .5 -2.42 0 .5
3 16 -1.22 0 -.6 -1.52 0 .5 -1.71 0 -.6
3 16 -1.22 0 -.6 -.02 0 -1 -1.52 0 .5
3 16 -1.22 0 -.6 -1.22 0 -1.09 -.02 0 -1
3 16 -.02 0 -1 -1.22 0 -1.09 -1.2483 0 -1.2543
4 16 -.02 0 -1 -1.2483 0 -1.2543 -1.3301 0 -1.3995 -1.22 0 -2.3
3 16 -.02 0 -1 -1.22 0 -2.3 -1.22 0 -2.87
4 16 -.02 0 -1 -1.22 0 -2.87 -1.2609 0 -3.1806 -1.22 0 -4.5067
4 16 -.02 0 -1 -1.22 0 -4.5067 -1.22 0 -4.9 -.02 0 -4.9
4 16 -1.53 0 -2.4774 -1.22 0 -2.3 -1.3301 0 -1.3995 -1.4558 0 -1.5089
4 16 -1.53 0 -2.4774 -1.4558 0 -1.5089 -1.611 0 -1.5699 -1.869 0 -2.59
4 16 -2.5626 0 -2.7458 -1.869 0 -2.59 -1.611 0 -1.5699 -2.927 0 -1.8414
4 16 -2.5626 0 -2.7458 -2.927 0 -1.8414 -3.2866 0 -1.9524 -2.7696 0 -2.8317
4 16 -2.9359 0 -2.9821 -2.7696 0 -2.8317 -3.2866 0 -1.9524 -3.6174 0 -2.1318
4 16 -2.9359 0 -2.9821 -3.6174 0 -2.1318 -3.9034 0 -2.3763 -3.043 0 -3.1789
4 16 -3.08 0 -3.4 -3.043 0 -3.1789 -3.9034 0 -2.3763 -4.1269 0 -2.6791
4 16 -3.08 0 -3.4 -4.1269 0 -2.6791 -4.2704 0 -3.027 -3.08 0 -4.07
3 16 -1.22 0 -4.5067 -1.2609 0 -3.1806 -1.3808 0 -3.47
4 16 -1.22 0 -4.5067 -1.3808 0 -3.47 -1.5715 0 -3.7185 -1.5036 0 -4.7205
4 16 -1.8234 0 -4.8753 -1.5036 0 -4.7205 -1.5715 0 -3.7185 -1.82 0 -3.9092
4 16 -1.8234 0 -4.8753 -1.82 0 -3.9092 -2.1094 0 -4.0291 -2.1661 0 -4.9688
4 16 -2.52 0 -5 -2.1661 0 -4.9688 -2.1094 0 -4.0291 -2.42 0 -4.07
3 16 -2.52 0 -5 -2.42 0 -4.07 -3.08 0 -4.07
4 16 -2.52 0 -5 -3.08 0 -4.07 -4.2704 0 -3.027 -4.32 0 -3.4
0 // Letter "r"
0 // Primitives
1 16 3.5081 0 -2.1 -1.3281 0 0 0 1 0 0 0 1.3281 1-4ndis.dat
0 // Faces
3 16 2.18 0 -.4 2.18 0 .3 .98 0 .3
3 16 2.18 0 -.4 .98 0 .3 2.18 0 -.7719
4 16 2.18 0 -.4 2.18 0 -.7719 2.8621 0 .2596 2.4786 0 -.0263
4 16 3.5081 0 -.7719 3.78 0 -.8 3.78 0 .5 3.3056 0 .4389
4 16 3.5081 0 -.7719 3.3056 0 .4389 2.8621 0 .2596 2.18 0 -.7719
4 16 .98 0 -4.9 2.18 0 -2.1 2.18 0 -.7719 .98 0 .3
3 16 .98 0 -4.9 2.18 0 -4.9 2.18 0 -2.1
0 // Letter "o"
0 // Primitives
1 16 6.58 0 -2.25 2.6 0 0 0 1 0 0 0 2.75 1-8chrd.dat
1 16 6.58 0 -2.25 0 0 2.6 0 1 0 2.75 0 0 1-8chrd.dat
1 16 6.58 0 -2.25 0 0 -2.6 0 1 0 2.75 0 0 1-8chrd.dat
1 16 6.58 0 -2.25 -2.6 0 0 0 1 0 0 0 2.75 1-8chrd.dat
1 16 6.58 0 -2.25 -2.6 0 0 0 1 0 0 0 -2.75 1-8chrd.dat
1 16 6.58 0 -2.25 0 0 -2.6 0 1 0 -2.75 0 0 1-8chrd.dat
1 16 6.58 0 -2.25 0 0 2.6 0 1 0 -2.75 0 0 1-8chrd.dat
1 16 6.58 0 -2.25 2.6 0 0 0 1 0 0 0 -2.75 1-8chrd.dat
1 16 6.58 0 -2.25 1.4 0 0 0 1 0 0 0 1.55 4-4ndis.dat
0 // Faces
4 16 7.98 0 -.7 7.98 0 -2.25 9.18 0 -2.25 8.41846 0 -.305475
4 16 7.98 0 -.7 8.41846 0 -.305475 6.58 0 .5 6.58 0 -.7
4 16 5.18 0 -.7 6.58 0 -.7 6.58 0 .5 4.74154 0 -.305475
4 16 5.18 0 -.7 4.74154 0 -.305475 3.98 0 -2.25 5.18 0 -2.25
4 16 5.18 0 -3.8 5.18 0 -2.25 3.98 0 -2.25 4.74154 0 -4.194525
4 16 5.18 0 -3.8 4.74154 0 -4.194525 6.58 0 -5 6.58 0 -3.8
4 16 7.98 0 -3.8 6.58 0 -3.8 6.58 0 -5 8.41846 0 -4.194525
4 16 7.98 0 -3.8 8.41846 0 -4.194525 9.18 0 -2.25 7.98 0 -2.25
0 // Bars
4 16 5.98 0 5 5.98 0 1.6 7.18 0 1.6 7.18 0 5
4 16 11.6827 0 4.2785 8.5715 0 1.1673 9.42 0 .3187 12.5313 0 3.43
4 16 9.92 0 -1.05 9.92 0 -2.25 13.32 0 -2.25 13.32 0 -1.05
