0 Logo Formula One Text Outerbox (since 2018)
0 Name: logo-f1-text-outerbox-01.dat
0 Author: Massimo Maso [Sirio]
0 !LDRAW_ORG Unofficial_Primitive
0 !LICENSE Licensed under CC BY 4.0 : see CAreadme.txt

0 !HELP Exact dimensions: X = 40; Z = 10

0 BFC CERTIFY CCW

0 !KEYWORDS F1, Formel Ein, Formula one, Formula Uno, Formule Un

0 // Primitives
1 16 -8.92 0 3.08 -3 0 1.92 0 1 0 0 0 1.92 1-4ndis.dat
1 16 -6.967 0 -.4 1.792 0 -2.8 0 1 0 1.8 0 0 1-8chrd.dat
1 16 -6.967 0 -.4 -2.8 0 1.792 0 1 0 0 0 1.8 1-8chrd.dat
1 16 -6.717 0 -1.025 -2.8 0 1.792 0 1 0 0 0 1.8 1-4ndis.dat
1 16 -5.34 0 -3.465 -1 0 .64 0 1 0 0 0 .64 1-4chrd.dat
1 16 14.2 0 -3.9 1.1 0 0 0 1 0 0 0 1.1 4-4ndis.dat
1 16 14.2 0 -3.9 .9 0 0 0 1 0 0 0 .9 1-8chrd.dat
1 16 14.2 0 -3.9 0 0 .9 0 1 0 .9 0 0 1-8chrd.dat
1 16 14.2 0 -3.9 0 0 -.9 0 1 0 .9 0 0 1-8chrd.dat
1 16 14.2 0 -3.9 -.9 0 0 0 1 0 0 0 .9 1-8chrd.dat
1 16 14.2 0 -3.9 -.9 0 0 0 1 0 0 0 -.9 1-8chrd.dat
1 16 14.2 0 -3.9 0 0 -.9 0 1 0 -.9 0 0 1-8chrd.dat
1 16 14.2 0 -3.9 0 0 .9 0 1 0 -.9 0 0 1-8chrd.dat
1 16 14.2 0 -3.9 .9 0 0 0 1 0 0 0 -.9 1-8chrd.dat
1 16 14.26 0 -3.69 .415 0 0 0 1 0 0 0 .415 1-4ndis.dat
1 16 14.26 0 -3.69 .415 0 0 0 1 0 0 0 -.415 48\1-6ndis.dat
1 16 14.2 0 -3.69 0 0 .205 0 1 0 .205 0 0 2-4chrd.dat
0 // Faces
3 16 -20 0 5 -11.92 0 3.08 -10 0 5
3 16 -20 0 5 -20 0 -5 -11.92 0 3.08
3 16 13.75 0 5 12.875 0 5 9.275 0 1.4
4 16 13.75 0 5 9.275 0 1.4 8.65 0 .775 3.75 0 -5
3 16 20 0 5 10 0 -5 13.1 0 -2.8
3 16 20 0 5 13.1 0 -2.8 14.2 0 -2.8
3 16 20 0 5 14.2 0 -2.8 15.3 0 -2.8
3 16 20 0 5 15.3 0 -2.8 15.3 0 -3.9
4 16 20 0 5 15.3 0 -3.9 15.3 0 -5 20 0 -5
4 16 -5.175 0 1.4 -4.925 0 .775 8.65 0 .775 9.275 0 1.4
4 16 -5.175 0 1.4 -7.6797568 0 .87278 -7.725 0 .775 -4.925 0 .775
4 16 -9.767 0 -.4 -9.517 0 -1.025 -7.725 0 .775 -7.6797568 0 .87278
4 16 -9.767 0 -.4 -14.375 0 -5 -13.5 0 -5 -9.517 0 -1.025
4 16 14.2 0 -3 13.56361 0 -3.26361 13.7 0 -3.275 14.26 0 -3.275
4 16 14.2 0 -3 14.26 0 -3.275 14.675 0 -3.275 14.83639 0 -3.26361
4 16 13.97 0 -3.485 13.97 0 -3.895 14.2 0 -3.895 14.2 0 -3.485
4 16 15.1 0 -3.9 14.83639 0 -3.26361 14.675 0 -3.275 14.675 0 -3.69
4 16 15.1 0 -3.9 14.675 0 -3.69 14.675 0 -4.105 14.83639 0 -4.53639
4 16 13.7 0 -4.525 13.7 0 -3.275 13.56361 0 -3.26361 13.3 0 -3.9
3 16 13.7 0 -4.525 13.3 0 -3.9 13.56361 0 -4.53639
4 16 13.7 0 -4.525 13.56361 0 -4.53639 14.2 0 -4.8 13.97 0 -4.525
4 16 13.97 0 -4.525 14.41 0 -4.525 14.2047 0 -4.105 13.97 0 -4.105
3 16 13.97 0 -4.525 14.2 0 -4.8 14.41 0 -4.525
4 16 14.7 0 -4.525 14.83639 0 -4.53639 14.675 0 -4.105 14.4675 0 -4.04939
4 16 14.7 0 -4.525 14.41 0 -4.525 14.2 0 -4.8 14.83639 0 -4.53639
3 16 3.75 0 -5 8.65 0 .775 5.05 0 -2.825
3 16 3.75 0 -5 5.05 0 -2.825 -4.7 0 -2.825
4 16 3.75 0 -5 -4.7 0 -2.825 -6.34 0 -3.465 -7.875 0 -5
3 16 10 0 -5 13.1 0 -3.9 13.1 0 -2.8
3 16 10 0 -5 13.1 0 -5 13.1 0 -3.9