0 Logo Hublot Text
0 Name: logo-hublot-text-01.dat
0 Author: Massimo Maso [Sirio]
0 !LDRAW_ORG Unofficial_Primitive
0 !LICENSE Licensed under CC BY 4.0 : see CAreadme.txt

0 !HELP Exact dimensions X = 58; Z = 10

0 BFC CERTIFY CCW

0 // Text "HUBLOT"
0 // Letter "H"
3 16 -27.14 0 1.13 -27.14 0 4.65 -29 0 4.65
4 16 -27.14 0 1.13 -29 0 4.65 -29 0 -4.65 -27.14 0 -.73
4 16 -27.14 0 1.13 -27.14 0 -.73 -22.57 0 -.73 -22.57 0 1.13
3 16 -22.57 0 1.13 -20.71 0 4.65 -22.57 0 4.65
4 16 -22.57 0 1.13 -22.57 0 -.73 -20.71 0 -4.65 -20.71 0 4.65
3 16 -27.14 0 -.73 -29 0 -4.65 -27.14 0 -4.65
3 16 -22.57 0 -.73 -22.57 0 -4.65 -20.71 0 -4.65
0 // Letter "U"
0 // Primitives
1 16 -13.8 0 -1.22 -4.3 0 0 0 1 0 0 0 -3.78 1-8chrd.dat
1 16 -13.8 0 -1.22 0 0 -4.3 0 1 0 -3.78 0 0 1-8chrd.dat
1 16 -13.8 0 -1.22 0 0 4.3 0 1 0 -3.78 0 0 1-8chrd.dat
1 16 -13.8 0 -1.22 4.3 0 0 0 1 0 0 0 -3.78 1-8chrd.dat
1 16 -13.8 0 -.93 -2.44 0 0 0 1 0 0 0 -2.21 1-4ndis.dat
1 16 -13.8 0 -.93 2.44 0 0 0 1 0 0 0 -2.21 1-4ndis.dat
0 // Faces
4 16 -16.24 0 -.93 -16.24 0 4.65 -18.1 0 4.65 -18.1 0 -1.22
4 16 -16.24 0 -.93 -18.1 0 -1.22 -16.84053 0 -3.892838 -16.24 0 -3.14
4 16 -11.36 0 -.93 -9.5 0 -1.22 -9.5 0 4.65 -11.36 0 4.65
4 16 -11.36 0 -.93 -11.36 0 -3.14 -10.75947 0 -3.892838 -9.5 0 -1.22
4 16 -13.8 0 -3.14 -16.24 0 -3.14 -16.84053 0 -3.892838 -13.8 0 -5
4 16 -13.8 0 -3.14 -13.8 0 -5 -10.75947 0 -3.892838 -11.36 0 -3.14
0 // Letter "B"
0 // Primitives
1 16 -2 0 1.79 0 0 1 0 1 0 1 0 0 2-4ndis.dat
1 16 -1.55 0 2.15 2.5 0 0 0 1 0 0 0 2.5 1-4chrd.dat
1 16 -1.55 0 2.15 2.5 0 0 0 1 0 0 0 -2.5 1-8chrd.dat
1 16 -1.33 0 -2 2.65 0 0 0 1 0 0 0 2.65 1-8chrd.dat
1 16 -1.33 0 -2 2.65 0 0 0 1 0 0 0 -2.65 1-4chrd.dat
0 // Faces
4 16 -7 0 4.65 -5.14 0 2.79 -2 0 2.79 -1.55 0 4.65
3 16 -7 0 4.65 -5.14 0 .79 -5.14 0 2.79
4 16 -7 0 4.65 -7 0 -4.65 -5.14 0 -.79 -5.14 0 .79
3 16 -1 0 2.79 -1.55 0 4.65 -2 0 2.79
3 16 -1 0 2.79 .95 0 2.15 -1.55 0 4.65
4 16 -1 0 2.79 -1 0 1.79 .21775 0 .38225 .95 0 2.15
4 16 -2 0 .79 -5.14 0 .79 -5.14 0 -.79 -1.7 0 -.79
4 16 -2 0 .79 -1.7 0 -.79 -.7 0 -.79 -1 0 .79
4 16 -1 0 .79 .065 0 .2482 .21775 0 .38225 -1 0 1.79
4 16 -.7 0 -.79 .2833 0 .1025 .065 0 .2482 -1 0 .79
4 16 -.7 0 -.79 -.7 0 -1.79 .543815 0 -.126185 .28332 0 .10251
3 16 -7 0 -4.65 -5.14 0 -2.79 -5.14 0 -.79
4 16 -7 0 -4.65 -1.33 0 -4.65 -1.7 0 -2.79 -5.14 0 -2.79
0 // Letter "L"
4 16 5.714 0 -2.79 5.714 0 4.65 3.854 0 4.65 3.854 0 -4.65
4 16 5.714 0 -2.79 3.854 0 -4.65 10.1912 0 -4.65 10.1912 0 -2.79
0 // Letter "O"
0 // Primitives
1 16 15.8 0 0 5 0 0 0 1 0 0 0 5 1-8chrd.dat
1 16 15.8 0 0 0 0 5 0 1 0 5 0 0 1-8chrd.dat
1 16 15.8 0 0 0 0 -5 0 1 0 5 0 0 1-8chrd.dat
1 16 15.8 0 0 -5 0 0 0 1 0 0 0 5 1-8chrd.dat
1 16 15.8 0 0 -5 0 0 0 1 0 0 0 -5 1-8chrd.dat
1 16 15.8 0 0 0 0 -5 0 1 0 -5 0 0 1-8chrd.dat
1 16 15.8 0 0 0 0 5 0 1 0 -5 0 0 1-8chrd.dat
1 16 15.8 0 0 5 0 0 0 1 0 0 0 -5 1-8chrd.dat
1 16 15.8 0 0 3.14 0 0 0 1 0 0 0 3.14 4-4ndis.dat
0 // Faces
4 16 18.94 0 3.14 18.94 0 0 20.8 0 0 19.3355 0 3.5355
4 16 18.94 0 3.14 19.3355 0 3.5355 15.8 0 5 15.8 0 3.14
4 16 12.66 0 3.14 15.8 0 3.14 15.8 0 5 12.2645 0 3.5355
4 16 12.66 0 3.14 12.2645 0 3.5355 10.8 0 0 12.66 0 0
4 16 12.66 0 -3.14 12.66 0 0 10.8 0 0 12.2645 0 -3.5355
4 16 12.66 0 -3.14 12.2645 0 -3.5355 15.8 0 -5 15.8 0 -3.14
4 16 18.94 0 -3.14 15.8 0 -3.14 15.8 0 -5 19.3355 0 -3.5355
4 16 18.94 0 -3.14 19.3355 0 -3.5355 20.8 0 0 18.94 0 0
0 // Letter "T"
3 16 24.233 0 2.79 21.3261 0 4.65 21.3261 0 2.79
4 16 24.233 0 2.79 26.093 0 2.79 29 0 4.65 21.3261 0 4.65
4 16 24.233 0 2.79 24.233 0 -4.65 26.093 0 -4.65 26.093 0 2.79
3 16 26.093 0 2.79 29 0 2.79 29 0 4.65
4 16 -.7 0 -2.79 1.32 0 -2 .543815 0 -.126185 -.7 0 -1.79
3 16 -.7 0 -2.79 -1.33 0 -4.65 1.32 0 -2
3 16 -.7 0 -2.79 -1.7 0 -2.79 -1.33 0 -4.65
