0 Logo Hublot Text Outer Box
0 Name: logo-hublot-text-outerbox-01.dat
0 Author: Massimo Maso [Sirio]
0 !LDRAW_ORG Unofficial_Primitive
0 !LICENSE Licensed under CC BY 4.0 : see CAreadme.txt

0 !HELP Exact dimensions X = 58; Z = 10

0 BFC CERTIFY CCW

0 // Primitives
1 16 -1.55 0 2.15 2.5 0 0 0 1 0 0 0 2.5 1-4ndis.dat
1 16 -1.55 0 2.15 2.5 0 0 0 1 0 0 0 -2.5 1-8tndis.dat
1 16 -2 0 1.79 0 0 1 0 1 0 1 0 0 2-4chrd.dat
1 16 15.8 0 0 5 0 0 0 1 0 0 0 5 4-4ndis.dat
1 16 15.8 0 0 3.14 0 0 0 1 0 0 0 3.14 4-4disc.dat
1 16 -13.8 0 -.93 2.44 0 0 0 1 0 0 0 -2.21 2-4chrd.dat
1 16 -13.8 0 -1.22 4.3 0 0 0 1 0 0 0 -3.78 2-4ndis.dat
1 16 -1.7 0 -1.79 0 0 1 0 1 0 1 0 0 2-4chrd.dat
1 16 -1.7 0 -1.79 0 0 1 0 1 0 1 0 0 2-4ndis.dat
1 16 -1.33 0 -2 2.65 0 0 0 1 0 0 0 2.65 1-8tndis.dat
1 16 -1.33 0 -2 2.65 0 0 0 1 0 0 0 -2.65 1-4ndis.dat
0 // Faces
3 16 -29 0 5 -29 0 4.65 -27.14 0 4.65
3 16 -29 0 5 -27.14 0 4.65 -22.57 0 4.65
3 16 -29 0 5 -22.57 0 4.65 -20.71 0 4.65
3 16 -29 0 5 -20.71 0 4.65 -18.1 0 4.65
3 16 -29 0 5 -18.1 0 4.65 -16.24 0 4.65
3 16 -29 0 5 -16.24 0 4.65 -11.36 0 4.65
4 16 -29 0 5 -11.36 0 4.65 -9.5 0 4.65 10.8 0 5
3 16 10.8 0 5 -9.5 0 4.65 -7 0 4.65
3 16 10.8 0 5 -7 0 4.65 -1.55 0 4.65
3 16 10.8 0 5 -1.55 0 4.65 .95 0 4.65
3 16 10.8 0 5 .95 0 4.65 3.854 0 4.65
3 16 10.8 0 5 3.854 0 4.65 5.714 0 4.65
3 16 10.8 0 5 5.714 0 4.65 10.8 0 0
4 16 20.8 0 5 20.8 0 0 21.3261 0 2.79 21.3261 0 4.65
4 16 20.8 0 5 21.3261 0 4.65 29 0 4.65 29 0 5
4 16 -27.14 0 4.65 -27.14 0 1.13 -22.57 0 1.13 -22.57 0 4.65
4 16 -16.24 0 4.65 -16.24 0 -.93 -11.36 0 -.93 -11.36 0 4.65
4 16 -9.5 0 4.65 -9.5 0 -1.22 -7 0 -4.65 -7 0 4.65
3 16 3.854 0 4.65 .95 0 4.65 .95 0 2.15
4 16 3.854 0 4.65 .95 0 2.15 .95 0 .38225 1.32 0 -.126185
4 16 -5.14 0 2.79 -5.14 0 .79 -2 0 .79 -2 0 2.79
4 16 .95 0 .38225 .21775 0 .38225 .065 0 .2482 .2833 0 .1025
4 16 .95 0 .38225 .2833 0 .1025 .543815 0 -.126185 1.32 0 -.126185
4 16 -27.14 0 -.73 -27.14 0 -4.65 -22.57 0 -4.65 -22.57 0 -.73
4 16 -5.14 0 -.79 -5.14 0 -2.79 -1.7 0 -2.79 -1.7 0 -.79
4 16 -18.1 0 -1.22 -18.1 0 4.65 -20.71 0 4.65 -20.71 0 -4.65
3 16 -18.1 0 -1.22 -20.71 0 -4.65 -18.1 0 -5
4 16 10.1912 0 -2.79 10.8 0 0 5.714 0 4.65 5.714 0 -2.79
4 16 10.1912 0 -2.79 10.1912 0 -4.65 10.8 0 -5 10.8 0 0
4 16 3.854 0 -4.65 3.854 0 4.65 1.32 0 -.126185 1.32 0 -2
3 16 3.854 0 -4.65 1.32 0 -2 1.32 0 -4.65
3 16 -29 0 -5 -27.14 0 -4.65 -29 0 -4.65
3 16 -29 0 -5 -22.57 0 -4.65 -27.14 0 -4.65
4 16 -29 0 -5 -18.1 0 -5 -20.71 0 -4.65 -22.57 0 -4.65
3 16 -9.5 0 -5 -7 0 -4.65 -9.5 0 -1.22
3 16 -9.5 0 -5 -1.33 0 -4.65 -7 0 -4.65
3 16 -9.5 0 -5 1.32 0 -4.65 -1.33 0 -4.65
3 16 -9.5 0 -5 3.854 0 -4.65 1.32 0 -4.65
4 16 -9.5 0 -5 10.8 0 -5 10.1912 0 -4.65 3.854 0 -4.65
4 16 20.8 0 -5 24.233 0 2.79 21.3261 0 2.79 20.8 0 0
3 16 20.8 0 -5 24.233 0 -4.65 24.233 0 2.79
4 16 29 0 -5 29 0 2.79 26.093 0 2.79 26.093 0 -4.65
4 16 29 0 -5 26.093 0 -4.65 24.233 0 -4.65 20.8 0 -5
