0 Logo Koenigsegg with thin Border (Half)
0 Name: logo-koenigsegg-2sub.dat
0 Author: Gabriel Läufer [Dr.Bricktacular]
0 !LDRAW_ORG Unofficial_Primitive
0 !LICENSE Licensed under CC BY 4.0 : see CAreadme.txt

0 !HELP Exact dimensions X = 60; Z = 166.7

0 BFC CERTIFY CCW

0 // Pattern
4 0 -5.6 0 78.35 0 0 80.55 -2.5 0 81.45 -6.4 0 79.85
4 0 -8.8 0 76.95 -5.6 0 78.35 -6.4 0 79.85 -10.7 0 77.95
4 0 -6.9 0 68.05 -7 0 70.35 -8.5 0 70.05 -8.1 0 67.75
4 0 -9.9 0 59.35 -11.5 0 57.85 -10.5 0 56.85 -9.1 0 58.75
4 0 -32.5 0 64.25 -32.5 0 66.25 -35.8 0 64.15 -36.2 0 61.85
4 0 -39.3 0 59.75 -38.5 0 62.35 -42.4 0 59.65 -43.5 0 56.75
4 0 -55.9 0 48.95 -58.3 0 46.75 -55.6 0 46.95 -53.1 0 49.15
4 0 -43.5 0 56.75 -42.4 0 59.65 -46.2 0 56.85 -46.3 0 54.65
4 0 -36.2 0 61.85 -35.8 0 64.15 -38.5 0 62.35 -39.3 0 59.75
4 0 -22.8 0 69.95 -22.3 0 72.15 -27 0 69.55 -25.3 0 68.55
4 0 -12.9 0 75.05 -10.7 0 77.95 -14.3 0 76.25 -18.7 0 72.15
4 0 -56.4 0 41.35 -58.1 0 41.15 -57.8 0 36.65 -56.1 0 36.65
4 0 -33.6 0 -24.75 -35.8 0 -19.75 -36.9 0 -22.85 -35.4 0 -26.15
4 0 -44.1 0 -19.05 -46.2 0 -18.35 -44.5 0 -22.55 -42.7 0 -22.45
4 0 -42.7 0 -22.45 -44.5 0 -22.55 -43.2 0 -25.55 -40.8 0 -26.75
4 0 -34.2 0 -42.65 -32.2 0 -42.65 -34.9 0 -38.15 -36.4 0 -38.95
4 0 -30 0 -46.05 -32.1 0 -45.95 -29.8 0 -49.35 -28 0 -48.95
4 0 -25.6 0 -52.25 -28 0 -51.85 -25.9 0 -54.65 -23.1 0 -55.45
4 0 -21 0 -58.05 -23.1 0 -55.45 -24 0 -57.05 -21.5 0 -60.05
4 0 -55.6 0 31.15 -57.4 0 31.95 -56.8 0 26.55 -55.1 0 26.65
3 0 0 0 72.65 -1.2 0 72.65 -1.2 0 68.35
4 0 -46.8 0 -11.75 -49.2 0 -9.85 -47.4 0 -15.15 -45.1 0 -16.45
4 0 -3.3 0 67.15 -2.1 0 65.85 -1.2 0 68.35 -2.4 0 69.25
4 0 -10.8 0 68.85 -9.8 0 66.65 -9.1 0 67.25 -9.7 0 69.55
4 0 -5.7 0 68.05 -4.1 0 70.05 -5.6 0 70.35 -7 0 70.35
4 0 -18.7 0 72.15 -14.3 0 76.25 -19.1 0 73.85 -22.3 0 72.15
4 0 -8.1 0 67.75 -8.5 0 70.05 -9.7 0 69.55 -9.1 0 67.25
3 0 -10.8 0 68.85 -11.5 0 68.25 -9.8 0 66.65
4 0 -28.4 0 66.75 -27 0 69.55 -32.5 0 66.25 -32.5 0 64.25
4 0 -4.5 0 67.75 -2.4 0 69.25 -4.1 0 70.05 -5.7 0 68.05
3 0 -7 0 70.35 -6.9 0 68.05 -5.7 0 68.05
4 0 -54.4 0 21.45 -56.2 0 21.95 -55.6 0 18.05 -53.7 0 16.95
3 0 -2.4 0 69.25 -4.5 0 67.75 -3.3 0 67.15
3 0 -1.2 0 68.35 -2.1 0 65.85 -1.4 0 64.35
4 0 -1.2 0 68.35 -1.4 0 64.35 -1.2 0 63.05 0 0 72.65
4 0 -37.2 0 -34.05 -41.7 0 -28.85 -38.4 0 -35.35 -34.9 0 -38.15
4 0 -1.2 0 63.05 -1.4 0 61.65 -1.2 0 57.55 0 0 53.35
3 0 -1.4 0 61.65 -1.8 0 60.65 -1.2 0 57.55
3 0 -1.8 0 60.65 -2.3 0 59.85 -1.2 0 57.55
4 0 -5.4 0 55.65 -4 0 55.95 -5.6 0 57.95 -7.3 0 55.65
4 0 -8.8 0 56.05 -7.3 0 55.65 -7.1 0 57.95 -8.6 0 58.45
4 0 -10.5 0 56.85 -8.8 0 56.05 -8.6 0 58.45 -9.1 0 58.75
3 0 -5.6 0 57.95 -7.1 0 57.95 -7.3 0 55.65
4 0 -4.5 0 58.25 -5.6 0 57.95 -4 0 55.95 -2.3 0 56.75
4 0 -45.1 0 -16.45 -47.4 0 -15.15 -46.2 0 -18.35 -44.1 0 -19.05
4 0 -3.3 0 58.85 -4.5 0 58.25 -2.3 0 56.75 -1.2 0 57.55
4 0 -40.8 0 -26.75 -43.2 0 -25.55 -41.7 0 -28.85 -37.2 0 -34.05
3 0 -2.3 0 59.85 -3.3 0 58.85 -1.2 0 57.55
3 0 -1.2 0 57.55 -1.2 0 53.35 0 0 53.35
4 0 -32.2 0 -42.65 -34.2 0 -42.65 -32.1 0 -45.95 -30 0 -46.05
4 0 -37.9 0 -14.45 -41.1 0 -12.25 -39.5 0 -16.55 -35.8 0 -19.75
4 0 -55.1 0 26.65 -56.8 0 26.55 -56.2 0 21.95 -54.4 0 21.45
4 0 -42.1 0 -1.35 -45 0 .85 -44 0 -2.95 -40.8 0 -5.85
4 0 -46.3 0 54.65 -46.2 0 56.85 -48.8 0 54.85 -49.6 0 52.05
4 0 -44.9 0 10.75 -48 0 14.95 -47 0 9.75 -44.1 0 6.95
4 0 -48 0 14.95 -45.8 0 15.55 -46.6 0 20.25 -49.1 0 21.55
4 0 -30.8 0 38.15 -27.4 0 41.85 -32.4 0 39.95 -37.2 0 38.05
4 0 -42.8 0 35.75 -50.6 0 32.45 -48.1 0 31.05 -40.1 0 34.45
4 0 -56.1 0 36.65 -57.8 0 36.65 -57.4 0 31.95 -55.6 0 31.15
4 0 -48.1 0 31.05 -50.6 0 32.45 -49.9 0 27.05 -47.5 0 26.15
4 0 -53.7 0 16.95 -55.6 0 18.05 -54.8 0 13.25 -52.9 0 12.35
4 0 -50.8 0 2.45 -51.9 0 7.35 -52.5 0 2.25 -51.3 0 -2.55
4 0 -20.7 0 41.85 -17.1 0 45.45 -22.7 0 43.55 -25.2 0 40.25
4 0 -49.4 0 -3.15 -50.8 0 2.45 -51.3 0 -2.55 -50.5 0 -5.55
4 0 0 0 32.75 -7.2 0 42.95 -10.2 0 42.15 -15.2 0 40.65
4 0 -43.4 0 3.85 -46 0 5.05 -45 0 .85 -42.1 0 -1.35
4 0 -5.2 0 46.35 -5.2 0 48.65 -8.5 0 47.95 -7.9 0 45.75
4 0 -48.1 0 -7.65 -50.5 0 -5.55 -49.2 0 -9.85 -46.8 0 -11.75
4 0 -2.9 0 49.05 -5.2 0 48.65 -2.3 0 46.85 0 0 49.25
3 0 -15.2 0 40.65 -20.1 0 38.95 0 0 32.75
4 0 -35.8 0 -19.75 -39.5 0 -16.55 -38.1 0 -20.05 -36.9 0 -22.85
4 0 -29.5 0 -32.75 -31.1 0 -29.75 -32.8 0 -31.35 -30.9 0 -34.85
4 0 -29.4 0 -37.45 -27.3 0 -40.85 -27.2 0 -36.75 -30.9 0 -34.85
4 0 -28 0 -48.95 -29.8 0 -49.35 -28 0 -51.85 -25.6 0 -52.25
4 0 -24.4 0 -41.25 -27.3 0 -40.85 -25.2 0 -44.05 -21.7 0 -45.15
4 0 -10.4 0 -69.15 -15.7 0 -63.95 -11.9 0 -70.05 -8.8 0 -72.85
4 0 -20.7 0 -50.25 -17.2 0 -51.05 -19.1 0 -48.65 -23.1 0 -47.05
4 0 -7.1 0 -72.05 -10.4 0 -69.15 -8.8 0 -72.85 -5.7 0 -75.45
4 0 -4.5 0 -67.45 -2.9 0 -65.85 -6.1 0 -62.95 -7.6 0 -64.65
4 0 -6.1 0 -62.95 -12.2 0 -56.85 -13.5 0 -58.75 -7.6 0 -64.65
4 0 -3.8 0 -74.85 -5.7 0 -75.45 -2.7 0 -77.85 0 0 -77.55
3 0 0 0 -77.55 -2.7 0 -77.85 0 0 -79.75
3 0 -7.1 0 -72.05 -5.7 0 -75.45 -3.8 0 -74.85
4 0 -18.2 0 -63.75 -11.9 0 -70.05 -15.7 0 -63.95 -18.6 0 -60.75
4 0 -21.5 0 -60.05 -18.2 0 -63.75 -18.6 0 -60.75 -21 0 -58.05
3 0 -25.9 0 -54.65 -24 0 -57.05 -23.1 0 -55.45
3 0 -38.4 0 -35.35 -36.4 0 -38.95 -34.9 0 -38.15
3 0 -49.4 0 -3.15 -50.5 0 -5.55 -48.1 0 -7.65
4 0 -53.6 0 7.15 -52.5 0 2.25 -51.9 0 7.35 -52.9 0 12.35
3 0 -54.8 0 13.25 -53.6 0 7.15 -52.9 0 12.35
4 0 -56.6 0 45.95 -58.3 0 46.75 -58.1 0 41.15 -56.4 0 41.35
4 0 -52.9 0 51.55 -55.9 0 48.95 -53.1 0 49.15 -49.6 0 52.05
3 0 -55.6 0 46.95 -58.3 0 46.75 -56.6 0 45.95
3 0 -48.8 0 54.85 -52.9 0 51.55 -49.6 0 52.05
3 0 -27 0 69.55 -28.4 0 66.75 -25.3 0 68.55
3 0 -18.7 0 72.15 -22.3 0 72.15 -22.8 0 69.95
3 0 -10.7 0 77.95 -12.9 0 75.05 -8.8 0 76.95
3 0 0 0 82.35 -2.5 0 81.45 0 0 80.55
4 0 -35.4 0 -26.15 -32.8 0 -31.35 -31.1 0 -29.75 -33.6 0 -24.75
4 0 0 0 -68.15 -2.9 0 -65.85 -4.5 0 -67.45 0 0 -71.05
4 0 -17.2 0 -51.05 -20.7 0 -50.25 -18.4 0 -53.15 -15.2 0 -53.45
4 0 -15.2 0 -53.45 -18.4 0 -53.15 -16.1 0 -55.85 -12.2 0 -56.85
3 0 0 0 -47.25 -10.9 0 -53.85 0 0 -64.55
3 0 -16.1 0 -55.85 -13.5 0 -58.75 -12.2 0 -56.85
4 0 -21.7 0 -45.15 -25.2 0 -44.05 -23.1 0 -47.05 -19.1 0 -48.65
3 0 -27.2 0 -36.75 -27.3 0 -40.85 -24.4 0 -41.25
3 0 -29.5 0 -32.75 -30.9 0 -34.85 -27.2 0 -36.75
3 0 -33.3 0 -18.25 -29 0 -27.55 -19.8 0 -23.65
4 0 -39.5 0 -9.95 -42.9 0 -6.75 -41.1 0 -12.25 -37.9 0 -14.45
4 0 -40.8 0 -5.85 -44 0 -2.95 -42.9 0 -6.75 -39.5 0 -9.95
4 0 0 0 32.75 0 0 44.05 -2.2 0 43.95 -4.5 0 43.55
4 0 -12 0 44.65 -8.5 0 47.95 -13.2 0 46.65 -16.2 0 43.35
4 0 -16.2 0 43.35 -13.2 0 46.65 -17.1 0 45.45 -20.7 0 41.85
4 0 -44.1 0 6.95 -47 0 9.75 -46 0 5.05 -43.4 0 3.85
4 0 -25.2 0 40.25 -22.7 0 43.55 -27.4 0 41.85 -30.8 0 38.15
3 0 -45.8 0 15.55 -48 0 14.95 -44.9 0 10.75
4 0 -47.5 0 26.15 -49.9 0 27.05 -49.1 0 21.55 -46.6 0 20.25
4 0 -37.2 0 38.05 -42.8 0 35.75 -40.1 0 34.45 -30.8 0 38.15
3 0 -8.5 0 47.95 -12 0 44.65 -7.9 0 45.75
3 0 -5.2 0 48.65 -5.2 0 46.35 -2.3 0 46.85
3 0 0 0 49.25 -2.3 0 46.85 0 0 46.95
3 0 -4.5 0 43.55 -7.2 0 42.95 0 0 32.75
3 0 0 0 32.75 -29 0 24.65 0 0 16.65
3 0 0 0 16.65 -26.1 0 8.55 0 0 .45
3 0 0 0 .45 -23.8 0 -7.55 0 0 -15.65
3 0 0 0 -15.65 -19.8 0 -23.65 0 0 -32.15
3 0 0 0 -32.15 -14.9 0 -39.75 0 0 -47.25
3 0 -45 0 29.25 -43.7 0 20.65 -29 0 24.65
3 0 -42.4 0 13.15 -40.6 0 4.55 -26.1 0 8.55
3 0 -38.7 0 -2.65 -35.9 0 -11.55 -23.8 0 -7.55
3 0 -24.2 0 -36.15 -20.2 0 -42.35 -14.9 0 -39.75
3 0 0 0 72.65 -1.2 0 63.05 0 0 53.35
4 16 -60 0 -83.35 0 0 -83.35 0 0 -79.75 -2.7 0 -77.85
3 16 0 0 83.35 -2.5 0 81.45 0 0 82.35
4 16 -6.4 0 79.85 -2.5 0 81.45 0 0 83.35 -60 0 83.35
3 16 -60 0 83.35 -10.7 0 77.95 -6.4 0 79.85
3 16 -60 0 83.35 -14.3 0 76.25 -10.7 0 77.95
3 16 -60 0 83.35 -19.1 0 73.85 -14.3 0 76.25
3 16 -60 0 83.35 -22.3 0 72.15 -19.1 0 73.85
3 16 -60 0 83.35 -27 0 69.55 -22.3 0 72.15
3 16 -60 0 83.35 -32.5 0 66.25 -27 0 69.55
3 16 -60 0 83.35 -35.8 0 64.15 -32.5 0 66.25
3 16 -60 0 83.35 -38.5 0 62.35 -35.8 0 64.15
3 16 -60 0 83.35 -42.4 0 59.65 -38.5 0 62.35
3 16 -60 0 83.35 -46.2 0 56.85 -42.4 0 59.65
3 16 -60 0 83.35 -48.8 0 54.85 -46.2 0 56.85
3 16 -60 0 83.35 -52.9 0 51.55 -48.8 0 54.85
3 16 -60 0 83.35 -55.9 0 48.95 -52.9 0 51.55
3 16 -60 0 83.35 -58.3 0 46.75 -55.9 0 48.95
4 16 -58.3 0 46.75 -60 0 83.35 -60 0 -83.35 -58.1 0 41.15
3 16 -58.1 0 41.15 -60 0 -83.35 -57.8 0 36.65
3 16 -57.8 0 36.65 -60 0 -83.35 -57.4 0 31.95
3 16 -57.4 0 31.95 -60 0 -83.35 -56.8 0 26.55
3 16 -56.8 0 26.55 -60 0 -83.35 -56.2 0 21.95
3 16 -56.2 0 21.95 -60 0 -83.35 -55.6 0 18.05
3 16 -55.6 0 18.05 -60 0 -83.35 -54.8 0 13.25
3 16 -54.8 0 13.25 -60 0 -83.35 -53.6 0 7.15
3 16 -53.6 0 7.15 -60 0 -83.35 -52.5 0 2.25
3 16 -52.5 0 2.25 -60 0 -83.35 -51.3 0 -2.55
3 16 -51.3 0 -2.55 -60 0 -83.35 -50.5 0 -5.55
3 16 -50.5 0 -5.55 -60 0 -83.35 -49.2 0 -9.85
3 16 -49.2 0 -9.85 -60 0 -83.35 -47.4 0 -15.15
3 16 -47.4 0 -15.15 -60 0 -83.35 -46.2 0 -18.35
3 16 -46.2 0 -18.35 -60 0 -83.35 -44.5 0 -22.55
3 16 -44.5 0 -22.55 -60 0 -83.35 -43.2 0 -25.55
3 16 -43.2 0 -25.55 -60 0 -83.35 -41.7 0 -28.85
3 16 -41.7 0 -28.85 -60 0 -83.35 -38.4 0 -35.35
3 16 -38.4 0 -35.35 -60 0 -83.35 -36.4 0 -38.95
3 16 -36.4 0 -38.95 -60 0 -83.35 -34.2 0 -42.65
3 16 -34.2 0 -42.65 -60 0 -83.35 -32.1 0 -45.95
3 16 -32.1 0 -45.95 -60 0 -83.35 -29.8 0 -49.35
3 16 -29.8 0 -49.35 -60 0 -83.35 -28 0 -51.85
3 16 -28 0 -51.85 -60 0 -83.35 -25.9 0 -54.65
3 16 -25.9 0 -54.65 -60 0 -83.35 -24 0 -57.05
3 16 -24 0 -57.05 -60 0 -83.35 -21.5 0 -60.05
3 16 -21.5 0 -60.05 -60 0 -83.35 -18.2 0 -63.75
3 16 -18.2 0 -63.75 -60 0 -83.35 -11.9 0 -70.05
3 16 -11.9 0 -70.05 -60 0 -83.35 -8.8 0 -72.85
3 16 -8.8 0 -72.85 -60 0 -83.35 -5.7 0 -75.45
3 16 -5.7 0 -75.45 -60 0 -83.35 -2.7 0 -77.85
4 71 -8.6 0 58.45 -1.2 0 63.05 -1.4 0 64.35 -2.1 0 65.85
4 71 0 0 80.55 -5.6 0 78.35 -1.2 0 72.65 0 0 72.65
4 71 -5.6 0 70.35 -4.1 0 70.05 -1.2 0 72.65 -5.6 0 78.35
4 71 -11.5 0 68.25 -10.8 0 68.85 -12.9 0 75.05 -18.7 0 72.15
4 71 -11.5 0 68.25 -9.1 0 58.75 -8.6 0 58.45 -9.8 0 66.65
4 71 -10.5 0 56.85 -11.5 0 57.85 -13.2 0 46.65 -8.5 0 47.95
4 71 -56.4 0 41.35 -53.1 0 49.15 -55.6 0 46.95 -56.6 0 45.95
4 71 -17.1 0 45.45 -13.2 0 46.65 -11.5 0 57.85 -28.4 0 66.75
4 71 -22.7 0 43.55 -17.1 0 45.45 -28.4 0 66.75 -32.5 0 64.25
4 71 -2.2 0 43.95 0 0 44.05 0 0 46.95 -2.3 0 46.85
4 71 -5.6 0 70.35 -5.6 0 78.35 -8.8 0 76.95 -7 0 70.35
4 71 -9.8 0 66.65 -8.6 0 58.45 -2.1 0 65.85 -4.5 0 67.75
3 71 -4.5 0 67.75 -2.1 0 65.85 -3.3 0 67.15
4 71 -49.9 0 27.05 -55.6 0 31.15 -55.1 0 26.65 -54.4 0 21.45
4 71 -47 0 9.75 -48 0 14.95 -52.9 0 12.35 -51.9 0 7.35
4 71 -49.4 0 -3.15 -44 0 -2.95 -45 0 .85 -50.8 0 2.45
3 71 -4 0 55.95 -5.4 0 55.65 -1.2 0 53.35
4 71 -41.1 0 -12.25 -42.9 0 -6.75 -46.8 0 -11.75 -45.1 0 -16.45
3 71 -2.3 0 56.75 -4 0 55.95 -1.2 0 53.35
4 71 -30.9 0 -34.85 -37.2 0 -34.05 -34.9 0 -38.15 -29.4 0 -37.45
4 71 -7.6 0 -64.65 -15.7 0 -63.95 -10.4 0 -69.15 -4.5 0 -67.45
4 71 -46 0 5.05 -51.9 0 7.35 -50.8 0 2.45 -45 0 .85
3 71 -1.2 0 57.55 -2.3 0 56.75 -1.2 0 53.35
3 71 -1.2 0 72.65 -2.4 0 69.25 -1.2 0 68.35
3 71 -1.2 0 72.65 -4.1 0 70.05 -2.4 0 69.25
4 71 -8.5 0 70.05 -8.8 0 76.95 -12.9 0 75.05 -9.7 0 69.55
4 71 -8.1 0 67.75 -9.1 0 67.25 -9.8 0 66.65 -6.9 0 68.05
4 71 -11.5 0 57.85 -9.9 0 59.35 -11.5 0 68.25 -22.8 0 69.95
4 71 -9.8 0 66.65 -4.5 0 67.75 -5.7 0 68.05 -6.9 0 68.05
4 71 -7.3 0 55.65 -8.8 0 56.05 -8.5 0 47.95 -5.2 0 48.65
4 71 -42.9 0 -6.75 -44 0 -2.95 -48.1 0 -7.65 -46.8 0 -11.75
4 71 -37.2 0 -34.05 -32.8 0 -31.35 -35.4 0 -26.15 -40.8 0 -26.75
4 71 -29.4 0 -37.45 -34.9 0 -38.15 -32.2 0 -42.65 -27.3 0 -40.85
4 71 -1.8 0 60.65 -8.6 0 58.45 -4.5 0 58.25 -2.3 0 59.85
3 71 -2.3 0 59.85 -4.5 0 58.25 -3.3 0 58.85
4 71 -5.6 0 57.95 -4.5 0 58.25 -8.6 0 58.45 -7.1 0 57.95
4 71 -8.6 0 58.45 -1.8 0 60.65 -1.4 0 61.65 -1.2 0 63.05
3 71 -11.5 0 68.25 -9.9 0 59.35 -9.1 0 58.75
4 71 -11.5 0 57.85 -22.8 0 69.95 -25.3 0 68.55 -28.4 0 66.75
3 71 -10.5 0 56.85 -8.5 0 47.95 -8.8 0 56.05
4 71 -7.3 0 55.65 -5.2 0 48.65 -1.2 0 53.35 -5.4 0 55.65
4 71 0 0 49.25 0 0 53.35 -1.2 0 53.35 -2.9 0 49.05
3 71 -1.2 0 53.35 -5.2 0 48.65 -2.9 0 49.05
4 71 -27.4 0 41.85 -22.7 0 43.55 -36.2 0 61.85 -39.3 0 59.75
4 71 -32.4 0 39.95 -39.3 0 59.75 -43.5 0 56.75 -37.2 0 38.05
4 71 -37.2 0 38.05 -43.5 0 56.75 -46.3 0 54.65 -49.6 0 52.05
4 71 -42.8 0 35.75 -37.2 0 38.05 -49.6 0 52.05 -53.1 0 49.15
4 71 -50.6 0 32.45 -42.8 0 35.75 -56.4 0 41.35 -56.1 0 36.65
4 71 -50.6 0 32.45 -56.1 0 36.65 -55.6 0 31.15 -49.9 0 27.05
4 71 -49.1 0 21.55 -49.9 0 27.05 -54.4 0 21.45 -53.7 0 16.95
4 71 -48 0 14.95 -49.1 0 21.55 -53.7 0 16.95 -52.9 0 12.35
4 71 -39.5 0 -16.55 -45.1 0 -16.45 -44.1 0 -19.05 -38.1 0 -20.05
4 71 -38.1 0 -20.05 -44.1 0 -19.05 -42.7 0 -22.45 -36.9 0 -22.85
4 71 -36.9 0 -22.85 -42.7 0 -22.45 -40.8 0 -26.75 -35.4 0 -26.15
4 71 -33.3 0 -18.25 -23.8 0 -7.55 -35.9 0 -11.55 -37.9 0 -14.45
4 71 -25.2 0 -44.05 -27.3 0 -40.85 -30 0 -46.05 -28 0 -48.95
4 71 -23.1 0 -47.05 -25.2 0 -44.05 -28 0 -48.95 -25.6 0 -52.25
4 71 -20.7 0 -50.25 -23.1 0 -47.05 -25.6 0 -52.25 -23.1 0 -55.45
4 71 -18.4 0 -53.15 -23.1 0 -55.45 -21 0 -58.05 -16.1 0 -55.85
4 71 -16.1 0 -55.85 -21 0 -58.05 -18.6 0 -60.75 -13.5 0 -58.75
4 71 -14.9 0 -39.75 -19.1 0 -48.65 -17.2 0 -51.05 -10.9 0 -53.85
4 71 -4.5 0 -67.45 -10.4 0 -69.15 -7.1 0 -72.05 0 0 -71.05
4 71 0 0 -71.05 -7.1 0 -72.05 -3.8 0 -74.85 0 0 -77.55
4 71 0 0 -64.55 -10.9 0 -53.85 -12.2 0 -56.85 -6.1 0 -62.95
4 71 -15.7 0 -63.95 -7.6 0 -64.65 -13.5 0 -58.75 -18.6 0 -60.75
3 71 -20.7 0 -50.25 -23.1 0 -55.45 -18.4 0 -53.15
3 71 -27.3 0 -40.85 -32.2 0 -42.65 -30 0 -46.05
3 71 -32.8 0 -31.35 -37.2 0 -34.05 -30.9 0 -34.85
3 71 -41.1 0 -12.25 -45.1 0 -16.45 -39.5 0 -16.55
3 71 -44 0 -2.95 -49.4 0 -3.15 -48.1 0 -7.65
3 71 -47 0 9.75 -51.9 0 7.35 -46 0 5.05
3 71 -53.1 0 49.15 -56.4 0 41.35 -42.8 0 35.75
3 71 -39.3 0 59.75 -32.4 0 39.95 -27.4 0 41.85
3 71 -32.5 0 64.25 -36.2 0 61.85 -22.7 0 43.55
3 71 -18.7 0 72.15 -22.8 0 69.95 -11.5 0 68.25
3 71 -12.9 0 75.05 -10.8 0 68.85 -9.7 0 69.55
3 71 -8.8 0 76.95 -8.5 0 70.05 -7 0 70.35
4 71 0 0 -64.55 -6.1 0 -62.95 -2.9 0 -65.85 0 0 -68.15
4 71 -15.2 0 -53.45 -12.2 0 -56.85 -10.9 0 -53.85 -17.2 0 -51.05
4 71 -20.2 0 -42.35 -21.7 0 -45.15 -19.1 0 -48.65 -14.9 0 -39.75
4 71 -29.5 0 -32.75 -27.2 0 -36.75 -24.2 0 -36.15 -29 0 -27.55
4 71 -31.1 0 -29.75 -29.5 0 -32.75 -29 0 -27.55 -33.6 0 -24.75
4 71 -38.7 0 -2.65 -26.1 0 8.55 -40.6 0 4.55 -42.1 0 -1.35
4 71 -20.7 0 41.85 -25.2 0 40.25 -20.1 0 38.95 -15.2 0 40.65
4 71 -25.2 0 40.25 -30.8 0 38.15 -29 0 24.65 -20.1 0 38.95
4 71 -16.2 0 43.35 -20.7 0 41.85 -15.2 0 40.65 -12 0 44.65
4 71 -7.9 0 45.75 -10.2 0 42.15 -7.2 0 42.95 -5.2 0 46.35
3 71 -5.2 0 46.35 -7.2 0 42.95 -4.5 0 43.55
4 71 -2.2 0 43.95 -2.3 0 46.85 -5.2 0 46.35 -4.5 0 43.55
4 71 -38.7 0 -2.65 -42.1 0 -1.35 -40.8 0 -5.85 -39.5 0 -9.95
4 71 -10.2 0 42.15 -7.9 0 45.75 -12 0 44.65 -15.2 0 40.65
4 71 -45.8 0 15.55 -44.9 0 10.75 -42.4 0 13.15 -43.7 0 20.65
4 71 -23.8 0 -7.55 0 0 .45 -26.1 0 8.55 -38.7 0 -2.65
3 71 -20.1 0 38.95 -29 0 24.65 0 0 32.75
4 71 -26.1 0 8.55 0 0 16.65 -29 0 24.65 -42.4 0 13.15
4 71 -33.3 0 -18.25 -37.9 0 -14.45 -35.8 0 -19.75 -33.6 0 -24.75
4 71 -19.8 0 -23.65 -29 0 -27.55 -24.2 0 -36.15 -14.9 0 -39.75
4 71 -19.8 0 -23.65 0 0 -15.65 -23.8 0 -7.55 -33.3 0 -18.25
3 71 -14.9 0 -39.75 -10.9 0 -53.85 0 0 -47.25
4 71 -45 0 29.25 -29 0 24.65 -40.1 0 34.45 -48.1 0 31.05
3 71 -29 0 24.65 -43.7 0 20.65 -42.4 0 13.15
3 71 -30.8 0 38.15 -40.1 0 34.45 -29 0 24.65
4 71 -46.6 0 20.25 -45.8 0 15.55 -43.7 0 20.65 -47.5 0 26.15
4 71 -47.5 0 26.15 -43.7 0 20.65 -45 0 29.25 -48.1 0 31.05
4 71 -40.6 0 4.55 -44.1 0 6.95 -43.4 0 3.85 -42.1 0 -1.35
4 71 -44.1 0 6.95 -40.6 0 4.55 -42.4 0 13.15 -44.9 0 10.75
4 71 -39.5 0 -9.95 -37.9 0 -14.45 -35.9 0 -11.55 -38.7 0 -2.65
3 71 -19.8 0 -23.65 -14.9 0 -39.75 0 0 -32.15
3 71 -33.3 0 -18.25 -33.6 0 -24.75 -29 0 -27.55
4 71 -24.4 0 -41.25 -21.7 0 -45.15 -20.2 0 -42.35 -24.2 0 -36.15
3 71 -24.2 0 -36.15 -27.2 0 -36.75 -24.4 0 -41.25