0 Logo Claro Outerbox
0 Name: logo-claro-text-outerbox-01.dat
0 Author: Massimo Maso [Sirio]
0 !LDRAW_ORG Unofficial_Primitive
0 !LICENSE Licensed under CC BY 4.0 : see CAreadme.txt

0 !HELP Exact dimensions X = 26.64; Z = 10

0 BFC CERTIFY CCW


0 // Primitives
1 16 -1.52 0 -1 1.5 0 0 0 1 0 0 0 1.5 1-4ndis.dat
1 16 -1.71 0 -1.09 .49 0 0 0 1 0 0 0 .49 1-4chrd.dat
1 16 -2.42 0 -1.3 -1.8 0 0 0 1 0 0 0 1.8 1-4ndis.dat
1 16 -2.32 0 -1.3 -.7 0 0 0 1 0 0 0 .7 1-4chrd.dat
1 16 3.5081 0 -2.1 -1.3281 0 0 0 1 0 0 0 1.3281 1-4chrd.dat
1 16 6.58 0 -2.25 2.6 0 0 0 1 0 0 0 2.75 4-4ndis.dat
1 16 6.58 0 -2.25 1.4 0 0 0 1 0 0 0 1.55 4-4disc.dat
1 16 -2.42 0 -3.4 -.66 0 0 0 1 0 0 0 -.67 1-4chrd.dat
1 16 -2.52 0 -3.4 -1.8 0 0 0 1 0 0 0 -1.6 1-4ndis.dat
0 // Faces
3 16 -13.32 0 5 -13.32 0 -1.55 -13.261 0 -.8958
3 16 -13.32 0 5 -13.261 0 -.8958 -13.0853 0 -.2629
3 16 -13.32 0 5 -13.0853 0 -.2629 -12.7968 0 .3272
3 16 -13.32 0 5 -12.7968 0 .3272 -12.4024 0 .8525
3 16 -13.32 0 5 -12.4024 0 .8525 -11.9136 0 1.2912
3 16 -13.32 0 5 -11.9136 0 1.2912 -11.3465 0 1.6227
3 16 -13.32 0 5 -11.3465 0 1.6227 -10.7231 0 1.8296
3 16 -13.32 0 5 -10.7231 0 1.8296 -10.07 0 1.9
3 16 -13.32 0 5 -10.07 0 1.9 -9.4169 0 1.8296
3 16 -13.32 0 5 -9.4169 0 1.8296 -8.7935 0 1.6227
4 16 -13.32 0 5 -8.7935 0 1.6227 -8.2264 0 1.2912 -6.32 0 1.9
3 16 -13.32 0 5 -6.32 0 1.9 -5.12 0 1.9
4 16 -13.32 0 5 -5.12 0 1.9 -.02 0 .5 5.98 0 5
4 16 5.98 0 5 -.02 0 .5 .98 0 .3 2.18 0 .3
4 16 5.98 0 5 2.18 0 .3 2.18 0 -.4 2.4786 0 -.0263
3 16 5.98 0 5 2.4786 0 -.0263 2.8621 0 .2596
3 16 5.98 0 5 2.8621 0 .2596 3.3056 0 .4389
3 16 5.98 0 5 3.3056 0 .4389 3.78 0 .5
4 16 5.98 0 5 3.78 0 .5 3.98 0 .5 5.98 0 1.6
3 16 13.32 0 5 7.18 0 5 11.6827 0 4.2785
3 16 13.32 0 5 11.6827 0 4.2785 12.5313 0 3.43
3 16 13.32 0 5 12.5313 0 3.43 13.32 0 -1.05
3 16 -6.32 0 1.9 -8.2264 0 1.2912 -7.7376 0 .8525
3 16 -6.32 0 1.9 -7.7376 0 .8525 -7.3432 0 .3272
3 16 -6.32 0 1.9 -7.3432 0 .3272 -7.0547 0 -.2629
3 16 -6.32 0 1.9 -7.0547 0 -.2629 -6.9611 0 -.6
4 16 -6.32 0 1.9 -6.9611 0 -.6 -6.9611 0 -2.5 -6.32 0 -4.9
4 16 -5.12 0 1.9 -5.12 0 -4.9 -4.22 0 -1.3 -4.22 0 .5
3 16 -5.12 0 1.9 -4.22 0 .5 -2.42 0 .5
3 16 -5.12 0 1.9 -2.42 0 .5 -1.52 0 .5
3 16 -5.12 0 1.9 -1.52 0 .5 -.02 0 .5
4 16 7.18 0 1.6 5.98 0 1.6 3.98 0 .5 6.58 0 .5
4 16 7.18 0 1.6 6.58 0 .5 9.18 0 .5 8.5715 0 1.1673
4 16 7.18 0 1.6 8.5715 0 1.1673 11.6827 0 4.2785 7.18 0 5
3 16 9.42 0 .3187 8.5715 0 1.1673 9.18 0 .5
3 16 9.42 0 .3187 9.18 0 .5 9.92 0 -1.05
4 16 9.42 0 .3187 9.92 0 -1.05 13.32 0 -1.05 12.5313 0 3.43
4 16 -8.2206 0 -.6 -8.2206 0 -2.5 -6.9611 0 -2.5 -6.9611 0 -.6
3 16 -.02 0 -1 .98 0 .3 -.02 0 .5
4 16 -.02 0 -1 -.02 0 -4.9 .98 0 -4.9 .98 0 .3
4 16 -4.22 0 -1.3 -5.12 0 -4.9 -4.32 0 -3.4 -4.2704 0 -3.027
3 16 -4.22 0 -1.3 -4.2704 0 -3.027 -4.1269 0 -2.6791
3 16 -4.22 0 -1.3 -4.1269 0 -2.6791 -3.9034 0 -2.3763
3 16 -4.22 0 -1.3 -3.9034 0 -2.3763 -3.6174 0 -2.1318
3 16 -4.22 0 -1.3 -3.6174 0 -2.1318 -3.2866 0 -1.9524
3 16 -4.22 0 -1.3 -3.2866 0 -1.9524 -2.927 0 -1.8414
4 16 -4.22 0 -1.3 -2.927 0 -1.8414 -1.611 0 -1.5699 -3.02 0 -1.3
4 16 -3.02 0 -1.3 -1.611 0 -1.5699 -1.4558 0 -1.5089 -1.3301 0 -1.3995
4 16 -3.02 0 -1.3 -1.3301 0 -1.3995 -1.2483 0 -1.2543 -1.22 0 -1.09
4 16 -3.02 0 -1.3 -1.22 0 -1.09 -1.71 0 -.6 -2.32 0 -.6
4 16 -12.12 0 -1.55 -11.7982 0 -.3398 -11.9762 0 -.7222 -12.0839 0 -1.1298
4 16 -12.12 0 -1.55 -11.2464 0 .2927 -11.5531 0 .0033 -11.7982 0 -.3398
4 16 -12.12 0 -1.55 -10.489 0 .6525 -10.8871 0 .5135 -11.2464 0 .2927
4 16 -12.12 0 -1.55 -9.651 0 .6525 -10.07 0 .7 -10.489 0 .6525
4 16 -12.12 0 -1.55 -8.8936 0 .2927 -9.2529 0 .5135 -9.651 0 .6525
4 16 -12.12 0 -1.55 -8.3418 0 -.3398 -8.5869 0 .0033 -8.8936 0 .2927
3 16 -12.12 0 -1.55 -8.2206 0 -.6 -8.3418 0 -.3398
3 16 -12.12 0 -1.55 -8.2206 0 -2.5 -8.2206 0 -.6
3 16 -12.12 0 -1.55 -8.3418 0 -2.7602 -8.2206 0 -2.5
4 16 -12.12 0 -1.55 -8.8936 0 -3.3927 -8.5869 0 -3.1033 -8.3418 0 -2.7602
4 16 -12.12 0 -1.55 -9.651 0 -3.7525 -9.2529 0 -3.6135 -8.8936 0 -3.3927
4 16 -12.12 0 -1.55 -10.489 0 -3.7525 -10.07 0 -3.8 -9.651 0 -3.7525
4 16 -12.12 0 -1.55 -11.2464 0 -3.3927 -10.8871 0 -3.6135 -10.489 0 -3.7525
4 16 -12.12 0 -1.55 -11.7982 0 -2.7602 -11.5531 0 -3.1033 -11.2464 0 -3.3927
4 16 -12.12 0 -1.55 -12.0839 0 -1.9702 -11.9762 0 -2.3778 -11.7982 0 -2.7602
3 16 -1.22 0 -2.3 -1.53 0 -2.4774 -1.22 0 -2.87
4 16 -1.869 0 -2.59 -1.2609 0 -3.1806 -1.22 0 -2.87 -1.53 0 -2.4774
4 16 -1.869 0 -2.59 -2.5626 0 -2.7458 -1.3808 0 -3.47 -1.2609 0 -3.1806
4 16 -2.7696 0 -2.8317 -1.5715 0 -3.7185 -1.3808 0 -3.47 -2.5626 0 -2.7458
4 16 -2.7696 0 -2.8317 -2.9359 0 -2.9821 -1.82 0 -3.9092 -1.5715 0 -3.7185
4 16 -3.043 0 -3.1789 -2.1094 0 -4.0291 -1.82 0 -3.9092 -2.9359 0 -2.9821
4 16 -3.043 0 -3.1789 -3.08 0 -3.4 -2.42 0 -4.07 -2.1094 0 -4.0291
4 16 3.98 0 -2.25 3.98 0 .5 3.78 0 .5 3.78 0 -.8
4 16 3.98 0 -2.25 3.78 0 -.8 3.5081 0 -.7719 2.18 0 -2.1
4 16 3.98 0 -2.25 2.18 0 -2.1 2.18 0 -4.9 3.98 0 -5
4 16 9.92 0 -2.25 9.92 0 -1.05 9.18 0 .5 9.18 0 -2.25
4 16 9.92 0 -2.25 9.18 0 -2.25 9.18 0 -5 13.32 0 -5
3 16 9.92 0 -2.25 13.32 0 -5 13.32 0 -2.25
3 16 -6.32 0 -4.9 -6.9611 0 -2.5 -7.0547 0 -2.8371
3 16 -6.32 0 -4.9 -7.0547 0 -2.8371 -7.3432 0 -3.4272
3 16 -6.32 0 -4.9 -7.3432 0 -3.4272 -7.7376 0 -3.9525
3 16 -6.32 0 -4.9 -7.7376 0 -3.9525 -8.2264 0 -4.3912
3 16 -6.32 0 -4.9 -8.2264 0 -4.3912 -8.7935 0 -4.7227
3 16 -6.32 0 -4.9 -8.7935 0 -4.7227 -9.4169 0 -4.9296
3 16 -6.32 0 -4.9 -9.4169 0 -4.9296 -10.07 0 -5
3 16 -1.22 0 -4.9 -1.22 0 -4.5067 -1.5036 0 -4.7205
3 16 -1.22 0 -4.9 -1.5036 0 -4.7205 -1.8234 0 -4.8753
3 16 -1.22 0 -4.9 -1.8234 0 -4.8753 -2.1661 0 -4.9688
4 16 -1.22 0 -4.9 -2.1661 0 -4.9688 -2.52 0 -5 -.02 0 -4.9
3 16 -13.32 0 -5 -13.261 0 -2.2042 -13.32 0 -1.55
3 16 -13.32 0 -5 -13.0853 0 -2.8371 -13.261 0 -2.2042
3 16 -13.32 0 -5 -12.7968 0 -3.4272 -13.0853 0 -2.8371
3 16 -13.32 0 -5 -12.4024 0 -3.9525 -12.7968 0 -3.4272
3 16 -13.32 0 -5 -11.9136 0 -4.3912 -12.4024 0 -3.9525
3 16 -13.32 0 -5 -11.3465 0 -4.7227 -11.9136 0 -4.3912
3 16 -13.32 0 -5 -10.7231 0 -4.9296 -11.3465 0 -4.7227
3 16 -13.32 0 -5 -10.07 0 -5 -10.7231 0 -4.9296
3 16 -4.32 0 -5 -4.32 0 -3.4 -5.12 0 -4.9
4 16 -4.32 0 -5 -5.12 0 -4.9 -6.32 0 -4.9 -10.07 0 -5
3 16 -2.52 0 -5 .98 0 -4.9 -.02 0 -4.9
4 16 -2.52 0 -5 3.98 0 -5 2.18 0 -4.9 .98 0 -4.9
