0 Hi-Res Cylinder Sloped 0.0833 Convex
0 Name: 48\1-12cyls2.dat
0 Author: Peter Blomberg [WUIt]
0 !LDRAW_ORG Unofficial_48_Primitive
0 !LICENSE Licensed under CC BY 4.0 : see CAreadme.txt

0 BFC CERTIFY CCW

3 16 0 0 1 -.1305 .1305 .9914 -.1305 0 .9914
4 16 -.1305 .1305 .9914 -.2588 .2588 .9659 -.2588 0 .9659 -.1305 0 .9914
4 16 -.2588 .2588 .9659 -.3827 .3827 .9239 -.3827 0 .9239 -.2588 0 .9659
4 16 -.3827 .3827 .9239 -.5 .5 .866 -.5 0 .866 -.3827 0 .9239

5 24 -.1305 0 .9914 -.1305 .1305 .9914 -.2588 0 .9659 0 0 1
5 24 -.2588 0 .9659 -.2588 .2588 .9659 -.3827 0 .9239 -.1305 0 .9914
5 24 -.3827 0 .9239 -.3827 .3827 .9239 -.5 0 .866 -.2588 0 .9659
5 24 -.5 0 .866 -.5 .5 .866 -.3827 0 .9239 -.614 0 .8002