0 Sticker  1.2 x  4.0 with "Legoland" and Chevrons Right
0 Name: 003435a.dat
0 Author: J.C. Tchang [tchang]
0 !LDRAW_ORG Unofficial_Part
0 !LICENSE Licensed under CC BY 4.0 : see CAreadme.txt

0 BFC CERTIFY CCW

0 !KEYWORDS Bricklink 687stk01, Caravelle Plane, Rebrickable 003435, Set 687-1

0 !HISTORY 2025-05-07 [Holly-Wood] Adjusted size, used prims

0 // Small box
1 16 0 -0.25 0 39 0 0 0 0.25 0 0 0 11.5 box5-12.dat

0 // Logo Legoland
1 0 -15.6 -0.25 -0.2 0.91 0 0 0 1 0 0 0 0.91 logo-legoland-text.dat
1 15 -15.6 -0.25 -0.2 0.91 0 0 0 1 0 0 0 0.91 logo-legoland-box.dat

0 // Red
4 4 27.5 -.25 11.5 23 -.25 11.5 34.6 -.25 0 39 -.25 0
4 4 34.6 -.25 0 23 -.25 -11.5 27.5 -.25 -11.5 39 -.25 0
4 4 18 -.25 11.5 13.5 -.25 11.5 25.1 -.25 0 30 -.25 0
4 4 25.1 -.25 0 13.5 -.25 -11.5 18 -.25 -11.5 30 -.25 0
4 4 9 -.25 11.5 4.5 -.25 11.5 16.1 -.25 0 21 -.25 0
4 4 16.1 -.25 0 4.5 -.25 -11.5 9 -.25 -11.5 21 -.25 0

0 // White
3 15 39 -.25 11.5 27.5 -.25 11.5 39 -.25 0
3 15 39 -.25 0 27.5 -.25 -11.5 39 -.25 -11.5
4 15 23 -.25 11.5 18 -.25 11.5 30 -.25 0 34.6 -.25 0
4 15 23 -.25 -11.5 34.6 -.25 0 30 -.25 0 18 -.25 -11.5
4 15 25.1 -.25 0 13.5 -.25 11.5 9 -.25 11.5 21 -.25 0
4 15 13.5 -.25 -11.5 25.1 -.25 0 21 -.25 0 9 -.25 -11.5
3 15 16.1 -.25 0 7.15 -.25 6.17 7.15 -.25 -6.57
3 15 16.1 -.25 0 7.15 -.25 -6.57 4.5 -.25 -11.5
3 15 4.5 -.25 -11.5 7.15 -.25 -6.57 -8.32 -.25 -6.57
4 15 -8.32 -.25 -6.57 -23.79 -.25 -6.57 -39 -.25 -11.5 4.5 -.25 -11.5
3 15 -39 -.25 -11.5 -23.79 -.25 -6.57 -38.35 -.25 -6.57
4 15 -39 -.25 11.5 -39 -.25 -11.5 -38.35 -.25 -6.57 -38.35 -.25 6.17
3 15 -39 -.25 11.5 -38.35 -.25 6.17 -21.97 -.25 6.17
4 15 4.5 -.25 11.5 -39 -.25 11.5 -21.97 -.25 6.17 -12.87 -.25 6.17
3 15 4.5 -.25 11.5 -12.87 -.25 6.17 7.15 -.25 6.17
3 15 4.5 -.25 11.5 7.15 -.25 6.17 16.1 -.25 0