0 Duplo Plate  2 x  2 with Hinge Extended on Side
0 Name: 13355.dat
0 Author: Peter Blomberg [WUIt]
0 !LDRAW_ORG Unofficial_Part
0 !LICENSE Licensed under CC BY 4.0 : see CAreadme.txt

0 BFC CERTIFY CCW

1 16 0 0 0 1 0 0 0 1 0 0 0 1 s\13355s01.dat
4 16 40 -5 101 40 0 101 40 .81704 105.95672 40 -5 104.8
4 16 -40 .81704 105.95672 -40 0 101 -40 -5 101 -40 -5 104.8
1 16 40 -5 120 0 1 0 0 0 15.2 -15.2 0 0 1-4edge.dat
1 16 -40 -5 120 0 1 0 0 0 15.2 -15.2 0 0 1-4edge.dat

1 16 0 0 0 1 0 0 0 2.75 0 0 0 1 stug7-2x2.dat

0 // bottom reinforcements
2 24 32 23 98.5 32 23 101.5
2 24 32 23 101.5 36 23 101.5
2 24 36 23 101.5 36 23 98.5
2 24 36 23 98.5 32 23 98.5
2 24 32 11 98.5 32 23 98.5
2 24 32 11 101.5 32 23 101.5
2 24 36 4 98.5 36 23 98.5
2 24 36 4 101.5 36 23 101.5
4 16 36 23 98.5 32 23 98.5 32 23 101.5 36 23 101.5
4 16 32 11 98.5 32 11 101.5 32 23 101.5 32 23 98.5
4 16 32 11 101.5 36 4 101.5 36 23 101.5 32 23 101.5
4 16 36 4 98.5 32 11 98.5 32 23 98.5 36 23 98.5
2 24 26.5 11 98.5 26.5 11 101.5
2 24 26.5 11 101.5 32 11 101.5
2 24 32 11 101.5 32 11 98.5
2 24 32 11 98.5 26.5 11 98.5
2 24 26.5 4 101.5 36 4 101.5
2 24 36 4 98.5 26.5 4 98.5
2 24 26.5 4 98.5 26.5 11 98.5
2 24 26.5 4 101.5 26.5 11 101.5
4 16 32 11 98.5 26.5 11 98.5 26.5 11 101.5 32 11 101.5
4 16 26.5 4 101.5 36 4 101.5 32 11 101.5 26.5 11 101.5
4 16 36 4 98.5 26.5 4 98.5 26.5 11 98.5 32 11 98.5
2 24 -32 23 98.5 -32 23 101.5
2 24 -32 23 101.5 -36 23 101.5
2 24 -36 23 101.5 -36 23 98.5
2 24 -36 23 98.5 -32 23 98.5
2 24 -32 11 98.5 -32 23 98.5
2 24 -32 11 101.5 -32 23 101.5
2 24 -36 4 98.5 -36 23 98.5
2 24 -36 4 101.5 -36 23 101.5
4 16 -32 23 101.5 -32 23 98.5 -36 23 98.5 -36 23 101.5
4 16 -32 23 101.5 -32 11 101.5 -32 11 98.5 -32 23 98.5
4 16 -36 23 101.5 -36 4 101.5 -32 11 101.5 -32 23 101.5
4 16 -32 23 98.5 -32 11 98.5 -36 4 98.5 -36 23 98.5
2 24 -26.5 11 98.5 -26.5 11 101.5
2 24 -26.5 11 101.5 -32 11 101.5
2 24 -32 11 101.5 -32 11 98.5
2 24 -32 11 98.5 -26.5 11 98.5
2 24 -26.5 4 101.5 -36 4 101.5
2 24 -36 4 98.5 -26.5 4 98.5
2 24 -26.5 4 98.5 -26.5 11 98.5
2 24 -26.5 4 101.5 -26.5 11 101.5
4 16 -26.5 11 101.5 -26.5 11 98.5 -32 11 98.5 -32 11 101.5
4 16 -32 11 101.5 -36 4 101.5 -26.5 4 101.5 -26.5 11 101.5
4 16 -26.5 11 98.5 -26.5 4 98.5 -36 4 98.5 -32 11 98.5
0 // reinforcements
1 16 26 4 0 -10 0 0 0 4 0 0 0 -1.5 box3u5p.dat
1 16 16 4 0 -1.5 0 0 0 4 0 0 0 1.5 boxjcyl4.dat
1 16 0 4 -26 0 0 -1.5 0 4 0 10 0 0 box3u5p.dat
1 16 0 4 -16 0 0 1.5 0 4 0 1.5 0 0 boxjcyl4.dat
1 16 -26 4 0 10 0 0 0 4 0 0 0 1.5 box3u5p.dat
1 16 -16 4 0 1.5 0 0 0 4 0 0 0 1.5 boxjcyl4.dat
1 16 0 4 20 0 0 1.5 0 4 0 -4 0 0 box3u8p.dat
1 16 0 4 16 0 0 1.5 0 4 0 -1.5 0 0 boxjcyl4.dat
1 16 0 4 24 0 0 1.5 0 4 0 1.5 0 0 boxjcyl4.dat
1 16 -26 4 40 10 0 0 0 4 0 0 0 1.5 box3u5p.dat
1 16 -16 4 40 1.5 0 0 0 4 0 0 0 1.5 boxjcyl4.dat
1 16 26 4 40 -10 0 0 0 4 0 0 0 -1.5 box3u5p.dat
1 16 16 4 40 -1.5 0 0 0 4 0 0 0 1.5 boxjcyl4.dat

0 // bottom helm
4 16 -40 24 -40 -36 24 -36 36 24 -36 40 24 -40
4 16 40 24 -40 36 24 -36 36 24 76 40 24 120
4 16 -36 24 76 -36 24 -36 -40 24 -40 -40 24 120
2 24 -40 24 -40 40 24 -40
2 24 -36 24 -36 36 24 -36
2 24 40 24 -40 40 24 120
2 24 -40 24 -40 -40 24 120
2 24 -40 24 -40 -40 0 -40
2 24 40 24 -40 40 0 -40

0 // large box inner surface
0 BFC INVERTNEXT
1 16 0 14 76 0 0 36 10 0 0 0 -112 0 box3u2p.dat
3 16 -36 4 -36 -16 4 -16 0 4 -16
4 16 36 4 -36 -36 4 -36 0 4 -16 16 4 -16
3 16 36 4 -36 16 4 -16 16 4 0
4 16 36 4 76 36 4 -36 16 4 0 16 4 16
3 16 -16 4 0 -16 4 -16 -36 4 -36
4 16 -36 4 76 -16 4 16 -16 4 0 -36 4 -36
4 16 0 4 16 -16 4 16 -18.5 4 71 18.5 4 71
4 16 21.5 4 72 16 4 16 0 4 16 18.5 4 71
4 16 25.5 4 76 36 4 76 16 4 16 21.5 4 72
3 16 -18.5 4 71 -16 4 16 -21.5 4 72
4 16 -16 4 16 -36 4 76 -25.5 4 76 -21.5 4 72

0 // outer surfaces
4 16 40 24 -40 40 0 -40 -40 0 -40 -40 24 -40
4 16 -16.5 0 74 -14 0 14 0 0 14 16.5 0 74
4 16 -14 0 -14 -40 0 -40 40 0 -40 0 0 -14
3 16 40 0 -40 14 0 -14 0 0 -14
2 24 40 0 -40 -40 0 -40
4 16 0 0 14 14 0 14 22.5 0 74 16.5 0 74
3 16 14 0 0 40 0 -40 14 0 14
3 16 14 0 -14 40 0 -40 14 0 0
4 16 14 0 14 40 0 -40 40 0 101 22.5 0 74
3 16 -14 0 14 -16.5 0 74 -22.5 0 74
3 16 -40 0 -40 -14 0 0 -14 0 14
3 16 -40 0 -40 -14 0 -14 -14 0 0
4 16 -40 0 101 -40 0 -40 -14 0 14 -22.5 0 74
2 24 40 0 -40 40 0 101
2 24 -40 0 -40 -40 0 101
4 16 40 24 -40 40 24 120 40 14 120 40 10.2 105.95672
4 16 40 24 -40 40 10.2 105.95672 40 0 101 40 0 -40
4 16 -40 14 120 -40 24 120 -40 24 -40 -40 10.2 105.95672
4 16 -40 0 101 -40 10.2 105.95672 -40 24 -40 -40 0 -40
1 16 40 -5 120 0 -1 0 15.2 0 0 0 0 -15.2 3-16tndis.dat
3 16 40 10.2 120 40 10.2 105.95672 40 14 120
3 16 40 10.2 105.95672 40 .81704 105.95672 40 0 101
1 16 -40 -5 120 0 1 0 15.2 0 0 0 0 -15.2 3-16tndis.dat
3 16 -40 10.2 105.95672 -40 10.2 120 -40 14 120
3 16 -40 .81704 105.95672 -40 10.2 105.95672 -40 0 101

0 // understud with snap ring
1 16 0 4 0 1 0 0 0 -4 0 0 0 1 stud8a.dat
1 16 0 4 0 16 0 0 0 -1 0 0 0 16 4-4edge.dat
1 16 0 4 0 16 0 0 0 -1 0 0 0 16 4-4ndis.dat
1 16 0 0 0 14 0 0 0 -1 0 0 0 14 4-4edge.dat
1 16 0 0 0 14 0 0 0 1 0 0 0 14 4-4ndis.dat
0 BFC INVERTNEXT
1 16 0 0 0 14 0 0 0 4 0 0 0 14 4-4cyli.dat
1 16 0 24 0 1 0 0 0 1 0 0 0 1 dsnapridge.dat

0 // notches
1 16 20 4 -34 1.5 0 0 0 19 0 0 0 2 box4-1.dat
1 16 34 4 20 0 0 -2 0 19 0 -1.5 0 0 box4-1.dat
1 16 34 4 -20 0 0 -2 0 19 0 -1.5 0 0 box4-1.dat
1 16 34 4 60 0 0 -2 0 19 0 -1.5 0 0 box4-1.dat
1 16 -20 4 -34 1.5 0 0 0 19 0 0 0 2 box4-1.dat
1 16 -34 4 20 0 0 2 0 19 0 -1.5 0 0 box4-1.dat
1 16 -34 4 -20 0 0 2 0 19 0 -1.5 0 0 box4-1.dat
1 16 -34 4 60 0 0 2 0 19 0 -1.5 0 0 box4-1.dat