0 Tile  2 x  2 with  2 White Squares on Dark Azure Circle, Slanting Down Right to Left Pattern
0 Name: 14769pz3.dat
0 Author: Evert-Jan Boer [ejboer]
0 !LDRAW_ORG Unofficial_Part
0 !LICENSE Licensed under CC BY 4.0 : see CAreadme.txt

0 BFC CERTIFY CCW

0 !KEYWORDS Brickheadz, Bricklink 14769pb702R, Disney, Rebrickable 14769pr9981
0 !KEYWORDS Sadness, Set 40749

1 16 0 0 0 1 0 0 0 1 0 0 0 1 s\14769s01.dat
1 16 0 0 0 18 0 0 0 1 0 0 0 18 4-4ering.dat
1 16 0 0 0 20 0 0 0 1 0 0 0 20 4-4ering.dat
1 16 0 0 0 2 0 0 0 1 0 0 0 2 4-4ring9.dat
1 16 0 0 0 2 0 0 0 1 0 0 0 2 48\4-4ring8.dat
1 321 0 0 0 1 0 0 0 1 0 0 0 1 48\4-4ring15.dat
1 321 0 0 0 5 0 0 0 1 0 0 0 5 48\4-4ring2.dat
1 0 0 0 0 -10 0 0 0 1 0 0 0 -10 48\1-8chrd.dat
1 0 0 0 0 0 0 10 0 1 0 -10 0 0 48\1-8chrd.dat
1 0 0 0 0 0 0 -10 0 1 0 -10 0 0 48\1-8chrd.dat
1 0 0 0 0 10 0 0 0 1 0 0 0 -10 48\1-8chrd.dat
1 321 0 0 0 -10 0 0 0 1 0 0 0 10 48\1-8chrd.dat
1 321 0 0 0 0 0 10 0 1 0 10 0 0 48\1-8chrd.dat
1 321 0 0 0 0 0 -10 0 1 0 10 0 0 48\1-8chrd.dat
1 0 0 0 0 10 0 0 0 1 0 0 0 10 48\1-12chrd.dat
4 15 2.5 0 -5.5 5.5 0 -5.5 5.5 0 -2.5 2.5 0 -2.5
4 15 -4.9 0 -1.1 2.3 0 -1.1 2.3 0 3.3491 -4.9 0 1.4198
1 321 0 0 0 7.07107 0 7.07107 0 1 0 7.07107 0 -7.07107 48\1-24chrd.dat
4 0 -7.071 0 -7.071 -4.9 0 -1.1 -4.9 0 1.4198 -10 0 0
4 0 -7.071 0 -7.071 2.5 0 -2.5 2.3 0 -1.1 -4.9 0 -1.1
4 0 2.5 0 -5.5 2.5 0 -2.5 -7.071 0 -7.071 0 0 -10
4 0 7.071 0 -7.071 5.5 0 -5.5 2.5 0 -5.5 0 0 -10
4 0 5.5 0 -2.5 5.5 0 -5.5 7.071 0 -7.071 10 0 0
3 0 2.3 0 -1.1 2.5 0 -2.5 5.5 0 -2.5
4 0 8.6599 0 5 2.3 0 -1.1 5.5 0 -2.5 10 0 0
3 0 2.3 0 -1.1 8.6599 0 5 2.3 0 3.3491
3 321 -10 0 0 -4.9 0 1.4198 -7.071 0 7.071
4 321 -7.071 0 7.071 -4.9 0 1.4198 2.3 0 3.3491 0 0 10
4 321 8.6599 0 5 7.071 0 7.071 0 0 10 2.3 0 3.3491
