0 Tile 2 x 2 Round with Offset Large White Pupil Pattern
0 Name: 14769pz5.dat
0 Author: Jeff Jones [notmaster]
0 !LDRAW_ORG Unofficial_Part
0 !LICENSE Licensed under CC BY 4.0 : see CAreadme.txt

0 BFC CERTIFY CCW

0 !KEYWORDS Bricklink 14769pb713, Fortnite, Rebrickable 14769pr1320, Set 77072

1 15 0 0 8 6 0 0 0 1 0 0 0 6 4-4disc.dat
1 16 0 0 8 6 0 0 0 1 0 0 0 6 4-4ndis.dat
1 16 0 0 0 -20 0 0 0 1 0 0 0 -20 2-4chrd.dat
4 16 -6 0 2 -20 0 0 20 0 0 0 0 2
3 16 6 0 2 0 0 2 20 0 0
3 16 20 0 0 18.48 0 7.65 6 0 2
3 16 -20 0 0 -6 0 2 -18.48 0 7.65
1 16 0 0 0 1 0 0 0 1 0 0 0 1 s\14769s01.dat
3 16 15.61 0 11.94 14.14 0 14.14 6 0 8
3 16 6 0 8 14.14 0 14.14 11.94 0 15.61
3 16 -15.61 0 11.94 -6 0 8 -14.14 0 14.14
3 16 -6 0 8 -11.94 0 15.61 -14.14 0 14.14
4 16 0 0 20 0 0 14 6 0 14 7.65 0 18.48
4 16 11.94 0 15.61 7.65 0 18.48 6 0 14 6 0 8
4 16 15.61 0 11.94 6 0 8 6 0 2 18.48 0 7.65
4 16 0 0 20 -7.65 0 18.48 -6 0 14 0 0 14
4 16 -11.94 0 15.61 -6 0 8 -6 0 14 -7.65 0 18.48
4 16 -15.61 0 11.94 -18.48 0 7.65 -6 0 2 -6 0 8