0 ~Electric Brick  4 x  4 x  0.667 Round - Top with  2 Studs with Slingshot Pattern
0 Name: 18605p1c.dat
0 Author: Evert-Jan Boer [ejboer]
0 !LDRAW_ORG Unofficial_Part
0 !LICENSE Licensed under CC BY 4.0 : see CAreadme.txt

0 BFC CERTIFY CCW

0 !KEYWORDS Bart Simpson, Dimensions, Set 71211, The Simpsons

1 16 0 0 0 1 0 0 0 1 0 0 0 1 s\18605s01.dat
1 16 0 0 0 1 0 0 0 1 0 0 0 1 s\18605s02.dat

0 BFC NOCLIP

1 14 0 0 0 1 0 0 0 1 0 0 0 1 s\18605s03.dat
1 4 0 0 0 1 0 0 0 1 0 0 0 1 s\18605s04.dat

4 0 1.25 0 -19.55 .55 0 -20.1 1.15 0 -20.5 2.2 0 -20
3 0 2.2 0 -20 1.15 0 -20.5 1.85 0 -20.4
4 0 1.7 0 -20.75 1.85 0 -20.4 1.15 0 -20.5 1.15 0 -21
4 0 1.65 0 -21.15 1.7 0 -20.75 1.15 0 -21 1.2 0 -21.6
4 0 1.75 0 -21.5 1.65 0 -21.15 1.2 0 -21.6 1.6 0 -22
4 0 2.25 0 -22.1 1.75 0 -21.5 1.6 0 -22 2.05 0 -22.35
4 0 2.85 0 -20.35 2.2 0 -20 2.4 0 -20.75 2.7 0 -21.4
4 0 3.1 0 -21.05 2.85 0 -20.35 2.7 0 -21.4 3.1 0 -21.95
4 0 3.5 0 -21.75 3.1 0 -21.05 3.1 0 -21.95 3.6 0 -22.4
4 0 4 0 -22.2 3.5 0 -21.75 3.6 0 -22.4 4.1 0 -22.75
4 0 4.35 0 -22.4 4 0 -22.2 4.1 0 -22.75 4.8 0 -23
4 0 4.8 0 -22.5 4.35 0 -22.4 4.8 0 -23 5.75 0 -22.85
4 0 5.75 0 -22.85 4.8 0 -23 4.95 0 -23.25 5.85 0 -23.25
4 0 5.85 0 -23.7 5.85 0 -23.25 4.95 0 -23.25 4.95 0 -23.55
4 0 5.65 0 -24.1 5.85 0 -23.7 4.95 0 -23.55 4.75 0 -23.85
4 0 5.3 0 -24.45 5.65 0 -24.1 4.75 0 -23.85 4.45 0 -23.95
4 0 4.7 0 -24.65 5.3 0 -24.45 4.45 0 -23.95 3.9 0 -24.3
4 0 3.9 0 -24.3 4.45 0 -23.95 3.95 0 -23.95 3.5 0 -24.15
4 0 3.5 0 -24.15 3.95 0 -23.95 3.55 0 -23.75 3.1 0 -23.8
4 0 3.1 0 -23.8 3.55 0 -23.75 3.2 0 -23.45 2.9 0 -23.5
4 0 2.75 0 -23.2 2.9 0 -23.5 3.2 0 -23.45 2.95 0 -23.1
4 0 1.2 0 -21.6 1.15 0 -21 .95 0 -21.05 1 0 -21.85
4 0 1 0 -21.85 .95 0 -21.05 .45 0 -21.7 .9 0 -22.25
4 0 .9 0 -22.25 .45 0 -21.7 0 0 -22.55 .95 0 -22.75
4 0 .95 0 -22.75 0 0 -22.55 .7 0 -23.8 1.25 0 -23.4
4 0 1.75 0 -24.05 1.25 0 -23.4 .7 0 -23.8 1.65 0 -24.5
4 0 2.35 0 -24.45 1.75 0 -24.05 1.65 0 -24.5 2.7 0 -25.1
3 0 2.35 0 -24.45 2.7 0 -25.1 3.05 0 -24.75
4 0 3.05 0 -24.75 2.7 0 -25.1 3.1 0 -26.35 3.45 0 -24.75
4 0 3.45 0 -24.75 3.1 0 -26.35 3.55 0 -26.4 3.75 0 -24.6
4 0 3.75 0 -24.6 3.55 0 -26.4 3.85 0 -26.65 4.7 0 -24.65
4 0 4.8 0 -24.95 4.7 0 -24.65 3.85 0 -26.65 4.7 0 -26.05
3 0 3.9 0 -24.3 3.75 0 -24.6 4.7 0 -24.65
4 0 2.15 0 -25.9 2.15 0 -26.85 2.45 0 -26.9 2.7 0 -26.5
4 0 2.7 0 -25.1 2.15 0 -25.9 2.7 0 -26.5 3.1 0 -26.35
4 0 -6.7 0 -21.25 -6.35 0 -21.8 -5.95 0 -21.5 -6 0 -20.9
4 0 -6 0 -20.9 -5.95 0 -21.5 -5.35 0 -21.45 -5.15 0 -20.65
4 0 -3.7 0 -18.45 -4.45 0 -20.5 -3.8 0 -20.3 -3.1 0 -18.75
4 0 -5.65 0 -24.05 -5.6 0 -23.7 -6.35 0 -23.75 -6.5 0 -24.9
4 0 -4.95 0 -22.8 -5.55 0 -22.55 -6.35 0 -23.75 -5.6 0 -23.7
4 0 -5.15 0 -20.65 -5.35 0 -21.45 -4.25 0 -21.6 -4.45 0 -20.5
4 0 -4.45 0 -20.5 -4.25 0 -21.6 -3.35 0 -21.1 -3.8 0 -20.3
4 0 -3.15 0 -20.3 -3.8 0 -20.3 -3.35 0 -21.1 -2.75 0 -21.1
4 0 -2.15 0 -20.45 -3.15 0 -20.3 -2.75 0 -21.1 -2.05 0 -21.35
4 0 -.8 0 -21 -2.15 0 -20.45 -2.05 0 -21.35 -.95 0 -21.9
4 0 .45 0 -21.7 -.8 0 -21 -.95 0 -21.9 -.35 0 -22.25
3 0 .45 0 -21.7 -.35 0 -22.25 0 0 -22.55
4 0 -4.25 0 -21.6 -5.35 0 -21.45 -5.55 0 -22.55 -4.3 0 -22.05
4 0 -4.3 0 -22.05 -5.55 0 -22.55 -4.95 0 -22.8 -4 0 -22.35
4 0 -3.5 0 -22.75 -4 0 -22.35 -4.95 0 -22.8 -4.35 0 -23.3
4 0 -2.55 0 -23.35 -3.5 0 -22.75 -4.35 0 -23.3 -3.05 0 -24.15
4 0 -1.6 0 -23.9 -2.55 0 -23.35 -3.05 0 -24.15 -1.55 0 -24.9
4 0 -.65 0 -24.2 -1.6 0 -23.9 -1.55 0 -24.9 -.55 0 -25.35
4 0 -.65 0 -24.2 -.55 0 -25.35 .7 0 -23.8 0 0 -23
3 0 0 0 -22.55 0 0 -23 .7 0 -23.8
4 0 -6.65 0 -22.25 -6.35 0 -21.8 -6.7 0 -21.25 -7.65 0 -21
4 0 -7.25 0 -19.95 -7.65 0 -21 -6.7 0 -21.25 -6.05 0 -19.65
4 0 -6.75 0 -19 -7.25 0 -19.95 -6.05 0 -19.65 -6.25 0 -18.45
4 0 -6.25 0 -18.45 -6.05 0 -19.65 -5.65 0 -19.05 -5.55 0 -18
4 0 -5.55 0 -18 -5.65 0 -19.05 -5.25 0 -18.8 -4.7 0 -17.7
4 0 -4.7 0 -17.7 -5.25 0 -18.8 -4.55 0 -18.55 -3.85 0 -17.55
4 0 -3.85 0 -17.55 -4.55 0 -18.55 -3.7 0 -18.45 -2.85 0 -17.55
4 0 -2.45 0 -18.1 -2.85 0 -17.55 -3.7 0 -18.45 -3.1 0 -18.75
4 0 -2.45 0 -18.1 -3.1 0 -18.75 -2.45 0 -18.85 -1.45 0 -18.25
4 0 -1.45 0 -18.25 -2.45 0 -18.85 -1.8 0 -19 -.65 0 -18.55
4 0 -.65 0 -18.55 -1.8 0 -19 -.4 0 -19.6 .2 0 -18.95
4 0 1.25 0 -19.55 .2 0 -18.95 -.4 0 -19.6 .55 0 -20.1
4 0 -6.65 0 -22.25 -7.65 0 -21 -7.8 0 -21.8 -7.8 0 -22.45
4 0 -6.75 0 -22.8 -6.65 0 -22.25 -7.8 0 -22.45 -7.65 0 -23.3
4 0 -6.6 0 -23.35 -6.75 0 -22.8 -7.65 0 -23.3 -7.3 0 -24.05
4 0 -6.35 0 -23.75 -6.6 0 -23.35 -7.3 0 -24.05 -6.85 0 -24.7
3 0 -6.35 0 -23.75 -6.85 0 -24.7 -6.5 0 -24.9
4 0 -5.65 0 -24.05 -6.5 0 -24.9 -6.05 0 -25 -5.45 0 -24.35
4 0 -5.45 0 -24.35 -6.05 0 -25 -5.35 0 -25.5 -4.65 0 -24.9
4 0 -4.65 0 -24.9 -5.35 0 -25.5 -4.4 0 -26.05 -3.4 0 -25.55
4 0 -3.4 0 -25.55 -4.4 0 -26.05 -3.45 0 -26.6 -2 0 -26.1
4 0 -2 0 -26.1 -3.45 0 -26.6 -1.15 0 -26.9 -1.1 0 -26.4
4 0 -1.1 0 -26.4 -1.15 0 -26.9 -.6 0 -26.6 -.35 0 -26.3
4 0 -.55 0 -25.35 -1.1 0 -26.4 -.35 0 -26.3 .7 0 -23.8
4 0 2.05 0 -19.3 1.25 0 -19.55 2.2 0 -20 2.65 0 -19.2
4 0 2.65 0 -19.2 2.2 0 -20 2.85 0 -20.35 3.85 0 -19.3
4 0 5 0 -17.6 2.65 0 -19.2 3.85 0 -19.3 4.35 0 -19.15
4 0 5.1 0 -18.6 5 0 -17.6 4.35 0 -19.15 5 0 -19.1
4 0 5 0 -17.6 5.1 0 -18.6 5.35 0 -18.5 5.55 0 -17.65
4 0 6.15 0 -17.85 5.55 0 -17.65 5.35 0 -18.5 5.75 0 -18.7
4 0 6.6 0 -18.2 6.15 0 -17.85 5.75 0 -18.7 6.95 0 -18.7
4 0 6.95 0 -18.7 5.75 0 -18.7 6.1 0 -19.25 7.4 0 -19.6
4 0 7.4 0 -19.6 6.1 0 -19.25 6.4 0 -20.1 7.55 0 -20.35
4 0 7.55 0 -20.35 6.4 0 -20.1 6.55 0 -20.9 7.5 0 -21.15
4 0 7.5 0 -21.15 6.55 0 -20.9 6.55 0 -21.35 7.35 0 -21.9
4 0 7.35 0 -21.9 6.55 0 -21.35 6.45 0 -21.55 6.65 0 -22.4
4 0 5.35 0 -22.05 4.8 0 -22.5 5.75 0 -22.85 6.1 0 -21.6
4 0 6.1 0 -21.6 5.75 0 -22.85 6.65 0 -22.4 6.45 0 -21.55
4 0 4.35 0 -19.15 4.55 0 -20 5.05 0 -19.65 5 0 -19.1
4 0 5.2 0 -20.35 5.05 0 -19.65 4.55 0 -20 4.85 0 -21.05
4 0 5.5 0 -21.05 5.2 0 -20.35 4.85 0 -21.05 5.2 0 -21.7
4 0 5.75 0 -21.5 5.5 0 -21.05 5.2 0 -21.7 5.35 0 -22.05
3 0 5.75 0 -21.5 5.35 0 -22.05 6.1 0 -21.6
4 0 -9.65 0 -29.6 -9.7 0 -30.05 -8.85 0 -29.8 -9.55 0 -29.3
4 0 -9.3 0 -29 -9.55 0 -29.3 -8.85 0 -29.8 -8.9 0 -28.8
4 0 -8.9 0 -28.8 -8.85 0 -29.8 -3.95 0 -28 -3.65 0 -26.9
4 0 -3.65 0 -26.9 -3.95 0 -28 -1.15 0 -26.9 -3.45 0 -26.6
4 0 -8.85 0 -29.8 -9.7 0 -30.05 -9.6 0 -30.7 -9.25 0 -31.7
4 0 -8.85 0 -29.8 -9.25 0 -31.7 -8.9 0 -32.45 -8 0 -32.35
4 0 -8 0 -32.35 -8.9 0 -32.45 -8.5 0 -32.95 -8.25 0 -33.15
4 0 -8 0 -32.35 -8.25 0 -33.15 -7.85 0 -33.15 -7.15 0 -33
4 0 -3.5 0 -30.75 -8 0 -32.35 -7.15 0 -33 -3.25 0 -31.75
4 0 -3.5 0 -30.75 -3.25 0 -31.75 -.35 0 -30.65 .05 0 -29.45
4 0 .05 0 -29.45 -.35 0 -30.65 1.2 0 -30 1.05 0 -29
4 0 1.05 0 -29 1.2 0 -30 2.05 0 -29.6 2.5 0 -29.25
3 0 1.6 0 -28.75 1.05 0 -29 2.5 0 -29.25
4 0 2.35 0 -28.3 1.6 0 -28.75 2.5 0 -29.25 2.85 0 -28.35
4 0 3.35 0 -28.5 2.85 0 -28.35 2.5 0 -29.25 3.4 0 -29.3
4 0 3.95 0 -28.65 3.35 0 -28.5 3.4 0 -29.3 4.15 0 -29.45
4 0 4.15 0 -28.65 3.95 0 -28.65 4.15 0 -29.45 4.7 0 -29.65
4 0 4.15 0 -28.65 4.7 0 -29.65 5.05 0 -28.9 4.25 0 -28.5
4 0 4.25 0 -28.5 5.05 0 -28.9 4.8 0 -28.2 4.25 0 -28.3
4 0 4.25 0 -28.3 4.8 0 -28.2 4.55 0 -27.3 4.1 0 -27.5
4 0 4.1 0 -27.5 4.55 0 -27.3 4.5 0 -26.75 3.85 0 -26.65
3 0 4.55 0 -26.4 3.85 0 -26.65 4.5 0 -26.75
4 0 4.8 0 -24.95 4.7 0 -26.05 4.95 0 -25.9 5.05 0 -24.95
3 0 4.7 0 -26.05 3.85 0 -26.65 4.55 0 -26.4
4 0 5.25 0 -29.05 5.05 0 -28.9 4.7 0 -29.65 5.1 0 -29.85
4 0 5.6 0 -29.15 5.25 0 -29.05 5.1 0 -29.85 5.45 0 -29.95
4 0 5.6 0 -29.15 5.45 0 -29.95 5.9 0 -29.95 5.85 0 -29.15
4 0 5.85 0 -29.15 5.9 0 -29.95 6.4 0 -29.85 6 0 -29
4 0 6 0 -29 6.4 0 -29.85 6.55 0 -28.8 6.35 0 -28.55
3 0 6.35 0 -28.55 6 0 -28.7 6 0 -29
4 0 5.95 0 -28.2 6 0 -28.7 6.35 0 -28.55 6.1 0 -28.15
4 0 5.4 0 -25 5.05 0 -24.95 4.95 0 -25.9 5.2 0 -25.9
4 0 5.4 0 -25 5.2 0 -25.9 5.4 0 -26.05 5.85 0 -25.9
4 0 5.4 0 -25 5.85 0 -25.9 5.95 0 -25.6 5.6 0 -24.75
4 0 5.9 0 -24.5 5.6 0 -24.75 5.95 0 -25.6 6.15 0 -25.35
4 0 6.25 0 -24.4 5.9 0 -24.5 6.15 0 -25.35 6.5 0 -25.2
4 0 6.7 0 -24.4 6.25 0 -24.4 6.5 0 -25.2 6.8 0 -25.25
4 0 7.05 0 -24.45 6.7 0 -24.4 6.8 0 -25.25 7.3 0 -24.55
4 0 7.55 0 -24.75 7.3 0 -24.55 6.8 0 -25.25 7 0 -25.4
4 0 7.4 0 -25.35 7.55 0 -24.75 7 0 -25.4 7.1 0 -25.65
4 0 5.85 0 -25.9 5.4 0 -26.05 5.45 0 -26.35 5.85 0 -26.35
4 0 5.85 0 -26.35 5.45 0 -26.35 5.6 0 -26.55 5.8 0 -26.65
4 0 7.35 0 -26.15 7.4 0 -25.35 7.1 0 -25.65 7.05 0 -25.8
4 0 7.35 0 -26.15 7.05 0 -25.8 6.9 0 -25.95 6.8 0 -26.2
4 0 7.35 0 -26.15 6.8 0 -26.2 6.8 0 -26.7 7.35 0 -27.05
4 0 7.35 0 -27.05 6.8 0 -26.7 6.85 0 -27.25 6.95 0 -27.85
4 0 7.5 0 -27.85 7.35 0 -27.05 6.95 0 -27.85 7.1 0 -28.25
4 0 7.5 0 -27.85 7.1 0 -28.25 7.3 0 -28.6 7.8 0 -28.55
4 0 6.85 0 -28.95 6.55 0 -28.8 6.4 0 -29.85 7.05 0 -29.7
4 0 7.1 0 -28.95 6.85 0 -28.95 7.05 0 -29.7 7.75 0 -29.5
4 0 7.25 0 -28.8 7.1 0 -28.95 7.75 0 -29.5 7.8 0 -28.55
3 0 7.8 0 -28.55 7.3 0 -28.6 7.25 0 -28.8
4 0 8.95 0 -28.2 7.8 0 -28.55 7.75 0 -29.5 9.6 0 -28.95
4 0 8.95 0 -28.2 9.6 0 -28.95 9.5 0 -28.05 9.1 0 -27.45
4 0 9.95 0 -27.9 9.5 0 -28.05 9.6 0 -28.95 10.7 0 -28.5
4 0 9.95 0 -27.9 10.7 0 -28.5 10.95 0 -28.2 11.05 0 -27.9
4 0 9.95 0 -27.9 11.05 0 -27.9 11.05 0 -27.4 9.9 0 -27.55
4 0 9.9 0 -27.55 11.05 0 -27.4 10.9 0 -26.65 9.7 0 -26.95
4 0 9.7 0 -26.95 10.9 0 -26.65 10.5 0 -25.85 9.35 0 -26.3
4 0 9.35 0 -26.3 10.5 0 -25.85 10.1 0 -25.3 8.8 0 -25.5
4 0 7.55 0 -24.75 7.4 0 -25.35 7.8 0 -25.4 8.4 0 -24.5
4 0 8.4 0 -24.5 7.8 0 -25.4 8.45 0 -25.6 8.8 0 -25.5
4 0 8.8 0 -24.5 8.4 0 -24.5 8.8 0 -25.5 9.3 0 -24.6
4 0 9.7 0 -24.85 9.3 0 -24.6 8.8 0 -25.5 10.1 0 -25.3
4 0 8.45 0 -25.6 7.8 0 -25.4 7.9 0 -26.3 8.6 0 -26.3
4 0 8.6 0 -26.3 7.9 0 -26.3 8.15 0 -27.05 8.85 0 -27
4 0 8.85 0 -27 8.15 0 -27.05 8.5 0 -27.7 9.1 0 -27.45
3 0 9.1 0 -27.45 8.5 0 -27.7 8.95 0 -28.2
4 4 -3.35 0 -21.1 -4.25 0 -21.6 -4.3 0 -22.05 -4 0 -22.35
4 4 -3.35 0 -21.1 -4 0 -22.35 -3.5 0 -22.75 -2.75 0 -21.1
4 4 -2.05 0 -21.35 -2.75 0 -21.1 -3.5 0 -22.75 -2.55 0 -23.35
4 4 -2.05 0 -21.35 -2.55 0 -23.35 -1.6 0 -23.9 -.95 0 -21.9
4 4 -.35 0 -22.25 -.95 0 -21.9 -1.6 0 -23.9 0 0 -23
3 4 -.35 0 -22.25 0 0 -23 0 0 -22.55
3 4 0 0 -23 -1.6 0 -23.9 -.65 0 -24.2
4 4 4.7 0 -24.65 4.8 0 -24.95 5.05 0 -24.95 5.3 0 -24.45
4 4 5.3 0 -24.45 5.05 0 -24.95 5.4 0 -25 5.6 0 -24.75
4 4 5.65 0 -24.1 5.3 0 -24.45 5.6 0 -24.75 5.9 0 -24.5
4 4 5.85 0 -23.7 5.65 0 -24.1 5.9 0 -24.5 6.25 0 -24.4
4 4 5.85 0 -23.7 6.25 0 -24.4 6.65 0 -22.4 5.85 0 -23.25
3 4 6.65 0 -22.4 5.75 0 -22.85 5.85 0 -23.25
4 4 6.65 0 -22.4 6.25 0 -24.4 6.7 0 -24.4 7.35 0 -21.9
3 4 7.35 0 -21.9 6.7 0 -24.4 7.05 0 -24.45
4 4 7.35 0 -21.9 7.05 0 -24.45 7.3 0 -24.55 8.4 0 -24.5
3 4 8.4 0 -24.5 7.3 0 -24.55 7.55 0 -24.75
4 4 7.35 0 -21.9 8.4 0 -24.5 8.8 0 -24.5 7.5 0 -21.15
4 4 7.5 0 -21.15 8.8 0 -24.5 9.3 0 -24.6 7.55 0 -20.35
4 4 21.65 0 -16.75 7.55 0 -20.35 9.3 0 -24.6 9.7 0 -24.85
3 4 21.65 0 -16.75 9.7 0 -24.85 10.1 0 -25.3
4 4 21.65 0 -16.75 10.1 0 -25.3 10.5 0 -25.85 26.95 0 -22.3
4 4 26.95 0 -22.3 10.5 0 -25.85 10.9 0 -26.65 24.78 0 -24.78
4 4 24.78 0 -24.78 10.9 0 -26.65 11.05 0 -27.4 21.33 0 -27.8
4 4 21.33 0 -27.8 11.05 0 -27.4 11.05 0 -27.9 17.52 0 -30.35
4 4 17.52 0 -30.35 11.05 0 -27.9 10.95 0 -28.2 13.41 0 -32.38
3 4 10.95 0 -28.2 10.7 0 -28.5 13.41 0 -32.38
4 4 13.41 0 -32.38 10.7 0 -28.5 9.6 0 -28.95 9.07 0 -33.85
3 4 9.6 0 -28.95 7.75 0 -29.5 9.07 0 -33.85
3 4 7.75 0 -29.5 7.05 0 -29.7 9.07 0 -33.85
3 4 7.05 0 -29.7 6.4 0 -29.85 9.07 0 -33.85
4 4 9.07 0 -33.85 6.4 0 -29.85 5.9 0 -29.95 4.57 0 -34.74
3 4 5.9 0 -29.95 5.45 0 -29.95 4.57 0 -34.74
3 4 5.1 0 -29.85 4.57 0 -34.74 5.45 0 -29.95
4 4 3.4 0 -29.3 2.5 0 -29.25 2.05 0 -29.6 4.57 0 -34.74
4 4 4.15 0 -29.45 3.4 0 -29.3 4.57 0 -34.74 4.7 0 -29.65
3 4 4.7 0 -29.65 4.57 0 -34.74 5.1 0 -29.85
3 4 -8.5 0 -32.95 -9.07 0 -33.85 -8.25 0 -33.15
4 4 -7.85 0 -33.15 -8.25 0 -33.15 -9.07 0 -33.85 -4.57 0 -34.74
3 4 -7.15 0 -33 -7.85 0 -33.15 -4.57 0 -34.74
4 4 -3.25 0 -31.75 -7.15 0 -33 -4.57 0 -34.74 0 0 -35.04
3 4 -.35 0 -30.65 -3.25 0 -31.75 0 0 -35.04
4 4 1.2 0 -30 -.35 0 -30.65 0 0 -35.04 4.57 0 -34.74
3 4 2.05 0 -29.6 1.2 0 -30 4.57 0 -34.74
3 4 -8.9 0 -32.45 -9.07 0 -33.85 -8.5 0 -32.95
4 4 -9.07 0 -33.85 -8.9 0 -32.45 -9.25 0 -31.7 -13.41 0 -32.38
3 4 -9.6 0 -30.7 -13.41 0 -32.38 -9.25 0 -31.7
4 4 -13.41 0 -32.38 -9.6 0 -30.7 -9.7 0 -30.05 -17.52 0 -30.35
3 4 -9.65 0 -29.6 -17.52 0 -30.35 -9.7 0 -30.05
4 4 -3.65 0 -26.9 -3.45 0 -26.6 -4.4 0 -26.05 -8.9 0 -28.8
3 4 -5.35 0 -25.5 -8.9 0 -28.8 -4.4 0 -26.05
4 4 -8.9 0 -28.8 -5.35 0 -25.5 -6.05 0 -25 -6.5 0 -24.9
4 4 -8.9 0 -28.8 -6.5 0 -24.9 -6.85 0 -24.7 -9.3 0 -29
3 4 -7.3 0 -24.05 -9.3 0 -29 -6.85 0 -24.7
4 4 -9.3 0 -29 -7.3 0 -24.05 -7.65 0 -23.3 -21.33 0 -27.8
4 4 -9.55 0 -29.3 -9.3 0 -29 -21.33 0 -27.8 -17.52 0 -30.35
3 4 -9.55 0 -29.3 -17.52 0 -30.35 -9.65 0 -29.6
3 4 -7.8 0 -22.45 -21.33 0 -27.8 -7.65 0 -23.3
4 4 -21.33 0 -27.8 -7.8 0 -22.45 -7.8 0 -21.8 -24.78 0 -24.78
4 4 -24.78 0 -24.78 -7.8 0 -21.8 -7.65 0 -21 -26.95 0 -22.3
4 4 -26.95 0 -22.3 -7.65 0 -21 -7.25 0 -19.95 -21.65 0 -16.75
3 4 -21.65 0 -16.75 -7.25 0 -19.95 -6.75 0 -19
3 4 -21.65 0 -16.75 -6.75 0 -19 -6.25 0 -18.45
3 4 -21.65 0 -16.75 -6.25 0 -18.45 -5.55 0 -18
3 4 -21.65 0 -16.75 -5.55 0 -18 -4.7 0 -17.7
4 4 -21.65 0 -16.75 -4.7 0 -17.7 -3.85 0 -17.55 0 0 -16.75
4 4 -2.85 0 -17.55 -2.45 0 -18.1 -1.45 0 -18.25 5 0 -17.6
4 4 .2 0 -18.95 1.25 0 -19.55 2.05 0 -19.3 5 0 -17.6
3 4 5 0 -17.6 2.05 0 -19.3 2.65 0 -19.2
3 4 5 0 -17.6 -.65 0 -18.55 .2 0 -18.95
3 4 5 0 -17.6 -1.45 0 -18.25 -.65 0 -18.55
3 4 21.65 0 -16.75 7.4 0 -19.6 7.55 0 -20.35
3 4 21.65 0 -16.75 6.95 0 -18.7 7.4 0 -19.6
3 4 21.65 0 -16.75 6.6 0 -18.2 6.95 0 -18.7
3 4 21.65 0 -16.75 6.15 0 -17.85 6.6 0 -18.2
3 4 21.65 0 -16.75 5.55 0 -17.65 6.15 0 -17.85
4 4 5 0 -17.6 5.55 0 -17.65 21.65 0 -16.75 0 0 -16.75
3 4 0 0 -16.75 -2.85 0 -17.55 5 0 -17.6
3 4 0 0 -16.75 -3.85 0 -17.55 -2.85 0 -17.55
4 14 -2.45 0 -18.85 -3.1 0 -18.75 -3.8 0 -20.3 -3.15 0 -20.3
4 14 -1.8 0 -19 -2.45 0 -18.85 -3.15 0 -20.3 -2.15 0 -20.45
4 14 -.4 0 -19.6 -1.8 0 -19 -2.15 0 -20.45 -.8 0 -21
4 14 .55 0 -20.1 -.4 0 -19.6 -.8 0 -21 .45 0 -21.7
4 14 .55 0 -20.1 .45 0 -21.7 .95 0 -21.05 1.15 0 -20.5
3 14 1.15 0 -20.5 .95 0 -21.05 1.15 0 -21
4 14 -4.95 0 -22.8 -5.6 0 -23.7 -5.65 0 -24.05 -5.45 0 -24.35
4 14 -4.35 0 -23.3 -4.95 0 -22.8 -5.45 0 -24.35 -4.65 0 -24.9
4 14 -3.05 0 -24.15 -4.35 0 -23.3 -4.65 0 -24.9 -3.4 0 -25.55
4 14 -1.55 0 -24.9 -3.05 0 -24.15 -3.4 0 -25.55 -2 0 -26.1
4 14 -1.55 0 -24.9 -2 0 -26.1 -1.1 0 -26.4 -.55 0 -25.35
4 14 1.85 0 -20.4 1.7 0 -20.75 2.4 0 -20.75 2.2 0 -20
4 14 2.4 0 -20.75 1.7 0 -20.75 1.65 0 -21.15 1.75 0 -21.5
4 14 2.7 0 -21.4 2.4 0 -20.75 1.75 0 -21.5 2.25 0 -22.1
4 14 3.1 0 -21.95 2.7 0 -21.4 2.25 0 -22.1 2.95 0 -23.1
4 14 3.6 0 -22.4 3.1 0 -21.95 2.95 0 -23.1 3.2 0 -23.45
4 14 4.1 0 -22.75 3.6 0 -22.4 3.2 0 -23.45 3.55 0 -23.75
4 14 4.1 0 -22.75 3.55 0 -23.75 3.95 0 -23.95 4.8 0 -23
4 14 4.8 0 -23 3.95 0 -23.95 4.45 0 -23.95 4.95 0 -23.25
4 14 4.95 0 -23.25 4.45 0 -23.95 4.75 0 -23.85 4.95 0 -23.55
4 14 2.05 0 -22.35 2.75 0 -23.2 2.95 0 -23.1 2.25 0 -22.1
4 14 1.6 0 -22 1.2 0 -21.6 1 0 -21.85 .9 0 -22.25
4 14 1.6 0 -22 .9 0 -22.25 .95 0 -22.75 2.05 0 -22.35
4 14 2.05 0 -22.35 .95 0 -22.75 1.25 0 -23.4 1.75 0 -24.05
4 14 2.75 0 -23.2 2.05 0 -22.35 1.75 0 -24.05 2.9 0 -23.5
4 14 2.9 0 -23.5 1.75 0 -24.05 2.35 0 -24.45 3.1 0 -23.8
4 14 3.1 0 -23.8 2.35 0 -24.45 3.05 0 -24.75 3.5 0 -24.15
4 14 3.5 0 -24.15 3.05 0 -24.75 3.45 0 -24.75 3.75 0 -24.6
3 14 3.5 0 -24.15 3.75 0 -24.6 3.9 0 -24.3
4 14 5.4 0 -26.05 5.2 0 -25.9 4.95 0 -25.9 5.45 0 -26.35
4 14 5.45 0 -26.35 4.95 0 -25.9 4.7 0 -26.05 4.55 0 -26.4
4 14 5.45 0 -26.35 4.55 0 -26.4 4.5 0 -26.75 5.6 0 -26.55
4 14 5.6 0 -26.55 4.5 0 -26.75 4.55 0 -27.3 5.8 0 -26.65
4 14 5.95 0 -28.2 5.8 0 -26.65 4.55 0 -27.3 4.8 0 -28.2
4 14 5.95 0 -28.2 4.8 0 -28.2 5.05 0 -28.9 5.25 0 -29.05
4 14 6 0 -28.7 5.95 0 -28.2 5.25 0 -29.05 5.6 0 -29.15
4 14 6 0 -29 6 0 -28.7 5.6 0 -29.15 5.85 0 -29.15
4 14 5.8 0 -26.65 5.95 0 -28.2 6.1 0 -28.15 6.85 0 -27.25
4 14 6.95 0 -27.85 6.85 0 -27.25 6.1 0 -28.15 6.35 0 -28.55
4 14 6.95 0 -27.85 6.35 0 -28.55 6.55 0 -28.8 7.1 0 -28.25
4 14 7.1 0 -28.25 6.55 0 -28.8 6.85 0 -28.95 7.1 0 -28.95
4 14 7.1 0 -28.25 7.1 0 -28.95 7.25 0 -28.8 7.3 0 -28.6
4 14 6.8 0 -26.7 5.85 0 -26.35 5.8 0 -26.65 6.85 0 -27.25
4 14 5.85 0 -26.35 6.8 0 -26.7 6.8 0 -26.2 5.85 0 -25.9
4 14 5.95 0 -25.6 5.85 0 -25.9 6.8 0 -26.2 6.9 0 -25.95
4 14 6.15 0 -25.35 5.95 0 -25.6 6.9 0 -25.95 6.5 0 -25.2
4 14 6.8 0 -25.25 6.5 0 -25.2 6.9 0 -25.95 7 0 -25.4
4 14 7 0 -25.4 6.9 0 -25.95 7.05 0 -25.8 7.1 0 -25.65
4 70 -3.95 0 -28 -8.85 0 -29.8 -8 0 -32.35 -3.5 0 -30.75
4 70 -3.95 0 -28 -3.5 0 -30.75 .05 0 -29.45 -1.15 0 -26.9
4 70 -1.15 0 -26.9 .05 0 -29.45 1.05 0 -29 -.6 0 -26.6
4 70 -.6 0 -26.6 1.05 0 -29 1.6 0 -28.75 -.35 0 -26.3
4 70 -.35 0 -26.3 1.6 0 -28.75 2.35 0 -28.3 2.15 0 -26.85
4 70 2.45 0 -26.9 2.15 0 -26.85 2.35 0 -28.3 2.85 0 -28.35
4 70 2.7 0 -26.5 2.45 0 -26.9 2.85 0 -28.35 3.1 0 -26.35
4 70 3.55 0 -26.4 3.1 0 -26.35 2.85 0 -28.35 3.85 0 -26.65
4 70 3.85 0 -26.65 2.85 0 -28.35 3.35 0 -28.5 4.1 0 -27.5
4 70 4.1 0 -27.5 3.35 0 -28.5 3.95 0 -28.65 4.25 0 -28.3
4 70 4.25 0 -28.5 4.25 0 -28.3 3.95 0 -28.65 4.15 0 -28.65
4 70 -.35 0 -26.3 2.15 0 -26.85 2.15 0 -25.9 .7 0 -23.8
3 70 .7 0 -23.8 2.15 0 -25.9 1.65 0 -24.5
3 70 1.65 0 -24.5 2.15 0 -25.9 2.7 0 -25.1
4 70 -6.6 0 -23.35 -6.35 0 -23.75 -5.55 0 -22.55 -6.75 0 -22.8
4 70 -6.65 0 -22.25 -6.75 0 -22.8 -5.55 0 -22.55 -6.35 0 -21.8
4 70 -5.95 0 -21.5 -6.35 0 -21.8 -5.55 0 -22.55 -5.35 0 -21.45
4 70 -6.05 0 -19.65 -6.7 0 -21.25 -6 0 -20.9 -5.65 0 -19.05
4 70 -5.25 0 -18.8 -5.65 0 -19.05 -6 0 -20.9 -5.15 0 -20.65
4 70 -4.55 0 -18.55 -5.25 0 -18.8 -5.15 0 -20.65 -3.7 0 -18.45
3 70 -3.7 0 -18.45 -5.15 0 -20.65 -4.45 0 -20.5
4 70 7.8 0 -25.4 7.4 0 -25.35 7.35 0 -26.15 7.9 0 -26.3
4 70 7.9 0 -26.3 7.35 0 -26.15 7.35 0 -27.05 8.15 0 -27.05
4 70 8.15 0 -27.05 7.35 0 -27.05 7.5 0 -27.85 8.5 0 -27.7
4 70 8.5 0 -27.7 7.5 0 -27.85 7.8 0 -28.55 8.95 0 -28.2
4 70 8.8 0 -25.5 8.45 0 -25.6 8.6 0 -26.3 9.35 0 -26.3
4 70 9.35 0 -26.3 8.6 0 -26.3 8.85 0 -27 9.7 0 -26.95
4 70 9.7 0 -26.95 8.85 0 -27 9.1 0 -27.45 9.9 0 -27.55
4 70 9.9 0 -27.55 9.1 0 -27.45 9.5 0 -28.05 9.95 0 -27.9
4 70 3.85 0 -19.3 2.85 0 -20.35 3.1 0 -21.05 3.5 0 -21.75
4 70 4.35 0 -19.15 3.85 0 -19.3 3.5 0 -21.75 4.55 0 -20
4 70 4.55 0 -20 3.5 0 -21.75 4 0 -22.2 4.85 0 -21.05
4 70 4.85 0 -21.05 4 0 -22.2 4.35 0 -22.4 5.2 0 -21.7
4 70 5.2 0 -21.7 4.35 0 -22.4 4.8 0 -22.5 5.35 0 -22.05
4 70 5.35 0 -18.5 5.1 0 -18.6 5 0 -19.1 5.75 0 -18.7
4 70 6.1 0 -19.25 5.75 0 -18.7 5 0 -19.1 5.05 0 -19.65
4 70 6.1 0 -19.25 5.05 0 -19.65 5.2 0 -20.35 6.4 0 -20.1
4 70 6.4 0 -20.1 5.2 0 -20.35 5.5 0 -21.05 6.55 0 -20.9
4 70 6.55 0 -20.9 5.5 0 -21.05 5.75 0 -21.5 6.1 0 -21.6
4 70 6.55 0 -21.35 6.55 0 -20.9 6.1 0 -21.6 6.45 0 -21.55
