0 ~Electric Brick  4 x  4 x  0.667 Round - Top with  2 Studs with Silver Jurassic World Logo on Brown and Grey Pattern
0 Name: 18605p0r.dat
0 Author: Evert-Jan Boer [ejboer]
0 !LDRAW_ORG Unofficial_Part
0 !LICENSE Licensed under CC BY 4.0 : see CAreadme.txt

0 BFC CERTIFY CCW

0 !KEYWORDS Dimensions, Jurassic world, Owen Grady, Set 71205

1 16 0 0 0 1 0 0 0 1 0 0 0 1 s\18605s01.dat
1 16 0 0 0 1 0 0 0 1 0 0 0 1 s\18605s02.dat

0 BFC NOCLIP

1 71 0 0 0 1 0 0 0 1 0 0 0 1 s\18605s03.dat

4 70 -22.3 0 21.6 -22.9 0 20.9 -22.45 0 20.95 -21.6 0 21.4
4 70 -21.4 0 22.3 -22.3 0 21.6 -21.6 0 21.4 -20.5 0 22.05
4 70 -21 0 23.1 -21.4 0 22.3 -20.5 0 22.05 -19.5 0 23
4 70 -20.4 0 24.6 -21 0 23.1 -19.5 0 23 -18.6 0 24.2
4 70 -19 0 25.6 -20.4 0 24.6 -18.6 0 24.2 -17.7 0 25.2
4 70 -17.7 0 26.5 -19 0 25.6 -17.7 0 25.2 -16.9 0 25.8
4 70 -17.7 0 26.5 -16.9 0 25.8 -16.5 0 26.7 -16.55 0 27.35
4 70 -21 0 23.1 -20.4 0 24.6 -21.3 0 23.8 -22 0 22.9
4 70 -19.65 0 27.95 -20.4 0 27.35 -19 0 27.55 -19 0 28.4
4 70 -19 0 28.4 -19 0 27.55 -18 0 28.1 -18.55 0 29
4 70 -18.55 0 29 -18 0 28.1 -17.05 0 29.05 -17.52 0 30.35
4 70 -17.52 0 30.35 -17.05 0 29.05 -16.2 0 29 -15.1 0 29.35
4 70 -17.52 0 30.35 -15.1 0 29.35 -13.95 0 30.05 -13.1 0 31
3 70 -13.41 0 32.38 -17.52 0 30.35 -13.1 0 31
4 70 -13.41 0 32.38 -13.1 0 31 -12.6 0 31.05 -12 0 31.35
4 70 -13.41 0 32.38 -12 0 31.35 -11.6 0 31.75 -11.5 0 32.2
4 70 -13.41 0 32.38 -11.5 0 32.2 -11.05 0 32.75 -10.866 0 33.242
4 70 -19 0 20.75 -19.7 0 20.05 -19 0 19.7 -18.3 0 19.8
4 70 -19 0 20.75 -18.3 0 19.8 -17.75 0 20.3 -17.3 0 20.95
4 70 -18 0 22.05 -19 0 20.75 -17.3 0 20.95 -16.25 0 21.6
4 70 -17.6 0 23 -18 0 22.05 -16.25 0 21.6 -16.4 0 23.25
4 70 -16.4 0 23.25 -16.25 0 21.6 -15.2 0 22.2 -15.6 0 23.65
4 70 -14.15 0 23.6 -15.6 0 23.65 -15.2 0 22.2 -14.05 0 22.45
3 70 -14.9 0 24.3 -15.6 0 23.65 -14.15 0 23.6
4 70 -14.15 0 23.6 -14.05 0 22.45 -13 0 22.85 -13.25 0 24.3
4 70 -13.25 0 24.3 -13 0 22.85 -11.55 0 24 -9.4 0 26.65
4 70 -12.2 0 26.8 -13.25 0 24.3 -9.4 0 26.65 -11.2 0 28.6
4 70 -10.9 0 28.85 -11.2 0 28.6 -9.4 0 26.65 -10.35 0 28.85
4 70 -8 0 29.05 -10.35 0 28.85 -9.4 0 26.65 -7.8 0 28.45
4 70 -8.05 0 27 -7.8 0 28.45 -9.4 0 26.65 -8.5 0 26.6
4 70 -7.8 0 28.45 -8.05 0 27 -6.85 0 27.05 -7.25 0 28.7
4 70 -7.25 0 28.7 -6.85 0 27.05 -6 0 28.05 -6.15 0 29.6
4 70 -6.15 0 29.6 -6 0 28.05 -4.8 0 28.95 -4.85 0 30.6
4 70 -4.85 0 30.6 -4.8 0 28.95 -3.75 0 29.8 -4.4 0 31.25
4 70 -4.4 0 31.25 -3.75 0 29.8 -3.25 0 29.9 -2.85 0 30.2
4 70 -4.4 0 31.25 -2.85 0 30.2 -2.35 0 30.95 -4.35 0 31.75
4 70 -4.35 0 31.75 -2.35 0 30.95 -1.6 0 31.05 -.95 0 31.4
4 70 -4.35 0 31.75 -.95 0 31.4 -4.57 0 34.74 -4.7 0 31.95
4 70 -5.3 0 31.85 -6.5 0 33.65 -6.8 0 33.35 -5.95 0 31.45
4 70 -5.95 0 31.45 -6.8 0 33.35 -7.45 0 33.15 -7.95 0 32.7
4 70 -5.95 0 31.45 -7.95 0 32.7 -8.2 0 32.05 -6.5 0 30.85
4 70 -6.5 0 30.85 -8.2 0 32.05 -8.55 0 31.15 -7.2 0 30.15
4 70 -7.2 0 30.15 -8.55 0 31.15 -9.2 0 30.15 -8 0 29.05
4 70 -8 0 29.05 -9.2 0 30.15 -9.85 0 29.5 -10.35 0 28.85
4 70 0 0 35.04 -4.57 0 34.74 -.95 0 31.4 .1 0 31.65
4 70 0 0 35.04 .1 0 31.65 .8 0 31.6 4.57 0 34.74
4 70 4.57 0 34.74 .8 0 31.6 1 0 31.25 3.7 0 30.75
4 70 2.7 0 29.85 3.7 0 30.75 1 0 31.25 .8 0 30.7
4 70 1.7 0 28.95 2.7 0 29.85 .8 0 30.7 -.15 0 29.85
4 70 1.7 0 28.95 -.15 0 29.85 -.6 0 29.25 .9 0 28.2
4 70 .9 0 28.2 -.6 0 29.25 -1.15 0 29.05 -1.6 0 28.65
4 70 .1 0 27.25 .9 0 28.2 -1.6 0 28.65 -2.6 0 27
4 70 -1.05 0 25.4 .1 0 27.25 -2.6 0 27 -3.4 0 25.55
3 70 4.57 0 34.74 3.7 0 30.75 5.9 0 32.5
3 70 4.57 0 34.74 5.9 0 32.5 6.8 0 32.85
4 70 4.57 0 34.74 6.8 0 32.85 7.45 0 32.9 9.07 0 33.85
4 70 9.07 0 33.85 7.45 0 32.9 7.85 0 32.7 13.41 0 32.38
3 70 7.85 0 32.7 7.9 0 32.3 13.41 0 32.38
4 70 13.41 0 32.38 7.9 0 32.3 7.2 0 31.3 17.52 0 30.35
4 70 17.52 0 30.35 7.2 0 31.3 5.6 0 29.55 21.33 0 27.8
4 70 21.33 0 27.8 5.6 0 29.55 21.65 0 16.75 24.78 0 24.78
3 70 24.78 0 24.78 21.65 0 16.75 26.95 0 22.3
4 70 -11.3 0 20.25 -11.6 0 19.6 -11.55 0 18.95 -10.7 0 20.5
4 70 -10.7 0 20.5 -11.55 0 18.95 -11.35 0 18.45 -10.95 0 18.15
4 70 -10.7 0 20.5 -10.95 0 18.15 -10.25 0 18.15 -10.4 0 21.05
4 70 -10.15 0 21.15 -10.4 0 21.05 -10.25 0 18.15 -9.55 0 20.95
4 70 -9.55 0 20.95 -10.25 0 18.15 -9.6 0 18.25 -8.65 0 18.9
4 70 -8.65 0 21.7 -9.55 0 20.95 -8.65 0 18.9 -8 0 18.6
4 70 -8.65 0 21.7 -8 0 18.6 -7.3 0 18.65 -6.55 0 18.95
4 70 -7.65 0 22.2 -8.65 0 21.7 -6.55 0 18.95 -6.3 0 22.65
4 70 -6.3 0 22.65 -6.55 0 18.95 -5.8 0 18.4 -5.75 0 23.25
4 70 -5.75 0 23.25 -5.8 0 18.4 -5.3 0 17.8 -4.7 0 17.55
4 70 -5.75 0 23.25 -4.7 0 17.55 -4.1 0 17.65 -5.2 0 24
3 70 -4.7 0 24.35 -5.2 0 24 -4.1 0 17.65
4 70 -4.7 0 24.35 -3.4 0 25.55 -4.35 0 25.2 -4.7 0 24.95
4 70 -3.4 0 25.55 -2.95 0 17.75 -2.4 0 18.1 -1.85 0 18.8
4 70 -1.05 0 25.4 -3.4 0 25.55 -1.85 0 18.8 -1.45 0 18.85
4 70 -.55 0 25.45 -1.05 0 25.4 -1.45 0 18.85 -1.15 0 18.6
4 70 -.1 0 25.8 -.55 0 25.45 -1.15 0 18.6 .5 0 25.8
4 70 -1.15 0 18.6 -1.15 0 18.1 21.65 0 16.75 .5 0 25.8
4 70 21.65 0 16.75 -1.15 0 18.1 -1.35 0 17.65 -1.4 0 17.25
3 70 -1.4 0 17.25 -1.2 0 16.75 21.65 0 16.75
4 70 .9 0 26.45 .5 0 25.8 21.65 0 16.75 1.7 0 27.2
4 70 2.6 0 27.65 1.7 0 27.2 21.65 0 16.75 3.55 0 28
3 70 4.35 0 28.5 3.55 0 28 21.65 0 16.75
3 70 5.6 0 29.55 4.35 0 28.5 21.65 0 16.75
4 71 -10.866 0 33.242 -11.05 0 32.75 -7.95 0 32.7 -9.07 0 33.85
3 71 -9.07 0 33.85 -7.95 0 32.7 -7.45 0 33.15
4 71 -9.07 0 33.85 -7.45 0 33.15 -6.8 0 33.35 -6.5 0 33.65
4 71 -5.797 0 34.497 -9.07 0 33.85 -6.5 0 33.65 -5.95 0 34.05
4 71 -19 0 28.4 -18.55 0 29 -18.946 0 29.396 -19.65 0 27.95
4 71 -19.65 0 27.95 -18.946 0 29.396 -21.33 0 27.8 -20.4 0 27.35
4 71 7.85 0 32.7 7.45 0 32.9 6.8 0 32.85 7.9 0 32.3
4 71 7.2 0 31.3 7.9 0 32.3 6.8 0 32.85 5.9 0 32.5
4 71 5.6 0 29.55 7.2 0 31.3 5.9 0 32.5 3.7 0 30.75
4 71 5.6 0 29.55 3.7 0 30.75 2.7 0 29.85 4.35 0 28.5
4 71 3.55 0 28 4.35 0 28.5 2.7 0 29.85 1.7 0 28.95
4 71 2.6 0 27.65 3.55 0 28 1.7 0 28.95 .9 0 28.2
4 71 1.7 0 27.2 2.6 0 27.65 .9 0 28.2 .1 0 27.25
4 71 .9 0 26.45 1.7 0 27.2 .1 0 27.25 -.1 0 25.8
3 71 .9 0 26.45 -.1 0 25.8 .5 0 25.8
4 71 -1.05 0 25.4 -.55 0 25.45 -.1 0 25.8 .1 0 27.25
4 71 -1.15 0 18.6 -1.45 0 18.85 -1.85 0 18.8 -1.15 0 18.1
4 71 -1.15 0 18.1 -1.85 0 18.8 -2.4 0 18.1 -1.35 0 17.65
4 71 -1.35 0 17.65 -2.4 0 18.1 -2.95 0 17.75 -1.4 0 17.25
4 71 -1.2 0 16.75 -1.4 0 17.25 -2.95 0 17.75 -4.1 0 17.65
3 71 -4.1 0 17.65 -4.7 0 17.55 -1.2 0 16.75
4 70 -3.4 0 25.55 -4.7 0 24.35 -4.1 0 17.65 -2.95 0 17.75
4 71 -24.78 0 24.78 -26.95 0 22.3 -22.9 0 20.9 -22.3 0 21.6
4 71 -22 0 22.9 -24.78 0 24.78 -22.3 0 21.6 -21.4 0 22.3
3 71 -21 0 23.1 -22 0 22.9 -21.4 0 22.3
4 71 -24.78 0 24.78 -22 0 22.9 -21.3 0 23.8 -21.33 0 27.8
4 71 -20.4 0 27.35 -21.33 0 27.8 -21.3 0 23.8 -20.4 0 24.6
4 71 -19 0 27.55 -20.4 0 27.35 -20.4 0 24.6 -19 0 25.6
4 71 -17.05 0 29.05 -18 0 28.1 -16.55 0 27.35 -16.2 0 29
4 71 -12.2 0 26.8 -16.2 0 29 -16.55 0 27.35 -16.5 0 26.7
4 71 -19 0 27.55 -19 0 25.6 -17.7 0 26.5 -18 0 28.1
3 71 -18 0 28.1 -17.7 0 26.5 -16.55 0 27.35
4 71 -16.5 0 26.7 -16.9 0 25.8 -14.9 0 24.3 -12.2 0 26.8
4 71 -13.25 0 24.3 -12.2 0 26.8 -14.9 0 24.3 -14.15 0 23.6
4 71 -16.9 0 25.8 -17.7 0 25.2 -15.6 0 23.65 -14.9 0 24.3
4 71 -18.6 0 24.2 -17.6 0 23 -16.4 0 23.25 -17.7 0 25.2
3 71 -17.7 0 25.2 -16.4 0 23.25 -15.6 0 23.65
4 71 -19.5 0 23 -18 0 22.05 -17.6 0 23 -18.6 0 24.2
4 71 -19.5 0 23 -20.5 0 22.05 -19 0 20.75 -18 0 22.05
4 71 -20.5 0 22.05 -21.6 0 21.4 -19.7 0 20.05 -19 0 20.75
4 71 -19.7 0 20.05 -21.6 0 21.4 -22.45 0 20.95 -21.65 0 16.75
3 71 -19.7 0 20.05 -21.65 0 16.75 -19 0 19.7
3 71 -22.45 0 20.95 -22.9 0 20.9 -21.65 0 16.75
3 71 -26.95 0 22.3 -21.65 0 16.75 -22.9 0 20.9
4 71 -18.3 0 19.8 -19 0 19.7 -21.65 0 16.75 -11.35 0 18.45
4 71 -18.3 0 19.8 -11.35 0 18.45 -11.55 0 18.95 -17.75 0 20.3
4 71 -17.75 0 20.3 -11.55 0 18.95 -11.6 0 19.6 -17.3 0 20.95
4 71 -16.25 0 21.6 -17.3 0 20.95 -11.6 0 19.6 -11.3 0 20.25
4 71 -15.2 0 22.2 -16.25 0 21.6 -11.3 0 20.25 -14.05 0 22.45
4 71 -14.05 0 22.45 -11.3 0 20.25 -10.7 0 20.5 -10.4 0 21.05
4 71 -13 0 22.85 -14.05 0 22.45 -10.4 0 21.05 -10.15 0 21.15
4 71 -11.55 0 24 -13 0 22.85 -10.15 0 21.15 -8.65 0 21.7
3 71 -8.65 0 21.7 -10.15 0 21.15 -9.55 0 20.95
4 71 -10.95 0 18.15 -11.35 0 18.45 -21.65 0 16.75 -10 0 16.75
3 71 -10.25 0 18.15 -10.95 0 18.15 -10 0 16.75
3 71 -9.6 0 18.25 -10.25 0 18.15 -10 0 16.75
4 71 -8 0 18.6 -8.65 0 18.9 -9.6 0 18.25 -10 0 16.75
4 71 -7.3 0 18.65 -8 0 18.6 -10 0 16.75 -5.8 0 18.4
3 71 -5.8 0 18.4 -10 0 16.75 -5.3 0 17.8
3 71 -6.55 0 18.95 -7.3 0 18.65 -5.8 0 18.4
3 71 -5.3 0 17.8 -10 0 16.75 -4.7 0 17.55
3 71 -4.7 0 17.55 -10 0 16.75 -1.2 0 16.75
4 71 -11.55 0 24 -8.65 0 21.7 -7.65 0 22.2 -9.4 0 26.65
4 71 -8.5 0 26.6 -9.4 0 26.65 -7.65 0 22.2 -6.3 0 22.65
4 71 -8.5 0 26.6 -6.3 0 22.65 -5.75 0 23.25 -8.05 0 27
4 71 -6.85 0 27.05 -8.05 0 27 -5.75 0 23.25 -5.2 0 24
4 71 -4.7 0 24.95 -6.85 0 27.05 -5.2 0 24 -4.7 0 24.35
4 71 -6.85 0 27.05 -4.7 0 24.95 -4.35 0 25.2 -6 0 28.05
4 71 -6 0 28.05 -4.35 0 25.2 -3.4 0 25.55 -2.6 0 27
3 71 -4.8 0 28.95 -6 0 28.05 -2.6 0 27
4 71 -3.75 0 29.8 -4.8 0 28.95 -2.6 0 27 -3.25 0 29.9
4 71 -3.25 0 29.9 -2.6 0 27 -1.6 0 28.65 -2.85 0 30.2
4 71 -2.85 0 30.2 -1.6 0 28.65 -1.15 0 29.05 -2.35 0 30.95
4 71 -1.6 0 31.05 -2.35 0 30.95 -1.15 0 29.05 -.6 0 29.25
4 71 -1.6 0 31.05 -.6 0 29.25 -.15 0 29.85 -.95 0 31.4
4 71 .1 0 31.65 -.95 0 31.4 -.15 0 29.85 .8 0 30.7
4 71 .8 0 31.6 .1 0 31.65 .8 0 30.7 1 0 31.25
4 71 -8 0 29.05 -7.8 0 28.45 -7.25 0 28.7 -7.2 0 30.15
4 71 -7.2 0 30.15 -7.25 0 28.7 -6.15 0 29.6 -6.5 0 30.85
4 71 -6.5 0 30.85 -6.15 0 29.6 -4.85 0 30.6 -5.95 0 31.45
4 71 -5.95 0 31.45 -4.85 0 30.6 -4.4 0 31.25 -5.3 0 31.85
4 71 -4.7 0 31.95 -5.3 0 31.85 -4.4 0 31.25 -4.35 0 31.75
4 71 -15.1 0 29.35 -16.2 0 29 -12.2 0 26.8 -11.2 0 28.6
3 71 -13.95 0 30.05 -15.1 0 29.35 -11.2 0 28.6
4 71 -13.95 0 30.05 -11.2 0 28.6 -12.6 0 31.05 -13.1 0 31
4 71 -12.6 0 31.05 -11.2 0 28.6 -10.9 0 28.85 -12 0 31.35
4 71 -10.9 0 28.85 -10.35 0 28.85 -9.85 0 29.5 -12 0 31.35
4 71 -11.6 0 31.75 -12 0 31.35 -9.85 0 29.5 -9.2 0 30.15
4 71 -11.6 0 31.75 -9.2 0 30.15 -8.55 0 31.15 -11.5 0 32.2
4 71 -11.5 0 32.2 -8.55 0 31.15 -8.2 0 32.05 -11.05 0 32.75
3 71 -11.05 0 32.75 -8.2 0 32.05 -7.95 0 32.7
4 70 -5.95 0 34.05 -6.5 0 33.65 -5.3 0 31.85 -4.7 0 31.95
4 70 -5.95 0 34.05 -4.7 0 31.95 -4.57 0 34.74 -5.797 0 34.497
3 70 -17.52 0 30.35 -18.946 0 29.396 -18.55 0 29
4 70 -22.65 0 -23.7 -23.95 0 -24.45 -22.55 0 -25.8 -21.25 0 -24.9
4 70 -21.85 0 -22.9 -22.65 0 -23.7 -21.25 0 -24.9 -21.2 0 -22.8
4 70 -21.2 0 -22.8 -21.25 0 -24.9 -20.7 0 -25.3 -20.15 0 -25.3
4 70 -21.2 0 -22.8 -20.15 0 -25.3 -19.7 0 -24.95 -20.6 0 -22.5
4 70 -20.6 0 -22.5 -19.7 0 -24.95 -18.8 0 -24.3 -20.2 0 -22.05
4 70 -19.65 0 -21.85 -20.2 0 -22.05 -18.8 0 -24.3 -19.1 0 -21.9
4 70 -19.1 0 -21.9 -18.8 0 -24.3 -17.7 0 -23.65 -18.6 0 -21.6
4 70 -18.6 0 -21.6 -17.7 0 -23.65 -16.8 0 -23.4 -16.15 0 -22.9
4 70 -18.25 0 -19.8 -18.6 0 -21.6 -16.15 0 -22.9 -16.15 0 -20.7
4 70 -16.15 0 -20.7 -16.15 0 -22.9 -15.25 0 -22.05 -15.1 0 -20.5
4 70 -15.1 0 -20.5 -15.25 0 -22.05 -14.25 0 -21.5 -14.25 0 -20.2
4 70 -14.25 0 -20.2 -14.25 0 -21.5 -13.05 0 -20.6 -13.2 0 -19.55
4 70 -13.2 0 -19.55 -13.05 0 -20.6 -12.35 0 -20.2 -12.65 0 -19.1
3 70 -12.35 0 -19.05 -12.65 0 -19.1 -12.35 0 -20.2
4 70 -18.25 0 -19.8 -16.15 0 -20.7 -15.85 0 -20.05 -17.45 0 -19.2
4 70 -17.45 0 -19.2 -15.85 0 -20.05 -14.75 0 -19.1 -17.3 0 -18.2
4 70 -17.05 0 -17.55 -17.3 0 -18.2 -14.75 0 -19.1 -16.6 0 -17.05
4 70 -16.6 0 -17.05 -14.75 0 -19.1 -13.5 0 -18.05 -15.65 0 -16.75
3 70 -11.35 0 -16.75 -15.65 0 -16.75 -13.5 0 -18.05
4 70 -19.9 0 -27 -20.45 0 -27.6 -19.65 0 -28.3 -19.15 0 -27.95
4 70 -19.45 0 -26.5 -19.9 0 -27 -19.15 0 -27.95 -18.6 0 -27.6
4 70 -18.65 0 -26.2 -19.45 0 -26.5 -18.6 0 -27.6 -17.7 0 -26.95
4 70 -17.3 0 -25.6 -18.65 0 -26.2 -17.7 0 -26.95 -16.7 0 -25.75
3 70 -15.95 0 -24.7 -17.3 0 -25.6 -16.7 0 -25.75
4 0 -9.153 0 -25.75 -8.977 0 -23.964 -9.881 0 -23.785 -10.074 0 -25.75
4 0 -8.977 0 -27.536 -9.153 0 -25.75 -10.074 0 -25.75 -9.881 0 -27.715
4 0 -8.456 0 -29.253 -8.977 0 -27.536 -9.881 0 -27.715 -9.307 0 -29.605
4 0 -7.61 0 -30.835 -8.456 0 -29.253 -9.307 0 -29.605 -8.376 0 -31.347
4 0 -6.472 0 -32.222 -7.61 0 -30.835 -8.376 0 -31.347 -7.124 0 -32.874
4 0 -5.085 0 -33.36 -6.472 0 -32.222 -7.124 0 -32.874 -5.597 0 -34.126
4 0 -3.503 0 -34.206 -5.085 0 -33.36 -5.597 0 -34.126 -4.57 0 -34.74
4 0 6.472 0 -32.222 5.085 0 -33.36 5.597 0 -34.126 7.124 0 -32.874
4 0 7.61 0 -30.835 6.472 0 -32.222 7.124 0 -32.874 8.376 0 -31.347
4 0 8.456 0 -29.253 7.61 0 -30.835 8.376 0 -31.347 9.307 0 -29.605
4 0 8.977 0 -27.536 8.456 0 -29.253 9.307 0 -29.605 9.881 0 -27.715
4 0 9.153 0 -25.75 8.977 0 -27.536 9.881 0 -27.715 10.074 0 -25.75
4 0 8.977 0 -23.964 9.153 0 -25.75 10.074 0 -25.75 9.881 0 -23.785
4 0 8.456 0 -22.247 8.977 0 -23.964 9.881 0 -23.785 9.307 0 -21.895
4 0 7.61 0 -20.665 8.456 0 -22.247 9.307 0 -21.895 8.376 0 -20.153
4 0 6.472 0 -19.278 7.61 0 -20.665 8.376 0 -20.153 7.124 0 -18.626
4 0 5.085 0 -18.14 6.472 0 -19.278 7.124 0 -18.626 5.597 0 -17.374
4 0 3.503 0 -17.294 5.085 0 -18.14 5.597 0 -17.374 4.43 0 -16.75
4 0 -6.472 0 -19.278 -5.085 0 -18.14 -5.597 0 -17.374 -7.124 0 -18.626
4 0 -7.61 0 -20.665 -6.472 0 -19.278 -7.124 0 -18.626 -8.376 0 -20.153
4 0 -8.456 0 -22.247 -7.61 0 -20.665 -8.376 0 -20.153 -9.307 0 -21.895
4 0 -8.977 0 -23.964 -8.456 0 -22.247 -9.307 0 -21.895 -9.881 0 -23.785
4 80 -3.503 0 -17.294 -3.089 0 -18.292 -1.575 0 -17.832 -1.551 0 -16.75
4 80 -1.551 0 -16.75 -1.575 0 -17.832 0 0 -17.677 1.551 0 -16.75
4 80 1.551 0 -16.75 0 0 -17.677 1.575 0 -17.832 3.503 0 -17.294
3 80 3.503 0 -17.294 1.575 0 -17.832 3.089 0 -18.292
4 80 3.503 0 -17.294 3.089 0 -18.292 4.485 0 -19.038 5.085 0 -18.14
4 80 4.485 0 -19.038 5.708 0 -20.042 6.472 0 -19.278 5.085 0 -18.14
4 80 5.708 0 -20.042 6.712 0 -21.265 7.61 0 -20.665 6.472 0 -19.278
4 80 6.712 0 -21.265 7.458 0 -22.661 8.456 0 -22.247 7.61 0 -20.665
4 80 7.458 0 -22.661 7.918 0 -24.175 8.977 0 -23.964 8.456 0 -22.247
4 80 7.918 0 -24.175 8.073 0 -25.75 9.153 0 -25.75 8.977 0 -23.964
4 80 8.073 0 -25.75 7.918 0 -27.325 8.977 0 -27.536 9.153 0 -25.75
4 80 7.918 0 -27.325 7.458 0 -28.839 8.456 0 -29.253 8.977 0 -27.536
4 80 7.458 0 -28.839 6.712 0 -30.235 7.61 0 -30.835 8.456 0 -29.253
4 80 6.712 0 -30.235 5.708 0 -31.458 6.472 0 -32.222 7.61 0 -30.835
4 80 5.708 0 -31.458 4.485 0 -32.462 5.085 0 -33.36 6.472 0 -32.222
4 80 3.089 0 -33.208 3.503 0 -34.206 5.085 0 -33.36 4.485 0 -32.462
4 80 3.503 0 -34.206 3.089 0 -33.208 1.575 0 -33.668 1.786 0 -34.727
4 80 0 0 -34.903 1.786 0 -34.727 1.575 0 -33.668 0 0 -33.823
4 80 -1.786 0 -34.727 0 0 -34.903 0 0 -33.823 -1.575 0 -33.668
4 80 -3.503 0 -34.206 -1.786 0 -34.727 -1.575 0 -33.668 -3.089 0 -33.208
4 80 -5.085 0 -33.36 -3.503 0 -34.206 -3.089 0 -33.208 -4.485 0 -32.462
4 80 -6.472 0 -32.222 -5.085 0 -33.36 -4.485 0 -32.462 -5.536 0 -31.6
4 80 -8.977 0 -23.964 -9.153 0 -25.75 -8.073 0 -25.75 -7.918 0 -24.175
4 80 -8.456 0 -22.247 -8.977 0 -23.964 -7.918 0 -24.175 -7.458 0 -22.661
4 80 -7.61 0 -20.665 -8.456 0 -22.247 -7.458 0 -22.661 -6.712 0 -21.265
4 80 -6.472 0 -19.278 -7.61 0 -20.665 -6.712 0 -21.265 -5.708 0 -20.042
4 80 -5.085 0 -18.14 -6.472 0 -19.278 -5.708 0 -20.042 -4.485 0 -19.038
4 80 -5.085 0 -18.14 -4.485 0 -19.038 -3.089 0 -18.292 -3.503 0 -17.294
4 0 -4.43 0 -16.75 -5.597 0 -17.374 -5.085 0 -18.14 -3.503 0 -17.294
3 0 -1.551 0 -16.75 -4.43 0 -16.75 -3.503 0 -17.294
3 0 4.43 0 -16.75 1.551 0 -16.75 3.503 0 -17.294
4 0 4.57 0 -34.74 5.597 0 -34.126 5.085 0 -33.36 3.503 0 -34.206
3 0 -3.503 0 -34.206 -4.57 0 -34.74 -1.786 0 -34.727
3 0 3.503 0 -34.206 1.786 0 -34.727 4.57 0 -34.74
4 0 1.786 0 -34.727 0 0 -34.903 0 0 -35.04 4.57 0 -34.74
4 0 -4.57 0 -34.74 0 0 -35.04 0 0 -34.903 -1.786 0 -34.727
4 70 -11.45 0 -18.75 -12.35 0 -19.05 -12.35 0 -20.2 -8.376 0 -20.153
4 70 -9.15 0 -17.25 -10.25 0 -18.25 -7.124 0 -18.626 -8.25 0 -16.75
3 70 -8.25 0 -16.75 -7.124 0 -18.626 -5.597 0 -17.374
3 70 -4.43 0 -16.75 -8.25 0 -16.75 -5.597 0 -17.374
4 70 -10.25 0 -18.25 -11.45 0 -18.75 -8.376 0 -20.153 -7.124 0 -18.626
4 70 -8.376 0 -20.153 -12.35 0 -20.2 -12.4 0 -20.85 -9.307 0 -21.895
4 70 -9.307 0 -21.895 -12.4 0 -20.85 -12.45 0 -21.6 -9.881 0 -23.785
4 70 -9.881 0 -23.785 -12.45 0 -21.6 -12.8 0 -21.95 -13.25 0 -22.85
4 70 -12.65 0 -24.45 -9.881 0 -23.785 -13.25 0 -22.85 -13 0 -24.3
3 70 -13.25 0 -22.85 -13.5 0 -24.5 -13 0 -24.3
3 70 -14.85 0 -26.95 -15.55 0 -27.35 -14.7 0 -27.95
4 70 -13.7 0 -26 -14.85 0 -26.95 -14.7 0 -27.95 -14.4 0 -28.5
4 70 -13.7 0 -26 -14.4 0 -28.5 -9.881 0 -27.715 -13.35 0 -25.45
4 70 -12.95 0 -25.15 -13.35 0 -25.45 -9.881 0 -27.715 -10.074 0 -25.75
4 70 -12.65 0 -24.8 -12.95 0 -25.15 -10.074 0 -25.75 -9.881 0 -23.785
3 70 -9.881 0 -23.785 -12.65 0 -24.45 -12.65 0 -24.8
4 70 -9.881 0 -27.715 -14.4 0 -28.5 -14.25 0 -29.75 -13.75 0 -30.45
4 70 -9.881 0 -27.715 -13.75 0 -30.45 -13.25 0 -30.75 -12.35 0 -30.95
4 70 -12.35 0 -30.95 -13.25 0 -30.75 -13.25 0 -31.1 -12.65 0 -31.2
4 70 -9.881 0 -27.715 -12.35 0 -30.95 -11.7 0 -30.85 -9.307 0 -29.605
4 70 -9.307 0 -29.605 -11.7 0 -30.85 -10.9 0 -31.15 -8.376 0 -31.347
4 70 -8.376 0 -31.347 -10.9 0 -31.15 -10.3 0 -31.85 -9.4 0 -32.75
3 70 -10.3 0 -31.85 -9.85 0 -32.7 -9.4 0 -32.75
4 70 -8.376 0 -31.347 -9.4 0 -32.75 -9.1 0 -33.3 -7.124 0 -32.874
4 70 -7.124 0 -32.874 -9.1 0 -33.3 -9.07 0 -33.85 -5.597 0 -34.126
3 70 -9.07 0 -33.85 -4.57 0 -34.74 -5.597 0 -34.126
4 71 -21.33 0 -27.8 -20.798 0 -28.156 -20.45 0 -27.6 -20.7 0 -25.3
4 71 -21.33 0 -27.8 -20.7 0 -25.3 -21.25 0 -24.9 -22.55 0 -25.8
3 71 -22.55 0 -25.8 -23.088 0 -26.261 -21.33 0 -27.8
4 71 -20.7 0 -25.3 -20.45 0 -27.6 -19.9 0 -27 -20.15 0 -25.3
4 71 -20.15 0 -25.3 -19.9 0 -27 -19.45 0 -26.5 -19.7 0 -24.95
4 71 -19.7 0 -24.95 -19.45 0 -26.5 -18.65 0 -26.2 -18.8 0 -24.3
4 71 -18.8 0 -24.3 -18.65 0 -26.2 -17.3 0 -25.6 -17.7 0 -23.65
4 71 -17.7 0 -23.65 -17.3 0 -25.6 -15.95 0 -24.7 -16.8 0 -23.4
4 71 -16.8 0 -23.4 -15.95 0 -24.7 -13.25 0 -22.85 -16.15 0 -22.9
4 71 -15.25 0 -22.05 -16.15 0 -22.9 -13.25 0 -22.85 -14.25 0 -21.5
3 71 -14.25 0 -21.5 -13.25 0 -22.85 -12.8 0 -21.95
4 71 -14.25 0 -21.5 -12.8 0 -21.95 -12.45 0 -21.6 -12.4 0 -20.85
4 71 -13.05 0 -20.6 -14.25 0 -21.5 -12.4 0 -20.85 -12.35 0 -20.2
4 71 -12.65 0 -24.8 -12.65 0 -24.45 -13 0 -24.3 -12.95 0 -25.15
4 71 -12.95 0 -25.15 -13 0 -24.3 -13.5 0 -24.5 -13.35 0 -25.45
4 71 -13.35 0 -25.45 -13.5 0 -24.5 -15.95 0 -24.7 -13.7 0 -26
3 71 -13.25 0 -22.85 -15.95 0 -24.7 -13.5 0 -24.5
4 71 -14.85 0 -26.95 -13.7 0 -26 -15.95 0 -24.7 -16.7 0 -25.75
4 71 -15.55 0 -27.35 -14.85 0 -26.95 -16.7 0 -25.75 -17.7 0 -26.95
4 71 -19.65 0 -28.3 -19.908 0 -28.752 -17.52 0 -30.35 -19.15 0 -27.95
4 71 -19.15 0 -27.95 -17.52 0 -30.35 -14.4 0 -28.5 -14.7 0 -27.95
4 71 -18.6 0 -27.6 -19.15 0 -27.95 -14.7 0 -27.95 -15.55 0 -27.35
3 71 -17.7 0 -26.95 -18.6 0 -27.6 -15.55 0 -27.35
3 71 -14.4 0 -28.5 -17.52 0 -30.35 -14.25 0 -29.75
3 71 -14.25 0 -29.75 -17.52 0 -30.35 -13.75 0 -30.45
4 71 -17.52 0 -30.35 -13.25 0 -31.1 -13.25 0 -30.75 -13.75 0 -30.45
3 71 -17.52 0 -30.35 -13.41 0 -32.38 -13.25 0 -31.1
4 71 -12.65 0 -31.2 -13.25 0 -31.1 -13.41 0 -32.38 -9.85 0 -32.7
4 71 -12.65 0 -31.2 -9.85 0 -32.7 -10.3 0 -31.85 -10.9 0 -31.15
4 71 -12.35 0 -30.95 -12.65 0 -31.2 -10.9 0 -31.15 -11.7 0 -30.85
4 71 -9.1 0 -33.3 -9.4 0 -32.75 -9.85 0 -32.7 -9.07 0 -33.85
3 71 -13.41 0 -32.38 -9.07 0 -33.85 -9.85 0 -32.7
4 71 -15.85 0 -20.05 -16.15 0 -20.7 -15.1 0 -20.5 -14.75 0 -19.1
4 71 -14.75 0 -19.1 -15.1 0 -20.5 -14.25 0 -20.2 -13.2 0 -19.55
4 71 -13.5 0 -18.05 -14.75 0 -19.1 -13.2 0 -19.55 -12.65 0 -19.1
4 71 -13.5 0 -18.05 -12.65 0 -19.1 -12.35 0 -19.05 -11.45 0 -18.75
4 71 -11.35 0 -16.75 -13.5 0 -18.05 -11.45 0 -18.75 -10.25 0 -18.25
3 71 -11.35 0 -16.75 -10.25 0 -18.25 -9.15 0 -17.25
3 71 -8.25 0 -16.75 -11.35 0 -16.75 -9.15 0 -17.25
3 71 -15.65 0 -16.75 -21.65 0 -16.75 -16.6 0 -17.05
3 71 -21.65 0 -16.75 -17.05 0 -17.55 -16.6 0 -17.05
3 71 -21.65 0 -16.75 -17.3 0 -18.2 -17.05 0 -17.55
4 71 -17.45 0 -19.2 -17.3 0 -18.2 -21.65 0 -16.75 -18.25 0 -19.8
4 71 -18.6 0 -21.6 -18.25 0 -19.8 -21.65 0 -16.75 -19.1 0 -21.9
3 71 -21.65 0 -16.75 -19.65 0 -21.85 -19.1 0 -21.9
3 71 -21.65 0 -16.75 -20.2 0 -22.05 -19.65 0 -21.85
4 71 -20.6 0 -22.5 -20.2 0 -22.05 -21.65 0 -16.75 -21.2 0 -22.8
4 71 -21.85 0 -22.9 -21.2 0 -22.8 -21.65 0 -16.75 -26.95 0 -22.3
4 71 -22.65 0 -23.7 -21.85 0 -22.9 -26.95 0 -22.3 -23.95 0 -24.45
3 71 -26.95 0 -22.3 -24.78 0 -24.78 -23.95 0 -24.45
4 70 -24.78 0 -24.78 -23.088 0 -26.261 -22.55 0 -25.8 -23.95 0 -24.45
4 70 -20.798 0 -28.156 -19.908 0 -28.752 -19.65 0 -28.3 -20.45 0 -27.6
3 70 9.07 0 -33.85 5.597 0 -34.126 4.57 0 -34.74
3 70 7.124 0 -32.874 5.597 0 -34.126 9.07 0 -33.85
4 70 8.376 0 -31.347 7.124 0 -32.874 9.07 0 -33.85 13.41 0 -32.38
4 70 9.307 0 -29.605 8.376 0 -31.347 13.41 0 -32.38 17.52 0 -30.35
3 70 9.881 0 -27.715 9.307 0 -29.605 17.52 0 -30.35
4 70 10.074 0 -25.75 9.881 0 -27.715 17.52 0 -30.35 21.33 0 -27.8
4 70 9.881 0 -23.785 10.074 0 -25.75 21.33 0 -27.8 24.78 0 -24.78
4 70 9.307 0 -21.895 9.881 0 -23.785 24.78 0 -24.78 26.95 0 -22.3
4 70 8.376 0 -20.153 9.307 0 -21.895 26.95 0 -22.3 21.65 0 -16.75
3 70 21.65 0 -16.75 7.124 0 -18.626 8.376 0 -20.153
3 70 21.65 0 -16.75 4.43 0 -16.75 5.597 0 -17.374
3 70 21.65 0 -16.75 5.597 0 -17.374 7.124 0 -18.626
4 272 -5.85 0 -28.05 -6 0 -27.6 -6.15 0 -27.9 -6.15 0 -28.3
4 272 -5.75 0 -28.4 -5.85 0 -28.05 -6.15 0 -28.3 -5.95 0 -28.7
4 272 -5.5 0 -28.75 -5.75 0 -28.4 -5.95 0 -28.7 -6 0 -28.9
4 272 -5.25 0 -28.95 -5.5 0 -28.75 -6 0 -28.9 -6.15 0 -29.1
4 272 -5.6 0 -29.4 -5.25 0 -28.95 -6.15 0 -29.1 -5.9 0 -29.5
4 272 -5.9 0 -29.5 -6.15 0 -29.1 -6.3 0 -29.35 -6.35 0 -29.65
4 272 -6.05 0 -29.7 -5.9 0 -29.5 -6.35 0 -29.65 -6.2 0 -29.8
4 272 -5.25 0 -28.95 -5.6 0 -29.4 -5.35 0 -29.6 -5 0 -28.9
4 272 -5 0 -28.9 -5.35 0 -29.6 -5.05 0 -29.65 -4.6 0 -29.55
4 272 -5 0 -28.9 -4.6 0 -29.55 -4.1 0 -29.25 -3.95 0 -28.95
4 272 -5 0 -28.9 -3.95 0 -28.95 -3.95 0 -28.7 -4.85 0 -28.7
4 272 -4.85 0 -28.7 -3.95 0 -28.7 -4 0 -28.45 -4.75 0 -28.25
4 272 -4.75 0 -28.25 -4 0 -28.45 -4 0 -28.2 -4.25 0 -27.75
4 272 -4.6 0 -27.8 -4.75 0 -28.25 -4.25 0 -27.75 -4.4 0 -27.5
4 272 -4.25 0 -27.75 -4 0 -28.2 -3.7 0 -27.85 -4 0 -27.7
4 272 -4 0 -27.7 -3.7 0 -27.85 -3.35 0 -27.65 -3.9 0 -27.45
4 272 -3.9 0 -27.45 -3.35 0 -27.65 -3.65 0 -27.35 -3.9 0 -27.25
4 272 -3.65 0 -27.35 -3.35 0 -27.65 -3 0 -27.55 -3.4 0 -27.25
4 272 -3.4 0 -27.25 -3 0 -27.55 -2.75 0 -27.6 -3.15 0 -26.95
4 272 -3.35 0 -26.95 -3.4 0 -27.25 -3.15 0 -26.95 -3.25 0 -26.7
4 272 -2.95 0 -26.9 -3.15 0 -26.95 -2.75 0 -27.6 -2.55 0 -26.9
4 272 -2.8 0 -26.7 -2.95 0 -26.9 -2.55 0 -26.9 -2.65 0 -26.7
3 272 -2.7 0 -26.4 -2.8 0 -26.7 -2.65 0 -26.7
4 272 -2.3 0 -27.15 -2.55 0 -26.9 -2.75 0 -27.6 -2.5 0 -27.75
4 272 -1.75 0 -27.6 -2.3 0 -27.15 -2.5 0 -27.75 -2.4 0 -27.95
4 272 -3.15 0 -28.15 -3.35 0 -28.45 -3.05 0 -28.3 -2.75 0 -27.95
4 272 -2.75 0 -27.95 -3.05 0 -28.3 -2.65 0 -28.2 -2.4 0 -27.95
4 272 -2.4 0 -27.95 -2.65 0 -28.2 -2.4 0 -28.25 -1.75 0 -27.6
4 272 -1.75 0 -27.6 -2.4 0 -28.25 -2.25 0 -28.35 -1.2 0 -27.95
4 272 -1.2 0 -27.95 -2.25 0 -28.35 -2.1 0 -28.55 -.6 0 -28.3
4 272 -.6 0 -28.3 -2.1 0 -28.55 -2.05 0 -28.7 -1.75 0 -29.35
4 272 -4.55 0 -30.15 -5 0 -30.25 -5 0 -30.6 -4.55 0 -30.5
4 272 -4.55 0 -30.15 -4.55 0 -30.5 -4 0 -30.35 -4.05 0 -30
4 272 -4.05 0 -30 -4 0 -30.35 -3.7 0 -30.2 -3.65 0 -29.85
4 272 -3.65 0 -29.85 -3.7 0 -30.2 -3.35 0 -30.05 -3.05 0 -29.8
4 272 -3.5 0 -29.65 -3.65 0 -29.85 -3.05 0 -29.8 -2.85 0 -29.5
4 272 -3.35 0 -29.35 -3.5 0 -29.65 -2.85 0 -29.5 -3.15 0 -29.05
4 272 -3.15 0 -29.05 -2.85 0 -29.5 -2.65 0 -29.3 -2.9 0 -28.85
4 272 -2.5 0 -28.75 -2.9 0 -28.85 -2.65 0 -29.3 -2.35 0 -29.25
4 272 -2.05 0 -28.7 -2.5 0 -28.75 -2.35 0 -29.25 -1.75 0 -29.35
4 272 -2.1 0 -29.9 -2.3 0 -30.1 -2 0 -30.1 -1.8 0 -29.8
4 272 -1.8 0 -29.8 -2 0 -30.1 -1.65 0 -30.15 -1.45 0 -29.9
4 272 -1.15 0 -30.05 -1.45 0 -29.9 -1.65 0 -30.15 -1.3 0 -30.45
4 272 .2 0 -28.7 -.6 0 -28.3 -1.75 0 -29.35 -1.35 0 -29.65
4 272 .7 0 -29.2 .2 0 -28.7 -1.35 0 -29.65 -1.15 0 -30.05
4 272 1.25 0 -29.8 .7 0 -29.2 -1.15 0 -30.05 -1.3 0 -30.45
4 272 1.25 0 -29.8 -1.3 0 -30.45 -1.15 0 -30.8 1.9 0 -30.1
4 272 1.9 0 -30.1 -1.15 0 -30.8 -1.15 0 -31.2 1.575 0 -33.668
4 272 2.45 0 -30.2 1.9 0 -30.1 1.575 0 -33.668 3.089 0 -33.208
4 272 3.1 0 -30.15 2.45 0 -30.2 3.089 0 -33.208 4.485 0 -32.462
4 272 3.5 0 -29.9 3.1 0 -30.15 4.485 0 -32.462 5.708 0 -31.458
4 272 3.7 0 -29.55 3.5 0 -29.9 5.708 0 -31.458 6.712 0 -30.235
3 272 3.75 0 -29.05 3.7 0 -29.55 6.712 0 -30.235
4 272 .9 0 -21.6 .55 0 -21.45 .4 0 -21.6 .5 0 -21.95
4 272 1.15 0 -21.85 .9 0 -21.6 .5 0 -21.95 .65 0 -22.2
4 272 1.3 0 -22.2 1.15 0 -21.85 .65 0 -22.2 1.3 0 -22.45
4 272 1.3 0 -22.45 .65 0 -22.2 .7 0 -22.45 1.15 0 -22.7
4 272 1.15 0 -22.7 .7 0 -22.45 .6 0 -22.7 .8 0 -23.35
4 272 .8 0 -23.35 .6 0 -22.7 .4 0 -22.8 .3 0 -23.05
4 272 2.05 0 -22.35 1.85 0 -22.45 1.85 0 -22.7 2.3 0 -22.4
4 272 2.6 0 -22.6 2.3 0 -22.4 1.85 0 -22.7 2 0 -23
4 272 2.9 0 -23.2 2.6 0 -22.6 2 0 -23 2.1 0 -23.3
4 272 3.1 0 -23.5 2.9 0 -23.2 2.1 0 -23.3 2.1 0 -23.55
4 272 3.2 0 -23.75 3.1 0 -23.5 2.1 0 -23.55 3.15 0 -24
3 272 2.1 0 -23.55 2.05 0 -23.75 3.15 0 -24
4 272 3.15 0 -24 2.05 0 -23.75 2 0 -23.95 2.15 0 -24.1
3 272 3.15 0 -24 2.15 0 -24.1 2.65 0 -24.45
4 272 3.45 0 -24.4 3.3 0 -24.55 3.6 0 -24.7 3.7 0 -24.3
4 272 3.7 0 -24.3 3.6 0 -24.7 3.9 0 -24.7 3.95 0 -24.35
4 272 3.95 0 -24.35 3.9 0 -24.7 4.2 0 -24.65 4.1 0 -24.3
3 272 4.1 0 -24.3 4.2 0 -24.65 4.35 0 -24.5
4 80 -2.75 0 -27.95 -2.4 0 -27.95 -2.5 0 -27.75 -2.75 0 -27.6
4 80 -2.75 0 -27.95 -2.75 0 -27.6 -3 0 -27.55 -3.15 0 -28.15
4 80 -3.15 0 -28.15 -3 0 -27.55 -3.35 0 -27.65 -3.7 0 -27.85
4 80 -3.35 0 -28.45 -3.15 0 -28.15 -3.7 0 -27.85 -4 0 -28.2
4 80 -3.35 0 -28.45 -4 0 -28.2 -4 0 -28.45 -3.95 0 -28.7
4 80 -3.35 0 -28.45 -3.95 0 -28.7 -3.15 0 -29.05 -2.9 0 -28.85
4 80 -3.05 0 -28.3 -3.35 0 -28.45 -2.9 0 -28.85 -2.5 0 -28.75
4 80 -2.65 0 -28.2 -3.05 0 -28.3 -2.5 0 -28.75 -2.4 0 -28.25
4 80 -2.25 0 -28.35 -2.4 0 -28.25 -2.5 0 -28.75 -2.1 0 -28.55
3 80 -2.1 0 -28.55 -2.5 0 -28.75 -2.05 0 -28.7
4 80 -5.05 0 -29.65 -5 0 -30.25 -4.55 0 -30.15 -4.6 0 -29.55
4 80 -4.6 0 -29.55 -4.55 0 -30.15 -4.05 0 -30 -4.1 0 -29.25
4 80 -4.1 0 -29.25 -4.05 0 -30 -3.65 0 -29.85 -3.5 0 -29.65
4 80 -4.1 0 -29.25 -3.5 0 -29.65 -3.35 0 -29.35 -3.95 0 -28.95
4 80 -3.95 0 -28.95 -3.35 0 -29.35 -3.15 0 -29.05 -3.95 0 -28.7
4 80 -1.75 0 -29.35 -1.8 0 -29.8 -1.45 0 -29.9 -1.35 0 -29.65
3 80 -1.35 0 -29.65 -1.45 0 -29.9 -1.15 0 -30.05
4 80 -2.35 0 -29.25 -2.65 0 -29.3 -2.1 0 -29.9 -1.75 0 -29.35
3 80 -1.75 0 -29.35 -2.1 0 -29.9 -1.8 0 -29.8
4 80 -2.1 0 -29.9 -2.65 0 -29.3 -2.85 0 -29.5 -2.3 0 -30.1
4 80 -2.3 0 -30.1 -2.85 0 -29.5 -3.05 0 -29.8 -2.35 0 -30.6
4 80 -5.5 0 -28.75 -5.25 0 -28.95 -5 0 -28.9 -4.85 0 -28.7
4 80 -5.5 0 -28.75 -4.85 0 -28.7 -4.75 0 -28.25 -5.75 0 -28.4
4 80 -5.85 0 -28.05 -5.75 0 -28.4 -4.75 0 -28.25 -4.6 0 -27.8
4 80 -6 0 -27.6 -5.85 0 -28.05 -4.6 0 -27.8 -4.4 0 -27.5
4 80 -4.4 0 -27.5 -4.25 0 -27.75 -4 0 -27.7 -3.9 0 -27.45
4 80 -4.4 0 -27.5 -3.9 0 -27.45 -3.9 0 -27.25 -6.35 0 -24.9
4 80 -3.9 0 -27.25 -3.65 0 -27.35 -3.4 0 -27.25 -3.35 0 -26.95
4 80 -3.25 0 -26.7 -3.15 0 -26.95 -2.95 0 -26.9 -2.8 0 -26.7
4 80 -3.25 0 -26.7 -2.8 0 -26.7 -2.7 0 -26.4 -6 0 -24.6
4 80 -5.35 0 -29.6 -5.6 0 -29.4 -5.9 0 -29.5 -6.05 0 -29.7
4 80 -5 0 -30.25 -5.05 0 -29.65 -5.35 0 -29.6 -6.05 0 -29.7
4 80 -5 0 -30.6 -5 0 -30.25 -6.05 0 -29.7 -6.2 0 -29.8
4 80 -4.55 0 -30.5 -5 0 -30.6 -5.15 0 -31.6 -4.5 0 -31.55
4 80 -4 0 -30.35 -4.55 0 -30.5 -4.5 0 -31.55 -4.05 0 -31.4
4 80 -4 0 -30.35 -4.05 0 -31.4 -3.65 0 -31.2 -3.7 0 -30.2
4 80 -3.7 0 -30.2 -3.65 0 -31.2 -3.15 0 -30.85 -3.35 0 -30.05
4 80 -3.35 0 -30.05 -3.15 0 -30.85 -2.85 0 -30.7 -3.05 0 -29.8
4 80 -3.05 0 -29.8 -2.85 0 -30.7 -2.6 0 -30.75 -2.35 0 -30.6
4 80 -2.3 0 -30.1 -2.35 0 -30.6 -2.1 0 -30.55 -2 0 -30.1
4 80 -1.65 0 -30.15 -2 0 -30.1 -2.1 0 -30.55 -1.3 0 -30.45
4 80 -1.3 0 -30.45 -2.1 0 -30.55 -1.65 0 -30.75 -1.15 0 -30.8
3 80 -1.65 0 -30.75 -1.15 0 -31.2 -1.15 0 -30.8
4 80 -5.15 0 -31.6 -5 0 -30.6 -6.2 0 -29.8 -5.536 0 -31.6
4 80 -.25 0 -25.15 -2.7 0 -26.4 -2.65 0 -26.7 .1 0 -25.3
4 80 .1 0 -25.3 -2.65 0 -26.7 .15 0 -26.15 .55 0 -25.6
4 80 .75 0 -25.9 .55 0 -25.6 .15 0 -26.15 .5 0 -26.2
3 80 .75 0 -25.9 .5 0 -26.2 .8 0 -26.2
4 80 .15 0 -26.15 -2.65 0 -26.7 -2.55 0 -26.9 .4 0 -26.4
4 80 .4 0 -26.4 -2.55 0 -26.9 -2.3 0 -27.15 -1.75 0 -27.6
4 80 .8 0 -26.45 .4 0 -26.4 -1.75 0 -27.6 .85 0 -26.75
4 80 .85 0 -26.75 -1.75 0 -27.6 -1.2 0 -27.95 -.6 0 -28.3
4 80 1.3 0 -27.2 .85 0 -26.75 -.6 0 -28.3 1.5 0 -27.45
4 80 1.6 0 -27.85 1.5 0 -27.45 -.6 0 -28.3 .2 0 -28.7
4 80 1.6 0 -27.85 .2 0 -28.7 1.95 0 -28.15 1.95 0 -27.85
3 80 2.15 0 -27.75 1.95 0 -27.85 1.95 0 -28.15
4 80 1.95 0 -28.15 .2 0 -28.7 .7 0 -29.2 2.1 0 -28.25
4 80 2.1 0 -28.25 .7 0 -29.2 1.25 0 -29.8 1.9 0 -30.1
4 80 2.1 0 -28.25 1.9 0 -30.1 2.65 0 -28.6 2.5 0 -28.15
4 80 2.5 0 -28.15 2.65 0 -28.6 2.75 0 -28.3 2.75 0 -28
4 80 2.65 0 -28.6 1.9 0 -30.1 2.45 0 -30.2 2.8 0 -28.7
4 80 2.8 0 -28.7 2.45 0 -30.2 3.1 0 -30.15 3.2 0 -28.75
3 80 2.95 0 -28.6 2.8 0 -28.7 3.2 0 -28.75
3 80 3.1 0 -28.4 2.95 0 -28.6 3.2 0 -28.75
4 80 3.2 0 -28.75 3.1 0 -30.15 3.5 0 -29.9 3.7 0 -29.55
4 80 3.2 0 -28.75 3.7 0 -29.55 3.75 0 -29.05 3.7 0 -28.85
4 80 1.85 0 -22.45 1.3 0 -22.2 1.3 0 -22.45 1.85 0 -22.7
4 80 1.85 0 -22.7 1.3 0 -22.45 1.15 0 -22.7 2 0 -23
4 80 2 0 -23 1.15 0 -22.7 .8 0 -23.35 2.1 0 -23.3
4 80 2.1 0 -23.55 2.1 0 -23.3 .8 0 -23.35 2.05 0 -23.75
4 80 2 0 -23.95 2.05 0 -23.75 .8 0 -23.35 1.4 0 -24.8
4 80 2.65 0 -24.45 3.3 0 -24.55 3.45 0 -24.4 3.15 0 -24
4 80 3.15 0 -24 3.45 0 -24.4 3.7 0 -24.3 3.2 0 -23.75
4 80 1.15 0 -21.85 1.3 0 -22.2 1.85 0 -22.45 2.05 0 -22.35
4 80 -7.9 0 -25.9 -6 0 -27.6 -7.4 0 -25.7 -7.7 0 -25.6
4 80 -7.7 0 -25.6 -7.4 0 -25.7 -7.45 0 -25.55 -7.65 0 -25.35
4 80 -7.1 0 -25.4 -7.4 0 -25.7 -6 0 -27.6 -6.8 0 -25.25
4 80 -6.8 0 -25.25 -6 0 -27.6 -4.4 0 -27.5 -6.65 0 -25
3 80 -6.35 0 -24.9 -6.65 0 -25 -4.4 0 -27.5
4 80 -6.35 0 -24.9 -3.9 0 -27.25 -3.35 0 -26.95 -3.25 0 -26.7
4 80 -6.35 0 -24.9 -3.25 0 -26.7 -6 0 -24.6 -6.15 0 -24.5
4 80 -6.45 0 -24.65 -6.35 0 -24.9 -6.15 0 -24.5 -6.5 0 -24.3
4 80 -6 0 -24.6 -2.7 0 -26.4 -5.7 0 -24 -6.05 0 -24.3
3 80 -6.05 0 -23.85 -6.05 0 -24.3 -5.7 0 -24
4 80 -5.55 0 -23.9 -5.7 0 -24 -2.7 0 -26.4 -.25 0 -25.15
4 80 -5.55 0 -23.9 -.25 0 -25.15 -.25 0 -24.95 -5.7 0 -23.55
4 80 -5.5 0 -23.45 -5.7 0 -23.55 -.25 0 -24.95 -5.25 0 -23.4
4 80 -5.25 0 -23.4 -.25 0 -24.95 -.1 0 -24.85 .3 0 -23.05
4 80 .5 0 -23.4 .3 0 -23.05 -.1 0 -24.85 .25 0 -24.8
4 80 .8 0 -23.35 .5 0 -23.4 .25 0 -24.8 .7 0 -24.85
4 80 .8 0 -23.35 .7 0 -24.85 1.05 0 -24.85 1.4 0 -24.8
4 80 2.15 0 -24.1 2 0 -23.95 1.4 0 -24.8 1.6 0 -24.9
4 80 2.65 0 -24.45 2.15 0 -24.1 1.6 0 -24.9 1.85 0 -25.2
4 80 2.65 0 -24.45 1.85 0 -25.2 2.1 0 -25.4 3.3 0 -24.55
4 80 -5.25 0 -23.4 -4.9 0 -22.8 -5.2 0 -22.8 -5.5 0 -23.05
3 80 -5.65 0 -22.65 -5.5 0 -23.05 -5.2 0 -22.8
4 80 -4.9 0 -22.8 -4.25 0 -22.15 -4.7 0 -21.9 -5.1 0 -22.15
3 80 -5.15 0 -21.8 -5.1 0 -22.15 -4.7 0 -21.9
4 80 -4.9 0 -22.8 -5.25 0 -23.4 .3 0 -23.05 .4 0 -22.8
4 80 -4.25 0 -22.15 -4.9 0 -22.8 .4 0 -22.8 .6 0 -22.7
4 80 -4.25 0 -22.15 .6 0 -22.7 .7 0 -22.45 .65 0 -22.2
4 80 -4.25 0 -22.15 .65 0 -22.2 .5 0 -21.95 -3.9 0 -21.8
4 80 -3.9 0 -21.8 .5 0 -21.95 .4 0 -21.6 -3.45 0 -21.35
4 80 -4.2 0 -21.5 -3.9 0 -21.8 -3.45 0 -21.35 -3.8 0 -21.15
4 80 -4.2 0 -21.5 -3.8 0 -21.15 -4.15 0 -21.05 -4.35 0 -21.3
3 80 -4.15 0 -21.05 -4.6 0 -21.15 -4.35 0 -21.3
4 80 -3.4 0 -20.9 -3.45 0 -21.35 -2.75 0 -20.75 -3.15 0 -20.5
4 80 -3.4 0 -20.9 -3.15 0 -20.5 -3.35 0 -20.4 -3.65 0 -20.4
4 80 -2.75 0 -20.75 -3.45 0 -21.35 .4 0 -21.6 .55 0 -21.45
4 80 -2.1 0 -20.4 -2.75 0 -20.75 .55 0 -21.45 -1.5 0 -20.3
3 80 -.9 0 -20.1 -1.5 0 -20.3 .55 0 -21.45
4 80 -.45 0 -19.9 -.9 0 -20.1 .55 0 -21.45 -.1 0 -19.85
4 80 .3 0 -19.9 -.1 0 -19.85 .55 0 -21.45 .7 0 -20.2
4 80 .7 0 -20.2 .55 0 -21.45 .9 0 -21.6 .95 0 -20.25
4 80 1.2 0 -20.35 .95 0 -20.25 .9 0 -21.6 1.3 0 -20.55
4 80 1.3 0 -20.85 1.3 0 -20.55 .9 0 -21.6 1.15 0 -21.85
3 272 .3 0 -23.05 .5 0 -23.4 .8 0 -23.35
4 272 -8.073 0 -25.75 -7.9 0 -25.9 -7.7 0 -25.6 -7.65 0 -25.35
3 272 -7.918 0 -24.175 -8.073 0 -25.75 -7.65 0 -25.35
3 272 -7.1 0 -25.4 -7.45 0 -25.55 -7.4 0 -25.7
4 272 -7.65 0 -25.35 -7.45 0 -25.55 -7.1 0 -25.4 -7.918 0 -24.175
4 272 -7.918 0 -24.175 -7.1 0 -25.4 -6.8 0 -25.25 -6.65 0 -25
4 272 -6.45 0 -24.65 -7.918 0 -24.175 -6.65 0 -25 -6.35 0 -24.9
3 272 -7.918 0 -24.175 -6.45 0 -24.65 -6.5 0 -24.3
3 272 -6.05 0 -24.3 -6.15 0 -24.5 -6 0 -24.6
4 272 -6.5 0 -24.3 -6.15 0 -24.5 -6.05 0 -24.3 -6.05 0 -23.85
4 272 -7.918 0 -24.175 -6.5 0 -24.3 -6.05 0 -23.85 -7.458 0 -22.661
4 272 -7.458 0 -22.661 -6.05 0 -23.85 -5.7 0 -23.55 -5.5 0 -23.05
3 272 -5.5 0 -23.05 -5.7 0 -23.55 -5.5 0 -23.45
3 272 -5.5 0 -23.05 -5.5 0 -23.45 -5.25 0 -23.4
4 272 -6.05 0 -23.85 -5.7 0 -24 -5.55 0 -23.9 -5.7 0 -23.55
4 272 -7.458 0 -22.661 -5.5 0 -23.05 -5.65 0 -22.65 -6.712 0 -21.265
4 272 -5.2 0 -22.8 -4.9 0 -22.8 -5.1 0 -22.15 -5.65 0 -22.65
4 272 -5.65 0 -22.65 -5.1 0 -22.15 -5.15 0 -21.8 -6.712 0 -21.265
4 272 -4.6 0 -21.15 -5.15 0 -21.8 -4.7 0 -21.9 -4.35 0 -21.3
4 272 -4.2 0 -21.5 -4.35 0 -21.3 -4.7 0 -21.9 -4.25 0 -22.15
3 272 -4.2 0 -21.5 -4.25 0 -22.15 -3.9 0 -21.8
4 272 -3.8 0 -21.15 -3.45 0 -21.35 -3.4 0 -20.9 -3.65 0 -20.4
4 272 -4.15 0 -21.05 -3.8 0 -21.15 -3.65 0 -20.4 -4.485 0 -19.038
4 272 -6.712 0 -21.265 -5.15 0 -21.8 -4.6 0 -21.15 -5.708 0 -20.042
4 272 -5.708 0 -20.042 -4.6 0 -21.15 -4.15 0 -21.05 -4.485 0 -19.038
4 272 -3.15 0 -20.5 -2.75 0 -20.75 -2.1 0 -20.4 -3.089 0 -18.292
4 272 -3.35 0 -20.4 -3.15 0 -20.5 -3.089 0 -18.292 -4.485 0 -19.038
3 272 -4.485 0 -19.038 -3.65 0 -20.4 -3.35 0 -20.4
4 272 -3.089 0 -18.292 -2.1 0 -20.4 -1.5 0 -20.3 -1.575 0 -17.832
4 272 -1.575 0 -17.832 -1.5 0 -20.3 -.9 0 -20.1 -.45 0 -19.9
4 272 0 0 -17.677 -1.575 0 -17.832 -.45 0 -19.9 -.1 0 -19.85
4 272 0 0 -17.677 -.1 0 -19.85 .3 0 -19.9 1.575 0 -17.832
4 272 1.575 0 -17.832 .3 0 -19.9 .7 0 -20.2 .95 0 -20.25
4 272 1.575 0 -17.832 .95 0 -20.25 1.2 0 -20.35 3.089 0 -18.292
4 80 2 0 -21.25 1.3 0 -20.85 1.15 0 -21.85 2.05 0 -22.35
4 80 2 0 -21.25 2.05 0 -22.35 2.3 0 -22.4 3.3 0 -22.25
4 80 3.3 0 -22.25 2.3 0 -22.4 2.6 0 -22.6 4.25 0 -22.95
4 80 4.25 0 -22.95 2.6 0 -22.6 2.9 0 -23.2 3.1 0 -23.5
4 80 5 0 -23.45 4.25 0 -22.95 3.1 0 -23.5 3.2 0 -23.75
4 80 4.1 0 -24.3 5 0 -23.45 3.2 0 -23.75 3.95 0 -24.35
3 80 3.2 0 -23.75 3.7 0 -24.3 3.95 0 -24.35
4 80 5 0 -23.45 4.1 0 -24.3 4.35 0 -24.5 5.6 0 -23.7
4 80 6.2 0 -24.2 5.6 0 -23.7 4.35 0 -24.5 6.75 0 -24.95
4 80 6.95 0 -25.55 6.75 0 -24.95 4.35 0 -24.5 6.95 0 -26
4 80 6.75 0 -26.45 6.95 0 -26 4.35 0 -24.5 6.55 0 -26.7
4 80 6.35 0 -26.75 6.55 0 -26.7 4.35 0 -24.5 4.2 0 -24.65
4 80 3.6 0 -24.7 3.3 0 -24.55 2.1 0 -25.4 2.6 0 -25.85
4 80 2.6 0 -25.85 2.1 0 -25.4 2.05 0 -25.7 2.25 0 -25.95
3 80 2.05 0 -25.7 1.95 0 -26.2 2.25 0 -25.95
4 80 3.15 0 -26.15 3.6 0 -24.7 2.6 0 -25.85 2.55 0 -26.15
3 80 3.15 0 -26.15 2.55 0 -26.15 2.9 0 -26.3
3 80 2.55 0 -26.15 2.7 0 -26.55 2.9 0 -26.3
4 80 3.6 0 -24.7 3.15 0 -26.15 3.45 0 -26.2 3.9 0 -24.7
4 80 3.95 0 -26.4 3.9 0 -24.7 3.45 0 -26.2 3.5 0 -26.45
3 80 3.95 0 -26.4 3.5 0 -26.45 3.75 0 -26.55
3 80 3.5 0 -26.45 3.6 0 -26.8 3.75 0 -26.55
4 80 4.75 0 -26.4 4.3 0 -26.35 4.3 0 -26.6 4.65 0 -26.7
3 80 4.3 0 -26.6 4.4 0 -26.9 4.65 0 -26.7
4 80 4.3 0 -26.35 4.75 0 -26.4 4.2 0 -24.65 3.9 0 -24.7
3 80 5.05 0 -26.7 5.1 0 -27.05 5.4 0 -26.75
4 80 5.05 0 -26.7 5.4 0 -26.75 5.55 0 -26.65 4.95 0 -26.45
3 80 4.2 0 -24.65 4.75 0 -26.4 4.95 0 -26.45
4 80 4.2 0 -24.65 4.95 0 -26.45 5.55 0 -26.65 5.85 0 -26.7
4 80 5.85 0 -26.7 6.15 0 -26.95 6.35 0 -26.75 4.2 0 -24.65
3 80 5.85 0 -26.7 5.7 0 -27.05 6.15 0 -26.95
4 272 3.089 0 -18.292 1.2 0 -20.35 1.3 0 -20.55 4.485 0 -19.038
4 272 4.485 0 -19.038 1.3 0 -20.55 1.3 0 -20.85 2 0 -21.25
4 272 4.485 0 -19.038 2 0 -21.25 3.3 0 -22.25 5.708 0 -20.042
4 272 5.708 0 -20.042 3.3 0 -22.25 4.25 0 -22.95 6.712 0 -21.265
4 272 6.712 0 -21.265 4.25 0 -22.95 5 0 -23.45 5.6 0 -23.7
4 272 7.458 0 -22.661 6.712 0 -21.265 5.6 0 -23.7 6.2 0 -24.2
4 272 7.918 0 -24.175 7.458 0 -22.661 6.2 0 -24.2 6.75 0 -24.95
4 272 7.918 0 -24.175 6.75 0 -24.95 6.95 0 -25.55 8.073 0 -25.75
3 272 6.95 0 -25.55 6.95 0 -26 8.073 0 -25.75
4 272 8.073 0 -25.75 6.95 0 -26 6.75 0 -26.45 7.918 0 -27.325
4 272 7.918 0 -27.325 6.75 0 -26.45 6.55 0 -26.7 7.458 0 -28.839
4 272 7.458 0 -28.839 6.55 0 -26.7 6.35 0 -26.75 6.15 0 -26.95
4 272 6.712 0 -30.235 7.458 0 -28.839 6.15 0 -26.95 5.7 0 -27.05
4 272 5.85 0 -26.7 5.55 0 -26.65 5.4 0 -26.75 5.7 0 -27.05
4 272 5.7 0 -27.05 5.4 0 -26.75 5.1 0 -27.05 6.712 0 -30.235
4 272 6.712 0 -30.235 5.1 0 -27.05 3.7 0 -28.85 3.75 0 -29.05
4 272 3.1 0 -28.4 3.2 0 -28.75 3.7 0 -28.85 4.4 0 -26.9
4 272 4.4 0 -26.9 3.7 0 -28.85 5.1 0 -27.05 4.65 0 -26.7
4 272 4.65 0 -26.7 5.1 0 -27.05 5.05 0 -26.7 4.95 0 -26.45
3 272 4.75 0 -26.4 4.65 0 -26.7 4.95 0 -26.45
3 80 3.9 0 -24.7 3.95 0 -26.4 4.3 0 -26.35
4 272 -.1 0 -24.85 -.25 0 -24.95 -.25 0 -25.15 .1 0 -25.3
4 272 .25 0 -24.8 -.1 0 -24.85 .1 0 -25.3 .55 0 -25.6
4 272 .7 0 -24.85 .25 0 -24.8 .55 0 -25.6 .75 0 -25.9
4 272 1.05 0 -24.85 .7 0 -24.85 .75 0 -25.9 1.6 0 -24.9
3 272 1.4 0 -24.8 1.05 0 -24.85 1.6 0 -24.9
4 272 1.85 0 -25.2 1.6 0 -24.9 .75 0 -25.9 2.05 0 -25.7
3 272 1.85 0 -25.2 2.05 0 -25.7 2.1 0 -25.4
3 272 2.6 0 -25.85 2.25 0 -25.95 2.55 0 -26.15
4 272 3.15 0 -26.15 2.9 0 -26.3 3.5 0 -26.45 3.45 0 -26.2
4 272 3.95 0 -26.4 3.75 0 -26.55 4.3 0 -26.6 4.3 0 -26.35
4 272 3.75 0 -26.55 3.6 0 -26.8 4.4 0 -26.9 4.3 0 -26.6
4 272 2.9 0 -26.3 2.7 0 -26.55 3.6 0 -26.8 3.5 0 -26.45
4 272 2.25 0 -25.95 1.95 0 -26.2 2.7 0 -26.55 2.55 0 -26.15
4 272 .5 0 -26.2 .15 0 -26.15 .4 0 -26.4 .8 0 -26.45
3 272 .8 0 -26.2 .5 0 -26.2 .8 0 -26.45
4 272 .75 0 -25.9 .8 0 -26.2 1.95 0 -26.2 2.05 0 -25.7
4 272 1.95 0 -26.2 .8 0 -26.2 .8 0 -26.45 .85 0 -26.75
4 272 1.95 0 -26.2 .85 0 -26.75 1.3 0 -27.2 2.7 0 -26.55
4 272 2.7 0 -26.55 1.3 0 -27.2 1.5 0 -27.45 2.15 0 -27.75
4 272 1.6 0 -27.85 1.95 0 -27.85 2.15 0 -27.75 1.5 0 -27.45
4 272 2.5 0 -28.15 2.75 0 -28 2.15 0 -27.75 1.95 0 -28.15
3 272 2.5 0 -28.15 1.95 0 -28.15 2.1 0 -28.25
4 272 2.65 0 -28.6 2.8 0 -28.7 2.95 0 -28.6 2.75 0 -28.3
4 272 2.75 0 -28.3 2.95 0 -28.6 3.1 0 -28.4 2.75 0 -28
4 272 3.6 0 -26.8 2.75 0 -28 3.1 0 -28.4 4.4 0 -26.9
4 272 2.7 0 -26.55 2.15 0 -27.75 2.75 0 -28 3.6 0 -26.8
3 272 -4.5 0 -31.55 -5.15 0 -31.6 -4.485 0 -32.462
4 272 -4.05 0 -31.4 -4.5 0 -31.55 -4.485 0 -32.462 -3.089 0 -33.208
3 272 -3.65 0 -31.2 -4.05 0 -31.4 -3.089 0 -33.208
4 272 -3.15 0 -30.85 -3.65 0 -31.2 -3.089 0 -33.208 -2.85 0 -30.7
3 272 -2.85 0 -30.7 -3.089 0 -33.208 -2.6 0 -30.75
4 272 -2.35 0 -30.6 -2.6 0 -30.75 -3.089 0 -33.208 -2.1 0 -30.55
4 272 -1.65 0 -30.75 -2.1 0 -30.55 -3.089 0 -33.208 -1.15 0 -31.2
4 272 -1.15 0 -31.2 -3.089 0 -33.208 -1.575 0 -33.668 0 0 -33.823
3 272 -1.15 0 -31.2 0 0 -33.823 1.575 0 -33.668
3 272 -8.073 0 -25.75 -8.019 0 -26.297 -7.9 0 -25.9
3 272 -5.15 0 -31.6 -5.536 0 -31.6 -4.485 0 -32.462
4 80 -8.073 0 -25.75 -9.153 0 -25.75 -8.977 0 -27.536 -8.019 0 -26.297
4 80 -6 0 -27.6 -7.9 0 -25.9 -8.019 0 -26.297 -6.15 0 -27.9
4 80 -6.15 0 -27.9 -8.019 0 -26.297 -8.977 0 -27.536 -8.456 0 -29.253
3 80 -6.15 0 -27.9 -8.456 0 -29.253 -6.15 0 -28.3
4 80 -5.95 0 -28.7 -6.15 0 -28.3 -8.456 0 -29.253 -6 0 -28.9
3 80 -6 0 -28.9 -8.456 0 -29.253 -6.15 0 -29.1
3 80 -6.15 0 -29.1 -8.456 0 -29.253 -6.3 0 -29.35
4 80 -6.35 0 -29.65 -6.3 0 -29.35 -8.456 0 -29.253 -7.61 0 -30.835
4 80 -6.2 0 -29.8 -6.35 0 -29.65 -7.61 0 -30.835 -6.472 0 -32.222
3 80 -6.2 0 -29.8 -6.472 0 -32.222 -5.536 0 -31.6
