0 ~Electric Brick  4 x  4 x  0.667 Round - Top with  2 Studs with Police Badge and white "POLICE" Pattern
0 Name: 18605p1r.dat
0 Author: Evert-Jan Boer [ejboer]
0 !LDRAW_ORG Unofficial_Part
0 !LICENSE Licensed under CC BY 4.0 : see CAreadme.txt

0 BFC CERTIFY CCW

0 !KEYWORDS Chase McCain, Dimensions, LEGO City Undercover, Set 71266

1 16 0 0 0 1 0 0 0 1 0 0 0 1 s\18605s01.dat
1 16 0 0 0 1 0 0 0 1 0 0 0 1 s\18605s02.dat

0 BFC NOCLIP

1 272 0 0 0 1 0 0 0 1 0 0 0 1 s\18605s03.dat

4 82 -1.55 0 24.35 0 0 21.45 0 0 28.65 -2.45 0 27
4 82 -5.7 0 21.4 -4.4 0 19.6 -3.55 0 21.5 -5.4 0 21.95
3 82 -5.2 0 22.6 -5.4 0 21.95 -3.55 0 21.5
4 82 -5.2 0 23.35 -5.2 0 22.6 -3.55 0 21.5 -4.183 0 24.775
4 82 -4.4 0 25.9 -5.65 0 25.3 -5.35 0 24.4 -4.269 0 25.222
4 82 -6.05 0 26.35 -5.65 0 25.3 -4.4 0 25.9 -4.45 0 26.8
4 82 -6.35 0 27.55 -6.05 0 26.35 -4.45 0 26.8 -4.3 0 27.8
4 82 -6.35 0 28.75 -6.35 0 27.55 -4.3 0 27.8 -3.95 0 28.6
4 82 -6.15 0 29.7 -6.35 0 28.75 -3.95 0 28.6 -5.75 0 30.4
4 82 -5.75 0 30.4 -3.95 0 28.6 -3.35 0 29.4 -5.1 0 31.05
4 82 -4.25 0 31.65 -5.1 0 31.05 -3.35 0 29.4 -2.902 0 29.848
4 82 -1.45 0 32.65 -3 0 32.15 -2 0 30.45 -1 0 30.8
4 82 -.7 0 32.95 -1.45 0 32.65 -1 0 30.8 0 0 30.95
4 82 0 0 33.35 -.7 0 32.95 0 0 30.95 .7 0 32.95
4 82 -3.55 0 21.5 -4.4 0 19.6 -3.4 0 19.75 0 0 21
3 82 0 0 21 -3.4 0 19.75 -2.4 0 19.75
3 82 0 0 21 -2.4 0 19.75 -1.45 0 19.6
3 82 0 0 21 -1.45 0 19.6 -.6 0 19.35
4 82 0 0 21 -.6 0 19.35 0 0 19.05 .6 0 19.35
4 0 -4.4 0 25.9 -4.269 0 25.222 -2.45 0 27 -4.45 0 26.8
4 0 -4.3 0 27.8 -4.45 0 26.8 -2.45 0 27 -3.95 0 28.6
4 0 -3.35 0 29.4 -3.95 0 28.6 -2.45 0 27 -2.902 0 29.848
4 0 -2 0 30.45 -2.691 0 30.018 0 0 28.65 -1 0 30.8
4 0 0 0 30.95 -1 0 30.8 0 0 28.65 1 0 30.8
4 0 -1.55 0 24.35 -4.183 0 24.775 -3.55 0 21.5 0 0 21.45
3 0 -3.55 0 21.5 0 0 21 0 0 21.45
4 0 -4.4 0 19.6 -4.85 0 18.65 -3.85 0 18.85 -3.4 0 19.75
4 0 -3.4 0 19.75 -3.85 0 18.85 -3.15 0 18.9 -2.4 0 19.75
4 0 -2.4 0 19.75 -3.15 0 18.9 -2.4 0 18.85 -1.45 0 19.6
4 0 -1.45 0 19.6 -2.4 0 18.85 -1.4 0 18.7 -.6 0 19.35
4 0 -.6 0 19.35 -1.4 0 18.7 -.65 0 18.45 0 0 19.05
4 0 0 0 19.05 -.65 0 18.45 0 0 18.1 .65 0 18.45
4 0 -6.75 0 21.45 -4.85 0 18.65 -4.4 0 19.6 -5.7 0 21.4
4 0 -6.45 0 21.95 -6.75 0 21.45 -5.7 0 21.4 -5.4 0 21.95
4 0 -6.15 0 22.55 -6.45 0 21.95 -5.4 0 21.95 -5.2 0 22.6
4 0 -6.1 0 23 -6.15 0 22.55 -5.2 0 22.6 -5.2 0 23.35
4 0 -6.15 0 23.55 -6.1 0 23 -5.2 0 23.35 -5.35 0 24.4
4 0 -6.3 0 24.2 -6.15 0 23.55 -5.35 0 24.4 -5.65 0 25.3
4 0 -6.6 0 25.2 -6.3 0 24.2 -5.65 0 25.3 -6.05 0 26.35
4 0 -7.05 0 26.7 -6.6 0 25.2 -6.05 0 26.35 -6.35 0 27.55
4 0 -7.2 0 27.55 -7.05 0 26.7 -6.35 0 27.55 -7.3 0 28.4
4 0 -7.3 0 28.4 -6.35 0 27.55 -6.35 0 28.75 -7.25 0 29.15
4 0 -7.05 0 29.9 -7.25 0 29.15 -6.35 0 28.75 -6.15 0 29.7
4 0 -6.6 0 30.65 -7.05 0 29.9 -6.15 0 29.7 -5.75 0 30.4
4 0 -5.9 0 31.4 -6.6 0 30.65 -5.75 0 30.4 -5.1 0 31.05
4 0 -5 0 32.1 -5.9 0 31.4 -5.1 0 31.05 -4.25 0 31.65
4 0 -4.15 0 32.5 -5 0 32.1 -4.25 0 31.65 -3 0 32.15
4 0 -2.6 0 33.05 -4.15 0 32.5 -3 0 32.15 -1.45 0 32.65
4 0 -1.1 0 33.5 -2.6 0 33.05 -1.45 0 32.65 -.7 0 32.95
4 0 -.55 0 33.75 -1.1 0 33.5 -.7 0 32.95 0 0 33.35
4 0 0 0 34.1 -.55 0 33.75 0 0 33.35 .55 0 33.75
4 82 -4.269 0 25.222 -4.183 0 24.775 -1.55 0 24.35 -2.45 0 27
4 82 -2.691 0 30.018 -2.902 0 29.848 -2.45 0 27 0 0 28.65
4 82 -4.25 0 31.65 -2.902 0 29.848 -2.691 0 30.018 -3 0 32.15
3 82 -3 0 32.15 -2.691 0 30.018 -2 0 30.45
4 82 -4.183 0 24.775 -4.269 0 25.222 -5.35 0 24.4 -5.2 0 23.35
4 72 -24.78 0 24.78 -26.95 0 22.3 -21.65 0 16.75 -21.33 0 27.8
4 72 -17.52 0 30.35 -21.33 0 27.8 -21.65 0 16.75 -6.75 0 21.45
4 72 -17.52 0 30.35 -6.75 0 21.45 -6.45 0 21.95 -6.15 0 22.55
4 72 -17.52 0 30.35 -6.15 0 22.55 -6.1 0 23 -6.15 0 23.55
4 72 -17.52 0 30.35 -6.15 0 23.55 -6.3 0 24.2 -6.6 0 25.2
3 72 -17.52 0 30.35 -6.6 0 25.2 -7.05 0 26.7
3 72 -17.52 0 30.35 -7.05 0 26.7 -7.2 0 27.55
4 72 -17.52 0 30.35 -7.2 0 27.55 -7.3 0 28.4 -13.41 0 32.38
3 72 -13.41 0 32.38 -7.3 0 28.4 -7.25 0 29.15
4 72 -13.41 0 32.38 -7.25 0 29.15 -7.05 0 29.9 -9.07 0 33.85
3 72 -9.07 0 33.85 -7.05 0 29.9 -6.6 0 30.65
3 72 -9.07 0 33.85 -6.6 0 30.65 -5.9 0 31.4
4 72 -9.07 0 33.85 -5.9 0 31.4 -5 0 32.1 -4.57 0 34.74
3 72 -4.57 0 34.74 -5 0 32.1 -4.15 0 32.5
3 72 -4.57 0 34.74 -4.15 0 32.5 -2.6 0 33.05
4 72 -4.57 0 34.74 -2.6 0 33.05 -1.1 0 33.5 -.55 0 33.75
4 72 -4.57 0 34.74 -.55 0 33.75 0 0 34.1 0 0 35.04
3 72 -6.75 0 21.45 -21.65 0 16.75 -4.85 0 18.65
4 72 -3.85 0 18.85 -4.85 0 18.65 0 0 16.75 -3.15 0 18.9
4 72 -2.4 0 18.85 -3.15 0 18.9 0 0 16.75 -1.4 0 18.7
4 72 -.65 0 18.45 -1.4 0 18.7 0 0 16.75 0 0 18.1
3 72 -4.85 0 18.65 -21.65 0 16.75 0 0 16.75
4 82 0 0 28.65 0 0 21.45 1.55 0 24.35 2.45 0 27
4 82 3.55 0 21.5 4.4 0 19.6 5.7 0 21.4 5.4 0 21.95
3 82 5.2 0 22.6 3.55 0 21.5 5.4 0 21.95
4 82 3.55 0 21.5 5.2 0 22.6 5.2 0 23.35 4.183 0 24.775
4 82 5.35 0 24.4 5.65 0 25.3 4.4 0 25.9 4.269 0 25.222
4 82 4.4 0 25.9 5.65 0 25.3 6.05 0 26.35 4.45 0 26.8
4 82 4.45 0 26.8 6.05 0 26.35 6.35 0 27.55 4.3 0 27.8
4 82 4.3 0 27.8 6.35 0 27.55 6.35 0 28.75 3.95 0 28.6
4 82 3.95 0 28.6 6.35 0 28.75 6.15 0 29.7 5.75 0 30.4
4 82 3.35 0 29.4 3.95 0 28.6 5.75 0 30.4 5.1 0 31.05
4 82 3.35 0 29.4 5.1 0 31.05 4.25 0 31.65 2.902 0 29.848
4 82 2 0 30.45 3 0 32.15 1.45 0 32.65 1 0 30.8
4 82 1 0 30.8 1.45 0 32.65 .7 0 32.95 0 0 30.95
4 82 3.4 0 19.75 4.4 0 19.6 3.55 0 21.5 0 0 21
3 82 0 0 21 2.4 0 19.75 3.4 0 19.75
3 82 0 0 21 1.45 0 19.6 2.4 0 19.75
3 82 0 0 21 .6 0 19.35 1.45 0 19.6
4 0 2.45 0 27 4.269 0 25.222 4.4 0 25.9 4.45 0 26.8
4 0 2.45 0 27 4.45 0 26.8 4.3 0 27.8 3.95 0 28.6
4 0 2.45 0 27 3.95 0 28.6 3.35 0 29.4 2.902 0 29.848
4 0 0 0 28.65 2.691 0 30.018 2 0 30.45 1 0 30.8
4 0 3.55 0 21.5 4.183 0 24.775 1.55 0 24.35 0 0 21.45
3 0 3.55 0 21.5 0 0 21.45 0 0 21
4 0 3.85 0 18.85 4.85 0 18.65 4.4 0 19.6 3.4 0 19.75
4 0 3.15 0 18.9 3.85 0 18.85 3.4 0 19.75 2.4 0 19.75
4 0 2.4 0 18.85 3.15 0 18.9 2.4 0 19.75 1.45 0 19.6
4 0 1.4 0 18.7 2.4 0 18.85 1.45 0 19.6 .6 0 19.35
4 0 .65 0 18.45 1.4 0 18.7 .6 0 19.35 0 0 19.05
4 0 4.4 0 19.6 4.85 0 18.65 6.75 0 21.45 5.7 0 21.4
4 0 5.7 0 21.4 6.75 0 21.45 6.45 0 21.95 5.4 0 21.95
4 0 5.4 0 21.95 6.45 0 21.95 6.15 0 22.55 5.2 0 22.6
4 0 5.2 0 22.6 6.15 0 22.55 6.1 0 23 5.2 0 23.35
4 0 5.2 0 23.35 6.1 0 23 6.15 0 23.55 5.35 0 24.4
4 0 5.35 0 24.4 6.15 0 23.55 6.3 0 24.2 5.65 0 25.3
4 0 5.65 0 25.3 6.3 0 24.2 6.6 0 25.2 6.05 0 26.35
4 0 6.05 0 26.35 6.6 0 25.2 7.05 0 26.7 6.35 0 27.55
4 0 6.35 0 27.55 7.05 0 26.7 7.2 0 27.55 7.3 0 28.4
4 0 6.35 0 28.75 6.35 0 27.55 7.3 0 28.4 7.25 0 29.15
4 0 6.35 0 28.75 7.25 0 29.15 7.05 0 29.9 6.15 0 29.7
4 0 6.15 0 29.7 7.05 0 29.9 6.6 0 30.65 5.75 0 30.4
4 0 5.75 0 30.4 6.6 0 30.65 5.9 0 31.4 5.1 0 31.05
4 0 5.1 0 31.05 5.9 0 31.4 5 0 32.1 4.25 0 31.65
4 0 4.25 0 31.65 5 0 32.1 4.15 0 32.5 3 0 32.15
4 0 3 0 32.15 4.15 0 32.5 2.6 0 33.05 1.45 0 32.65
4 0 1.45 0 32.65 2.6 0 33.05 1.1 0 33.5 .7 0 32.95
4 0 .7 0 32.95 1.1 0 33.5 .55 0 33.75 0 0 33.35
4 82 1.55 0 24.35 4.183 0 24.775 4.269 0 25.222 2.45 0 27
4 82 2.45 0 27 2.902 0 29.848 2.691 0 30.018 0 0 28.65
4 82 2.691 0 30.018 2.902 0 29.848 4.25 0 31.65 3 0 32.15
3 82 3 0 32.15 2 0 30.45 2.691 0 30.018
4 82 5.35 0 24.4 4.269 0 25.222 4.183 0 24.775 5.2 0 23.35
4 72 21.65 0 16.75 26.95 0 22.3 24.78 0 24.78 21.33 0 27.8
4 72 21.65 0 16.75 21.33 0 27.8 17.52 0 30.35 6.75 0 21.45
4 72 6.45 0 21.95 6.75 0 21.45 17.52 0 30.35 6.15 0 22.55
4 72 6.1 0 23 6.15 0 22.55 17.52 0 30.35 6.15 0 23.55
4 72 6.3 0 24.2 6.15 0 23.55 17.52 0 30.35 6.6 0 25.2
3 72 17.52 0 30.35 7.05 0 26.7 6.6 0 25.2
3 72 17.52 0 30.35 7.2 0 27.55 7.05 0 26.7
4 72 7.3 0 28.4 7.2 0 27.55 17.52 0 30.35 13.41 0 32.38
3 72 13.41 0 32.38 7.25 0 29.15 7.3 0 28.4
4 72 7.05 0 29.9 7.25 0 29.15 13.41 0 32.38 9.07 0 33.85
3 72 9.07 0 33.85 6.6 0 30.65 7.05 0 29.9
3 72 9.07 0 33.85 5.9 0 31.4 6.6 0 30.65
4 72 5 0 32.1 5.9 0 31.4 9.07 0 33.85 4.57 0 34.74
3 72 4.57 0 34.74 4.15 0 32.5 5 0 32.1
3 72 4.57 0 34.74 2.6 0 33.05 4.15 0 32.5
4 72 1.1 0 33.5 2.6 0 33.05 4.57 0 34.74 .55 0 33.75
4 72 0 0 34.1 .55 0 33.75 4.57 0 34.74 0 0 35.04
3 72 6.75 0 21.45 4.85 0 18.65 21.65 0 16.75
4 72 0 0 16.75 4.85 0 18.65 3.85 0 18.85 3.15 0 18.9
4 72 0 0 16.75 3.15 0 18.9 2.4 0 18.85 1.4 0 18.7
4 72 0 0 16.75 1.4 0 18.7 .65 0 18.45 0 0 18.1
3 72 4.85 0 18.65 0 0 16.75 21.65 0 16.75
4 15 -8.787 0 -20.764 -8.992 0 -21.5 -6.747 0 -21.3 -8.204 0 -20.14
4 15 -8.204 0 -20.14 -6.747 0 -21.3 -6.645 0 -21.055 -7.33 0 -19.723
4 15 -7.33 0 -19.723 -6.645 0 -21.055 -6.4 0 -20.953 -6.4 0 -19.627
4 15 -6.747 0 -25.7 -8.992 0 -25.45 -8.787 0 -26.186 -8.204 0 -26.81
4 15 -6.645 0 -25.945 -6.747 0 -25.7 -8.204 0 -26.81 -7.33 0 -27.227
4 15 -6.645 0 -25.945 -7.33 0 -27.227 -6.4 0 -27.323 -6.4 0 -26.047
4 15 -6.053 0 -21.3 -3.808 0 -21.5 -4.013 0 -20.764 -4.596 0 -20.14
4 15 -6.155 0 -21.055 -6.053 0 -21.3 -4.596 0 -20.14 -5.47 0 -19.723
4 15 -6.4 0 -20.953 -6.155 0 -21.055 -5.47 0 -19.723 -6.4 0 -19.627
4 15 -4.013 0 -26.186 -3.808 0 -25.45 -6.053 0 -25.7 -4.596 0 -26.81
4 15 -4.596 0 -26.81 -6.053 0 -25.7 -6.155 0 -25.945 -5.47 0 -27.227
4 15 -6.4 0 -27.323 -5.47 0 -27.227 -6.155 0 -25.945 -6.4 0 -26.047
4 15 -8.992 0 -21.5 -8.992 0 -25.45 -6.747 0 -25.7 -6.747 0 -21.3
4 15 -6.053 0 -21.3 -6.053 0 -25.7 -3.808 0 -25.45 -3.808 0 -21.5
4 15 4.963 0 -20.764 4.758 0 -21.5 7.003 0 -21.3 5.546 0 -20.14
4 15 5.546 0 -20.14 7.003 0 -21.3 7.105 0 -21.055 6.42 0 -19.723
4 15 6.42 0 -19.723 7.105 0 -21.055 7.35 0 -20.953 7.35 0 -19.627
4 15 7.003 0 -25.7 4.758 0 -25.45 4.963 0 -26.186 5.546 0 -26.81
4 15 7.105 0 -25.945 7.003 0 -25.7 5.546 0 -26.81 6.42 0 -27.227
4 15 7.105 0 -25.945 6.42 0 -27.227 7.35 0 -27.323 7.35 0 -26.047
4 15 7.697 0 -21.3 9.942 0 -21.5 9.737 0 -20.764 9.154 0 -20.14
4 15 7.595 0 -21.055 7.697 0 -21.3 9.154 0 -20.14 8.28 0 -19.723
4 15 7.35 0 -20.953 7.595 0 -21.055 8.28 0 -19.723 7.35 0 -19.627
4 15 9.737 0 -26.186 9.942 0 -25.45 7.697 0 -25.7 9.154 0 -26.81
4 15 9.154 0 -26.81 7.697 0 -25.7 7.595 0 -25.945 8.28 0 -27.227
4 15 7.35 0 -27.323 8.28 0 -27.227 7.595 0 -25.945 7.35 0 -26.047
4 15 4.758 0 -21.5 4.758 0 -25.45 7.003 0 -25.7 7.003 0 -21.3
4 15 9.942 0 -21.5 7.697 0 -21.3 7.697 0 -22.9 9.942 0 -22.9
4 15 7.697 0 -24.15 7.697 0 -25.7 9.942 0 -25.45 9.942 0 -24.15
4 72 -6.155 0 -21.055 -6.4 0 -20.953 -6.645 0 -21.055 -6.053 0 -21.3
4 72 -6.053 0 -21.3 -6.645 0 -21.055 -6.747 0 -21.3 -6.747 0 -25.7
4 72 -6.053 0 -25.7 -6.053 0 -21.3 -6.747 0 -25.7 -6.155 0 -25.945
4 72 -6.155 0 -25.945 -6.747 0 -25.7 -6.645 0 -25.945 -6.4 0 -26.047
4 72 7.595 0 -21.055 7.35 0 -20.953 7.105 0 -21.055 7.697 0 -21.3
4 72 7.697 0 -21.3 7.105 0 -21.055 7.003 0 -21.3 7.697 0 -22.9
4 72 7.697 0 -22.9 7.003 0 -21.3 7.003 0 -25.7 7.697 0 -24.15
4 72 7.697 0 -25.7 7.697 0 -24.15 7.003 0 -25.7 7.595 0 -25.945
4 72 7.595 0 -25.945 7.003 0 -25.7 7.105 0 -25.945 7.35 0 -26.047
4 72 9.942 0 -22.9 7.697 0 -22.9 7.697 0 -24.15 9.942 0 -24.15
4 15 -.55 0 -25.6 -.55 0 -19.8 -2.95 0 -19.8 -2.95 0 -27.1
4 15 -.55 0 -25.6 -2.95 0 -27.1 .9 0 -27.1 .9 0 -25.6
4 15 3.75 0 -27.1 3.75 0 -19.8 1.35 0 -19.8 1.35 0 -27.1
4 15 13.15 0 -25.6 10.9 0 -27.1 14.9 0 -27.1 14.9 0 -25.6
4 15 10.9 0 -22.65 13.15 0 -22.65 13.15 0 -21.3 10.9 0 -19.8
4 15 14.7 0 -19.8 10.9 0 -19.8 13.15 0 -21.3 14.7 0 -21.3
4 15 14.6 0 -24.15 14.6 0 -22.65 13.15 0 -22.65 13.15 0 -24.15
4 15 13.15 0 -24.15 13.15 0 -22.65 10.9 0 -22.65 10.9 0 -27.1
3 15 13.15 0 -24.15 10.9 0 -27.1 13.15 0 -25.6
4 15 -11.553 0 -21.45 -9.558 0 -21.65 -9.713 0 -20.764 -10.196 0 -20.14
4 15 -11.655 0 -21.205 -11.553 0 -21.45 -10.196 0 -20.14 -10.97 0 -19.873
4 15 -11.9 0 -21.1 -11.655 0 -21.205 -10.97 0 -19.873 -12.3 0 -19.8
4 15 -9.713 0 -23.336 -9.558 0 -22.45 -11.553 0 -22.6 -10.196 0 -23.96
4 15 -10.196 0 -23.96 -11.553 0 -22.6 -11.655 0 -22.845 -10.97 0 -24.227
4 15 -11.553 0 -21.45 -11.553 0 -22.6 -9.558 0 -22.45 -9.558 0 -21.65
4 15 -10.97 0 -24.227 -11.655 0 -22.845 -11.9 0 -22.95 -12.3 0 -24.25
4 15 -12.3 0 -21.1 -11.9 0 -21.1 -12.3 0 -19.8 -14.7 0 -19.8
3 15 -11.9 0 -22.95 -12.3 0 -22.95 -12.3 0 -24.25
3 15 -14.7 0 -19.8 -12.3 0 -22.95 -12.3 0 -21.1
4 15 -12.3 0 -24.25 -12.3 0 -22.95 -14.7 0 -19.8 -14.7 0 -27.1
3 15 -12.3 0 -24.25 -14.7 0 -27.1 -12.3 0 -27.1
4 72 -11.9 0 -21.1 -12.3 0 -21.1 -12.3 0 -22.95 -11.9 0 -22.95
4 72 -11.9 0 -21.1 -11.9 0 -22.95 -11.655 0 -22.845 -11.655 0 -21.205
4 72 -11.655 0 -21.205 -11.655 0 -22.845 -11.553 0 -22.6 -11.553 0 -21.45
4 72 -10.97 0 -19.873 -10.196 0 -20.14 -8.204 0 -20.14 -7.33 0 -19.723
4 72 -10.196 0 -20.14 -9.713 0 -20.764 -8.787 0 -20.764 -8.204 0 -20.14
4 72 -9.713 0 -20.764 -9.558 0 -21.65 -8.992 0 -21.5 -8.787 0 -20.764
4 72 -8.992 0 -21.5 -9.558 0 -21.65 -9.558 0 -22.45 -8.992 0 -25.45
4 72 -10.97 0 -24.227 -12.3 0 -24.25 -12.3 0 -27.1 -8.992 0 -25.45
3 72 -10.196 0 -23.96 -10.97 0 -24.227 -8.992 0 -25.45
3 72 -9.713 0 -23.336 -10.196 0 -23.96 -8.992 0 -25.45
3 72 -9.558 0 -22.45 -9.713 0 -23.336 -8.992 0 -25.45
3 72 -8.992 0 -25.45 -12.3 0 -27.1 -8.787 0 -26.186
3 72 -8.787 0 -26.186 -12.3 0 -27.1 -8.204 0 -26.81
4 72 -7.33 0 -27.227 -8.204 0 -26.81 -12.3 0 -27.1 -15.95 0 -28.45
3 72 -5.47 0 -19.723 -4.596 0 -20.14 -2.95 0 -19.8
3 72 -2.95 0 -19.8 -4.596 0 -20.14 -4.013 0 -20.764
3 72 -2.95 0 -19.8 -4.013 0 -20.764 -3.808 0 -21.5
4 72 -2.95 0 -27.1 -4.596 0 -26.81 -5.47 0 -27.227 0 0 -28.45
3 72 -4.013 0 -26.186 -4.596 0 -26.81 -2.95 0 -27.1
3 72 -3.808 0 -25.45 -4.013 0 -26.186 -2.95 0 -27.1
4 72 -2.95 0 -19.8 -3.808 0 -21.5 -3.808 0 -25.45 -2.95 0 -27.1
4 72 -.55 0 -19.8 -.55 0 -25.6 .9 0 -25.6 1.35 0 -19.8
4 72 .9 0 -25.6 .9 0 -27.1 1.35 0 -27.1 1.35 0 -19.8
3 72 6.42 0 -19.723 3.75 0 -19.8 5.546 0 -20.14
3 72 3.75 0 -19.8 4.963 0 -20.764 5.546 0 -20.14
3 72 3.75 0 -19.8 4.758 0 -21.5 4.963 0 -20.764
4 72 4.758 0 -25.45 4.758 0 -21.5 3.75 0 -19.8 3.75 0 -27.1
3 72 4.758 0 -25.45 3.75 0 -27.1 4.963 0 -26.186
3 72 4.963 0 -26.186 3.75 0 -27.1 5.546 0 -26.81
4 72 6.42 0 -27.227 5.546 0 -26.81 3.75 0 -27.1 0 0 -28.45
3 72 8.28 0 -19.723 9.154 0 -20.14 10.9 0 -19.8
3 72 10.9 0 -19.8 9.154 0 -20.14 9.737 0 -20.764
4 72 10.9 0 -19.8 9.737 0 -20.764 9.942 0 -21.5 10.9 0 -22.65
3 72 9.942 0 -21.5 9.942 0 -22.9 10.9 0 -22.65
3 72 10.9 0 -22.65 9.942 0 -22.9 9.942 0 -24.15
4 72 10.9 0 -22.65 9.942 0 -24.15 9.942 0 -25.45 10.9 0 -27.1
3 72 9.942 0 -25.45 9.737 0 -26.186 10.9 0 -27.1
3 72 9.737 0 -26.186 9.154 0 -26.81 10.9 0 -27.1
4 72 10.9 0 -27.1 9.154 0 -26.81 8.28 0 -27.227 15.95 0 -28.45
4 72 13.15 0 -21.3 13.15 0 -22.65 14.6 0 -22.65 14.7 0 -21.3
4 72 14.6 0 -24.15 13.15 0 -24.15 13.15 0 -25.6 14.9 0 -25.6
4 0 -16.492 0 -18.658 -16.717 0 -19.2 -15.95 0 -19.2 -15.95 0 -18.433
4 0 -15.95 0 -18.433 -15.95 0 -19.2 0 0 -19.2 15.95 0 -18.433
4 0 15.95 0 -19.2 16.717 0 -19.2 16.492 0 -18.658 15.95 0 -18.433
3 0 15.95 0 -18.433 0 0 -19.2 15.95 0 -19.2
4 0 -15.95 0 -28.45 -16.717 0 -28.45 -16.492 0 -28.992 -15.95 0 -29.217
4 0 0 0 -28.45 -15.95 0 -28.45 -15.95 0 -29.217 15.95 0 -29.217
4 0 16.492 0 -28.992 16.717 0 -28.45 15.95 0 -28.45 15.95 0 -29.217
3 0 15.95 0 -28.45 0 0 -28.45 15.95 0 -29.217
4 0 -15.95 0 -19.2 -16.717 0 -19.2 -16.717 0 -28.45 -15.95 0 -28.45
4 0 16.717 0 -19.2 15.95 0 -19.2 15.95 0 -28.45 16.717 0 -28.45
4 72 -16.717 0 -19.2 -16.492 0 -18.658 -21.65 0 -16.75 -26.95 0 -22.3
3 72 -21.65 0 -16.75 -16.492 0 -18.658 -15.95 0 -18.433
4 72 -16.717 0 -19.2 -26.95 0 -22.3 -24.78 0 -24.78 -21.33 0 -27.8
4 72 -16.717 0 -28.45 -16.717 0 -19.2 -21.33 0 -27.8 -17.52 0 -30.35
3 72 -16.717 0 -28.45 -17.52 0 -30.35 -16.492 0 -28.992
4 72 -15.95 0 -29.217 -16.492 0 -28.992 -17.52 0 -30.35 -13.41 0 -32.38
4 72 -15.95 0 -29.217 -13.41 0 -32.38 -9.07 0 -33.85 -4.57 0 -34.74
4 72 -15.95 0 -29.217 -4.57 0 -34.74 0 0 -35.04 15.95 0 -29.217
4 72 15.95 0 -29.217 0 0 -35.04 4.57 0 -34.74 9.07 0 -33.85
4 72 15.95 0 -29.217 9.07 0 -33.85 13.41 0 -32.38 17.52 0 -30.35
3 72 16.492 0 -28.992 15.95 0 -29.217 17.52 0 -30.35
4 72 16.717 0 -28.45 16.492 0 -28.992 17.52 0 -30.35 21.33 0 -27.8
4 72 16.717 0 -19.2 16.717 0 -28.45 21.33 0 -27.8 24.78 0 -24.78
4 72 16.717 0 -19.2 24.78 0 -24.78 26.95 0 -22.3 21.65 0 -16.75
3 72 21.65 0 -16.75 16.492 0 -18.658 16.717 0 -19.2
3 72 21.65 0 -16.75 15.95 0 -18.433 16.492 0 -18.658
4 72 -21.65 0 -16.75 -15.95 0 -18.433 15.95 0 -18.433 21.65 0 -16.75
4 72 -15.95 0 -19.2 -15.95 0 -28.45 -14.7 0 -27.1 -14.7 0 -19.8
3 72 -12.3 0 -27.1 -14.7 0 -27.1 -15.95 0 -28.45
4 72 -6.4 0 -27.323 -7.33 0 -27.227 -15.95 0 -28.45 0 0 -28.45
3 72 -5.47 0 -27.227 -6.4 0 -27.323 0 0 -28.45
3 72 .9 0 -27.1 -2.95 0 -27.1 0 0 -28.45
3 72 1.35 0 -27.1 .9 0 -27.1 0 0 -28.45
3 72 3.75 0 -27.1 1.35 0 -27.1 0 0 -28.45
4 72 7.35 0 -27.323 6.42 0 -27.227 0 0 -28.45 15.95 0 -28.45
3 72 8.28 0 -27.227 7.35 0 -27.323 15.95 0 -28.45
3 72 14.9 0 -27.1 10.9 0 -27.1 15.95 0 -28.45
3 72 14.9 0 -25.6 14.9 0 -27.1 15.95 0 -28.45
4 72 14.6 0 -22.65 14.6 0 -24.15 14.9 0 -25.6 15.95 0 -28.45
4 72 14.6 0 -22.65 15.95 0 -28.45 15.95 0 -19.2 14.7 0 -21.3
3 72 15.95 0 -19.2 14.7 0 -19.8 14.7 0 -21.3
3 72 -15.95 0 -19.2 -14.7 0 -19.8 -12.3 0 -19.8
4 72 -15.95 0 -19.2 -12.3 0 -19.8 -10.97 0 -19.873 -7.33 0 -19.723
3 72 -15.95 0 -19.2 -7.33 0 -19.723 -6.4 0 -19.627
3 72 0 0 -19.2 -15.95 0 -19.2 -6.4 0 -19.627
4 72 0 0 -19.2 -6.4 0 -19.627 -5.47 0 -19.723 -2.95 0 -19.8
3 72 0 0 -19.2 -2.95 0 -19.8 -.55 0 -19.8
3 72 0 0 -19.2 -.55 0 -19.8 1.35 0 -19.8
4 72 0 0 -19.2 1.35 0 -19.8 3.75 0 -19.8 6.42 0 -19.723
3 72 0 0 -19.2 6.42 0 -19.723 7.35 0 -19.627
3 72 15.95 0 -19.2 0 0 -19.2 7.35 0 -19.627
4 72 15.95 0 -19.2 7.35 0 -19.627 8.28 0 -19.723 10.9 0 -19.8
3 72 15.95 0 -19.2 10.9 0 -19.8 14.7 0 -19.8
