0 ~Electric Brick  4 x  4 x  0.667 Round - Top with  2 Studs with White Fish Skeleton and Grey Stones Pattern
0 Name: 18605p19.dat
0 Author: Evert-Jan Boer [ejboer]
0 !LDRAW_ORG Unofficial_Part
0 !LICENSE Licensed under CC BY 4.0 : see CAreadme.txt

0 BFC CERTIFY CCW

0 !KEYWORDS Dimensions, Gollum, Lord of the Rings, LOTR, Set 71218

1 16 0 0 0 1 0 0 0 1 0 0 0 1 s\18605s01.dat
1 16 0 0 0 1 0 0 0 1 0 0 0 1 s\18605s02.dat

0 BFC NOCLIP

4 0 -20.4 0 24.9 -21.85 0 25.75 -21.35 0 24.3 -17.8 0 21.65
4 0 -18.9 0 24.85 -20.4 0 24.9 -17.8 0 21.65 -15.95 0 22.95
4 0 -15.95 0 22.95 -17.8 0 21.65 -14.1 0 20.25 -11 0 20.6
4 0 -19.7 0 28.55 -19.75 0 27.6 -18.3 0 27.35 -14.3 0 28.25
4 0 -13.3 0 30 -19.7 0 28.55 -14.3 0 28.25 -10.4 0 29.35
4 0 -10.4 0 29.35 -14.3 0 28.25 -8.9 0 27.45 -8.9 0 29
4 0 -8.9 0 29 -8.9 0 27.45 -7.45 0 28.75 -6.95 0 31.75
3 0 -6.95 0 31.75 -7.45 0 28.75 -5.85 0 31.15
4 0 -5.05 0 24.2 -7.45 0 28.75 -8.9 0 27.45 -6.45 0 23.15
4 0 -4.95 0 20.2 -15.95 0 22.95 -11 0 20.6 -4.8 0 18.8
4 0 -.65 0 22.05 -2.3 0 21.25 6.2 0 22.35 5.7 0 23.7
4 0 5.7 0 23.7 6.2 0 22.35 7.3 0 23.5 9.7 0 28.4
4 0 9.7 0 28.4 7.3 0 23.5 8.8 0 24.9 9.45 0 26.25
4 0 9.7 0 28.4 9.45 0 26.25 10.7 0 27.8 11.058 0 33.177
4 0 7.3 0 23.5 6.2 0 22.35 8.6 0 21.55 9.25 0 22.9
4 0 9.25 0 22.9 8.6 0 21.55 10.5 0 21.95 10.35 0 23.6
4 0 10.35 0 23.6 10.5 0 21.95 12.55 0 21.3 12.8 0 23.55
4 0 8.8 0 24.9 10.35 0 23.6 12.8 0 23.55 9.45 0 26.25
4 0 8.6 0 21.55 8.1 0 20.15 9.05 0 19.2 10.051 0 21.098
4 0 16.75 0 20.1 12.8 0 23.55 12.55 0 21.3 15.35 0 17.75
3 0 16.75 0 20.1 15.35 0 17.75 17.15 0 18.15
4 0 17.15 0 18.15 15.35 0 17.75 17.9 0 16.75 19.05 0 16.75
4 0 -15.15 0 18.6 -14.65 0 17.3 -14.1 0 17.7 -14.1 0 20.25
3 0 -11 0 20.6 -14.1 0 20.25 -14.1 0 17.7
4 0 -14.1 0 17.7 -14.65 0 17.3 -13.75 0 16.75 -13.1 0 16.75
4 72 -17.8 0 21.65 -21.35 0 24.3 -18.55 0 19.9 -15.15 0 18.6
3 72 -17.8 0 21.65 -15.15 0 18.6 -14.1 0 20.25
4 72 -4.8 0 18.8 -5.6 0 18.35 -2.75 0 17.4 5.6 0 19.95
4 72 6.2 0 22.35 -4.8 0 18.8 5.6 0 19.95 8.6 0 21.55
4 72 8.1 0 20.15 8.6 0 21.55 5.6 0 19.95 6.727 0 19.473
4 72 11.6 0 18 15.35 0 17.75 12.55 0 21.3 10.5 0 21.95
4 72 15.35 0 17.75 11.6 0 18 11.15 0 16.75 17.9 0 16.75
3 72 23.907 0 19.114 22.4 0 18.65 21.65 0 16.75
3 72 12.8 0 23.55 16.75 0 20.1 16.1 0 22.3
4 72 19.9 0 23.55 16.1 0 22.3 16.75 0 20.1 22.4 0 20.15
4 72 20.35 0 25 19.9 0 23.55 22.4 0 20.15 24.78 0 24.78
4 72 20.35 0 25 24.78 0 24.78 21.33 0 27.8 19.146 0 29.262
4 72 -14.3 0 28.25 -18.3 0 27.35 -14.7 0 25.45 -12.8 0 26
4 72 -8.9 0 27.45 -14.3 0 28.25 -12.8 0 26 -10.4 0 25.75
4 72 -6.45 0 23.15 -8.9 0 27.45 -10.4 0 25.75 -8.2 0 22.2
4 72 -2.3 0 21.25 -6.45 0 23.15 -8.2 0 22.2 -3.534 0 20.761
4 72 -6.547 0 34.349 -9.07 0 33.85 -9.2 0 32 -6.95 0 31.75
4 72 -6.95 0 31.75 -9.2 0 32 -10.4 0 29.35 -8.9 0 29
4 72 -4.57 0 34.74 -5.1 0 29.45 -3.95 0 29.7 -3.4 0 31.4
4 72 0 0 35.04 -4.57 0 34.74 -3.4 0 31.4 -.2 0 32.3
4 72 9.07 0 33.85 4.57 0 34.74 5.1 0 31.75 9.7 0 28.4
3 72 5.1 0 31.75 5.35 0 28.6 9.7 0 28.4
3 72 9.07 0 33.85 9.7 0 28.4 11.058 0 33.177
4 72 9.7 0 28.4 5.35 0 28.6 3.9 0 26.7 5.7 0 23.7
4 72 5.7 0 23.7 3.9 0 26.7 1.8 0 26.45 -.65 0 22.05
3 71 -23.364 0 26.02 -23.704 0 25.722 -21.35 0 24.3
4 71 -21.33 0 27.8 -23.01 0 26.33 -21.85 0 25.75 -19.75 0 27.6
3 71 -19.75 0 27.6 -21.85 0 25.75 -20.4 0 24.9
4 71 -18.55 0 19.9 -23.983 0 25.477 -24.78 0 24.78 -26.95 0 22.3
4 71 -18.55 0 19.9 -26.95 0 22.3 -21.65 0 16.75 -21.05 0 16.75
3 71 -18.55 0 19.9 -21.05 0 16.75 -19.898 0 17.111
3 71 -14.65 0 17.3 -17.1 0 16.75 -13.75 0 16.75
4 71 -11 0 20.6 -14.1 0 17.7 -13.1 0 16.75 -5.6 0 18.35
3 71 -11 0 20.6 -5.6 0 18.35 -4.8 0 18.8
3 71 -5.6 0 18.35 -13.1 0 16.75 -2.75 0 17.4
3 71 -2.75 0 17.4 -13.1 0 16.75 1.2 0 16.75
4 71 5.6 0 19.95 -2.75 0 17.4 1.2 0 16.75 6.727 0 19.473
4 71 3.8 0 16.75 11.15 0 16.75 11.6 0 18 9.05 0 19.2
3 71 10.051 0 21.098 9.05 0 19.2 11.6 0 18
4 71 8.8 0 24.9 7.3 0 23.5 9.25 0 22.9 10.35 0 23.6
4 71 19.864 0 18.409 17.15 0 18.15 19.05 0 16.75 20.8 0 16.75
4 71 10.7 0 27.8 9.45 0 26.25 12.8 0 23.55 16.1 0 22.3
4 71 10.7 0 27.8 16.1 0 22.3 19.9 0 23.55 20.35 0 25
4 71 10.7 0 27.8 20.35 0 25 19.146 0 29.262 17.52 0 30.35
4 71 10.7 0 27.8 17.52 0 30.35 13.41 0 32.38 11.61 0 32.99
4 71 3.551 0 34.807 .758 0 34.99 -.2 0 32.3 5.1 0 31.75
4 71 5.35 0 28.6 5.1 0 31.75 -.2 0 32.3 3.9 0 26.7
4 71 1.8 0 26.45 3.9 0 26.7 -.2 0 32.3 -3.4 0 31.4
4 71 1.8 0 26.45 -3.4 0 31.4 -3.95 0 29.7 -1.801 0 22.612
4 71 -5.05 0 24.2 -1.801 0 22.612 -3.95 0 29.7 -5.1 0 29.45
4 71 -7.45 0 28.75 -5.05 0 24.2 -5.1 0 29.45 -5.85 0 31.15
4 71 -5.896 0 34.478 -5.85 0 31.15 -5.1 0 29.45 -4.912 0 34.672
4 71 -17.52 0 30.35 -20.071 0 28.643 -19.7 0 28.55 -13.3 0 30
4 71 -13.41 0 32.38 -17.52 0 30.35 -13.3 0 30 -12.338 0 32.743
4 71 -12.338 0 32.743 -13.3 0 30 -10.4 0 29.35 -9.2 0 32
4 71 -18.445 0 26.745 -18.9 0 24.85 -15.95 0 22.95 -14.7 0 25.45
4 71 -12.8 0 26 -14.7 0 25.45 -15.95 0 22.95 -10.4 0 25.75
3 71 -10.4 0 25.75 -15.95 0 22.95 -8.2 0 22.2
4 71 -8.2 0 22.2 -15.95 0 22.95 -4.95 0 20.2 -3.534 0 20.761
4 72 -21.35 0 24.3 -23.704 0 25.722 -23.983 0 25.477 -18.55 0 19.9
3 72 -18.55 0 19.9 -19.898 0 17.111 -15.15 0 18.6
3 72 -18.3 0 27.35 -18.445 0 26.745 -14.7 0 25.45
3 72 -9.07 0 33.85 -12.338 0 32.743 -9.2 0 32
3 72 -4.57 0 34.74 -4.912 0 34.672 -5.1 0 29.45
3 72 3.551 0 34.807 5.1 0 31.75 4.57 0 34.74
3 72 1.8 0 26.45 -1.801 0 22.612 -.65 0 22.05
3 72 10.5 0 21.95 10.051 0 21.098 11.6 0 18
4 72 19.864 0 18.409 20.8 0 16.75 21.65 0 16.75 22.4 0 18.65
4 72 22.4 0 20.15 25.882 0 21.182 26.95 0 22.3 24.78 0 24.78
3 0 11.058 0 33.177 10.7 0 27.8 11.61 0 32.99
3 72 0 0 35.04 -.2 0 32.3 .758 0 34.99
4 0 -6.547 0 34.349 -6.95 0 31.75 -5.85 0 31.15 -5.896 0 34.478
4 0 -20.071 0 28.643 -21.33 0 27.8 -19.75 0 27.6 -19.7 0 28.55
4 0 -21.85 0 25.75 -23.01 0 26.33 -23.364 0 26.02 -21.35 0 24.3
4 0 22.4 0 20.15 22.4 0 18.65 23.907 0 19.114 25.882 0 21.182
4 0 -32.4 0 4.85 -32.5 0 2.9 -31.25 0 3.5 -30.55 0 5.85
4 0 -31.75 0 6.7 -32.4 0 4.85 -30.55 0 5.85 -30.65 0 7.85
4 0 -32.3 0 7.75 -32.4 0 7 -31.75 0 6.7 -30.65 0 7.85
3 0 -30.1 0 9.8 -32.3 0 7.75 -30.65 0 7.85
4 0 -30.55 0 5.85 -29.1 0 5.45 -28.25 0 6.65 -29.685 0 7.368
4 0 -31.25 0 3.5 -32.5 0 2.9 -31.05 0 -3.1 -27.85 0 -7.15
3 0 -31.05 0 -3.1 -30.1 0 -4.8 -27.85 0 -7.15
3 0 -30.1 0 -4.8 -29.3 0 -7.35 -27.85 0 -7.15
4 0 -29.65 0 -13.65 -27.85 0 -7.15 -29.3 0 -7.35 -30.85 0 -13.4
4 0 -29.65 0 -13.65 -30.85 0 -13.4 -30.75 0 -14.2 -28.538 0 -14.877
4 72 -31.7 0 13.55 -28.508 0 14.849 -30.65 0 16.9 -32.133 0 13.89
4 72 -28.508 0 14.849 -31.7 0 13.55 -33.85 0 9.07 -33.971 0 8.461
4 72 -30.1 0 9.8 -30.65 0 7.85 -29.6 0 8.05 -27.8 0 8.8
4 72 -26.349 0 12.782 -30.1 0 9.8 -27.8 0 8.8 -25.95 0 12.4
4 72 -29.5 0 3.8 -29.1 0 5.45 -30.55 0 5.85 -31.25 0 3.5
3 72 -29.5 0 3.8 -31.25 0 3.5 -29.75 0 2.9
4 72 -27.4 0 -5.25 -29.75 0 2.9 -31.25 0 3.5 -27.85 0 -7.15
4 72 -32.3 0 -10.9 -32.45 0 -8.95 -33.589 0 -9.836 -33.009 0 -11.535
4 72 -35.04 0 0 -31.05 0 -3.1 -32.5 0 2.9 -34.74 0 4.57
3 72 -34.668 0 4.935 -34.74 0 4.57 -32.5 0 2.9
4 71 -32.37 0 13.41 -33.85 0 9.07 -31.7 0 13.55 -32.133 0 13.89
3 71 -32.3 0 7.75 -33.65 0 6.3 -32.4 0 7
4 71 -32.4 0 7 -33.65 0 6.3 -32.4 0 4.85 -31.75 0 6.7
4 71 -27.8 0 8.8 -29.6 0 8.05 -29.685 0 7.368 -28.25 0 6.65
4 71 -25.95 0 7.963 -27.8 0 8.8 -28.25 0 6.65 -25.95 0 2.137
4 71 -27.803 0 2.913 -29.5 0 3.8 -29.75 0 2.9 -27.4 0 -5.25
4 71 -25.95 0 -.713 -27.803 0 2.913 -27.4 0 -5.25 -25.95 0 -12.4
4 71 -25.95 0 -12.4 -27.4 0 -5.25 -27.85 0 -7.15 -28.538 0 -14.877
3 71 -27.85 0 -7.15 -29.65 0 -13.65 -28.538 0 -14.877
4 71 -30.75 0 -14.2 -30.85 0 -13.4 -32.37 0 -13.41 -31.37 0 -15.44
4 71 -32.3 0 -10.9 -33.009 0 -11.535 -32.37 0 -13.41 -30.85 0 -13.4
4 71 -32.3 0 -10.9 -30.85 0 -13.4 -29.3 0 -7.35 -30.65 0 -5.771
3 71 -30.1 0 -4.8 -30.65 0 -5.771 -29.3 0 -7.35
4 71 -33.2 0 -3.75 -34.903 0 -2.09 -34.74 0 -4.57 -32.98 0 -6.915
4 71 -33.2 0 -7.35 -32.98 0 -6.915 -34.74 0 -4.57 -34.118 0 -7.717
4 0 -33.2 0 -7.35 -34.118 0 -7.717 -33.85 0 -9.07 -32.45 0 -8.95
3 0 -32.45 0 -8.95 -33.85 0 -9.07 -33.589 0 -9.836
4 0 -28.538 0 -14.877 -30.75 0 -14.2 -31.37 0 -15.44 -30.65 0 -16.9
4 0 -28.25 0 6.65 -29.1 0 5.45 -27.803 0 2.913 -25.95 0 2.137
3 0 -27.803 0 2.913 -25.95 0 -.713 -25.95 0 2.137
3 72 -25.95 0 12.4 -27.8 0 8.8 -25.95 0 7.963
3 72 -29.6 0 8.05 -30.65 0 7.85 -29.685 0 7.368
3 72 -29.1 0 5.45 -29.5 0 3.8 -27.803 0 2.913
4 72 -35.04 0 0 -34.903 0 -2.09 -33.2 0 -3.75 -31.05 0 -3.1
3 72 -30.65 0 -5.771 -32.45 0 -8.95 -32.3 0 -10.9
3 72 -31.05 0 -3.1 -33.2 0 -3.75 -32.98 0 -6.915
4 0 -30.65 0 -5.771 -30.1 0 -4.8 -31.05 0 -3.1 -32.98 0 -6.915
4 0 -32.45 0 -8.95 -30.65 0 -5.771 -32.98 0 -6.915 -33.2 0 -7.35
4 0 -32.4 0 4.85 -33.65 0 6.3 -34.668 0 4.935 -32.5 0 2.9
3 0 -33.971 0 8.461 -34.668 0 4.935 -33.65 0 6.3
4 0 -33.971 0 8.461 -33.65 0 6.3 -32.3 0 7.75 -28.508 0 14.849
3 0 -28.508 0 14.849 -32.3 0 7.75 -30.1 0 9.8
3 0 -28.508 0 14.849 -30.1 0 9.8 -26.349 0 12.782
4 0 27.65 0 12.85 25.95 0 12.4 27.95 0 9.7 29.1 0 10.55
4 0 27.65 0 12.85 29.1 0 10.55 30.35 0 15.05 28.127 0 14.484
4 0 27.65 0 3.7 29.1 0 10.55 27.95 0 9.7 26.1 0 3.65
4 0 28.45 0 1.2 27.65 0 3.7 26.1 0 3.65 29.6 0 -7.55
4 0 29.4 0 -.55 28.45 0 1.2 29.6 0 -7.55 31.05 0 -7.05
4 0 28.95 0 -9.9 27.5 0 -9.5 26.55 0 -10.55 29.15 0 -11.75
4 0 28.95 0 -9.9 29.15 0 -11.75 30.2 0 -10.7 30.8 0 -8.7
4 0 29.6 0 -7.55 28.95 0 -9.9 30.8 0 -8.7 31.05 0 -7.05
4 0 31.15 0 -11.35 30.2 0 -10.7 29.15 0 -11.75 29 0 -12.5
4 72 27.7 0 -8.15 27.5 0 -9.5 28.95 0 -9.9 29.6 0 -7.55
4 72 31.05 0 -1.4 29.4 0 -.55 31.05 0 -7.05 34.74 0 -4.57
3 72 29.95 0 6 28.45 0 1.2 30.65 0 5.15
3 71 25.95 0 12.4 26.1 0 3.65 27.95 0 9.7
3 71 25.95 0 12.4 25.95 0 1.381 26.1 0 3.65
4 71 27.65 0 3.7 28.45 0 1.2 29.95 0 6 29.1 0 10.55
4 71 29.1 0 10.55 29.95 0 6 33.901 0 8.81 33.85 0 9.07
4 71 29.1 0 10.55 33.85 0 9.07 32.37 0 13.41 30.35 0 15.05
3 71 31.088 0 16.012 30.35 0 15.05 32.37 0 13.41
4 71 34.74 0 4.57 34.601 0 5.275 31.55 0 3.75 30.811 0 2.271
4 71 34.74 0 4.57 30.811 0 2.271 31.05 0 -1.4 35.04 0 0
3 71 35.04 0 0 31.05 0 -1.4 34.74 0 -4.57
4 71 27.7 0 -8.15 25.95 0 -3.119 25.95 0 -6.185 27.5 0 -9.5
4 71 30.2 0 -10.7 31.15 0 -11.35 32.15 0 -10.4 30.8 0 -8.7
4 71 26.55 0 -10.55 25.95 0 -9.246 25.95 0 -12.4 26.859 0 -13.271
4 71 26.55 0 -10.55 26.859 0 -13.271 29 0 -12.5 29.15 0 -11.75
4 71 29.459 0 -15.759 30.65 0 -16.9 32.37 0 -13.41 32.879 0 -11.916
3 72 30.811 0 2.271 29.4 0 -.55 31.05 0 -1.4
4 72 33.901 0 8.81 29.95 0 6 30.65 0 5.15 34.178 0 7.412
3 72 28.127 0 14.484 27.032 0 13.436 27.65 0 12.85
4 72 29.6 0 -7.55 26.1 0 3.65 25.95 0 1.381 25.95 0 -3.119
3 72 25.95 0 -3.119 27.7 0 -8.15 29.6 0 -7.55
4 72 31.05 0 -7.05 33.72 0 -9.453 33.85 0 -9.07 34.74 0 -4.57
3 72 29 0 -12.5 26.859 0 -13.271 28.171 0 -14.526
4 0 25.95 0 -9.246 26.55 0 -10.55 27.5 0 -9.5 25.95 0 -6.185
4 0 29 0 -12.5 28.171 0 -14.526 29.459 0 -15.759 32.879 0 -11.916
4 0 33.72 0 -9.453 31.05 0 -7.05 30.8 0 -8.7 32.15 0 -10.4
4 0 32.879 0 -11.916 33.72 0 -9.453 32.15 0 -10.4 31.15 0 -11.35
3 0 31.15 0 -11.35 29 0 -12.5 32.879 0 -11.916
4 0 30.65 0 5.15 31.55 0 3.75 34.601 0 5.275 34.178 0 7.412
3 0 27.032 0 13.436 25.95 0 12.4 27.65 0 12.85
4 0 30.65 0 16.9 28.127 0 14.484 30.35 0 15.05 31.088 0 16.012
4 0 -17.4 0 -18.35 -16.65 0 -19.95 -14.9 0 -18.15 -17.15 0 -18
4 0 -13.4 0 -20.05 -14.9 0 -18.15 -16.65 0 -19.95 -15.15 0 -21.45
4 0 12.6 0 -16.75 13.65 0 -18.05 14.3 0 -17.65 13.35 0 -16.75
4 0 14.3 0 -17.65 13.65 0 -18.05 14.9 0 -18.8 16.85 0 -17.05
3 0 21.65 0 -16.75 16.85 0 -17.05 14.9 0 -18.8
3 0 21.65 0 -16.75 16.85 0 -16.75 16.85 0 -17.05
4 0 13.7 0 -20.6 14.9 0 -18.8 13.65 0 -18.05 12.95 0 -19
4 0 13.7 0 -20.6 12.95 0 -19 10.7 0 -20.7 12.65 0 -22.25
4 0 -11.4 0 -22.95 -13.12 0 -22.237 -13.262 0 -22.95 -13.12 0 -23.663
4 0 -11.4 0 -22.95 -13.12 0 -23.663 -12.717 0 -24.267 -12.113 0 -24.67
4 0 -11.4 0 -22.95 -12.113 0 -24.67 -11.4 0 -24.812 -10.687 0 -24.67
4 0 -11.4 0 -22.95 -10.687 0 -24.67 -10.083 0 -24.267 -9.68 0 -23.663
4 0 -11.4 0 -22.95 -9.68 0 -23.663 -9.538 0 -22.95 -9.68 0 -22.237
4 0 -11.4 0 -22.95 -9.68 0 -22.237 -10.083 0 -21.633 -10.687 0 -21.23
4 0 -11.4 0 -22.95 -10.687 0 -21.23 -11.4 0 -21.088 -12.113 0 -21.23
4 0 -11.4 0 -22.95 -12.113 0 -21.23 -12.717 0 -21.633 -13.12 0 -22.237
4 15 -13.05 0 -20.85 -12.717 0 -21.633 -12.113 0 -21.23 -11.8 0 -20
4 15 -11.8 0 -20 -12.113 0 -21.23 -11.4 0 -21.088 -10.35 0 -19.3
4 15 -10.35 0 -19.3 -11.4 0 -21.088 -10.687 0 -21.23 -9.3 0 -19
4 15 -8.7 0 -19 -9.3 0 -19 -10.687 0 -21.23 -8.35 0 -19.15
4 15 -8.35 0 -19.15 -10.687 0 -21.23 -10.083 0 -21.633 -8.15 0 -19.4
4 15 -8.2 0 -19.9 -8.15 0 -19.4 -10.083 0 -21.633 -9.68 0 -22.237
4 15 -8.3 0 -21.6 -8.2 0 -19.9 -9.68 0 -22.237 -9.538 0 -22.95
4 15 -8.3 0 -22.8 -8.3 0 -21.6 -9.538 0 -22.95 -9.68 0 -23.663
4 15 -8.2 0 -23.9 -8.3 0 -22.8 -9.68 0 -23.663 -10.083 0 -24.267
4 15 -8.1 0 -25.05 -8.2 0 -23.9 -10.083 0 -24.267 -8.15 0 -25.5
4 15 -8.3 0 -25.8 -8.15 0 -25.5 -10.083 0 -24.267 -8.6 0 -26
4 15 -8.6 0 -26 -10.083 0 -24.267 -10.687 0 -24.67 -9.4 0 -26.15
4 15 -10.65 0 -26.25 -9.4 0 -26.15 -10.687 0 -24.67 -11.4 0 -24.812
4 15 -12.15 0 -26.3 -10.65 0 -26.25 -11.4 0 -24.812 -12.113 0 -24.67
4 15 -13 0 -26.4 -12.15 0 -26.3 -12.113 0 -24.67 -12.717 0 -24.267
4 15 -12.717 0 -21.633 -13.05 0 -20.85 -14.15 0 -21.7 -13.12 0 -22.237
4 15 -13.12 0 -22.237 -14.15 0 -21.7 -15.2 0 -22.7 -13.262 0 -22.95
4 15 -13.262 0 -22.95 -15.2 0 -22.7 -15.85 0 -23.7 -13.12 0 -23.663
4 15 -13.12 0 -23.663 -15.85 0 -23.7 -16.3 0 -24.5 -16.45 0 -25.05
4 15 -13.12 0 -23.663 -16.45 0 -25.05 -16.45 0 -25.6 -16.3 0 -26.1
4 15 -12.717 0 -24.267 -13.12 0 -23.663 -16.3 0 -26.1 -15.85 0 -26.8
4 15 -12.717 0 -24.267 -15.85 0 -26.8 -15.4 0 -27.1 -15 0 -27.2
4 15 -12.717 0 -24.267 -15 0 -27.2 -14.45 0 -27 -13.95 0 -26.7
3 15 -12.717 0 -24.267 -13.95 0 -26.7 -13.5 0 -26.5
3 15 -12.717 0 -24.267 -13.5 0 -26.5 -13 0 -26.4
4 15 -12.6 0 -28.85 -12.9 0 -27.45 -13.55 0 -27.7 -13.45 0 -28.75
4 15 -13.45 0 -28.75 -13.55 0 -27.7 -13.85 0 -28.05 -13.75 0 -28.6
3 15 -13.85 0 -28.05 -13.9 0 -28.35 -13.75 0 -28.6
4 15 -12.2 0 -27.4 -12.9 0 -27.45 -12.6 0 -28.85 -11.05 0 -27.35
4 15 -11.05 0 -27.35 -12.6 0 -28.85 -10.4 0 -28.9 -9.7 0 -27.35
4 15 -9.7 0 -27.35 -10.4 0 -28.9 -8.5 0 -28.9 -8.95 0 -26.75
4 15 -8.95 0 -26.75 -8.5 0 -28.9 -7.55 0 -28.9 -7.15 0 -28.8
4 15 -8.95 0 -26.75 -7.15 0 -28.8 -6.9 0 -28.6 -6.9 0 -28.3
4 15 -8.95 0 -26.75 -6.9 0 -28.3 -7.1 0 -27.75 -8.3 0 -26.4
3 15 -8.3 0 -26.4 -7.1 0 -27.75 -7.5 0 -26.8
3 15 -7.7 0 -26.15 -8.3 0 -26.4 -7.5 0 -26.8
4 15 -6.15 0 -23.25 -7.7 0 -23.4 -7.65 0 -24.3 -6.1 0 -24.05
4 15 -6.1 0 -24.05 -7.65 0 -24.3 -7.6 0 -24.7 -6.05 0 -24.6
4 15 -6.15 0 -24.85 -6.05 0 -24.6 -7.6 0 -24.7 -7.5 0 -24.95
4 15 -6.15 0 -24.85 -7.5 0 -24.95 -7.3 0 -25.05 -6.35 0 -24.95
4 15 -7.65 0 -23 -7.7 0 -23.4 -6.15 0 -23.25 -6.25 0 -22.85
4 15 -7.5 0 -22.8 -7.65 0 -23 -6.25 0 -22.85 -6.45 0 -22.7
4 15 -5.65 0 -22.75 -5.6 0 -23.9 -3.65 0 -23.65 -5.6 0 -21.75
4 15 -5.6 0 -21.75 -3.65 0 -23.65 -3.7 0 -21.5 -5.3 0 -20.45
4 15 -5.3 0 -20.45 -3.7 0 -21.5 -3.7 0 -20.25 -4.75 0 -19.35
4 15 -4.75 0 -19.35 -3.7 0 -20.25 -3.8 0 -19.25 -4.4 0 -18.95
4 15 -4.4 0 -18.95 -3.8 0 -19.25 -3.85 0 -18.9 -4.2 0 -18.8
3 15 -4 0 -18.75 -4.2 0 -18.8 -3.85 0 -18.9
4 15 -3.65 0 -23.65 -5.6 0 -23.9 -5.3 0 -25.4 -3.5 0 -25.8
4 15 -3.5 0 -25.8 -5.3 0 -25.4 -4.8 0 -26.85 -3.35 0 -27.35
4 15 -3.35 0 -27.35 -4.8 0 -26.85 -4.05 0 -28.1 -3.3 0 -28.15
4 15 -3.3 0 -28.15 -4.05 0 -28.1 -3.8 0 -28.4 -3.35 0 -28.35
3 15 -3.35 0 -28.35 -3.8 0 -28.4 -3.55 0 -28.45
4 15 -1.4 0 -22.7 -3.05 0 -22.7 -3.1 0 -23.3 -1.45 0 -23.2
4 15 -1.45 0 -23.2 -3.1 0 -23.3 -3.05 0 -23.95 -1.45 0 -23.8
4 15 -1.45 0 -23.8 -3.05 0 -23.95 -2.95 0 -24.45 -1.4 0 -24.4
4 15 -1.4 0 -24.4 -2.95 0 -24.45 -2.8 0 -24.65 -1.45 0 -24.55
4 15 -2.9 0 -22.5 -3.05 0 -22.7 -1.4 0 -22.7 -1.5 0 -22.5
4 15 -2.6 0 -22.4 -2.9 0 -22.5 -1.5 0 -22.5 -1.85 0 -22.4
4 15 -1.45 0 -24.55 -2.8 0 -24.65 -2.6 0 -24.7 -1.7 0 -24.65
4 15 -.75 0 -21.85 -.9 0 -22.9 .6 0 -23.2 .6 0 -21.75
4 15 -.75 0 -21.85 .6 0 -21.75 .55 0 -20.7 -.55 0 -21.05
4 15 -.05 0 -20.1 -.3 0 -20.45 .55 0 -20.7 .45 0 -20.1
4 15 -.05 0 -20.1 .45 0 -20.1 .35 0 -19.95 .15 0 -19.95
4 15 .6 0 -23.2 -.9 0 -22.9 -.9 0 -24.05 .55 0 -24.55
4 15 .55 0 -24.55 -.9 0 -24.05 -.75 0 -25.05 -.5 0 -25.85
4 15 .5 0 -26.15 .55 0 -24.55 -.5 0 -25.85 -.15 0 -26.8
4 15 .45 0 -26.95 .5 0 -26.15 -.15 0 -26.8 .1 0 -27.3
4 15 .4 0 -27.3 .45 0 -26.95 .1 0 -27.3 .25 0 -27.4
3 15 -.3 0 -20.45 -.55 0 -21.05 .55 0 -20.7
4 15 2.8 0 -22.85 1.15 0 -22.7 1.1 0 -23.35 2.7 0 -23.45
4 15 2.7 0 -23.45 1.1 0 -23.35 1.1 0 -23.95 2.65 0 -23.95
4 15 2.65 0 -23.95 1.1 0 -23.95 1.15 0 -24.45 2.7 0 -24.4
4 15 2.7 0 -24.4 1.15 0 -24.45 1.3 0 -24.65 1.9 0 -24.75
4 15 2.7 0 -24.4 1.9 0 -24.75 2.55 0 -24.75 2.7 0 -24.6
4 15 1.25 0 -22.55 1.15 0 -22.7 2.8 0 -22.85 2.75 0 -22.65
4 15 1.5 0 -22.45 1.25 0 -22.55 2.75 0 -22.65 2.6 0 -22.55
4 15 3.2 0 -23.75 4.25 0 -24.65 4.3 0 -23.35 3.3 0 -22.95
4 15 3.5 0 -22.1 3.3 0 -22.95 4.3 0 -23.35 4.35 0 -22.2
4 15 3.8 0 -21.4 3.5 0 -22.1 4.35 0 -22.2 4.35 0 -21.35
4 15 4 0 -21.15 3.8 0 -21.4 4.35 0 -21.35 4.15 0 -21.05
3 15 4.15 0 -21.05 4.35 0 -21.35 4.3 0 -21.1
4 15 4.25 0 -24.65 3.2 0 -23.75 3.2 0 -24.6 3.3 0 -25.2
4 15 4.2 0 -25.5 4.25 0 -24.65 3.3 0 -25.2 3.5 0 -25.9
4 15 4.15 0 -26.05 4.2 0 -25.5 3.5 0 -25.9 3.7 0 -26.35
4 15 4.1 0 -26.35 4.15 0 -26.05 3.7 0 -26.35 3.8 0 -26.45
3 15 4.1 0 -26.35 3.8 0 -26.45 4 0 -26.45
4 15 6.4 0 -23.3 4.9 0 -23.05 4.85 0 -23.55 6.3 0 -23.75
4 15 6.3 0 -23.75 4.85 0 -23.55 4.8 0 -24.1 6.2 0 -24.35
4 15 6.2 0 -24.35 4.8 0 -24.1 4.8 0 -24.75 6.15 0 -24.85
4 15 6.15 0 -24.85 4.8 0 -24.75 4.9 0 -24.9 6.05 0 -25
4 15 5.05 0 -22.9 4.9 0 -23.05 6.4 0 -23.3 6.35 0 -23.1
4 15 5.3 0 -22.85 5.05 0 -22.9 6.35 0 -23.1 6.2 0 -23
4 15 6.85 0 -24.15 7.6 0 -24.25 7.65 0 -23.65 7.05 0 -23.3
4 15 7.05 0 -23.3 7.65 0 -23.65 7.65 0 -23 7.3 0 -22.85
4 15 7.45 0 -22.75 7.3 0 -22.85 7.65 0 -23 7.6 0 -22.8
4 15 7.6 0 -24.25 6.85 0 -24.15 6.85 0 -24.7 7.5 0 -24.8
4 15 7.5 0 -24.8 6.85 0 -24.7 6.9 0 -25.15 7.45 0 -25.25
4 15 7.45 0 -25.25 6.9 0 -25.15 7.05 0 -25.5 7.45 0 -25.5
4 15 7.45 0 -25.5 7.05 0 -25.5 7.2 0 -25.7 7.4 0 -25.65
4 15 8.55 0 -23.35 8.4 0 -23.45 8.2 0 -24.3 8.75 0 -23.35
4 15 8.2 0 -24.3 8.1 0 -25.1 8.15 0 -25.25 8.25 0 -25.35
4 15 8.75 0 -23.35 8.2 0 -24.3 8.25 0 -25.35 9.8 0 -23.55
4 15 9.8 0 -23.55 8.25 0 -25.35 9.5 0 -25.6 11.3 0 -23.9
4 15 11.3 0 -23.9 9.5 0 -25.6 11.2 0 -25.95 12.9 0 -24.35
4 15 12.9 0 -24.35 11.2 0 -25.95 12.6 0 -26.25 13.7 0 -24.7
4 15 13.7 0 -24.7 12.6 0 -26.25 13.6 0 -26.3 14.2 0 -25.1
4 15 14.2 0 -25.1 13.6 0 -26.3 14.1 0 -26.2 14.4 0 -25.45
4 15 14.45 0 -25.75 14.4 0 -25.45 14.1 0 -26.2 14.35 0 -26
4 15 12.65 0 -22.25 11.6 0 -22.65 11.95 0 -23.5 12.8 0 -23.75
4 15 13.8 0 -21.95 12.65 0 -22.25 12.8 0 -23.75 13.65 0 -24.05
4 15 14.65 0 -21.85 13.8 0 -21.95 13.65 0 -24.05 14.8 0 -23.3
4 15 14.65 0 -21.85 14.8 0 -23.3 15.2 0 -22.75 15.25 0 -21.85
4 15 15.45 0 -21.9 15.25 0 -21.85 15.2 0 -22.75 15.55 0 -22.35
4 15 15.6 0 -22 15.45 0 -21.9 15.55 0 -22.35 15.65 0 -22.2
3 15 14.8 0 -23.3 13.65 0 -24.05 14.25 0 -24.35
4 15 11.95 0 -23.5 11.6 0 -22.65 11.15 0 -22.9 11.15 0 -23.3
4 15 11.15 0 -23.3 11.15 0 -22.9 11 0 -23 11 0 -23.2
4 15 11.85 0 -26.7 10.9 0 -26.45 10.7 0 -27.05 11.5 0 -27.95
4 15 12.95 0 -26.9 11.85 0 -26.7 11.5 0 -27.95 12.45 0 -28.85
4 15 13.45 0 -26.9 12.95 0 -26.9 12.45 0 -28.85 13.6 0 -27
4 15 13.7 0 -27.15 13.6 0 -27 12.45 0 -28.85 13.75 0 -27.45
4 15 13.75 0 -28.25 13.75 0 -27.45 12.45 0 -28.85 13.15 0 -29.45
4 15 13.8 0 -28.9 13.75 0 -28.25 13.15 0 -29.45 13.6 0 -29.8
4 15 13.9 0 -29.3 13.8 0 -28.9 13.6 0 -29.8 13.95 0 -29.6
3 15 13.95 0 -29.6 13.6 0 -29.8 13.85 0 -29.75
4 15 10.7 0 -27.05 10.9 0 -26.45 10.65 0 -26.45 10.55 0 -26.8
3 15 10.65 0 -26.45 10.5 0 -26.6 10.55 0 -26.8
4 0 -13.4 0 -20.05 -15.15 0 -21.45 -14.15 0 -21.7 -13.05 0 -20.85
4 0 -12.25 0 -19.3 -13.4 0 -20.05 -13.05 0 -20.85 -11.8 0 -20
4 0 -10.9 0 -18.6 -12.25 0 -19.3 -11.8 0 -20 -10.35 0 -19.3
4 0 -9.85 0 -18.25 -10.9 0 -18.6 -10.35 0 -19.3 -9.3 0 -19
4 0 -9 0 -18.15 -9.85 0 -18.25 -9.3 0 -19 -8.35 0 -18.2
4 0 -8.35 0 -18.2 -9.3 0 -19 -8.7 0 -19 -8 0 -18.3
4 0 -8 0 -18.3 -8.7 0 -19 -8.35 0 -19.15 -7.65 0 -18.5
4 0 -7.65 0 -18.5 -8.35 0 -19.15 -8.15 0 -19.4 -7.2 0 -19.85
4 0 -7.2 0 -19.85 -8.15 0 -19.4 -8.2 0 -19.9 -7.35 0 -20.5
4 0 -7.35 0 -20.5 -8.2 0 -19.9 -8.3 0 -21.6 -7.4 0 -21.2
4 0 -7.4 0 -21.85 -7.4 0 -21.2 -8.3 0 -21.6 -8.3 0 -22.8
4 0 -7.5 0 -22.8 -7.4 0 -21.85 -8.3 0 -22.8 -7.65 0 -23
4 0 -7.7 0 -23.4 -7.65 0 -23 -8.3 0 -22.8 -8.2 0 -23.9
4 0 -7.65 0 -24.3 -7.7 0 -23.4 -8.2 0 -23.9 -8.1 0 -25.05
3 0 -7.65 0 -24.3 -8.1 0 -25.05 -7.6 0 -24.7
4 0 -7.5 0 -24.95 -7.6 0 -24.7 -8.1 0 -25.05 -8.15 0 -25.5
4 0 -7.3 0 -25.05 -7.5 0 -24.95 -8.15 0 -25.5 -7.7 0 -26.15
4 0 -7.65 0 -18.5 -7.2 0 -19.85 -5.75 0 -18.95 -3.75 0 -16.75
4 0 -3.5 0 -17.8 -3.75 0 -16.75 -5.75 0 -18.95 -4.2 0 -18.8
3 0 -.95 0 -16.75 -3.75 0 -16.75 -3.5 0 -17.8
4 0 -4.4 0 -18.95 -5.75 0 -18.95 -5.55 0 -19.2 -4.75 0 -19.35
4 0 -4.75 0 -19.35 -5.55 0 -19.2 -5.8 0 -19.7 -5.3 0 -20.45
4 0 -5.3 0 -20.45 -5.8 0 -19.7 -6.05 0 -20.3 -5.6 0 -21.75
4 0 -5.6 0 -21.75 -6.05 0 -20.3 -6.25 0 -21.05 -6.35 0 -21.8
4 0 -7.4 0 -21.85 -7.5 0 -22.8 -6.45 0 -22.7 -6.35 0 -21.8
4 0 -5.6 0 -21.75 -6.35 0 -21.8 -6.45 0 -22.7 -6.25 0 -22.85
4 0 -5.65 0 -22.75 -5.6 0 -21.75 -6.25 0 -22.85 -6.15 0 -23.25
4 0 -5.6 0 -23.9 -5.65 0 -22.75 -6.15 0 -23.25 -6.1 0 -24.05
4 0 -5.6 0 -23.9 -6.1 0 -24.05 -6.05 0 -24.6 -5.3 0 -25.4
4 0 -5.3 0 -25.4 -6.05 0 -24.6 -6.15 0 -24.85 -6.15 0 -25.8
4 0 -7.3 0 -25.05 -7.7 0 -26.15 -6.85 0 -26.15 -6.55 0 -25.95
4 0 -6.35 0 -24.95 -7.3 0 -25.05 -6.55 0 -25.95 -6.15 0 -25.8
3 0 -6.15 0 -24.85 -6.35 0 -24.95 -6.15 0 -25.8
4 0 -5.3 0 -25.4 -6.15 0 -25.8 -5.9 0 -26.55 -4.8 0 -26.85
4 0 -4.8 0 -26.85 -5.9 0 -26.55 -5.3 0 -27.7 -4.8 0 -28.4
4 0 -4.05 0 -28.1 -4.8 0 -26.85 -4.8 0 -28.4 -4.15 0 -29.1
3 0 -4.05 0 -28.1 -4.15 0 -29.1 -3.8 0 -28.4
4 0 -3.55 0 -28.45 -3.8 0 -28.4 -4.15 0 -29.1 -3.75 0 -29.35
4 0 -3.55 0 -28.45 -3.75 0 -29.35 -3.45 0 -29.4 -3.1 0 -29.35
4 0 -3.35 0 -28.35 -3.55 0 -28.45 -3.1 0 -29.35 -2.8 0 -29.1
4 0 -3.35 0 -28.35 -2.8 0 -29.1 -2.65 0 -28.75 -2.6 0 -28.3
4 0 -3.3 0 -28.15 -3.35 0 -28.35 -2.6 0 -28.3 -2.576 0 -27.815
4 0 -3.35 0 -27.35 -2.55 0 -27.3 -2.55 0 -25.6 -3.5 0 -25.8
4 0 -3.5 0 -25.8 -2.55 0 -25.6 -2.6 0 -24.7 -2.8 0 -24.65
4 0 -15.2 0 -22.7 -14.15 0 -21.7 -15.15 0 -21.45 -15.9 0 -22.2
4 0 -15.2 0 -22.7 -15.9 0 -22.2 -16.4 0 -22.8 -15.85 0 -23.7
4 0 -15.85 0 -23.7 -16.4 0 -22.8 -16.8 0 -23.45 -16.3 0 -24.5
4 0 -16.3 0 -24.5 -16.8 0 -23.45 -17.1 0 -24.25 -17.25 0 -24.85
4 0 -16.45 0 -25.05 -16.3 0 -24.5 -17.25 0 -24.85 -17.25 0 -25.5
4 0 -16.45 0 -25.6 -16.45 0 -25.05 -17.25 0 -25.5 -17.15 0 -26.2
4 0 -16.3 0 -26.1 -16.45 0 -25.6 -17.15 0 -26.2 -16.85 0 -26.85
4 0 -16.3 0 -26.1 -16.85 0 -26.85 -16.5 0 -27.25 -15.85 0 -26.8
4 0 -15.85 0 -26.8 -16.5 0 -27.25 -16 0 -27.7 -15.4 0 -27.1
4 0 -15.4 0 -27.1 -16 0 -27.7 -15.45 0 -27.9 -15 0 -27.2
4 0 -15 0 -27.2 -15.45 0 -27.9 -14.75 0 -28 -14.45 0 -27
4 0 -13.85 0 -28.05 -14.45 0 -27 -14.75 0 -28 -13.9 0 -28.35
4 0 -13.9 0 -28.35 -14.75 0 -28 -14.7 0 -28.5 -14.55 0 -28.9
4 0 -13.75 0 -28.6 -13.9 0 -28.35 -14.55 0 -28.9 -14.2 0 -29.3
4 0 -13.75 0 -28.6 -14.2 0 -29.3 -13.7 0 -29.5 -13.45 0 -28.75
4 0 -13.45 0 -28.75 -13.7 0 -29.5 -12.8 0 -29.65 -12.6 0 -28.85
4 0 -12.6 0 -28.85 -12.8 0 -29.65 -12.15 0 -29.7 -10.4 0 -28.9
4 0 -10.4 0 -28.9 -12.15 0 -29.7 -11.2 0 -29.75 -10.1 0 -29.75
4 0 -8.5 0 -28.9 -10.4 0 -28.9 -10.1 0 -29.75 -7.7 0 -29.7
4 0 -7.55 0 -28.9 -8.5 0 -28.9 -7.7 0 -29.7 -6.95 0 -29.6
4 0 -7.15 0 -28.8 -7.55 0 -28.9 -6.95 0 -29.6 -6.5 0 -29.4
4 0 -7.15 0 -28.8 -6.5 0 -29.4 -6.25 0 -29.1 -6.9 0 -28.6
4 0 -6.9 0 -28.6 -6.25 0 -29.1 -6.1 0 -28.75 -6.05 0 -28.3
4 0 -6.9 0 -28.3 -6.9 0 -28.6 -6.05 0 -28.3 -6.15 0 -27.7
4 0 -7.1 0 -27.75 -6.9 0 -28.3 -6.15 0 -27.7 -6.5 0 -26.95
4 0 -7.5 0 -26.8 -7.1 0 -27.75 -6.5 0 -26.95 -6.85 0 -26.15
3 0 -6.85 0 -26.15 -7.7 0 -26.15 -7.5 0 -26.8
4 0 -13.95 0 -26.7 -14.45 0 -27 -13.85 0 -28.05 -13.55 0 -27.7
4 0 -13.5 0 -26.5 -13.95 0 -26.7 -13.55 0 -27.7 -12.9 0 -27.45
4 0 -13 0 -26.4 -13.5 0 -26.5 -12.9 0 -27.45 -12.2 0 -27.4
4 0 -12.15 0 -26.3 -13 0 -26.4 -12.2 0 -27.4 -11.05 0 -27.35
4 0 -10.65 0 -26.25 -12.15 0 -26.3 -11.05 0 -27.35 -9.7 0 -27.35
4 0 -10.65 0 -26.25 -9.7 0 -27.35 -8.95 0 -26.75 -9.4 0 -26.15
4 0 -9.4 0 -26.15 -8.95 0 -26.75 -8.3 0 -26.4 -8.6 0 -26
4 0 -8.6 0 -26 -8.3 0 -26.4 -7.7 0 -26.15 -8.3 0 -25.8
3 0 -8.15 0 -25.5 -8.3 0 -25.8 -7.7 0 -26.15
3 0 -4.2 0 -18.8 -5.75 0 -18.95 -4.4 0 -18.95
3 0 -3.5 0 -17.8 -4.2 0 -18.8 -4 0 -18.75
4 0 -3.5 0 -17.8 -4 0 -18.75 -3.85 0 -18.9 -3.25 0 -18.2
4 0 -3 0 -18.9 -3.25 0 -18.2 -3.85 0 -18.9 -3.8 0 -19.25
4 0 -2.9 0 -19.85 -3 0 -18.9 -3.8 0 -19.25 -3.7 0 -20.25
4 0 -2.85 0 -21.1 -2.9 0 -19.85 -3.7 0 -20.25 -3.7 0 -21.5
4 0 -2.85 0 -21.1 -3.7 0 -21.5 -2.9 0 -22.5 -2.6 0 -22.4
4 0 -2.4 0 -21.15 -2.85 0 -21.1 -2.6 0 -22.4 -1.85 0 -22.4
4 0 -1.95 0 -21.05 -2.4 0 -21.15 -1.85 0 -22.4 -1.5 0 -22.5
4 0 -1.95 0 -21.05 -1.5 0 -22.5 -.75 0 -21.85 -1.55 0 -20.85
4 0 -1.55 0 -20.85 -.75 0 -21.85 -.55 0 -21.05 -1.2 0 -20.45
4 0 -1.2 0 -20.45 -.55 0 -21.05 -.3 0 -20.45 -.95 0 -19.85
4 0 -.95 0 -19.85 -.3 0 -20.45 -.05 0 -20.1 -.6 0 -19.3
4 0 -.15 0 -18.95 -.6 0 -19.3 -.05 0 -20.1 .15 0 -19.95
4 0 .3 0 -18.8 -.15 0 -18.95 .15 0 -19.95 .35 0 -19.95
4 0 .75 0 -18.8 .3 0 -18.8 .35 0 -19.95 1 0 -18.95
4 0 1 0 -18.95 .35 0 -19.95 .45 0 -20.1 1.25 0 -19.25
4 0 1.4 0 -19.7 1.25 0 -19.25 .45 0 -20.1 .55 0 -20.7
4 0 1.5 0 -22.45 1.4 0 -19.7 .55 0 -20.7 1.25 0 -22.55
4 0 1.25 0 -22.55 .55 0 -20.7 .6 0 -21.75 1.15 0 -22.7
4 0 1.15 0 -22.7 .6 0 -21.75 .6 0 -23.2 1.1 0 -23.35
4 0 -1.7 0 -24.65 -2.6 0 -24.7 -2.55 0 -25.6 -2 0 -25.55
4 0 -1.45 0 -24.55 -1.7 0 -24.65 -2 0 -25.55 -1.55 0 -25.6
4 0 -.75 0 -25.05 -1.45 0 -24.55 -1.55 0 -25.6 -.5 0 -25.85
4 0 -.5 0 -25.85 -1.55 0 -25.6 -1.25 0 -26.3 -.15 0 -26.8
4 0 -.15 0 -26.8 -1.25 0 -26.3 -.8 0 -27.25 -.5 0 -27.75
3 0 -.15 0 -26.8 -.5 0 -27.75 .1 0 -27.3
4 0 .25 0 -27.4 .1 0 -27.3 -.5 0 -27.75 -.1 0 -28.1
4 0 .25 0 -27.4 -.1 0 -28.1 .25 0 -28.2 .6 0 -28.2
4 0 .4 0 -27.3 .25 0 -27.4 .6 0 -28.2 .95 0 -27.95
4 0 .4 0 -27.3 .95 0 -27.95 1.2 0 -27.55 1.3 0 -27
4 0 .45 0 -26.95 .4 0 -27.3 1.3 0 -27 1.35 0 -25.55
4 0 .5 0 -26.15 .45 0 -26.95 1.35 0 -25.55 1.3 0 -24.65
4 0 .55 0 -24.55 .5 0 -26.15 1.3 0 -24.65 1.15 0 -24.45
4 0 1.9 0 -24.75 1.3 0 -24.65 1.35 0 -25.55 1.95 0 -25.5
4 0 2.55 0 -24.75 1.9 0 -24.75 1.95 0 -25.5 2.65 0 -25.6
4 0 2.55 0 -24.75 2.65 0 -25.6 3.3 0 -25.2 2.7 0 -24.6
4 0 2.7 0 -24.6 3.3 0 -25.2 3.2 0 -24.6 2.7 0 -24.4
4 0 3.5 0 -25.9 3.3 0 -25.2 2.65 0 -25.6 2.8 0 -26.35
4 0 3.5 0 -25.9 2.8 0 -26.35 3 0 -26.85 3.7 0 -26.35
4 0 3.8 0 -26.45 3.7 0 -26.35 3 0 -26.85 3.3 0 -27.3
4 0 3.8 0 -26.45 3.3 0 -27.3 3.65 0 -27.5 4 0 -26.45
4 0 4 0 -26.45 3.65 0 -27.5 4 0 -27.55 4.35 0 -27.45
4 0 4 0 -26.45 4.35 0 -27.45 4.6 0 -27.2 4.75 0 -26.8
3 0 4.1 0 -26.35 4 0 -26.45 4.75 0 -26.8
4 0 4.15 0 -26.05 4.1 0 -26.35 4.75 0 -26.8 4.9 0 -26.1
4 0 4.2 0 -25.5 4.15 0 -26.05 4.9 0 -26.1 5.05 0 -25.9
4 0 4.9 0 -24.9 4.2 0 -25.5 5.05 0 -25.9 5.3 0 -25.85
4 0 6.05 0 -25 4.9 0 -24.9 5.3 0 -25.85 5.5 0 -25.95
4 0 6.9 0 -25.15 6.05 0 -25 5.5 0 -25.95 7.05 0 -25.5
4 0 7.05 0 -25.5 5.5 0 -25.95 5.75 0 -26.3 7.2 0 -25.7
4 0 7.1 0 -28.85 5.5 0 -31.2 6.6 0 -31.7 8.65 0 -29.15
4 0 7.1 0 -28.85 8.65 0 -29.15 8.6 0 -27.65 8.05 0 -26.35
4 0 7.1 0 -28.85 8.05 0 -26.35 7.4 0 -25.65 7.2 0 -25.7
3 0 7.2 0 -25.7 5.75 0 -26.3 7.1 0 -28.85
4 0 9.5 0 -25.6 8.25 0 -25.35 8.05 0 -26.35 9.15 0 -26.55
4 0 10.5 0 -26.6 9.5 0 -25.6 9.15 0 -26.55 10.55 0 -26.8
4 0 10.55 0 -26.8 9.15 0 -26.55 10.05 0 -27.85 10.7 0 -27.05
4 0 11.5 0 -27.95 10.7 0 -27.05 10.05 0 -27.85 11.5 0 -29.8
4 0 10.05 0 -27.85 8.6 0 -27.65 8.65 0 -29.15 11.5 0 -29.8
4 0 12.45 0 -28.85 11.5 0 -27.95 11.5 0 -29.8 12.75 0 -30.15
3 0 12.45 0 -28.85 12.75 0 -30.15 13.15 0 -29.45
4 0 13.6 0 -29.8 13.15 0 -29.45 12.75 0 -30.15 13.35 0 -30.5
4 0 13.85 0 -29.75 13.6 0 -29.8 13.35 0 -30.5 13.8 0 -30.65
4 0 13.85 0 -29.75 13.8 0 -30.65 14.25 0 -30.6 14.55 0 -30.45
4 0 13.85 0 -29.75 14.55 0 -30.45 14.75 0 -30.2 14.85 0 -29.85
4 0 13.95 0 -29.6 13.85 0 -29.75 14.85 0 -29.85 15.15 0 -28.25
3 0 9.5 0 -25.6 10.5 0 -26.6 10.65 0 -26.45
4 0 11.2 0 -25.95 9.5 0 -25.6 10.65 0 -26.45 10.9 0 -26.45
4 0 11.2 0 -25.95 10.9 0 -26.45 11.85 0 -26.7 12.6 0 -26.25
4 0 12.6 0 -26.25 11.85 0 -26.7 12.95 0 -26.9 13.6 0 -26.3
3 0 13.6 0 -26.3 12.95 0 -26.9 13.45 0 -26.9
4 0 13.6 0 -26.3 13.45 0 -26.9 13.6 0 -27 14.1 0 -26.2
4 0 14.65 0 -26.85 14.1 0 -26.2 13.6 0 -27 13.7 0 -27.15
4 0 14.65 0 -26.85 13.7 0 -27.15 13.75 0 -27.45 14.6 0 -27.6
4 0 14.6 0 -27.6 13.75 0 -27.45 13.75 0 -28.25 14.65 0 -28.05
4 0 14.65 0 -28.05 13.75 0 -28.25 13.8 0 -28.9 14.85 0 -28.2
4 0 14.85 0 -28.2 13.8 0 -28.9 13.9 0 -29.3 15.15 0 -28.25
3 0 15.15 0 -28.25 13.9 0 -29.3 13.95 0 -29.6
4 0 15.15 0 -28.25 14.85 0 -29.85 18.55 0 -28.85 17.377 0 -27.742
4 0 18 0 -27.6 18.55 0 -28.85 19.45 0 -27.85 18.55 0 -25.1
3 0 18.55 0 -25.1 19.45 0 -27.85 20.1 0 -25.15
4 0 15.85 0 -23.35 18.55 0 -25.1 15.65 0 -22.2 15.55 0 -22.35
4 0 15.85 0 -23.35 15.55 0 -22.35 15.2 0 -22.75 14.8 0 -23.3
4 0 15.45 0 -23.9 15.85 0 -23.35 14.8 0 -23.3 14.25 0 -24.35
4 0 15.2 0 -24.45 15.45 0 -23.9 14.25 0 -24.35 14.2 0 -25.1
4 0 15.1 0 -24.85 15.2 0 -24.45 14.2 0 -25.1 14.4 0 -25.45
4 0 15.15 0 -25.2 15.1 0 -24.85 14.4 0 -25.45 14.45 0 -25.75
4 0 15.25 0 -25.55 15.15 0 -25.2 14.45 0 -25.75 15.2 0 -25.95
4 0 15.2 0 -25.95 14.45 0 -25.75 14.35 0 -26 15.05 0 -26.35
4 0 14.9 0 -26.6 15.05 0 -26.35 14.35 0 -26 14.65 0 -26.85
3 0 14.35 0 -26 14.1 0 -26.2 14.65 0 -26.85
4 0 17.35 0 -21.8 15.6 0 -22 15.65 0 -22.2 18.55 0 -25.1
4 0 10.7 0 -20.7 10.65 0 -21.9 11.6 0 -22.65 12.65 0 -22.25
3 0 13.7 0 -20.6 12.65 0 -22.25 13.8 0 -21.95
4 0 13.7 0 -20.6 13.8 0 -21.95 14.65 0 -21.85 15.05 0 -21
4 0 15.05 0 -21 14.65 0 -21.85 15.25 0 -21.85 15.4 0 -20.95
4 0 15.75 0 -21 15.4 0 -20.95 15.25 0 -21.85 15.45 0 -21.9
4 0 15.75 0 -21 15.45 0 -21.9 15.6 0 -22 16.2 0 -21.15
3 0 16.2 0 -21.15 15.6 0 -22 17.35 0 -21.8
3 0 -3.7 0 -21.5 -3.05 0 -22.7 -2.9 0 -22.5
4 0 -3.1 0 -23.3 -3.05 0 -22.7 -3.7 0 -21.5 -3.65 0 -23.65
3 0 -3.1 0 -23.3 -3.65 0 -23.65 -3.05 0 -23.95
4 0 -2.95 0 -24.45 -3.05 0 -23.95 -3.65 0 -23.65 -3.5 0 -25.8
3 0 -2.95 0 -24.45 -3.5 0 -25.8 -2.8 0 -24.65
4 0 -1.5 0 -22.5 -1.4 0 -22.7 -.9 0 -22.9 -.75 0 -21.85
4 0 -.9 0 -22.9 -1.4 0 -22.7 -1.45 0 -23.2 -.9 0 -24.05
4 0 -.9 0 -24.05 -1.45 0 -23.2 -1.45 0 -23.8 -1.4 0 -24.4
4 0 -1.4 0 -24.4 -1.45 0 -24.55 -.75 0 -25.05 -.9 0 -24.05
4 0 1.1 0 -23.95 1.1 0 -23.35 .6 0 -23.2 .55 0 -24.55
3 0 1.1 0 -23.95 .55 0 -24.55 1.15 0 -24.45
4 0 2.7 0 -24.4 3.2 0 -24.6 3.2 0 -23.75 2.65 0 -23.95
4 0 2.7 0 -23.45 2.65 0 -23.95 3.2 0 -23.75 3.3 0 -22.95
3 0 2.8 0 -22.85 2.7 0 -23.45 3.3 0 -22.95
4 0 2.75 0 -22.65 2.8 0 -22.85 3.3 0 -22.95 3.5 0 -22.1
4 0 4.3 0 -23.35 4.85 0 -23.55 4.9 0 -23.05 4.35 0 -22.2
4 0 4.8 0 -24.1 4.85 0 -23.55 4.3 0 -23.35 4.25 0 -24.65
4 0 4.8 0 -24.75 4.8 0 -24.1 4.25 0 -24.65 4.2 0 -25.5
3 0 4.8 0 -24.75 4.2 0 -25.5 4.9 0 -24.9
4 0 6.15 0 -24.85 6.05 0 -25 6.9 0 -25.15 6.85 0 -24.7
4 0 6.2 0 -24.35 6.15 0 -24.85 6.85 0 -24.7 6.85 0 -24.15
4 0 6.3 0 -23.75 6.2 0 -24.35 6.85 0 -24.15 6.4 0 -23.3
4 0 6.4 0 -23.3 6.85 0 -24.15 7.05 0 -23.3 6.35 0 -23.1
4 0 7.65 0 -23.65 7.6 0 -24.25 8.2 0 -24.3 8.4 0 -23.45
4 0 8.2 0 -24.3 7.6 0 -24.25 7.5 0 -24.8 8.1 0 -25.1
4 0 8.1 0 -25.1 7.5 0 -24.8 7.45 0 -25.25 8.15 0 -25.25
4 0 8.15 0 -25.25 7.45 0 -25.25 7.45 0 -25.5 8.25 0 -25.35
4 0 8.25 0 -25.35 7.45 0 -25.5 7.4 0 -25.65 8.05 0 -26.35
4 0 6.1 0 -22.05 5.3 0 -21.95 5.3 0 -22.85 6.2 0 -23
4 0 6.65 0 -22.15 6.1 0 -22.05 6.2 0 -23 6.35 0 -23.1
4 0 6.65 0 -22.15 6.35 0 -23.1 7.05 0 -23.3 7.3 0 -22.85
4 0 6.95 0 -21.8 6.65 0 -22.15 7.3 0 -22.85 7.45 0 -22.75
4 0 7.2 0 -21.55 6.95 0 -21.8 7.45 0 -22.75 7.5 0 -21.5
4 0 7.8 0 -21.55 7.5 0 -21.5 7.45 0 -22.75 7.6 0 -22.8
4 0 8.05 0 -21.65 7.8 0 -21.55 7.6 0 -22.8 8.3 0 -21.9
4 0 8.45 0 -22.3 8.3 0 -21.9 7.6 0 -22.8 7.65 0 -23
4 0 8.55 0 -23.35 8.45 0 -22.3 7.65 0 -23 8.4 0 -23.45
3 0 7.65 0 -23 7.65 0 -23.65 8.4 0 -23.45
4 0 8.45 0 -22.3 8.55 0 -23.35 8.75 0 -23.35 8.8 0 -22.55
4 0 8.8 0 -22.55 8.75 0 -23.35 9.8 0 -23.55 9.9 0 -22.65
4 0 9.9 0 -22.65 9.8 0 -23.55 11 0 -23.2 11 0 -23
4 0 10.65 0 -21.9 9.9 0 -22.65 11 0 -23 11.15 0 -22.9
3 0 10.65 0 -21.9 11.15 0 -22.9 11.6 0 -22.65
4 0 11 0 -23.2 9.8 0 -23.55 11.3 0 -23.9 11.15 0 -23.3
4 0 11.95 0 -23.5 11.15 0 -23.3 11.3 0 -23.9 12.9 0 -24.35
4 0 12.8 0 -23.75 11.95 0 -23.5 12.9 0 -24.35 13.65 0 -24.05
4 0 13.65 0 -24.05 12.9 0 -24.35 13.7 0 -24.7 14.25 0 -24.35
3 0 14.25 0 -24.35 13.7 0 -24.7 14.2 0 -25.1
4 0 18.55 0 -25.1 20.1 0 -25.15 21.3 0 -24.7 17.35 0 -21.8
4 71 2.8 0 -20.95 2.3 0 -21 2.35 0 -21.4 2.85 0 -21.4
4 0 2.35 0 -21.4 1.5 0 -22.45 2.6 0 -22.55 2.85 0 -21.4
4 0 3.5 0 -22.1 2.85 0 -21.4 2.6 0 -22.55 2.75 0 -22.65
4 0 1.5 0 -22.45 2.35 0 -21.4 2.3 0 -21 1.4 0 -19.7
4 0 2.85 0 -21.4 3.5 0 -22.1 3.8 0 -21.4 2.8 0 -20.95
4 0 2.8 0 -20.95 3.8 0 -21.4 4 0 -21.15 2.25 0 -19.6
4 0 5.15 0 -20.4 4.3 0 -21.1 4.35 0 -21.35 5.3 0 -21.95
4 0 5.3 0 -21.95 4.35 0 -21.35 4.35 0 -22.2 5.05 0 -22.9
3 0 5.3 0 -21.95 5.05 0 -22.9 5.3 0 -22.85
3 0 4.35 0 -22.2 4.9 0 -23.05 5.05 0 -22.9
4 0 1.4 0 -19.7 2.3 0 -21 2.8 0 -20.95 2.25 0 -19.6
4 0 2.25 0 -19.6 4 0 -21.15 4.15 0 -21.05 3.857 0 -19.039
4 0 4.4 0 -18.85 4.15 0 -21.05 4.3 0 -21.1 5.15 0 -20.4
4 0 5 0 -18.9 4.4 0 -18.85 5.15 0 -20.4 10.7 0 -20.7
3 0 5.15 0 -20.4 10.65 0 -21.9 10.7 0 -20.7
4 72 8.65 0 -29.15 6.6 0 -31.7 9.25 0 -31 11.5 0 -29.8
4 72 16.35 0 -27.4 14.65 0 -26.85 14.6 0 -27.6 14.65 0 -28.05
4 72 16.35 0 -27.4 14.65 0 -28.05 14.85 0 -28.2 15.15 0 -28.25
4 72 14.9 0 -18.8 13.7 0 -20.6 15.05 0 -21 15.4 0 -20.95
3 72 14.9 0 -18.8 15.4 0 -20.95 15.75 0 -21
4 72 14.9 0 -18.8 15.75 0 -21 16.2 0 -21.15 18.8 0 -19.4
3 72 18.8 0 -19.4 16.2 0 -21.15 17.35 0 -21.8
4 72 21.65 0 -16.75 14.9 0 -18.8 18.8 0 -19.4 23.231 0 -18.405
4 72 -2.9 0 -19.85 -2.85 0 -21.1 -2.4 0 -21.15 -1.95 0 -21.05
4 72 -2.9 0 -19.85 -1.95 0 -21.05 -1.55 0 -20.85 -1.2 0 -20.45
3 72 -.95 0 -19.85 -2.9 0 -19.85 -1.2 0 -20.45
3 72 -.6 0 -19.3 -2.9 0 -19.85 -.95 0 -19.85
3 72 1.25 0 -19.25 1.4 0 -19.7 2.25 0 -19.6
4 72 1 0 -18.95 1.25 0 -19.25 2.25 0 -19.6 3.857 0 -19.039
4 72 -14.9 0 -18.15 -13.4 0 -20.05 -12.25 0 -19.3 -10.997 0 -16.75
4 72 0 0 -35.04 2.65 0 -32.7 -.5 0 -33.75 -.96 0 -34.977
4 72 4.3 0 -30.85 3.35 0 -31 2.65 0 -32.7 4.3 0 -34.758
4 72 -10.1 0 -29.75 -11.348 0 -33.078 -9.07 0 -33.85 -7.7 0 -29.7
4 72 -6.95 0 -29.6 -7.7 0 -29.7 -9.07 0 -33.85 -5.9 0 -29.9
3 72 -5.9 0 -29.9 -9.07 0 -33.85 -5.05 0 -34.05
3 72 -9.07 0 -33.85 -4.57 0 -34.74 -5.05 0 -34.05
3 72 -6.5 0 -29.4 -6.95 0 -29.6 -5.9 0 -29.9
4 72 -6.25 0 -29.1 -6.5 0 -29.4 -5.9 0 -29.9 -5.05 0 -29
3 72 -6.1 0 -28.75 -6.25 0 -29.1 -5.05 0 -29
4 72 -6.05 0 -28.3 -6.1 0 -28.75 -5.05 0 -29 -5.3 0 -27.7
4 72 -6.15 0 -27.7 -6.05 0 -28.3 -5.3 0 -27.7 -5.9 0 -26.55
4 72 -6.5 0 -26.95 -6.15 0 -27.7 -5.9 0 -26.55 -6.55 0 -25.95
3 72 -6.15 0 -25.8 -6.55 0 -25.95 -5.9 0 -26.55
3 72 -6.55 0 -25.95 -6.85 0 -26.15 -6.5 0 -26.95
4 72 -2 0 -25.55 -2.55 0 -25.6 -2.55 0 -27.3 -1.55 0 -25.6
4 72 -1.25 0 -26.3 -1.55 0 -25.6 -2.55 0 -27.3 -2.576 0 -27.815
4 72 -25.835 0 -21.132 -26.95 0 -22.3 -24.78 0 -24.78 -22.05 0 -19.9
4 72 -22.05 0 -19.9 -24.78 0 -24.78 -20.75 0 -24.7 -16.8 0 -23.45
4 72 -22.05 0 -19.9 -16.8 0 -23.45 -16.4 0 -22.8 -16.65 0 -19.95
3 72 -16.65 0 -19.95 -16.4 0 -22.8 -15.9 0 -22.2
3 72 -16.65 0 -19.95 -15.9 0 -22.2 -15.15 0 -21.45
3 72 -20.75 0 -24.7 -24.78 0 -24.78 -21.05 0 -26.15
4 72 -21.05 0 -26.15 -24.78 0 -24.78 -21.33 0 -27.8 -20.565 0 -28.312
3 72 -21.65 0 -16.75 -23.614 0 -18.806 -22.5 0 -18.5
4 71 -19.204 0 -16.75 -21.65 0 -16.75 -21.222 0 -18.462 -17.4 0 -18.35
3 71 -19.204 0 -16.75 -17.4 0 -18.35 -17.15 0 -18
3 71 -16.717 0 -16.75 -17.54 0 -16.75 -16.932 0 -17.073
3 71 -10.997 0 -16.75 -12.25 0 -19.3 -10.9 0 -18.6
3 71 -10.997 0 -16.75 -10.9 0 -18.6 -9.85 0 -18.25
3 71 -10.997 0 -16.75 -9.85 0 -18.25 -9 0 -18.15
4 71 -10.997 0 -16.75 -9 0 -18.15 -8.35 0 -18.2 -3.75 0 -16.75
3 71 -3.75 0 -16.75 -8.35 0 -18.2 -8 0 -18.3
3 71 -3.75 0 -16.75 -8 0 -18.3 -7.65 0 -18.5
4 71 -7.4 0 -21.2 -7.4 0 -21.85 -6.35 0 -21.8 -6.25 0 -21.05
4 71 -7.35 0 -20.5 -7.4 0 -21.2 -6.25 0 -21.05 -6.05 0 -20.3
4 71 -7.2 0 -19.85 -7.35 0 -20.5 -6.05 0 -20.3 -5.8 0 -19.7
4 71 -5.8 0 -19.7 -5.55 0 -19.2 -5.75 0 -18.95 -7.2 0 -19.85
4 71 -.95 0 -16.75 -3.5 0 -17.8 -3.25 0 -18.2 -.15 0 -18.95
4 71 -.15 0 -18.95 -3.25 0 -18.2 -3 0 -18.9 -.6 0 -19.3
3 71 -3 0 -18.9 -2.9 0 -19.85 -.6 0 -19.3
3 71 -.95 0 -16.75 -.15 0 -18.95 .3 0 -18.8
3 71 -.95 0 -16.75 .3 0 -18.8 .75 0 -18.8
4 71 .75 0 -18.8 1 0 -18.95 3.857 0 -19.039 4.4 0 -18.85
3 71 -.95 0 -16.75 .75 0 -18.8 4.4 0 -18.85
4 71 -.95 0 -16.75 4.4 0 -18.85 5 0 -18.9 12.6 0 -16.75
4 71 12.6 0 -16.75 5 0 -18.9 10.7 0 -20.7 12.95 0 -19
3 71 12.6 0 -16.75 12.95 0 -19 13.65 0 -18.05
4 71 16.85 0 -16.75 13.35 0 -16.75 14.3 0 -17.65 16.85 0 -17.05
4 71 5.15 0 -20.4 5.3 0 -21.95 6.1 0 -22.05 6.95 0 -21.8
3 71 6.95 0 -21.8 6.1 0 -22.05 6.65 0 -22.15
3 71 5.15 0 -20.4 6.95 0 -21.8 7.2 0 -21.55
3 71 5.15 0 -20.4 7.2 0 -21.55 7.5 0 -21.5
4 71 8.3 0 -21.9 8.45 0 -22.3 8.8 0 -22.55 9.9 0 -22.65
4 71 8.3 0 -21.9 9.9 0 -22.65 10.65 0 -21.9 8.05 0 -21.65
4 71 5.15 0 -20.4 7.5 0 -21.5 7.8 0 -21.55 10.65 0 -21.9
3 71 7.8 0 -21.55 8.05 0 -21.65 10.65 0 -21.9
4 71 14.9 0 -26.6 14.65 0 -26.85 16.35 0 -27.4 18 0 -27.6
3 71 16.35 0 -27.4 17.377 0 -27.742 18 0 -27.6
4 71 15.05 0 -26.35 14.9 0 -26.6 18 0 -27.6 18.55 0 -25.1
3 71 18.55 0 -25.1 15.2 0 -25.95 15.05 0 -26.35
3 71 18.55 0 -25.1 15.25 0 -25.55 15.2 0 -25.95
4 71 15.15 0 -25.2 15.25 0 -25.55 18.55 0 -25.1 15.1 0 -24.85
4 71 15.2 0 -24.45 15.1 0 -24.85 18.55 0 -25.1 15.45 0 -23.9
3 71 15.85 0 -23.35 15.45 0 -23.9 18.55 0 -25.1
4 71 20.1 0 -25.15 19.45 0 -27.85 21.33 0 -27.8 22.741 0 -26.565
4 71 18.8 0 -19.4 17.35 0 -21.8 21.3 0 -24.7 23.231 0 -18.405
4 71 26.95 0 -22.3 23.231 0 -18.405 21.3 0 -24.7 24.78 0 -24.78
3 71 21.3 0 -24.7 23.134 0 -26.221 24.78 0 -24.78
4 71 9.25 0 -31 8.435 0 -33.976 9.07 0 -33.85 13.41 0 -32.38
4 71 11.5 0 -29.8 9.25 0 -31 13.41 0 -32.38 12.75 0 -30.15
3 71 12.75 0 -30.15 13.41 0 -32.38 13.35 0 -30.5
3 71 13.35 0 -30.5 13.41 0 -32.38 13.8 0 -30.65
3 71 14.25 0 -30.6 13.8 0 -30.65 13.41 0 -32.38
4 71 14.55 0 -30.45 14.25 0 -30.6 13.41 0 -32.38 17.52 0 -30.35
3 71 14.75 0 -30.2 14.55 0 -30.45 17.52 0 -30.35
4 71 14.85 0 -29.85 14.75 0 -30.2 17.52 0 -30.35 18.55 0 -28.85
3 71 18.55 0 -28.85 17.52 0 -30.35 19.56 0 -28.985
4 72 9.15 0 -26.55 8.05 0 -26.35 8.6 0 -27.65 10.05 0 -27.85
3 71 -5.3 0 -27.7 -5.05 0 -29 -4.8 0 -28.4
3 71 -4.8 0 -28.4 -5.05 0 -29 -4.15 0 -29.1
4 71 -4.15 0 -29.1 -5.05 0 -29 -5.9 0 -29.9 -3.75 0 -29.35
4 71 -3.75 0 -29.35 -5.9 0 -29.9 -5.05 0 -34.05 -3.45 0 -29.4
4 71 -3.45 0 -29.4 -5.05 0 -34.05 -4.57 0 -34.74 -.96 0 -34.977
4 71 -3.45 0 -29.4 -.96 0 -34.977 -.5 0 -33.75 -3.1 0 -29.35
4 71 -2.8 0 -29.1 -3.1 0 -29.35 -.5 0 -33.75 2.65 0 -32.7
4 71 -2.8 0 -29.1 2.65 0 -32.7 .25 0 -28.2 -.1 0 -28.1
4 71 -2.65 0 -28.75 -2.8 0 -29.1 -.1 0 -28.1 -.5 0 -27.75
4 71 -2.6 0 -28.3 -2.65 0 -28.75 -.5 0 -27.75 -.8 0 -27.25
4 71 -2.576 0 -27.815 -2.6 0 -28.3 -.8 0 -27.25 -1.25 0 -26.3
4 71 1.95 0 -25.5 1.35 0 -25.55 1.3 0 -27 2.65 0 -25.6
3 71 2.65 0 -25.6 1.3 0 -27 2.8 0 -26.35
4 71 3 0 -26.85 2.8 0 -26.35 1.3 0 -27 1.2 0 -27.55
4 71 3.3 0 -27.3 3 0 -26.85 1.2 0 -27.55 .95 0 -27.95
4 71 3.65 0 -27.5 3.3 0 -27.3 .95 0 -27.95 3.35 0 -31
4 71 3.35 0 -31 .95 0 -27.95 .6 0 -28.2 2.65 0 -32.7
3 71 .6 0 -28.2 .25 0 -28.2 2.65 0 -32.7
4 71 4 0 -27.55 3.65 0 -27.5 3.35 0 -31 4.3 0 -30.85
4 71 4.35 0 -27.45 4 0 -27.55 4.3 0 -30.85 5.5 0 -31.2
4 71 4.35 0 -27.45 5.5 0 -31.2 7.1 0 -28.85 4.6 0 -27.2
4 71 5.3 0 -25.85 5.05 0 -25.9 4.9 0 -26.1 5.5 0 -25.95
4 71 5.75 0 -26.3 5.5 0 -25.95 4.9 0 -26.1 4.75 0 -26.8
4 71 5.75 0 -26.3 4.75 0 -26.8 4.6 0 -27.2 7.1 0 -28.85
4 71 4.3 0 -30.85 4.3 0 -34.758 4.57 0 -34.74 5.5 0 -31.2
3 71 5.5 0 -31.2 4.57 0 -34.74 5.588 0 -34.539
3 71 -16.8 0 -23.45 -20.75 0 -24.7 -17.1 0 -24.25
3 71 -17.1 0 -24.25 -20.75 0 -24.7 -17.25 0 -24.85
4 71 -17.25 0 -25.5 -17.25 0 -24.85 -20.75 0 -24.7 -21.05 0 -26.15
4 71 -17.15 0 -26.2 -17.25 0 -25.5 -21.05 0 -26.15 -20.565 0 -28.312
3 71 -17.15 0 -26.2 -20.565 0 -28.312 -16.85 0 -26.85
4 71 -16.5 0 -27.25 -16.85 0 -26.85 -20.565 0 -28.312 -17.52 0 -30.35
3 71 -16.5 0 -27.25 -17.52 0 -30.35 -16 0 -27.7
4 71 -15.45 0 -27.9 -16 0 -27.7 -17.52 0 -30.35 -14.7 0 -28.5
3 71 -15.45 0 -27.9 -14.7 0 -28.5 -14.75 0 -28
3 71 -14.7 0 -28.5 -17.52 0 -30.35 -14.55 0 -28.9
3 71 -14.55 0 -28.9 -17.52 0 -30.35 -14.2 0 -29.3
4 71 -13.7 0 -29.5 -14.2 0 -29.3 -17.52 0 -30.35 -13.41 0 -32.38
4 71 -12.8 0 -29.65 -13.7 0 -29.5 -13.41 0 -32.38 -11.775 0 -32.934
3 71 -12.8 0 -29.65 -11.775 0 -32.934 -12.15 0 -29.7
3 71 -12.15 0 -29.7 -11.775 0 -32.934 -11.2 0 -29.75
3 72 -21.65 0 -16.75 -22.5 0 -18.5 -21.222 0 -18.462
4 72 -16.717 0 -16.75 -16.932 0 -17.073 -14.9 0 -18.15 -10.997 0 -16.75
3 72 2.65 0 -32.7 0 0 -35.04 4.3 0 -34.758
4 72 6.6 0 -31.7 6.218 0 -34.414 8.435 0 -33.976 9.25 0 -31
3 72 16.35 0 -27.4 15.15 0 -28.25 17.377 0 -27.742
4 0 -17.54 0 -16.75 -19.204 0 -16.75 -17.15 0 -18 -16.932 0 -17.073
3 0 -16.932 0 -17.073 -17.15 0 -18 -14.9 0 -18.15
4 0 -22.05 0 -19.9 -21.222 0 -18.462 -22.5 0 -18.5 -25.835 0 -21.132
4 0 -17.4 0 -18.35 -21.222 0 -18.462 -22.05 0 -19.9 -16.65 0 -19.95
3 0 -22.5 0 -18.5 -23.614 0 -18.806 -25.835 0 -21.132
4 0 -11.348 0 -33.078 -10.1 0 -29.75 -11.2 0 -29.75 -11.775 0 -32.934
4 0 5.5 0 -31.2 5.588 0 -34.539 6.218 0 -34.414 6.6 0 -31.7
4 0 20.1 0 -25.15 22.741 0 -26.565 23.134 0 -26.221 21.3 0 -24.7
4 0 19.45 0 -27.85 18.55 0 -28.85 19.56 0 -28.985 21.33 0 -27.8
3 0 18 0 -27.6 17.377 0 -27.742 18.55 0 -28.85
3 0 4.4 0 -18.85 3.857 0 -19.039 4.15 0 -21.05
4 0 -1.801 0 22.612 -5.05 0 24.2 -6.45 0 23.15 -2.3 0 21.25
3 0 -1.801 0 22.612 -2.3 0 21.25 -.65 0 22.05
3 0 -3.534 0 20.761 -4.95 0 20.2 -4.8 0 18.8
4 0 -2.3 0 21.25 -3.534 0 20.761 -4.8 0 18.8 6.2 0 22.35
3 0 10.5 0 21.95 8.6 0 21.55 10.051 0 21.098
4 0 6.727 0 19.473 1.2 0 16.75 3.8 0 16.75 9.05 0 19.2
3 0 8.1 0 20.15 6.727 0 19.473 9.05 0 19.2
3 0 -19.898 0 17.111 -21.05 0 16.75 -17.1 0 16.75
4 0 -15.15 0 18.6 -19.898 0 17.111 -17.1 0 16.75 -14.65 0 17.3
4 0 30.811 0 2.271 31.55 0 3.75 30.65 0 5.15 28.45 0 1.2
3 0 30.811 0 2.271 28.45 0 1.2 29.4 0 -.55
4 0 -2.576 0 -27.815 -2.55 0 -27.3 -3.35 0 -27.35 -3.3 0 -28.15
4 0 16.75 0 20.1 17.15 0 18.15 19.864 0 18.409 22.4 0 20.15
3 0 22.4 0 20.15 19.864 0 18.409 22.4 0 18.65
4 0 -18.445 0 26.745 -18.3 0 27.35 -19.75 0 27.6 -20.4 0 24.9
3 0 -18.445 0 26.745 -20.4 0 24.9 -18.9 0 24.85
3 0 -30.65 0 7.85 -30.55 0 5.85 -29.685 0 7.368
