0 ~Electric Brick  4 x  4 x  0.667 Round - Top with  2 Studs with Silver Jurassic World Logo and Blue Hexagons on Dark Blue Background Pattern
0 Name: 18605p0s.dat
0 Author: Evert-Jan Boer [ejboer]
0 !LDRAW_ORG Unofficial_Part
0 !LICENSE Licensed under CC BY 4.0 : see CAreadme.txt

0 BFC CERTIFY CCW

0 !KEYWORDS ACU, Dimensions, Jurassic world, Set 71205

1 16 0 0 0 1 0 0 0 1 0 0 0 1 s\18605s01.dat
1 16 0 0 0 1 0 0 0 1 0 0 0 1 s\18605s02.dat

0 BFC NOCLIP

4 0 -9.153 0 -25.75 -8.977 0 -23.964 -9.881 0 -23.785 -10.074 0 -25.75
4 0 -8.977 0 -27.536 -9.153 0 -25.75 -10.074 0 -25.75 -9.881 0 -27.715
4 0 -8.456 0 -29.253 -8.977 0 -27.536 -9.881 0 -27.715 -9.307 0 -29.605
4 0 -7.61 0 -30.835 -8.456 0 -29.253 -9.307 0 -29.605 -8.376 0 -31.347
4 0 -6.472 0 -32.222 -7.61 0 -30.835 -8.376 0 -31.347 -7.124 0 -32.874
4 0 -5.085 0 -33.36 -6.472 0 -32.222 -7.124 0 -32.874 -5.597 0 -34.126
4 0 -3.503 0 -34.206 -5.085 0 -33.36 -5.597 0 -34.126 -4.57 0 -34.74
4 0 6.472 0 -32.222 5.085 0 -33.36 5.597 0 -34.126 7.124 0 -32.874
4 0 7.61 0 -30.835 6.472 0 -32.222 7.124 0 -32.874 8.376 0 -31.347
4 0 8.456 0 -29.253 7.61 0 -30.835 8.376 0 -31.347 9.307 0 -29.605
4 0 8.977 0 -27.536 8.456 0 -29.253 9.307 0 -29.605 9.881 0 -27.715
4 0 9.153 0 -25.75 8.977 0 -27.536 9.881 0 -27.715 10.074 0 -25.75
4 0 8.977 0 -23.964 9.153 0 -25.75 10.074 0 -25.75 9.881 0 -23.785
4 0 8.456 0 -22.247 8.977 0 -23.964 9.881 0 -23.785 9.307 0 -21.895
4 0 7.61 0 -20.665 8.456 0 -22.247 9.307 0 -21.895 8.376 0 -20.153
4 0 6.472 0 -19.278 7.61 0 -20.665 8.376 0 -20.153 7.124 0 -18.626
4 0 5.085 0 -18.14 6.472 0 -19.278 7.124 0 -18.626 5.597 0 -17.374
4 0 3.503 0 -17.294 5.085 0 -18.14 5.597 0 -17.374 4.43 0 -16.75
4 0 -6.472 0 -19.278 -5.085 0 -18.14 -5.597 0 -17.374 -7.124 0 -18.626
4 0 -7.61 0 -20.665 -6.472 0 -19.278 -7.124 0 -18.626 -8.376 0 -20.153
4 0 -8.456 0 -22.247 -7.61 0 -20.665 -8.376 0 -20.153 -9.307 0 -21.895
4 0 -8.977 0 -23.964 -8.456 0 -22.247 -9.307 0 -21.895 -9.881 0 -23.785
4 80 -3.503 0 -17.294 -3.089 0 -18.292 -1.575 0 -17.832 -1.551 0 -16.75
4 80 -1.551 0 -16.75 -1.575 0 -17.832 0 0 -17.677 1.551 0 -16.75
4 80 1.551 0 -16.75 0 0 -17.677 1.575 0 -17.832 3.503 0 -17.294
3 80 3.503 0 -17.294 1.575 0 -17.832 3.089 0 -18.292
4 80 3.503 0 -17.294 3.089 0 -18.292 4.485 0 -19.038 5.085 0 -18.14
4 80 4.485 0 -19.038 5.708 0 -20.042 6.472 0 -19.278 5.085 0 -18.14
4 80 5.708 0 -20.042 6.712 0 -21.265 7.61 0 -20.665 6.472 0 -19.278
4 80 6.712 0 -21.265 7.458 0 -22.661 8.456 0 -22.247 7.61 0 -20.665
4 80 7.458 0 -22.661 7.918 0 -24.175 8.977 0 -23.964 8.456 0 -22.247
4 80 7.918 0 -24.175 8.073 0 -25.75 9.153 0 -25.75 8.977 0 -23.964
4 80 8.073 0 -25.75 7.918 0 -27.325 8.977 0 -27.536 9.153 0 -25.75
4 80 7.918 0 -27.325 7.458 0 -28.839 8.456 0 -29.253 8.977 0 -27.536
4 80 7.458 0 -28.839 6.712 0 -30.235 7.61 0 -30.835 8.456 0 -29.253
4 80 6.712 0 -30.235 5.708 0 -31.458 6.472 0 -32.222 7.61 0 -30.835
4 80 5.708 0 -31.458 4.485 0 -32.462 5.085 0 -33.36 6.472 0 -32.222
4 80 3.089 0 -33.208 3.503 0 -34.206 5.085 0 -33.36 4.485 0 -32.462
4 80 3.503 0 -34.206 3.089 0 -33.208 1.575 0 -33.668 1.786 0 -34.727
4 80 0 0 -34.903 1.786 0 -34.727 1.575 0 -33.668 0 0 -33.823
4 80 -1.786 0 -34.727 0 0 -34.903 0 0 -33.823 -1.575 0 -33.668
4 80 -3.503 0 -34.206 -1.786 0 -34.727 -1.575 0 -33.668 -3.089 0 -33.208
4 80 -5.085 0 -33.36 -3.503 0 -34.206 -3.089 0 -33.208 -4.485 0 -32.462
4 80 -6.472 0 -32.222 -5.085 0 -33.36 -4.485 0 -32.462 -5.536 0 -31.6
4 80 -8.977 0 -23.964 -9.153 0 -25.75 -8.073 0 -25.75 -7.918 0 -24.175
4 80 -8.456 0 -22.247 -8.977 0 -23.964 -7.918 0 -24.175 -7.458 0 -22.661
4 80 -7.61 0 -20.665 -8.456 0 -22.247 -7.458 0 -22.661 -6.712 0 -21.265
4 80 -6.472 0 -19.278 -7.61 0 -20.665 -6.712 0 -21.265 -5.708 0 -20.042
4 80 -5.085 0 -18.14 -6.472 0 -19.278 -5.708 0 -20.042 -4.485 0 -19.038
4 80 -5.085 0 -18.14 -4.485 0 -19.038 -3.089 0 -18.292 -3.503 0 -17.294
4 0 -4.43 0 -16.75 -5.597 0 -17.374 -5.085 0 -18.14 -3.503 0 -17.294
3 0 -1.551 0 -16.75 -4.43 0 -16.75 -3.503 0 -17.294
3 0 4.43 0 -16.75 1.551 0 -16.75 3.503 0 -17.294
4 0 4.57 0 -34.74 5.597 0 -34.126 5.085 0 -33.36 3.503 0 -34.206
3 0 -3.503 0 -34.206 -4.57 0 -34.74 -1.786 0 -34.727
3 0 3.503 0 -34.206 1.786 0 -34.727 4.57 0 -34.74
4 0 1.786 0 -34.727 0 0 -34.903 0 0 -35.04 4.57 0 -34.74
4 0 -4.57 0 -34.74 0 0 -35.04 0 0 -34.903 -1.786 0 -34.727
4 272 -5.85 0 -28.05 -6 0 -27.6 -6.15 0 -27.9 -6.15 0 -28.3
4 272 -5.75 0 -28.4 -5.85 0 -28.05 -6.15 0 -28.3 -5.95 0 -28.7
4 272 -5.5 0 -28.75 -5.75 0 -28.4 -5.95 0 -28.7 -6 0 -28.9
4 272 -5.25 0 -28.95 -5.5 0 -28.75 -6 0 -28.9 -6.15 0 -29.1
4 272 -5.6 0 -29.4 -5.25 0 -28.95 -6.15 0 -29.1 -5.9 0 -29.5
4 272 -5.9 0 -29.5 -6.15 0 -29.1 -6.3 0 -29.35 -6.35 0 -29.65
4 272 -6.05 0 -29.7 -5.9 0 -29.5 -6.35 0 -29.65 -6.2 0 -29.8
4 272 -5.25 0 -28.95 -5.6 0 -29.4 -5.35 0 -29.6 -5 0 -28.9
4 272 -5 0 -28.9 -5.35 0 -29.6 -5.05 0 -29.65 -4.6 0 -29.55
4 272 -5 0 -28.9 -4.6 0 -29.55 -4.1 0 -29.25 -3.95 0 -28.95
4 272 -5 0 -28.9 -3.95 0 -28.95 -3.95 0 -28.7 -4.85 0 -28.7
4 272 -4.85 0 -28.7 -3.95 0 -28.7 -4 0 -28.45 -4.75 0 -28.25
4 272 -4.75 0 -28.25 -4 0 -28.45 -4 0 -28.2 -4.25 0 -27.75
4 272 -4.6 0 -27.8 -4.75 0 -28.25 -4.25 0 -27.75 -4.4 0 -27.5
4 272 -4.25 0 -27.75 -4 0 -28.2 -3.7 0 -27.85 -4 0 -27.7
4 272 -4 0 -27.7 -3.7 0 -27.85 -3.35 0 -27.65 -3.9 0 -27.45
4 272 -3.9 0 -27.45 -3.35 0 -27.65 -3.65 0 -27.35 -3.9 0 -27.25
4 272 -3.65 0 -27.35 -3.35 0 -27.65 -3 0 -27.55 -3.4 0 -27.25
4 272 -3.4 0 -27.25 -3 0 -27.55 -2.75 0 -27.6 -3.15 0 -26.95
4 272 -3.35 0 -26.95 -3.4 0 -27.25 -3.15 0 -26.95 -3.25 0 -26.7
4 272 -2.95 0 -26.9 -3.15 0 -26.95 -2.75 0 -27.6 -2.55 0 -26.9
4 272 -2.8 0 -26.7 -2.95 0 -26.9 -2.55 0 -26.9 -2.65 0 -26.7
3 272 -2.7 0 -26.4 -2.8 0 -26.7 -2.65 0 -26.7
4 272 -2.3 0 -27.15 -2.55 0 -26.9 -2.75 0 -27.6 -2.5 0 -27.75
4 272 -1.75 0 -27.6 -2.3 0 -27.15 -2.5 0 -27.75 -2.4 0 -27.95
4 272 -3.15 0 -28.15 -3.35 0 -28.45 -3.05 0 -28.3 -2.75 0 -27.95
4 272 -2.75 0 -27.95 -3.05 0 -28.3 -2.65 0 -28.2 -2.4 0 -27.95
4 272 -2.4 0 -27.95 -2.65 0 -28.2 -2.4 0 -28.25 -1.75 0 -27.6
4 272 -1.75 0 -27.6 -2.4 0 -28.25 -2.25 0 -28.35 -1.2 0 -27.95
4 272 -1.2 0 -27.95 -2.25 0 -28.35 -2.1 0 -28.55 -.6 0 -28.3
4 272 -.6 0 -28.3 -2.1 0 -28.55 -2.05 0 -28.7 -1.75 0 -29.35
4 272 -4.55 0 -30.15 -5 0 -30.25 -5 0 -30.6 -4.55 0 -30.5
4 272 -4.55 0 -30.15 -4.55 0 -30.5 -4 0 -30.35 -4.05 0 -30
4 272 -4.05 0 -30 -4 0 -30.35 -3.7 0 -30.2 -3.65 0 -29.85
4 272 -3.65 0 -29.85 -3.7 0 -30.2 -3.35 0 -30.05 -3.05 0 -29.8
4 272 -3.5 0 -29.65 -3.65 0 -29.85 -3.05 0 -29.8 -2.85 0 -29.5
4 272 -3.35 0 -29.35 -3.5 0 -29.65 -2.85 0 -29.5 -3.15 0 -29.05
4 272 -3.15 0 -29.05 -2.85 0 -29.5 -2.65 0 -29.3 -2.9 0 -28.85
4 272 -2.5 0 -28.75 -2.9 0 -28.85 -2.65 0 -29.3 -2.35 0 -29.25
4 272 -2.05 0 -28.7 -2.5 0 -28.75 -2.35 0 -29.25 -1.75 0 -29.35
4 272 -2.1 0 -29.9 -2.3 0 -30.1 -2 0 -30.1 -1.8 0 -29.8
4 272 -1.8 0 -29.8 -2 0 -30.1 -1.65 0 -30.15 -1.45 0 -29.9
4 272 -1.15 0 -30.05 -1.45 0 -29.9 -1.65 0 -30.15 -1.3 0 -30.45
4 272 .2 0 -28.7 -.6 0 -28.3 -1.75 0 -29.35 -1.35 0 -29.65
4 272 .7 0 -29.2 .2 0 -28.7 -1.35 0 -29.65 -1.15 0 -30.05
4 272 1.25 0 -29.8 .7 0 -29.2 -1.15 0 -30.05 -1.3 0 -30.45
4 272 1.25 0 -29.8 -1.3 0 -30.45 -1.15 0 -30.8 1.9 0 -30.1
4 272 1.9 0 -30.1 -1.15 0 -30.8 -1.15 0 -31.2 1.575 0 -33.668
4 272 2.45 0 -30.2 1.9 0 -30.1 1.575 0 -33.668 3.089 0 -33.208
4 272 3.1 0 -30.15 2.45 0 -30.2 3.089 0 -33.208 4.485 0 -32.462
4 272 3.5 0 -29.9 3.1 0 -30.15 4.485 0 -32.462 5.708 0 -31.458
4 272 3.7 0 -29.55 3.5 0 -29.9 5.708 0 -31.458 6.712 0 -30.235
3 272 3.75 0 -29.05 3.7 0 -29.55 6.712 0 -30.235
4 272 .9 0 -21.6 .55 0 -21.45 .4 0 -21.6 .5 0 -21.95
4 272 1.15 0 -21.85 .9 0 -21.6 .5 0 -21.95 .65 0 -22.2
4 272 1.3 0 -22.2 1.15 0 -21.85 .65 0 -22.2 1.3 0 -22.45
4 272 1.3 0 -22.45 .65 0 -22.2 .7 0 -22.45 1.15 0 -22.7
4 272 1.15 0 -22.7 .7 0 -22.45 .6 0 -22.7 .8 0 -23.35
4 272 .8 0 -23.35 .6 0 -22.7 .4 0 -22.8 .3 0 -23.05
4 272 2.05 0 -22.35 1.85 0 -22.45 1.85 0 -22.7 2.3 0 -22.4
4 272 2.6 0 -22.6 2.3 0 -22.4 1.85 0 -22.7 2 0 -23
4 272 2.9 0 -23.2 2.6 0 -22.6 2 0 -23 2.1 0 -23.3
4 272 3.1 0 -23.5 2.9 0 -23.2 2.1 0 -23.3 2.1 0 -23.55
4 272 3.2 0 -23.75 3.1 0 -23.5 2.1 0 -23.55 3.15 0 -24
3 272 2.1 0 -23.55 2.05 0 -23.75 3.15 0 -24
4 272 3.15 0 -24 2.05 0 -23.75 2 0 -23.95 2.15 0 -24.1
3 272 3.15 0 -24 2.15 0 -24.1 2.65 0 -24.45
4 272 3.45 0 -24.4 3.3 0 -24.55 3.6 0 -24.7 3.7 0 -24.3
4 272 3.7 0 -24.3 3.6 0 -24.7 3.9 0 -24.7 3.95 0 -24.35
4 272 3.95 0 -24.35 3.9 0 -24.7 4.2 0 -24.65 4.1 0 -24.3
3 272 4.1 0 -24.3 4.2 0 -24.65 4.35 0 -24.5
4 80 -2.75 0 -27.95 -2.4 0 -27.95 -2.5 0 -27.75 -2.75 0 -27.6
4 80 -2.75 0 -27.95 -2.75 0 -27.6 -3 0 -27.55 -3.15 0 -28.15
4 80 -3.15 0 -28.15 -3 0 -27.55 -3.35 0 -27.65 -3.7 0 -27.85
4 80 -3.35 0 -28.45 -3.15 0 -28.15 -3.7 0 -27.85 -4 0 -28.2
4 80 -3.35 0 -28.45 -4 0 -28.2 -4 0 -28.45 -3.95 0 -28.7
4 80 -3.35 0 -28.45 -3.95 0 -28.7 -3.15 0 -29.05 -2.9 0 -28.85
4 80 -3.05 0 -28.3 -3.35 0 -28.45 -2.9 0 -28.85 -2.5 0 -28.75
4 80 -2.65 0 -28.2 -3.05 0 -28.3 -2.5 0 -28.75 -2.4 0 -28.25
4 80 -2.25 0 -28.35 -2.4 0 -28.25 -2.5 0 -28.75 -2.1 0 -28.55
3 80 -2.1 0 -28.55 -2.5 0 -28.75 -2.05 0 -28.7
4 80 -5.05 0 -29.65 -5 0 -30.25 -4.55 0 -30.15 -4.6 0 -29.55
4 80 -4.6 0 -29.55 -4.55 0 -30.15 -4.05 0 -30 -4.1 0 -29.25
4 80 -4.1 0 -29.25 -4.05 0 -30 -3.65 0 -29.85 -3.5 0 -29.65
4 80 -4.1 0 -29.25 -3.5 0 -29.65 -3.35 0 -29.35 -3.95 0 -28.95
4 80 -3.95 0 -28.95 -3.35 0 -29.35 -3.15 0 -29.05 -3.95 0 -28.7
4 80 -1.75 0 -29.35 -1.8 0 -29.8 -1.45 0 -29.9 -1.35 0 -29.65
3 80 -1.35 0 -29.65 -1.45 0 -29.9 -1.15 0 -30.05
4 80 -2.35 0 -29.25 -2.65 0 -29.3 -2.1 0 -29.9 -1.75 0 -29.35
3 80 -1.75 0 -29.35 -2.1 0 -29.9 -1.8 0 -29.8
4 80 -2.1 0 -29.9 -2.65 0 -29.3 -2.85 0 -29.5 -2.3 0 -30.1
4 80 -2.3 0 -30.1 -2.85 0 -29.5 -3.05 0 -29.8 -2.35 0 -30.6
4 80 -5.5 0 -28.75 -5.25 0 -28.95 -5 0 -28.9 -4.85 0 -28.7
4 80 -5.5 0 -28.75 -4.85 0 -28.7 -4.75 0 -28.25 -5.75 0 -28.4
4 80 -5.85 0 -28.05 -5.75 0 -28.4 -4.75 0 -28.25 -4.6 0 -27.8
4 80 -6 0 -27.6 -5.85 0 -28.05 -4.6 0 -27.8 -4.4 0 -27.5
4 80 -4.4 0 -27.5 -4.25 0 -27.75 -4 0 -27.7 -3.9 0 -27.45
4 80 -4.4 0 -27.5 -3.9 0 -27.45 -3.9 0 -27.25 -6.35 0 -24.9
4 80 -3.9 0 -27.25 -3.65 0 -27.35 -3.4 0 -27.25 -3.35 0 -26.95
4 80 -3.25 0 -26.7 -3.15 0 -26.95 -2.95 0 -26.9 -2.8 0 -26.7
4 80 -3.25 0 -26.7 -2.8 0 -26.7 -2.7 0 -26.4 -6 0 -24.6
4 80 -5.35 0 -29.6 -5.6 0 -29.4 -5.9 0 -29.5 -6.05 0 -29.7
4 80 -5 0 -30.25 -5.05 0 -29.65 -5.35 0 -29.6 -6.05 0 -29.7
4 80 -5 0 -30.6 -5 0 -30.25 -6.05 0 -29.7 -6.2 0 -29.8
4 80 -4.55 0 -30.5 -5 0 -30.6 -5.15 0 -31.6 -4.5 0 -31.55
4 80 -4 0 -30.35 -4.55 0 -30.5 -4.5 0 -31.55 -4.05 0 -31.4
4 80 -4 0 -30.35 -4.05 0 -31.4 -3.65 0 -31.2 -3.7 0 -30.2
4 80 -3.7 0 -30.2 -3.65 0 -31.2 -3.15 0 -30.85 -3.35 0 -30.05
4 80 -3.35 0 -30.05 -3.15 0 -30.85 -2.85 0 -30.7 -3.05 0 -29.8
4 80 -3.05 0 -29.8 -2.85 0 -30.7 -2.6 0 -30.75 -2.35 0 -30.6
4 80 -2.3 0 -30.1 -2.35 0 -30.6 -2.1 0 -30.55 -2 0 -30.1
4 80 -1.65 0 -30.15 -2 0 -30.1 -2.1 0 -30.55 -1.3 0 -30.45
4 80 -1.3 0 -30.45 -2.1 0 -30.55 -1.65 0 -30.75 -1.15 0 -30.8
3 80 -1.65 0 -30.75 -1.15 0 -31.2 -1.15 0 -30.8
4 80 -5.15 0 -31.6 -5 0 -30.6 -6.2 0 -29.8 -5.536 0 -31.6
4 80 -.25 0 -25.15 -2.7 0 -26.4 -2.65 0 -26.7 .1 0 -25.3
4 80 .1 0 -25.3 -2.65 0 -26.7 .15 0 -26.15 .55 0 -25.6
4 80 .75 0 -25.9 .55 0 -25.6 .15 0 -26.15 .5 0 -26.2
3 80 .75 0 -25.9 .5 0 -26.2 .8 0 -26.2
4 80 .15 0 -26.15 -2.65 0 -26.7 -2.55 0 -26.9 .4 0 -26.4
4 80 .4 0 -26.4 -2.55 0 -26.9 -2.3 0 -27.15 -1.75 0 -27.6
4 80 .8 0 -26.45 .4 0 -26.4 -1.75 0 -27.6 .85 0 -26.75
4 80 .85 0 -26.75 -1.75 0 -27.6 -1.2 0 -27.95 -.6 0 -28.3
4 80 1.3 0 -27.2 .85 0 -26.75 -.6 0 -28.3 1.5 0 -27.45
4 80 1.6 0 -27.85 1.5 0 -27.45 -.6 0 -28.3 .2 0 -28.7
4 80 1.6 0 -27.85 .2 0 -28.7 1.95 0 -28.15 1.95 0 -27.85
3 80 2.15 0 -27.75 1.95 0 -27.85 1.95 0 -28.15
4 80 1.95 0 -28.15 .2 0 -28.7 .7 0 -29.2 2.1 0 -28.25
4 80 2.1 0 -28.25 .7 0 -29.2 1.25 0 -29.8 1.9 0 -30.1
4 80 2.1 0 -28.25 1.9 0 -30.1 2.65 0 -28.6 2.5 0 -28.15
4 80 2.5 0 -28.15 2.65 0 -28.6 2.75 0 -28.3 2.75 0 -28
4 80 2.65 0 -28.6 1.9 0 -30.1 2.45 0 -30.2 2.8 0 -28.7
4 80 2.8 0 -28.7 2.45 0 -30.2 3.1 0 -30.15 3.2 0 -28.75
3 80 2.95 0 -28.6 2.8 0 -28.7 3.2 0 -28.75
3 80 3.1 0 -28.4 2.95 0 -28.6 3.2 0 -28.75
4 80 3.2 0 -28.75 3.1 0 -30.15 3.5 0 -29.9 3.7 0 -29.55
4 80 3.2 0 -28.75 3.7 0 -29.55 3.75 0 -29.05 3.7 0 -28.85
4 80 1.85 0 -22.45 1.3 0 -22.2 1.3 0 -22.45 1.85 0 -22.7
4 80 1.85 0 -22.7 1.3 0 -22.45 1.15 0 -22.7 2 0 -23
4 80 2 0 -23 1.15 0 -22.7 .8 0 -23.35 2.1 0 -23.3
4 80 2.1 0 -23.55 2.1 0 -23.3 .8 0 -23.35 2.05 0 -23.75
4 80 2 0 -23.95 2.05 0 -23.75 .8 0 -23.35 1.4 0 -24.8
4 80 2.65 0 -24.45 3.3 0 -24.55 3.45 0 -24.4 3.15 0 -24
4 80 3.15 0 -24 3.45 0 -24.4 3.7 0 -24.3 3.2 0 -23.75
4 80 1.15 0 -21.85 1.3 0 -22.2 1.85 0 -22.45 2.05 0 -22.35
4 80 -7.9 0 -25.9 -6 0 -27.6 -7.4 0 -25.7 -7.7 0 -25.6
4 80 -7.7 0 -25.6 -7.4 0 -25.7 -7.45 0 -25.55 -7.65 0 -25.35
4 80 -7.1 0 -25.4 -7.4 0 -25.7 -6 0 -27.6 -6.8 0 -25.25
4 80 -6.8 0 -25.25 -6 0 -27.6 -4.4 0 -27.5 -6.65 0 -25
3 80 -6.35 0 -24.9 -6.65 0 -25 -4.4 0 -27.5
4 80 -6.35 0 -24.9 -3.9 0 -27.25 -3.35 0 -26.95 -3.25 0 -26.7
4 80 -6.35 0 -24.9 -3.25 0 -26.7 -6 0 -24.6 -6.15 0 -24.5
4 80 -6.45 0 -24.65 -6.35 0 -24.9 -6.15 0 -24.5 -6.5 0 -24.3
4 80 -6 0 -24.6 -2.7 0 -26.4 -5.7 0 -24 -6.05 0 -24.3
3 80 -6.05 0 -23.85 -6.05 0 -24.3 -5.7 0 -24
4 80 -5.55 0 -23.9 -5.7 0 -24 -2.7 0 -26.4 -.25 0 -25.15
4 80 -5.55 0 -23.9 -.25 0 -25.15 -.25 0 -24.95 -5.7 0 -23.55
4 80 -5.5 0 -23.45 -5.7 0 -23.55 -.25 0 -24.95 -5.25 0 -23.4
4 80 -5.25 0 -23.4 -.25 0 -24.95 -.1 0 -24.85 .3 0 -23.05
4 80 .5 0 -23.4 .3 0 -23.05 -.1 0 -24.85 .25 0 -24.8
4 80 .8 0 -23.35 .5 0 -23.4 .25 0 -24.8 .7 0 -24.85
4 80 .8 0 -23.35 .7 0 -24.85 1.05 0 -24.85 1.4 0 -24.8
4 80 2.15 0 -24.1 2 0 -23.95 1.4 0 -24.8 1.6 0 -24.9
4 80 2.65 0 -24.45 2.15 0 -24.1 1.6 0 -24.9 1.85 0 -25.2
4 80 2.65 0 -24.45 1.85 0 -25.2 2.1 0 -25.4 3.3 0 -24.55
4 80 -5.25 0 -23.4 -4.9 0 -22.8 -5.2 0 -22.8 -5.5 0 -23.05
3 80 -5.65 0 -22.65 -5.5 0 -23.05 -5.2 0 -22.8
4 80 -4.9 0 -22.8 -4.25 0 -22.15 -4.7 0 -21.9 -5.1 0 -22.15
3 80 -5.15 0 -21.8 -5.1 0 -22.15 -4.7 0 -21.9
4 80 -4.9 0 -22.8 -5.25 0 -23.4 .3 0 -23.05 .4 0 -22.8
4 80 -4.25 0 -22.15 -4.9 0 -22.8 .4 0 -22.8 .6 0 -22.7
4 80 -4.25 0 -22.15 .6 0 -22.7 .7 0 -22.45 .65 0 -22.2
4 80 -4.25 0 -22.15 .65 0 -22.2 .5 0 -21.95 -3.9 0 -21.8
4 80 -3.9 0 -21.8 .5 0 -21.95 .4 0 -21.6 -3.45 0 -21.35
4 80 -4.2 0 -21.5 -3.9 0 -21.8 -3.45 0 -21.35 -3.8 0 -21.15
4 80 -4.2 0 -21.5 -3.8 0 -21.15 -4.15 0 -21.05 -4.35 0 -21.3
3 80 -4.15 0 -21.05 -4.6 0 -21.15 -4.35 0 -21.3
4 80 -3.4 0 -20.9 -3.45 0 -21.35 -2.75 0 -20.75 -3.15 0 -20.5
4 80 -3.4 0 -20.9 -3.15 0 -20.5 -3.35 0 -20.4 -3.65 0 -20.4
4 80 -2.75 0 -20.75 -3.45 0 -21.35 .4 0 -21.6 .55 0 -21.45
4 80 -2.1 0 -20.4 -2.75 0 -20.75 .55 0 -21.45 -1.5 0 -20.3
3 80 -.9 0 -20.1 -1.5 0 -20.3 .55 0 -21.45
4 80 -.45 0 -19.9 -.9 0 -20.1 .55 0 -21.45 -.1 0 -19.85
4 80 .3 0 -19.9 -.1 0 -19.85 .55 0 -21.45 .7 0 -20.2
4 80 .7 0 -20.2 .55 0 -21.45 .9 0 -21.6 .95 0 -20.25
4 80 1.2 0 -20.35 .95 0 -20.25 .9 0 -21.6 1.3 0 -20.55
4 80 1.3 0 -20.85 1.3 0 -20.55 .9 0 -21.6 1.15 0 -21.85
3 272 .3 0 -23.05 .5 0 -23.4 .8 0 -23.35
4 272 -8.073 0 -25.75 -7.9 0 -25.9 -7.7 0 -25.6 -7.65 0 -25.35
3 272 -7.918 0 -24.175 -8.073 0 -25.75 -7.65 0 -25.35
3 272 -7.1 0 -25.4 -7.45 0 -25.55 -7.4 0 -25.7
4 272 -7.65 0 -25.35 -7.45 0 -25.55 -7.1 0 -25.4 -7.918 0 -24.175
4 272 -7.918 0 -24.175 -7.1 0 -25.4 -6.8 0 -25.25 -6.65 0 -25
4 272 -6.45 0 -24.65 -7.918 0 -24.175 -6.65 0 -25 -6.35 0 -24.9
3 272 -7.918 0 -24.175 -6.45 0 -24.65 -6.5 0 -24.3
3 272 -6.05 0 -24.3 -6.15 0 -24.5 -6 0 -24.6
4 272 -6.5 0 -24.3 -6.15 0 -24.5 -6.05 0 -24.3 -6.05 0 -23.85
4 272 -7.918 0 -24.175 -6.5 0 -24.3 -6.05 0 -23.85 -7.458 0 -22.661
4 272 -7.458 0 -22.661 -6.05 0 -23.85 -5.7 0 -23.55 -5.5 0 -23.05
3 272 -5.5 0 -23.05 -5.7 0 -23.55 -5.5 0 -23.45
3 272 -5.5 0 -23.05 -5.5 0 -23.45 -5.25 0 -23.4
4 272 -6.05 0 -23.85 -5.7 0 -24 -5.55 0 -23.9 -5.7 0 -23.55
4 272 -7.458 0 -22.661 -5.5 0 -23.05 -5.65 0 -22.65 -6.712 0 -21.265
4 272 -5.2 0 -22.8 -4.9 0 -22.8 -5.1 0 -22.15 -5.65 0 -22.65
4 272 -5.65 0 -22.65 -5.1 0 -22.15 -5.15 0 -21.8 -6.712 0 -21.265
4 272 -4.6 0 -21.15 -5.15 0 -21.8 -4.7 0 -21.9 -4.35 0 -21.3
4 272 -4.2 0 -21.5 -4.35 0 -21.3 -4.7 0 -21.9 -4.25 0 -22.15
3 272 -4.2 0 -21.5 -4.25 0 -22.15 -3.9 0 -21.8
4 272 -3.8 0 -21.15 -3.45 0 -21.35 -3.4 0 -20.9 -3.65 0 -20.4
4 272 -4.15 0 -21.05 -3.8 0 -21.15 -3.65 0 -20.4 -4.485 0 -19.038
4 272 -6.712 0 -21.265 -5.15 0 -21.8 -4.6 0 -21.15 -5.708 0 -20.042
4 272 -5.708 0 -20.042 -4.6 0 -21.15 -4.15 0 -21.05 -4.485 0 -19.038
4 272 -3.15 0 -20.5 -2.75 0 -20.75 -2.1 0 -20.4 -3.089 0 -18.292
4 272 -3.35 0 -20.4 -3.15 0 -20.5 -3.089 0 -18.292 -4.485 0 -19.038
3 272 -4.485 0 -19.038 -3.65 0 -20.4 -3.35 0 -20.4
4 272 -3.089 0 -18.292 -2.1 0 -20.4 -1.5 0 -20.3 -1.575 0 -17.832
4 272 -1.575 0 -17.832 -1.5 0 -20.3 -.9 0 -20.1 -.45 0 -19.9
4 272 0 0 -17.677 -1.575 0 -17.832 -.45 0 -19.9 -.1 0 -19.85
4 272 0 0 -17.677 -.1 0 -19.85 .3 0 -19.9 1.575 0 -17.832
4 272 1.575 0 -17.832 .3 0 -19.9 .7 0 -20.2 .95 0 -20.25
4 272 1.575 0 -17.832 .95 0 -20.25 1.2 0 -20.35 3.089 0 -18.292
4 80 2 0 -21.25 1.3 0 -20.85 1.15 0 -21.85 2.05 0 -22.35
4 80 2 0 -21.25 2.05 0 -22.35 2.3 0 -22.4 3.3 0 -22.25
4 80 3.3 0 -22.25 2.3 0 -22.4 2.6 0 -22.6 4.25 0 -22.95
4 80 4.25 0 -22.95 2.6 0 -22.6 2.9 0 -23.2 3.1 0 -23.5
4 80 5 0 -23.45 4.25 0 -22.95 3.1 0 -23.5 3.2 0 -23.75
4 80 4.1 0 -24.3 5 0 -23.45 3.2 0 -23.75 3.95 0 -24.35
3 80 3.2 0 -23.75 3.7 0 -24.3 3.95 0 -24.35
4 80 5 0 -23.45 4.1 0 -24.3 4.35 0 -24.5 5.6 0 -23.7
4 80 6.2 0 -24.2 5.6 0 -23.7 4.35 0 -24.5 6.75 0 -24.95
4 80 6.95 0 -25.55 6.75 0 -24.95 4.35 0 -24.5 6.95 0 -26
4 80 6.75 0 -26.45 6.95 0 -26 4.35 0 -24.5 6.55 0 -26.7
4 80 6.35 0 -26.75 6.55 0 -26.7 4.35 0 -24.5 4.2 0 -24.65
4 80 3.6 0 -24.7 3.3 0 -24.55 2.1 0 -25.4 2.6 0 -25.85
4 80 2.6 0 -25.85 2.1 0 -25.4 2.05 0 -25.7 2.25 0 -25.95
3 80 2.05 0 -25.7 1.95 0 -26.2 2.25 0 -25.95
4 80 3.15 0 -26.15 3.6 0 -24.7 2.6 0 -25.85 2.55 0 -26.15
3 80 3.15 0 -26.15 2.55 0 -26.15 2.9 0 -26.3
3 80 2.55 0 -26.15 2.7 0 -26.55 2.9 0 -26.3
4 80 3.6 0 -24.7 3.15 0 -26.15 3.45 0 -26.2 3.9 0 -24.7
4 80 3.95 0 -26.4 3.9 0 -24.7 3.45 0 -26.2 3.5 0 -26.45
3 80 3.95 0 -26.4 3.5 0 -26.45 3.75 0 -26.55
3 80 3.5 0 -26.45 3.6 0 -26.8 3.75 0 -26.55
4 80 4.75 0 -26.4 4.3 0 -26.35 4.3 0 -26.6 4.65 0 -26.7
3 80 4.3 0 -26.6 4.4 0 -26.9 4.65 0 -26.7
4 80 4.3 0 -26.35 4.75 0 -26.4 4.2 0 -24.65 3.9 0 -24.7
3 80 5.05 0 -26.7 5.1 0 -27.05 5.4 0 -26.75
4 80 5.05 0 -26.7 5.4 0 -26.75 5.55 0 -26.65 4.95 0 -26.45
3 80 4.2 0 -24.65 4.75 0 -26.4 4.95 0 -26.45
4 80 4.2 0 -24.65 4.95 0 -26.45 5.55 0 -26.65 5.85 0 -26.7
4 80 5.85 0 -26.7 6.15 0 -26.95 6.35 0 -26.75 4.2 0 -24.65
3 80 5.85 0 -26.7 5.7 0 -27.05 6.15 0 -26.95
4 272 3.089 0 -18.292 1.2 0 -20.35 1.3 0 -20.55 4.485 0 -19.038
4 272 4.485 0 -19.038 1.3 0 -20.55 1.3 0 -20.85 2 0 -21.25
4 272 4.485 0 -19.038 2 0 -21.25 3.3 0 -22.25 5.708 0 -20.042
4 272 5.708 0 -20.042 3.3 0 -22.25 4.25 0 -22.95 6.712 0 -21.265
4 272 6.712 0 -21.265 4.25 0 -22.95 5 0 -23.45 5.6 0 -23.7
4 272 7.458 0 -22.661 6.712 0 -21.265 5.6 0 -23.7 6.2 0 -24.2
4 272 7.918 0 -24.175 7.458 0 -22.661 6.2 0 -24.2 6.75 0 -24.95
4 272 7.918 0 -24.175 6.75 0 -24.95 6.95 0 -25.55 8.073 0 -25.75
3 272 6.95 0 -25.55 6.95 0 -26 8.073 0 -25.75
4 272 8.073 0 -25.75 6.95 0 -26 6.75 0 -26.45 7.918 0 -27.325
4 272 7.918 0 -27.325 6.75 0 -26.45 6.55 0 -26.7 7.458 0 -28.839
4 272 7.458 0 -28.839 6.55 0 -26.7 6.35 0 -26.75 6.15 0 -26.95
4 272 6.712 0 -30.235 7.458 0 -28.839 6.15 0 -26.95 5.7 0 -27.05
4 272 5.85 0 -26.7 5.55 0 -26.65 5.4 0 -26.75 5.7 0 -27.05
4 272 5.7 0 -27.05 5.4 0 -26.75 5.1 0 -27.05 6.712 0 -30.235
4 272 6.712 0 -30.235 5.1 0 -27.05 3.7 0 -28.85 3.75 0 -29.05
4 272 3.1 0 -28.4 3.2 0 -28.75 3.7 0 -28.85 4.4 0 -26.9
4 272 4.4 0 -26.9 3.7 0 -28.85 5.1 0 -27.05 4.65 0 -26.7
4 272 4.65 0 -26.7 5.1 0 -27.05 5.05 0 -26.7 4.95 0 -26.45
3 272 4.75 0 -26.4 4.65 0 -26.7 4.95 0 -26.45
3 80 3.9 0 -24.7 3.95 0 -26.4 4.3 0 -26.35
4 272 -.1 0 -24.85 -.25 0 -24.95 -.25 0 -25.15 .1 0 -25.3
4 272 .25 0 -24.8 -.1 0 -24.85 .1 0 -25.3 .55 0 -25.6
4 272 .7 0 -24.85 .25 0 -24.8 .55 0 -25.6 .75 0 -25.9
4 272 1.05 0 -24.85 .7 0 -24.85 .75 0 -25.9 1.6 0 -24.9
3 272 1.4 0 -24.8 1.05 0 -24.85 1.6 0 -24.9
4 272 1.85 0 -25.2 1.6 0 -24.9 .75 0 -25.9 2.05 0 -25.7
3 272 1.85 0 -25.2 2.05 0 -25.7 2.1 0 -25.4
3 272 2.6 0 -25.85 2.25 0 -25.95 2.55 0 -26.15
4 272 3.15 0 -26.15 2.9 0 -26.3 3.5 0 -26.45 3.45 0 -26.2
4 272 3.95 0 -26.4 3.75 0 -26.55 4.3 0 -26.6 4.3 0 -26.35
4 272 3.75 0 -26.55 3.6 0 -26.8 4.4 0 -26.9 4.3 0 -26.6
4 272 2.9 0 -26.3 2.7 0 -26.55 3.6 0 -26.8 3.5 0 -26.45
4 272 2.25 0 -25.95 1.95 0 -26.2 2.7 0 -26.55 2.55 0 -26.15
4 272 .5 0 -26.2 .15 0 -26.15 .4 0 -26.4 .8 0 -26.45
3 272 .8 0 -26.2 .5 0 -26.2 .8 0 -26.45
4 272 .75 0 -25.9 .8 0 -26.2 1.95 0 -26.2 2.05 0 -25.7
4 272 1.95 0 -26.2 .8 0 -26.2 .8 0 -26.45 .85 0 -26.75
4 272 1.95 0 -26.2 .85 0 -26.75 1.3 0 -27.2 2.7 0 -26.55
4 272 2.7 0 -26.55 1.3 0 -27.2 1.5 0 -27.45 2.15 0 -27.75
4 272 1.6 0 -27.85 1.95 0 -27.85 2.15 0 -27.75 1.5 0 -27.45
4 272 2.5 0 -28.15 2.75 0 -28 2.15 0 -27.75 1.95 0 -28.15
3 272 2.5 0 -28.15 1.95 0 -28.15 2.1 0 -28.25
4 272 2.65 0 -28.6 2.8 0 -28.7 2.95 0 -28.6 2.75 0 -28.3
4 272 2.75 0 -28.3 2.95 0 -28.6 3.1 0 -28.4 2.75 0 -28
4 272 3.6 0 -26.8 2.75 0 -28 3.1 0 -28.4 4.4 0 -26.9
4 272 2.7 0 -26.55 2.15 0 -27.75 2.75 0 -28 3.6 0 -26.8
3 272 -4.5 0 -31.55 -5.15 0 -31.6 -4.485 0 -32.462
4 272 -4.05 0 -31.4 -4.5 0 -31.55 -4.485 0 -32.462 -3.089 0 -33.208
3 272 -3.65 0 -31.2 -4.05 0 -31.4 -3.089 0 -33.208
4 272 -3.15 0 -30.85 -3.65 0 -31.2 -3.089 0 -33.208 -2.85 0 -30.7
3 272 -2.85 0 -30.7 -3.089 0 -33.208 -2.6 0 -30.75
4 272 -2.35 0 -30.6 -2.6 0 -30.75 -3.089 0 -33.208 -2.1 0 -30.55
4 272 -1.65 0 -30.75 -2.1 0 -30.55 -3.089 0 -33.208 -1.15 0 -31.2
4 272 -1.15 0 -31.2 -3.089 0 -33.208 -1.575 0 -33.668 0 0 -33.823
3 272 -1.15 0 -31.2 0 0 -33.823 1.575 0 -33.668
3 272 -8.073 0 -25.75 -8.019 0 -26.297 -7.9 0 -25.9
3 272 -5.15 0 -31.6 -5.536 0 -31.6 -4.485 0 -32.462
4 80 -8.073 0 -25.75 -9.153 0 -25.75 -8.977 0 -27.536 -8.019 0 -26.297
4 80 -6 0 -27.6 -7.9 0 -25.9 -8.019 0 -26.297 -6.15 0 -27.9
4 80 -6.15 0 -27.9 -8.019 0 -26.297 -8.977 0 -27.536 -8.456 0 -29.253
3 80 -6.15 0 -27.9 -8.456 0 -29.253 -6.15 0 -28.3
4 80 -6.2 0 -29.8 -6.35 0 -29.65 -7.61 0 -30.835 -6.472 0 -32.222
3 80 -6.2 0 -29.8 -6.472 0 -32.222 -5.536 0 -31.6
4 1 -10.282 0 26.532 -11.119 0 27.274 -12.214 0 27.049 -12.732 0 25.118
4 1 -10.8 0 24.6 -10.282 0 26.532 -12.732 0 25.118 -11.895 0 24.376
4 1 -7.582 0 26.132 -8.419 0 26.874 -9.514 0 26.649 -10.032 0 24.718
4 1 -8.1 0 24.2 -7.582 0 26.132 -10.032 0 24.718 -9.195 0 23.976
4 1 -9.782 0 23.032 -10.619 0 23.774 -11.714 0 23.549 -12.232 0 21.618
4 1 -10.3 0 21.1 -9.782 0 23.032 -12.232 0 21.618 -11.395 0 20.876
4 1 -5.182 0 29.032 -6.019 0 29.774 -7.114 0 29.549 -7.632 0 27.618
4 1 -5.7 0 27.1 -5.182 0 29.032 -7.632 0 27.618 -6.795 0 26.876
4 1 -5.682 0 32.632 -6.519 0 33.374 -7.614 0 33.149 -8.132 0 31.218
4 1 -6.2 0 30.7 -5.682 0 32.632 -8.132 0 31.218 -7.295 0 30.476
4 1 -3.082 0 32.032 -3.919 0 32.774 -5.014 0 32.549 -5.532 0 30.618
4 1 -3.6 0 30.1 -3.082 0 32.032 -5.532 0 30.618 -4.695 0 29.876
4 1 -19.082 0 21.132 -19.919 0 21.874 -21.014 0 21.649 -21.532 0 19.718
4 1 -19.6 0 19.2 -19.082 0 21.132 -21.532 0 19.718 -20.695 0 18.976
4 1 -21.982 0 21.732 -22.819 0 22.474 -23.914 0 22.249 -24.432 0 20.318
4 1 -22.5 0 19.8 -21.982 0 21.732 -24.432 0 20.318 -23.595 0 19.576
4 1 5.119 0 32.674 4.024 0 32.898 3.187 0 32.156 3.705 0 30.224
4 1 5.637 0 30.742 5.119 0 32.674 3.705 0 30.224 4.8 0 30
4 1 7.819 0 33.074 6.724 0 33.298 5.887 0 32.556 6.405 0 30.624
4 1 8.337 0 31.142 7.819 0 33.074 6.405 0 30.624 7.5 0 30.4
4 1 7.519 0 29.574 6.424 0 29.798 5.587 0 29.056 6.105 0 27.124
4 1 8.037 0 27.642 7.519 0 29.574 6.105 0 27.124 7.2 0 26.9
4 1 9.819 0 26.674 8.724 0 26.898 7.887 0 26.156 8.405 0 24.224
4 1 10.337 0 24.742 9.819 0 26.674 8.405 0 24.224 9.5 0 24
4 1 12.719 0 27.074 11.624 0 27.298 10.787 0 26.556 11.305 0 24.624
4 1 13.237 0 25.142 12.719 0 27.074 11.305 0 24.624 12.4 0 24.4
4 1 12.219 0 23.574 11.124 0 23.798 10.287 0 23.056 10.805 0 21.124
4 1 12.737 0 21.642 12.219 0 23.574 10.805 0 21.124 11.9 0 20.9
4 1 21.619 0 21.874 20.524 0 22.098 19.687 0 21.356 20.205 0 19.424
4 1 22.137 0 19.942 21.619 0 21.874 20.205 0 19.424 21.3 0 19.2
4 1 24.419 0 22.474 23.324 0 22.698 22.487 0 21.956 23.005 0 20.024
4 1 24.937 0 20.542 24.419 0 22.474 23.005 0 20.024 24.1 0 19.8
4 272 -3.387 0 21.256 -4.224 0 21.998 -5.319 0 21.774 -5.837 0 19.842
4 272 -3.905 0 19.324 -3.387 0 21.256 -5.837 0 19.842 -5 0 19.1
4 1 -4.016 0 22.771 -4.224 0 21.998 -3.387 0 21.256 -2.556 0 21.654
4 1 -2.556 0 21.654 -3.387 0 21.256 -3.905 0 19.324 -3.384 0 18.563
4 1 -3.384 0 18.563 -3.905 0 19.324 -5 0 19.1 -5.01 0 18.353
4 272 -6.387 0 21.956 -7.224 0 22.698 -8.319 0 22.474 -8.837 0 20.542
4 272 -6.905 0 20.024 -6.387 0 21.956 -8.837 0 20.542 -8 0 19.8
4 1 -8.84 0 23.234 -8.319 0 22.474 -7.224 0 22.698 -7.016 0 23.471
4 1 -7.016 0 23.471 -7.224 0 22.698 -6.387 0 21.956 -5.798 0 22.54
4 1 -8.84 0 23.234 -9.668 0 20.143 -8.837 0 20.542 -8.319 0 22.474
4 1 -20.64 0 18.534 -20.119 0 17.774 -19.024 0 17.998 -18.816 0 18.771
4 1 -18.816 0 18.771 -19.024 0 17.998 -18.187 0 17.256 -17.598 0 17.84
4 1 -22.156 0 26.454 -22.987 0 26.056 -23.505 0 24.124 -22.984 0 23.363
4 1 -22.984 0 23.363 -23.505 0 24.124 -24.6 0 23.9 -24.61 0 23.153
4 272 -11.687 0 30.656 -12.524 0 31.398 -13.619 0 31.174 -14.137 0 29.242
4 272 -12.205 0 28.724 -11.687 0 30.656 -14.137 0 29.242 -13.3 0 28.5
4 1 -12.316 0 32.171 -12.524 0 31.398 -11.687 0 30.656 -10.856 0 31.054
4 1 -10.856 0 31.054 -11.687 0 30.656 -12.205 0 28.724 -11.684 0 27.963
4 1 -11.684 0 27.963 -12.205 0 28.724 -13.3 0 28.5 -13.31 0 27.753
4 272 -14.087 0 27.556 -14.924 0 28.298 -16.019 0 28.074 -16.537 0 26.142
4 272 -14.605 0 25.624 -14.087 0 27.556 -16.537 0 26.142 -15.7 0 25.4
4 1 -14.084 0 24.863 -14.605 0 25.624 -15.7 0 25.4 -15.907 0 24.627
4 1 -15.907 0 24.627 -15.7 0 25.4 -16.537 0 26.142 -17.368 0 25.743
4 272 8.7 0 22.658 7.605 0 22.882 6.768 0 22.141 7.286 0 20.209
4 272 9.218 0 20.726 8.7 0 22.658 7.286 0 20.209 8.381 0 19.985
4 1 7.398 0 23.655 7.605 0 22.882 8.7 0 22.658 9.221 0 23.419
4 1 9.221 0 23.419 8.7 0 22.658 9.218 0 20.726 10.049 0 20.328
4 1 10.049 0 20.328 9.218 0 20.726 8.381 0 19.985 8.747 0 19.333
4 272 5.752 0 21.765 4.657 0 21.989 3.82 0 21.247 4.338 0 19.315
4 272 6.27 0 19.833 5.752 0 21.765 4.338 0 19.315 5.433 0 19.091
4 1 2.989 0 21.645 3.82 0 21.247 4.657 0 21.989 4.45 0 22.761
4 1 4.45 0 22.761 4.657 0 21.989 5.752 0 21.765 5.97 0 22.564
4 1 2.989 0 21.645 3.817 0 18.554 4.338 0 19.315 3.82 0 21.247
4 1 17.418 0 30.126 16.581 0 29.385 18.249 0 29.728 18.206 0 29.891
4 272 13.952 0 31.165 12.857 0 31.389 12.02 0 30.647 12.538 0 28.715
4 272 14.47 0 29.233 13.952 0 31.165 12.538 0 28.715 13.633 0 28.491
4 1 11.189 0 31.045 12.02 0 30.647 12.857 0 31.389 12.65 0 32.161
4 1 12.65 0 32.161 12.857 0 31.389 13.952 0 31.165 14.202 0 31.989
4 1 11.189 0 31.045 12.017 0 27.954 12.538 0 28.715 12.02 0 30.647
4 272 16.372 0 28.174 15.276 0 28.398 14.44 0 27.656 14.958 0 25.724
4 272 16.889 0 26.242 16.372 0 28.174 14.958 0 25.724 16.053 0 25.5
4 1 17.721 0 25.843 16.889 0 26.242 16.053 0 25.5 16.26 0 24.727
4 1 16.26 0 24.727 16.053 0 25.5 14.958 0 25.724 14.437 0 24.963
4 1 22.789 0 26.245 23.617 0 23.154 24.138 0 23.915 23.638 0 25.779
4 1 19.298 0 18.855 19.505 0 18.082 20.6 0 17.858 21.121 0 18.619
4 1 16.557 0 17.189 16.35 0 17.961 14.889 0 16.845 16.062 0 16.75
4 1 16.35 0 17.961 16.557 0 17.189 17.652 0 16.965 17.87 0 17.764
4 1 -22.716 0 19.071 -22.924 0 18.298 -22.087 0 17.556 -21.256 0 17.954
4 272 -24.61 0 23.153 -25.301 0 20.573 -24.432 0 20.318 -23.914 0 22.249
4 272 -22.984 0 23.363 -24.61 0 23.153 -23.914 0 22.249 -22.819 0 22.474
4 272 -21.982 0 21.732 -22.5 0 19.8 -21.532 0 19.718 -21.014 0 21.649
4 272 -24.432 0 20.318 -25.301 0 20.573 -23.739 0 18.938 -23.595 0 19.576
4 272 -23.595 0 19.576 -23.739 0 18.938 -22.716 0 19.071 -22.5 0 19.8
4 272 -21.532 0 19.718 -22.5 0 19.8 -22.716 0 19.071 -21.256 0 17.954
4 272 -20.695 0 18.976 -21.532 0 19.718 -21.256 0 17.954 -20.64 0 18.534
4 272 -21.256 0 17.954 -21.578 0 16.75 -21.118 0 16.75 -20.64 0 18.534
4 272 -19.6 0 19.2 -20.695 0 18.976 -20.64 0 18.534 -18.816 0 18.771
4 272 -19.082 0 21.132 -19.6 0 19.2 -18.816 0 18.771 -15.816 0 18.071
3 272 -18.816 0 18.771 -17.598 0 17.84 -15.816 0 18.071
4 272 -12.232 0 21.618 -19.082 0 21.132 -15.816 0 18.071 -11.395 0 20.876
4 272 -11.395 0 20.876 -15.816 0 18.071 -14.356 0 16.954 -9.668 0 20.143
3 272 -10.3 0 21.1 -11.395 0 20.876 -9.668 0 20.143
4 272 -14.356 0 16.954 -14.41 0 16.75 -8.959 0 16.75 -8.325 0 19.117
3 272 -9.668 0 20.143 -14.356 0 16.954 -8.325 0 19.117
4 272 -9.782 0 23.032 -10.3 0 21.1 -9.668 0 20.143 -8.84 0 23.234
4 272 -9.782 0 23.032 -8.84 0 23.234 -9.195 0 23.976 -10.619 0 23.774
4 272 -10.619 0 23.774 -9.195 0 23.976 -10.032 0 24.718 -10.8 0 24.6
4 272 -10.8 0 24.6 -11.895 0 24.376 -11.714 0 23.549 -10.619 0 23.774
4 272 -11.714 0 23.549 -11.895 0 24.376 -12.732 0 25.118 -12.232 0 21.618
4 272 -12.232 0 21.618 -12.732 0 25.118 -14.084 0 24.863 -19.082 0 21.132
4 272 -19.082 0 21.132 -14.084 0 24.863 -15.907 0 24.627 -19.919 0 21.874
4 272 -19.919 0 21.874 -15.907 0 24.627 -17.368 0 25.743 -22.156 0 26.454
4 272 -19.919 0 21.874 -22.156 0 26.454 -22.984 0 23.363 -22.819 0 22.474
4 272 -21.014 0 21.649 -19.919 0 21.874 -22.819 0 22.474 -21.982 0 21.732
4 272 -21.33 0 27.8 -22.536 0 26.745 -22.156 0 26.454 -17.368 0 25.743
4 272 -21.33 0 27.8 -17.368 0 25.743 -16.625 0 28.517 -17.968 0 29.543
3 272 -17.802 0 30.161 -21.33 0 27.8 -17.968 0 29.543
4 272 -12.214 0 27.049 -13.31 0 27.753 -14.084 0 24.863 -12.732 0 25.118
4 272 -11.684 0 27.963 -13.31 0 27.753 -12.214 0 27.049 -11.119 0 27.274
4 272 -10.282 0 26.532 -10.8 0 24.6 -10.032 0 24.718 -9.514 0 26.649
4 272 -11.119 0 27.274 -10.282 0 26.532 -9.514 0 26.649 -8.419 0 26.874
4 272 -11.119 0 27.274 -8.419 0 26.874 -7.632 0 27.618 -11.684 0 27.963
4 272 -10.856 0 31.054 -11.684 0 27.963 -7.632 0 27.618 -7.114 0 29.549
4 272 -7.295 0 30.476 -10.856 0 31.054 -7.114 0 29.549 -6.019 0 29.774
4 272 -6.2 0 30.7 -7.295 0 30.476 -6.019 0 29.774 -5.532 0 30.618
4 272 -4.695 0 29.876 -5.532 0 30.618 -6.019 0 29.774 -5.182 0 29.032
4 272 -7.632 0 27.618 -8.419 0 26.874 -7.582 0 26.132 -6.795 0 26.876
4 272 -5.532 0 30.618 -5.014 0 32.549 -5.682 0 32.632 -6.2 0 30.7
4 272 -6.519 0 33.374 -5.682 0 32.632 -5.014 0 32.549 -4.57 0 34.74
4 272 -4.57 0 34.74 -5.014 0 32.549 -3.919 0 32.774 0 0 35.04
4 272 -9.07 0 33.85 -7.614 0 33.149 -6.519 0 33.374 -4.57 0 34.74
4 272 -13.41 0 32.38 -14.178 0 32.001 -14.098 0 31.94 -12.316 0 32.171
3 272 -9.07 0 33.85 -13.41 0 32.38 -12.316 0 32.171
4 272 -9.07 0 33.85 -12.316 0 32.171 -10.856 0 31.054 -7.614 0 33.149
3 272 -7.614 0 33.149 -10.856 0 31.054 -8.132 0 31.218
3 272 -8.132 0 31.218 -10.856 0 31.054 -7.295 0 30.476
4 272 -3.6 0 30.1 -4.695 0 29.876 -5.182 0 29.032 -5.7 0 27.1
4 272 -5.798 0 22.54 -4.016 0 22.771 -5.7 0 27.1 -7.016 0 23.471
4 272 -7.016 0 23.471 -5.7 0 27.1 -6.795 0 26.876 -7.582 0 26.132
3 272 -7.582 0 26.132 -8.1 0 24.2 -7.016 0 23.471
4 272 -8.1 0 24.2 -9.195 0 23.976 -8.84 0 23.234 -7.016 0 23.471
4 272 3.817 0 18.554 2.989 0 21.645 -2.556 0 21.654 -3.384 0 18.563
4 272 -3.384 0 18.563 -5.01 0 18.353 -5.439 0 16.75 3.817 0 18.554
4 272 3.817 0 18.554 -5.439 0 16.75 5.919 0 16.75 5.493 0 18.337
4 272 10.049 0 20.328 8.747 0 19.333 9.439 0 16.75 14.889 0 16.845
3 272 14.889 0 16.845 9.439 0 16.75 14.914 0 16.75
4 272 11.9 0 20.9 10.805 0 21.124 10.049 0 20.328 14.889 0 16.845
4 272 11.9 0 20.9 14.889 0 16.845 16.35 0 17.961 12.737 0 21.642
4 272 12.737 0 21.642 16.35 0 17.961 17.87 0 17.764 19.298 0 18.855
4 272 19.687 0 21.356 12.737 0 21.642 19.298 0 18.855 20.205 0 19.424
4 272 20.205 0 19.424 19.298 0 18.855 21.121 0 18.619 21.3 0 19.2
4 272 21.3 0 19.2 21.121 0 18.619 21.65 0 16.75 22.137 0 19.942
4 272 23.005 0 20.024 22.137 0 19.942 21.65 0 16.75 24.1 0 19.8
4 272 24.937 0 20.542 24.1 0 19.8 21.65 0 16.75 25.79 0 21.085
4 272 24.419 0 22.474 24.937 0 20.542 25.79 0 21.085 25.293 0 22.937
4 272 24.419 0 22.474 25.293 0 22.937 23.617 0 23.154 23.324 0 22.698
4 272 22.487 0 21.956 21.619 0 21.874 22.137 0 19.942 23.005 0 20.024
4 272 20.524 0 22.098 21.619 0 21.874 22.487 0 21.956 23.324 0 22.698
4 272 20.524 0 22.098 23.324 0 22.698 23.617 0 23.154 22.789 0 26.245
4 272 20.524 0 22.098 22.789 0 26.245 17.721 0 25.843 19.687 0 21.356
4 272 19.687 0 21.356 17.721 0 25.843 16.26 0 24.727 12.737 0 21.642
4 272 12.219 0 23.574 12.737 0 21.642 16.26 0 24.727 12.4 0 24.4
3 272 14.437 0 24.963 12.4 0 24.4 16.26 0 24.727
3 272 13.237 0 25.142 12.4 0 24.4 14.437 0 24.963
4 272 11.305 0 24.624 11.124 0 23.798 12.219 0 23.574 12.4 0 24.4
4 272 10.337 0 24.742 9.5 0 24 11.124 0 23.798 11.305 0 24.624
4 272 9.5 0 24 9.221 0 23.419 10.287 0 23.056 11.124 0 23.798
4 272 10.287 0 23.056 9.221 0 23.419 10.049 0 20.328 10.805 0 21.124
4 272 10.787 0 26.556 9.819 0 26.674 10.337 0 24.742 11.305 0 24.624
4 272 13.693 0 27.737 12.719 0 27.074 13.237 0 25.142 14.437 0 24.963
4 272 18.249 0 29.728 16.947 0 28.733 17.721 0 25.843 21.33 0 27.8
4 272 21.33 0 27.8 17.721 0 25.843 22.789 0 26.245 22.958 0 26.375
3 272 18.206 0 29.891 18.249 0 29.728 21.33 0 27.8
4 272 5.119 0 32.674 5.637 0 30.742 6.405 0 30.624 5.887 0 32.556
4 272 5.637 0 30.742 4.8 0 30 5.587 0 29.056 6.424 0 29.798
4 272 6.405 0 30.624 5.637 0 30.742 6.424 0 29.798 7.5 0 30.4
3 272 7.5 0 30.4 6.424 0 29.798 7.519 0 29.574
4 272 8.337 0 31.142 7.5 0 30.4 7.519 0 29.574 11.189 0 31.045
4 272 11.189 0 31.045 7.519 0 29.574 8.037 0 27.642 8.724 0 26.898
4 272 11.189 0 31.045 8.724 0 26.898 9.819 0 26.674 10.787 0 26.556
4 272 11.189 0 31.045 10.787 0 26.556 11.624 0 27.298 12.017 0 27.954
4 272 12.017 0 27.954 11.624 0 27.298 12.719 0 27.074 13.693 0 27.737
4 272 7.819 0 33.074 8.337 0 31.142 11.189 0 31.045 12.65 0 32.161
4 272 9.07 0 33.85 7.819 0 33.074 12.65 0 32.161 13.41 0 32.38
4 272 6.724 0 33.298 7.819 0 33.074 9.07 0 33.85 4.57 0 34.74
4 272 5.887 0 32.556 6.724 0 33.298 4.57 0 34.74 5.119 0 32.674
4 272 4.024 0 32.898 5.119 0 32.674 4.57 0 34.74 0 0 35.04
4 272 3.187 0 32.156 4.024 0 32.898 0 0 35.04 -3.082 0 32.032
3 272 0 0 35.04 -3.919 0 32.774 -3.082 0 32.032
4 272 3.187 0 32.156 -3.082 0 32.032 -3.6 0 30.1 3.705 0 30.224
4 272 6.105 0 27.124 4.45 0 22.761 5.97 0 22.564 7.398 0 23.655
4 272 7.2 0 26.9 6.105 0 27.124 7.398 0 23.655 7.887 0 26.156
3 272 7.887 0 26.156 7.398 0 23.655 8.405 0 24.224
4 272 8.405 0 24.224 7.398 0 23.655 9.221 0 23.419 9.5 0 24
4 272 8.037 0 27.642 7.2 0 26.9 7.887 0 26.156 8.724 0 26.898
4 272 -24.78 0 24.78 -25.135 0 24.374 -24.6 0 23.9 -23.505 0 24.124
4 272 -23.154 0 26.204 -24.78 0 24.78 -23.505 0 24.124 -22.987 0 26.056
4 272 -25.387 0 22.956 -25.944 0 23.45 -26.95 0 22.3 -25.867 0 21.166
4 272 -22.087 0 17.556 -22.924 0 18.298 -23.095 0 18.263 -22.16 0 17.284
4 272 -19.024 0 17.998 -20.119 0 17.774 -20.393 0 16.75 -18.187 0 17.256
3 272 -18.187 0 17.256 -20.393 0 16.75 -18.323 0 16.75
4 272 -16.024 0 17.298 -17.119 0 17.074 -17.206 0 16.75 -15.406 0 16.75
4 272 -7.719 0 18.674 -8.234 0 16.75 -6.164 0 16.75 -6.624 0 18.898
3 272 -6.624 0 18.898 -6.164 0 16.75 -5.787 0 18.156
4 272 7.076 0 18.998 6.24 0 18.256 6.643 0 16.75 8.586 0 16.75
4 272 7.076 0 18.998 8.586 0 16.75 8.689 0 16.842 8.172 0 18.774
4 272 17.652 0 16.965 16.557 0 17.189 16.062 0 16.75 17.71 0 16.75
4 272 20.6 0 17.858 19.505 0 18.082 18.668 0 17.341 20.897 0 16.75
3 272 18.668 0 17.341 18.827 0 16.75 20.897 0 16.75
4 272 26.278 0 23.067 26.04 0 22.856 26.356 0 21.678 26.95 0 22.3
4 272 24.78 0 24.78 23.638 0 25.779 24.138 0 23.915 25.233 0 23.691
3 272 24.78 0 24.78 25.233 0 23.691 25.515 0 23.94
4 272 15.486 0 29.609 16.581 0 29.385 17.418 0 30.126 15.019 0 31.585
4 272 -16.952 0 30.631 -17.137 0 29.942 -16.3 0 29.2 -15.205 0 29.424
4 272 -16.952 0 30.631 -15.205 0 29.424 -14.687 0 31.356 -14.972 0 31.609
4 1 -22.536 0 26.745 -23.154 0 26.204 -22.987 0 26.056 -22.156 0 26.454
4 1 -25.135 0 24.374 -25.944 0 23.45 -25.387 0 22.956 -24.6 0 23.9
4 1 -24.61 0 23.153 -24.6 0 23.9 -25.387 0 22.956 -25.301 0 20.573
3 1 -25.387 0 22.956 -25.867 0 21.166 -25.301 0 20.573
4 1 -23.739 0 18.938 -23.095 0 18.263 -22.924 0 18.298 -22.716 0 19.071
4 1 -22.16 0 17.284 -21.65 0 16.75 -21.578 0 16.75 -22.087 0 17.556
3 1 -21.256 0 17.954 -22.087 0 17.556 -21.578 0 16.75
4 1 -20.64 0 18.534 -21.118 0 16.75 -20.393 0 16.75 -20.119 0 17.774
4 1 -17.119 0 17.074 -17.598 0 17.84 -18.187 0 17.256 -17.206 0 16.75
3 1 -18.187 0 17.256 -18.323 0 16.75 -17.206 0 16.75
4 1 -17.598 0 17.84 -17.119 0 17.074 -16.024 0 17.298 -15.816 0 18.071
4 1 -15.816 0 18.071 -16.024 0 17.298 -15.406 0 16.75 -14.356 0 16.954
3 1 -14.356 0 16.954 -15.406 0 16.75 -14.41 0 16.75
4 1 -5.798 0 22.54 -6.387 0 21.956 -5.319 0 21.774 -4.224 0 21.998
3 1 -4.016 0 22.771 -5.798 0 22.54 -4.224 0 21.998
4 1 -6.387 0 21.956 -6.905 0 20.024 -5.837 0 19.842 -5.319 0 21.774
4 1 -9.668 0 20.143 -8.325 0 19.117 -8 0 19.8 -8.837 0 20.542
4 1 -8 0 19.8 -8.325 0 19.117 -7.719 0 18.674 -6.905 0 20.024
4 1 -6.905 0 20.024 -7.719 0 18.674 -6.624 0 18.898 -5.837 0 19.842
4 1 -5.837 0 19.842 -6.624 0 18.898 -5.787 0 18.156 -5 0 19.1
4 1 -5.01 0 18.353 -5 0 19.1 -5.787 0 18.156 -5.439 0 16.75
4 1 -8.325 0 19.117 -8.959 0 16.75 -8.234 0 16.75 -7.719 0 18.674
3 1 -5.787 0 18.156 -6.164 0 16.75 -5.439 0 16.75
4 1 4.338 0 19.315 3.817 0 18.554 5.493 0 18.337 5.433 0 19.091
4 1 5.433 0 19.091 5.493 0 18.337 6.24 0 18.256 6.27 0 19.833
4 1 6.27 0 19.833 6.24 0 18.256 7.076 0 18.998 7.286 0 20.209
4 1 8.381 0 19.985 7.286 0 20.209 7.076 0 18.998 8.172 0 18.774
4 1 8.747 0 19.333 8.381 0 19.985 8.172 0 18.774 8.689 0 16.842
3 1 8.747 0 19.333 8.689 0 16.842 9.439 0 16.75
3 1 8.689 0 16.842 8.586 0 16.75 9.439 0 16.75
4 1 6.24 0 18.256 5.493 0 18.337 5.919 0 16.75 6.643 0 16.75
4 1 5.97 0 22.564 5.752 0 21.765 6.768 0 22.141 7.398 0 23.655
3 1 7.398 0 23.655 6.768 0 22.141 7.605 0 22.882
4 1 5.752 0 21.765 6.27 0 19.833 7.286 0 20.209 6.768 0 22.141
3 1 14.889 0 16.845 14.914 0 16.75 16.062 0 16.75
4 1 18.668 0 17.341 17.87 0 17.764 17.652 0 16.965 18.827 0 16.75
3 1 17.652 0 16.965 17.71 0 16.75 18.827 0 16.75
4 1 19.298 0 18.855 17.87 0 17.764 18.668 0 17.341 19.505 0 18.082
4 1 20.6 0 17.858 20.897 0 16.75 21.65 0 16.75 21.121 0 18.619
3 1 22.958 0 26.375 22.789 0 26.245 23.638 0 25.779
4 1 24.138 0 23.915 23.617 0 23.154 25.293 0 22.937 25.233 0 23.691
4 1 25.233 0 23.691 25.293 0 22.937 26.04 0 22.856 25.515 0 23.94
3 1 25.515 0 23.94 26.04 0 22.856 26.278 0 23.067
4 1 26.04 0 22.856 25.293 0 22.937 25.79 0 21.085 26.356 0 21.678
4 1 15.019 0 31.585 14.202 0 31.989 13.952 0 31.165 14.47 0 29.233
4 1 15.486 0 29.609 15.019 0 31.585 14.47 0 29.233 15.276 0 28.398
4 1 17.52 0 30.35 17.333 0 30.442 17.418 0 30.126 18.206 0 29.891
4 1 12.538 0 28.715 12.017 0 27.954 13.693 0 27.737 13.633 0 28.491
4 1 13.633 0 28.491 13.693 0 27.737 14.44 0 27.656 14.47 0 29.233
3 1 14.47 0 29.233 14.44 0 27.656 15.276 0 28.398
4 1 16.581 0 29.385 15.486 0 29.609 15.276 0 28.398 16.372 0 28.174
4 1 16.947 0 28.733 16.581 0 29.385 16.372 0 28.174 16.889 0 26.242
3 1 18.249 0 29.728 16.581 0 29.385 16.947 0 28.733
3 1 16.947 0 28.733 16.889 0 26.242 17.721 0 25.843
4 1 13.693 0 27.737 14.437 0 24.963 14.958 0 25.724 14.44 0 27.656
3 272 13.41 0 32.38 12.65 0 32.161 14.202 0 31.989
3 272 15.019 0 31.585 17.418 0 30.126 17.333 0 30.442
4 1 -17.52 0 30.35 -17.802 0 30.161 -17.968 0 29.543 -17.137 0 29.942
3 1 -16.952 0 30.631 -17.52 0 30.35 -17.137 0 29.942
4 1 -17.968 0 29.543 -16.625 0 28.517 -16.3 0 29.2 -17.137 0 29.942
4 1 -16.3 0 29.2 -16.625 0 28.517 -16.019 0 28.074 -15.205 0 29.424
4 1 -15.205 0 29.424 -16.019 0 28.074 -14.924 0 28.298 -14.137 0 29.242
4 1 -14.687 0 31.356 -15.205 0 29.424 -14.137 0 29.242 -13.619 0 31.174
4 1 -14.687 0 31.356 -13.619 0 31.174 -14.098 0 31.94 -14.178 0 32.001
3 1 -14.178 0 32.001 -14.972 0 31.609 -14.687 0 31.356
4 1 -12.316 0 32.171 -14.098 0 31.94 -13.619 0 31.174 -12.524 0 31.398
4 1 -14.137 0 29.242 -14.924 0 28.298 -14.087 0 27.556 -13.3 0 28.5
4 1 -13.31 0 27.753 -13.3 0 28.5 -14.087 0 27.556 -14.084 0 24.863
4 1 -16.625 0 28.517 -17.368 0 25.743 -16.537 0 26.142 -16.019 0 28.074
3 1 -14.087 0 27.556 -14.605 0 25.624 -14.084 0 24.863
4 1 22.418 0 -19.468 21.581 0 -18.726 20.486 0 -18.951 19.968 0 -20.882
4 1 21.9 0 -21.4 22.418 0 -19.468 19.968 0 -20.882 20.805 0 -21.624
4 1 22.868 0 -21.482 23.705 0 -22.224 24.8 0 -22 24.171 0 -19.39
4 1 -19.853 0 -19.206 -20.948 0 -18.982 -21.785 0 -19.724 -21.267 0 -21.655
4 1 -19.335 0 -21.138 -19.853 0 -19.206 -21.267 0 -21.655 -20.172 0 -21.88
4 1 -22.653 0 -19.806 -23.748 0 -19.582 -24.585 0 -20.324 -24.067 0 -22.255
4 1 -22.135 0 -21.738 -22.653 0 -19.806 -24.067 0 -22.255 -22.972 0 -22.48
4 1 -23.467 0 -18.755 -22.372 0 -18.98 -21.535 0 -18.238 -23.488 0 -18.675
4 1 21.4 0 -18.3 20.879 0 -17.539 19.784 0 -17.763 19.577 0 -18.536
4 1 19.577 0 -18.536 19.784 0 -17.763 18.947 0 -17.022 18.414 0 -17.648
4 1 23.944 0 -23.029 24.465 0 -23.79 25.56 0 -23.566 25.598 0 -22.815
4 1 -18.809 0 -18.536 -19.016 0 -17.763 -20.112 0 -17.539 -20.632 0 -18.3
4 1 -15.916 0 -17.363 -15.709 0 -18.136 -14.248 0 -17.02 -15.224 0 -16.75
4 1 -15.709 0 -18.136 -15.916 0 -17.363 -17.012 0 -17.139 -17.532 0 -17.9
4 1 -23.176 0 -23.229 -23.697 0 -23.99 -23.18 0 -25.922 -22.348 0 -26.32
4 272 -24.585 0 -20.324 -25.423 0 -20.701 -24.802 0 -23.018 -24.067 0 -22.255
4 272 -24.067 0 -22.255 -24.802 0 -23.018 -23.176 0 -23.229 -22.972 0 -22.48
4 272 -25.423 0 -20.701 -24.585 0 -20.324 -23.748 0 -19.582 -23.488 0 -18.675
3 272 -23.488 0 -18.675 -23.748 0 -19.582 -23.467 0 -18.755
4 272 -23.467 0 -18.755 -23.748 0 -19.582 -22.653 0 -19.806 -22.372 0 -18.98
4 272 -22.372 0 -18.98 -22.653 0 -19.806 -21.785 0 -19.724 -21.535 0 -18.238
4 272 -21.535 0 -18.238 -21.785 0 -19.724 -20.948 0 -18.982 -20.632 0 -18.3
4 272 -21.872 0 -16.982 -21.535 0 -18.238 -20.632 0 -18.3 -21.65 0 -16.75
3 272 -21.048 0 -16.75 -21.65 0 -16.75 -20.632 0 -18.3
4 272 -20.632 0 -18.3 -20.948 0 -18.982 -19.853 0 -19.206 -18.809 0 -18.536
3 272 -17.608 0 -17.618 -18.809 0 -18.536 -17.532 0 -17.9
4 272 -4.43 0 -16.75 -14.321 0 -16.75 -14.248 0 -17.02 -5.597 0 -17.374
4 272 -5.597 0 -17.374 -14.248 0 -17.02 -15.709 0 -18.136 -7.124 0 -18.626
4 272 4.43 0 -16.75 5.597 0 -17.374 15.116 0 -16.82 15.135 0 -16.75
4 272 15.116 0 -16.82 5.597 0 -17.374 7.124 0 -18.626 16.577 0 -17.936
4 272 16.577 0 -17.936 7.124 0 -18.626 8.376 0 -20.153 19.968 0 -20.882
4 272 18.414 0 -17.648 16.577 0 -17.936 19.968 0 -20.882 19.577 0 -18.536
3 272 19.577 0 -18.536 19.968 0 -20.882 20.486 0 -18.951
4 272 21.4 0 -18.3 19.577 0 -18.536 20.486 0 -18.951 21.581 0 -18.726
4 272 21.779 0 -16.885 21.4 0 -18.3 21.581 0 -18.726 22.418 0 -19.468
4 272 21.779 0 -16.885 22.418 0 -19.468 23.386 0 -19.551 24.171 0 -19.39
4 272 22.418 0 -19.468 21.9 0 -21.4 22.868 0 -21.482 23.386 0 -19.551
4 272 21.9 0 -21.4 20.805 0 -21.624 23.705 0 -22.224 22.868 0 -21.482
4 272 24.8 0 -22 23.705 0 -22.224 23.944 0 -23.029 25.598 0 -22.815
4 272 24.8 0 -22 25.598 0 -22.815 26.002 0 -21.307 25.208 0 -20.476
3 272 23.116 0 -26.12 21.33 0 -27.8 23.187 0 -26.174
4 272 20.805 0 -21.624 21.33 0 -27.8 23.116 0 -26.12 23.944 0 -23.029
3 272 20.805 0 -21.624 23.944 0 -23.029 23.705 0 -22.224
4 272 19.968 0 -20.882 8.376 0 -20.153 9.307 0 -21.895 20.805 0 -21.624
4 272 20.805 0 -21.624 9.307 0 -21.895 9.881 0 -23.785 21.33 0 -27.8
4 272 21.33 0 -27.8 9.881 0 -23.785 10.074 0 -25.75 17.52 0 -30.35
4 272 17.52 0 -30.35 10.074 0 -25.75 9.881 0 -27.715 13.41 0 -32.38
4 272 13.41 0 -32.38 9.881 0 -27.715 9.307 0 -29.605 9.07 0 -33.85
3 272 9.307 0 -29.605 8.376 0 -31.347 9.07 0 -33.85
3 272 8.376 0 -31.347 7.124 0 -32.874 9.07 0 -33.85
3 272 9.07 0 -33.85 5.597 0 -34.126 4.57 0 -34.74
3 272 7.124 0 -32.874 5.597 0 -34.126 9.07 0 -33.85
3 272 -7.124 0 -32.874 -9.07 0 -33.85 -5.597 0 -34.126
3 272 -9.07 0 -33.85 -4.57 0 -34.74 -5.597 0 -34.126
4 272 -9.07 0 -33.85 -7.124 0 -32.874 -8.376 0 -31.347 -13.41 0 -32.38
4 272 -13.41 0 -32.38 -8.376 0 -31.347 -9.307 0 -29.605 -17.52 0 -30.35
3 272 -9.881 0 -27.715 -17.52 0 -30.35 -9.307 0 -29.605
4 272 -22.348 0 -26.32 -22.707 0 -26.594 -21.33 0 -27.8 -10.074 0 -25.75
4 272 -10.074 0 -25.75 -21.33 0 -27.8 -17.52 0 -30.35 -9.881 0 -27.715
4 272 -21.785 0 -19.724 -22.653 0 -19.806 -22.135 0 -21.738 -21.267 0 -21.655
4 272 -22.135 0 -21.738 -22.972 0 -22.48 -23.176 0 -23.229 -21.267 0 -21.655
4 272 -20.172 0 -21.88 -21.267 0 -21.655 -23.176 0 -23.229 -22.348 0 -26.32
4 272 -20.172 0 -21.88 -22.348 0 -26.32 -10.074 0 -25.75 -9.881 0 -23.785
4 272 -19.335 0 -21.138 -20.172 0 -21.88 -9.881 0 -23.785 -9.307 0 -21.895
4 272 -19.853 0 -19.206 -19.335 0 -21.138 -9.307 0 -21.895 -18.809 0 -18.536
4 272 -17.532 0 -17.9 -18.809 0 -18.536 -9.307 0 -21.895 -15.709 0 -18.136
3 272 -15.709 0 -18.136 -9.307 0 -21.895 -8.376 0 -20.153
3 272 -15.709 0 -18.136 -8.376 0 -20.153 -7.124 0 -18.626
4 272 -20.323 0 -16.75 -20.112 0 -17.539 -19.016 0 -17.763 -18.252 0 -16.75
3 272 -18.252 0 -16.75 -19.016 0 -17.763 -18.18 0 -17.022
4 272 -17.116 0 -16.75 -17.012 0 -17.139 -15.916 0 -17.363 -15.224 0 -16.75
4 272 -25.989 0 -21.294 -26.95 0 -22.3 -26.094 0 -23.278 -25.58 0 -22.822
4 272 -24.793 0 -23.766 -25.285 0 -24.203 -24.78 0 -24.78 -23.697 0 -23.99
4 272 -23.697 0 -23.99 -24.78 0 -24.78 -23.327 0 -26.052 -23.18 0 -25.922
4 272 24.465 0 -23.79 24.022 0 -25.444 24.78 0 -24.78 25.56 0 -23.566
3 272 25.56 0 -23.566 24.78 0 -24.78 25.719 0 -23.707
4 272 26.347 0 -22.722 26.479 0 -22.838 26.95 0 -22.3 26.568 0 -21.9
4 272 17.93 0 -16.75 16.318 0 -16.75 16.784 0 -17.163 17.879 0 -16.939
4 272 19.02 0 -16.75 18.947 0 -17.022 19.784 0 -17.763 20.879 0 -17.539
3 272 21.091 0 -16.75 19.02 0 -16.75 20.879 0 -17.539
4 1 16.318 0 -16.75 15.135 0 -16.75 15.116 0 -16.82 16.577 0 -17.936
3 1 16.318 0 -16.75 16.577 0 -17.936 16.784 0 -17.163
4 1 16.784 0 -17.163 16.577 0 -17.936 18.414 0 -17.648 17.879 0 -16.939
4 1 17.879 0 -16.939 18.414 0 -17.648 18.947 0 -17.022 17.93 0 -16.75
3 1 19.02 0 -16.75 17.93 0 -16.75 18.947 0 -17.022
4 1 21.65 0 -16.75 21.091 0 -16.75 20.879 0 -17.539 21.779 0 -16.885
3 1 21.779 0 -16.885 20.879 0 -17.539 21.4 0 -18.3
3 1 24.171 0 -19.39 23.386 0 -19.551 22.868 0 -21.482
3 1 24.171 0 -19.39 24.8 0 -22 25.208 0 -20.476
4 1 26.347 0 -22.722 25.598 0 -22.815 25.56 0 -23.566 26.479 0 -22.838
3 1 26.479 0 -22.838 25.56 0 -23.566 25.719 0 -23.707
4 1 26.002 0 -21.307 25.598 0 -22.815 26.347 0 -22.722 26.568 0 -21.9
4 1 24.022 0 -25.444 24.465 0 -23.79 23.944 0 -23.029 23.116 0 -26.12
3 1 24.022 0 -25.444 23.116 0 -26.12 23.187 0 -26.174
4 1 -25.423 0 -20.701 -25.989 0 -21.294 -25.58 0 -22.822 -24.802 0 -23.018
4 1 -24.793 0 -23.766 -24.802 0 -23.018 -25.58 0 -22.822 -26.094 0 -23.278
3 1 -26.094 0 -23.278 -25.285 0 -24.203 -24.793 0 -23.766
4 1 -24.802 0 -23.018 -24.793 0 -23.766 -23.697 0 -23.99 -23.176 0 -23.229
4 1 -23.18 0 -25.922 -23.327 0 -26.052 -22.707 0 -26.594 -22.348 0 -26.32
3 1 -21.872 0 -16.982 -23.488 0 -18.675 -21.535 0 -18.238
4 1 -21.048 0 -16.75 -20.632 0 -18.3 -20.112 0 -17.539 -20.323 0 -16.75
4 1 -17.116 0 -16.75 -18.252 0 -16.75 -18.18 0 -17.022 -17.012 0 -17.139
4 1 -17.608 0 -17.618 -17.012 0 -17.139 -18.18 0 -17.022 -18.809 0 -18.536
3 1 -17.012 0 -17.139 -17.608 0 -17.618 -17.532 0 -17.9
3 1 -18.18 0 -17.022 -19.016 0 -17.763 -18.809 0 -18.536
3 1 -14.321 0 -16.75 -15.224 0 -16.75 -14.248 0 -17.02
4 80 -6.35 0 -29.65 -6.3 0 -29.35 -8.456 0 -29.253 -7.61 0 -30.835
4 80 -8.456 0 -29.253 -6.3 0 -29.35 -6.15 0 -29.1 -6.15 0 -28.3
4 80 -6.15 0 -28.3 -6.15 0 -29.1 -6 0 -28.9 -5.95 0 -28.7
4 71 -30.1 0 13.7 -30.5 0 14.6 -31.2 0 13.7 -30.5 0 12.8
3 71 -30.1 0 13.7 -30.5 0 12.8 -29.8 0 12.7
3 71 -30.5 0 12.8 -29.2 0 11.4 -29.8 0 12.7
4 71 -29.2 0 10.1 -30.9 0 11.7 -33.4 0 7.4 -30.4 0 4.5
4 71 -27.7 0 8.7 -29.2 0 10.1 -30.4 0 4.5 -29.6 0 3.4
4 71 -30 0 3.3 -29.6 0 3.4 -30.4 0 4.5 -30.4 0 3.4
4 71 -25.95 0 6.8 -27.7 0 8.7 -29.6 0 3.4 -29.3 0 2.6
4 71 -25.95 0 6.8 -29.3 0 2.6 -28.7 0 2.2 -27.95 0 2.1
3 71 -25.95 0 6.8 -27.95 0 2.1 -27.5 0 1.65
4 71 -25.95 0 6.8 -27.5 0 1.65 -26.7 0 .75 -25.95 0 .15
4 71 -31.15 0 -2.05 -32.7 0 -.3 -33.3 0 -6.6 -32.25 0 -7.75
4 71 -31.15 0 -2.05 -32.25 0 -7.75 -31.35 0 -8.45 -30.4 0 -1.8
4 71 -29.5 0 -2.45 -30.4 0 -1.8 -31.35 0 -8.45 -28.85 0 -3.3
4 71 -28.5 0 -4.1 -28.85 0 -3.3 -31.35 0 -8.45 -30.5 0 -9.65
4 71 -31.35 0 -9.15 -30.5 0 -9.65 -31.35 0 -8.45 -32.1 0 -8.7
4 71 -27.7 0 -4.2 -28.5 0 -4.1 -27.6 0 -5.35 -27.1 0 -4.5
3 71 -27.1 0 -4.5 -27.6 0 -5.35 -26.8 0 -4.95
4 71 -27.6 0 -5.35 -28.5 0 -4.1 -30.5 0 -9.65 -30.45 0 -10.3
4 71 -27.6 0 -5.35 -30.45 0 -10.3 -29.95 0 -10.8 -28.55 0 -11.9
4 71 -27.6 0 -5.35 -28.55 0 -11.9 -28.15 0 -11.75 -25.95 0 -7
4 272 30.05 0 11.4 29.25 0 10.8 29.9 0 10.5 30.45 0 11.2
3 272 30.95 0 11.7 30.05 0 11.4 30.45 0 11.2
4 71 29.1 0 -11.7 26.65 0 -6.8 25.95 0 -7.8 28 0 -12.8
4 71 29.7 0 -11.65 26.65 0 -6.8 29.1 0 -11.7 29.9 0 -12.3
4 71 27.3 0 -5.25 26.65 0 -6.8 29.7 0 -11.65 28.3 0 -4
4 71 28.3 0 -4 29.7 0 -11.65 29.3 0 -4.1 28.8 0 -3
4 71 28.8 0 -3 29.3 0 -4.1 29.45 0 -2.85 29.4 0 -2.05
3 71 29.9 0 -1.9 29.4 0 -2.05 29.45 0 -2.85
4 71 29.3 0 -4.1 29.7 0 -11.65 30.2 0 -11.35 30.75 0 -10.65
4 71 29.3 0 -4.1 30.75 0 -10.65 31.15 0 -9.75 31.2 0 -2.4
4 71 31.2 0 -2.4 31.15 0 -9.75 32.7 0 -8.05 33.05 0 -.4
4 71 33.25 0 .45 33.05 0 -.4 35.04 0 0 33.75 0 1.1
4 71 34.55 0 1.5 33.75 0 1.1 35.04 0 0 34.94 0 1.53
4 71 27.4 0 8 28.3 0 2.05 31.5 0 5.45 29.9 0 10.5
4 71 27.4 0 8 29.9 0 10.5 29.25 0 10.8 27.5 0 9.4
4 71 27.75 0 10.55 27.5 0 9.4 29.25 0 10.8 28.8 0 11.65
4 71 28.8 0 11.65 29.25 0 10.8 30.05 0 11.4 30.3 0 12.45
4 71 30.3 0 12.45 30.05 0 11.4 30.95 0 11.7 31.4 0 12.6
4 71 33.85 0 9.07 30.95 0 11.7 30.45 0 11.2 29.9 0 10.5
4 71 33.85 0 9.07 29.9 0 10.5 31.5 0 5.45 34.098 0 7.816
4 272 -3.6 0 30.1 -5.7 0 27.1 -4.016 0 22.771 -2.556 0 21.654
4 272 3.705 0 30.224 -3.6 0 30.1 -2.556 0 21.654 2.989 0 21.645
4 272 3.705 0 30.224 2.989 0 21.645 4.45 0 22.761 4.8 0 30
4 272 5.587 0 29.056 4.8 0 30 4.45 0 22.761 6.105 0 27.124
4 272 -31.973 0 14.215 -32.276 0 13.601 -31.6 0 13.3 -31.2 0 13.7
4 272 -31.6 0 13.3 -30.9 0 12.3 -30.5 0 12.8 -31.2 0 13.7
4 272 -30.5 0 12.8 -30.9 0 12.3 -30.9 0 11.7 -29.2 0 11.4
3 272 -30.9 0 11.7 -29.2 0 10.1 -29.2 0 11.4
4 272 -25.95 0 12.4 -29.2 0 11.4 -29.2 0 10.1 -27.7 0 8.7
3 272 -25.95 0 12.4 -27.7 0 8.7 -25.95 0 6.8
4 272 -30.65 0 16.9 -31.36 0 15.46 -30.5 0 14.6 -25.95 0 12.4
3 272 -30.5 0 14.6 -30.1 0 13.7 -25.95 0 12.4
4 272 -25.95 0 12.4 -30.1 0 13.7 -29.8 0 12.7 -29.2 0 11.4
3 272 -34.051 0 8.051 -34.74 0 4.57 -33.4 0 7.4
4 272 -30.4 0 4.5 -33.4 0 7.4 -34.74 0 4.57 -30.4 0 3.4
4 272 -30.4 0 3.4 -34.74 0 4.57 -34.93 0 1.682 -32.7 0 -.3
4 272 -30 0 3.3 -30.4 0 3.4 -32.7 0 -.3 -29.3 0 2.6
3 272 -29.6 0 3.4 -30 0 3.3 -29.3 0 2.6
4 272 -28.7 0 2.2 -29.3 0 2.6 -32.7 0 -.3 -31.15 0 -2.05
4 272 -28.7 0 2.2 -31.15 0 -2.05 -30.4 0 -1.8 -27.95 0 2.1
4 272 -27.5 0 1.65 -27.95 0 2.1 -30.4 0 -1.8 -29.5 0 -2.45
4 272 -26.7 0 .75 -27.5 0 1.65 -29.5 0 -2.45 -28.85 0 -3.3
4 272 -25.95 0 .15 -26.7 0 .75 -28.85 0 -3.3 -28.5 0 -4.1
3 272 -25.95 0 .15 -28.5 0 -4.1 -27.7 0 -4.2
3 272 -25.95 0 .15 -27.1 0 -4.5 -26.8 0 -4.95
3 272 -25.95 0 .15 -27.7 0 -4.2 -27.1 0 -4.5
3 272 -26.8 0 -4.95 -27.6 0 -5.35 -25.95 0 -7
3 272 -25.95 0 .15 -26.8 0 -4.95 -25.95 0 -7
4 272 -33.3 0 -6.6 -34.509 0 -5.736 -33.85 0 -9.07 -32.1 0 -8.7
3 272 -33.3 0 -6.6 -32.1 0 -8.7 -32.25 0 -7.75
3 272 -32.25 0 -7.75 -32.1 0 -8.7 -31.35 0 -8.45
4 272 -31.35 0 -9.15 -32.1 0 -8.7 -33.85 0 -9.07 -32.37 0 -13.41
4 272 -31.35 0 -9.15 -32.37 0 -13.41 -30.45 0 -10.3 -30.5 0 -9.65
4 272 -29.95 0 -10.8 -30.45 0 -10.3 -32.37 0 -13.41 -30.65 0 -16.9
3 272 -29.95 0 -10.8 -30.65 0 -16.9 -28.55 0 -11.9
4 272 -26.695 0 -13.114 -28.15 0 -11.75 -28.55 0 -11.9 -30.65 0 -16.9
4 272 28 0 -12.8 27.484 0 -13.869 30.65 0 -16.9 29.9 0 -12.3
3 272 29.1 0 -11.7 28 0 -12.8 29.9 0 -12.3
4 272 30.2 0 -11.35 29.7 0 -11.65 29.9 0 -12.3 32.37 0 -13.41
3 272 29.9 0 -12.3 30.65 0 -16.9 32.37 0 -13.41
3 272 30.75 0 -10.65 30.2 0 -11.35 32.37 0 -13.41
4 272 31.15 0 -9.75 30.75 0 -10.65 32.37 0 -13.41 33.85 0 -9.07
3 272 32.7 0 -8.05 31.15 0 -9.75 33.85 0 -9.07
3 272 34.44 0 -6.087 32.7 0 -8.05 33.85 0 -9.07
4 272 25.95 0 -.086 25.95 0 -7.8 26.65 0 -6.8 27.3 0 -5.25
4 272 25.95 0 -.086 27.3 0 -5.25 28.3 0 -4 28.8 0 -3
4 272 28.3 0 2.05 25.95 0 -.086 28.8 0 -3 29.4 0 -2.05
4 272 28.3 0 2.05 29.4 0 -2.05 29.9 0 -1.9 33.05 0 -.4
4 272 29.45 0 -2.85 29.3 0 -4.1 31.2 0 -2.4 29.9 0 -1.9
3 272 33.05 0 -.4 29.9 0 -1.9 31.2 0 -2.4
4 272 28.3 0 2.05 33.05 0 -.4 33.25 0 .45 31.5 0 5.45
4 272 31.5 0 5.45 33.25 0 .45 33.75 0 1.1 34.098 0 7.816
4 272 34.74 0 4.57 34.098 0 7.816 33.75 0 1.1 34.55 0 1.5
3 272 34.74 0 4.57 34.55 0 1.5 34.94 0 1.53
3 272 25.95 0 12.4 27.5 0 9.4 27.75 0 10.55
4 272 27.4 0 8 27.5 0 9.4 25.95 0 12.4 25.95 0 6.824
4 272 25.95 0 12.4 27.75 0 10.55 28.8 0 11.65 30.65 0 16.9
3 272 30.65 0 16.9 28.8 0 11.65 30.3 0 12.45
4 272 30.65 0 16.9 30.3 0 12.45 31.4 0 12.6 32.37 0 13.41
3 272 32.37 0 13.41 31.4 0 12.6 32.618 0 12.684
4 71 25.95 0 6.824 25.95 0 -.086 28.3 0 2.05 27.4 0 8
4 71 32.618 0 12.684 31.4 0 12.6 30.95 0 11.7 33.85 0 9.07
4 71 25.95 0 -12.4 27.484 0 -13.869 28 0 -12.8 25.95 0 -7.8
4 71 33.05 0 -.4 32.7 0 -8.05 34.44 0 -6.087 34.74 0 -4.57
3 71 35.04 0 0 33.05 0 -.4 34.74 0 -4.57
4 71 -32.7 0 -.3 -34.93 0 1.682 -35.04 0 0 -34.74 0 -4.57
4 71 -33.3 0 -6.6 -32.7 0 -.3 -34.74 0 -4.57 -34.509 0 -5.736
4 71 -28.15 0 -11.75 -26.695 0 -13.114 -25.95 0 -12.4 -25.95 0 -7
4 71 -31.6 0 13.3 -32.276 0 13.601 -32.37 0 13.41 -30.9 0 12.3
4 71 -30.9 0 11.7 -30.9 0 12.3 -32.37 0 13.41 -33.85 0 9.07
4 71 -33.4 0 7.4 -30.9 0 11.7 -33.85 0 9.07 -34.051 0 8.051
4 71 -30.5 0 14.6 -31.36 0 15.46 -31.973 0 14.215 -31.2 0 13.7
