0 Bucket  2 x  2 without Handle Holes
0 Name: 18742.dat
0 Author: Jens Brühl [jb70]
0 !LDRAW_ORG Unofficial_Part
0 !LICENSE Licensed under CC BY 4.0 : see CAreadme.txt

0 BFC CERTIFY CCW

0 !CATEGORY Container

0 !HISTORY 2024-01-31 [jb70] based on 48245.dat

0 // underside

1 16 0 2.75 0 1 0 0 0 -1.3125 0 0 0 1 stud4.dat
0 BFC INVERTNEXT
1 16 8.5 2.75 8.5 2.5 0 0 0 -2.75 0 0 0 2.5 4-4cylo.dat
1 16 8.5 2.75 8.5 2.5 0 0 0 -1 0 0 0 2.5 4-4ndis.dat
0 BFC INVERTNEXT
1 16 8.5 2.75 -8.5 2.5 0 0 0 -2.75 0 0 0 2.5 4-4cylo.dat
1 16 8.5 2.75 -8.5 2.5 0 0 0 -1 0 0 0 2.5 4-4ndis.dat
0 BFC INVERTNEXT
1 16 -8.5 2.75 8.5 2.5 0 0 0 -2.75 0 0 0 2.5 4-4cylo.dat
1 16 -8.5 2.75 8.5 2.5 0 0 0 -1 0 0 0 2.5 4-4ndis.dat
0 BFC INVERTNEXT
1 16 -8.5 2.75 -8.5 2.5 0 0 0 -2.75 0 0 0 2.5 4-4cylo.dat
1 16 -8.5 2.75 -8.5 2.5 0 0 0 -1 0 0 0 2.5 4-4ndis.dat
2 24 16 2.75 -11.36 14.14 2.75 -14.14
2 24 14.14 2.75 -14.14 11.36 2.75 -16
2 24 -11.36 2.75 -16 -14.14 2.75 -14.14
2 24 -14.14 2.75 -14.14 -16 2.75 -11.36
2 24 -16 2.75 11.36 -14.14 2.75 14.14
2 24 -14.14 2.75 14.14 -11.36 2.75 16
2 24 11.36 2.75 16 14.14 2.75 14.14
2 24 14.14 2.75 14.14 16 2.75 11.36
1 16 0 2.75 0 5.65685 0 5.65685 0 -1 0 -5.65685 0 5.65685 4-4ndis.dat
1 16 0 2.75 0 6 0 0 0 -1 0 0 0 6 4-4disc.dat
4 16 11.36 2.75 16 14.14 2.75 14.14 16 2.75 11.36 11 2.75 11
4 16 11.36 2.75 16 11 2.75 11 6 2.75 11 0 2.75 11.3137
3 16 11.36 2.75 16 0 2.75 11.3137 -11.36 2.75 16
4 16 0 2.75 11.3137 -6 2.75 11 -11 2.75 11 -11.36 2.75 16
4 16 6 2.75 6 5.6568 2.75 5.6568 0 2.75 11.3137 6 2.75 11
4 16 -6 2.75 6 -6 2.75 11 0 2.75 11.3137 -5.65685 2.75 5.65685
4 16 16 2.75 -11.36 14.14 2.75 -14.14 11.36 2.75 -16 11 2.75 -11
4 16 16 2.75 -11.36 11 2.75 -11 11 2.75 -6 11.3137 2.75 0
3 16 16 2.75 -11.36 11.3137 2.75 0 16 2.75 11.36
4 16 11.3137 2.75 0 11 2.75 6 11 2.75 11 16 2.75 11.36
4 16 6 2.75 -6 5.6568 2.75 -5.6568 11.3137 2.75 0 11 2.75 -6
4 16 6 2.75 6 11 2.75 6 11.3137 2.75 0 5.65685 2.75 5.65685
4 16 -11.36 2.75 -16 -14.14 2.75 -14.14 -16 2.75 -11.36 -11 2.75 -11
4 16 -11.36 2.75 -16 -11 2.75 -11 -6 2.75 -11 0 2.75 -11.3137
3 16 -11.36 2.75 -16 0 2.75 -11.3137 11.36 2.75 -16
4 16 0 2.75 -11.3137 6 2.75 -11 11 2.75 -11 11.36 2.75 -16
4 16 -6 2.75 -6 -5.6568 2.75 -5.6568 0 2.75 -11.3137 -6 2.75 -11
4 16 6 2.75 -6 6 2.75 -11 0 2.75 -11.3137 5.65685 2.75 -5.65685
4 16 -16 2.75 11.36 -14.14 2.75 14.14 -11.36 2.75 16 -11 2.75 11
4 16 -16 2.75 11.36 -11 2.75 11 -11 2.75 6 -11.3137 2.75 0
3 16 -16 2.75 11.36 -11.3137 2.75 0 -16 2.75 -11.36
4 16 -11.3137 2.75 0 -11 2.75 -6 -11 2.75 -11 -16 2.75 -11.36
4 16 -6 2.75 6 -5.6568 2.75 5.6568 -11.3137 2.75 0 -11 2.75 6
4 16 -6 2.75 -6 -11 2.75 -6 -11.3137 2.75 0 -5.65685 2.75 -5.65685

0 // underside sides
1 16 0 2.75 0 18.47759 0 -7.65367 0 -1 0 7.65367 0 18.47759 1-8ering.dat
1 16 0 2.75 0 7.65367 0 18.47759 0 -1 0 -18.47759 0 7.65367 1-8ering.dat
1 16 0 2.75 0 -18.47759 0 7.65367 0 -1 0 -7.65367 0 -18.47759 1-8ering.dat
1 16 0 2.75 0 -7.65367 0 -18.47759 0 -1 0 18.47759 0 -7.65367 1-8ering.dat
1 16 0 5.375 -16 11.36 0 0 0 0 -2.625 0 -1 0 rect.dat
4 16 7.6537 8 -18.4776 -7.6537 8 -18.4776 -11.36 8 -16 11.36 8 -16
1 16 0 8 0 -7.6537 0 18.4776 0 -1 0 -18.4776 0 -7.6537 1-8chrd.dat
1 16 0 2.75 0 -7.6537 0 18.4776 0 5.25 0 -18.4776 0 -7.6537 1-8cyli.dat
1 16 0 8 0 -7.6537 0 18.4776 0 1 0 -18.4776 0 -7.6537 1-8edge.dat
4 16 7.6537 2.75 -18.4776 7.6537 8 -18.4776 11.36 8 -16 11.36 2.75 -16
4 16 -7.6537 8 -18.4776 -7.6537 2.75 -18.4776 -11.36 2.75 -16 -11.36 8 -16
2 24 11.36 8 -16 7.6537 8 -18.48
2 24 -11.36 8 -16 -7.6537 8 -18.48
1 16 16 5.375 0 0 1 0 0 0 -2.625 11.36 0 0 rect.dat
4 16 18.4776 8 7.6537 18.4776 8 -7.6537 16 8 -11.36 16 8 11.36
1 16 0 8 0 18.4776 0 7.6537 0 -1 0 -7.6537 0 18.4776 1-8chrd.dat
1 16 0 2.75 0 18.4776 0 7.6537 0 5.25 0 -7.6537 0 18.4776 1-8cyli.dat
1 16 0 8 0 18.4776 0 7.6537 0 1 0 -7.6537 0 18.4776 1-8edge.dat
4 16 18.4776 2.75 7.6537 18.4776 8 7.6537 16 8 11.36 16 2.75 11.36
4 16 18.4776 8 -7.6537 18.4776 2.75 -7.6537 16 2.75 -11.36 16 8 -11.36
2 24 16 8 11.36 18.48 8 7.6537
2 24 16 8 -11.36 18.48 8 -7.6537
1 16 0 5.375 16 -11.36 0 0 0 0 -2.625 0 1 0 rect.dat
4 16 -7.6537 8 18.4776 7.6537 8 18.4776 11.36 8 16 -11.36 8 16
1 16 0 8 0 7.6537 0 -18.4776 0 -1 0 18.4776 0 7.6537 1-8chrd.dat
1 16 0 2.75 0 7.6537 0 -18.4776 0 5.25 0 18.4776 0 7.6537 1-8cyli.dat
1 16 0 8 0 7.6537 0 -18.4776 0 1 0 18.4776 0 7.6537 1-8edge.dat
4 16 -7.6537 2.75 18.4776 -7.6537 8 18.4776 -11.36 8 16 -11.36 2.75 16
4 16 7.6537 8 18.4776 7.6537 2.75 18.4776 11.36 2.75 16 11.36 8 16
2 24 -11.36 8 16 -7.6537 8 18.48
2 24 11.36 8 16 7.6537 8 18.48
1 16 -16 5.375 0 0 -1 0 0 0 -2.625 -11.36 0 0 rect.dat
4 16 -18.4776 8 -7.6537 -18.4776 8 7.6537 -16 8 11.36 -16 8 -11.36
1 16 0 8 0 -18.4776 0 -7.6537 0 -1 0 7.6537 0 -18.4776 1-8chrd.dat
1 16 0 2.75 0 -18.4776 0 -7.6537 0 5.25 0 7.6537 0 -18.4776 1-8cyli.dat
1 16 0 8 0 -18.4776 0 -7.6537 0 1 0 7.6537 0 -18.4776 1-8edge.dat
4 16 -18.4776 2.75 -7.6537 -18.4776 8 -7.6537 -16 8 -11.36 -16 2.75 -11.36
4 16 -18.4776 8 7.6537 -18.4776 2.75 7.6537 -16 2.75 11.36 -16 8 11.36
2 24 -16 8 -11.36 -18.48 8 -7.6537
2 24 -16 8 11.36 -18.48 8 7.6537
0 // lower outside
1 16 0 0 0 20 0 0 0 2.75 0 0 0 20 4-4cyli.dat
1 16 0 -28.75 0 .6667 0 0 0 7.1875 0 0 0 .6667 4-4con33.dat
1 16 0 -21.5625 0 2 0 0 0 21.5625 0 0 0 2 4-4con10.dat
1 16 0 -28.1667 0 22.6667 0 0 0 1 0 0 0 22.6667 4-4edge.dat
0 // upper boundary (outside)
1 16 0 -31 0 22.6667 0 0 0 22.6667 0 0 0 22.6667 t01o1250.dat
1 16 0 -38 0 .287 0 -.6929 0 7 0 .6929 0 .287 4-4con34.dat
1 16 0 -38.75 0 26.25 0 0 0 .75 0 0 0 26.25 4-4cyli.dat
1 16 0 -38.75 0 24.5 0 0 0 -24.5 0 0 0 24.5 t01o0714.dat
0 // upper boundary (inside)
1 16 0 -38.75 0 24.5 0 0 0 -24.5 0 0 0 24.5 t01i0714.dat
0 BFC INVERTNEXT
1 16 0 -34.4545 0 .3827 0 -.9239 0 2.4545 0 .9239 0 .3827 4-4con20.dat
0 BFC INVERTNEXT
1 16 0 -38.75 0 .6697 0 -1.6168 0 4.2955 0 1.6168 0 .6697 4-4con12.dat
0 // inside area
1 16 0 -32 0 2 0 0 0 1 0 0 0 2 4-4ring9.dat
1 16 0 -32 0 20 0 0 0 1 0 0 0 20 4-4edge.dat
0 BFC INVERTNEXT
1 16 0 -32 0 2 0 0 0 32 0 0 0 2 4-4con8.dat
1 16 0 -32 0 18 0 0 0 1 0 0 0 18 4-4edge.dat
1 16 0 0 0 11.31371 0 11.31371 0 1 0 -11.31371 0 11.31371 1-4chrd.dat
1 16 0 0 0 -11.31371 0 11.31371 0 1 0 -11.31371 0 -11.31371 1-4chrd.dat
1 16 0 0 0 -11.31371 0 -11.31371 0 1 0 11.31371 0 -11.31371 1-4chrd.dat
1 16 0 0 0 11.31371 0 -11.31371 0 1 0 11.31371 0 11.31371 1-4chrd.dat
1 16 8.5 0 8.5 2.5 0 0 0 1 0 0 0 2.5 4-4ndis.dat
1 16 8.5 0 -8.5 2.5 0 0 0 1 0 0 0 2.5 4-4ndis.dat
1 16 -8.5 0 8.5 2.5 0 0 0 1 0 0 0 2.5 4-4ndis.dat
1 16 -8.5 0 -8.5 2.5 0 0 0 1 0 0 0 2.5 4-4ndis.dat
1 16 0 0 0 16 0 0 0 1 0 0 0 16 4-4edge.dat

3 16 11.3136 0 11.3136 11 0 11 11 0 6
4 16 11.3136 0 11.3136 11 0 6 11 0 -6 11.3136 0 -11.3136
3 16 11 0 -6 11 0 -11 11.3136 0 -11.3136
4 16 11 0 -6 11 0 6 6 0 6 6 0 -6
3 16 11.3136 0 -11.3136 11 0 -11 6 0 -11
4 16 11.3136 0 -11.3136 6 0 -11 -6 0 -11 -11.3136 0 -11.3136
3 16 -6 0 -11 -11 0 -11 -11.3136 0 -11.3136
4 16 -6 0 -11 6 0 -11 6 0 -6 -6 0 -6
3 16 -11.3136 0 -11.3136 -11 0 -11 -11 0 -6
4 16 -11.3136 0 -11.3136 -11 0 -6 -11 0 6 -11.3136 0 11.3136
3 16 -11 0 6 -11 0 11 -11.3136 0 11.3136
4 16 -11 0 6 -11 0 -6 -6 0 -6 -6 0 6
3 16 -11.3136 0 11.3136 -11 0 11 -6 0 11
4 16 -11.3136 0 11.3136 -6 0 11 6 0 11 11.3136 0 11.3136
3 16 6 0 11 11 0 11 11.3136 0 11.3136
4 16 6 0 11 -6 0 11 -6 0 6 6 0 6
4 16 -6 0 -6 6 0 -6 6 0 6 -6 0 6

0 // Added lines/Condlines
5 24 18.4776 2.75 -7.6537 18.4776 8 -7.6537 19.3464 8 -3.281 14.1426 2.75 -14.1424
5 24 7.6537 8 -18.4776 7.6537 2.75 -18.4776 3.281 2.75 -19.3464 14.1426 8 -14.1424
5 24 7.6537 2.75 18.4776 7.6537 8 18.4776 3.281 8 19.3464 14.1424 2.75 14.1426
5 24 18.4776 8 7.6537 18.4776 2.75 7.6537 19.3464 2.75 3.281 14.1424 8 14.1426
5 24 -18.4776 2.75 7.6537 -18.4776 8 7.6537 -19.3464 8 3.281 -14.1426 2.75 14.1424
5 24 -7.6537 8 18.4776 -7.6537 2.75 18.4776 -3.281 2.75 19.3464 -14.1426 8 14.1424
5 24 -7.6537 2.75 -18.4776 -7.6537 8 -18.4776 -3.281 8 -19.3464 -14.1424 2.75 -14.1426
5 24 -18.4776 8 -7.6537 -18.4776 2.75 -7.6537 -19.3464 2.75 -3.281 -14.1424 8 -14.1426
5 24 .0001 -38 26.2501 10.0455 -38 24.2513 9.7585 -31 23.5584 0 -38.75 26.2498
5 24 -10.0449 -38 24.2513 .0001 -38 26.2501 .0001 -31 25.5002 -10.0455 -38.75 24.2526
5 24 -18.5614 -38 18.562 -10.0449 -38 24.2513 -9.7579 -31 23.5584 -18.5616 -38.75 18.5616
5 24 -24.2513 -38 10.0455 -18.5614 -38 18.562 -18.031 -31 18.0317 -24.2526 -38.75 10.0455
5 24 -26.2501 -38 .0001 -24.2513 -38 10.0455 -23.5584 -31 9.7585 -26.2498 -38.75 0
5 24 -24.2513 -38 -10.0449 -26.2501 -38 .0001 -25.5002 -31 .0001 -24.2526 -38.75 -10.0455
5 24 -.0001 -38 -26.2501 -10.0455 -38 -24.2513 -9.7585 -31 -23.5584 0 -38.75 -26.2498
5 24 10.0449 -38 -24.2513 -.0001 -38 -26.2501 -.0001 -31 -25.5002 10.0455 -38.75 -24.2526
5 24 18.5614 -38 -18.562 10.0449 -38 -24.2513 9.7579 -31 -23.5584 18.5616 -38.75 -18.5616
5 24 24.2513 -38 -10.0455 18.5614 -38 -18.562 18.031 -31 -18.0317 24.2526 -38.75 -10.0455
5 24 26.2501 -38 -.0001 24.2513 -38 -10.0455 23.5584 -31 -9.7585 26.2498 -38.75 0
5 24 24.2513 -38 10.0449 26.2501 -38 -.0001 25.5002 -31 -.0001 24.2526 -38.75 10.0455
5 24 18.5613 -38 18.5608 24.252 -38 10.0454 23.5592 -31 9.7584 18.5622 -38.75 18.5619
5 24 10.0455 -38 24.251 18.5617 -38 18.5616 18.0315 -31 18.0313 10.0459 -38.75 24.2524
5 24 -18.5613 -38 -18.5608 -24.252 -38 -10.0454 -23.5592 -31 -9.7584 -18.5622 -38.75 -18.5619
5 24 -10.0455 -38 -24.251 -18.5617 -38 -18.5616 -18.0315 -31 -18.0313 -10.0459 -38.75 -24.2524
