0 Wing  2 x  2 Left with three Black Stripes Pattern
0 Name: 24299p01.dat
0 Author: Gabriel Läufer [Dr.Bricktacular]
0 !LDRAW_ORG Unofficial_Part
0 !LICENSE Licensed under CC BY 4.0 : see CAreadme.txt

0 BFC CERTIFY CCW

0 !KEYWORDS Bricklink 24299pb01, Captain Rex Helmet, Helmet Collection
0 !KEYWORDS Rebrickable 24299pr0001, Set 75349

0 // Pattern-Basepart
1 16 0 0 0 1 0 0 0 1 0 0 0 1 s\24299p01s01.dat

0 // Pattern
4 0 17.4 0 17 -1.1 0 17 -1.1 0 9.5 13.5 0 9.5
4 0 10.6 0 4 -1.1 0 4 -1.1 0 -3.9 6.5 0 -3.9
4 0 3.6 0 -9.5 -1.1 0 -9.5 -1.1 0 -16.7 0 0 -16.7
4 16 10.6 0 4 13.5 0 9.5 -1.1 0 9.5 -1.1 0 4
4 16 6.5 0 -3.9 -1.1 0 -3.9 -1.1 0 -9.5 3.6 0 -9.5
4 16 -1.1 0 17 -20 0 20 -20 0 -20 -1.1 0 9.5
3 16 -1.1 0 9.5 -20 0 -20 -1.1 0 4
3 16 -1.1 0 4 -20 0 -20 -1.1 0 -3.9
3 16 -1.1 0 -3.9 -20 0 -20 -1.1 0 -9.5
3 16 -1.1 0 -9.5 -20 0 -20 -1.1 0 -16.7
4 16 -1.1 0 -16.7 -20 0 -20 0 0 -20 0 0 -16.7
4 16 18.5 0 20 -20 0 20 -1.1 0 17 17.4 0 17
3 16 18.5 0 20 17.4 0 17 18.5 0 17
4 16 3.6 0 -9.5 0 0 -16.7 0 0 -20 6.5 0 -3.9
4 16 10.6 0 4 6.5 0 -3.9 0 0 -20 18.5 0 17
3 16 18.5 0 17 13.5 0 9.5 10.6 0 4
3 16 18.5 0 17 17.4 0 17 13.5 0 9.5