0 Figure Friends Legs with Cargo Pants with Nougat Legs and White Laces Blue Snickers Pattern
0 Name: 25727p04.dat
0 Author: Philippe Hurbain [Philo]
0 !LDRAW_ORG Unofficial_Part
0 !LICENSE Licensed under CC BY 4.0 : see CAreadme.txt

0 BFC CERTIFY CCW

0 !KEYWORDS Bricklink 25727c00pb09, Rebrickable 26490c01pr0007, Sebastian
0 !KEYWORDS Set 41701

1 16 0 0 0 1 0 0 0 1 0 0 0 1 s\25727s01.dat
1 16 10 0 0 1 0 0 0 1 0 0 0 1 s\25727s03.dat
1 16 -10 0 0 -1 0 0 0 1 0 0 0 1 s\25727s03.dat

1 1 10 0 0 1 0 0 0 1 0 0 0 1 s\1023035p01s01.dat
1 1 10 0 0 1 0 0 0 1 0 0 0 1 s\1022657p01s02.dat
1 92 10 0 0 1 0 0 0 1 0 0 0 1 s\1022657p01s04.dat
1 92 10 0 0 1 0 0 0 1 0 0 0 1 s\1022657p01s05.dat

1 1 -10 0 0 -1 0 0 0 1 0 0 0 1 s\1023035p01s01.dat
1 1 -10 0 0 -1 0 0 0 1 0 0 0 1 s\1022657p01s02.dat
1 92 -10 0 0 -1 0 0 0 1 0 0 0 1 s\1022657p01s04.dat
1 92 -10 0 0 -1 0 0 0 1 0 0 0 1 s\1022657p01s05.dat

4 15 -7.1306 -8.2835 -5.1274 -7.4516 -8.2913 -5.2148 -7.6151 -8.2661 -5.3386 -6.502 -8.064 -5.5117
4 15 -9.9018 -8.2657 -5.2763 -11.0064 -8.2936 -4.9536 -11.2067 -8.0933 -5.588 -9.8425 -8.0431 -6.0396
4 15 -13.1301 -8.1348 -3.6937 -13.3676 -8.2188 -3.047 -13.8795 -7.8547 -4.283 -13.453 -7.9609 -4.2043
4 15 -14.466 -7.9866 -2.9648 -14.2614 -7.799 -4.1634 -13.7 -8.2 -2.8 -14.2296 -8.0796 -2.7759
3 15 -7.5203 -7.8148 -6.6296 -7.126 -7.7216 -6.6463 -6.7346 -7.7465 -6.493
4 15 -7.7374 -8.2008 -5.5839 -8.3071 -8.2858 -5.5784 -7.7519 -7.9485 -6.3347 -6.7346 -7.7465 -6.493
4 15 -12.2853 -8.0053 -5.0409 -11.2067 -8.0933 -5.588 -11.0064 -8.2936 -4.9536 -12.1275 -8.205 -4.3738
3 15 -14.2296 -8.0796 -2.7759 -13.7 -8.2 -2.8 -14.0223 -8.1346 -2.7286
4 15 -11.4351 -8.8159 -1.8114 -12.5563 -8.4355 -2.6654 -11.3459 -8.7332 -2.2886 -11.343 -8.7868 -2.0325
3 15 -11.4351 -8.8159 -1.8114 -11.7608 -8.8549 -1.5133 -12.272 -8.7539 -1.3775
4 15 -7.6412 -8.5435 -4.5501 -7.2285 -8.5236 -4.4567 -7.9 -9 -3.2 -8.123 -8.6283 -4.4638
4 15 -12.5563 -8.4355 -2.6654 -12.1759 -8.4798 -2.8316 -11.7015 -8.5751 -2.7902 -10.9681 -8.7624 -2.4786
3 15 -8.0521 -8.9937 -3.1493 -7.9 -9 -3.2 -7.8787 -9.0355 -3.1006
3 15 -9.1959 -8.8516 -3.2827 -9.5496 -8.7156 -3.8257 -8.5385 -8.8899 -3.4422
3 15 -8.2343 -8.9424 -3.3268 -7.9 -9 -3.2 -8.0521 -8.9937 -3.1493
4 15 -8.4124 -8.7193 -4.0751 -8.2669 -8.6571 -4.3286 -7.9 -9 -3.2 -8.3517 -8.8902 -3.4844
4 15 -6.4026 -7.9233 -5.8609 -6.502 -8.064 -5.5117 -7.6151 -8.2661 -5.3386 -6.4824 -7.813 -6.1882
3 15 -6.7534 -8.2025 -5.2201 -7.1306 -8.2835 -5.1274 -6.502 -8.064 -5.5117
3 15 -9.9018 -8.2657 -5.2763 -9.8425 -8.0431 -6.0396 -9.0376 -8.0403 -6.2156
4 15 -14.2614 -7.799 -4.1634 -13.8795 -7.8547 -4.283 -13.3676 -8.2188 -3.047 -13.7 -8.2 -2.8
3 15 -13.1301 -8.1348 -3.6937 -13.1458 -8.2005 -3.361 -13.3676 -8.2188 -3.047
4 15 -13.1301 -8.1348 -3.6937 -13.453 -7.9609 -4.2043 -13.1994 -7.9668 -4.4333 -12.1275 -8.205 -4.3738
3 15 -13.8795 -7.8547 -4.283 -13.6028 -7.916 -4.2685 -13.453 -7.9609 -4.2043
4 15 -14.2614 -7.799 -4.1634 -14.6457 -7.8859 -3.2608 -14.6678 -7.8118 -3.6105 -14.5216 -7.7792 -3.9516
3 15 -14.466 -7.9866 -2.9648 -14.6457 -7.8859 -3.2608 -14.2614 -7.799 -4.1634
3 15 -8.3071 -8.2858 -5.5784 -8.425 -8.0501 -6.3247 -7.7519 -7.9485 -6.3347
4 15 -7.7374 -8.2008 -5.5839 -6.7346 -7.7465 -6.493 -6.4824 -7.813 -6.1882 -7.6151 -8.2661 -5.3386
3 15 -7.5203 -7.8148 -6.6296 -6.7346 -7.7465 -6.493 -7.7519 -7.9485 -6.3347
3 15 -12.2853 -8.0053 -5.0409 -12.1275 -8.205 -4.3738 -13.1994 -7.9668 -4.4333
3 15 -10.9681 -8.7624 -2.4786 -11.3459 -8.7332 -2.2886 -12.5563 -8.4355 -2.6654
4 15 -11.4351 -8.8159 -1.8114 -12.272 -8.7539 -1.3775 -12.7974 -8.4649 -2.3121 -12.5563 -8.4355 -2.6654
4 15 -12.272 -8.7539 -1.3775 -12.6157 -8.6673 -1.4944 -12.8265 -8.5521 -1.8659 -12.7974 -8.4649 -2.3121
3 15 -6.8527 -8.6142 -4.0268 -7.9 -9 -3.2 -7.2285 -8.5236 -4.4567
4 15 -10.9681 -8.7624 -2.4786 -11.7015 -8.5751 -2.7902 -10.5771 -8.6783 -3.453 -10.4107 -8.8115 -2.8205
4 15 -9.5496 -8.7156 -3.8257 -9.1959 -8.8516 -3.2827 -10.4107 -8.8115 -2.8205 -10.5771 -8.6783 -3.453
3 15 -8.123 -8.6283 -4.4638 -7.9 -9 -3.2 -8.2669 -8.6571 -4.3286
4 15 -8.4124 -8.7193 -4.0751 -8.3517 -8.8902 -3.4844 -8.5385 -8.8899 -3.4422 -9.5496 -8.7156 -3.8257
3 15 -7.9 -9 -3.2 -8.2343 -8.9424 -3.3268 -8.3517 -8.8902 -3.4844
4 15 -9.9018 -8.2657 -5.2763 -9.0376 -8.0403 -6.2156 -8.425 -8.0501 -6.3247 -8.3071 -8.2858 -5.5784
4 15 -7.8787 -9.0355 -3.1006 -7.9 -9 -3.2 -7.2327 -8.909 -3.2 -7.6471 -9.0005 -3.1096
4 15 -7.2327 -8.909 -3.2 -7.9 -9 -3.2 -6.8527 -8.6142 -4.0268 -6.8655 -8.7541 -3.5566
3 1 -9.2 -2.4 -9.7 -9.2 -3.6254 -9.7 -9.813 -3.7616 -9.6042
4 1 -7.6539 -2.8116 -9.2134 -8.1943 -3.171 -9.3983 -9.2 -2.4 -9.7 -7.4743 -2.5224 -9.1469
4 1 -14.1852 -3.8178 -8.1277 -15.4549 -3.438 -7.4 -15.5 -2.4 -7.4 -12.4 -2.4 -9.2
3 1 -9.2 -3.6254 -9.7 -9.2 -2.4 -9.7 -8.1943 -3.171 -9.3983
4 1 -10.713 -3.9481 -9.4612 -12.3279 -4.0594 -9.2 -12.4 -2.4 -9.2 -9.2 -2.4 -9.7
3 1 -9.2 -2.4 -9.7 -9.813 -3.7616 -9.6042 -10.713 -3.9481 -9.4612
3 1 -9.2 -2.4 -9.7 -6.1 -2.4 -8.7 -7.4743 -2.5224 -9.1469
3 1 -12.3279 -4.0594 -9.2 -14.1852 -3.8178 -8.1277 -12.4 -2.4 -9.2
4 1 -15.5 -2.4 -7.4 -15.4549 -3.438 -7.4 -15.7402 -3.237 -7.048 -15.9935 -2.9405 -6.7419
3 1 -15.9935 -2.9405 -6.7419 -16.1873 -2.5006 -6.4926 -15.5 -2.4 -7.4
3 1 -17.7 -2.4 -4.5 -15.5 -2.4 -7.4 -16.1873 -2.5006 -6.4926
4 15 7.6151 -8.2661 -5.3386 7.4516 -8.2913 -5.2148 7.1306 -8.2835 -5.1274 6.502 -8.064 -5.5117
4 15 11.2067 -8.0933 -5.588 11.0064 -8.2936 -4.9536 9.9018 -8.2657 -5.2763 9.8425 -8.0431 -6.0396
4 15 13.8795 -7.8547 -4.283 13.3676 -8.2188 -3.047 13.1301 -8.1348 -3.6937 13.453 -7.9609 -4.2043
4 15 13.7 -8.2 -2.8 14.2614 -7.799 -4.1634 14.466 -7.9866 -2.9648 14.2296 -8.0796 -2.7759
3 15 7.126 -7.7216 -6.6463 7.5203 -7.8148 -6.6296 6.7346 -7.7465 -6.493
4 15 7.7519 -7.9485 -6.3347 8.3071 -8.2858 -5.5784 7.7374 -8.2008 -5.5839 6.7346 -7.7465 -6.493
4 15 11.0064 -8.2936 -4.9536 11.2067 -8.0933 -5.588 12.2853 -8.0053 -5.0409 12.1275 -8.205 -4.3738
3 15 13.7 -8.2 -2.8 14.2296 -8.0796 -2.7759 14.0223 -8.1346 -2.7286
4 15 11.3459 -8.7332 -2.2886 12.5563 -8.4355 -2.6654 11.4351 -8.8159 -1.8114 11.343 -8.7868 -2.0325
3 15 11.7608 -8.8549 -1.5133 11.4351 -8.8159 -1.8114 12.272 -8.7539 -1.3775
4 15 7.9 -9 -3.2 7.2285 -8.5236 -4.4567 7.6412 -8.5435 -4.5501 8.123 -8.6283 -4.4638
4 15 11.7015 -8.5751 -2.7902 12.1759 -8.4798 -2.8316 12.5563 -8.4355 -2.6654 10.9681 -8.7624 -2.4786
3 15 7.9 -9 -3.2 8.0521 -8.9937 -3.1493 7.8787 -9.0355 -3.1006
3 15 9.5496 -8.7156 -3.8257 9.1959 -8.8516 -3.2827 8.5385 -8.8899 -3.4422
3 15 7.9 -9 -3.2 8.2343 -8.9424 -3.3268 8.0521 -8.9937 -3.1493
4 15 7.9 -9 -3.2 8.2669 -8.6571 -4.3286 8.4124 -8.7193 -4.0751 8.3517 -8.8902 -3.4844
4 15 7.6151 -8.2661 -5.3386 6.502 -8.064 -5.5117 6.4026 -7.9233 -5.8609 6.4824 -7.813 -6.1882
3 15 7.1306 -8.2835 -5.1274 6.7534 -8.2025 -5.2201 6.502 -8.064 -5.5117
3 15 9.8425 -8.0431 -6.0396 9.9018 -8.2657 -5.2763 9.0376 -8.0403 -6.2156
4 15 13.3676 -8.2188 -3.047 13.8795 -7.8547 -4.283 14.2614 -7.799 -4.1634 13.7 -8.2 -2.8
3 15 13.1458 -8.2005 -3.361 13.1301 -8.1348 -3.6937 13.3676 -8.2188 -3.047
4 15 13.1994 -7.9668 -4.4333 13.453 -7.9609 -4.2043 13.1301 -8.1348 -3.6937 12.1275 -8.205 -4.3738
3 15 13.6028 -7.916 -4.2685 13.8795 -7.8547 -4.283 13.453 -7.9609 -4.2043
4 15 14.6678 -7.8118 -3.6105 14.6457 -7.8859 -3.2608 14.2614 -7.799 -4.1634 14.5216 -7.7792 -3.9516
3 15 14.6457 -7.8859 -3.2608 14.466 -7.9866 -2.9648 14.2614 -7.799 -4.1634
3 15 8.425 -8.0501 -6.3247 8.3071 -8.2858 -5.5784 7.7519 -7.9485 -6.3347
4 15 6.4824 -7.813 -6.1882 6.7346 -7.7465 -6.493 7.7374 -8.2008 -5.5839 7.6151 -8.2661 -5.3386
3 15 6.7346 -7.7465 -6.493 7.5203 -7.8148 -6.6296 7.7519 -7.9485 -6.3347
3 15 12.1275 -8.205 -4.3738 12.2853 -8.0053 -5.0409 13.1994 -7.9668 -4.4333
3 15 11.3459 -8.7332 -2.2886 10.9681 -8.7624 -2.4786 12.5563 -8.4355 -2.6654
4 15 12.7974 -8.4649 -2.3121 12.272 -8.7539 -1.3775 11.4351 -8.8159 -1.8114 12.5563 -8.4355 -2.6654
4 15 12.8265 -8.5521 -1.8659 12.6157 -8.6673 -1.4944 12.272 -8.7539 -1.3775 12.7974 -8.4649 -2.3121
3 15 7.9 -9 -3.2 6.8527 -8.6142 -4.0268 7.2285 -8.5236 -4.4567
4 15 10.5771 -8.6783 -3.453 11.7015 -8.5751 -2.7902 10.9681 -8.7624 -2.4786 10.4107 -8.8115 -2.8205
4 15 10.4107 -8.8115 -2.8205 9.1959 -8.8516 -3.2827 9.5496 -8.7156 -3.8257 10.5771 -8.6783 -3.453
3 15 7.9 -9 -3.2 8.123 -8.6283 -4.4638 8.2669 -8.6571 -4.3286
4 15 8.5385 -8.8899 -3.4422 8.3517 -8.8902 -3.4844 8.4124 -8.7193 -4.0751 9.5496 -8.7156 -3.8257
3 15 8.2343 -8.9424 -3.3268 7.9 -9 -3.2 8.3517 -8.8902 -3.4844
4 15 8.425 -8.0501 -6.3247 9.0376 -8.0403 -6.2156 9.9018 -8.2657 -5.2763 8.3071 -8.2858 -5.5784
4 15 7.2327 -8.909 -3.2 7.9 -9 -3.2 7.8787 -9.0355 -3.1006 7.6471 -9.0005 -3.1096
4 15 6.8527 -8.6142 -4.0268 7.9 -9 -3.2 7.2327 -8.909 -3.2 6.8655 -8.7541 -3.5566
3 1 9.2 -3.6254 -9.7 9.2 -2.4 -9.7 9.813 -3.7616 -9.6042
4 1 9.2 -2.4 -9.7 8.1943 -3.171 -9.3983 7.6539 -2.8116 -9.2134 7.4743 -2.5224 -9.1469
4 1 15.5 -2.4 -7.4 15.4549 -3.438 -7.4 14.1852 -3.8178 -8.1277 12.4 -2.4 -9.2
3 1 9.2 -2.4 -9.7 9.2 -3.6254 -9.7 8.1943 -3.171 -9.3983
4 1 12.4 -2.4 -9.2 12.3279 -4.0594 -9.2 10.713 -3.9481 -9.4612 9.2 -2.4 -9.7
3 1 9.813 -3.7616 -9.6042 9.2 -2.4 -9.7 10.713 -3.9481 -9.4612
3 1 6.1 -2.4 -8.7 9.2 -2.4 -9.7 7.4743 -2.5224 -9.1469
3 1 14.1852 -3.8178 -8.1277 12.3279 -4.0594 -9.2 12.4 -2.4 -9.2
4 1 15.7402 -3.237 -7.048 15.4549 -3.438 -7.4 15.5 -2.4 -7.4 15.9935 -2.9405 -6.7419
3 1 16.1873 -2.5006 -6.4926 15.9935 -2.9405 -6.7419 15.5 -2.4 -7.4
3 1 15.5 -2.4 -7.4 17.7 -2.4 -4.5 16.1873 -2.5006 -6.4926
