0 Constraction Sword 15L with Swirls and Spike with Axle
0 Name: 2601.dat
0 Author: Gerald Lasser [GeraldLasser]
0 !LDRAW_ORG Unofficial_Part
0 !LICENSE Licensed under CC BY 4.0 : see CAreadme.txt

0 BFC CERTIFY CCW

0 !CATEGORY Constraction Accessory

1 16 0 0 0 1 0 0 0 1 0 0 0 1 s\2601s01.dat
1 16 0 0 0 -1 0 0 0 1 0 0 0 1 s\2601s01.dat

1 16 0 0 0 1 0 0 0 -20 0 0 0 1 axle.dat

4 16 -1.536 -246 -40 1.464 -246 -40 1.464 -256.44 -39.3808 -1.536 -256.44 -39.3808
4 16 -1.536 -266.704 -37.5448 1.464 -266.704 -37.5448 1.464 -276.616 -34.5208 -1.536 -276.616 -34.5208
4 16 -1.536 -256.44 -39.3808 1.464 -256.44 -39.3808 1.464 -266.704 -37.5448 -1.536 -266.704 -37.5448
4 16 -1.536 -286 -30.352 1.464 -286 -30.352 1.464 -294.704 -25.1248 -1.464 -294.704 -25.1248
4 16 -1.536 -276.616 -34.5208 1.464 -276.616 -34.5208 1.464 -286 -30.352 -1.536 -286 -30.352
4 16 -1.464 -302.568 -18.9112 1.464 -302.568 -18.9112 1.464 -309.472 -11.8336 -1.464 -309.472 -11.8336
4 16 -1.464 -294.704 -25.1248 1.464 -294.704 -25.1248 1.464 -302.568 -18.9112 -1.464 -302.568 -18.9112
4 16 -1.464 -315.28 -4 1.464 -315.28 -4 1.464 -319.912 4.4456 -1.464 -319.912 4.4456
4 16 -1.464 -309.472 -11.8336 1.464 -309.472 -11.8336 1.464 -315.28 -4 -1.464 -315.28 -4

4 16 1.5 -223.094 -39.821 1.464 -246 -40 -1.464 -246 -40 -1.5 -223.094 -39.821
4 16 1.5 -85.164 -39.634 1.5 -223.094 -39.821 -1.5 -223.094 -39.821 -1.5 -85.164 -39.634
4 16 1.549 -70.992 -25.488 1.5 -85.164 -39.634 -1.5 -85.164 -39.634 -1.549 -70.992 -25.488
4 16 -1.577 -64.175 -26.956 1.577 -64.175 -26.956 1.549 -70.992 -25.488 -1.549 -70.992 -25.488
4 16 1.507 -56.787 -26.698 1.577 -64.175 -26.956 -1.577 -64.175 -26.956 -1.507 -56.787 -26.698
4 16 1.445 -49.55 -24.47 1.507 -56.787 -26.698 -1.507 -56.787 -26.698 -1.445 -49.55 -24.47
4 16 1.432 -43.352 -20.063 1.445 -49.55 -24.47 -1.445 -49.55 -24.47 -1.432 -43.352 -20.063
4 16 1.473 -39.75 -16.031 1.432 -43.352 -20.063 -1.432 -43.352 -20.063 -1.473 -39.75 -16.031
4 16 1.374 -38.886 -15.292 1.473 -39.75 -16.031 -1.473 -39.75 -16.031 -1.374 -38.886 -15.292
4 16 1.405 -37.955 -15.008 1.374 -38.886 -15.292 -1.374 -38.886 -15.292 -1.405 -37.955 -15.008
4 16 1.413 -31.984 -15.038 1.405 -37.955 -15.008 -1.405 -37.955 -15.008 -1.413 -31.984 -15.038
4 16 -1.477 -29.767 -17.084 1.477 -29.767 -17.084 1.413 -31.984 -15.038 -1.413 -31.984 -15.038
4 16 -1.525 -28.774 -17.526 1.525 -28.774 -17.526 1.477 -29.767 -17.084 -1.477 -29.767 -17.084
4 16 1.346 -27.779 -17.093 1.525 -28.774 -17.526 -1.525 -28.774 -17.526 -1.346 -27.779 -17.093
4 16 1.346 -27.779 -17.093 -1.346 -27.779 -17.093 -1.366 -20 -9.511 1.366 -20 -9.511
4 16 2.244 -20 -6.689 1.366 -20 -9.511 -1.366 -20 -9.511 -2.244 -20 -6.689
4 16 -2.848 -261.206 9.828 2.848 -261.206 9.828 2.222 -259.925 9.828 -2.222 -259.925 9.828
4 16 2.861 -272.454 9.848 2.848 -261.206 9.828 -2.848 -261.206 9.828 -2.861 -272.454 9.848
4 16 -2.861 -272.454 9.848 -2.804 -284.907 10.763 2.804 -284.907 10.763 2.861 -272.454 9.848
4 16 -2.222 -251.231 9.828 -2.222 -259.925 9.828 2.222 -259.925 9.828 2.222 -251.231 9.828
4 16 -2.222 -251.231 9.828 2.222 -251.231 9.828 2.222 -238.819 9.843 -2.222 -238.819 9.843
4 16 -2.222 -238.819 9.843 2.222 -238.819 9.843 2.222 -235.12 10.04 -2.222 -235.12 10.04
4 16 -1.871 -297.821 13.032 1.871 -297.821 13.032 2.804 -284.907 10.763 -2.804 -284.907 10.763
4 16 1.592 -307.469 15.587 1.871 -297.821 13.032 -1.871 -297.821 13.032 -1.592 -307.469 15.587
4 16 1.515 -314.63 17.674 1.592 -307.469 15.587 -1.592 -307.469 15.587 -1.515 -314.63 17.674
4 16 -2.222 -235.12 10.04 2.222 -235.12 10.04 2.222 -234.604 11.165 -2.222 -234.604 11.165
4 16 -3.034 -236.122 14.645 -2.222 -234.604 11.165 2.222 -234.604 11.165 3.034 -236.122 14.645
4 16 -3.034 -236.122 14.645 3.034 -236.122 14.645 3.026 -235.593 16.817 -3.026 -235.593 16.817
4 16 -3.005 -233.814 17.983 -3.026 -235.593 16.817 3.026 -235.593 16.817 3.005 -233.814 17.983
4 16 3.005 -233.814 17.983 2.886 -232.023 17.457 -2.886 -232.023 17.457 -3.005 -233.814 17.983
4 16 2.886 -232.023 17.457 2.638 -227.364 15.128 -2.638 -227.364 15.128 -2.886 -232.023 17.457
4 16 2.638 -227.364 15.128 2.35 -222.481 13.424 -2.35 -222.481 13.424 -2.638 -227.364 15.128
4 16 -2.35 -222.481 13.424 2.35 -222.481 13.424 2.197 -217.077 11.97 -2.197 -217.077 11.97
4 16 -2.197 -217.077 11.97 2.197 -217.077 11.97 2.046 -211.945 11.248 -2.046 -211.945 11.248
4 16 -2.046 -211.945 11.248 2.046 -211.945 11.248 2.222 -208.211 10.815 -2.222 -208.211 10.815
4 16 -2.222 -208.211 10.815 2.222 -208.211 10.815 2.222 -200.993 10.004 -2.222 -200.993 10.004
4 16 -2.222 -200.993 10.004 2.222 -200.993 10.004 2.222 -116.497 9.8 -2.222 -116.497 9.8
4 16 -2.222 -111.828 9.893 -2.222 -116.497 9.8 2.222 -116.497 9.8 2.222 -111.828 9.893
4 16 -3.48 -109.971 14.219 -2.222 -111.828 9.893 2.222 -111.828 9.893 3.48 -109.971 14.219
4 16 -3.48 -109.971 14.219 3.48 -109.971 14.219 3.28 -108.429 15.582 -3.28 -108.429 15.582
4 16 3.28 -108.429 15.582 2.962 -106.454 14.957 -2.962 -106.454 14.957 -3.28 -108.429 15.582
4 16 -2.502 -102.923 12.716 -2.962 -106.454 14.957 2.962 -106.454 14.957 2.502 -102.923 12.716
4 16 -2.539 -101.995 13.768 -2.502 -102.923 12.716 2.502 -102.923 12.716 2.539 -101.995 13.768
4 16 -2.496 -99.389 16.154 -2.539 -101.995 13.768 2.539 -101.995 13.768 2.496 -99.389 16.154
4 16 -2.496 -99.389 16.154 2.496 -99.389 16.154 2.211 -94.576 18.825 -2.211 -94.576 18.825
4 16 -2.211 -94.576 18.825 2.211 -94.576 18.825 1.985 -88.016 19.956 -1.985 -88.016 19.956
4 16 -1.985 -88.016 19.956 1.985 -88.016 19.956 2.016 -80.73 17.633 -2.016 -80.73 17.633
4 16 -1.545 -72.677 16.11 1.545 -72.677 16.11 1.531 -69.077 17.729 -1.531 -69.077 17.729
4 16 -1.577 -64.195 19.15 -1.531 -69.077 17.729 1.531 -69.077 17.729 1.577 -64.195 19.15
4 16 -1.54 -58.553 19.483 -1.577 -64.195 19.15 1.577 -64.195 19.15 1.54 -58.553 19.483
4 16 -1.557 -52.513 18.587 -1.54 -58.553 19.483 1.54 -58.553 19.483 1.557 -52.513 18.587
4 16 -1.592 -44.879 14.62 -1.557 -52.513 18.587 1.557 -52.513 18.587 1.592 -44.879 14.62
4 16 -1.532 -40.164 9.82 -1.592 -44.879 14.62 1.592 -44.879 14.62 1.532 -40.164 9.82
4 16 -1.508 -21.375 9.82 -1.532 -40.164 9.82 1.532 -40.164 9.82 1.508 -21.375 9.82
2 24 -1.532 -40.164 9.82 1.532 -40.164 9.82
2 24 -2.502 -102.923 12.716 2.502 -102.923 12.716
2 24 2.222 -111.828 9.893 -2.222 -111.828 9.893
2 24 -2.222 -234.604 11.165 2.222 -234.604 11.165
2 24 1.5 -85.164 -39.634 -1.5 -85.164 -39.634
2 24 1.549 -70.992 -25.488 -1.549 -70.992 -25.488
4 16 -1.381 -75.999 13.824 1.381 -75.999 13.824 1.545 -72.677 16.11 -1.545 -72.677 16.11
4 16 -1.381 -75.999 13.824 -2.016 -80.73 17.633 2.016 -80.73 17.633 1.381 -75.999 13.824
2 24 1.381 -75.999 13.824 -1.381 -75.999 13.824
4 16 -1.736 -20.57 9.491 -1.508 -21.375 9.82 1.508 -21.375 9.82 1.736 -20.57 9.491
4 16 -2.161 -20.199 8.888 -1.736 -20.57 9.491 1.736 -20.57 9.491 2.161 -20.199 8.888
4 16 -2.813 -20.255 8.268 -2.161 -20.199 8.888 2.161 -20.199 8.888 2.813 -20.255 8.268
4 16 -2.813 -20.255 8.268 2.813 -20.255 8.268 3.201 -20 6.19 -3.201 -20 6.19
4 16 -4.833 -20 4.832 -3.201 -20 6.19 3.201 -20 6.19 4.833 -20 4.832
4 16 -4.833 -20 4.832 4.833 -20 4.832 6.451 -20 2.257 -6.451 -20 2.257
4 16 -6.877 -20 0 -6.451 -20 2.257 6.451 -20 2.257 6.877 -20 0
4 16 -6.877 -20 0 6.877 -20 0 6.451 -20 -2.257 -6.451 -20 -2.257
4 16 -4.507 -20 -5.037 -6.451 -20 -2.257 6.451 -20 -2.257 4.507 -20 -5.037
4 16 -2.244 -20 -6.689 -4.507 -20 -5.037 4.507 -20 -5.037 2.244 -20 -6.689
2 24 1.366 -20 -9.511 -1.366 -20 -9.511
2 24 1.413 -31.984 -15.038 -1.413 -31.984 -15.038
4 16 1.486 -317.312 17.935 -1.486 -317.312 17.935 -1.441 -319.571 16.918 1.441 -319.571 16.918
4 16 -1.486 -317.312 17.935 1.486 -317.312 17.935 1.515 -314.63 17.674 -1.515 -314.63 17.674
4 16 -1.468 -321.229 14.706 1.468 -321.229 14.706 1.441 -319.571 16.918 -1.441 -319.571 16.918
4 16 -1.5 -321.423 11.615 1.5 -321.423 11.615 1.468 -321.229 14.706 -1.468 -321.229 14.706
4 16 1.464 -319.912 4.4456 1.5 -321.423 11.615 -1.5 -321.423 11.615 -1.464 -319.912 4.4456
5 24 2.962 -106.454 14.957 -2.962 -106.454 14.957 -3.28 -108.429 15.582 2.502 -102.923 12.716
5 24 1.473 -39.75 -16.031 -1.473 -39.75 -16.031 1.432 -43.352 -20.063 -1.374 -38.886 -15.292
5 24 1.477 -29.767 -17.084 -1.477 -29.767 -17.084 1.413 -31.984 -15.038 -1.525 -28.774 -17.526
5 24 2.211 -94.576 18.825 -2.211 -94.576 18.825 -2.496 -99.389 16.154 1.985 -88.016 19.956
5 24 1.5 -321.423 11.615 -1.5 -321.423 11.615 -1.464 -319.912 4.4456 1.468 -321.229 14.706
5 24 -1.507 -56.787 -26.698 1.507 -56.787 -26.698 1.577 -64.175 -26.956 -1.445 -49.55 -24.47
5 24 -1.5 -223.094 -39.821 1.5 -223.094 -39.821 1.464 -246 -40 -1.5 -85.164 -39.634
5 24 -3.201 -20 6.19 3.201 -20 6.19 -2.813 -20.255 8.268 4.833 -20 4.832
5 24 1.464 -266.704 -37.5448 -1.536 -266.704 -37.5448 1.464 -276.616 -34.5208 -1.536 -256.44 -39.3808
5 24 2.161 -20.199 8.888 -2.161 -20.199 8.888 -1.736 -20.57 9.491 2.813 -20.255 8.268
5 24 1.405 -37.955 -15.008 -1.405 -37.955 -15.008 1.374 -38.886 -15.292 -1.413 -31.984 -15.038
2 24 2.222 -235.12 10.04 -2.222 -235.12 10.04
5 24 -2.804 -284.907 10.763 2.804 -284.907 10.763 2.861 -272.454 9.848 -1.871 -297.821 13.032
5 24 -1.536 -256.44 -39.3808 1.464 -256.44 -39.3808 1.464 -266.704 -37.5448 -1.536 -246 -40
5 24 -1.531 -69.077 17.729 1.531 -69.077 17.729 -1.545 -72.677 16.11 1.577 -64.195 19.15
5 24 -2.848 -261.206 9.828 2.848 -261.206 9.828 2.222 -259.925 9.828 -2.861 -272.454 9.848
5 24 -2.35 -222.481 13.424 2.35 -222.481 13.424 -2.638 -227.364 15.128 2.197 -217.077 11.97
5 24 1.464 -315.28 -4 -1.464 -315.28 -4 1.464 -319.912 4.4456 -1.464 -309.472 -11.8336
5 24 -1.54 -58.553 19.483 1.54 -58.553 19.483 -1.577 -64.195 19.15 1.557 -52.513 18.587
5 24 -3.28 -108.429 15.582 3.28 -108.429 15.582 -3.48 -109.971 14.219 2.962 -106.454 14.957
5 24 -1.515 -314.63 17.674 1.515 -314.63 17.674 -1.486 -317.312 17.935 1.592 -307.469 15.587
5 24 -2.222 -200.993 10.004 2.222 -200.993 10.004 -2.222 -208.211 10.815 2.222 -116.497 9.8
5 24 1.445 -49.55 -24.47 -1.445 -49.55 -24.47 1.507 -56.787 -26.698 -1.432 -43.352 -20.063
5 24 1.432 -43.352 -20.063 -1.432 -43.352 -20.063 1.445 -49.55 -24.47 -1.473 -39.75 -16.031
5 24 -2.222 -208.211 10.815 2.222 -208.211 10.815 -2.046 -211.945 11.248 2.222 -200.993 10.004
5 24 -2.496 -99.389 16.154 2.496 -99.389 16.154 2.211 -94.576 18.825 -2.539 -101.995 13.768
5 24 2.222 -116.497 9.8 -2.222 -116.497 9.8 -2.222 -200.993 10.004 2.222 -111.828 9.893
5 24 1.464 -309.472 -11.8336 -1.464 -309.472 -11.8336 -1.464 -302.568 -18.9112 1.464 -315.28 -4
5 24 -3.034 -236.122 14.645 3.034 -236.122 14.645 -2.222 -234.604 11.165 3.026 -235.593 16.817
5 24 -2.886 -232.023 17.457 2.886 -232.023 17.457 -3.005 -233.814 17.983 2.638 -227.364 15.128
5 24 -3.026 -235.593 16.817 3.026 -235.593 16.817 -3.034 -236.122 14.645 3.005 -233.814 17.983
5 24 -2.638 -227.364 15.128 2.638 -227.364 15.128 -2.886 -232.023 17.457 2.35 -222.481 13.424
5 24 1.577 -64.175 -26.956 -1.577 -64.175 -26.956 1.549 -70.992 -25.488 -1.507 -56.787 -26.698
5 24 -2.813 -20.255 8.268 2.813 -20.255 8.268 3.201 -20 6.19 -2.161 -20.199 8.888
5 24 1.468 -321.229 14.706 -1.468 -321.229 14.706 1.441 -319.571 16.918 -1.5 -321.423 11.615
5 24 -1.592 -44.879 14.62 1.592 -44.879 14.62 -1.557 -52.513 18.587 1.532 -40.164 9.82
5 24 1.508 -21.375 9.82 -1.508 -21.375 9.82 1.736 -20.57 9.491 -1.532 -40.164 9.82
5 24 -1.464 -294.704 -25.1248 1.464 -294.704 -25.1248 1.464 -302.568 -18.9112 -1.536 -286 -30.352
5 24 -1.374 -38.886 -15.292 1.374 -38.886 -15.292 -1.405 -37.955 -15.008 1.473 -39.75 -16.031
5 24 -1.486 -317.312 17.935 1.486 -317.312 17.935 -1.441 -319.571 16.918 1.515 -314.63 17.674
5 24 -1.545 -72.677 16.11 1.545 -72.677 16.11 -1.381 -75.999 13.824 1.531 -69.077 17.729
5 24 1.592 -307.469 15.587 -1.592 -307.469 15.587 1.871 -297.821 13.032 -1.515 -314.63 17.674
5 24 1.871 -297.821 13.032 -1.871 -297.821 13.032 -1.592 -307.469 15.587 2.804 -284.907 10.763
5 24 1.577 -64.195 19.15 -1.577 -64.195 19.15 -1.531 -69.077 17.729 1.54 -58.553 19.483
5 24 -3.48 -109.971 14.219 3.48 -109.971 14.219 3.28 -108.429 15.582 -2.222 -111.828 9.893
5 24 1.464 -302.568 -18.9112 -1.464 -302.568 -18.9112 1.464 -309.472 -11.8336 -1.464 -294.704 -25.1248
5 24 -1.441 -319.571 16.918 1.441 -319.571 16.918 -1.468 -321.229 14.706 1.486 -317.312 17.935
5 24 -2.046 -211.945 11.248 2.046 -211.945 11.248 -2.197 -217.077 11.97 2.222 -208.211 10.815
5 24 -1.985 -88.016 19.956 1.985 -88.016 19.956 -2.211 -94.576 18.825 2.016 -80.73 17.633
5 24 3.005 -233.814 17.983 -3.005 -233.814 17.983 -3.026 -235.593 16.817 2.886 -232.023 17.457
5 24 -1.736 -20.57 9.491 1.736 -20.57 9.491 -1.508 -21.375 9.82 2.161 -20.199 8.888
5 24 2.016 -80.73 17.633 -2.016 -80.73 17.633 -1.985 -88.016 19.956 1.381 -75.999 13.824
5 24 1.464 -276.616 -34.5208 -1.536 -276.616 -34.5208 1.464 -286 -30.352 -1.536 -266.704 -37.5448
5 24 1.464 -286 -30.352 -1.536 -286 -30.352 1.464 -294.704 -25.1248 -1.536 -276.616 -34.5208
5 24 -1.525 -28.774 -17.526 1.525 -28.774 -17.526 1.477 -29.767 -17.084 -1.346 -27.779 -17.093
5 24 -1.557 -52.513 18.587 1.557 -52.513 18.587 -1.54 -58.553 19.483 1.592 -44.879 14.62
5 24 -2.539 -101.995 13.768 2.539 -101.995 13.768 -2.502 -102.923 12.716 2.496 -99.389 16.154
5 24 2.222 -238.819 9.843 -2.222 -238.819 9.843 -2.222 -251.231 9.828 2.222 -235.12 10.04
5 24 2.861 -272.454 9.848 -2.861 -272.454 9.848 -2.804 -284.907 10.763 2.848 -261.206 9.828
5 24 1.346 -27.779 -17.093 -1.346 -27.779 -17.093 -1.366 -20 -9.511 1.525 -28.774 -17.526
5 24 2.197 -217.077 11.97 -2.197 -217.077 11.97 -2.35 -222.481 13.424 2.046 -211.945 11.248
5 24 1.464 -319.912 4.4456 -1.464 -319.912 4.4456 -1.464 -315.28 -4 1.5 -321.423 11.615
