0 Brick  1 x  6 with Dark Red "P.T.T." Pattern
0 Name: 3009ptl.dat
0 Author: Niels Karsdorp [nielsk]
0 !LDRAW_ORG Unofficial_Part
0 !LICENSE Licensed under CC BY 4.0 : see CAreadme.txt

0 BFC CERTIFY CCW

0 !KEYWORDS Bricklink 3009pb079, Rebrickable 3009pr0044, Set unknown


1 16 0 0 0 1 0 0 0 1 0 0 0 1 s\3009s01.dat
0 // Text P
1 320 -33 10.8 -10 1.4 0 0 0 0 -1.4 0 1 0 1-4ndis.dat
1 320 -33 15.4 -10 1.4 0 0 0 0 1.4 0 1 0 1-4ndis.dat
1 320 -24.2 15.4 -10 -1.4 0 0 0 0 1.4 0 1 0 1-4ndis.dat
1 320 -22 11 -10 0 0 1.6 1.6 0 0 0 1 0 2-4ndis.dat
1 320 -19.5 11 -10 0 0 3.7 3.2 0 0 0 1 0 2-4disc.dat
4 320 -35 9.4 -10 -20.4 9.4 -10 -19.5 7.8 -10 -35 7.8 -10
4 320 -31.6 16.8 -10 -25.6 16.8 -10 -25.6 9.4 -10 -31.6 9.4 -10
4 320 -20.4 12.6 -10 -19.5 14.2 -10 -19.5 7.8 -10 -20.4 9.4 -10
4 320 -25.6 14.2 -10 -19.5 14.2 -10 -20.4 12.6 -10 -25.6 12.6 -10
4 320 -35 18.4 -10 -22.2 18.4 -10 -22.2 16.8 -10 -35 16.8 -10
1 320 -13 17.2 -10 1.5 0 0 0 0 1.2 0 1 0 4-4disc.dat
0 // Text T
1 320 -4.8 12.2 -10 -2.8 0 0 0 0 -2.8 0 1 0 1-4ndis.dat
1 320 5.9 12.2 -10 2.8 0 0 0 0 -2.8 0 1 0 1-4ndis.dat
1 320 -3.1 15.4 -10 1.4 0 0 0 0 1.4 0 1 0 1-4ndis.dat
1 320 4.9 15.4 -10 -1.4 0 0 0 0 1.4 0 1 0 1-4ndis.dat
4 320 -9.2 12.8 -10 -7.6 12.8 -10 -7.6 9.4 -10 -9.2 7.8 -10
4 320 -7.6 9.4 -10 8.7 9.4 -10 10.3 7.8 -10 -9.2 7.8 -10
4 320 8.7 12.8 -10 10.3 12.8 -10 10.3 7.8 -10 8.7 9.4 -10
4 320 -1.7 16.8 -10 3.5 16.8 -10 3.5 9.4 -10 -1.7 9.4 -10
4 320 -5 18.4 -10 6.8 18.4 -10 6.8 16.8 -10 -5 16.8 -10
1 320 10.5 17.2 -10 1.5 0 0 0 0 1.2 0 1 0 4-4disc.dat
0 // Text T
1 320 17.3 12.2 -10 -2.8 0 0 0 0 -2.8 0 1 0 1-4ndis.dat
1 320 28.7 12.2 -10 2.8 0 0 0 0 -2.8 0 1 0 1-4ndis.dat
1 320 19 15.4 -10 1.4 0 0 0 0 1.4 0 1 0 1-4ndis.dat
1 320 27 15.4 -10 -1.4 0 0 0 0 1.4 0 1 0 1-4ndis.dat
4 320 12.9 12.8 -10 14.5 12.8 -10 14.5 9.4 -10 12.9 7.8 -10
4 320 14.5 9.4 -10 31.5 9.4 -10 33.1 7.8 -10 12.9 7.8 -10
4 320 31.5 12.8 -10 33.1 12.8 -10 33.1 7.8 -10 31.5 9.4 -10
4 320 20.4 16.8 -10 25.6 16.8 -10 25.6 9.4 -10 20.4 9.4 -10
4 320 16.7 18.4 -10 29.3 18.4 -10 29.3 16.8 -10 16.7 16.8 -10
1 320 34.1 17.2 -10 1.5 0 0 0 0 1.2 0 1 0 4-4disc.dat
0 // Text filling P
1 16 -33 10.8 -10 1.4 0 0 0 0 -1.4 0 1 0 1-4disc.dat
1 16 -33 15.4 -10 1.4 0 0 0 0 1.4 0 1 0 1-4disc.dat
4 16 -35 16.8 -10 -33 16.8 -10 -33 9.4 -10 -35 9.4 -10
4 16 -33 15.4 -10 -31.6 15.4 -10 -31.6 10.8 -10 -33 10.8 -10
1 16 -22 11 -10 0 0 1.6 1.6 0 0 0 1 0 2-4disc.dat
4 16 -25.6 12.6 -10 -22 12.6 -10 -22 9.4 -10 -25.6 9.4 -10
1 16 -19.5 11 -10 0 0 3.7 3.2 0 0 0 1 0 2-4ndis.dat
1 16 -24.2 15.4 -10 -1.4 0 0 0 0 1.4 0 1 0 1-4disc.dat
1 16 -13 17.2 -10 1.5 0 0 0 0 1.2 0 1 0 4-4ndis.dat
4 16 -25.6 15.4 -10 -24.2 15.4 -10 -15.8 14.2 -10 -25.6 14.2 -10
4 16 -14.5 16 -10 -11.5 16 -10 -15.8 14.2 -10 -24.2 15.4 -10
4 16 -24.2 16.8 -10 -22.2 16.8 -10 -14.5 16 -10 -24.2 15.4 -10
4 16 -22.2 18.4 -10 -14.5 18.4 -10 -14.5 16 -10 -22.2 16.8 -10
0 // Text filling T
4 16 -15.8 14.2 -10 -9.2 12.8 -10 -9.2 7.8 -10 -15.8 7.8 -10
4 16 -15.8 14.2 -10 -11.5 16 -10 -7.6 12.8 -10 -9.2 12.8 -10
1 16 -4.8 12.2 -10 -2.8 0 0 0 0 -2.8 0 1 0 1-4disc.dat
1 16 -3.1 15.4 -10 1.4 0 0 0 0 1.4 0 1 0 1-4disc.dat
4 16 -3.1 15.4 -10 -1.7 15.4 -10 -1.7 9.4 -10 -4.8 9.4 -10
4 16 -4.8 12.2 -10 -3.1 16.8 -10 -3.1 15.4 -10 -4.8 9.4 -10
4 16 -5 16.8 -10 -3.1 16.8 -10 -4.8 12.2 -10 -7.6 12.2 -10
4 16 -7.6 12.8 -10 -5 18.4 -10 -5 16.8 -10 -7.6 12.2 -10
4 16 -11.5 18.4 -10 -5 18.4 -10 -7.6 12.8 -10 -11.5 16 -10
1 16 5.9 12.2 -10 2.8 0 0 0 0 -2.8 0 1 0 1-4disc.dat
1 16 4.9 15.4 -10 -1.4 0 0 0 0 1.4 0 1 0 1-4disc.dat
1 16 10.5 17.2 -10 1.5 0 0 0 0 1.2 0 1 0 4-4ndis.dat
4 16 3.5 15.4 -10 5.9 12.2 -10 5.9 9.4 -10 3.5 9.4 -10
4 16 3.5 15.4 -10 4.9 15.4 -10 8.7 12.2 -10 5.9 12.2 -10
4 16 4.9 15.4 -10 4.9 16.8 -10 8.7 12.8 -10 8.7 12.2 -10
4 16 4.9 16.8 -10 6.8 16.8 -10 9 16 -10 8.7 12.8 -10
4 16 6.8 18.4 -10 9 18.4 -10 9 16 -10 6.8 16.8 -10
4 16 9 16 -10 12 16 -10 10.3 12.8 -10 8.7 12.8 -10
0 // Text filling T
4 16 10.3 12.8 -10 12.9 12.8 -10 12.9 7.8 -10 10.3 7.8 -10
4 16 12 16 -10 16.7 16.8 -10 14.5 12.8 -10 10.3 12.8 -10
4 16 12 18.4 -10 16.7 18.4 -10 16.7 16.8 -10 12 16 -10
1 16 17.3 12.2 -10 -2.8 0 0 0 0 -2.8 0 1 0 1-4disc.dat
1 16 19 15.4 -10 1.4 0 0 0 0 1.4 0 1 0 1-4disc.dat
4 16 19 15.4 -10 20.4 15.4 -10 20.4 9.4 -10 17.3 9.4 -10
4 16 17.3 12.2 -10 19 16.8 -10 19 15.4 -10 17.3 9.4 -10
4 16 14.5 12.8 -10 19 16.8 -10 17.3 12.2 -10 14.5 12.2 -10
3 16 16.7 16.8 -10 19 16.8 -10 14.5 12.8 -10
1 16 28.7 12.2 -10 2.8 0 0 0 0 -2.8 0 1 0 1-4disc.dat
1 16 27 15.4 -10 -1.4 0 0 0 0 1.4 0 1 0 1-4disc.dat
1 16 34.1 17.2 -10 1.5 0 0 0 0 1.2 0 1 0 4-4ndis.dat
4 16 25.6 15.4 -10 28.7 12.2 -10 28.7 9.4 -10 25.6 9.4 -10
4 16 25.6 15.4 -10 27 15.4 -10 31.5 12.2 -10 28.7 12.2 -10
4 16 27 15.4 -10 27 16.8 -10 31.5 12.8 -10 31.5 12.2 -10
4 16 27 16.8 -10 29.3 16.8 -10 32.6 16 -10 31.5 12.8 -10
4 16 29.3 18.4 -10 32.6 18.4 -10 32.6 16 -10 29.3 16.8 -10
4 16 32.6 16 -10 35.6 16 -10 33.1 12.8 -10 31.5 12.8 -10
0 // Outer filling
4 16 -35 7.8 -10 33.1 7.8 -10 60 0 -10 -60 0 -10
4 16 -60 24 -10 -35 18.4 -10 -35 7.8 -10 -60 0 -10
4 16 33.1 7.8 -10 33.1 12.8 -10 35.6 16 -10 60 0 -10
4 16 35.6 16 -10 35.6 18.4 -10 60 24 -10 60 0 -10
4 16 60 24 -10 35.6 18.4 -10 -35 18.4 -10 -60 24 -10
0
