0 Duplo Palm Tree Leaves with  2 x  2 Studs on Top
0 Name: 31059.dat
0 Author: Peter Blomberg [WUIt]
0 !LDRAW_ORG Unofficial_Part
0 !LICENSE Licensed under CC BY 4.0 : see CAreadme.txt

0 BFC CERTIFY CCW

0 !CATEGORY Plant

1 16 0 0 0 1 0 0 0 2.75 0 0 0 1 stug7-2x2.dat
1 16 0 48 0 1 0 0 0 -1 0 0 0 1 1-4nar40.dat
1 16 0 48 0 1 0 0 0 -1 0 0 0 -1 1-4nar40.dat
1 16 0 48 0 -1 0 0 0 -1 0 0 0 1 1-4nar40.dat
1 16 0 48 0 -1 0 0 0 -1 0 0 0 -1 1-4nar40.dat
0 BFC INVERTNEXT
1 16 0 4 0 40 0 0 0 44 0 0 0 40 48\4-4cylo.dat
1 16 0 4 0 40 0 0 0 -1 0 0 0 40 48\4-4disc.dat
1 16 0 4 0 -1 0 0 0 -10 0 0 0 1 stud8.dat

1 16 0 4 28 0 0 1 0 25 0 13 0 0 box3u8p.dat
1 16 0 4 -28 0 0 1 0 25 0 13 0 0 box3u8p.dat
1 16 28 4 0 13 0 0 0 25 0 0 0 1 box3u8p.dat
1 16 -28 4 0 13 0 0 0 25 0 0 0 1 box3u8p.dat
0 // 5 decimals needed
2 24 1 29 -15.80115 0 29 -16
2 24 -1 29 -15.80115 0 29 -16
2 24 0 29 -40 -1 29 -39.9341
2 24 1 29 -39.9341 0 29 -40
2 24 -1 29 -15.80115 -1 4 -15.80115
2 24 -1 29 -39.9341 -1 4 -39.9341
2 24 1 29 -15.80115 1 4 -15.80115
2 24 1 29 -39.9341 1 4 -39.9341
2 24 15.80115 29 1 16 29 0
2 24 16 29 0 15.80115 29 -1
2 24 39.9341 29 1 40 29 0
2 24 39.9341 29 -1 40 29 0
2 24 15.80115 29 -1 15.80115 4 -1
2 24 39.9341 29 -1 39.9341 4 -1
2 24 15.80115 4 1 15.80115 29 1
2 24 39.9341 29 1 39.9341 4 1
2 24 -15.80115 29 1 -15.80115 4 1
2 24 -15.80115 29 1 -16 29 0
2 24 -1 29 15.80115 0 29 16
2 24 -1 29 15.80115 -1 4 15.80115
2 24 1 29 15.80115 1 4 15.80115
2 24 1 29 15.80115 0 29 16
2 24 -39.9341 4 1 -39.9341 29 1
2 24 -16 29 0 -15.80115 29 -1
2 24 -39.9341 29 1 -40 29 0
2 24 -39.9341 29 -1 -40 29 0
2 24 -15.80115 29 -1 -15.80115 4 -1
2 24 -39.9341 29 -1 -39.9341 4 -1
2 24 1 29 39.9341 1 4 39.9341
2 24 1 29 39.9341 0 29 40
2 24 -1 29 39.9341 0 29 40
2 24 -1 29 39.9341 -1 4 39.9341

1 16 0 0 0 1 0 0 0 1 0 0 0 1 s\31059s01.dat
1 16 0 0 0 -1 0 0 0 1 0 0 0 1 s\31059s01.dat
5 24 0 37 155 0 37 158 6.495 36.83 156.977 -6.495 36.83 156.977

0 // 5 decimals needed
1 16 0 0 0 0.30902 0 0.95106 0 1 0 -0.95106 0 0.30902 s\31059s01.dat
1 16 0 0 0 -0.30902 0 0.95106 0 1 0 0.95106 0 0.30902 s\31059s01.dat
5 24 147.4143 37 47.8981 150.26748 37 48.82516 151.3016 36.83 42.3319 147.2875 36.83 54.6862
1 16 0 0 0 -0.80902 0 0.58779 0 1 0 -0.58779 0 -0.80902 s\31059s01.dat
1 16 0 0 0 0.80902 0 0.58779 0 1 0 0.58779 0 -0.80902 s\31059s01.dat
5 24 91.10745 37 -125.3981 92.87082 37 -127.82516 87.0149 36.83 -130.8152 97.5241 36.83 -123.1798
1 16 0 0 0 0.30902 0 -0.95106 0 1 0 0.95106 0 0.30902 s\31059s01.dat
1 16 0 0 0 -0.30902 0 -0.95106 0 1 0 -0.95106 0 0.30902 s\31059s01.dat
5 24 -147.4143 37 47.8981 -150.26748 37 48.82516 -147.2875 36.83 54.6862 -151.3016 36.83 42.3319
1 16 0 0 0 -0.80902 0 -0.58779 0 1 0 0.58779 0 -0.80902 s\31059s01.dat
1 16 0 0 0 0.80902 0 -0.58779 0 1 0 -0.58779 0 -0.80902 s\31059s01.dat
5 24 -91.10745 37 -125.3981 -92.87082 37 -127.82516 -97.5241 36.83 -123.1798 -87.0149 36.83 -130.8152

5 24 -.0022 0 -43.9419 0 48 -43.9418 -4.5987 0 -43.7583 4.5987 0 -43.7583
5 24 -41.7913 48 -13.5789 -41.7919 0 -13.5765 -43.0376 0 -9.1484 -40.1956 0 -17.8955
5 24 -25.8286 48 35.5498 -25.8301 0 35.5482 -22 0 38.104 -29.4408 0 32.6982
5 24 41.7919 0 -13.5765 41.7913 48 -13.5789 43.0376 0 -9.1484 40.1956 0 -17.8955
5 24 25.8301 0 35.5482 25.8286 48 35.5498 22 0 38.104 29.4408 0 32.6982

4 16 -.0022 48 -43.9419 0 48 -41 15.6907 48 -37.8799 4.5987 48 -43.7583
3 16 4.5987 48 -43.7583 15.6907 48 -37.8799 25.8628 48 -35.5969
3 16 25.8628 48 -35.5969 15.6907 48 -37.8799 28.9911 48 -28.9911
4 16 37.8799 48 -15.6907 40.1956 48 -17.8955 25.8628 48 -35.5969 28.9911 48 -28.9911
4 16 41.7905 48 -13.5809 37.8799 48 -15.6907 41 48 0 43.0376 48 -9.1484
4 16 43.0376 48 -9.1484 41 48 0 37.8799 48 15.6907 41.8466 48 13.5969
4 16 41.8466 48 13.5969 37.8799 48 15.6907 28.9911 48 28.9911 29.4408 48 32.6982
4 16 25.8265 48 35.5511 28.9911 48 28.9911 15.6907 48 37.8799 22 48 38.104
4 16 0 48 41 0 48 44 22 48 38.104 15.6907 48 37.8799
4 16 -22 48 38.104 0 48 44 0 48 41 -15.6907 48 37.8799
4 16 -28.9911 48 28.9911 -25.8301 48 35.5482 -22 48 38.104 -15.6907 48 37.8799
3 16 -25.8301 48 35.5482 -28.9911 48 28.9911 -29.4408 48 32.6982
4 16 -28.9911 48 28.9911 -37.8799 48 15.6907 -41.8466 48 13.5969 -29.4408 48 32.6982
4 16 -37.8799 48 15.6907 -41 48 0 -43.0376 48 -9.1484 -41.8466 48 13.5969
4 16 -41.7919 48 -13.5765 -43.0376 48 -9.1484 -41 48 0 -37.8799 48 -15.6907
3 16 -41.7919 48 -13.5765 -37.8799 48 -15.6907 -40.1956 48 -17.8955
4 16 -37.8799 48 -15.6907 -28.9911 48 -28.9911 -25.8628 48 -35.5969 -40.1956 48 -17.8955
3 16 -25.8628 48 -35.5969 -28.9911 48 -28.9911 -15.6907 48 -37.8799
3 16 -25.8628 48 -35.5969 -15.6907 48 -37.8799 -4.5987 48 -43.7583
4 16 -.0022 48 -43.9419 -4.5987 48 -43.7583 -15.6907 48 -37.8799 0 48 -41
3 16 40.1956 48 -17.8955 37.8799 48 -15.6907 41.7905 48 -13.5809
3 16 28.9911 48 28.9911 25.8265 48 35.5511 29.4408 48 32.6982