0 Arch  1 x  5 x  2
0 Name: 3572.dat
0 Author: Magnus Forsberg [MagFors]
0 !LDRAW_ORG Unofficial_Part
0 !LICENSE Licensed under CC BY 4.0 : see CAreadme.txt

0 BFC CERTIFY CCW

1 16 0 16 12 6 0 0 0 0 12 0 2 0 box2-5.dat
1 16 0 4 50 6 0 0 0 6 0 0 0 1.5 box3u2p.dat
1 16 0 4 30 6 0 0 0 12 0 0 0 1.5 box3u2p.dat
1 16 0 4 50 0 0 6 0 -1 0 36 0 0 rect2p.dat
3 16 6 11.41 64.12 6 15.61 51.73 6 4 14
4 16 6 11.41 64.12 6 4 14 6 4 86 6 8.86 76.95
4 16 6 28 14 6 4 14 6 21.4 40 6 28.33 29.5
3 16 6 15.61 51.73 6 21.4 40 6 4 14
3 16 6 8.2636 86 6 8.86 76.95 6 4 86
1 16 0 6.1318 86 0 0 -6 -2.1318 0 0 0 1 0 rect.dat
3 16 -6 8.86 76.95 -6 8.2636 86 -6 4 86
4 16 -6 8.86 76.95 -6 4 86 -6 4 14 -6 11.41 64.12
3 16 -6 4 14 -6 21.4 40 -6 15.61 51.73
3 16 -6 4 14 -6 15.61 51.73 -6 11.41 64.12
4 16 -6 28 14 -6 28.33 29.5 -6 21.4 40 -6 4 14
3 16 -6 28.33 29.5 -6 28 14 -6 35.7 19.4
4 16 -6 28 14 -6 28 10 -6 44 10 -6 35.7 19.4
4 16 6 44 10 6 28 10 6 28 14 6 35.7 19.4
3 16 6 35.7 19.4 6 28 14 6 28.33 29.5
3 16 6 44 10 10 44 10 10 48 10
3 16 -10 48 10 -10 44 10 -6 44 10
4 16 -6 44 10 6 44 10 10 48 10 -10 48 10
1 16 0 36 10 0 0 -6 8 0 0 0 -1 0 rect2p.dat
4 16 10 8 90 6 8.2636 86 -6 8.2636 86 -10 8 90
1 16 0 4 50 -10 0 0 0 -4 0 0 0 40 box2-5.dat
1 16 0 12 10 -10 0 0 0 0 12 0 1 0 rect3.dat
1 16 0 0 50 0 0 1 0 1 0 -1 0 0 stug-1x4.dat
0 BFC INVERTNEXT
1 16 0 48 0 0 0 -6 0 -20 0 6 0 0 box5.dat
4 16 -10 48 10 -6 48 6 -6 48 -6 -10 48 -10
4 16 -10 48 -10 -6 48 -6 6 48 -6 10 48 -10
4 16 10 48 -10 6 48 -6 6 48 6 10 48 10
4 16 10 48 10 6 48 6 -6 48 6 -10 48 10
1 16 0 48 0 -10 0 0 0 -24 0 0 0 -10 box4-4a.dat
1 16 0 24 0 0 0 1 0 1 0 -1 0 0 stud.dat
2 24 10 48 10 -10 48 10

2 24 10 8 90 10 8.86 76.95
2 24 10 8.86 76.95 10 11.41 64.12
2 24 10 11.41 64.12 10 15.61 51.73
2 24 10 15.61 51.73 10 21.4 40
2 24 10 21.4 40 10 28.33 29.5
2 24 10 28.33 29.5 10 35.7 19.4
2 24 10 35.7 19.4 10 44 10
2 24 10 44 10 10 48 10
2 24 6 8.2636 86 6 8.86 76.95
2 24 6 8.86 76.95 6 11.41 64.12
2 24 6 11.41 64.12 6 15.61 51.73
2 24 6 15.61 51.73 6 21.4 40
2 24 6 21.4 40 6 28.33 29.5
2 24 6 28.33 29.5 6 35.7 19.4
2 24 6 35.7 19.4 6 44 10
2 24 10 44 10 6 44 10
4 16 10 15.61 51.73 10 21.4 40 6 21.4 40 6 15.61 51.73
4 16 10 11.41 64.12 10 15.61 51.73 6 15.61 51.73 6 11.41 64.12
4 16 10 28.33 29.5 10 35.7 19.4 6 35.7 19.4 6 28.33 29.5
4 16 10 21.4 40 10 28.33 29.5 6 28.33 29.5 6 21.4 40
4 16 10 8.86 76.95 10 11.41 64.12 6 11.41 64.12 6 8.86 76.95
4 16 10 8 90 10 8.86 76.95 6 8.86 76.95 6 8.2636 86
4 16 10 35.7 19.4 10 44 10 6 44 10 6 35.7 19.4
5 24 10 28.33 29.5 6 28.33 29.5 10 35.7 19.4 10 21.4 40
5 24 10 21.4 40 6 21.4 40 10 28.33 29.5 10 15.61 51.73
5 24 10 35.7 19.4 6 35.7 19.4 10 44 10 10 28.33 29.5
5 24 10 8.86 76.95 6 8.86 76.95 10 11.41 64.12 10 8 90
5 24 10 15.61 51.73 6 15.61 51.73 10 21.4 40 10 11.41 64.12
5 24 10 11.41 64.12 6 11.41 64.12 10 15.61 51.73 10 8.86 76.95
3 16 10 24 10 10 44 10 10 35.7 19.4
4 16 10 0 10 10 24 10 10 35.7 19.4 10 28.33 29.5
3 16 10 0 10 10 28.33 29.5 10 21.4 40
3 16 10 0 10 10 21.4 40 10 15.61 51.73
3 16 10 0 10 10 15.61 51.73 10 11.41 64.12
4 16 10 0 90 10 0 10 10 11.41 64.12 10 8.86 76.95
3 16 10 0 90 10 8.86 76.95 10 8 90

2 24 -10 44 10 -6 44 10
2 24 -10 8 90 -10 8.86 76.95
2 24 -10 8.86 76.95 -10 11.41 64.12
2 24 -10 11.41 64.12 -10 15.61 51.73
2 24 -10 15.61 51.73 -10 21.4 40
2 24 -10 21.4 40 -10 28.33 29.5
2 24 -10 28.33 29.5 -10 35.7 19.4
2 24 -10 35.7 19.4 -10 44 10
2 24 -10 44 10 -10 48 10
2 24 -6 8.2636 86 -6 8.86 76.95
2 24 -6 8.86 76.95 -6 11.41 64.12
2 24 -6 11.41 64.12 -6 15.61 51.73
2 24 -6 15.61 51.73 -6 21.4 40
2 24 -6 21.4 40 -6 28.33 29.5
2 24 -6 28.33 29.5 -6 35.7 19.4
2 24 -6 35.7 19.4 -6 44 10
4 16 -6 28.33 29.5 -10 28.33 29.5 -10 21.4 40 -6 21.4 40
4 16 -6 21.4 40 -10 21.4 40 -10 15.61 51.73 -6 15.61 51.73
4 16 -6 44 10 -10 44 10 -10 35.7 19.4 -6 35.7 19.4
4 16 -6 35.7 19.4 -10 35.7 19.4 -10 28.33 29.5 -6 28.33 29.5
4 16 -6 8.86 76.95 -10 8.86 76.95 -10 8 90 -6 8.2636 86
4 16 -6 15.61 51.73 -10 15.61 51.73 -10 11.41 64.12 -6 11.41 64.12
4 16 -6 11.41 64.12 -10 11.41 64.12 -10 8.86 76.95 -6 8.86 76.95
5 24 -10 11.41 64.12 -6 11.41 64.12 -10 15.61 51.73 -10 8.86 76.95
5 24 -10 8.86 76.95 -6 8.86 76.95 -10 11.41 64.12 -10 8 90
5 24 -10 21.4 40 -6 21.4 40 -10 28.33 29.5 -10 15.61 51.73
5 24 -10 15.61 51.73 -6 15.61 51.73 -10 21.4 40 -10 11.41 64.12
5 24 -10 35.7 19.4 -6 35.7 19.4 -10 44 10 -10 28.33 29.5
5 24 -10 28.33 29.5 -6 28.33 29.5 -10 35.7 19.4 -10 21.4 40
3 16 -10 44 10 -10 24 10 -10 35.7 19.4
3 16 -10 0 10 -10 21.4 40 -10 28.33 29.5
4 16 -10 35.7 19.4 -10 24 10 -10 0 10 -10 28.33 29.5
3 16 -10 21.4 40 -10 0 10 -10 15.61 51.73
3 16 -10 15.61 51.73 -10 0 10 -10 11.41 64.12
4 16 -10 11.41 64.12 -10 0 10 -10 0 90 -10 8.86 76.95
3 16 -10 8.86 76.95 -10 0 90 -10 8 90
