0 Duplo Tipper Box  4 x  4 x  2
0 Name: 35960.dat
0 Author: Peter Blomberg [WUIt]
0 !LDRAW_ORG Unofficial_Part
0 !LICENSE Licensed under CC BY 4.0 : see CAreadme.txt

0 BFC CERTIFY CCW

0 !KEYWORDS Train

1 16 0 -19 -80 1 0 0 0 2.75 0 0 0 1 stug7-2x2.dat
1 16 0 -12 -80 40 0 0 0 -7 0 0 0 40 box5.dat

0 // hinge
1 16 0 0 0 -1 0 0 0 1 0 0 0 1 s\16686s01.dat

0 // halves
1 16 0 0 0 1 0 0 0 1 0 0 0 1 s\35960s01.dat
1 16 0 0 0 -1 0 0 0 1 0 0 0 1 s\35960s01.dat

0 // box underneath
0 BFC INVERTNEXT
1 16 0 5 -80 36 0 0 0 -20 0 0 0 -36 box4-1.dat
1 16 0 -1 -40 0 0 40 -6 0 0 0 -80 0 box3u2p.dat
4 16 -40 5 -120 -36 5 -116 36 5 -116 40 5 -120

0 // top
1 16 0 -81 -156 64 0 0 0 0 10 0 -1 0 rect2p.dat
1 16 0 -81 -4 64 0 0 0 0 10 0 1 0 rect2p.dat
4 16 64 -91 0 -64 -91 0 -64 -91 -4 64 -91 -4
4 16 -64 -91 -160 64 -91 -160 64 -91 -156 -64 -91 -156
4 16 64 -71 -4 -64 -71 -4 -64 -71 -8 64 -71 -8
4 16 -64 -71 -156 64 -71 -156 64 -71 -152 -64 -71 -152

0 // outside
1 16 0 -79 -160 64 0 0 0 0 12 0 1 0 rect2p.dat
1 16 0 -79 0 64 0 0 0 0 12 0 -1 0 rect2p.dat
4 16 -64 -67 -4 -64 -67 0 64 -67 0 64 -67 -4
4 16 64 -67 -156 64 -67 -160 -64 -67 -160 -64 -67 -156
1 16 64 -67 -84 0 -128 0 0 0 75 80 0 0 48\1-8cyli.dat
1 16 64 -67 -76 0 -128 0 0 0 75 -80 0 0 48\1-8cyli.dat
4 16 -64 -8.2179 -126.1229 64 -8.2179 -126.1229 64 -13.9675 -132.568 -64 -13.9675 -132.568
2 24 64 -67 -4 -64 -67 -4
2 24 64 -67 -156 -64 -67 -156

0 // underside
4 16 -40 -7 -120 40 -7 -120 64 -8.2179 -126.1229 -64 -8.2179 -126.1229
3 16 -64 -8.2179 -126.1229 -64 -7 -120 -40 -7 -120
3 16 40 -7 -120 64 -7 -120 64 -8.2179 -126.1229
5 24 64 -8.2179 -126.1229 -64 -8.2179 -126.1229 -64 -13.9675 -132.568 -64 -7 -120
5 24 -64 -13.9675 -132.568 64 -13.9675 -132.568 64 -21.34 -139.472 64 -8.2179 -126.1229
5 24 64 -7 -120 40 -7 -120 64 -8.2179 -126.1229 64 -7 -40

0 // cylinder bottom interface
2 24 -14 5 -18 14 5 -18
2 24 14 -24.8917 -18 -14 -24.8917 -18
4 16 -14 5 -18 -2 7.2713 -17.5541 2 7.2713 -17.5541 14 5 -18
4 16 17 5 -18 14 5 -18 2 7.2713 -17.5541 13 7.2713 -17.5541
4 16 -2 7.2713 -17.5541 -14 5 -18 -17 5 -18 -13 7.2713 -17.5541
4 16 -21 7.2713 -17.5541 -13 7.2713 -17.5541 -17 5 -18 -21 5 -18
4 16 21 5 -18 17 5 -18 13 7.2713 -17.5541 21 7.2713 -17.5541
5 24 21 7.2713 -17.5541 13 7.2713 -17.5541 21 5 -18 21 13.4349 -13.4349
5 24 -2 7.2713 -17.5541 2 7.2713 -17.5541 2 13.4349 -13.4349 14 5 -18
5 24 -13 7.2713 -17.5541 -21 7.2713 -17.5541 -21 5 -18.0057 -21 13.4349 -13.4349

0 // cylinder top interface
2 24 21 -28.8256 -15.2 -21 -28.8256 -15.2
2 24 -21 -19 -15.2 21 -19 -15.2
4 16 -21 -28.8256 -15.2 21 -28.8256 -15.2 21 -19 -15.2 -21 -19 -15.2
4 16 -21 -19 0 -21 -19 -15.2 21 -19 -15.2 21 -19 0

0 // cylinder side interface
4 16 -17 -7 -44 17 -7 -44 36 -15 -44 -36 -15 -44
2 24 17 -7 -44 -17 -7 -44
4 16 -17 -7 -34 17 -7 -34 17 -7 -44 -17 -7 -44
4 16 14 -24.8917 -18 -14 -24.8917 -18 -14 5 -18 14 5 -18
4 16 17 -7 -34 -17 -7 -34 -17 -13.9675 -27.432 17 -13.9675 -27.432
5 24 -17 -7 -34 17 -7 -34 17 -7 -44 17 -13.9675 -27.432

0 // inside
0 BFC INVERTNEXT
1 16 64 -71 -80 0 -128 0 0 0 72 72 0 0 48\7-48cyli.dat
4 16 -64 -13.8752 -36.1664 -40 -12 -40 40 -12 -40 64 -13.8752 -36.1664
0 BFC INVERTNEXT
1 16 64 -71 -80 0 -128 0 0 0 72 -72 0 0 48\7-48cyli.dat
4 16 40 -12 -120 -40 -12 -120 -64 -13.8752 -123.8336 64 -13.8752 -123.8336
2 24 64 -71 -152 -64 -71 -152
2 24 64 -71 -8 -64 -71 -8