0 Minifig Leg Left with Reddish Brown Belt with Tan Tunic with Fur Hem and Silver Celtic Knots, Knee Wrappings and Shoe Tips Pattern
0 Name: 3817cp0d.dat
0 Author: Philippe Hurbain [Philo]
0 !LDRAW_ORG Unofficial_Part
0 !LICENSE Licensed under CC BY 4.0 : see CAreadme.txt

0 !HELP Move down 12 units to align with hips
0 !HELP Move at z=1.25 relative to stud grid
0 !HELP 1 16 0 0 1.25 1 0 0 0 1 0 0 0 1 3817c.dat
0 !HELP 1 16 0 28 0 1 0 0 0 1 0 0 0 1 stug-1x2.dat

0 BFC CERTIFY CCW

0 !KEYWORDS Bricklink 970c00pb1559, Set 21343, Viking

1 16 0 0 0 1 0 0 0 1 0 0 0 1 s\3817cs01.dat

4 0 15.9887 21.8804 -11.25 15.1149 21.5656 -11.25 14.6921 22.1076 -11.25 15.3372 22.268 -11.25
4 0 6.1983 -3.349 -8.084 7.4541 0 -8.75 8.1651 0 -8.75 6.9156 -3.349 -8.084
4 0 11.9721 4.6775 -7.196 14.8428 4.3997 -7.3817 15.0713 3.7353 -7.8258 13.2813 3.9725 -7.6672
4 0 17.963 9.335 -5.75 17.9355 8.6737 -5.75 16.9541 8.3391 -5.75 16.9503 8.9892 -5.75
4 0 16.9503 8.9892 -5.75 16.9541 8.3391 -5.75 16.0731 8.1828 -5.75 16.0943 8.8054 -5.75
4 0 15.3871 8.6176 -5.75 16.0943 8.8054 -5.75 16.0731 8.1828 -5.75 15.6868 8.2832 -5.75
4 0 13.1657 8.0731 -5.75 13.6244 8.7034 -5.75 14.2734 8.8433 -5.75 14.2678 8.1983 -5.75
4 0 12.5031 8.7881 -5.75 13.2007 8.7131 -5.75 12.7886 8.1591 -5.75 12.5858 8.4064 -5.75
3 0 12.2116 8.7257 -5.75 12.1835 8.4198 -5.75 11.498 8.6924 -5.75
4 0 11.498 8.6924 -5.75 12.1835 8.4198 -5.75 11.9484 8.1575 -5.75 11.4677 8.6086 -5.75
3 0 11.9484 8.1575 -5.75 11.5946 8.0108 -5.75 11.4677 8.6086 -5.75
4 0 10.8764 8.5854 -5.75 11.4677 8.6086 -5.75 11.5946 8.0108 -5.75 11.1268 7.9683 -5.75
4 0 10.1934 8.6804 -5.75 10.8764 8.5854 -5.75 11.1268 7.9683 -5.75 10.0686 8.0723 -5.75
4 0 10.1934 8.6804 -5.75 10.0686 8.0723 -5.75 8.4259 8.5606 -5.75 9.3052 8.9236 -5.75
4 0 8.4113 9.2877 -5.75 8.4259 8.5606 -5.75 7.3639 8.0871 -5.75 7.324 8.7316 -5.75
4 0 7.324 8.7316 -5.75 7.3639 8.0871 -5.75 6.2079 7.8186 -5.75 6.2469 8.4421 -5.75
3 0 5.9152 7.8568 -5.75 5.6373 8.0779 -5.75 6.1627 8.4817 -5.75
4 0 6.149 8.6294 -5.75 6.1627 8.4817 -5.75 5.6373 8.0779 -5.75 5.5028 8.4325 -5.75
4 0 6.1893 9.7429 -5.75 6.149 8.6294 -5.75 5.5028 8.4325 -5.75 5.4768 8.8383 -5.75
4 0 3.5441 7.8388 -5.75 3.4474 8.4897 -5.75 4.7364 8.5412 -5.75 3.7646 7.9011 -5.75
4 0 6.2079 7.8186 -5.75 5.9152 7.8568 -5.75 6.1627 8.4817 -5.75 6.2469 8.4421 -5.75
4 0 2.9536 8.0434 -5.75 3.4474 8.4897 -5.75 3.5441 7.8388 -5.75 3.3337 7.8496 -5.75
4 0 3.4474 8.4897 -5.75 2.9536 8.0434 -5.75 2.6447 8.3878 -5.75 3.2499 8.6495 -5.75
4 0 2.407 8.814 -5.75 3.113 8.896 -5.75 3.2499 8.6495 -5.75 2.6447 8.3878 -5.75
3 0 2.407 8.814 -5.75 2.1571 8.7412 -5.75 2.1261 9.4513 -5.75
4 0 3.113 8.896 -5.75 2.407 8.814 -5.75 2.1261 9.4513 -5.75 2.8605 9.7912 -5.75
3 0 3.4474 8.4897 -5.75 4.6449 9.1909 -5.75 4.7364 8.5412 -5.75
4 0 4.7364 8.5412 -5.75 4.6449 9.1909 -5.75 6.1893 9.7429 -5.75 5.4768 8.8383 -5.75
3 0 8.4113 9.2877 -5.75 9.3052 8.9236 -5.75 8.4259 8.5606 -5.75
3 0 15.4364 9.44 -5.75 15.9329 9.9186 -5.75 16.0943 8.8054 -5.75
4 0 16.0943 8.8054 -5.75 15.3871 8.6176 -5.75 14.8828 9.087 -5.75 15.4364 9.44 -5.75
4 0 15.3871 8.6176 -5.75 14.2678 8.1983 -5.75 14.2734 8.8433 -5.75 14.8828 9.087 -5.75
4 0 12.7886 8.1591 -5.75 13.2007 8.7131 -5.75 13.6244 8.7034 -5.75 13.1657 8.0731 -5.75
4 0 13.2007 8.7131 -5.75 12.3554 9.4117 -5.75 13.3363 9.6767 -5.75 13.3864 9.6102 -5.75
4 0 12.2116 8.7257 -5.75 11.498 8.6924 -5.75 11.1832 9.452 -5.75 12.3554 9.4117 -5.75
3 0 12.3554 9.4117 -5.75 13.2007 8.7131 -5.75 12.5031 8.7881 -5.75
3 0 12.3554 9.4117 -5.75 12.5031 8.7881 -5.75 12.3594 8.7881 -5.75
3 0 12.3554 9.4117 -5.75 12.3594 8.7881 -5.75 12.2116 8.7257 -5.75
4 0 18.053 11.7691 -5.75 18.0266 11.049 -5.75 11.5382 11.0903 -5.75 12.941 11.779 -5.75
4 0 2.1253 12.2358 -5.75 8.6889 11.9609 -5.75 11.5382 11.0903 -5.75 3.8579 11.5383 -5.75
3 0 12.941 11.779 -5.75 11.5382 11.0903 -5.75 8.6889 11.9609 -5.75
3 0 3.8579 11.5383 -5.75 2.1245 11.542 -5.75 2.1253 12.2358 -5.75
4 0 8.6889 11.9609 -5.75 10.9841 12.6605 -5.75 18.1049 13.2257 -5.75 13.687 12.2839 -5.75
3 0 18.1049 13.2257 -5.75 18.0863 12.6792 -5.75 13.687 12.2839 -5.75
3 0 2.1253 12.2358 -5.75 10.9841 12.6605 -5.75 8.6889 11.9609 -5.75
4 0 8.5534 14.0523 -5.75 14.6675 14.31 -5.75 18.1212 13.8435 -5.75 10.3324 13.3905 -5.75
4 0 2.1749 13.9249 -5.75 8.5534 14.0523 -5.75 10.3324 13.3905 -5.75 2.1268 13.2109 -5.75
3 0 18.1212 13.8435 -5.75 14.6675 14.31 -5.75 18.1266 14.2675 -5.75
4 0 18.2979 25.1123 -11.25 17.6158 25.0773 -11.25 17.6034 26.2566 -11.25 18.2964 26.1805 -11.25
4 0 17.4065 27.0759 -11.25 17.912 26.8894 -11.25 18.2153 26.5161 -11.25 17.5224 26.3877 -11.25
4 0 17.5224 26.3877 -11.25 18.2153 26.5161 -11.25 18.2964 26.1805 -11.25 17.6034 26.2566 -11.25
4 0 16.6159 26.4361 -11.25 16.5019 27.0499 -11.25 17.4065 27.0759 -11.25 17.3065 26.4596 -11.25
4 0 15.4051 26.3677 -11.25 15.2671 26.4532 -11.25 15.1447 27.0868 -11.25 15.5627 27.0068 -11.25
4 0 15.5844 25.9673 -11.25 15.4051 26.3677 -11.25 15.5627 27.0068 -11.25 15.9765 26.7487 -11.25
4 0 16.3662 25.9756 -11.25 15.9765 26.7487 -11.25 16.5019 27.0499 -11.25 16.6159 26.4361 -11.25
4 0 15.2671 26.4532 -11.25 13.874 26.4497 -11.25 13.8232 27.0698 -11.25 15.1447 27.0868 -11.25
3 0 17.5224 26.3877 -11.25 17.3065 26.4596 -11.25 17.4065 27.0759 -11.25
4 0 16.3662 25.9756 -11.25 15.9102 25.8775 -11.25 15.5844 25.9673 -11.25 15.9765 26.7487 -11.25
4 0 11.0852 26.4435 -11.25 11.2261 27.0849 -11.25 12.6121 27.0642 -11.25 12.4244 26.4611 -11.25
4 0 13.1782 26.7621 -11.25 12.6632 26.3501 -11.25 12.4244 26.4611 -11.25 12.6121 27.0642 -11.25
3 0 10.8206 27.0042 -11.25 11.2261 27.0849 -11.25 11.0852 26.4435 -11.25
4 0 8.4066 26.4578 -11.25 9.6717 27.0805 -11.25 10.1038 26.9805 -11.25 9.7775 26.4443 -11.25
4 0 10.4188 26.758 -11.25 9.9081 26.3338 -11.25 9.7775 26.4443 -11.25 10.1038 26.9805 -11.25
4 0 8.4066 26.4578 -11.25 8.2065 26.353 -11.25 7.6877 26.7645 -11.25 8.2504 27.0618 -11.25
3 0 8.2504 27.0618 -11.25 9.6717 27.0805 -11.25 8.4066 26.4578 -11.25
4 0 7.6877 26.7645 -11.25 7.1234 26.3688 -11.25 6.9779 26.4547 -11.25 7.0752 27.0646 -11.25
4 0 5.4291 26.3238 -11.25 5.3165 27.0137 -11.25 5.6369 27.0782 -11.25 5.6061 26.4507 -11.25
4 0 3.5332 26.4495 -11.25 3.6906 27.0872 -11.25 4.4021 27.0444 -11.25 4.1888 26.4526 -11.25
4 0 4.9032 26.7589 -11.25 4.3573 26.3763 -11.25 4.1888 26.4526 -11.25 4.4021 27.0444 -11.25
4 0 3.6906 27.0872 -11.25 3.5332 26.4495 -11.25 3.0008 26.8762 -11.25 3.3249 27.0302 -11.25
4 0 3.0008 26.8762 -11.25 3.3351 26.269 -11.25 2.6505 26.2971 -11.25 2.7485 26.589 -11.25
4 0 3.3233 25.0575 -11.25 2.6387 25.0758 -11.25 2.6505 26.2971 -11.25 3.3351 26.269 -11.25
4 0 7.0752 27.0646 -11.25 6.9779 26.4547 -11.25 5.6061 26.4507 -11.25 5.6369 27.0782 -11.25
3 0 3.0008 26.8762 -11.25 3.5332 26.4495 -11.25 3.3351 26.269 -11.25
4 0 10.4188 26.758 -11.25 10.8206 27.0042 -11.25 11.0852 26.4435 -11.25 10.955 26.3243 -11.25
4 0 4.3573 26.3763 -11.25 4.9032 26.7589 -11.25 4.9323 25.8783 -11.25 4.5717 25.9418 -11.25
4 0 13.1782 26.7621 -11.25 13.8232 27.0698 -11.25 13.874 26.4497 -11.25 13.7342 26.3611 -11.25
3 0 5.2953 25.9754 -11.25 4.9323 25.8783 -11.25 5.4291 26.3238 -11.25
4 0 5.3165 27.0137 -11.25 5.4291 26.3238 -11.25 4.9323 25.8783 -11.25 4.9032 26.7589 -11.25
4 0 13.1518 25.8717 -11.25 13.1782 26.7621 -11.25 13.7342 26.3611 -11.25 13.5702 25.9624 -11.25
4 0 12.6632 26.3501 -11.25 13.1782 26.7621 -11.25 13.1518 25.8717 -11.25 12.8613 25.9477 -11.25
3 0 7.1234 26.3688 -11.25 7.6877 26.7645 -11.25 7.3052 25.9643 -11.25
4 0 7.3052 25.9643 -11.25 7.6877 26.7645 -11.25 8.022 25.948 -11.25 7.6235 25.8776 -11.25
3 0 8.2065 26.353 -11.25 8.022 25.948 -11.25 7.6877 26.7645 -11.25
3 0 10.955 26.3243 -11.25 10.8243 25.9855 -11.25 10.4214 25.8806 -11.25
4 0 9.9081 26.3338 -11.25 10.4188 26.758 -11.25 10.955 26.3243 -11.25 10.4214 25.8806 -11.25
3 0 10.4214 25.8806 -11.25 10.0814 25.949 -11.25 9.9081 26.3338 -11.25
4 0 18.2979 25.1123 -11.25 18.2113 24.7556 -11.25 17.5237 24.8931 -11.25 17.6158 25.0773 -11.25
4 0 17.7273 24.2845 -11.25 17.5237 24.8931 -11.25 18.2113 24.7556 -11.25 18.0194 24.4754 -11.25
4 0 17.5237 24.8931 -11.25 17.7273 24.2845 -11.25 16.5755 24.4146 -11.25 17.3088 24.8317 -11.25
4 0 2.6387 25.0758 -11.25 3.3233 25.0575 -11.25 2.9991 24.4061 -11.25 2.7161 24.757 -11.25
4 0 3.5144 24.1642 -11.25 2.9991 24.4061 -11.25 3.3233 25.0575 -11.25 3.545 24.8358 -11.25
4 0 4.2088 24.3833 -11.25 3.545 24.8358 -11.25 17.3088 24.8317 -11.25 16.5755 24.4146 -11.25
3 0 16.5755 24.4146 -11.25 17.7273 24.2845 -11.25 17.3398 24.1953 -11.25
4 0 16.3279 23.1254 -11.25 16.6994 22.4727 -11.25 15.9887 21.8804 -11.25 15.909 22.6045 -11.25
3 0 15.909 22.6045 -11.25 15.9887 21.8804 -11.25 15.3372 22.268 -11.25
3 0 15.1149 21.5656 -11.25 14.1933 21.462 -11.25 14.6921 22.1076 -11.25
4 0 14.6921 22.1076 -11.25 14.1933 21.462 -11.25 6.157 21.488 -11.25 6.3216 22.0887 -11.25
4 0 6.3216 22.0887 -11.25 6.157 21.488 -11.25 5.5663 21.588 -11.25 5.6762 22.1903 -11.25
3 0 5.5663 21.588 -11.25 4.9957 21.7556 -11.25 5.6762 22.1903 -11.25
4 0 5.0661 22.4043 -11.25 4.4692 22.0361 -11.25 4.0272 22.4352 -11.25 4.5648 22.8137 -11.25
4 0 4.2828 23.3964 -11.25 4.5648 22.8137 -11.25 4.0272 22.4352 -11.25 3.7146 22.9429 -11.25
4 0 3.7146 22.9429 -11.25 3.5527 23.5166 -11.25 3.5144 24.1642 -11.25 4.2828 23.3964 -11.25
4 0 3.545 24.8358 -11.25 4.2088 24.3833 -11.25 4.2828 23.3964 -11.25 3.5144 24.1642 -11.25
4 0 16.6994 22.4727 -11.25 16.3279 23.1254 -11.25 16.5571 23.7503 -11.25 17.1327 23.2884 -11.25
4 0 17.1327 23.2884 -11.25 16.5571 23.7503 -11.25 16.5755 24.4146 -11.25 17.3398 24.1953 -11.25
4 0 4.4692 22.0361 -11.25 5.0661 22.4043 -11.25 5.6762 22.1903 -11.25 4.9957 21.7556 -11.25
4 0 9.3292 3.349 -8.084 8.612 3.349 -8.084 9.0429 4.5951 -7.251 9.5568 4.0036 -7.6464
4 0 15.0713 3.7353 -7.8258 14.8428 4.3997 -7.3817 17.6933 3.7731 -7.8005 16.742 3.349 -8.084
3 0 17.6933 3.7731 -7.8005 17.709 3.349 -8.084 16.742 3.349 -8.084
4 0 11.9721 4.6775 -7.196 11.4706 4.0732 -7.5999 9.5568 4.0036 -7.6464 9.0429 4.5951 -7.251
3 0 11.9721 4.6775 -7.196 13.2813 3.9725 -7.6672 11.4706 4.0732 -7.5999
4 0 6.9156 -3.349 -8.084 6.2152 -5.1632 -6.8713 5.5104 -5.1382 -6.888 6.1983 -3.349 -8.084
4 0 7.4541 0 -8.75 8.612 3.349 -8.084 9.3292 3.349 -8.084 8.1651 0 -8.75
4 19 13.1657 8.0731 -5.75 11.5946 8.0108 -5.75 11.9484 8.1575 -5.75 12.7886 8.1591 -5.75
4 19 12.941 11.779 -5.75 13.687 12.2839 -5.75 18.0863 12.6792 -5.75 18.053 11.7691 -5.75
4 19 18.1049 13.2257 -5.75 10.9841 12.6605 -5.75 10.3324 13.3905 -5.75 18.1212 13.8435 -5.75
4 19 17.4449 -3.349 -8.084 16.0294 -3.5737 -7.9338 14.8525 -3.5348 -7.9598 14.3308 -3.349 -8.084
4 19 17.4251 -4.5082 -7.3092 17.3687 -5.1594 -6.8739 14.9922 -4.1871 -7.5238 16.7544 -4.1599 -7.542
4 19 2.5854 0 -8.75 2.5827 3.349 -8.084 6.9409 2.4985 -8.2531 5.9729 0.4939 -8.6518
3 19 9.3292 3.349 -8.084 11.6974 1.2885 -8.4938 10.915 1.073 -8.5366
4 19 12.3329 0.7414 -8.6026 11.9036 0.0805 -8.734 11.6567 0 -8.75 11.4662 0.5938 -8.6319
4 19 14.3308 -3.349 -8.084 15.3732 -2.9981 -8.1538 16.4358 -2.9502 -8.1633 17.4449 -3.349 -8.084
4 19 11.878 -1.9956 -8.3531 12.4885 -1.4613 -8.4594 13.3508 -1.4455 -8.4625 12.9203 -2.0702 -8.3383
4 19 3.6837 -1.5239 -8.447 3.1799 -1.6567 -8.4205 2.5867 -1.6758 -8.4167 2.5854 0 -8.75
4 19 7.9839 5.8587 -6.4065 2.5805 6.187 -6.187 17.8333 6.187 -6.187 11.0415 5.9095 -6.3725
4 19 2.5046 8.4358 -5.75 2.1674 8.4663 -5.75 2.1571 8.7412 -5.75 2.407 8.814 -5.75
3 19 2.407 8.814 -5.75 2.6447 8.3878 -5.75 2.5046 8.4358 -5.75
4 19 2.9536 8.0434 -5.75 2.5788 8.342 -5.75 2.5046 8.4358 -5.75 2.6447 8.3878 -5.75
3 19 16.9541 8.3391 -5.75 17.9355 8.6737 -5.75 17.8439 6.479 -5.75
3 19 16.0731 8.1828 -5.75 16.9541 8.3391 -5.75 17.8439 6.479 -5.75
3 19 2.5803 6.479 -5.75 2.5788 8.342 -5.75 2.9536 8.0434 -5.75
3 19 2.5803 6.479 -5.75 2.9536 8.0434 -5.75 3.3337 7.8496 -5.75
4 19 14.2678 8.1983 -5.75 15.6868 8.2832 -5.75 16.0731 8.1828 -5.75 17.8439 6.479 -5.75
3 19 14.2678 8.1983 -5.75 15.3871 8.6176 -5.75 15.6868 8.2832 -5.75
3 19 14.2678 8.1983 -5.75 17.8439 6.479 -5.75 13.1657 8.0731 -5.75
3 19 2.5803 6.479 -5.75 3.3337 7.8496 -5.75 3.5441 7.8388 -5.75
3 19 4.7364 8.5412 -5.75 5.4768 8.8383 -5.75 5.5028 8.4325 -5.75
4 19 5.9152 7.8568 -5.75 2.5803 6.479 -5.75 3.5441 7.8388 -5.75 3.7646 7.9011 -5.75
4 19 11.1268 7.9683 -5.75 11.5946 8.0108 -5.75 13.1657 8.0731 -5.75 17.8439 6.479 -5.75
3 19 4.7364 8.5412 -5.75 5.5028 8.4325 -5.75 5.6373 8.0779 -5.75
4 19 12.1835 8.4198 -5.75 12.3594 8.7881 -5.75 12.5031 8.7881 -5.75 12.5858 8.4064 -5.75
4 19 4.7364 8.5412 -5.75 5.6373 8.0779 -5.75 5.9152 7.8568 -5.75 3.7646 7.9011 -5.75
3 19 12.2116 8.7257 -5.75 12.3594 8.7881 -5.75 12.1835 8.4198 -5.75
3 19 2.5803 6.479 -5.75 5.9152 7.8568 -5.75 6.2079 7.8186 -5.75
3 19 7.3639 8.0871 -5.75 8.4259 8.5606 -5.75 10.0686 8.0723 -5.75
4 19 7.3639 8.0871 -5.75 10.0686 8.0723 -5.75 2.5803 6.479 -5.75 6.2079 7.8186 -5.75
4 19 12.5858 8.4064 -5.75 12.7886 8.1591 -5.75 11.9484 8.1575 -5.75 12.1835 8.4198 -5.75
4 19 17.8439 6.479 -5.75 2.5803 6.479 -5.75 10.0686 8.0723 -5.75 11.1268 7.9683 -5.75
3 19 12.941 11.779 -5.75 8.6889 11.9609 -5.75 13.687 12.2839 -5.75
4 19 10.9841 12.6605 -5.75 2.1253 12.2358 -5.75 2.1268 13.2109 -5.75 10.3324 13.3905 -5.75
4 19 13.3964 -3.6668 -7.8716 6.2152 -5.1632 -6.8713 6.9156 -3.349 -8.084 12.9302 -3.349 -8.084
3 19 13.3964 -3.6668 -7.8716 14.1244 -3.9806 -7.6618 6.2152 -5.1632 -6.8713
4 19 14.9922 -4.1871 -7.5238 17.3687 -5.1594 -6.8739 6.2152 -5.1632 -6.8713 14.1244 -3.9806 -7.6618
3 19 5.5718 0 -8.75 2.5854 0 -8.75 5.9729 0.4939 -8.6518
3 19 2.5827 3.349 -8.084 7.2049 3.349 -8.084 6.9409 2.4985 -8.2531
3 19 9.6416 0 -8.75 8.1651 0 -8.75 10.2075 0.714 -8.608
4 19 17.7173 3.1235 -8.1288 16.6127 1.6142 -8.429 15.3434 1.7656 -8.3989 16.742 3.349 -8.084
3 19 17.7173 3.1235 -8.1288 17.6452 1.2158 -8.5082 16.6127 1.6142 -8.429
3 19 16.742 3.349 -8.084 15.3434 1.7656 -8.3989 14.366 1.6974 -8.4124
4 19 16.742 3.349 -8.084 14.366 1.6974 -8.4124 13.2506 1.4019 -8.4712 9.3292 3.349 -8.084
3 19 13.2506 1.4019 -8.4712 11.6974 1.2885 -8.4938 9.3292 3.349 -8.084
4 19 8.1651 0 -8.75 9.3292 3.349 -8.084 10.915 1.073 -8.5366 10.2075 0.714 -8.608
4 19 11.4662 0.5938 -8.6319 11.6567 0 -8.75 10.4374 0 -8.75 10.7138 0.2791 -8.6945
3 19 13.4531 0 -8.75 12.6213 0 -8.75 12.8523 0.3173 -8.6869
4 19 13.7013 0.1897 -8.7123 13.4531 0 -8.75 12.8523 0.3173 -8.6869 13.4171 0.7387 -8.6031
4 19 14.4888 0.4724 -8.6561 13.7013 0.1897 -8.7123 13.4171 0.7387 -8.6031 14.0733 0.9984 -8.5515
3 19 14.0733 0.9984 -8.5515 15.1455 1.1441 -8.5225 14.4888 0.4724 -8.6561
4 19 15.7653 0.5147 -8.6476 16.0706 1.0929 -8.5326 16.8287 0.89 -8.573 16.3326 0.4141 -8.6676
3 19 16.3326 0.4141 -8.6676 16.8287 0.89 -8.573 17.0194 0.1609 -8.718
4 19 16.8287 0.89 -8.573 17.6165 0.5468 -8.6413 17.601 0.2755 -8.6952 17.0194 0.1609 -8.718
4 19 16.0706 1.0929 -8.5326 15.7653 0.5147 -8.6476 14.4888 0.4724 -8.6561 15.1455 1.1441 -8.5225
4 19 11.0682 -2.3777 -8.2772 12.6841 -3.1813 -8.1174 12.9302 -3.349 -8.084 6.9156 -3.349 -8.084
4 19 9.6929 -1.1651 -8.5183 10.2067 -1.8139 -8.3893 6.9156 -3.349 -8.084 8.1651 0 -8.75
3 19 9.5295 -0.3441 -8.6816 9.5271 -0.609 -8.6289 8.1651 0 -8.75
3 19 8.1651 0 -8.75 9.6416 0 -8.75 9.5295 -0.3441 -8.6816
3 19 11.0682 -2.3777 -8.2772 6.9156 -3.349 -8.084 10.2067 -1.8139 -8.3893
3 19 11.0682 -2.3777 -8.2772 12.1828 -2.6917 -8.2147 12.6841 -3.1813 -8.1174
3 19 8.1651 0 -8.75 9.5271 -0.609 -8.6289 9.6929 -1.1651 -8.5183
3 19 15.3732 -2.9981 -8.1538 14.3308 -3.349 -8.084 14.8215 -2.8972 -8.1738
3 19 14.0115 -3.2353 -8.1066 13.0296 -2.6419 -8.2246 13.9451 -2.5363 -8.2456
4 19 14.3308 -3.349 -8.084 14.0115 -3.2353 -8.1066 13.9451 -2.5363 -8.2456 14.8215 -2.8972 -8.1738
3 19 16.4358 -2.9502 -8.1633 17.4964 -2.7834 -8.1965 17.4449 -3.349 -8.084
4 19 12.3397 -0.8027 -8.5904 12.503 -0.1624 -8.7177 13.141 -0.3755 -8.6753 12.938 -0.8544 -8.5801
4 19 12.503 -0.1624 -8.7177 12.6213 0 -8.75 13.4531 0 -8.75 13.141 -0.3755 -8.6753
3 19 10.4374 0 -8.75 11.6567 0 -8.75 11.2548 -0.1311 -8.7239
3 19 10.4374 0 -8.75 11.2548 -0.1311 -8.7239 10.9523 -0.3462 -8.6811
4 19 10.4374 0 -8.75 10.8732 -0.5103 -8.6485 10.2244 -0.6765 -8.6155 10.2131 -0.3894 -8.6726
3 19 10.8426 -1.5168 -8.4484 10.4081 -1.0772 -8.5358 11.0929 -0.9244 -8.5662
4 19 14.2499 -1.2726 -8.4969 14.6507 -1.8059 -8.3909 12.9203 -2.0702 -8.3383 13.3508 -1.4455 -8.4625
4 19 11.3577 -1.8148 -8.3891 11.7371 -1.3029 -8.4909 12.4885 -1.4613 -8.4594 11.878 -1.9956 -8.3531
4 19 11.3577 -1.8148 -8.3891 10.8426 -1.5168 -8.4484 11.0929 -0.9244 -8.5662 11.7371 -1.3029 -8.4909
3 19 10.4374 0 -8.75 10.9523 -0.3462 -8.6811 10.8732 -0.5103 -8.6485
4 19 10.2244 -0.6765 -8.6155 10.8732 -0.5103 -8.6485 11.0929 -0.9244 -8.5662 10.4081 -1.0772 -8.5358
3 19 2.5854 0 -8.75 5.5718 0 -8.75 4.9781 -0.7312 -8.6046
4 19 3.6837 -1.5239 -8.447 2.5854 0 -8.75 4.9781 -0.7312 -8.6046 4.1506 -1.3203 -8.4874
4 19 7.9839 5.8587 -6.4065 7.2049 3.349 -8.084 2.5827 3.349 -8.084 2.5805 6.187 -6.187
3 19 17.8333 6.187 -6.187 17.7739 4.5491 -7.2818 15.8719 5.2721 -6.7985
3 19 17.8333 6.187 -6.187 15.8719 5.2721 -6.7985 13.8765 5.6849 -6.5226
3 19 17.8333 6.187 -6.187 13.8765 5.6849 -6.5226 11.0415 5.9095 -6.3725
3 19 16.742 3.349 -8.084 9.3292 3.349 -8.084 15.0713 3.7353 -7.8258
3 19 9.3292 3.349 -8.084 9.5568 4.0036 -7.6464 11.4706 4.0732 -7.5999
4 19 15.0713 3.7353 -7.8258 9.3292 3.349 -8.084 11.4706 4.0732 -7.5999 13.2813 3.9725 -7.6672
4 19 2.5805 6.187 -6.187 2.5803 6.479 -5.75 17.8439 6.479 -5.75 17.8333 6.187 -6.187
4 19 14.8739 -0.0951 -8.7311 16.5438 -2.296 -8.2934 15.7949 -2.3741 -8.2779 14.1716 -0.3044 -8.6895
4 19 16.6142 -1.2989 -8.4917 16.2212 -0.7889 -8.5931 17.5855 -0.3586 -8.6787 17.5584 -1.0416 -8.5429
4 16 2 -3.349 -8.084 3.6837 -1.5239 -8.447 4.1506 -1.3203 -8.4874 6.1983 -3.349 -8.084
3 16 6.157 21.488 -11.25 1.25 20 -11.25 5.5663 21.588 -11.25
3 0 17.709 3.349 -8.084 17.7173 3.1235 -8.1288 16.742 3.349 -8.084
3 16 1.25 28 -11.25 3.6906 27.0872 -11.25 3.3249 27.0302 -11.25
4 16 5.6762 22.1903 -11.25 5.0661 22.4043 -11.25 4.5648 22.8137 -11.25 4.2828 23.3964 -11.25
4 16 6.1983 -3.349 -8.084 5.5104 -5.1382 -6.888 2 -6.187 -6.187 2 -3.349 -8.084
3 16 18.184 -3.349 -8.084 17.4251 -4.5082 -7.3092 17.4449 -3.349 -8.084
4 16 5.5104 -5.1382 -6.888 6.2152 -5.1632 -6.8713 18.087 -6.187 -6.187 2 -6.187 -6.187
4 16 17.3687 -5.1594 -6.8739 17.4251 -4.5082 -7.3092 18.184 -3.349 -8.084 18.087 -6.187 -6.187
3 16 17.3687 -5.1594 -6.8739 18.087 -6.187 -6.187 6.2152 -5.1632 -6.8713
4 16 2.5854 0 -8.75 2.5867 -1.6758 -8.4167 2 -3.349 -8.084 2 0 -8.75
4 16 7.4541 0 -8.75 6.1983 -3.349 -8.084 4.1506 -1.3203 -8.4874 4.9781 -0.7312 -8.6046
3 16 5.5718 0 -8.75 7.4541 0 -8.75 4.9781 -0.7312 -8.6046
3 16 3.1799 -1.6567 -8.4205 2 -3.349 -8.084 2.5867 -1.6758 -8.4167
3 16 3.6837 -1.5239 -8.447 2 -3.349 -8.084 3.1799 -1.6567 -8.4205
4 16 2.7161 24.757 -11.25 1.25 20 -11.25 1.25 28 -11.25 2.6387 25.0758 -11.25
4 16 19.25 28 -11.25 18.978 20 -11.25 18.2113 24.7556 -11.25 18.2979 25.1123 -11.25
3 16 18.978 20 -11.25 18.0194 24.4754 -11.25 18.2113 24.7556 -11.25
3 16 2.9991 24.4061 -11.25 1.25 20 -11.25 2.7161 24.757 -11.25
3 16 3.5527 23.5166 -11.25 2.9991 24.4061 -11.25 3.5144 24.1642 -11.25
4 16 3.7146 22.9429 -11.25 1.25 20 -11.25 2.9991 24.4061 -11.25 3.5527 23.5166 -11.25
3 16 17.1327 23.2884 -11.25 17.7273 24.2845 -11.25 18.0194 24.4754 -11.25
3 16 17.7273 24.2845 -11.25 17.1327 23.2884 -11.25 17.3398 24.1953 -11.25
4 16 18.0194 24.4754 -11.25 18.978 20 -11.25 16.6994 22.4727 -11.25 17.1327 23.2884 -11.25
3 16 4.0272 22.4352 -11.25 1.25 20 -11.25 3.7146 22.9429 -11.25
3 16 18.978 20 -11.25 15.9887 21.8804 -11.25 16.6994 22.4727 -11.25
3 16 4.4692 22.0361 -11.25 1.25 20 -11.25 4.0272 22.4352 -11.25
3 16 4.9957 21.7556 -11.25 1.25 20 -11.25 4.4692 22.0361 -11.25
3 16 18.978 20 -11.25 15.1149 21.5656 -11.25 15.9887 21.8804 -11.25
3 16 18.978 20 -11.25 14.1933 21.462 -11.25 15.1149 21.5656 -11.25
3 16 5.5663 21.588 -11.25 1.25 20 -11.25 4.9957 21.7556 -11.25
4 16 6.157 21.488 -11.25 14.1933 21.462 -11.25 18.978 20 -11.25 1.25 20 -11.25
4 16 2.1749 13.9249 -5.75 2.1268 13.2109 -5.75 1.25 8 -5.75 1.25 20 -5.75
3 16 2.1245 11.542 -5.75 2.1261 9.4513 -5.75 1.25 8 -5.75
3 16 17.9355 8.6737 -5.75 18.518 6.479 -5.75 17.8439 6.479 -5.75
3 16 17.963 9.335 -5.75 18.518 6.479 -5.75 17.9355 8.6737 -5.75
4 16 2.5788 8.342 -5.75 2.5803 6.479 -5.75 2 6.479 -5.75 2 8 -5.75
4 16 2 8 -5.75 2.1674 8.4663 -5.75 2.5046 8.4358 -5.75 2.5788 8.342 -5.75
3 16 1.25 8 -5.75 2.1261 9.4513 -5.75 2.1571 8.7412 -5.75
4 16 2 8 -5.75 1.25 8 -5.75 2.1571 8.7412 -5.75 2.1674 8.4663 -5.75
3 16 18.0266 11.049 -5.75 18.518 6.479 -5.75 17.963 9.335 -5.75
3 16 18.518 6.479 -5.75 18.0266 11.049 -5.75 18.053 11.7691 -5.75
3 16 18.518 6.479 -5.75 18.053 11.7691 -5.75 18.0863 12.6792 -5.75
3 16 18.1049 13.2257 -5.75 18.518 6.479 -5.75 18.0863 12.6792 -5.75
3 16 2.1253 12.2358 -5.75 2.1245 11.542 -5.75 1.25 8 -5.75
3 16 2.1268 13.2109 -5.75 2.1253 12.2358 -5.75 1.25 8 -5.75
4 16 18.518 6.479 -5.75 18.1049 13.2257 -5.75 18.1212 13.8435 -5.75 18.978 20 -5.75
3 16 18.1266 14.2675 -5.75 18.978 20 -5.75 18.1212 13.8435 -5.75
3 16 14.6675 14.31 -5.75 18.978 20 -5.75 18.1266 14.2675 -5.75
3 16 18.978 20 -5.75 14.6675 14.31 -5.75 8.5534 14.0523 -5.75
4 16 18.978 20 -5.75 8.5534 14.0523 -5.75 2.1749 13.9249 -5.75 1.25 20 -5.75
3 16 5.9729 0.4939 -8.6518 7.4541 0 -8.75 5.5718 0 -8.75
3 16 8.612 3.349 -8.084 6.9409 2.4985 -8.2531 7.2049 3.349 -8.084
4 16 8.612 3.349 -8.084 7.4541 0 -8.75 5.9729 0.4939 -8.6518 6.9409 2.4985 -8.2531
3 16 17.5859 0 -8.75 17.601 0.2755 -8.6952 18.298 0 -8.75
3 16 17.601 0.2755 -8.6952 17.6165 0.5468 -8.6413 18.298 0 -8.75
3 16 17.7173 3.1235 -8.1288 17.709 3.349 -8.084 18.412 3.349 -8.084
4 16 17.6165 0.5468 -8.6413 17.6452 1.2158 -8.5082 18.412 3.349 -8.084 18.298 0 -8.75
3 16 17.6452 1.2158 -8.5082 17.7173 3.1235 -8.1288 18.412 3.349 -8.084
3 16 15.5627 27.0068 -11.25 16.5019 27.0499 -11.25 15.9765 26.7487 -11.25
3 16 15.1447 27.0868 -11.25 16.5019 27.0499 -11.25 15.5627 27.0068 -11.25
4 16 15.1447 27.0868 -11.25 19.25 28 -11.25 17.4065 27.0759 -11.25 16.5019 27.0499 -11.25
3 16 12.6121 27.0642 -11.25 13.8232 27.0698 -11.25 13.1782 26.7621 -11.25
3 16 19.25 28 -11.25 15.1447 27.0868 -11.25 13.8232 27.0698 -11.25
4 16 13.8232 27.0698 -11.25 12.6121 27.0642 -11.25 11.2261 27.0849 -11.25 19.25 28 -11.25
3 16 10.1038 26.9805 -11.25 10.8206 27.0042 -11.25 10.4188 26.758 -11.25
4 16 10.1038 26.9805 -11.25 9.6717 27.0805 -11.25 11.2261 27.0849 -11.25 10.8206 27.0042 -11.25
3 16 7.0752 27.0646 -11.25 8.2504 27.0618 -11.25 7.6877 26.7645 -11.25
3 16 1.25 28 -11.25 9.6717 27.0805 -11.25 8.2504 27.0618 -11.25
4 16 5.6369 27.0782 -11.25 1.25 28 -11.25 8.2504 27.0618 -11.25 7.0752 27.0646 -11.25
4 16 1.25 28 -11.25 19.25 28 -11.25 11.2261 27.0849 -11.25 9.6717 27.0805 -11.25
3 16 4.4021 27.0444 -11.25 5.3165 27.0137 -11.25 4.9032 26.7589 -11.25
3 16 4.4021 27.0444 -11.25 5.6369 27.0782 -11.25 5.3165 27.0137 -11.25
4 16 3.6906 27.0872 -11.25 1.25 28 -11.25 5.6369 27.0782 -11.25 4.4021 27.0444 -11.25
3 16 1.25 28 -11.25 2.6505 26.2971 -11.25 2.6387 25.0758 -11.25
3 16 18.2964 26.1805 -11.25 19.25 28 -11.25 18.2979 25.1123 -11.25
3 16 18.2153 26.5161 -11.25 19.25 28 -11.25 18.2964 26.1805 -11.25
3 16 1.25 28 -11.25 2.7485 26.589 -11.25 2.6505 26.2971 -11.25
3 16 1.25 28 -11.25 3.0008 26.8762 -11.25 2.7485 26.589 -11.25
3 16 17.912 26.8894 -11.25 19.25 28 -11.25 18.2153 26.5161 -11.25
3 16 17.4065 27.0759 -11.25 19.25 28 -11.25 17.912 26.8894 -11.25
3 16 1.25 28 -11.25 3.3249 27.0302 -11.25 3.0008 26.8762 -11.25
4 16 6.3216 22.0887 -11.25 5.6762 22.1903 -11.25 4.2828 23.3964 -11.25 4.2088 24.3833 -11.25
4 16 14.6921 22.1076 -11.25 6.3216 22.0887 -11.25 4.2088 24.3833 -11.25 16.5755 24.4146 -11.25
4 16 16.5571 23.7503 -11.25 16.3279 23.1254 -11.25 15.909 22.6045 -11.25 15.3372 22.268 -11.25
4 16 16.5571 23.7503 -11.25 15.3372 22.268 -11.25 14.6921 22.1076 -11.25 16.5755 24.4146 -11.25
3 16 17.4964 -2.7834 -8.1965 18.184 -3.349 -8.084 17.4449 -3.349 -8.084
4 16 18.298 0 -8.75 18.184 -3.349 -8.084 17.4964 -2.7834 -8.1965 17.5584 -1.0416 -8.5429
3 16 18.298 0 -8.75 17.5584 -1.0416 -8.5429 17.5855 -0.3586 -8.6787
3 16 18.298 0 -8.75 17.5855 -0.3586 -8.6787 17.5859 0 -8.75
4 16 7.9839 5.8587 -6.4065 9.0429 4.5951 -7.251 8.612 3.349 -8.084 7.2049 3.349 -8.084
4 16 14.8428 4.3997 -7.3817 11.9721 4.6775 -7.196 11.0415 5.9095 -6.3725 13.8765 5.6849 -6.5226
3 16 14.8428 4.3997 -7.3817 13.8765 5.6849 -6.5226 15.8719 5.2721 -6.7985
4 16 17.7739 4.5491 -7.2818 17.6933 3.7731 -7.8005 14.8428 4.3997 -7.3817 15.8719 5.2721 -6.7985
4 16 17.8333 6.187 -6.187 18.508 6.187 -6.187 18.412 3.349 -8.084 17.7739 4.5491 -7.2818
4 16 17.7739 4.5491 -7.2818 18.412 3.349 -8.084 17.709 3.349 -8.084 17.6933 3.7731 -7.8005
4 16 7.9839 5.8587 -6.4065 11.0415 5.9095 -6.3725 11.9721 4.6775 -7.196 9.0429 4.5951 -7.251
4 16 2 6.187 -6.187 2 6.479 -5.75 2.5803 6.479 -5.75 2.5805 6.187 -6.187
4 16 2 3.349 -8.084 2.5827 3.349 -8.084 2.5854 0 -8.75 2 0 -8.75
4 16 2 6.187 -6.187 2.5805 6.187 -6.187 2.5827 3.349 -8.084 2 3.349 -8.084
4 16 1.25 20 -11.25 18.978 20 -11.25 18.978 20 -5.75 1.25 20 -5.75
4 16 17.8333 6.187 -6.187 17.8439 6.479 -5.75 18.518 6.479 -5.75 18.508 6.187 -6.187
4 70 16.0943 8.8054 -5.75 15.9329 9.9186 -5.75 17.963 9.335 -5.75 16.9503 8.9892 -5.75
4 70 2.1261 9.4513 -5.75 2.1245 11.542 -5.75 3.8579 11.5383 -5.75 2.8605 9.7912 -5.75
3 70 3.2499 8.6495 -5.75 3.113 8.896 -5.75 3.4474 8.4897 -5.75
4 70 2.8605 9.7912 -5.75 4.6449 9.1909 -5.75 3.4474 8.4897 -5.75 3.113 8.896 -5.75
3 70 6.1627 8.4817 -5.75 6.149 8.6294 -5.75 6.2469 8.4421 -5.75
4 70 6.1893 9.7429 -5.75 7.324 8.7316 -5.75 6.2469 8.4421 -5.75 6.149 8.6294 -5.75
4 70 2.8605 9.7912 -5.75 3.8579 11.5383 -5.75 6.1893 9.7429 -5.75 4.6449 9.1909 -5.75
3 70 18.0266 11.049 -5.75 17.963 9.335 -5.75 15.9329 9.9186 -5.75
4 70 15.9329 9.9186 -5.75 15.4364 9.44 -5.75 13.3864 9.6102 -5.75 13.3363 9.6767 -5.75
4 70 15.4364 9.44 -5.75 14.8828 9.087 -5.75 14.2734 8.8433 -5.75 13.3864 9.6102 -5.75
4 70 14.2734 8.8433 -5.75 13.6244 8.7034 -5.75 13.2007 8.7131 -5.75 13.3864 9.6102 -5.75
4 70 13.3363 9.6767 -5.75 11.5382 11.0903 -5.75 18.0266 11.049 -5.75 15.9329 9.9186 -5.75
4 70 11.1832 9.452 -5.75 11.5382 11.0903 -5.75 13.3363 9.6767 -5.75 12.3554 9.4117 -5.75
4 70 3.8579 11.5383 -5.75 11.5382 11.0903 -5.75 8.4113 9.2877 -5.75 6.1893 9.7429 -5.75
3 70 8.4113 9.2877 -5.75 7.324 8.7316 -5.75 6.1893 9.7429 -5.75
4 70 10.8764 8.5854 -5.75 10.1934 8.6804 -5.75 9.3052 8.9236 -5.75 11.1832 9.452 -5.75
4 70 8.4113 9.2877 -5.75 11.5382 11.0903 -5.75 11.1832 9.452 -5.75 9.3052 8.9236 -5.75
4 70 11.1832 9.452 -5.75 11.498 8.6924 -5.75 11.4677 8.6086 -5.75 10.8764 8.5854 -5.75
4 80 16.7544 -4.1599 -7.542 14.9922 -4.1871 -7.5238 14.8525 -3.5348 -7.9598 16.0294 -3.5737 -7.9338
3 80 17.5859 0 -8.75 17.0194 0.1609 -8.718 17.601 0.2755 -8.6952
4 80 14.9922 -4.1871 -7.5238 14.1244 -3.9806 -7.6618 14.3308 -3.349 -8.084 14.8525 -3.5348 -7.9598
4 80 12.9302 -3.349 -8.084 14.3308 -3.349 -8.084 14.1244 -3.9806 -7.6618 13.3964 -3.6668 -7.8716
4 80 17.4251 -4.5082 -7.3092 16.7544 -4.1599 -7.542 16.0294 -3.5737 -7.9338 17.4449 -3.349 -8.084
4 80 10.4374 0 -8.75 9.6416 0 -8.75 10.2075 0.714 -8.608 10.7138 0.2791 -8.6945
4 80 11.4662 0.5938 -8.6319 10.7138 0.2791 -8.6945 10.2075 0.714 -8.608 10.915 1.073 -8.5366
4 80 12.3329 0.7414 -8.6026 11.4662 0.5938 -8.6319 10.915 1.073 -8.5366 11.6974 1.2885 -8.4938
4 80 13.4171 0.7387 -8.6031 12.3329 0.7414 -8.6026 11.6974 1.2885 -8.4938 13.2506 1.4019 -8.4712
4 80 14.0733 0.9984 -8.5515 14.366 1.6974 -8.4124 15.3434 1.7656 -8.3989 15.1455 1.1441 -8.5225
4 80 15.1455 1.1441 -8.5225 15.3434 1.7656 -8.3989 16.6127 1.6142 -8.429 16.0706 1.0929 -8.5326
3 80 16.6127 1.6142 -8.429 16.8287 0.89 -8.573 16.0706 1.0929 -8.5326
4 80 16.6127 1.6142 -8.429 17.6452 1.2158 -8.5082 17.6165 0.5468 -8.6413 16.8287 0.89 -8.573
4 80 14.366 1.6974 -8.4124 14.0733 0.9984 -8.5515 13.4171 0.7387 -8.6031 13.2506 1.4019 -8.4712
4 80 12.8523 0.3173 -8.6869 12.6213 0 -8.75 11.9036 0.0805 -8.734 12.3329 0.7414 -8.6026
3 80 12.8523 0.3173 -8.6869 12.3329 0.7414 -8.6026 13.4171 0.7387 -8.6031
3 80 12.6213 0 -8.75 11.6567 0 -8.75 11.9036 0.0805 -8.734
4 80 15.7653 0.5147 -8.6476 13.4531 0 -8.75 13.7013 0.1897 -8.7123 14.4888 0.4724 -8.6561
4 80 17.5859 0 -8.75 13.4531 0 -8.75 15.7653 0.5147 -8.6476 17.0194 0.1609 -8.718
3 80 15.7653 0.5147 -8.6476 16.3326 0.4141 -8.6676 17.0194 0.1609 -8.718
4 80 3.545 24.8358 -11.25 3.3233 25.0575 -11.25 3.3351 26.269 -11.25 4.5717 25.9418 -11.25
3 80 3.3351 26.269 -11.25 3.5332 26.4495 -11.25 4.1888 26.4526 -11.25
4 80 4.3573 26.3763 -11.25 4.5717 25.9418 -11.25 3.3351 26.269 -11.25 4.1888 26.4526 -11.25
3 80 17.5237 24.8931 -11.25 17.3088 24.8317 -11.25 17.6158 25.0773 -11.25
4 80 13.1518 25.8717 -11.25 17.3088 24.8317 -11.25 3.545 24.8358 -11.25 10.4214 25.8806 -11.25
4 80 17.3088 24.8317 -11.25 16.3662 25.9756 -11.25 17.6034 26.2566 -11.25 17.6158 25.0773 -11.25
3 80 17.3065 26.4596 -11.25 17.5224 26.3877 -11.25 17.6034 26.2566 -11.25
4 80 17.6034 26.2566 -11.25 16.3662 25.9756 -11.25 16.6159 26.4361 -11.25 17.3065 26.4596 -11.25
3 80 3.545 24.8358 -11.25 4.5717 25.9418 -11.25 4.9323 25.8783 -11.25
3 80 15.9102 25.8775 -11.25 16.3662 25.9756 -11.25 17.3088 24.8317 -11.25
4 80 4.9323 25.8783 -11.25 5.2953 25.9754 -11.25 7.3052 25.9643 -11.25 3.545 24.8358 -11.25
3 80 7.6235 25.8776 -11.25 3.545 24.8358 -11.25 7.3052 25.9643 -11.25
3 80 15.2671 26.4532 -11.25 15.4051 26.3677 -11.25 15.5844 25.9673 -11.25
3 80 13.7342 26.3611 -11.25 13.874 26.4497 -11.25 13.5702 25.9624 -11.25
4 80 13.874 26.4497 -11.25 15.2671 26.4532 -11.25 15.5844 25.9673 -11.25 13.5702 25.9624 -11.25
3 80 13.1518 25.8717 -11.25 13.5702 25.9624 -11.25 17.3088 24.8317 -11.25
4 80 15.9102 25.8775 -11.25 17.3088 24.8317 -11.25 13.5702 25.9624 -11.25 15.5844 25.9673 -11.25
4 80 5.4291 26.3238 -11.25 5.6061 26.4507 -11.25 6.9779 26.4547 -11.25 5.2953 25.9754 -11.25
4 80 7.1234 26.3688 -11.25 7.3052 25.9643 -11.25 5.2953 25.9754 -11.25 6.9779 26.4547 -11.25
3 80 12.4244 26.4611 -11.25 12.6632 26.3501 -11.25 12.8613 25.9477 -11.25
4 80 12.8613 25.9477 -11.25 10.8243 25.9855 -11.25 11.0852 26.4435 -11.25 12.4244 26.4611 -11.25
3 80 10.8243 25.9855 -11.25 10.955 26.3243 -11.25 11.0852 26.4435 -11.25
4 80 13.1518 25.8717 -11.25 10.4214 25.8806 -11.25 10.8243 25.9855 -11.25 12.8613 25.9477 -11.25
3 80 3.545 24.8358 -11.25 7.6235 25.8776 -11.25 10.4214 25.8806 -11.25
4 80 8.2065 26.353 -11.25 8.4066 26.4578 -11.25 10.0814 25.949 -11.25 8.022 25.948 -11.25
4 80 10.0814 25.949 -11.25 10.4214 25.8806 -11.25 7.6235 25.8776 -11.25 8.022 25.948 -11.25
4 80 8.4066 26.4578 -11.25 9.7775 26.4443 -11.25 9.9081 26.3338 -11.25 10.0814 25.949 -11.25
3 80 14.3308 -3.349 -8.084 12.9302 -3.349 -8.084 14.0115 -3.2353 -8.1066
4 80 12.6841 -3.1813 -8.1174 13.0296 -2.6419 -8.2246 14.0115 -3.2353 -8.1066 12.9302 -3.349 -8.084
4 80 10.2067 -1.8139 -8.3893 10.8426 -1.5168 -8.4484 11.3577 -1.8148 -8.3891 11.0682 -2.3777 -8.2772
3 80 12.6841 -3.1813 -8.1174 12.1828 -2.6917 -8.2147 13.0296 -2.6419 -8.2246
4 80 12.1828 -2.6917 -8.2147 11.0682 -2.3777 -8.2772 11.3577 -1.8148 -8.3891 11.878 -1.9956 -8.3531
4 80 10.8426 -1.5168 -8.4484 10.2067 -1.8139 -8.3893 9.6929 -1.1651 -8.5183 10.4081 -1.0772 -8.5358
4 80 10.2131 -0.3894 -8.6726 10.2244 -0.6765 -8.6155 9.6929 -1.1651 -8.5183 9.5271 -0.609 -8.6289
4 80 9.6416 0 -8.75 10.2131 -0.3894 -8.6726 9.5271 -0.609 -8.6289 9.5295 -0.3441 -8.6816
3 80 9.6416 0 -8.75 10.4374 0 -8.75 10.2131 -0.3894 -8.6726
4 80 11.878 -1.9956 -8.3531 12.9203 -2.0702 -8.3383 13.0296 -2.6419 -8.2246 12.1828 -2.6917 -8.2147
4 80 12.9203 -2.0702 -8.3383 14.6507 -1.8059 -8.3909 14.8215 -2.8972 -8.1738 13.9451 -2.5363 -8.2456
4 80 15.3732 -2.9981 -8.1538 14.8215 -2.8972 -8.1738 14.6507 -1.8059 -8.3909 15.7949 -2.3741 -8.2779
4 80 15.3732 -2.9981 -8.1538 15.7949 -2.3741 -8.2779 16.5438 -2.296 -8.2934 16.4358 -2.9502 -8.1633
4 80 15.7949 -2.3741 -8.2779 14.6507 -1.8059 -8.3909 14.2499 -1.2726 -8.4969 14.1716 -0.3044 -8.6895
3 80 12.938 -0.8544 -8.5801 13.141 -0.3755 -8.6753 13.3508 -1.4455 -8.4625
4 80 13.141 -0.3755 -8.6753 14.1716 -0.3044 -8.6895 14.2499 -1.2726 -8.4969 13.3508 -1.4455 -8.4625
3 80 11.6567 0 -8.75 12.6213 0 -8.75 12.503 -0.1624 -8.7177
4 80 10.9523 -0.3462 -8.6811 11.2548 -0.1311 -8.7239 11.6567 0 -8.75 11.0929 -0.9244 -8.5662
3 80 11.0929 -0.9244 -8.5662 10.8732 -0.5103 -8.6485 10.9523 -0.3462 -8.6811
4 80 12.938 -0.8544 -8.5801 12.4885 -1.4613 -8.4594 11.7371 -1.3029 -8.4909 12.3397 -0.8027 -8.5904
4 80 11.6567 0 -8.75 12.3397 -0.8027 -8.5904 11.7371 -1.3029 -8.4909 11.0929 -0.9244 -8.5662
3 80 13.3508 -1.4455 -8.4625 12.4885 -1.4613 -8.4594 12.938 -0.8544 -8.5801
3 80 11.6567 0 -8.75 12.503 -0.1624 -8.7177 12.3397 -0.8027 -8.5904
3 80 9.6929 -1.1651 -8.5183 10.2244 -0.6765 -8.6155 10.4081 -1.0772 -8.5358
3 80 12.9203 -2.0702 -8.3383 13.9451 -2.5363 -8.2456 13.0296 -2.6419 -8.2246
4 80 14.8739 -0.0951 -8.7311 17.5859 0 -8.75 17.5855 -0.3586 -8.6787 16.2212 -0.7889 -8.5931
3 80 16.6142 -1.2989 -8.4917 17.5584 -1.0416 -8.5429 16.5438 -2.296 -8.2934
4 80 16.4358 -2.9502 -8.1633 16.5438 -2.296 -8.2934 17.5584 -1.0416 -8.5429 17.4964 -2.7834 -8.1965
4 80 16.6142 -1.2989 -8.4917 16.5438 -2.296 -8.2934 14.8739 -0.0951 -8.7311 16.2212 -0.7889 -8.5931
4 80 13.4531 0 -8.75 14.8739 -0.0951 -8.7311 14.1716 -0.3044 -8.6895 13.141 -0.3755 -8.6753
3 80 17.5859 0 -8.75 14.8739 -0.0951 -8.7311 13.4531 0 -8.75
