0 ~Electric Switch: Bottom Part with Side Plugs
0 Name: 4110.dat
0 Author: Javier Orquera [kuramapika1]
0 !LDRAW_ORG Unofficial_Part
0 !LICENSE Licensed under CC BY 4.0 : see CAreadme.txt

0 BFC CERTIFY CCW

0 !HISTORY 2025-04-24 [kuramapika1] Removed unnecessary prims and surfaces

1 16 0 0 0 1 0 0 0 1 0 0 0 1 s\4110s01.dat
1 16 0 0 0 -1 0 0 0 1 0 0 0 1 s\4110s01.dat
1 16 76 10.5 26.5 0 1 0 0 0 4.5 2.5 0 0 rect2p.dat
1 16 -76 10.5 26.5 0 -1 0 0 0 4.5 -2.5 0 0 rect2p.dat
3 16 54 13 93 71 6 93 50 13 93
4 16 46 13 93 50 13 93 71 6 93 7 6 93
3 16 46 13 93 7 6 93 34 13 93
3 16 34 13 93 7 6 93 30 13 93
3 16 30 13 93 7 6 93 26 13 93
3 16 26 13 93 7 6 93 26 17 93
4 16 26 21 93 26 17 93 7 6 93 7 24.5 93
4 16 33 24 93 30 21 93 26 21 93 7 24.5 93
4 16 69 12 93 71 6 93 56 24 93 58 24 93
4 16 54 17 93 54 21 93 56 24 93 71 6 93
3 16 54 13 93 54 17 93 71 6 93
4 16 56 24 93 54 21 93 50 21 93 35 24 93
3 16 50 21 93 46 21 93 35 24 93
3 16 35 24 93 46 21 93 34 21 93
4 16 33 24 93 35 24 93 34 21 93 30 21 93
4 16 58 24.5 93 69 24.5 93 69 12 93 58 24 93
1 16 50 17 93 4 0 0 0 0 -4 0 1 0 4-4ndis.dat
4 16 40 13.5 93 43.5 13.5 93 46 13 93 34 13 93
3 16 36.5 13.5 93 40 13.5 93 34 13 93
4 16 43.5 17 93 43.5 20.5 93 46 21 93 46 17 93
4 16 43.5 17 93 46 17 93 46 13 93 43.5 13.5 93
1 16 40 17 93 3.5 0 0 0 0 3.5 0 1 0 4-4ndis.dat
1 16 40 17 93 3.5 0 0 0 0 3.5 0 1 0 4-4disc.dat
4 16 34 17 93 34 21 93 36.5 20.5 93 36.5 17 93
4 16 34 17 93 36.5 17 93 36.5 13.5 93 34 13 93
3 16 36.5 20.5 93 34 21 93 40 20.5 93
4 16 43.5 20.5 93 40 20.5 93 34 21 93 46 21 93
1 16 30 17 93 4 0 0 0 0 -4 0 1 0 4-4ndis.dat
3 16 3 6 93 -14 13 93 -10 13 93
3 16 3 6 93 -10 13 93 -6 13 93
4 16 -6 17 93 3 24.5 93 3 6 93 -6 13 93
3 16 3 24.5 93 -6 17 93 -6 21 93
3 16 3 24.5 93 -6 21 93 -10 21 93
3 16 3 24.5 93 -10 21 93 -14 21 93
1 16 -10 17 93 4 0 0 0 0 4 0 1 0 4-4ndis.dat
4 16 -20 13.5 93 -16.5 13.5 93 -14 13 93 -26 13 93
3 16 -23.5 13.5 93 -20 13.5 93 -26 13 93
4 16 -14 17 93 -14 13 93 -16.5 13.5 93 -16.5 17 93
4 16 -14 21 93 -14 17 93 -16.5 17 93 -16.5 20.5 93
1 16 -20 17 93 3.5 0 0 0 0 3.5 0 1 0 4-4ndis.dat
1 16 -20 17 93 3.5 0 0 0 0 3.5 0 1 0 4-4disc.dat
4 16 -23.5 13.5 93 -26 13 93 -26 17 93 -23.5 17 93
4 16 -23.5 20.5 93 -23.5 17 93 -26 17 93 -26 21 93
3 16 -23.5 20.5 93 -26 21 93 -20 20.5 93
4 16 -16.5 20.5 93 -20 20.5 93 -26 21 93 -14 21 93
3 16 3 6 93 -26 13 93 -14 13 93
1 16 -30 17 93 4 0 0 0 0 -4 0 1 0 4-4ndis.dat
3 16 3 6 93 -34 13 93 -30 13 93
3 16 3 6 93 -30 13 93 -26 13 93
4 16 -34 13 93 3 6 93 -71 6 93 -46 13 93
4 16 -40 13.5 93 -36.5 13.5 93 -34 13 93 -46 13 93
3 16 -43.5 13.5 93 -40 13.5 93 -46 13 93
4 16 -34 17 93 -34 13 93 -36.5 13.5 93 -36.5 17 93
4 16 -34 21 93 -34 17 93 -36.5 17 93 -36.5 20.5 93
1 16 -40 17 93 3.5 0 0 0 0 3.5 0 1 0 4-4ndis.dat
1 16 -40 17 93 3.5 0 0 0 0 3.5 0 1 0 4-4disc.dat
4 16 -43.5 13.5 93 -46 13 93 -46 17 93 -43.5 17 93
4 16 -43.5 20.5 93 -43.5 17 93 -46 17 93 -46 21 93
3 16 -43.5 20.5 93 -46 21 93 -40 20.5 93
4 16 -36.5 20.5 93 -40 20.5 93 -46 21 93 -34 21 93
4 16 3 24.5 93 -14 21 93 -26 21 93 -69 24.5 93
3 16 -26 21 93 -30 21 93 -69 24.5 93
3 16 -69 24.5 93 -30 21 93 -34 21 93
3 16 -69 24.5 93 -34 21 93 -46 21 93
3 16 -69 24.5 93 -46 21 93 -50 21 93
3 16 -69 24.5 93 -50 21 93 -54 21 93
4 16 -69 24.5 93 -54 21 93 -54 17 93 -69 12 93
3 16 -69 12 93 -54 17 93 -54 13 93
3 16 -50 13 93 -46 13 93 -71 6 93
4 16 -69 12 93 -54 13 93 -50 13 93 -71 6 93
1 16 30 17 97 4 0 0 0 0 4 0 -1 0 4-4ndis.dat
0 BFC INVERTNEXT
1 16 30 17 97 4 0 0 0 0 4 0 -4 0 4-4cylo.dat
1 16 40 17 97 3.5 0 0 0 0 3.5 0 -1 0 4-4ndis.dat
0 BFC INVERTNEXT
1 16 40 17 93.04 3.5 0 0 0 0 3.5 0 3.96 0 4-4cylc.dat
1 16 50 17 97 4 0 0 0 0 4 0 -1 0 4-4ndis.dat
0 BFC INVERTNEXT
1 16 50 17 97 4 0 0 0 0 4 0 -4 0 4-4cylo.dat
3 16 54 21 97 75 24 97 50 21 97
3 16 50 21 97 75 24 97 46 21 97
4 16 75 24 97 54 21 97 54 17 97 75 6 97
3 16 54 17 97 54 13 97 75 6 97
3 16 75 6 97 54 13 97 50 13 97
4 16 40 13.5 97 36.5 13.5 97 34 13 97 46 13 97
3 16 43.5 13.5 97 40 13.5 97 46 13 97
4 16 46 21 97 43.5 20.5 97 43.5 17 97 46 17 97
4 16 46 13 97 46 17 97 43.5 17 97 43.5 13.5 97
4 16 36.5 20.5 97 34 21 97 34 17 97 36.5 17 97
4 16 36.5 13.5 97 36.5 17 97 34 17 97 34 13 97
3 16 43.5 20.5 97 46 21 97 40 20.5 97
4 16 36.5 20.5 97 40 20.5 97 46 21 97 34 21 97
4 16 50 13 97 46 13 97 1 6 97 75 6 97
3 16 1 6 97 46 13 97 34 13 97
3 16 1 6 97 34 13 97 30 13 97
3 16 1 6 97 30 13 97 26 13 97
3 16 1 6 97 26 13 97 26 17 97
4 16 1 6 97 26 17 97 26 21 97 1 24 97
4 16 34 21 97 46 21 97 75 24 97 1 24 97
3 16 34 21 97 1 24 97 30 21 97
3 16 30 21 97 1 24 97 26 21 97
1 16 -50 17 97 4 0 0 0 0 4 0 -1 0 4-4ndis.dat
0 BFC INVERTNEXT
1 16 -50 17 97 4 0 0 0 0 4 0 -4 0 4-4cylo.dat
1 16 -30 17 97 4 0 0 0 0 4 0 -1 0 4-4ndis.dat
0 BFC INVERTNEXT
1 16 -30 17 97 4 0 0 0 0 4 0 -4 0 4-4cylo.dat
4 16 -26 13 97 -14 13 97 -16.5 13.5 97 -20 13.5 97
3 16 -20 13.5 97 -23.5 13.5 97 -26 13 97
4 16 -16.5 13.5 97 -14 13 97 -14 17 97 -16.5 17 97
4 16 -16.5 17 97 -14 17 97 -14 21 97 -16.5 20.5 97
1 16 -20 17 97 3.5 0 0 0 0 3.5 0 -1 0 4-4ndis.dat
0 BFC INVERTNEXT
1 16 -20 17 93.04 3.5 0 0 0 0 3.5 0 3.96 0 4-4cylc.dat
4 16 -26 17 97 -26 13 97 -23.5 13.5 97 -23.5 17 97
4 16 -26 17 97 -23.5 17 97 -23.5 20.5 97 -26 21 97
3 16 -26 21 97 -23.5 20.5 97 -20 20.5 97
4 16 -26 21 97 -20 20.5 97 -16.5 20.5 97 -14 21 97
1 16 -10 17 97 4 0 0 0 0 4 0 -1 0 4-4ndis.dat
0 BFC INVERTNEXT
1 16 -10 17 97 4 0 0 0 0 4 0 -4 0 4-4cylo.dat
4 16 -46 13 97 -34 13 97 -36.5 13.5 97 -40 13.5 97
3 16 -40 13.5 97 -43.5 13.5 97 -46 13 97
4 16 -36.5 13.5 97 -34 13 97 -34 17 97 -36.5 17 97
4 16 -36.5 17 97 -34 17 97 -34 21 97 -36.5 20.5 97
1 16 -40 17 97 3.5 0 0 0 0 3.5 0 -1 0 4-4ndis.dat
0 BFC INVERTNEXT
1 16 -40 17 93.04 3.5 0 0 0 0 3.5 0 3.96 0 4-4cylc.dat
4 16 -46 17 97 -46 13 97 -43.5 13.5 97 -43.5 17 97
4 16 -46 17 97 -43.5 17 97 -43.5 20.5 97 -46 21 97
3 16 -46 21 97 -43.5 20.5 97 -40 20.5 97
4 16 -46 21 97 -40 20.5 97 -36.5 20.5 97 -34 21 97
4 16 -2 6 97 -2 24 97 -6 17 97 -6 13 97
3 16 -6 17 97 -2 24 97 -6 21 97
3 16 -6 21 97 -2 24 97 -10 21 97
3 16 -10 21 97 -2 24 97 -14 21 97
3 16 -14 21 97 -2 24 97 -26 21 97
4 16 -30 21 97 -26 21 97 -2 24 97 -75 24 97
3 16 -30 21 97 -75 24 97 -34 21 97
3 16 -46 21 97 -34 21 97 -75 24 97
4 16 -34 13 97 -46 13 97 -75 6 97 -2 6 97
3 16 -34 13 97 -2 6 97 -30 13 97
3 16 -30 13 97 -2 6 97 -26 13 97
3 16 -26 13 97 -2 6 97 -14 13 97
3 16 -14 13 97 -2 6 97 -10 13 97
3 16 -10 13 97 -2 6 97 -6 13 97
3 16 -50 21 97 -46 21 97 -75 24 97
3 16 -50 21 97 -75 24 97 -54 21 97
4 16 -54 17 97 -54 21 97 -75 24 97 -75 6 97
3 16 -54 17 97 -75 6 97 -54 13 97
3 16 -54 13 97 -75 6 97 -50 13 97
3 16 -50 13 97 -75 6 97 -46 13 97
1 16 -50 17 93 4 0 0 0 0 -4 0 1 0 4-4ndis.dat
1 16 60 36 -20 0 0 -1 0 3 0 76 0 0 box3u2p.dat
1 16 -60 36 -20 0 0 -1 0 3 0 76 0 0 box3u2p.dat
1 16 79 16.8 30 0 0 -1 0 -1 0 -17.5 0 0 rect2p.dat
1 16 79 31.2 30 0 0 -1 0 1 0 17.5 0 0 rect2p.dat
0 BFC INVERTNEXT
1 16 78 24 47.5 0 2 0 -7.2 0 0 0 0 7.2 2-4cylo.dat
0 BFC INVERTNEXT
1 16 78 24 12.5 0 2 0 7.2 0 0 0 0 -7.2 2-4cylo.dat
1 16 78 24 12.5 0 -1 0 4 0 0 0 0 4 2-4ndis.dat
1 16 78 24 47.5 0 -1 0 4 0 0 0 0 -4 2-4ndis.dat
1 16 78 24 12.5 0 -1 0 2 0 0 0 0 -2 2-4ring2.dat
1 16 78 24 12.5 0 -1 0 1.2 0 0 0 0 -1.2 2-4ring5.dat
1 16 78 24 47.5 0 -1 0 2 0 0 0 0 2 2-4ring2.dat
1 16 78 24 47.5 0 -1 0 1.2 0 0 0 0 1.2 2-4ring5.dat
4 16 78 20 43.5 78 18 47.5 78 16.8 47.5 78 16.8 12.5
3 16 78 20 43.5 78 20 47.5 78 18 47.5
4 16 78 20 43.5 78 16.8 12.5 78 18 12.5 78 20 16.5
3 16 78 20 12.5 78 20 16.5 78 18 12.5
4 16 78 28 16.5 78 30 12.5 78 31.2 12.5 78 31.2 47.5
3 16 78 28 16.5 78 28 12.5 78 30 12.5
4 16 78 30 47.5 78 28 43.5 78 28 16.5 78 31.2 47.5
3 16 78 28 47.5 78 28 43.5 78 30 47.5
4 16 78 28 16.5 78 28 43.5 78 24 43.5 78 24 16.5
4 16 78 24 16.5 78 24 43.5 78 20 43.5 78 20 16.5
1 16 -79 16.8 30 0 0 -1 0 -1 0 -17.5 0 0 rect2p.dat
1 16 -79 31.2 30 0 0 -1 0 1 0 17.5 0 0 rect2p.dat
0 BFC INVERTNEXT
1 16 -80 24 47.5 0 2 0 -7.2 0 0 0 0 7.2 2-4cylo.dat
0 BFC INVERTNEXT
1 16 -80 24 12.5 0 2 0 7.2 0 0 0 0 -7.2 2-4cylo.dat
1 16 -78 24 12.5 0 1 0 4 0 0 0 0 4 2-4ndis.dat
1 16 -78 24 47.5 0 1 0 4 0 0 0 0 -4 2-4ndis.dat
1 16 -78 24 12.5 0 1 0 2 0 0 0 0 -2 2-4ring2.dat
1 16 -78 24 12.5 0 1 0 1.2 0 0 0 0 -1.2 2-4ring5.dat
1 16 -78 24 47.5 0 1 0 2 0 0 0 0 2 2-4ring2.dat
1 16 -78 24 47.5 0 1 0 1.2 0 0 0 0 1.2 2-4ring5.dat
4 16 -78 16.8 47.5 -78 18 47.5 -78 20 43.5 -78 16.8 12.5
3 16 -78 20 47.5 -78 20 43.5 -78 18 47.5
4 16 -78 18 12.5 -78 16.8 12.5 -78 20 43.5 -78 20 16.5
3 16 -78 20 16.5 -78 20 12.5 -78 18 12.5
4 16 -78 31.2 12.5 -78 30 12.5 -78 28 16.5 -78 31.2 47.5
3 16 -78 28 12.5 -78 28 16.5 -78 30 12.5
4 16 -78 28 16.5 -78 28 43.5 -78 30 47.5 -78 31.2 47.5
3 16 -78 28 43.5 -78 28 47.5 -78 30 47.5
4 16 -78 24 43.5 -78 28 43.5 -78 28 16.5 -78 24 16.5
4 16 -78 20 43.5 -78 24 43.5 -78 24 16.5 -78 20 16.5
1 16 20.5 24.5 65 4.5 0 0 0 -0.5 0 0 0 5 box4o4a.dat
1 16 -20.5 24.5 65 4.5 0 0 0 -0.5 0 0 0 5 box4o4a.dat
4 16 74.6 30.5 57 74.6 30.5 58 55 30.5 58 54 30.5 57
4 16 72 30.5 55 74.6 30.5 55 74.6 30.5 57 54 30.5 57
4 16 72 30.5 20 39.132 30.5 -17.689 43.688 30.5 -27.92 72 30.5 5
3 16 -16.8 30.5 -22.4 20.861 30.5 -25.824 33.286 30.5 -20.292
4 16 33.286 30.5 -20.292 54 30.5 57 -74 30.5 57 -16.8 30.5 -22.4
4 16 -23.2 30.5 -22.4 -16.8 30.5 -22.4 -74 30.5 57 -74 30.5 3.5
3 16 -36.8 30.5 -22.4 -23.2 30.5 -22.4 -74 30.5 3.5
3 16 -36.8 30.5 -22.4 -74 30.5 3.5 -43.2 30.5 -22.4
4 16 72 30.5 40 72 30.5 55 54 30.5 57 33.286 30.5 -20.292
4 16 72 30.5 20 72 30.5 40 33.286 30.5 -20.292 39.132 30.5 -17.689
3 16 20.861 30.5 -25.824 -16.8 30.5 -22.4 15.015 30.5 -28.427
3 16 74.6 30.5 5 72 30.5 5 43.688 30.5 -27.92
4 16 74.6 30.5 5 43.688 30.5 -27.92 70 30.5 -30.8 74.6 30.5 3.5
3 16 70 30.5 -30.8 43.688 30.5 -27.92 70 30.5 -37
3 16 70 30.5 -37 43.688 30.5 -27.92 70 30.5 -42
3 16 -43.2 30.5 -22.4 -74 30.5 3.5 -70 30.5 -30.8
3 16 -43.2 30.5 -22.4 -70 30.5 -30.8 -70 30.5 -37
3 16 -43.2 30.5 -22.4 -70 30.5 -37 -70 30.5 -42
4 16 74.6 30.5 20 74.6 30.5 40 72 30.5 40 72 30.5 20
4 16 -74 30.5 3.5 -76 30.5 3.5 -76 30.5 -30.8 -70 30.5 -30.8
4 16 76 30.5 -30.8 76 30.5 3.5 74.6 30.5 3.5 70 30.5 -30.8
4 16 52 30.5 -68 70 30.5 -42 43.688 30.5 -27.92 37.841 30.5 -30.524
4 16 70 30.5 -42 52 30.5 -68 52 30.5 -76 58 30.5 -80
4 16 76 30.5 -42 70 30.5 -42 72 30.5 -76 76 30.5 -76
4 16 72 30.5 -76 70 30.5 -42 58 30.5 -80 64 30.5 -80
3 16 72 30.5 -76 64 30.5 -80 72 30.5 -80
4 16 64 30.5 -92 72 30.5 -84 72 30.5 -80 64 30.5 -80
4 16 64 30.5 -92 76 30.5 -96 76 30.5 -84 72 30.5 -84
4 16 4 30.5 -42 -4 30.5 -42 -4 30.5 -76 4 30.5 -76
1 16 0 30.5 -78 0 0 4 0 -2 0 2 0 0 box5.dat
4 16 4 30.5 -94 4 30.5 -80 -4 30.5 -80 -4 30.5 -94
1 16 0 20.5 -96 0 0 3 3.5 0 0 0 1 0 rect.dat
4 16 -4 17 -94 -3 17 -96 3 17 -96 4 17 -94
3 16 4 17 -94 3 17 -96 4 17 -96
3 16 -4 17 -96 -3 17 -96 -4 17 -94
1 16 0 23.75 -96 0 0 4 6.75 0 0 0 2 0 box3u4a.dat
1 16 0 24 -97 0 0 3 0 1 0 1 0 0 rect2p.dat
3 16 3 24 -98 -3 24 -98 0 24 -100
1 16 4 25.65 -39.5 0 -1 0 0 0 4.85 -2.5 0 0 rect2a.dat
1 16 -4 25.65 -39.5 0 1 0 4.85 0 0 0 0 -2.5 rect2a.dat
4 16 4 30.5 -42 4 20.8 -42 -4 20.8 -42 -4 30.5 -42
4 16 2 16 -40 -2 16 -40 -4 20.8 -42 4 20.8 -42
1 16 0 16 -35.4 0 0 2 0 1 0 -4.6 0 0 rect.dat
4 16 4 20.8 -37 4 20.8 -30.8 2 16 -30.8 2 16 -40
3 16 4 20.8 -42 4 20.8 -37 2 16 -40
2 24 2 16 -30.8 4 20.8 -30.8
2 24 2 16 -40 4 20.8 -42
2 24 4 20.8 -42 4 20.8 -37
3 16 -4 20.8 -37 -4 20.8 -42 -2 16 -40
4 16 -4 20.8 -37 -2 16 -40 -2 16 -30.8 -4 20.8 -30.8
2 24 -2 16 -30.8 -4 20.8 -30.8
2 24 -2 16 -40 -4 20.8 -42
2 24 -4 20.8 -42 -4 20.8 -37
0 BFC INVERTNEXT
1 16 0 36 -33.9 4 0 0 0 -5.5 0 0 0 3.1 box4o4a.dat
2 24 4 30.5 -37 4 30.5 -30.8
2 24 -4 30.5 -37 -4 30.5 -30.8
2 24 4 30.5 -30.8 -4 30.5 -30.8
1 16 0 25.65 -37 0 0 4 4.85 0 0 0 -1 0 rect2p.dat
1 16 0 20.8 -33.9 0 0 4 0 -1 0 3.1 0 0 rect.dat
4 16 -4 20.8 -30.8 -2 16 -30.8 2 16 -30.8 4 20.8 -30.8
2 24 4 20.8 -42 -4 20.8 -42
2 24 -4 30.5 -42 4 30.5 -42
4 16 4 30.5 -76 28 30.5 -68 19.57 30.5 -38.658 4 30.5 -42
4 16 19.57 30.5 -38.658 28 30.5 -68 52 30.5 -68 25.417 30.5 -36.055
3 16 25.417 30.5 -36.055 52 30.5 -68 33.62463 30.5 -42.68974
3 16 33.62463 30.5 -42.68974 52 30.5 -68 37.27881 30.5 -41.0628
4 16 36.26197 30.5 -38.77894 37.27881 30.5 -41.0628 52 30.5 -68 37.841 30.5 -30.524
4 16 32.60784 30.5 -40.40586 36.26197 30.5 -38.77894 37.841 30.5 -30.524 34.22834 30.5 -34.21119
4 16 34.22834 30.5 -34.21119 37.841 30.5 -30.524 33.286 30.5 -20.292 33.2115 30.5 -31.92732
3 16 33.2115 30.5 -31.92732 33.286 30.5 -20.292 29.55732 30.5 -33.55428
3 16 29.55732 30.5 -33.55428 25.417 30.5 -36.055 30.57416 30.5 -35.83814
3 16 30.57416 30.5 -35.83814 25.417 30.5 -36.055 32.60784 30.5 -40.40586
3 16 30.57416 30.5 -35.83814 32.60784 30.5 -40.40586 34.22834 30.5 -34.21119
3 16 25.417 30.5 -36.055 33.62463 30.5 -42.68974 32.60784 30.5 -40.40586
4 16 29.55732 30.5 -33.55428 33.286 30.5 -20.292 20.861 30.5 -25.824 25.417 30.5 -36.055
4 16 15.015 30.5 -28.427 -16.8 30.5 -22.4 -4 30.5 -30.8 4 30.5 -30.8
4 16 -4 30.5 -37 -4 30.5 -30.8 -16.8 30.5 -22.4 -16.8 30.5 -33.6
4 16 4 30.5 -42 19.57 30.5 -38.658 15.015 30.5 -28.427 4 30.5 -37
3 16 4 30.5 -37 15.015 30.5 -28.427 4 30.5 -30.8
1 16 -70 30.5 -88 0 0 6 0 1 0 -6 0 2 rect2p.dat
3 16 -76 30.5 -84 -64 30.5 -80 -76 30.5 -76
3 16 -76 30.5 -76 -64 30.5 -80 -76 30.5 -42
4 16 -70 30.5 -42 -76 30.5 -42 -64 30.5 -80 -58 30.5 -80
4 16 -58 30.5 -80 -52 30.5 -76 -52 30.5 -68 -70 30.5 -42
4 16 -43.2 30.5 -22.4 -70 30.5 -42 -52 30.5 -68 -43.2 30.5 -33.6
4 16 -32 30.5 -43 -43.2 30.5 -33.6 -52 30.5 -68 -28 30.5 -68
3 16 -32 30.5 -43 -28 30.5 -68 -28 30.5 -43
4 16 -4 30.5 -76 -4 30.5 -42 -28 30.5 -43 -28 30.5 -68
4 16 -16.8 30.5 -33.6 -28 30.5 -43 -4 30.5 -42 -4 30.5 -37
4 16 -28 30.5 -40.5 -28 30.5 -43 -16.8 30.5 -33.6 -23.2 30.5 -33.6
4 16 -32 30.5 -40.5 -28 30.5 -40.5 -23.2 30.5 -33.6 -28 30.5 -35.5
3 16 -32 30.5 -40.5 -28 30.5 -35.5 -32 30.5 -35.5
3 16 -32 30.5 -40.5 -32 30.5 -35.5 -36.8 30.5 -33.6
4 16 -32 30.5 -43 -32 30.5 -40.5 -36.8 30.5 -33.6 -43.2 30.5 -33.6
4 16 -32 30.5 -35.5 -32 30.5 -33 -36.8 30.5 -22.4 -36.8 30.5 -33.6
4 16 -36.8 30.5 -22.4 -32 30.5 -33 -28 30.5 -33 -23.2 30.5 -22.4
4 16 -23.2 30.5 -22.4 -28 30.5 -33 -28 30.5 -35.5 -23.2 30.5 -33.6
3 16 -43.201 22.244 -33.17 -43.201 22.744 -30.83 -43.2 23.5 -31.2
4 16 -43.2 25.5 -31.2 -43.2 30.5 -33.6 -43.201 22.244 -33.17 -43.2 23.5 -31.2
3 16 -43.2 30.5 -33.6 -43.2 25.5 -31.2 -43.2 29.5 -31.2
1 16 -40.0005 26.372 -33.385 -3.2 0 .0005 0 1 4.128 0 0 -.215 rect3.dat
3 16 -36.801 22.244 -33.17 -36.8 23.5 -31.2 -36.801 22.744 -30.83
4 16 -36.801 22.244 -33.17 -36.8 30.5 -33.6 -36.8 25.5 -31.2 -36.8 23.5 -31.2
3 16 -36.8 25.5 -31.2 -36.8 30.5 -33.6 -36.8 29.5 -31.2
1 16 -40.0005 23.122 -31.015 .0005 0 -3.2 .378 -1 0 -.185 0 0 rect2p.dat
1 16 -40 24.5 -31.2 -3.2 0 0 0 0 -1 0 -1 0 rect3.dat
4 16 -36.8 30.5 -22.4 -36.8 29.5 -24.8 -36.8 29.5 -28 -36.8 30.5 -33.6
3 16 -36.8 29.5 -28 -36.8 29.5 -31.2 -36.8 30.5 -33.6
3 16 -43.2 30.5 -33.6 -43.2 29.5 -31.2 -43.2 29.5 -28
4 16 -43.2 30.5 -33.6 -43.2 29.5 -28 -43.2 29.5 -24.8 -43.2 30.5 -22.4
4 16 -36.8 25.5 -24.8 -36.8 30.5 -22.4 -36.799 22.244 -22.83 -36.8 23.5 -24.8
3 16 -36.799 22.244 -22.83 -36.799 22.744 -25.17 -36.8 23.5 -24.8
3 16 -36.8 30.5 -22.4 -36.8 25.5 -24.8 -36.8 29.5 -24.8
1 16 -39.9995 26.372 -22.615 3.2 0 -.0005 0 1 4.128 0 0 .215 rect3.dat
4 16 -43.2 25.5 -24.8 -43.2 23.5 -24.8 -43.199 22.244 -22.83 -43.2 30.5 -22.4
3 16 -43.2 25.5 -24.8 -43.2 30.5 -22.4 -43.2 29.5 -24.8
3 16 -43.199 22.244 -22.83 -43.2 23.5 -24.8 -43.199 22.744 -25.17
1 16 -39.9995 23.122 -24.985 -3.2 0 -.0005 0 -1 .378 0 0 .185 rect3.dat
1 16 -40 24.5 -24.8 0 0 3.2 1 0 0 0 1 0 rect2p.dat
3 16 -23.201 22.244 -33.17 -23.201 22.744 -30.83 -23.2 23.5 -31.2
4 16 -23.2 25.5 -31.2 -23.2 30.5 -33.6 -23.201 22.244 -33.17 -23.2 23.5 -31.2
3 16 -23.2 30.5 -33.6 -23.2 25.5 -31.2 -23.2 29.5 -31.2
1 16 -20.0005 26.372 -33.385 -3.2 0 .0005 0 1 4.128 0 0 -.215 rect3.dat
4 16 -16.8 25.5 -31.2 -16.8 23.5 -31.2 -16.801 22.244 -33.17 -16.8 30.5 -33.6
3 16 -16.801 22.244 -33.17 -16.8 23.5 -31.2 -16.801 22.744 -30.83
3 16 -16.8 25.5 -31.2 -16.8 30.5 -33.6 -16.8 29.5 -31.2
4 16 -16.8 23.5 -31.2 -23.2 23.5 -31.2 -23.201 22.744 -30.83 -16.801 22.744 -30.83
2 24 -16.8 23.5 -31.2 -16.801 22.744 -30.83
2 24 -23.201 22.744 -30.83 -23.2 23.5 -31.2
1 16 -20 24.5 -31.2 -3.2 0 0 0 0 -1 0 -1 0 rect3.dat
4 16 -16.8 30.5 -22.4 -16.8 29.5 -24.8 -16.8 29.5 -28 -16.8 30.5 -33.6
3 16 -16.8 29.5 -28 -16.8 29.5 -31.2 -16.8 30.5 -33.6
3 16 -23.2 30.5 -33.6 -23.2 29.5 -31.2 -23.2 29.5 -28
4 16 -23.2 30.5 -33.6 -23.2 29.5 -28 -23.2 29.5 -24.8 -23.2 30.5 -22.4
4 16 -16.8 25.5 -24.8 -16.8 30.5 -22.4 -16.799 22.244 -22.83 -16.8 23.5 -24.8
3 16 -16.799 22.244 -22.83 -16.799 22.744 -25.17 -16.8 23.5 -24.8
3 16 -16.8 30.5 -22.4 -16.8 25.5 -24.8 -16.8 29.5 -24.8
1 16 -19.9995 26.372 -22.615 3.2 0 -.0005 0 1 4.128 0 0 .215 rect3.dat
4 16 -23.199 22.244 -22.83 -23.2 30.5 -22.4 -23.2 25.5 -24.8 -23.2 23.5 -24.8
3 16 -23.2 25.5 -24.8 -23.2 30.5 -22.4 -23.2 29.5 -24.8
3 16 -23.199 22.244 -22.83 -23.2 23.5 -24.8 -23.199 22.744 -25.17
1 16 -19.9995 23.122 -24.985 -3.2 0 -.0005 0 -1 .378 0 0 .185 rect3.dat
1 16 -20 24.5 -24.8 0 0 3.2 1 0 0 0 1 0 rect2p.dat
3 16 19.395 22.244 -38.266 18.443 22.744 -36.128 18.594 23.5 -36.466
4 16 19.395 22.244 -38.266 18.594 23.5 -36.466 18.594 25.5 -36.466 19.57 30.5 -38.658
3 16 19.57 30.5 -38.658 18.594 25.5 -36.466 18.594 29.5 -36.466
4 16 19.395 22.244 -38.266 19.57 30.5 -38.658 25.417 30.5 -36.055 25.241 22.244 -35.663
3 16 25.241 22.244 -35.663 24.441 23.5 -33.863 24.289 22.744 -33.525
4 16 25.241 22.244 -35.663 25.417 30.5 -36.055 24.44025 25.5 -33.86224 24.441 23.5 -33.863
3 16 24.44025 25.5 -33.86224 25.417 30.5 -36.055 24.44025 29.5 -33.86224
4 16 18.443 22.744 -36.128 24.289 22.744 -33.525 24.441 23.5 -33.863 18.594 23.5 -36.466
4 16 24.441 23.5 -33.863 24.44025 25.5 -33.86224 18.594 25.5 -36.466 18.594 23.5 -36.466
4 16 20.861 30.5 -25.824 21.83713 29.5 -28.01554 23.13869 29.5 -30.93889 25.417 30.5 -36.055
3 16 23.13869 29.5 -30.93889 24.44025 29.5 -33.86224 25.417 30.5 -36.055
3 16 19.57 30.5 -38.658 18.594 29.5 -36.466 17.292 29.5 -33.542
4 16 19.57 30.5 -38.658 17.292 29.5 -33.542 15.991 29.5 -30.619 15.015 30.5 -28.427
4 16 21.83713 25.5 -28.01554 20.861 30.5 -25.824 21.037 22.244 -26.216 21.838 23.5 -28.016
3 16 21.037 22.244 -26.216 21.98857 22.744 -28.35374 21.838 23.5 -28.016
3 16 20.861 30.5 -25.824 21.83713 25.5 -28.01554 21.83713 29.5 -28.01554
4 16 15.015 30.5 -28.427 15.19012 22.244 -28.81915 21.03681 22.244 -26.21604 20.861 30.5 -25.824
4 16 15.19012 22.244 -28.81915 15.015 30.5 -28.427 15.991 25.5 -30.619 15.991 23.5 -30.619
3 16 15.991 25.5 -30.619 15.015 30.5 -28.427 15.991 29.5 -30.619
3 16 15.19012 22.244 -28.81915 15.991 23.5 -30.619 16.14188 22.744 -30.95685
4 16 21.98857 22.744 -28.35374 16.14188 22.744 -30.95685 15.991 23.5 -30.619 21.838 23.5 -28.016
4 16 15.991 23.5 -30.619 15.991 25.5 -30.619 21.83713 25.5 -28.01554 21.838 23.5 -28.016
3 16 37.66519 22.244 -30.13096 36.71343 22.744 -27.99326 36.865 23.5 -28.331
4 16 36.865 25.5 -28.331 37.841 30.5 -30.524 37.66519 22.244 -30.13096 36.865 23.5 -28.331
3 16 37.841 30.5 -30.524 36.865 25.5 -28.331 36.865 29.5 -28.331
4 16 37.66519 22.244 -30.13096 37.841 30.5 -30.524 43.688 30.5 -27.92 43.51188 22.244 -27.52785
3 16 43.51188 22.244 -27.52785 42.712 23.5 -25.728 42.56012 22.744 -25.39015
4 16 43.51188 22.244 -27.52785 43.688 30.5 -27.92 42.712 25.5 -25.728 42.712 23.5 -25.728
3 16 42.712 25.5 -25.728 43.688 30.5 -27.92 42.712 29.5 -25.728
4 16 42.56012 22.744 -25.39015 42.712 23.5 -25.728 36.865 23.5 -28.331 36.71343 22.744 -27.99326
2 24 42.712 23.5 -25.728 42.56012 22.744 -25.39015
2 24 36.71343 22.744 -27.99326 36.865 23.5 -28.331
1 16 39.7885 24.5 -27.0295 0 1 2.9235 -1 0 0 0 0 1.3015 rect1.dat
4 16 39.132 30.5 -17.689 40.108 29.5 -19.881 41.41 29.5 -22.805 43.688 30.5 -27.92
3 16 41.41 29.5 -22.805 42.712 29.5 -25.728 43.688 30.5 -27.92
3 16 37.841 30.5 -30.524 36.865 29.5 -28.331 35.563 29.5 -25.408
4 16 37.841 30.5 -30.524 35.563 29.5 -25.408 34.262 29.5 -22.484 33.286 30.5 -20.292
4 16 40.108 25.5 -19.881 39.132 30.5 -17.689 39.30781 22.244 -18.08104 40.108 23.5 -19.881
3 16 39.30781 22.244 -18.08104 40.25957 22.744 -20.21874 40.108 23.5 -19.881
3 16 39.132 30.5 -17.689 40.108 25.5 -19.881 40.108 29.5 -19.881
4 16 39.30781 22.244 -18.08104 39.132 30.5 -17.689 33.286 30.5 -20.292 33.46112 22.244 -20.68415
4 16 34.262 25.5 -22.484 34.262 23.5 -22.484 33.46112 22.244 -20.68415 33.286 30.5 -20.292
3 16 34.262 25.5 -22.484 33.286 30.5 -20.292 34.262 29.5 -22.484
3 16 33.46112 22.244 -20.68415 34.262 23.5 -22.484 34.41288 22.744 -22.82185
4 16 40.25957 22.744 -20.21874 34.41288 22.744 -22.82185 34.262 23.5 -22.484 40.108 23.5 -19.881
1 16 37.185 24.5 -21.1825 2.923 -1 0 0 0 -1 1.3015 0 0 rect2a.dat
1 16 29 30.5 51 4 0 0 0 -6.5 0 0 0 -4 4-4cylo.dat
1 16 29 24 51 2 0 0 0 1 0 0 0 -2 4-4ring1.dat
1 16 29 22 51 2 0 0 0 2 0 0 0 -2 4-4cylc.dat
1 16 29 30.5 42 4 0 0 0 -6.5 0 0 0 -4 4-4cylo.dat
1 16 29 24 42 2 0 0 0 1 0 0 0 -2 4-4ring1.dat
1 16 29 22 42 2 0 0 0 2 0 0 0 -2 4-4cylc.dat
1 16 -14 26.5 36 4 0 0 0 4 0 0 0 -4 4-4cylc.dat
1 16 -14 26.5 16 4 0 0 0 4 0 0 0 -4 4-4cylc.dat
1 16 -40 20.5 36 4 0 0 0 10 0 0 0 -4 4-4cylc.dat
1 16 -50 26.5 -4 4 0 0 0 4 0 0 0 -4 4-4cylc.dat
1 16 40 26.5 -4 4 0 0 0 4 0 0 0 -4 4-4cylc.dat
1 16 -36.801 22.494 -32 0 -6.4 0 -.25 0 -1.17 -1.17 0 .25 2-4cylo.dat
1 16 -36.801 22.494 -32 0 0 .00001 -.25 -1 -1.17 -1.17 0 .25 2-4chrd.dat
1 16 -43.201 22.494 -32 0 0 .00001 -.25 1 -1.17 -1.17 0 .25 2-4chrd.dat
1 16 -36.8 25.5 -28 0 -1 0 0 0 4 3.2 0 0 2-4ndis.dat
0 BFC INVERTNEXT
1 16 -43.2 25.5 -28 0 6.4 0 0 0 4 3.2 0 0 2-4cylo.dat
1 16 -43.2 25.5 -28 0 1 0 0 0 4 3.2 0 0 2-4ndis.dat
1 16 -43.199 22.494 -24 0 6.4 0 -.25 0 -1.17 1.17 0 -.25 2-4cylo.dat
1 16 -43.199 22.494 -24 0 0 -.00001 -.25 -1 -1.17 1.17 0 -.25 2-4chrd.dat
1 16 -36.799 22.494 -24 0 0 -.00001 -.25 1 -1.17 1.17 0 -.25 2-4chrd.dat
1 16 -32 30.5 -38 0 4 0 0 0 -5 5 0 0 7-16cylo.dat
1 16 -32 30.5 -38 0 1 0 0 0 -2.5 2.5 0 0 7-16rin1.dat
1 16 -28 30.5 -38 0 -1 0 0 0 -2.5 2.5 0 0 7-16rin1.dat
0 BFC INVERTNEXT
1 16 -32 30.5 -38 0 4 0 0 0 -2.5 2.5 0 0 7-16cylo.dat
1 16 -30 29.54325 -41.55976 -2 0 0 0 -1 0 0 0 1.25001 rect3.dat
1 16 -30 29.064875 -42.714635 -2 0 0 0 1 .478375 0 0 -.095135 rect3.dat
3 16 -28 29.54325 -40.30975 -28 28.5865 -42.6195 -28 29.54325 -42.80977
3 16 -32 28.5865 -42.6195 -32 29.54325 -40.30975 -32 29.54325 -42.80977
0 BFC INVERTNEXT
1 16 -30 36 -41.75 2 0 0 0 -5.5 0 0 0 1.25 box4.dat
1 16 -16.801 22.494 -32 0 -6.4 0 -.25 0 -1.17 -1.17 0 .25 2-4cylo.dat
3 16 -23.201 21.324 -31.75 -23.201 21.508712 -31.321266 -23.201 21.317362 -32.216784
4 16 -23.201 21.317362 -32.216784 -23.201 21.508712 -31.321266 -23.201 21.843468 -30.995918 -23.201 21.489918 -32.650532
4 16 -23.201 21.843468 -30.995918 -23.201 22.277216 -30.823362 -23.201 21.815266 -32.985288 -23.201 21.489918 -32.650532
4 16 -23.201 21.815266 -32.985288 -23.201 22.277216 -30.823362 -23.201 22.744 -30.83 -23.201 22.244 -33.17
3 16 -16.801 21.324 -31.75 -16.801 21.317362 -32.216784 -16.801 21.508712 -31.321266
4 16 -16.801 21.508712 -31.321266 -16.801 21.317362 -32.216784 -16.801 21.489918 -32.650532 -16.801 21.843468 -30.995918
4 16 -16.801 22.277216 -30.823362 -16.801 21.843468 -30.995918 -16.801 21.489918 -32.650532 -16.801 21.815266 -32.985288
4 16 -16.801 22.277216 -30.823362 -16.801 21.815266 -32.985288 -16.801 22.244 -33.17 -16.801 22.744 -30.83
1 16 -16.8 25.5 -28 0 -1 0 0 0 4 3.2 0 0 2-4ndis.dat
0 BFC INVERTNEXT
1 16 -23.2 25.5 -28 0 6.4 0 0 0 4 3.2 0 0 2-4cylo.dat
1 16 -23.2 25.5 -28 0 1 0 0 0 4 3.2 0 0 2-4ndis.dat
1 16 -23.199 22.494 -24 0 6.4 0 -.25 0 -1.17 1.17 0 -.25 2-4cylo.dat
3 16 -23.199 21.324 -24.25 -23.199 21.317362 -23.783216 -23.199 21.508712 -24.678734
4 16 -23.199 21.317362 -23.783216 -23.199 21.489918 -23.349468 -23.199 21.843468 -25.004082 -23.199 21.508712 -24.678734
4 16 -23.199 21.843468 -25.004082 -23.199 21.489918 -23.349468 -23.199 21.815266 -23.014712 -23.199 22.277216 -25.176638
4 16 -23.199 21.815266 -23.014712 -23.199 22.244 -22.83 -23.199 22.744 -25.17 -23.199 22.277216 -25.176638
3 16 -16.799 21.324 -24.25 -16.799 21.508712 -24.678734 -16.799 21.317362 -23.783216
4 16 -16.799 21.508712 -24.678734 -16.799 21.843468 -25.004082 -16.799 21.489918 -23.349468 -16.799 21.317362 -23.783216
4 16 -16.799 21.843468 -25.004082 -16.799 22.277216 -25.176638 -16.799 21.815266 -23.014712 -16.799 21.489918 -23.349468
4 16 -16.799 22.277216 -25.176638 -16.799 22.744 -25.17 -16.799 22.244 -22.83 -16.799 21.815266 -23.014712
1 16 24.765 22.494 -34.594 .476 -5.846 -.10004 -.25 0 -1.17 -1.069 -2.603 .22912 2-4cylo.dat
3 16 18.81896 21.324 -36.96788 18.644407844 21.508712 -36.576209732 19.008738244 21.317362 -37.394422332
4 16 18.644407844 21.508712 -36.576209732 18.511682116 21.843468 -36.279099348 19.184841316 21.489918 -37.790879148 19.008738244 21.317362 -37.394422332
4 16 19.320491092 21.815266 -38.096964876 19.184841316 21.489918 -37.790879148 18.511682116 21.843468 -36.279099348 18.440938292 22.277216 -36.121666676
4 16 18.440938292 22.277216 -36.121666676 18.443 22.744 -36.128 19.395 22.244 -38.266 19.320491092 21.815266 -38.096964876
3 16 24.66496 21.324 -34.36488 24.854738244 21.317362 -34.791422332 24.490407844 21.508712 -33.973209732
4 16 24.854738244 21.317362 -34.791422332 25.030841316 21.489918 -35.187879148 24.357682116 21.843468 -33.676099348 24.490407844 21.508712 -33.973209732
4 16 25.030841316 21.489918 -35.187879148 25.166491092 21.815266 -35.493964876 24.286938292 22.277216 -33.518666676 24.357682116 21.843468 -33.676099348
4 16 25.166491092 21.815266 -35.493964876 25.241 22.244 -35.663 24.289 22.744 -33.525 24.286938292 22.277216 -33.518666676
1 16 23.13869 25.5 -30.93889 -1.30156 -1 0 0 0 4 2.92335 0 0 2-4ndis.dat
0 BFC INVERTNEXT
1 16 17.292 25.5 -33.542 -1.30156 5.84669 0 0 0 4 2.92335 2.60311 0 2-4cylo.dat
1 16 17.292 25.5 -33.542 -1.30156 1 0 0 0 4 2.92335 0 0 2-4ndis.dat
1 16 15.666 22.494 -29.888 -.47588 5.84669 .10168 -.25 0 -1.17 1.06885 2.60311 -.22839 2-4cylo.dat
4 16 15.19012 22.244 -28.81915 16.14188 22.744 -30.95685 16.144578468 22.277216 -30.962915368 15.265247404 21.815266 -28.987894338
4 16 15.40140318 21.489918 -29.293710734 15.265247404 21.815266 -28.987894338 16.144578468 22.277216 -30.962915368 16.074392676 21.843468 -30.805278404
4 16 15.40140318 21.489918 -29.293710734 16.074392676 21.843468 -30.805278404 15.942061428 21.508712 -30.508058416 15.577822876 21.317362 -29.689960626
3 16 15.577822876 21.317362 -29.689960626 15.942061428 21.508712 -30.508058416 15.76768 21.324 -30.11639
3 16 21.61437 21.324 -27.51328 21.788751428 21.508712 -27.904948416 21.424512876 21.317362 -27.086850626
4 16 21.788751428 21.508712 -27.904948416 21.921082676 21.843468 -28.202168404 21.24809318 21.489918 -26.690600734 21.424512876 21.317362 -27.086850626
4 16 21.921082676 21.843468 -28.202168404 21.991268468 22.277216 -28.359805368 21.111937404 21.815266 -26.384784338 21.24809318 21.489918 -26.690600734
4 16 21.991268468 22.277216 -28.359805368 21.98857 22.744 -28.35374 21.03681 22.244 -26.21604 21.111937404 21.815266 -26.384784338
1 16 31.591 30.5 -38.122 -2.03368 3.65418 0 0 0 -5 4.56773 1.62695 0 7-16cylo.dat
1 16 31.591 30.5 -38.122 -1.01684 1 0 0 0 -2.5 2.28386 0 0 7-16rin1.dat
1 16 35.24518 30.5 -36.49506 -1.01684 -1 0 0 0 -2.5 2.28386 0 0 7-16rin1.dat
0 BFC INVERTNEXT
1 16 31.591 30.5 -38.122 -1.01684 3.65418 0 0 0 -2.5 2.28386 1.62695 0 7-16cylo.dat
4 16 37.12409695 28.5865 -40.71517575 33.46991695 28.5865 -42.34212575 33.5473 29.5433 -42.5159 37.2015 29.54335 -40.8889
4 16 33.5473 29.5433 -42.5159 32.530458476 29.54325 -40.232058254 36.184638476 29.54325 -38.605118254 37.2015 29.54335 -40.8889
3 16 36.184638476 29.54325 -38.605118254 37.124096952 28.5865 -40.715175747 37.2015 29.54335 -40.8889
3 16 33.469916952 28.5865 -42.342125747 32.530458476 29.54325 -40.232058254 33.5473 29.5433 -42.5159
0 BFC INVERTNEXT
1 16 34.9433 36 -40.73434 1.82709 0 -.50842 0 -5.5 0 .81347 0 1.14193 box4.dat
1 16 43.036 22.494 -26.459 .47588 -5.84669 -.10168 -.25 0 -1.17 -1.06885 -2.60311 .22839 2-4cylo.dat
3 16 37.08763 21.324 -28.83372 36.913248572 21.508712 -28.442051584 37.277487124 21.317362 -29.260149374
4 16 36.780917324 21.843468 -28.144831596 37.45390682 21.489918 -29.656399266 37.277487124 21.317362 -29.260149374 36.913248572 21.508712 -28.442051584
4 16 37.45390682 21.489918 -29.656399266 36.780917324 21.843468 -28.144831596 36.710731532 22.277216 -27.987194632 37.590062596 21.815266 -29.962215662
4 16 36.710731532 22.277216 -27.987194632 36.71343 22.744 -27.99326 37.66519 22.244 -30.13096 37.590062596 21.815266 -29.962215662
3 16 42.93432 21.324 -26.23061 43.124177124 21.317362 -26.657039374 42.759938572 21.508712 -25.838941584
4 16 43.124177124 21.317362 -26.657039374 43.30059682 21.489918 -27.053289266 42.627607324 21.843468 -25.541721596 42.759938572 21.508712 -25.838941584
4 16 43.30059682 21.489918 -27.053289266 43.436752596 21.815266 -27.359105662 42.557421532 22.277216 -25.384084632 42.627607324 21.843468 -25.541721596
4 16 43.436752596 21.815266 -27.359105662 43.51188 22.244 -27.52785 42.56012 22.744 -25.39015 42.557421532 22.277216 -25.384084632
1 16 41.41 25.5 -22.805 -1.30156 -1 0 0 0 4 2.92335 0 0 2-4ndis.dat
0 BFC INVERTNEXT
1 16 35.563 25.5 -25.408 -1.30156 5.84669 0 0 0 4 2.92335 2.60311 0 2-4cylo.dat
1 16 35.563 25.5 -25.408 -1.30156 1 0 0 0 4 2.92335 0 0 2-4ndis.dat
1 16 33.937 22.494 -21.753 -.47588 5.84669 .10168 -.25 0 -1.17 1.06885 2.60311 -.22839 2-4cylo.dat
3 16 34.03868 21.324 -21.98139 33.848822876 21.317362 -21.554960626 34.213061428 21.508712 -22.373058416
4 16 33.67240318 21.489918 -21.158710734 34.345392676 21.843468 -22.670278404 34.213061428 21.508712 -22.373058416 33.848822876 21.317362 -21.554960626
4 16 34.345392676 21.843468 -22.670278404 33.67240318 21.489918 -21.158710734 33.536247404 21.815266 -20.852894338 34.415578468 22.277216 -22.827915368
4 16 34.415578468 22.277216 -22.827915368 33.536247404 21.815266 -20.852894338 33.46112 22.244 -20.68415 34.41288 22.744 -22.82185
3 16 39.88537 21.324 -19.37828 40.059751428 21.508712 -19.769948416 39.695512876 21.317362 -18.951850626
4 16 39.695512876 21.317362 -18.951850626 40.059751428 21.508712 -19.769948416 40.192082676 21.843468 -20.067168404 39.51909318 21.489918 -18.555600734
4 16 39.51909318 21.489918 -18.555600734 40.192082676 21.843468 -20.067168404 40.262268468 22.277216 -20.224805368 39.382937404 21.815266 -18.249784338
4 16 39.382937404 21.815266 -18.249784338 40.262268468 22.277216 -20.224805368 40.25957 22.744 -20.21874 39.30781 22.244 -18.08104
1 16 -75 27.25 3.5 -1 0 0 0 0 3.25 0 1 0 rect3.dat
4 16 -76 15 29 -76 15 24 -74 15 12.5 -74 15 47.5
3 16 -76 15 12.5 -74 15 12.5 -76 15 24
3 16 -76 15 47.5 -76 15 29 -74 15 47.5
4 16 -74 15 12.5 -74 20 16.5 -74 20 43.5 -74 15 47.5
3 16 -74 16 12.5 -74 20 16.5 -74 15 12.5
3 16 -74 20 12.5 -74 20 16.5 -74 16 12.5
3 16 -74 20 43.5 -74 16 47.5 -74 15 47.5
3 16 -74 20 47.5 -74 16 47.5 -74 20 43.5
4 16 -74 24 56.5 -74 24 55.5 -74 28 51.5 -74 30.5 57
3 16 -74 24 51.5 -74 28 51.5 -74 24 55.5
4 16 -74 30.5 57 -74 28 43.5 -74 28 16.5 -74 30.5 3.5
4 16 -74 30.5 3.5 -74 28 8.5 -74 24 4.5 -74 24 3.5
3 16 -74 28 8.5 -74 24 8.5 -74 24 4.5
3 16 -74 28 51.5 -74 28 47.5 -74 30.5 57
3 16 -74 30.5 57 -74 28 47.5 -74 28 43.5
3 16 -74 28 8.5 -74 30.5 3.5 -74 28 12.5
3 16 -74 28 12.5 -74 30.5 3.5 -74 28 16.5
4 16 -74 24 16.5 -74 28 16.5 -74 28 43.5 -74 24 43.5
4 16 -74 24 16.5 -74 24 43.5 -74 20 43.5 -74 20 16.5
1 16 75.3 27.25 3.5 -.7 0 0 0 0 3.25 0 1 0 rect3.dat
4 16 76 15 24 76 15 29 74.6 15 47.5 74.6 15 12.5
3 16 76 15 47.5 74.6 15 47.5 76 15 29
3 16 76 15 24 74.6 15 12.5 76 15 12.5
4 16 74.6 24 56.5 74.6 30.5 57 74.6 30.5 55 74.6 24 55
4 16 74.6 15 47.5 74.6 16.5 47.5 74.6 16.5 40 74.6 15 12.5
3 16 74.6 16.5 40 74.6 16.5 20 74.6 15 12.5
3 16 74.6 15 12.5 74.6 16.5 20 74.6 16.5 12.5
0 BFC INVERTNEXT
1 16 73.3 27.25 4.25 0 1.3 0 3.25 0 0 0 0 0.75 box2-9.dat
1 16 74.6 27.25 30 0 1 0 0 0 3.25 10 0 0 rect3.dat
4 16 74.6 16.5 40 74.6 24 40 74.6 24 20 74.6 16.5 20
3 16 74.6 24 56.5 76 24 56.5 76 24 57
1 16 73.3 27.25 55 1.3 0 0 0 0 3.25 0 -1 0 rect3.dat
1 16 73.3 27.25 40 -1.3 0 0 0 0 3.25 0 1 0 rect2a.dat
4 16 72 30.5 55 72 30.5 40 72 28 47.5 72 28 51.5
3 16 72 28 47.5 72 30.5 40 72 28 43.5
4 16 72 24 43.5 72 28 43.5 72 30.5 40 72 24 41.5
4 16 72 30.5 55 72 28 51.5 72 24 51.5 72 24 53.5
3 16 72 30.5 40 72 24 40 72 24 41.5
3 16 72 24 55 72 30.5 55 72 24 53.5
1 16 73.3 27.25 20 0 0 -1.3 3.25 0 0 0 -1 0 rect2a.dat
4 16 72 30.5 20 72 30.5 5 72 28 12.5 72 28 16.5
3 16 72 30.5 5 72 28 8.5 72 28 12.5
4 16 72 24 8.5 72 28 8.5 72 30.5 5 72 24 6.5
4 16 72 30.5 20 72 28 16.5 72 24 16.5 72 24 18.5
3 16 72 30.5 5 72 24 5 72 24 6.5
3 16 72 24 20 72 30.5 20 72 24 18.5
4 16 74.6 30.5 57 74.6 24 56.5 74.6 24 58 74.6 30.5 58
1 16 -84 30.5 -80 0 4 0 -4 0 0 0 0 4 4-4cylc.dat
0 BFC INVERTNEXT
1 16 76 30.5 -80 0 4 0 4 0 0 0 0 4 4-4cylc.dat
1 16 76 30.5 -80 0 1 0 0 0 -4 4 0 0 2-4ndis.dat
1 16 72 30.5 -80 0 4 0 0 0 -4 4 0 0 2-4cylc.dat
1 16 -74 24 12.5 0 -1 0 0 0 4 -4 0 0 3-4ndis.dat
1 16 -74 24 12.5 0 -1 0 -4 0 0 0 0 -4 1-4ring1.dat
1 16 -74 24 12.5 0 -1 0 -1 0 0 0 0 -1 1-4ring8.dat
0 BFC INVERTNEXT
1 16 -74 24 12.5 0 -4 0 0 0 4 4 0 0 4-4cylo.dat
1 16 -74 24 47.5 0 -1 0 0 0 4 4 0 0 3-4ndis.dat
1 16 -74 24 47.5 0 -1 0 -4 0 0 0 0 4 1-4ring1.dat
1 16 -74 24 47.5 0 -1 0 -1 0 0 0 0 1 1-4ring8.dat
0 BFC INVERTNEXT
1 16 -74 24 47.5 0 -4 0 0 0 4 4 0 0 4-4cylo.dat
1 16 -76 24 47.5 0 2 0 -9 0 0 0 0 9 1-4cylo.dat
1 16 -76 24 12.5 0 2 0 0 0 -9 -9 0 0 1-4cylo.dat
1 16 72 24 12.5 0 2.6 0 0 0 -7.5 -7.5 0 0 2-4cylo.dat
1 16 74.6 24 47.5 0 1 0 -1.5 0 0 0 0 1.5 1-4ring5.dat
1 16 72 24 47.5 0 2.6 0 0 0 -7.5 7.5 0 0 2-4cylo.dat
1 16 74.6 24 12.5 0 1 0 0 0 -7.5 7.5 0 0 1-4ndis.dat
1 16 74.6 24 47.5 0 1 0 0 0 -7.5 -7.5 0 0 1-4ndis.dat
1 16 74.6 24 47.5 0 1.4 0 -9 0 0 0 0 9 1-4cylo.dat
1 16 74.6 24 12.5 0 1.4 0 0 0 -9 -9 0 0 1-4cylo.dat
1 16 74.6 24 12.5 0 1 0 0 0 -1.5 -1.5 0 0 1-4ring5.dat
0 BFC INVERTNEXT
1 16 78 24 12.5 0 -6 0 0 0 -4 -4 0 0 4-4cylo.dat
0 BFC INVERTNEXT
1 16 78 24 47.5 0 -6 0 0 0 -4 4 0 0 4-4cylo.dat
1 16 72 24 12.5 0 1 0 0 0 -2 -2 0 0 2-4ring2.dat
1 16 72 24 12.5 0 1 0 0 0 -1.5 -1.5 0 0 2-4ring4.dat
1 16 72 24 47.5 0 1 0 0 0 -2 2 0 0 2-4ring2.dat
1 16 72 24 47.5 0 1 0 0 0 -1.5 1.5 0 0 2-4ring4.dat
1 16 72 24 12.5 0 1 0 0 0 4 -4 0 0 2-4ndis.dat
1 16 72 24 47.5 0 1 0 0 0 4 4 0 0 2-4ndis.dat
4 16 -76 30.5 -76 -76 26.5 -76 -76 26.5 -80 -76 30.5 -84
3 16 -76 30.5 -84 -76 26.5 -80 -76 26.5 -84
3 16 -74 30.5 57 -74 25 57 -74 24 56.5
3 16 -74 25 57 -74 24 57 -74 24 56.5
1 16 -75 24 56.75 -1 0 0 0 1 0 0 0 -.25 rect3.dat
4 16 -74 25 57 -74 30.5 57 54 30.5 57 33 25 57
3 16 35 25 57 54 30.5 57 54 25 57
3 16 35 25 57 33 25 57 54 30.5 57
4 16 79 24 60 78 24 57 78 24 56.5 80 24 56.5
3 16 79 24 60 76 24 57 78 24 57
4 16 76 24 57 79 24 60 74.6 24 58 74.6 24 56.5
4 16 56 24 58 74.6 24 58 79 24 60 69 24 60
3 16 56 24 58 69 24 60 60 24 60
3 16 56 24 58 60 24 60 58 24 60
3 16 -79 24 58 -78 24 57 -76 24 57
4 16 -79 24 58 -80 24 56.5 -78 24 56.5 -78 24 57
4 16 -76 24 57 -74 24 57 -74 24 58 -79 24 58
4 16 74.6 30.5 58 74.6 24 58 56 25 58 55 30.5 58
3 16 56 24 58 56 25 58 74.6 24 58
3 16 56 25 58 55 25 58 55 30.5 58
4 16 55 25 58 56 25 58 56 25 93 35 25 93
3 16 35 25 93 54 25 58 55 25 58
4 16 54 25 57 54 25 58 35 25 93 35 25 57
4 16 79 24 60 80 24 56.5 80 24 100 79 24 99
0 BFC INVERTNEXT
1 16 74 24.25 79.5 0 5 0 -0.25 0 0 0 0 -19.5 box2-5.dat
4 16 69 24.5 62 69 24.5 60 79 24.5 60 78 24.5 62
0 BFC INVERTNEXT
1 16 59 24.25 61 0 0 -1 0 0.25 0 -1 0 0 box3-3.dat
4 16 79 24.5 60 79 24.5 99 78 24.5 98 78 24.5 62
4 16 -80 24 56.5 -79 24 58 -79 24 99 -80 24 100
0 BFC INVERTNEXT
1 16 -39.5 24.25 78.5 0 -39.5 0 -0.25 0 0 0 0 20.5 box2-7.dat
4 16 -79 24.5 99 -79 24.5 58 -78 24.5 62 -78 24.5 98
1 16 39.5 24.25 99 39.5 0 0 0 0 -.25 0 1 0 rect2p.dat
1 16 56 24.5 75.5 0 1 0 .5 0 0 0 0 -17.5 rect3.dat
4 16 58 24 93 56 24 93 56 24 58 58 24 73
3 16 58 24 73 56 24 58 58 24 62
3 16 58 24 62 56 24 58 58 24 60
3 16 60 24.5 73 60 24.5 70 69 24.5 70
3 16 58 24.5 93 58 24.5 73 60 24.5 73
1 16 58 24.25 83 0 -1 0 .25 0 0 0 0 10 rect.dat
4 16 69 24.5 93 58 24.5 93 60 24.5 73 69 24.5 70
4 16 35 24 58 35 25 57 35 25 93 35 24 93
1 16 34 24.25 75.5 0 -1 0 0 0 -.25 17.5 0 0 box2-9p.dat
4 16 -74 24 58 33 24 58 33 24.5 58 -79 24.5 58
3 16 -79 24.5 58 -79 24 58 -74 24 58
4 16 33 24.5 93 7 24.5 93 7 24.5 65 16 24.5 70
3 16 7 24.5 65 15 24.5 65 16 24.5 70
3 16 33 24.5 93 16 24.5 70 25 24.5 70
4 16 33 24.5 93 25 24.5 70 25 24.5 60 33 24.5 58
4 16 15 24.5 65 15 24.5 62 16 24.5 60 16 24.5 70
4 16 33 24.5 58 25 24.5 60 16 24.5 60 -79 24.5 58
4 16 16 24.5 60 15 24.5 62 -5 24.5 62 -16 24.5 60
3 16 16 24.5 60 -16 24.5 60 -79 24.5 58
3 16 -16 24.5 60 -25 24.5 60 -79 24.5 58
3 16 -25 24.5 60 -60 24.5 60 -79 24.5 58
3 16 -79 24.5 58 -60 24.5 60 -69 24.5 60
4 16 -79 24.5 58 -69 24.5 60 -69 24.5 62 -78 24.5 62
4 16 -58 24.5 62 -60 24.5 62 -60 24.5 60 -25 24.5 60
4 16 -69 24.5 70 -60 24.5 70 -60 24.5 73 -69 24.5 93
3 16 -69 24.5 93 -60 24.5 73 -58 24.5 73
4 16 -25 24.5 60 -25 24.5 70 -58 24.5 73 -58 24.5 62
4 16 -69 24.5 93 -58 24.5 73 -25 24.5 70 3 24.5 93
3 16 -25 24.5 70 -16 24.5 70 3 24.5 93
4 16 -16 24.5 70 -5 24.5 65 3 24.5 65 3 24.5 93
4 16 -5 24.5 65 -16 24.5 70 -16 24.5 60 -5 24.5 62
1 16 -74 25 58 0 107 0 -1 0 0 0 0 -1 1-4cyli.dat
1 16 -74 25 58 0 -1 0 -1 0 0 0 0 -1 1-4ndis.dat
1 16 35 25 58 0 -1 0 -1 0 0 0 0 -1 1-4chrd.dat
1 16 33 25 58 0 2 0 -1 0 0 0 0 -1 1-4cyli.dat
1 16 55 25 57 -1 0 0 0 1 0 0 0 1 1-4ndis.dat
0 BFC INVERTNEXT
1 16 55 25 57 -1 0 0 0 5.5 0 0 0 1 1-4cylo.dat
1 16 55 30.5 57 -1 0 0 0 1 0 0 0 1 1-4chrd.dat
1 16 -64.5 24.25 60 -4.5 0 0 0 0 .25 0 1 0 rect3.dat
1 16 -58 24.25 67.5 0 -1 0 0 0 .25 -5.5 0 0 rect3.dat
4 16 -2 24 98 1 24 98 78 24.5 98 0 24.5 98
3 16 1 24 98 75 24 98 78 24.5 98
4 16 0 24.5 98 -78 24.5 98 -75 24 98 -2 24 98
1 16 38 24 97.5 37 0 0 0 1 0 0 0 .5 rect.dat
1 16 -38.5 24 97.5 0 0 36.5 0 1 0 -.5 0 0 rect.dat
4 16 -2 6 97 -2 12 98 -2 24 98 -2 24 97
4 16 1 24 98 1 12 98 1 6 97 1 24 97
1 16 -.5 18 98 0 0 1.5 -6 0 0 0 -1 0 rect2p.dat
1 16 -.5 9 97.5 -1.5 0 0 0 1 -3 0 0 -.5 rect.dat
4 16 1 6 97 71 6 93 74 6 93 75 6 97
4 16 -2 6 97 7 6 93 71 6 93 1 6 97
4 16 3 6 93 7 6 93 -2 6 97 -75 6 97
3 16 3 6 93 -75 6 97 -71 6 93
3 16 -71 6 93 -75 6 97 -74 6 93
1 16 45.5 24.5 93 -10.5 0 0 0 0 .5 0 1 0 rect3.dat
3 16 33 24.5 93 33 24 93 7 24.5 93
1 16 5 6 79 0 0 2 0 1 0 -14 0 0 rect2p.dat
0 BFC INVERTNEXT
1 16 11 15.25 79 0 -4 0 9.25 0 0 0 0 -14 box2-5.dat
0 BFC INVERTNEXT
1 16 -1 15.25 79 0 4 0 9.25 0 0 0 0 -14 box2-5.dat
1 16 5 18.25 62 10 0 0 0 0 -6.25 0 1 0 rect.dat
1 16 5 9 62.5 10 0 0 0 1 -3 0 0 .5 rect3.dat
4 16 3 6 65 -5 6 63 15 6 63 7 6 65
3 16 15 6 63 15 6 65 7 6 65
3 16 -5 6 63 3 6 65 -5 6 65
4 16 15 12 62 15 24.5 62 15 24.5 65 15 6 65
3 16 15 6 63 15 12 62 15 6 65
4 16 -5 24.5 65 -5 24.5 62 -5 12 62 -5 6 65
3 16 -5 12 62 -5 6 63 -5 6 65
4 16 58 36 -30 61 36 -30 70 36 -37 63 36 -46
3 16 58 36 -30 63 36 -46 55 36 -30
4 16 36.26197 36 -38.77894 55 36 -30 63 36 -46 37.27881 36 -41.0628
4 16 32.60779 36 -40.40588 4 36 -37 55 36 -30 36.26197 36 -38.77894
3 16 70 36 -30.8 70 36 -37 61 36 -30
3 16 55 36 -30 4 36 -37 4 36 -30.8
4 16 33.62463 36 -42.68974 37.27881 36 -41.0628 63 36 -46 63 36 -52
4 16 40 36 -70 38 36 -70 33.62463 36 -42.68974 63 36 -52
3 16 63 36 -52 42 36 -70 40 36 -70
3 16 42 36 -70 63 36 -52 42 36 -72
4 16 4 36 -37 32.60779 36 -40.40588 33.62463 36 -42.68974 38 36 -70
3 16 4 36 -37 38 36 -70 4 36 -47.5
4 16 -4 36 -47.5 -4 36 -37 4 36 -37 4 36 -47.5
3 16 4 36 -47.5 0 36 -96 -4 36 -47.5
3 16 4 36 -30.8 -4 36 -30.8 0 36 56
4 16 -40 36 -70 -4 36 -37 -4 36 -47.5 -38 36 -70
4 16 -28 36 -43 -4 36 -37 -40 36 -70 -42 36 -70
3 16 -28 36 -40.5 -4 36 -37 -28 36 -43
3 16 -32 36 -43 -28 36 -43 -42 36 -70
4 16 -28 36 -40.5 -32 36 -40.5 -55 36 -30 -4 36 -37
3 16 -55 36 -30 -32 36 -40.5 -32 36 -43
4 16 -58 36 -30 -55 36 -30 -32 36 -43 -42 36 -70
4 16 -63 36 -46 -61 36 -30 -58 36 -30 -42 36 -70
4 16 -63 36 -46 -70 36 -37 -70 36 -30.8 -61 36 -30
3 16 -4 36 -37 -55 36 -30 -4 36 -30.8
4 16 -42 36 -70 -42 36 -72 -63 36 -52 -63 36 -46
1 16 0 36 -80 1 0 0 0 -1 0 0 0 1 stug4-1x3.dat
1 16 0 36 -60 1 0 0 0 -1 0 0 0 1 stug4-1x5.dat
1 16 0 36 10 0 0 1 0 -1 0 1 0 0 stug4-1x4.dat
1 16 0 28 80 1 0 0 0 -1 0 0 0 1 stug4-1x3.dat
2 24 -16.8 30.5 -22.4 -16.8 30.5 -33.6
2 24 -74 30.5 57 -74 30.5 3.5
2 24 78 24 56.5 78 24 57
2 24 78 24 56.5 80 24 56.5
2 24 42.71125 25.5 -25.72824 42.712 23.5 -25.728
2 24 37.2015 29.54335 -40.8889 36.184638476 29.54325 -38.605118254
2 24 -74 30.5 57 -74 25 57
2 24 35 24 93 33 24 93
2 24 37.841 30.5 -30.524 37.66519 22.244 -30.13096
2 24 69 24.5 62 78 24.5 62
2 24 -69 24.5 62 -78 24.5 62
2 24 -2 6 97 -2 24 97
2 24 -80 24 100 -80 24 56.5
2 24 69 24.5 60 69 24.5 62
2 24 18.594 23.5 -36.466 24.441 23.5 -33.863
2 24 54 25 57 35 25 57
2 24 54 25 57 54 30.5 57
2 24 74.6 30.5 55 74.6 30.5 57
2 24 33 24.5 58 -79 24.5 58
2 24 33 24 58 -74 24 58
2 24 -74 24.6173 57.0761 -74 24.2929 57.2929
2 24 39.132 30.5 -17.689 39.30781 22.244 -18.08104
2 24 60 24.5 73 60 24.5 70
2 24 74.6 30.5 58 55 30.5 58
2 24 35 25 93 35 25 57
2 24 37.841 30.5 -30.524 33.286 30.5 -20.292
2 24 18.443 22.744 -36.128 18.594 23.5 -36.466
2 24 58 24.5 73 60 24.5 73
2 24 72 30.5 -80 72 30.5 -76
2 24 72 30.5 5 72 30.5 20
2 24 -76 30.5 -42 -76 30.5 -76
2 24 33 24.5 93 33 24 93
2 24 20.861 30.5 -25.824 21.03681 22.244 -26.21604
2 24 76 30.5 -84 76 30.5 -96
2 24 33.286 30.5 -20.292 33.46112 22.244 -20.68415
2 24 75 24 97 75 6 97
2 24 40.25957 22.744 -20.21874 40.108 23.5 -19.881
2 24 34.262 23.5 -22.484 34.41288 22.744 -22.82185
2 24 -78 24 56.5 -78 24 57
2 24 -78 24 56.5 -80 24 56.5
2 24 7 24.5 93 33 24.5 93
2 24 74.6 24 56.5 74.6 24 58
2 24 -43.2 30.5 -22.4 -43.2 30.5 -33.6
2 24 3 24.5 93 -69 24.5 93
2 24 -32 30.5 -35.5 -32 30.5 -33
2 24 15.991 23.5 -30.619 16.14188 22.744 -30.95685
2 24 72 30.5 -84 72 30.5 -80
2 24 37.124096952 28.5865 -40.715175747 37.2015 29.54335 -40.8889
2 24 -28 30.5 -33 -28 30.5 -35.5
2 24 18.594 23.5 -36.466 18.59356 25.5 -36.46535
2 24 30.57416 30.5 -35.83814 29.55732 30.5 -33.55428
2 24 72 30.5 40 72 30.5 55
2 24 -75 6 97 -2 6 97
2 24 15 6 63 15 6 65
2 24 35 24.2929 57.2929 35 24.6173 57.0761
2 24 56 25 58 55 25 58
2 24 74.6 24 58 74.6 30.5 58
2 24 -71 6 93 -69 12 93
2 24 76 30.5 3.5 76 30.5 -30.8
2 24 58 24 93 56 24 93
2 24 76 30.5 -42 76 30.5 -76
2 24 76 24 56.5 76 24 57
2 24 69 24.5 93 58 24.5 93
2 24 39.132 30.5 -17.689 43.688 30.5 -27.92
2 24 -69 12 93 -69 24.5 93
2 24 -74 24 58 -74 24 57
2 24 25.417 30.5 -36.055 25.241 22.244 -35.663
2 24 -74 24.2929 57.2929 -74 24.0761 57.6173
2 24 -23.2 30.5 -33.6 -23.2 30.5 -22.4
2 24 7 6 93 71 6 93
2 24 -74 24.0761 57.6173 -74 24 58
2 24 -60 24.5 62 -60 24.5 60
2 24 21.98857 22.744 -28.35374 21.838 23.5 -28.016
2 24 -79 24 58 -74 24 58
2 24 43.688 30.5 -27.92 37.841 30.5 -30.524
2 24 33.286 30.5 -20.292 39.132 30.5 -17.689
2 24 0 24.5 98 78 24.5 98
2 24 25.417 30.5 -36.055 19.57 30.5 -38.658
2 24 43.51188 22.244 -27.52785 43.688 30.5 -27.92
2 24 54 30.5 57 -74 30.5 57
2 24 58 24 62 58 24 73
2 24 0 24.5 98 -78 24.5 98
2 24 -5 24.5 62 -5 24.5 65
2 24 -58 24.5 62 -60 24.5 62
2 24 78 24.5 62 78 24.5 98
2 24 33.2115 30.5 -31.92734 34.22834 30.5 -34.2112
2 24 80 24 56.5 80 24 100
2 24 71 6 93 69 12 93
2 24 69 24.5 93 69 24.5 70
2 24 -76 30.5 3.5 -76 30.5 -30.8
2 24 32.530458476 29.54325 -40.232058254 33.5473 29.5433 -42.5159
2 24 -69 24.5 93 -69 24.5 70
2 24 15.015 30.5 -28.427 15.19012 22.244 -28.81915
2 24 24.44025 25.5 -33.86224 24.441 23.5 -33.863
2 24 15 24.5 65 15 24.5 62
2 24 34.262 23.5 -22.484 34.26144 25.5 -22.48465
2 24 1 6 97 75 6 97
2 24 -75 24 97 -75 6 97
2 24 -71 6 93 3 6 93
2 24 -74 25 57 -74 24.6173 57.0761
2 24 33 24.5 58 33 24 58
2 24 19.57 30.5 -38.658 15.015 30.5 -28.427
2 24 74.6 24 58 56 24 58
2 24 1 24 97 1 6 97
2 24 -5 6 63 -5 6 65
2 24 -69 24.5 60 -69 24.5 62
2 24 20.861 30.5 -25.824 25.417 30.5 -36.055
2 24 37.2015 29.54335 -40.8889 33.5473 29.5433 -42.5159
2 24 -78 24.5 62 -78 24.5 98
2 24 74.6 30.5 57 74.6 30.5 58
2 24 24.441 23.5 -33.863 24.289 22.744 -33.525
2 24 -36.8 30.5 -33.6 -36.8 30.5 -22.4
2 24 33.5473 29.5433 -42.5159 33.469916952 28.5865 -42.342125747
2 24 69 24 60 60 24 60
2 24 21.838 23.5 -28.016 21.83713 25.5 -28.01554
2 24 35 24.0761 57.6173 35 24.2929 57.2929
2 24 -76 30.5 -76 -76 30.5 -84
2 24 19.395 22.244 -38.266 19.57 30.5 -38.658
2 24 15.991 23.5 -30.619 15.99044 25.5 -30.61865
2 24 -60 24.5 70 -60 24.5 73
2 24 36.86456 25.5 -28.33135 36.865 23.5 -28.331
2 24 -60 24.5 73 -58 24.5 73
2 24 35 24.6173 57.0761 35 25 57
2 24 35 24 58 35 24.0761 57.6173
2 24 69 12 93 69 24.5 93
2 24 -79 24.5 58 -79 24 58
2 24 34.22834 30.5 -34.2112 30.57416 30.5 -35.83814
2 24 33.2115 30.5 -31.92734 29.55732 30.5 -33.55428
2 24 32.530458476 29.54325 -40.232058254 36.184638476 29.54325 -38.605118254
2 24 -28 30.5 -33 -32 30.5 -33
2 24 -28 30.5 -35.5 -32 30.5 -35.5
2 24 -28 29.54325 -40.30975 -32 29.54325 -40.30975
4 16 64 30.5 -92 64 30.5 -80 64 15 -84 64 15 -86
2 24 64 30.5 -80 64 30.5 -92
4 16 64 13 -84 64 15 -84 64 30.5 -80 64 12 -80
4 16 64 13 -84 64 12 -80 64 11.2346 -80.4566 64 11 -84
4 16 64 11 -84 64 11.2346 -80.4566 64 10.5858 -81.7574 64 10.1522 -83.7038
4 16 64 11 -86 64 11 -84 64 10.1522 -83.7038 64 10 -86
4 16 64 11 -88 64 11 -86 64 10 -86 64 10.1522 -88.2962
4 16 64 11 -88 64 10.1522 -88.2962 64 10.5858 -90.2426 64 11.2346 -91.5434
4 16 64 11 -88 64 11.2346 -91.5434 64 12 -92 64 13 -88
4 16 64 15 -88 64 13 -88 64 12 -92 64 30.5 -92
3 16 64 15 -88 64 30.5 -92 64 15 -86
1 16 61 21.25 -80 3 0 0 0 0 9.25 0 -1 0 rect3.dat
1 16 61 21.25 -92 -3 0 0 0 0 9.25 0 1 0 rect3.dat
4 16 58 15 -84 58 30.5 -80 58 30.5 -92 58 15 -86
2 24 58 30.5 -92 58 30.5 -80
4 16 58 30.5 -80 58 15 -84 58 13 -84 58 12 -80
4 16 58 11.2346 -80.4566 58 12 -80 58 13 -84 58 11 -84
4 16 58 10.5858 -81.7574 58 11.2346 -80.4566 58 11 -84 58 10.1522 -83.7038
4 16 58 10.1522 -83.7038 58 11 -84 58 11 -86 58 10 -86
4 16 58 10 -86 58 11 -86 58 11 -88 58 10.1522 -88.2962
4 16 58 10.5858 -90.2426 58 10.1522 -88.2962 58 11 -88 58 11.2346 -91.5434
4 16 58 12 -92 58 11.2346 -91.5434 58 11 -88 58 13 -88
4 16 58 12 -92 58 13 -88 58 15 -88 58 30.5 -92
3 16 58 30.5 -92 58 15 -88 58 15 -86
1 16 58 12 -86 0 6 0 0 0 -2 6 0 0 2-4cylo.dat
1 16 58 13 -86 0 1 0 0 0 -2 2 0 0 4-4ndis.dat
0 BFC INVERTNEXT
1 16 58 13 -86 0 6 0 0 0 -2 2 0 0 4-4cylo.dat
1 16 64 13 -86 0 -1 0 0 0 -2 2 0 0 4-4ndis.dat
4 16 -58 30.5 -92 -58 30.5 -80 -58 15 -84 -58 15 -86
2 24 -58 30.5 -92 -58 30.5 -80
4 16 -58 13 -84 -58 15 -84 -58 30.5 -80 -58 12 -80
4 16 -58 13 -84 -58 12 -80 -58 11.2346 -80.4566 -58 11 -84
4 16 -58 11 -84 -58 11.2346 -80.4566 -58 10.5858 -81.7574 -58 10.1522 -83.7038
4 16 -58 11 -86 -58 11 -84 -58 10.1522 -83.7038 -58 10 -86
4 16 -58 11 -88 -58 11 -86 -58 10 -86 -58 10.1522 -88.2962
4 16 -58 11 -88 -58 10.1522 -88.2962 -58 10.5858 -90.2426 -58 11.2346 -91.5434
4 16 -58 11 -88 -58 11.2346 -91.5434 -58 12 -92 -58 13 -88
4 16 -58 15 -88 -58 13 -88 -58 12 -92 -58 30.5 -92
3 16 -58 15 -88 -58 30.5 -92 -58 15 -86
1 16 -61 21.25 -80 3 0 0 0 0 9.25 0 -1 0 rect3.dat
1 16 -61 21.25 -92 -3 0 0 0 0 9.25 0 1 0 rect3.dat
4 16 -64 15 -84 -64 30.5 -80 -64 30.5 -92 -64 15 -86
4 16 -64 30.5 -80 -64 15 -84 -64 13 -84 -64 12 -80
4 16 -64 11.2346 -80.4566 -64 12 -80 -64 13 -84 -64 11 -84
4 16 -64 10.5858 -81.7574 -64 11.2346 -80.4566 -64 11 -84 -64 10.1522 -83.7038
4 16 -64 10.1522 -83.7038 -64 11 -84 -64 11 -86 -64 10 -86
4 16 -64 10 -86 -64 11 -86 -64 11 -88 -64 10.1522 -88.2962
4 16 -64 10.5858 -90.2426 -64 10.1522 -88.2962 -64 11 -88 -64 11.2346 -91.5434
4 16 -64 12 -92 -64 11.2346 -91.5434 -64 11 -88 -64 13 -88
4 16 -64 12 -92 -64 13 -88 -64 15 -88 -64 30.5 -92
3 16 -64 30.5 -92 -64 15 -88 -64 15 -86
1 16 -64 12 -86 0 6 0 0 0 -2 6 0 0 2-4cylo.dat
1 16 -64 13 -86 0 1 0 0 0 -2 2 0 0 4-4ndis.dat
0 BFC INVERTNEXT
1 16 -64 13 -86 0 6 0 0 0 -2 2 0 0 4-4cylo.dat
1 16 -58 13 -86 0 -1 0 0 0 -2 2 0 0 4-4ndis.dat
1 16 40 36 -88 0 0 -2 0 -1 0 -8 0 0 rect1.dat
4 16 38 36 -96 42 36 -96 42 39 -96 38 39 -96
1 16 -40 36 -88 0 0 -2 0 -1 0 -8 0 0 rect1.dat
4 16 -42 36 -96 -38 36 -96 -38 39 -96 -42 39 -96
4 16 53 36 30 53 36 24 47 36 24 47 36 30
4 16 -47 36 30 -47 36 24 -53 36 24 -53 36 30
4 16 76 28 96 61 28 68 51 28 64 0 28 96
4 16 0 28 96 -51 28 64 -61 28 68 -76 28 96
4 16 76 36 41.399 71 36 41.399 71 36 53.543 76 36 53.543
4 16 76 36 18.543 76 36 6.399 71 36 6.399 71 36 18.543
4 16 -71 36 6.399 -76 36 6.399 -76 36 18.543 -71 36 18.543
4 16 -76 36 41.399 -76 36 53.543 -71 36 53.543 -71 36 41.399
4 16 -8 28 88 -49 28 64 -51 28 64 0 28 96
3 16 -8 28 88 0 28 96 0 28 88
3 16 -49 28 64 -8 28 88 -31 28 64
4 16 -24 28 68 -29 28 64 -31 28 64 -8 28 88
4 16 -49 28 64 -31 28 64 -31 28 60 -49 28 60
4 16 8 28 88 0 28 96 51 28 64 49 28 64
3 16 0 28 88 0 28 96 8 28 88
3 16 8 28 88 49 28 64 31 28 64
4 16 24 28 68 8 28 88 31 28 64 29 28 64
4 16 31 28 60 31 28 64 49 28 64 49 28 60
4 16 0 30 100 20 30 100 20 32 100 -20 32 100
4 16 20 32 100 20 32 99 0 32 99 -20 32 100
3 16 -20 30 100 0 30 100 -20 32 100
3 16 -20 32 100 0 32 99 -20 32 99
2 24 49 28 60 31 28 60
2 24 74.6 15 47.5 74.6 15 12.5
2 24 20 32 100 -20 32 100
2 24 -31 28 60 -49 28 60
2 24 -74 15 12.5 -74 15 47.5
2 24 76 36 6.399 76 36 18.543
2 24 76 36 41.399 76 36 53.543
2 24 -76 36 6.399 -76 36 18.543
2 24 -76 36 41.399 -76 36 53.543
5 24 -36.799 22.244 -22.83 -36.799 22.744 -25.17 -36.802827 21.815266 -23.014712 -36.8 23.5 -24.8
5 24 -16.799 22.244 -22.83 -16.799 22.744 -25.17 -16.8 23.5 -24.8 -16.802827 21.815266 -23.014712
5 24 34.41288 22.744 -22.82185 33.46112 22.244 -20.68415 34.262 23.5 -22.484 33.535619776 21.815266 -20.853173709
5 24 16.14188 22.744 -30.95685 15.19012 22.244 -28.81915 15.991 23.5 -30.619 15.264619776 21.815266 -28.988173709
5 24 -43.201 22.244 -33.17 -43.201 22.744 -30.83 -43.197173 21.815266 -32.985288 -43.2 23.5 -31.2
5 24 -23.199 22.744 -25.17 -23.199 22.244 -22.83 -23.2 23.5 -24.8 -23.202827 21.815266 -23.014712
5 24 39.30781 22.244 -18.08104 40.25957 22.744 -20.21874 40.108 23.5 -19.881 39.382619776 21.815266 -18.250173709
5 24 42.56012 22.744 -25.39015 43.51188 22.244 -27.52785 43.437380224 21.815266 -27.358826291 42.712 23.5 -25.728
5 24 -43.199 22.744 -25.17 -43.199 22.244 -22.83 -43.202827 21.815266 -23.014712 -43.2 23.5 -24.8
5 24 35.563 29.5 -25.408 37.841 30.5 -30.524 34.262 29.5 -22.484 36.865 29.5 -28.331
5 24 24.289 22.744 -33.525 25.241 22.244 -35.663 24.441 23.5 -33.863 25.166380224 21.815266 -35.493964876
5 24 -16.801 22.744 -30.83 -16.801 22.244 -33.17 -16.8 23.5 -31.2 -16.797173 21.815266 -32.985288
5 24 -36.801 22.744 -30.83 -36.801 22.244 -33.17 -36.8 23.5 -31.2 -36.797173 21.815266 -32.985288
5 24 -23.201 22.244 -33.17 -23.201 22.744 -30.83 -23.197173 21.815266 -32.985288 -23.2 23.5 -31.2
5 24 37.66519 22.244 -30.13096 36.71343 22.744 -27.99326 37.590380224 21.815266 -29.961826291 36.865 23.5 -28.33
2 24 72 30.5 5 72 24 5
5 24 15.991 23.5 -30.619 21.838 23.5 -28.016 15.991 25.5 -30.619 21.98857 22.744 -28.35374
2 24 15.015 30.5 -28.427 20.861 30.5 -25.824
5 24 19.395 22.244 -38.266 18.443 22.744 -36.128 18.594 23.5 -36.466 19.320491092 21.815266 -38.096964876