0 ~Electric Switch: Key Left
0 Name: 4112.dat
0 Author: Javier Orquera [kuramapika1]
0 !LDRAW_ORG Unofficial_Part
0 !LICENSE Licensed under CC BY 4.0 : see CAreadme.txt

0 !HELP to put this part into a pressed-down state, rotate it 4.3 degrees
0 !HELP around the x-axis

0 BFC CERTIFY CCW

0 !KEYWORDS control, dacta, Technic, Train

0 !HISTORY 2025-04-24 [kuramapika1] Adapted surfaces

1 16 0 0 0 1 0 0 0 1 0 0 0 1 s\4112s01.dat
1 16 4.5 -6.25 -4.75 0 10 0 -.75 0 0 0 0 .5 box4-1.dat
4 16 -18.5 -23 -131.2 -12.2426 -23 -120.3626 -12.2426 -9 -120.3626 -18.5 -9 -131.2
4 16 -9 -9 -121.92 -9 -23 -121.92 -15.2574 -23 -132.7574 -15.2574 -9 -132.7574
4 16 -12.2426 -9 -120.3626 -9 -9 -121.92 -17.20395 -9 -131.45675 -18.5 -9 -131.2
3 16 -17.20395 -9 -131.45675 -9 -9 -121.92 -15.2574 -9 -132.7574
4 16 -12.2426 -23 -120.3626 -12.2426 -23 -114 -12.2426 -9 -114 -12.2426 -9 -120.3626
4 16 -9 -23 -121.92 -9 -9 -121.92 -9 -9 -114 -9 -23 -114
4 16 -9 -9 -114 -9 -9 -121.92 -12.2426 -9 -120.3626 -12.2426 -9 -114
4 16 -9 -23 -114 -9 -9 -114 -12.2426 -9 -114 -12.2426 -23 -114
2 24 -9 -9 -121.92 -9 -9 -114
5 24 -12.2426 -23 -120.3626 -12.2426 -9 -120.3626 -12.2426 -23 -114 -18.5 -9 -131.2
2 24 -15.2574 -23 -132.7574 -15.2574 -9 -132.7574
2 24 -12.2426 -9 -114 -12.2426 -9 -120.3626
2 24 -15.2574 -9 -132.7574 -17.20395 -9 -131.45675
5 24 -9 -9 -121.92 -9 -23 -121.92 -9 -9 -114 -15.2574 -23 -132.7574
2 24 -9 -23 -121.92 -9 -23 -114
2 24 -12.2426 -23 -114 -9 -23 -114
2 24 -12.2426 -9 -120.3626 -18.5 -9 -131.2
2 24 -9 -9 -121.92 -15.2574 -9 -132.7574
2 24 -12.2426 -23 -114 -12.2426 -23 -120.3626
2 24 -18.5 -9 -131.2 -18.5 -23 -131.2
2 24 -15.2574 -23 -132.7574 -9 -23 -121.92
2 24 -9 -23 -114 -9 -9 -114
2 24 -12.2426 -9 -114 -12.2426 -23 -114
2 24 -9 -9 -114 -12.2426 -9 -114
2 24 -12.2426 -23 -120.3626 -18.5 -23 -131.2
2 24 -17.20395 -9 -131.45675 -18.5 -9 -131.2
4 16 -53.5 -23 -135 -25.0434 -23 -134.7038 -25.5 -23 -137 -51.5 -23 -137
4 16 -53.5 -23 -135 -34.4142 -23 -102.5058 -33 -23 -101.92 -25.0434 -23 -134.7038
4 16 -20.9142 -23 -113.4142 -20.9142 -23 -114 -33 -23 -101.92 -31.5858 -23 -102.5058
3 16 -23.7426 -23 -132.7574 -20.9142 -23 -114 -21.79605 -23 -131.45675
4 16 -13.9566 -23 -134.7038 -9 -23 -121.92 12.5 -23 -137 -13.5 -23 -137
3 16 -9 -23 -121.92 -13.9566 -23 -134.7038 -15.2574 -23 -132.7574
3 16 12.5 -23 -137 -9 -23 -121.92 -9 -23 -114
4 16 14.5 -23 -135 12.5 -23 -137 -9 -23 -114 -4.5858 -23 -102.5058
4 16 -6 -23 -101.92 -4.5858 -23 -102.5058 -9 -23 -114 -12.2426 -23 -114
4 16 -18.0858 -23 -113.4142 -7.4142 -23 -102.5058 -6 -23 -101.92 -12.2426 -23 -114
4 16 -21.79605 -23 -131.45675 -20.9142 -23 -114 -19.5 -23 -114 -20.5 -23 -131.2
4 16 -19.5 -23 -114 -18.0858 -23 -114 -19.5 -23 -131 -20.5 -23 -131.2
4 16 -19.5 -23 -131 -18.0858 -23 -114 -12.2426 -23 -120.3626 -18.5 -23 -131.2
4 16 -18.0858 -23 -113.4142 -12.2426 -23 -114 -12.2426 -23 -120.3626 -18.0858 -23 -114
4 16 -11.5 -23 -96 -11.5 -23 -100 -20.5 -23 -100 -20.5 -23 -96
4 16 -23.7426 -23 -132.7574 -21.79605 -23 -131.45675 -21.79605 -9 -131.45675 -23.7426 -9 -132.7574
4 16 -20.5 -9 -131.2 -21.79605 -9 -131.45675 -21.79605 -23 -131.45675 -20.5 -23 -131.2
5 24 -21.79605 -23 -131.45675 -21.79605 -9 -131.45675 -23.7426 -9 -132.7574 -20.5 -23 -131.2
2 24 -21.79605 -23 -131.45675 -23.7426 -23 -132.7574
2 24 -20.5 -23 -131.2 -21.79605 -23 -131.45675
5 24 -23.7426 -9 -132.7574 -23.7426 -23 -132.7574 -25.0434 -5 -134.7038 -21.79605 -23 -131.45675
5 24 -20.5 -23 -131.2 -20.5 -9 -131.2 -21.79605 -9 -131.45675 -19.5 -23 -131
4 16 20.5 -27 -5.25 -59.5 -27 -5.25 -59.5 -27 -165.25 20.5 -27 -165.25
4 16 -23.7426 -23 -132.7574 -25.0434 -23 -134.7038 -33 -23 -101.92 -20.9142 -23 -114