0 Sticker  1.1 x  1.8 with Machine Gauges and Buttons
0 Name: 4269558b.dat
0 Author: Evert-Jan Boer [ejboer]
0 !LDRAW_ORG Unofficial_Part
0 !LICENSE Licensed under CC BY 4.0 : see CAreadme.txt

0 BFC CERTIFY CCW

0 !KEYWORDS Sandcrawler, Set 10144

1 0 17.5 -.25 10 1 0 0 0 1 0 0 0 1 1-4chrd.dat
1 0 -17.5 -.25 10 0 0 -1 0 1 0 1 0 0 1-4chrd.dat
1 0 -17.5 -.25 -10 -1 0 0 0 1 0 0 0 -1 1-4chrd.dat
1 0 17.5 -.25 -10 0 0 1 0 1 0 -1 0 0 1-4chrd.dat
4 72 -12.8 -.25 7.8 -12.3 -.25 8 -12.56 -.25 8.58 -13.17 -.25 8.25
4 72 -11.2 -.25 8.85 -11.89 -.25 8.78 -11.7 -.25 8.2 -11.1 -.25 8.2
4 72 -10.1 -.25 8 -9.5 -.25 7.7 -9.23 -.25 8.25 -9.84 -.25 8.58
4 72 -7.92 -.25 6.66 -8.25 -.25 7.27 -8.9 -.25 7 -8.6 -.25 6.4
4 72 -7.65 -.25 5.3 -7.72 -.25 5.99 -8.4 -.25 6 -8.4 -.25 5.3
4 72 -8.25 -.25 3.33 -7.92 -.25 3.94 -8.6 -.25 4.2 -8.9 -.25 3.7
3 72 -9.6 -.25 3 -10.2 -.25 2.7 -9.23 -.25 2.35
4 72 -11.5 -.25 .56 -11.2 -.25 1.75 -11.1 -.25 2.5 -11.89 -.25 1.82
3 72 -11.7 -.25 2.6 -11.89 -.25 1.82 -11.1 -.25 2.5
4 72 -12.56 -.25 2.02 -12.3 -.25 2.7 -12.8 -.25 3 -13.17 -.25 2.35
4 72 -14.15 -.25 3.33 -13.5 -.25 3.6 -13.8 -.25 4.2 -14.48 -.25 3.94
4 72 -14.75 -.25 5.3 -14 -.25 5.3 -14 -.25 6 -14.68 -.25 5.99
4 72 -13.8 -.25 6.4 -13.6 -.25 6.9 -14.15 -.25 7.27 -14.48 -.25 6.66
4 72 -14.48 -.25 6.66 -14.15 -.25 7.27 -14.85 -.25 8.65 -15.88 -.25 7.11
4 72 -14.15 -.25 7.27 -13.71 -.25 7.81 -13.31 -.25 9.68 -14.85 -.25 8.65
3 72 -13.31 -.25 9.68 -13.71 -.25 7.81 -13.17 -.25 8.25
3 72 -13.31 -.25 9.68 -13.17 -.25 8.25 -12.56 -.25 8.58
4 72 -12.56 -.25 8.58 -11.89 -.25 8.78 -11.5 -.25 10.04 -13.31 -.25 9.68
4 72 -9.69 -.25 9.68 -11.5 -.25 10.04 -11.89 -.25 8.78 -11.2 -.25 8.85
3 72 -9.69 -.25 9.68 -11.2 -.25 8.85 -10.51 -.25 8.78
3 72 -9.69 -.25 9.68 -10.51 -.25 8.78 -9.84 -.25 8.58
4 72 -9.23 -.25 8.25 -8.15 -.25 8.65 -9.69 -.25 9.68 -9.84 -.25 8.58
4 72 -9.23 -.25 8.25 -8.69 -.25 7.81 -7.12 -.25 7.11 -8.15 -.25 8.65
3 72 -8.69 -.25 7.81 -8.25 -.25 7.27 -7.12 -.25 7.11
3 72 -8.25 -.25 7.27 -7.92 -.25 6.66 -7.12 -.25 7.11
3 72 -7.12 -.25 7.11 -7.92 -.25 6.66 -7.72 -.25 5.99
4 72 -7.12 -.25 7.11 -7.72 -.25 5.99 -7.65 -.25 5.3 -6.76 -.25 5.3
3 72 -6.76 -.25 5.3 -7.65 -.25 5.3 -7.72 -.25 4.61
4 72 -6.76 -.25 5.3 -7.72 -.25 4.61 -7.92 -.25 3.94 -7.12 -.25 3.49
4 72 -8.25 -.25 3.33 -8.15 -.25 1.95 -7.12 -.25 3.49 -7.92 -.25 3.94
3 72 -8.25 -.25 3.33 -8.69 -.25 2.79 -8.15 -.25 1.95
3 72 -15.88 -.25 7.11 -14.68 -.25 5.99 -14.48 -.25 6.66
4 72 -14.75 -.25 5.3 -14.68 -.25 5.99 -15.88 -.25 7.11 -16.24 -.25 5.3
4 72 -14.75 -.25 5.3 -16.24 -.25 5.3 -15.88 -.25 3.49 -14.68 -.25 4.61
4 72 -14.85 -.25 1.95 -14.48 -.25 3.94 -14.68 -.25 4.61 -15.88 -.25 3.49
3 72 -14.48 -.25 3.94 -14.85 -.25 1.95 -14.15 -.25 3.33
3 72 -14.15 -.25 3.33 -14.85 -.25 1.95 -13.71 -.25 2.79
4 72 -14.85 -.25 1.95 -13.31 -.25 .92 -13.17 -.25 2.35 -13.71 -.25 2.79
4 72 -11.5 -.25 .56 -12.56 -.25 2.02 -13.17 -.25 2.35 -13.31 -.25 .92
3 72 -12.56 -.25 2.02 -11.5 -.25 .56 -11.89 -.25 1.82
4 72 -11.5 -.25 .56 -9.69 -.25 .92 -10.51 -.25 1.82 -11.2 -.25 1.75
4 72 -8.15 -.25 1.95 -9.84 -.25 2.02 -10.51 -.25 1.82 -9.69 -.25 .92
4 72 -10.2 -.25 2.7 -9.84 -.25 2.02 -8.15 -.25 1.95 -9.23 -.25 2.35
3 72 -8.69 -.25 2.79 -9.23 -.25 2.35 -8.15 -.25 1.95
4 0 -11.5 -.25 4.7 -11.9 -.25 5.8 -12.2 -.25 5.2 -11.9 -.25 4.8
4 0 -11.5 -.25 4.7 -11.1 -.25 5.2 -10.7 -.25 6.6 -11.9 -.25 5.8
4 15 -14.15 -.25 7.27 -13.6 -.25 6.9 -12.8 -.25 7.8 -13.71 -.25 7.81
3 15 -13.17 -.25 8.25 -13.71 -.25 7.81 -12.8 -.25 7.8
4 15 -12.3 -.25 8 -11.7 -.25 8.2 -11.89 -.25 8.78 -12.56 -.25 8.58
3 15 -11.2 -.25 8.85 -11.1 -.25 8.2 -10.51 -.25 8.78
4 15 -11.1 -.25 8.2 -10.1 -.25 8 -9.84 -.25 8.58 -10.51 -.25 8.78
4 15 -8.9 -.25 7 -8.69 -.25 7.81 -9.23 -.25 8.25 -9.5 -.25 7.7
3 15 -8.69 -.25 7.81 -8.9 -.25 7 -8.25 -.25 7.27
4 15 -7.72 -.25 5.99 -7.92 -.25 6.66 -8.6 -.25 6.4 -8.4 -.25 6
3 15 -7.65 -.25 5.3 -8.4 -.25 5.3 -7.72 -.25 4.61
4 15 -7.92 -.25 3.94 -7.72 -.25 4.61 -8.4 -.25 5.3 -8.6 -.25 4.2
4 15 -8.25 -.25 3.33 -8.9 -.25 3.7 -9.6 -.25 3 -8.69 -.25 2.79
3 15 -9.6 -.25 3 -9.23 -.25 2.35 -8.69 -.25 2.79
3 15 -11.1 -.25 2.5 -11.2 -.25 1.75 -10.51 -.25 1.82
4 15 -9.84 -.25 2.02 -10.2 -.25 2.7 -11.1 -.25 2.5 -10.51 -.25 1.82
4 15 -12.56 -.25 2.02 -11.89 -.25 1.82 -11.7 -.25 2.6 -12.3 -.25 2.7
4 15 -12.8 -.25 3 -13.5 -.25 3.6 -14.15 -.25 3.33 -13.71 -.25 2.79
3 15 -12.8 -.25 3 -13.71 -.25 2.79 -13.17 -.25 2.35
3 15 -14 -.25 5.3 -14.75 -.25 5.3 -14.68 -.25 4.61
4 15 -14.48 -.25 3.94 -13.8 -.25 4.2 -14 -.25 5.3 -14.68 -.25 4.61
4 15 -14.68 -.25 5.99 -14 -.25 6 -13.8 -.25 6.4 -14.48 -.25 6.66
4 15 -10.7 -.25 6.6 -12.3 -.25 8 -12.8 -.25 7.8 -11.9 -.25 5.8
3 15 -12.8 -.25 7.8 -13.6 -.25 6.9 -11.9 -.25 5.8
4 15 -13.6 -.25 6.9 -13.8 -.25 6.4 -12.2 -.25 5.2 -11.9 -.25 5.8
4 15 -14 -.25 5.3 -12.2 -.25 5.2 -13.8 -.25 6.4 -14 -.25 6
4 15 -11.9 -.25 4.8 -12.2 -.25 5.2 -14 -.25 5.3 -13.8 -.25 4.2
4 15 -12.8 -.25 3 -11.9 -.25 4.8 -13.8 -.25 4.2 -13.5 -.25 3.6
4 15 -12.8 -.25 3 -12.3 -.25 2.7 -11.5 -.25 4.7 -11.9 -.25 4.8
3 15 -11.5 -.25 4.7 -12.3 -.25 2.7 -11.7 -.25 2.6
4 15 -10.2 -.25 2.7 -11.5 -.25 4.7 -11.7 -.25 2.6 -11.1 -.25 2.5
3 15 -11.5 -.25 4.7 -10.2 -.25 2.7 -9.6 -.25 3
4 15 -9.6 -.25 3 -8.9 -.25 3.7 -11.1 -.25 5.2 -11.5 -.25 4.7
4 15 -8.9 -.25 3.7 -8.6 -.25 4.2 -8.4 -.25 5.3 -11.1 -.25 5.2
4 15 -8.4 -.25 5.3 -8.4 -.25 6 -8.6 -.25 6.4 -11.1 -.25 5.2
4 15 -8.6 -.25 6.4 -8.9 -.25 7 -10.7 -.25 6.6 -11.1 -.25 5.2
4 15 -8.9 -.25 7 -9.5 -.25 7.7 -10.1 -.25 8 -10.7 -.25 6.6
4 15 -10.1 -.25 8 -11.1 -.25 8.2 -11.7 -.25 8.2 -10.7 -.25 6.6
3 15 -11.7 -.25 8.2 -12.3 -.25 8 -10.7 -.25 6.6
4 72 -.77 -.25 8.67 -1.46 -.25 8.69 -1.37 -.25 8.12 -.83 -.25 8.04
4 72 .54 -.25 8.23 -.09 -.25 8.51 -.21 -.25 7.92 .31 -.25 7.62
4 72 1.95 -.25 6.72 1.58 -.25 7.31 1.07 -.25 6.94 1.44 -.25 6.38
4 72 2.28 -.25 4.69 2.31 -.25 5.39 1.61 -.25 5.48 1.57 -.25 4.81
4 72 1.84 -.25 3.38 2.13 -.25 4.01 1.54 -.25 4.36 1.19 -.25 3.75
4 72 .34 -.25 1.97 .93 -.25 2.34 .47 -.25 2.9 -.04 -.25 2.62
4 72 -1.69 -.25 1.64 -1 -.25 1.62 -1 -.25 2.36 -1.66 -.25 2.4
4 72 -3 -.25 2.08 -2.54 -.25 2.68 -3.01 -.25 3.07 -3.57 -.25 2.49
4 72 -3.77 -.25 3.96 -4.41 -.25 3.59 -4.04 -.25 3 -3.48 -.25 3.45
4 72 -4.77 -.25 4.92 -4.07 -.25 4.83 -4.03 -.25 5.5 -4.75 -.25 5.62
4 72 -4.3 -.25 6.93 -3.66 -.25 6.55 -3.31 -.25 7.16 -3.9 -.25 7.49
4 72 -2.93 -.25 7.41 -2.51 -.25 7.74 -2.8 -.25 8.33 -3.39 -.25 7.97
4 72 -3.39 -.25 7.97 -2.8 -.25 8.33 -2.72 -.25 9.88 -4.37 -.25 9.06
4 72 -2.8 -.25 8.33 -2.15 -.25 8.58 -.87 -.25 10 -2.72 -.25 9.88
3 72 -.87 -.25 10 -2.15 -.25 8.58 -1.46 -.25 8.69
3 72 -.87 -.25 10 -1.46 -.25 8.69 -.77 -.25 8.67
4 72 .88 -.25 9.41 -.87 -.25 10 -.77 -.25 8.67 -.09 -.25 8.51
4 72 -.09 -.25 8.51 .54 -.25 8.23 2.27 -.25 8.19 .88 -.25 9.41
3 72 .54 -.25 8.23 1.11 -.25 7.82 2.27 -.25 8.19
3 72 2.27 -.25 8.19 1.11 -.25 7.82 1.58 -.25 7.31
4 72 2.27 -.25 8.19 1.58 -.25 7.31 1.95 -.25 6.72 3.09 -.25 6.53
4 72 3.21 -.25 4.69 3.09 -.25 6.53 1.95 -.25 6.72 2.19 -.25 6.07
3 72 2.19 -.25 6.07 2.31 -.25 5.39 3.21 -.25 4.69
3 72 2.31 -.25 5.39 2.28 -.25 4.69 3.21 -.25 4.69
4 72 2.61 -.25 2.94 3.21 -.25 4.69 2.28 -.25 4.69 2.13 -.25 4.01
3 72 2.13 -.25 4.01 1.84 -.25 3.38 2.61 -.25 2.94
3 72 1.84 -.25 3.38 1.44 -.25 2.82 2.61 -.25 2.94
4 72 .93 -.25 2.34 1.39 -.25 1.55 2.61 -.25 2.94 1.44 -.25 2.82
4 72 1.39 -.25 1.55 .93 -.25 2.34 .34 -.25 1.97 -.26 -.25 .73
3 72 .34 -.25 1.97 -.31 -.25 1.73 -.26 -.25 .73
3 72 -4.37 -.25 9.06 -3.9 -.25 7.49 -3.39 -.25 7.97
4 72 -4.37 -.25 9.06 -5.59 -.25 7.67 -4.3 -.25 6.93 -3.9 -.25 7.49
4 72 -6.19 -.25 5.92 -4.59 -.25 6.29 -4.3 -.25 6.93 -5.59 -.25 7.67
4 72 -4.59 -.25 6.29 -6.19 -.25 5.92 -6.07 -.25 4.08 -4.75 -.25 5.62
3 72 -4.75 -.25 5.62 -6.07 -.25 4.08 -4.77 -.25 4.92
3 72 -4.77 -.25 4.92 -6.07 -.25 4.08 -4.66 -.25 4.24
4 72 -6.07 -.25 4.08 -5.25 -.25 2.42 -4.41 -.25 3.59 -4.66 -.25 4.24
4 72 -3.86 -.25 1.2 -4.04 -.25 3 -4.41 -.25 3.59 -5.25 -.25 2.42
3 72 -4.04 -.25 3 -3.86 -.25 1.2 -3.57 -.25 2.49
3 72 -3.57 -.25 2.49 -3.86 -.25 1.2 -3 -.25 2.08
4 72 -3.86 -.25 1.2 -2.11 -.25 .61 -2.37 -.25 1.8 -3 -.25 2.08
4 72 -.26 -.25 .73 -1.69 -.25 1.64 -2.37 -.25 1.8 -2.11 -.25 .61
3 72 -1.69 -.25 1.64 -.26 -.25 .73 -1 -.25 1.62
3 72 -.31 -.25 1.73 -1 -.25 1.62 -.26 -.25 .73
4 0 -2.15 -.25 5.57 -2.09 -.25 5.07 -1.79 -.25 4.79 -1.59 -.25 5.94
4 0 -1.79 -.25 4.79 -1.19 -.25 5.02 -.15 -.25 6.03 -1.59 -.25 5.94
4 15 -2.8 -.25 8.33 -2.51 -.25 7.74 -1.37 -.25 8.12 -2.15 -.25 8.58
3 15 -1.46 -.25 8.69 -2.15 -.25 8.58 -1.37 -.25 8.12
4 15 -.09 -.25 8.51 -.77 -.25 8.67 -.83 -.25 8.04 -.21 -.25 7.92
3 15 .54 -.25 8.23 .31 -.25 7.62 1.11 -.25 7.82
4 15 .31 -.25 7.62 1.07 -.25 6.94 1.58 -.25 7.31 1.11 -.25 7.82
4 15 1.95 -.25 6.72 1.44 -.25 6.38 1.61 -.25 5.48 2.19 -.25 6.07
3 15 2.19 -.25 6.07 1.61 -.25 5.48 2.31 -.25 5.39
4 15 2.13 -.25 4.01 2.28 -.25 4.69 1.57 -.25 4.81 1.54 -.25 4.36
3 15 1.19 -.25 3.75 1.44 -.25 2.82 1.84 -.25 3.38
4 15 .93 -.25 2.34 1.44 -.25 2.82 1.19 -.25 3.75 .47 -.25 2.9
4 15 .34 -.25 1.97 -.04 -.25 2.62 -1 -.25 2.36 -.31 -.25 1.73
3 15 -1 -.25 2.36 -1 -.25 1.62 -.31 -.25 1.73
3 15 -2.54 -.25 2.68 -3 -.25 2.08 -2.37 -.25 1.8
4 15 -1.69 -.25 1.64 -1.66 -.25 2.4 -2.54 -.25 2.68 -2.37 -.25 1.8
4 15 -4.04 -.25 3 -3.57 -.25 2.49 -3.01 -.25 3.07 -3.48 -.25 3.45
4 15 -3.77 -.25 3.96 -4.07 -.25 4.83 -4.77 -.25 4.92 -4.66 -.25 4.24
3 15 -4.66 -.25 4.24 -4.41 -.25 3.59 -3.77 -.25 3.96
3 15 -4.3 -.25 6.93 -4.59 -.25 6.29 -3.66 -.25 6.55
4 15 -3.66 -.25 6.55 -4.59 -.25 6.29 -4.75 -.25 5.62 -4.03 -.25 5.5
4 15 -2.93 -.25 7.41 -3.39 -.25 7.97 -3.9 -.25 7.49 -3.31 -.25 7.16
3 15 -1.37 -.25 8.12 -2.51 -.25 7.74 -1.59 -.25 5.94
4 15 -2.15 -.25 5.57 -1.59 -.25 5.94 -2.51 -.25 7.74 -2.93 -.25 7.41
4 15 -2.93 -.25 7.41 -3.31 -.25 7.16 -3.66 -.25 6.55 -2.15 -.25 5.57
4 15 -2.09 -.25 5.07 -2.15 -.25 5.57 -3.66 -.25 6.55 -4.03 -.25 5.5
4 15 -3.77 -.25 3.96 -2.09 -.25 5.07 -4.03 -.25 5.5 -4.07 -.25 4.83
4 15 -1.79 -.25 4.79 -2.09 -.25 5.07 -3.77 -.25 3.96 -3.48 -.25 3.45
3 15 -1.79 -.25 4.79 -3.48 -.25 3.45 -3.01 -.25 3.07
4 15 -1.66 -.25 2.4 -1.79 -.25 4.79 -3.01 -.25 3.07 -2.54 -.25 2.68
3 15 -1.79 -.25 4.79 -1.66 -.25 2.4 -1 -.25 2.36
4 15 -1 -.25 2.36 -.04 -.25 2.62 -1.19 -.25 5.02 -1.79 -.25 4.79
4 15 1.19 -.25 3.75 -1.19 -.25 5.02 -.04 -.25 2.62 .47 -.25 2.9
4 15 1.19 -.25 3.75 1.54 -.25 4.36 1.57 -.25 4.81 -1.19 -.25 5.02
4 15 1.57 -.25 4.81 1.61 -.25 5.48 -.15 -.25 6.03 -1.19 -.25 5.02
4 15 1.61 -.25 5.48 1.44 -.25 6.38 1.07 -.25 6.94 -.15 -.25 6.03
4 15 1.07 -.25 6.94 .31 -.25 7.62 -.21 -.25 7.92 -.15 -.25 6.03
3 15 -.83 -.25 8.04 -.15 -.25 6.03 -.21 -.25 7.92
4 15 -1.37 -.25 8.12 -1.59 -.25 5.94 -.15 -.25 6.03 -.83 -.25 8.04
4 72 7.8 -.25 8.4 8.3 -.25 9.3 5 -.25 9.3 6 -.25 8.4
4 72 7.8 -.25 3.4 8.3 -.25 2.5 8.3 -.25 9.3 7.8 -.25 8.4
4 0 6.5 -.25 3.4 6.5 -.25 4 6 -.25 4 6 -.25 3.4
4 0 7 -.25 4 7 -.25 3.4 7.5 -.25 3.4 7.5 -.25 4
4 0 6.5 -.25 4.6 6.5 -.25 4 7 -.25 4 7 -.25 4.6
4 0 7 -.25 4.6 7.5 -.25 4.6 7.5 -.25 5.1 7 -.25 5.1
4 0 6 -.25 4.6 6.5 -.25 4.6 6.5 -.25 5.1 6 -.25 5.1
4 0 7 -.25 5.3 7 -.25 5.8 6.5 -.25 5.8 6.5 -.25 5.3
4 0 6 -.25 6 6.5 -.25 6 6.5 -.25 6.5 6 -.25 6.5
4 0 7 -.25 6.5 7 -.25 6 7.5 -.25 6 7.5 -.25 6.5
4 0 7.3 -.25 5.3 7.5 -.25 5.3 7.5 -.25 5.8 7.3 -.25 5.8
4 0 6.2 -.25 5.8 6 -.25 5.8 6 -.25 5.3 6.2 -.25 5.3
4 0 6.9 -.25 6.7 6.9 -.25 7 6.6 -.25 7 6.6 -.25 6.7
4 0 7.5 -.25 6.7 7.5 -.25 7 7.2 -.25 7 7.2 -.25 6.7
4 0 6 -.25 6.7 6.3 -.25 6.7 6.3 -.25 7 6 -.25 7
4 0 6.3 -.25 7.5 6.3 -.25 7.2 6.6 -.25 7.2 6.6 -.25 7.5
4 0 6.9 -.25 7.5 6.9 -.25 7.2 7.2 -.25 7.2 7.2 -.25 7.5
4 0 7.5 -.25 7.2 7.5 -.25 7.5 7.4 -.25 7.5 7.4 -.25 7.2
4 0 6.6 -.25 7.7 6.8 -.25 7.7 6.8 -.25 8 6.6 -.25 8
4 0 7.4 -.25 7.7 7.4 -.25 8 7.2 -.25 8 7.2 -.25 7.7
4 0 6.2 -.25 8 6 -.25 8 6 -.25 7.7 6.2 -.25 7.7
4 15 6.5 -.25 4 6.5 -.25 3.4 7 -.25 3.4 7 -.25 4
3 15 7.5 -.25 4 7.5 -.25 3.4 7.8 -.25 3.4
3 15 7.5 -.25 4.6 7.5 -.25 4 7.8 -.25 3.4
4 15 7 -.25 4.6 7 -.25 4 7.5 -.25 4 7.5 -.25 4.6
4 15 6.5 -.25 4 6.5 -.25 4.6 6 -.25 4.6 6 -.25 4
4 15 6.5 -.25 5.1 6.5 -.25 4.6 7 -.25 4.6 7 -.25 5.1
4 15 7 -.25 5.1 7 -.25 5.3 6.5 -.25 5.3 6.5 -.25 5.1
4 15 7 -.25 5.3 7 -.25 5.1 7.5 -.25 5.1 7.3 -.25 5.3
3 15 7.5 -.25 5.3 7.3 -.25 5.3 7.5 -.25 5.1
4 15 7 -.25 5.8 7 -.25 5.3 7.3 -.25 5.3 7.3 -.25 5.8
4 15 6.2 -.25 5.8 6.2 -.25 5.3 6.5 -.25 5.3 6.5 -.25 5.8
4 15 6.2 -.25 5.3 6 -.25 5.1 6.5 -.25 5.1 6.5 -.25 5.3
3 15 6.2 -.25 5.3 6 -.25 5.3 6 -.25 5.1
4 15 6 -.25 5.8 6.2 -.25 5.8 6.5 -.25 6 6 -.25 6
4 15 6.2 -.25 5.8 6.5 -.25 5.8 7 -.25 6 6.5 -.25 6
3 15 7 -.25 6 6.5 -.25 5.8 7 -.25 5.8
4 15 7 -.25 5.8 7.3 -.25 5.8 7.5 -.25 6 7 -.25 6
3 15 7.5 -.25 6 7.3 -.25 5.8 7.5 -.25 5.8
4 15 6.5 -.25 6.5 6.5 -.25 6 7 -.25 6 7 -.25 6.5
4 15 6 -.25 6.5 6.5 -.25 6.5 6.3 -.25 6.7 6 -.25 6.7
4 15 6.6 -.25 7 6.3 -.25 6.7 6.5 -.25 6.5 6.6 -.25 6.7
4 15 6.5 -.25 6.5 7 -.25 6.5 6.9 -.25 6.7 6.6 -.25 6.7
4 15 7.2 -.25 7 6.9 -.25 6.7 7 -.25 6.5 7.2 -.25 6.7
4 15 7 -.25 6.5 7.5 -.25 6.5 7.5 -.25 6.7 7.2 -.25 6.7
4 15 6.6 -.25 7.2 6.3 -.25 7 6.3 -.25 6.7 6.6 -.25 7
4 15 6 -.25 7 6.3 -.25 7 6.6 -.25 7.2 6.3 -.25 7.2
4 15 6.6 -.25 7.2 6.6 -.25 7 6.9 -.25 7 6.9 -.25 7.2
3 15 7.2 -.25 7.2 6.9 -.25 7.2 6.9 -.25 7
4 15 6.9 -.25 6.7 7.2 -.25 7 7.2 -.25 7.2 6.9 -.25 7
4 15 7.2 -.25 7.2 7.2 -.25 7 7.5 -.25 7 7.4 -.25 7.2
3 15 7.5 -.25 7.2 7.4 -.25 7.2 7.5 -.25 7
4 15 6 -.25 7 6.3 -.25 7.5 6.2 -.25 7.7 6 -.25 7.7
3 15 6.3 -.25 7.5 6 -.25 7 6.3 -.25 7.2
4 15 6.6 -.25 7.5 6.6 -.25 7.2 6.9 -.25 7.2 6.9 -.25 7.5
4 15 7.2 -.25 7.5 7.2 -.25 7.2 7.4 -.25 7.2 7.4 -.25 7.5
4 15 7.2 -.25 7.7 7.2 -.25 7.5 7.4 -.25 7.5 7.4 -.25 7.7
3 15 7.4 -.25 7.7 7.4 -.25 7.5 7.5 -.25 7.5
4 15 7.5 -.25 7.5 7.8 -.25 8.4 7.4 -.25 8 7.4 -.25 7.7
3 15 6 -.25 8.4 6 -.25 8 6.2 -.25 8
3 15 6 -.25 8.4 6.2 -.25 8 6.6 -.25 8
4 15 6.6 -.25 8 6.8 -.25 8 7.8 -.25 8.4 6 -.25 8.4
3 15 7.8 -.25 8.4 6.8 -.25 8 7.2 -.25 8
3 15 7.8 -.25 8.4 7.2 -.25 8 7.4 -.25 8
4 15 6.8 -.25 8 6.8 -.25 7.7 7.2 -.25 7.7 7.2 -.25 8
4 15 7.2 -.25 7.5 7.2 -.25 7.7 6.8 -.25 7.7 6.9 -.25 7.5
4 15 6.6 -.25 7.7 6.6 -.25 7.5 6.9 -.25 7.5 6.8 -.25 7.7
4 15 6.2 -.25 7.7 6.3 -.25 7.5 6.6 -.25 7.5 6.6 -.25 7.7
4 15 6.2 -.25 8 6.2 -.25 7.7 6.6 -.25 7.7 6.6 -.25 8
4 72 13.5 -.25 8.4 14 -.25 9.3 10.7 -.25 9.3 11.7 -.25 8.4
4 72 13.5 -.25 3.4 14 -.25 2.5 14 -.25 9.3 13.5 -.25 8.4
4 0 12.2 -.25 3.4 12.2 -.25 4 11.7 -.25 4 11.7 -.25 3.4
4 0 12.7 -.25 4 12.7 -.25 3.4 13.2 -.25 3.4 13.2 -.25 4
4 0 12.7 -.25 4 12.7 -.25 4.6 12.2 -.25 4.6 12.2 -.25 4
4 0 12.7 -.25 4.6 13.2 -.25 4.6 13.2 -.25 5.1 12.7 -.25 5.1
4 0 12.2 -.25 5.1 11.7 -.25 5.1 11.7 -.25 4.6 12.2 -.25 4.6
4 0 12.7 -.25 5.3 12.7 -.25 5.8 12.2 -.25 5.8 12.2 -.25 5.3
4 0 11.7 -.25 6 12.2 -.25 6 12.2 -.25 6.5 11.7 -.25 6.5
4 0 12.7 -.25 6.5 12.7 -.25 6 13.2 -.25 6 13.2 -.25 6.5
4 0 13 -.25 5.3 13.2 -.25 5.3 13.2 -.25 5.8 13 -.25 5.8
4 0 11.9 -.25 5.8 11.7 -.25 5.8 11.7 -.25 5.3 11.9 -.25 5.3
4 0 12.3 -.25 7 12.3 -.25 6.7 12.6 -.25 6.7 12.6 -.25 7
4 0 13.2 -.25 6.7 13.2 -.25 7 12.9 -.25 7 12.9 -.25 6.7
4 0 12 -.25 7 11.7 -.25 7 11.7 -.25 6.7 12 -.25 6.7
4 0 12 -.25 7.5 12 -.25 7.2 12.3 -.25 7.2 12.3 -.25 7.5
4 0 12.6 -.25 7.5 12.6 -.25 7.2 12.9 -.25 7.2 12.9 -.25 7.5
4 0 13.2 -.25 7.2 13.2 -.25 7.5 13.1 -.25 7.5 13.1 -.25 7.2
4 0 12.3 -.25 7.7 12.5 -.25 7.7 12.5 -.25 8 12.3 -.25 8
4 0 13.1 -.25 7.7 13.1 -.25 8 12.9 -.25 8 12.9 -.25 7.7
4 0 11.7 -.25 7.7 11.9 -.25 7.7 11.9 -.25 8 11.7 -.25 8
4 15 12.2 -.25 4 12.2 -.25 3.4 12.7 -.25 3.4 12.7 -.25 4
3 15 13.2 -.25 4 13.2 -.25 3.4 13.5 -.25 3.4
3 15 13.2 -.25 4.6 13.2 -.25 4 13.5 -.25 3.4
4 15 12.7 -.25 4.6 12.7 -.25 4 13.2 -.25 4 13.2 -.25 4.6
4 15 12.2 -.25 4 12.2 -.25 4.6 11.7 -.25 4.6 11.7 -.25 4
4 15 12.2 -.25 5.1 12.2 -.25 4.6 12.7 -.25 4.6 12.7 -.25 5.1
4 15 12.7 -.25 5.1 12.7 -.25 5.3 12.2 -.25 5.3 12.2 -.25 5.1
4 15 12.7 -.25 5.3 12.7 -.25 5.1 13.2 -.25 5.1 13 -.25 5.3
3 15 13.2 -.25 5.3 13 -.25 5.3 13.2 -.25 5.1
4 15 12.7 -.25 5.8 12.7 -.25 5.3 13 -.25 5.3 13 -.25 5.8
4 15 11.9 -.25 5.8 11.9 -.25 5.3 12.2 -.25 5.3 12.2 -.25 5.8
4 15 11.9 -.25 5.3 11.7 -.25 5.1 12.2 -.25 5.1 12.2 -.25 5.3
3 15 11.9 -.25 5.3 11.7 -.25 5.3 11.7 -.25 5.1
4 15 11.7 -.25 5.8 11.9 -.25 5.8 12.2 -.25 6 11.7 -.25 6
4 15 11.9 -.25 5.8 12.2 -.25 5.8 12.7 -.25 6 12.2 -.25 6
3 15 12.7 -.25 6 12.2 -.25 5.8 12.7 -.25 5.8
4 15 12.7 -.25 5.8 13 -.25 5.8 13.2 -.25 6 12.7 -.25 6
3 15 13.2 -.25 6 13 -.25 5.8 13.2 -.25 5.8
4 15 12.7 -.25 6 12.7 -.25 6.5 12.2 -.25 6.5 12.2 -.25 6
4 15 11.7 -.25 6.5 12.2 -.25 6.5 12 -.25 6.7 11.7 -.25 6.7
4 15 12.2 -.25 6.5 12.7 -.25 6.5 12.6 -.25 6.7 12.3 -.25 6.7
4 15 12.9 -.25 7 12.6 -.25 6.7 12.7 -.25 6.5 12.9 -.25 6.7
4 15 12.7 -.25 6.5 13.2 -.25 6.5 13.2 -.25 6.7 12.9 -.25 6.7
4 15 12.3 -.25 7.2 12 -.25 7 12 -.25 6.7 12.3 -.25 7
4 15 12.2 -.25 6.5 12.3 -.25 6.7 12.3 -.25 7 12 -.25 6.7
4 15 12.9 -.25 7.2 12.6 -.25 7 12.6 -.25 6.7 12.9 -.25 7
4 15 11.7 -.25 7 12 -.25 7 12.3 -.25 7.2 12 -.25 7.2
4 15 12.3 -.25 7.2 12.3 -.25 7 12.6 -.25 7 12.6 -.25 7.2
3 15 12.9 -.25 7.2 12.6 -.25 7.2 12.6 -.25 7
4 15 12.9 -.25 7.2 12.9 -.25 7 13.2 -.25 7 13.1 -.25 7.2
3 15 13.2 -.25 7.2 13.1 -.25 7.2 13.2 -.25 7
4 15 11.7 -.25 7 12 -.25 7.5 11.9 -.25 7.7 11.7 -.25 7.7
3 15 12 -.25 7.5 11.7 -.25 7 12 -.25 7.2
4 15 12.3 -.25 7.5 12.3 -.25 7.2 12.6 -.25 7.2 12.6 -.25 7.5
4 15 12.9 -.25 7.5 12.9 -.25 7.2 13.1 -.25 7.2 13.1 -.25 7.5
4 15 12.9 -.25 7.7 12.9 -.25 7.5 13.1 -.25 7.5 13.1 -.25 7.7
3 15 13.1 -.25 7.7 13.1 -.25 7.5 13.2 -.25 7.5
4 15 13.2 -.25 7.5 13.5 -.25 8.4 13.1 -.25 8 13.1 -.25 7.7
3 15 11.7 -.25 8.4 11.7 -.25 8 11.9 -.25 8
3 15 11.7 -.25 8.4 11.9 -.25 8 12.3 -.25 8
4 15 12.3 -.25 8 12.5 -.25 8 13.5 -.25 8.4 11.7 -.25 8.4
3 15 13.5 -.25 8.4 12.5 -.25 8 12.9 -.25 8
3 15 13.5 -.25 8.4 12.9 -.25 8 13.1 -.25 8
4 15 12.5 -.25 8 12.5 -.25 7.7 12.9 -.25 7.7 12.9 -.25 8
4 15 12.9 -.25 7.5 12.9 -.25 7.7 12.5 -.25 7.7 12.6 -.25 7.5
4 15 12.3 -.25 7.7 12.3 -.25 7.5 12.6 -.25 7.5 12.5 -.25 7.7
4 15 12.3 -.25 7.5 12.3 -.25 7.7 11.9 -.25 7.7 12 -.25 7.5
4 15 11.9 -.25 8 11.9 -.25 7.7 12.3 -.25 7.7 12.3 -.25 8
4 0 5.6 -.25 -1.4 5.8 -.25 -1.4 5.8 -.25 -1.2 5.6 -.25 -1
4 0 5.6 -.25 -1 5.8 -.25 -1.2 6 -.25 -1.2 6 -.25 -1
4 0 6.2 -.25 -.7 6 -.25 -.5 6 -.25 -.9 6.2 -.25 -.9
4 0 6 -.25 -.5 6.2 -.25 -.7 6.4 -.25 -.7 6.4 -.25 -.5
4 0 6.6 -.25 -.2 6.4 -.25 0 6.4 -.25 -.4 6.6 -.25 -.4
4 0 6.4 -.25 0 6.6 -.25 -.2 6.8 -.25 -.2 6.8 -.25 0
4 0 7 -.25 -.7 6.8 -.25 -.5 6.8 -.25 -.9 7 -.25 -.9
4 0 6.8 -.25 -.5 7 -.25 -.7 7.2 -.25 -.7 7.2 -.25 -.5
4 0 6.4 -.25 -1.4 6.6 -.25 -1.4 6.6 -.25 -1.2 6.4 -.25 -1
4 0 6.4 -.25 -1 6.6 -.25 -1.2 6.8 -.25 -1.2 6.8 -.25 -1
4 0 6.1 -.25 -1.6 5.9 -.25 -1.4 5.9 -.25 -1.8 6.1 -.25 -1.8
4 0 5.9 -.25 -1.4 6.1 -.25 -1.6 6.3 -.25 -1.6 6.3 -.25 -1.4
4 0 6.6 -.25 -2 6.4 -.25 -1.8 6.4 -.25 -2.2 6.6 -.25 -2.2
4 0 6.4 -.25 -1.8 6.6 -.25 -2 6.8 -.25 -2 6.8 -.25 -1.8
4 0 7.1 -.25 -1.6 6.9 -.25 -1.4 6.9 -.25 -1.8 7.1 -.25 -1.8
4 0 6.9 -.25 -1.4 7.1 -.25 -1.6 7.3 -.25 -1.6 7.3 -.25 -1.4
4 0 7.3 -.25 -1.3 7.5 -.25 -1.3 7.5 -.25 -1.1 7.3 -.25 -.9
4 0 7.3 -.25 -.9 7.5 -.25 -1.1 7.7 -.25 -1.1 7.7 -.25 -.9
4 0 7.9 -.25 -1.6 7.7 -.25 -1.4 7.7 -.25 -1.8 7.9 -.25 -1.8
4 0 7.7 -.25 -1.4 7.9 -.25 -1.6 8.1 -.25 -1.6 8.1 -.25 -1.4
4 0 7.5 -.25 -2 7.3 -.25 -1.8 7.3 -.25 -2.2 7.5 -.25 -2.2
4 0 7.3 -.25 -1.8 7.5 -.25 -2 7.7 -.25 -2 7.7 -.25 -1.8
4 0 5.5 -.25 -.7 5.3 -.25 -.5 5.3 -.25 -.9 5.5 -.25 -.9
4 0 5.3 -.25 -.5 5.5 -.25 -.7 5.7 -.25 -.7 5.7 -.25 -.5
4 0 5.7 -.25 -.4 5.9 -.25 -.4 5.9 -.25 -.2 5.7 -.25 0
4 0 5.7 -.25 0 5.9 -.25 -.2 6.1 -.25 -.2 6.1 -.25 0
4 0 6.3 -.25 .3 6.1 -.25 .5 6.1 -.25 .1 6.3 -.25 .1
4 0 6.1 -.25 .5 6.3 -.25 .3 6.5 -.25 .3 6.5 -.25 .5
4 0 6.9 -.25 .1 7.3 -.25 .1 7.3 -.25 .3 6.9 -.25 .3
4 0 7.7 -.25 -.1 7.3 -.25 -.1 7.3 -.25 -.3 7.7 -.25 -.3
4 0 7.7 -.25 -.7 8.1 -.25 -.7 8.1 -.25 -.5 7.7 -.25 -.5
4 0 8.1 -.25 .3 7.7 -.25 .3 7.7 -.25 .1 8.1 -.25 .1
4 0 6.9 -.25 .8 6.5 -.25 .8 6.5 -.25 .6 6.9 -.25 .6
4 0 7.6 -.25 .7 7.2 -.25 .7 7.2 -.25 .5 7.6 -.25 .5
4 0 8.1 -.25 -.3 8.5 -.25 -.3 8.5 -.25 -.1 8.1 -.25 -.1
4 0 8.4 -.25 -.9 8 -.25 -.9 8 -.25 -1.1 8.4 -.25 -1.1
4 72 7 -.25 1.13 6.8 -.25 1.91 6.29 -.25 1.86 6.64 -.25 1.1
4 72 6.8 -.25 1.91 7 -.25 1.13 7.36 -.25 1.1 7.31 -.25 1.86
4 72 7.31 -.25 1.86 7.36 -.25 1.1 7.7 -.25 .99 7.8 -.25 1.71
4 72 7.8 -.25 1.71 7.7 -.25 .99 8.02 -.25 .82 8.25 -.25 1.47
4 72 8.25 -.25 1.47 8.02 -.25 .82 8.3 -.25 .6 8.64 -.25 1.14
4 72 8.64 -.25 1.14 8.3 -.25 .6 8.52 -.25 .32 8.97 -.25 .75
4 72 8.69 -.25 0 9.21 -.25 .3 8.97 -.25 .75 8.52 -.25 .32
4 72 9.21 -.25 .3 8.69 -.25 0 8.8 -.25 -.34 9.36 -.25 -.19
4 72 8.83 -.25 -.7 9.41 -.25 -.7 9.36 -.25 -.19 8.8 -.25 -.34
4 72 9.41 -.25 -.7 8.83 -.25 -.7 8.8 -.25 -1.06 9.36 -.25 -1.21
4 72 8.69 -.25 -1.4 9.21 -.25 -1.7 9.36 -.25 -1.21 8.8 -.25 -1.06
4 72 9.21 -.25 -1.7 8.69 -.25 -1.4 8.52 -.25 -1.72 8.97 -.25 -2.15
4 72 8.97 -.25 -2.15 8.52 -.25 -1.72 8.3 -.25 -2 8.64 -.25 -2.54
4 72 8.64 -.25 -2.54 8.3 -.25 -2 8.02 -.25 -2.22 8.25 -.25 -2.87
4 72 7.7 -.25 -2.39 7.8 -.25 -3.11 8.25 -.25 -2.87 8.02 -.25 -2.22
4 72 7.8 -.25 -3.11 7.7 -.25 -2.39 7.36 -.25 -2.5 7.31 -.25 -3.26
4 72 7 -.25 -2.53 6.8 -.25 -3.31 7.31 -.25 -3.26 7.36 -.25 -2.5
4 72 6.64 -.25 -2.5 6.29 -.25 -3.26 6.8 -.25 -3.31 7 -.25 -2.53
4 72 6.3 -.25 -2.39 5.8 -.25 -3.11 6.29 -.25 -3.26 6.64 -.25 -2.5
4 72 5.98 -.25 -2.22 5.35 -.25 -2.87 5.8 -.25 -3.11 6.3 -.25 -2.39
4 72 5.7 -.25 -2 4.96 -.25 -2.54 5.35 -.25 -2.87 5.98 -.25 -2.22
4 72 5.48 -.25 -1.72 4.63 -.25 -2.15 4.96 -.25 -2.54 5.7 -.25 -2
4 72 4.63 -.25 -2.15 5.48 -.25 -1.72 5.31 -.25 -1.4 4.39 -.25 -1.7
4 72 4.39 -.25 -1.7 5.31 -.25 -1.4 5.2 -.25 -1.06 4.24 -.25 -1.21
4 72 4.24 -.25 -1.21 5.2 -.25 -1.06 5.17 -.25 -.7 4.19 -.25 -.7
4 72 4.19 -.25 -.7 5.17 -.25 -.7 5.2 -.25 -.34 4.24 -.25 -.19
4 72 5.31 -.25 0 4.39 -.25 .3 4.24 -.25 -.19 5.2 -.25 -.34
4 72 4.39 -.25 .3 5.31 -.25 0 5.48 -.25 .32 4.63 -.25 .75
4 72 4.63 -.25 .75 5.48 -.25 .32 5.7 -.25 .6 4.96 -.25 1.14
4 72 4.96 -.25 1.14 5.7 -.25 .6 5.98 -.25 .82 5.35 -.25 1.47
4 72 6.3 -.25 .99 5.8 -.25 1.71 5.35 -.25 1.47 5.98 -.25 .82
4 72 5.8 -.25 1.71 6.3 -.25 .99 6.64 -.25 1.1 6.29 -.25 1.86
4 15 7.7 -.25 -1.4 7.7 -.25 -1.1 7.5 -.25 -1.1 7.5 -.25 -1.3
4 15 7.7 -.25 -1.1 7.7 -.25 -1.4 8.1 -.25 -1.4 8 -.25 -1.1
4 15 8.69 -.25 -1.4 8.4 -.25 -1.1 8 -.25 -1.1 8.1 -.25 -1.4
4 15 8.69 -.25 -1.4 8.1 -.25 -1.4 8.1 -.25 -1.6 8.52 -.25 -1.72
4 15 8.52 -.25 -1.72 8.1 -.25 -1.6 7.9 -.25 -1.6 8.3 -.25 -2
4 15 7.9 -.25 -1.6 7.9 -.25 -1.8 8.02 -.25 -2.22 8.3 -.25 -2
4 15 7.7 -.25 -2 8.02 -.25 -2.22 7.9 -.25 -1.8 7.7 -.25 -1.8
4 15 8.02 -.25 -2.22 7.7 -.25 -2 7.5 -.25 -2 7.7 -.25 -2.39
3 15 7.5 -.25 -2 7.5 -.25 -2.2 7.7 -.25 -2.39
4 15 7.3 -.25 -1.4 7.7 -.25 -1.8 7.7 -.25 -1.4 7.5 -.25 -1.3
4 15 7.3 -.25 -1.8 7.3 -.25 -1.6 7.1 -.25 -1.6 7.1 -.25 -1.8
3 15 7.3 -.25 -1.6 7.3 -.25 -1.8 7.7 -.25 -1.8
3 15 7.3 -.25 -1.4 7.3 -.25 -1.6 7.7 -.25 -1.8
4 15 7 -.25 -.7 7 -.25 -.9 7.3 -.25 -.9 7.2 -.25 -.7
3 15 7.3 -.25 -.9 6.9 -.25 -1.4 7.3 -.25 -1.3
4 15 7.5 -.25 -1.3 7.3 -.25 -1.3 6.9 -.25 -1.4 7.3 -.25 -1.4
4 15 7.7 -.25 -.9 7.7 -.25 -1.1 8 -.25 -1.1 8 -.25 -.9
4 15 7.7 -.25 -.9 8 -.25 -.9 8.1 -.25 -.7 7.7 -.25 -.7
3 15 8.1 -.25 -.7 8 -.25 -.9 8.4 -.25 -.9
4 15 8.83 -.25 -.7 8.4 -.25 -.9 8.4 -.25 -1.1 8.8 -.25 -1.06
3 15 8.8 -.25 -1.06 8.4 -.25 -1.1 8.69 -.25 -1.4
3 15 7.7 -.25 -.7 7.3 -.25 -.9 7.7 -.25 -.9
4 15 7.3 -.25 -.9 7.7 -.25 -.7 7.7 -.25 -.5 7.2 -.25 -.7
4 15 7.2 -.25 -.7 7.7 -.25 -.5 7.3 -.25 -.3 7.2 -.25 -.5
3 15 7.7 -.25 -.3 7.3 -.25 -.3 7.7 -.25 -.5
4 15 8.1 -.25 -.5 8.1 -.25 -.3 7.7 -.25 -.3 7.7 -.25 -.5
4 15 8.1 -.25 -.3 8.1 -.25 -.5 8.83 -.25 -.7 8.5 -.25 -.3
4 15 8.4 -.25 -.9 8.83 -.25 -.7 8.1 -.25 -.5 8.1 -.25 -.7
4 15 8.83 -.25 -.7 8.8 -.25 -.34 8.5 -.25 -.1 8.5 -.25 -.3
3 15 8.69 -.25 0 8.5 -.25 -.1 8.8 -.25 -.34
4 15 7.7 -.25 -.1 7.7 -.25 -.3 8.1 -.25 -.3 8.1 -.25 -.1
4 15 7.7 -.25 .1 7.7 -.25 -.1 8.1 -.25 -.1 8.1 -.25 .1
4 15 7.3 -.25 .1 7.3 -.25 -.1 7.7 -.25 -.1 7.7 -.25 .1
4 15 7.3 -.25 .3 7.3 -.25 .1 7.7 -.25 .1 7.7 -.25 .3
4 15 6.8 -.25 0 7.3 -.25 -.1 7.3 -.25 .1 6.9 -.25 .1
4 15 6.8 -.25 0 6.8 -.25 -.2 7.3 -.25 -.3 7.3 -.25 -.1
4 15 7.2 -.25 -.5 7.3 -.25 -.3 6.8 -.25 -.2 6.8 -.25 -.5
4 15 6.6 -.25 -.2 6.6 -.25 -.4 6.8 -.25 -.5 6.8 -.25 -.2
4 15 6.4 -.25 -.7 6.8 -.25 -.5 6.6 -.25 -.4 6.4 -.25 -.5
3 15 6.8 -.25 -.5 6.4 -.25 -.7 6.8 -.25 -.9
4 15 6.4 -.25 -.7 6.4 -.25 -1 6.8 -.25 -1 6.8 -.25 -.9
3 15 7 -.25 -.9 6.8 -.25 -.9 6.8 -.25 -1
3 15 7 -.25 -.9 6.8 -.25 -1 6.8 -.25 -1.2
4 15 7.3 -.25 -.9 7 -.25 -.9 6.8 -.25 -1.2 6.9 -.25 -1.4
4 15 6.9 -.25 -1.4 6.8 -.25 -1.2 6.6 -.25 -1.2 6.6 -.25 -1.4
3 15 8.1 -.25 .1 8.1 -.25 -.1 8.5 -.25 -.1
4 15 8.69 -.25 0 8.52 -.25 .32 8.1 -.25 .1 8.5 -.25 -.1
4 15 8.3 -.25 .6 8.1 -.25 .3 8.1 -.25 .1 8.52 -.25 .32
3 15 8.02 -.25 .82 8.1 -.25 .3 8.3 -.25 .6
4 15 7.7 -.25 .3 8.1 -.25 .3 8.02 -.25 .82 7.6 -.25 .5
4 15 7.6 -.25 .7 7.6 -.25 .5 8.02 -.25 .82 7.7 -.25 .99
4 15 7.7 -.25 .99 7.36 -.25 1.1 7.2 -.25 .7 7.6 -.25 .7
4 15 7.36 -.25 1.1 7 -.25 1.13 6.9 -.25 .8 7.2 -.25 .7
4 15 6.9 -.25 .8 6.9 -.25 .6 7.2 -.25 .5 7.2 -.25 .7
4 15 7.3 -.25 .3 7.2 -.25 .5 6.9 -.25 .6 6.9 -.25 .3
4 15 7.2 -.25 .5 7.3 -.25 .3 7.7 -.25 .3 7.6 -.25 .5
4 15 7 -.25 1.13 6.64 -.25 1.1 6.5 -.25 .8 6.9 -.25 .8
4 15 5.98 -.25 .82 6.5 -.25 .8 6.64 -.25 1.1 6.3 -.25 .99
4 15 6.5 -.25 .8 5.98 -.25 .82 6.1 -.25 .5 6.5 -.25 .6
4 15 6.1 -.25 .5 6.5 -.25 .5 6.9 -.25 .6 6.5 -.25 .6
4 15 6.9 -.25 .6 6.5 -.25 .5 6.5 -.25 .3 6.9 -.25 .3
4 15 6.3 -.25 .1 6.9 -.25 .1 6.9 -.25 .3 6.5 -.25 .3
4 15 6.9 -.25 .1 6.3 -.25 .1 6.4 -.25 0 6.8 -.25 0
3 15 6.5 -.25 .3 6.3 -.25 .3 6.3 -.25 .1
3 15 5.98 -.25 .82 5.7 -.25 .6 6.1 -.25 .5
4 15 5.7 -.25 .6 5.48 -.25 .32 6.1 -.25 .1 6.1 -.25 .5
4 15 5.48 -.25 .32 5.7 -.25 0 6.1 -.25 0 6.1 -.25 .1
4 15 6.1 -.25 .1 6.1 -.25 0 6.4 -.25 0 6.3 -.25 .1
4 15 6.1 -.25 0 6.1 -.25 -.2 6.4 -.25 -.4 6.4 -.25 0
4 15 6 -.25 -.5 6.4 -.25 -.4 6.1 -.25 -.2 5.9 -.25 -.4
3 15 6.1 -.25 -.2 5.9 -.25 -.2 5.9 -.25 -.4
4 15 5.2 -.25 -.34 5.7 -.25 0 5.48 -.25 .32 5.31 -.25 0
4 15 5.7 -.25 0 5.2 -.25 -.34 5.3 -.25 -.5 5.7 -.25 -.4
4 15 5.3 -.25 -.5 5.7 -.25 -.5 5.9 -.25 -.4 5.7 -.25 -.4
4 15 5.7 -.25 -.7 6 -.25 -.5 5.9 -.25 -.4 5.7 -.25 -.5
4 15 6 -.25 -.5 6.4 -.25 -.5 6.6 -.25 -.4 6.4 -.25 -.4
3 15 6 -.25 -.5 5.7 -.25 -.7 6 -.25 -.9
3 15 5.7 -.25 -.7 5.5 -.25 -.7 5.5 -.25 -.9
4 15 6.2 -.25 -.7 6.2 -.25 -.9 6.4 -.25 -1 6.4 -.25 -.7
4 15 6 -.25 -1 6.4 -.25 -1 6.2 -.25 -.9 6 -.25 -.9
4 15 6 -.25 -1 6 -.25 -1.2 6.4 -.25 -1.4 6.4 -.25 -1
3 15 6 -.25 -1.2 6.3 -.25 -1.4 6.4 -.25 -1.4
3 15 6 -.25 -1.2 5.9 -.25 -1.4 6.3 -.25 -1.4
4 15 6 -.25 -1.2 5.8 -.25 -1.2 5.8 -.25 -1.4 5.9 -.25 -1.4
3 15 5.5 -.25 -.9 5.6 -.25 -1 6 -.25 -1
4 15 5.7 -.25 -.7 5.5 -.25 -.9 6 -.25 -1 6 -.25 -.9
4 15 5.2 -.25 -.34 5.17 -.25 -.7 5.3 -.25 -.9 5.3 -.25 -.5
3 15 5.17 -.25 -.7 5.2 -.25 -1.06 5.3 -.25 -.9
4 15 5.3 -.25 -.9 5.2 -.25 -1.06 5.6 -.25 -1 5.5 -.25 -.9
4 15 5.6 -.25 -1 5.2 -.25 -1.06 5.31 -.25 -1.4 5.6 -.25 -1.4
4 15 5.8 -.25 -1.4 5.48 -.25 -1.72 5.9 -.25 -1.8 5.9 -.25 -1.4
3 15 5.48 -.25 -1.72 5.7 -.25 -2 5.9 -.25 -1.8
4 15 5.7 -.25 -2 5.98 -.25 -2.22 6.1 -.25 -1.8 5.9 -.25 -1.8
4 15 6.4 -.25 -2.2 6.4 -.25 -1.8 6.1 -.25 -1.8 5.98 -.25 -2.22
4 15 5.98 -.25 -2.22 6.3 -.25 -2.39 6.64 -.25 -2.5 6.4 -.25 -2.2
3 15 6.6 -.25 -2.2 6.4 -.25 -2.2 6.64 -.25 -2.5
4 15 6.6 -.25 -2.2 6.64 -.25 -2.5 7 -.25 -2.53 7.3 -.25 -2.2
3 15 7.3 -.25 -2.2 7 -.25 -2.53 7.36 -.25 -2.5
4 15 7.7 -.25 -2.39 7.5 -.25 -2.2 7.3 -.25 -2.2 7.36 -.25 -2.5
4 15 7.3 -.25 -1.8 7.1 -.25 -1.8 6.6 -.25 -2.2 7.3 -.25 -2.2
3 15 7.1 -.25 -1.8 6.8 -.25 -2 6.6 -.25 -2.2
3 15 6.8 -.25 -2 6.6 -.25 -2 6.6 -.25 -2.2
4 15 6.9 -.25 -1.4 6.8 -.25 -1.8 6.8 -.25 -2 6.9 -.25 -1.8
3 15 7.1 -.25 -1.8 6.9 -.25 -1.8 6.8 -.25 -2
4 15 6.8 -.25 -1.8 6.9 -.25 -1.4 6.6 -.25 -1.4 6.4 -.25 -1.8
3 15 6.6 -.25 -1.4 6.4 -.25 -1.4 6.4 -.25 -1.8
4 15 6.4 -.25 -1.4 6.3 -.25 -1.4 6.3 -.25 -1.6 6.4 -.25 -1.8
4 15 6.3 -.25 -1.6 6.1 -.25 -1.6 6.1 -.25 -1.8 6.4 -.25 -1.8
4 0 11.7 -.25 -1.2 11.5 -.25 -1 11.5 -.25 -1.4 11.7 -.25 -1.4
4 0 11.5 -.25 -1 11.7 -.25 -1.2 11.9 -.25 -1.2 11.9 -.25 -1
4 0 12.1 -.25 -.7 11.9 -.25 -.5 11.9 -.25 -.9 12.1 -.25 -.9
4 0 11.9 -.25 -.5 12.1 -.25 -.7 12.3 -.25 -.7 12.3 -.25 -.5
4 0 12.5 -.25 -.2 12.3 -.25 0 12.3 -.25 -.4 12.5 -.25 -.4
4 0 12.3 -.25 0 12.5 -.25 -.2 12.7 -.25 -.2 12.7 -.25 0
4 0 12.7 -.25 -.9 12.9 -.25 -.9 12.9 -.25 -.7 12.7 -.25 -.5
4 0 12.7 -.25 -.5 12.9 -.25 -.7 13.1 -.25 -.7 13.1 -.25 -.5
4 0 12.5 -.25 -1.2 12.3 -.25 -1 12.3 -.25 -1.4 12.5 -.25 -1.4
4 0 12.3 -.25 -1 12.5 -.25 -1.2 12.7 -.25 -1.2 12.7 -.25 -1
4 0 12 -.25 -1.6 11.8 -.25 -1.4 11.8 -.25 -1.8 12 -.25 -1.8
4 0 11.8 -.25 -1.4 12 -.25 -1.6 12.2 -.25 -1.6 12.2 -.25 -1.4
4 0 12.5 -.25 -2 12.3 -.25 -1.8 12.3 -.25 -2.2 12.5 -.25 -2.2
4 0 12.3 -.25 -1.8 12.5 -.25 -2 12.7 -.25 -2 12.7 -.25 -1.8
4 0 12.8 -.25 -1.8 13 -.25 -1.8 13 -.25 -1.6 12.8 -.25 -1.4
4 0 12.8 -.25 -1.4 13 -.25 -1.6 13.2 -.25 -1.6 13.2 -.25 -1.4
4 0 13.4 -.25 -1.1 13.2 -.25 -.9 13.2 -.25 -1.3 13.4 -.25 -1.3
4 0 13.2 -.25 -.9 13.4 -.25 -1.1 13.6 -.25 -1.1 13.6 -.25 -.9
4 0 13.8 -.25 -1.6 13.6 -.25 -1.4 13.6 -.25 -1.8 13.8 -.25 -1.8
4 0 13.6 -.25 -1.4 13.8 -.25 -1.6 14 -.25 -1.6 14 -.25 -1.4
4 0 13.4 -.25 -2 13.2 -.25 -1.8 13.2 -.25 -2.2 13.4 -.25 -2.2
4 0 13.2 -.25 -1.8 13.4 -.25 -2 13.6 -.25 -2 13.6 -.25 -1.8
4 0 11.2 -.25 -.9 11.4 -.25 -.9 11.4 -.25 -.7 11.2 -.25 -.5
4 0 11.2 -.25 -.5 11.4 -.25 -.7 11.6 -.25 -.7 11.6 -.25 -.5
4 0 11.8 -.25 -.2 11.6 -.25 0 11.6 -.25 -.4 11.8 -.25 -.4
4 0 11.6 -.25 0 11.8 -.25 -.2 12 -.25 -.2 12 -.25 0
4 0 12.2 -.25 .3 12 -.25 .5 12 -.25 .1 12.2 -.25 .1
4 0 12 -.25 .5 12.2 -.25 .3 12.4 -.25 .3 12.4 -.25 .5
4 0 12.8 -.25 .1 13.2 -.25 .1 13.2 -.25 .3 12.8 -.25 .3
4 0 13.6 -.25 -.1 13.2 -.25 -.1 13.2 -.25 -.3 13.6 -.25 -.3
4 0 14 -.25 -.5 13.6 -.25 -.5 13.6 -.25 -.7 14 -.25 -.7
4 0 14 -.25 .3 13.6 -.25 .3 13.6 -.25 .1 14 -.25 .1
4 0 12.4 -.25 .6 12.8 -.25 .6 12.8 -.25 .8 12.4 -.25 .8
4 0 13.5 -.25 .7 13.1 -.25 .7 13.1 -.25 .5 13.5 -.25 .5
4 0 14 -.25 -.3 14.4 -.25 -.3 14.4 -.25 -.1 14 -.25 -.1
4 0 14.3 -.25 -.9 13.9 -.25 -.9 13.9 -.25 -1.1 14.3 -.25 -1.1
4 72 12.9 -.25 1.13 12.7 -.25 1.91 12.19 -.25 1.86 12.54 -.25 1.1
4 72 12.7 -.25 1.91 12.9 -.25 1.13 13.26 -.25 1.1 13.21 -.25 1.86
4 72 13.21 -.25 1.86 13.26 -.25 1.1 13.6 -.25 .99 13.7 -.25 1.71
4 72 13.7 -.25 1.71 13.6 -.25 .99 13.92 -.25 .82 14.15 -.25 1.47
4 72 14.15 -.25 1.47 13.92 -.25 .82 14.2 -.25 .6 14.54 -.25 1.14
4 72 14.54 -.25 1.14 14.2 -.25 .6 14.42 -.25 .32 14.87 -.25 .75
4 72 14.59 -.25 0 15.11 -.25 .3 14.87 -.25 .75 14.42 -.25 .32
4 72 15.11 -.25 .3 14.59 -.25 0 14.7 -.25 -.34 15.26 -.25 -.19
4 72 14.73 -.25 -.7 15.31 -.25 -.7 15.26 -.25 -.19 14.7 -.25 -.34
4 72 15.31 -.25 -.7 14.73 -.25 -.7 14.7 -.25 -1.06 15.26 -.25 -1.21
4 72 15.26 -.25 -1.21 14.7 -.25 -1.06 14.59 -.25 -1.4 15.11 -.25 -1.7
4 72 15.11 -.25 -1.7 14.59 -.25 -1.4 14.42 -.25 -1.72 14.87 -.25 -2.15
4 72 14.2 -.25 -2 14.54 -.25 -2.54 14.87 -.25 -2.15 14.42 -.25 -1.72
4 72 14.54 -.25 -2.54 14.2 -.25 -2 13.92 -.25 -2.22 14.15 -.25 -2.87
4 72 13.6 -.25 -2.39 13.7 -.25 -3.11 14.15 -.25 -2.87 13.92 -.25 -2.22
4 72 13.7 -.25 -3.11 13.6 -.25 -2.39 13.26 -.25 -2.5 13.21 -.25 -3.26
4 72 12.9 -.25 -2.53 12.7 -.25 -3.31 13.21 -.25 -3.26 13.26 -.25 -2.5
4 72 12.54 -.25 -2.5 12.19 -.25 -3.26 12.7 -.25 -3.31 12.9 -.25 -2.53
4 72 12.2 -.25 -2.39 11.7 -.25 -3.11 12.19 -.25 -3.26 12.54 -.25 -2.5
4 72 11.88 -.25 -2.22 11.25 -.25 -2.87 11.7 -.25 -3.11 12.2 -.25 -2.39
4 72 11.6 -.25 -2 10.86 -.25 -2.54 11.25 -.25 -2.87 11.88 -.25 -2.22
4 72 11.38 -.25 -1.72 10.53 -.25 -2.15 10.86 -.25 -2.54 11.6 -.25 -2
4 72 10.53 -.25 -2.15 11.38 -.25 -1.72 11.21 -.25 -1.4 10.29 -.25 -1.7
4 72 10.29 -.25 -1.7 11.21 -.25 -1.4 11.1 -.25 -1.06 10.14 -.25 -1.21
4 72 10.14 -.25 -1.21 11.1 -.25 -1.06 11.07 -.25 -.7 10.09 -.25 -.7
4 72 10.09 -.25 -.7 11.07 -.25 -.7 11.1 -.25 -.34 10.14 -.25 -.19
4 72 10.14 -.25 -.19 11.1 -.25 -.34 11.21 -.25 0 10.29 -.25 .3
4 72 10.29 -.25 .3 11.21 -.25 0 11.38 -.25 .32 10.53 -.25 .75
4 72 11.6 -.25 .6 10.86 -.25 1.14 10.53 -.25 .75 11.38 -.25 .32
4 72 10.86 -.25 1.14 11.6 -.25 .6 11.88 -.25 .82 11.25 -.25 1.47
4 72 12.2 -.25 .99 11.7 -.25 1.71 11.25 -.25 1.47 11.88 -.25 .82
4 72 11.7 -.25 1.71 12.2 -.25 .99 12.54 -.25 1.1 12.19 -.25 1.86
4 15 13.6 -.25 -1.4 13.6 -.25 -1.1 13.4 -.25 -1.1 13.4 -.25 -1.3
4 15 13.6 -.25 -1.1 13.6 -.25 -1.4 14 -.25 -1.4 13.9 -.25 -1.1
4 15 13.9 -.25 -1.1 14 -.25 -1.4 14.59 -.25 -1.4 14.3 -.25 -1.1
4 15 14.59 -.25 -1.4 14 -.25 -1.4 14 -.25 -1.6 14.42 -.25 -1.72
4 15 13.8 -.25 -1.6 14.2 -.25 -2 14.42 -.25 -1.72 14 -.25 -1.6
4 15 13.8 -.25 -1.6 13.8 -.25 -1.8 13.92 -.25 -2.22 14.2 -.25 -2
4 15 13.6 -.25 -2 13.92 -.25 -2.22 13.8 -.25 -1.8 13.6 -.25 -1.8
4 15 13.92 -.25 -2.22 13.6 -.25 -2 13.4 -.25 -2 13.6 -.25 -2.39
3 15 13.4 -.25 -2 13.4 -.25 -2.2 13.6 -.25 -2.39
4 15 13.2 -.25 -1.4 13.6 -.25 -1.8 13.6 -.25 -1.4 13.4 -.25 -1.3
4 15 13 -.25 -1.6 13 -.25 -1.8 13.2 -.25 -1.8 13.2 -.25 -1.6
3 15 13.2 -.25 -1.6 13.2 -.25 -1.8 13.6 -.25 -1.8
3 15 13.2 -.25 -1.4 13.2 -.25 -1.6 13.6 -.25 -1.8
4 15 13.2 -.25 -.9 13.1 -.25 -.7 12.9 -.25 -.7 12.9 -.25 -.9
3 15 13.2 -.25 -.9 12.8 -.25 -1.4 13.2 -.25 -1.3
4 15 13.4 -.25 -1.3 13.2 -.25 -1.3 12.8 -.25 -1.4 13.2 -.25 -1.4
4 15 13.6 -.25 -.9 13.6 -.25 -1.1 13.9 -.25 -1.1 13.9 -.25 -.9
4 15 13.6 -.25 -.9 13.9 -.25 -.9 14 -.25 -.7 13.6 -.25 -.7
3 15 14 -.25 -.7 13.9 -.25 -.9 14.3 -.25 -.9
4 15 14.73 -.25 -.7 14.3 -.25 -.9 14.3 -.25 -1.1 14.7 -.25 -1.06
3 15 14.7 -.25 -1.06 14.3 -.25 -1.1 14.59 -.25 -1.4
3 15 13.6 -.25 -.7 13.2 -.25 -.9 13.6 -.25 -.9
4 15 13.2 -.25 -.9 13.6 -.25 -.7 13.6 -.25 -.5 13.1 -.25 -.7
4 15 13.1 -.25 -.7 13.6 -.25 -.5 13.2 -.25 -.3 13.1 -.25 -.5
3 15 13.6 -.25 -.3 13.2 -.25 -.3 13.6 -.25 -.5
4 15 14 -.25 -.5 14 -.25 -.3 13.6 -.25 -.3 13.6 -.25 -.5
4 15 14 -.25 -.3 14 -.25 -.5 14.73 -.25 -.7 14.4 -.25 -.3
4 15 14.3 -.25 -.9 14.73 -.25 -.7 14 -.25 -.5 14 -.25 -.7
4 15 14.73 -.25 -.7 14.7 -.25 -.34 14.4 -.25 -.1 14.4 -.25 -.3
3 15 14.59 -.25 0 14.4 -.25 -.1 14.7 -.25 -.34
4 15 13.6 -.25 -.1 13.6 -.25 -.3 14 -.25 -.3 14 -.25 -.1
4 15 13.6 -.25 .1 13.6 -.25 -.1 14 -.25 -.1 14 -.25 .1
4 15 13.2 -.25 .1 13.2 -.25 -.1 13.6 -.25 -.1 13.6 -.25 .1
4 15 13.2 -.25 .3 13.2 -.25 .1 13.6 -.25 .1 13.6 -.25 .3
4 15 12.7 -.25 0 13.2 -.25 -.1 13.2 -.25 .1 12.8 -.25 .1
4 15 12.7 -.25 0 12.7 -.25 -.2 13.2 -.25 -.3 13.2 -.25 -.1
4 15 13.1 -.25 -.5 13.2 -.25 -.3 12.7 -.25 -.2 12.7 -.25 -.5
4 15 12.5 -.25 -.2 12.5 -.25 -.4 12.7 -.25 -.5 12.7 -.25 -.2
4 15 12.3 -.25 -.7 12.7 -.25 -.5 12.5 -.25 -.4 12.3 -.25 -.5
3 15 12.7 -.25 -.5 12.3 -.25 -.7 12.7 -.25 -.9
4 15 12.3 -.25 -.7 12.3 -.25 -1 12.7 -.25 -1 12.7 -.25 -.9
3 15 12.9 -.25 -.9 12.7 -.25 -.9 12.7 -.25 -1
3 15 12.9 -.25 -.9 12.7 -.25 -1 12.7 -.25 -1.2
4 15 13.2 -.25 -.9 12.9 -.25 -.9 12.7 -.25 -1.2 12.8 -.25 -1.4
4 15 12.8 -.25 -1.4 12.7 -.25 -1.2 12.5 -.25 -1.2 12.5 -.25 -1.4
3 15 14 -.25 .1 14 -.25 -.1 14.4 -.25 -.1
4 15 14.59 -.25 0 14.42 -.25 .32 14 -.25 .1 14.4 -.25 -.1
4 15 14.2 -.25 .6 14 -.25 .3 14 -.25 .1 14.42 -.25 .32
3 15 13.92 -.25 .82 14 -.25 .3 14.2 -.25 .6
4 15 13.6 -.25 .3 14 -.25 .3 13.92 -.25 .82 13.5 -.25 .5
4 15 13.5 -.25 .7 13.5 -.25 .5 13.92 -.25 .82 13.6 -.25 .99
4 15 13.6 -.25 .99 13.26 -.25 1.1 13.1 -.25 .7 13.5 -.25 .7
4 15 13.26 -.25 1.1 12.9 -.25 1.13 12.8 -.25 .8 13.1 -.25 .7
4 15 12.8 -.25 .8 12.8 -.25 .6 13.1 -.25 .5 13.1 -.25 .7
4 15 13.2 -.25 .3 13.1 -.25 .5 12.8 -.25 .6 12.8 -.25 .3
4 15 13.1 -.25 .5 13.2 -.25 .3 13.6 -.25 .3 13.5 -.25 .5
4 15 12.9 -.25 1.13 12.54 -.25 1.1 12.4 -.25 .8 12.8 -.25 .8
4 15 12.54 -.25 1.1 12.2 -.25 .99 11.88 -.25 .82 12.4 -.25 .8
4 15 12.4 -.25 .8 11.88 -.25 .82 12 -.25 .5 12.4 -.25 .6
4 15 12 -.25 .5 12.4 -.25 .5 12.8 -.25 .6 12.4 -.25 .6
4 15 12.8 -.25 .6 12.4 -.25 .5 12.4 -.25 .3 12.8 -.25 .3
4 15 12.2 -.25 .1 12.8 -.25 .1 12.8 -.25 .3 12.4 -.25 .3
4 15 12.8 -.25 .1 12.2 -.25 .1 12.3 -.25 0 12.7 -.25 0
3 15 12.4 -.25 .3 12.2 -.25 .3 12.2 -.25 .1
3 15 11.88 -.25 .82 11.6 -.25 .6 12 -.25 .5
4 15 11.6 -.25 .6 11.38 -.25 .32 12 -.25 .1 12 -.25 .5
4 15 11.38 -.25 .32 11.6 -.25 0 12 -.25 0 12 -.25 .1
4 15 12 -.25 .1 12 -.25 0 12.3 -.25 0 12.2 -.25 .1
4 15 12.3 -.25 -.4 12.3 -.25 0 12 -.25 0 12 -.25 -.2
4 15 11.9 -.25 -.5 12.3 -.25 -.4 12 -.25 -.2 11.8 -.25 -.4
3 15 12 -.25 -.2 11.8 -.25 -.2 11.8 -.25 -.4
4 15 11.1 -.25 -.34 11.6 -.25 0 11.38 -.25 .32 11.21 -.25 0
4 15 11.6 -.25 0 11.1 -.25 -.34 11.2 -.25 -.5 11.6 -.25 -.4
4 15 11.2 -.25 -.5 11.6 -.25 -.5 11.8 -.25 -.4 11.6 -.25 -.4
4 15 11.9 -.25 -.5 12.3 -.25 -.5 12.5 -.25 -.4 12.3 -.25 -.4
4 15 11.8 -.25 -.4 11.6 -.25 -.5 11.6 -.25 -.7 11.9 -.25 -.5
3 15 11.9 -.25 -.5 11.6 -.25 -.7 11.9 -.25 -.9
4 15 11.9 -.25 -1 11.9 -.25 -.9 11.6 -.25 -.7 11.4 -.25 -.9
3 15 11.6 -.25 -.7 11.4 -.25 -.7 11.4 -.25 -.9
4 15 12.1 -.25 -.7 12.1 -.25 -.9 12.3 -.25 -1 12.3 -.25 -.7
4 15 11.9 -.25 -1 12.3 -.25 -1 12.1 -.25 -.9 11.9 -.25 -.9
4 15 11.9 -.25 -1 11.9 -.25 -1.2 12.3 -.25 -1.4 12.3 -.25 -1
3 15 11.9 -.25 -1.2 12.2 -.25 -1.4 12.3 -.25 -1.4
3 15 11.9 -.25 -1.2 11.8 -.25 -1.4 12.2 -.25 -1.4
4 15 11.9 -.25 -1.2 11.7 -.25 -1.2 11.7 -.25 -1.4 11.8 -.25 -1.4
3 15 11.4 -.25 -.9 11.5 -.25 -1 11.9 -.25 -1
4 15 11.1 -.25 -.34 11.07 -.25 -.7 11.2 -.25 -.9 11.2 -.25 -.5
3 15 11.07 -.25 -.7 11.1 -.25 -1.06 11.2 -.25 -.9
4 15 11.2 -.25 -.9 11.1 -.25 -1.06 11.5 -.25 -1 11.4 -.25 -.9
4 15 11.5 -.25 -1 11.1 -.25 -1.06 11.21 -.25 -1.4 11.5 -.25 -1.4
4 15 11.7 -.25 -1.4 11.38 -.25 -1.72 11.8 -.25 -1.8 11.8 -.25 -1.4
3 15 11.38 -.25 -1.72 11.6 -.25 -2 11.8 -.25 -1.8
4 15 11.6 -.25 -2 11.88 -.25 -2.22 12 -.25 -1.8 11.8 -.25 -1.8
4 15 12.3 -.25 -2.2 12.3 -.25 -1.8 12 -.25 -1.8 11.88 -.25 -2.22
4 15 11.88 -.25 -2.22 12.2 -.25 -2.39 12.54 -.25 -2.5 12.3 -.25 -2.2
3 15 12.5 -.25 -2.2 12.3 -.25 -2.2 12.54 -.25 -2.5
4 15 12.5 -.25 -2.2 12.54 -.25 -2.5 12.9 -.25 -2.53 13.2 -.25 -2.2
3 15 13.2 -.25 -2.2 12.9 -.25 -2.53 13.26 -.25 -2.5
4 15 13.6 -.25 -2.39 13.4 -.25 -2.2 13.2 -.25 -2.2 13.26 -.25 -2.5
4 15 13.2 -.25 -1.8 13 -.25 -1.8 12.5 -.25 -2.2 13.2 -.25 -2.2
3 15 13 -.25 -1.8 12.7 -.25 -2 12.5 -.25 -2.2
3 15 12.7 -.25 -2 12.5 -.25 -2 12.5 -.25 -2.2
4 15 12.8 -.25 -1.4 12.7 -.25 -1.8 12.7 -.25 -2 12.8 -.25 -1.8
3 15 13 -.25 -1.8 12.8 -.25 -1.8 12.7 -.25 -2
4 15 12.7 -.25 -1.8 12.8 -.25 -1.4 12.5 -.25 -1.4 12.3 -.25 -1.8
3 15 12.5 -.25 -1.4 12.3 -.25 -1.4 12.3 -.25 -1.8
4 15 12.2 -.25 -1.6 12.3 -.25 -1.8 12.3 -.25 -1.4 12.2 -.25 -1.4
4 15 12.2 -.25 -1.6 12 -.25 -1.6 12 -.25 -1.8 12.3 -.25 -1.8
4 0 11.7 -.25 -7 11.5 -.25 -6.8 11.5 -.25 -7.2 11.7 -.25 -7.2
4 0 11.5 -.25 -6.8 11.7 -.25 -7 11.9 -.25 -7 11.9 -.25 -6.8
4 0 12.1 -.25 -6.5 11.9 -.25 -6.3 11.9 -.25 -6.7 12.1 -.25 -6.7
4 0 11.9 -.25 -6.3 12.1 -.25 -6.5 12.3 -.25 -6.5 12.3 -.25 -6.3
4 0 12.3 -.25 -6.2 12.5 -.25 -6.2 12.5 -.25 -6 12.3 -.25 -5.8
4 0 12.3 -.25 -5.8 12.5 -.25 -6 12.7 -.25 -6 12.7 -.25 -5.8
4 0 12.9 -.25 -6.5 12.7 -.25 -6.3 12.7 -.25 -6.7 12.9 -.25 -6.7
4 0 12.7 -.25 -6.3 12.9 -.25 -6.5 13.1 -.25 -6.5 13.1 -.25 -6.3
4 0 12.5 -.25 -7 12.3 -.25 -6.8 12.3 -.25 -7.2 12.5 -.25 -7.2
4 0 12.3 -.25 -6.8 12.5 -.25 -7 12.7 -.25 -7 12.7 -.25 -6.8
4 0 12 -.25 -7.4 11.8 -.25 -7.2 11.8 -.25 -7.6 12 -.25 -7.6
4 0 11.8 -.25 -7.2 12 -.25 -7.4 12.2 -.25 -7.4 12.2 -.25 -7.2
4 0 12.3 -.25 -8 12.5 -.25 -8 12.5 -.25 -7.8 12.3 -.25 -7.6
4 0 12.3 -.25 -7.6 12.5 -.25 -7.8 12.7 -.25 -7.8 12.7 -.25 -7.6
4 0 13 -.25 -7.4 12.8 -.25 -7.2 12.8 -.25 -7.6 13 -.25 -7.6
4 0 12.8 -.25 -7.2 13 -.25 -7.4 13.2 -.25 -7.4 13.2 -.25 -7.2
4 0 13.4 -.25 -6.9 13.2 -.25 -6.7 13.2 -.25 -7.1 13.4 -.25 -7.1
4 0 13.2 -.25 -6.7 13.4 -.25 -6.9 13.6 -.25 -6.9 13.6 -.25 -6.7
4 0 13.8 -.25 -7.4 13.6 -.25 -7.2 13.6 -.25 -7.6 13.8 -.25 -7.6
4 0 13.6 -.25 -7.2 13.8 -.25 -7.4 14 -.25 -7.4 14 -.25 -7.2
4 0 13.2 -.25 -8 13.4 -.25 -8 13.4 -.25 -7.8 13.2 -.25 -7.6
4 0 13.2 -.25 -7.6 13.4 -.25 -7.8 13.6 -.25 -7.8 13.6 -.25 -7.6
4 0 11.4 -.25 -6.5 11.2 -.25 -6.3 11.2 -.25 -6.7 11.4 -.25 -6.7
4 0 11.2 -.25 -6.3 11.4 -.25 -6.5 11.6 -.25 -6.5 11.6 -.25 -6.3
4 0 11.8 -.25 -6 11.6 -.25 -5.8 11.6 -.25 -6.2 11.8 -.25 -6.2
4 0 11.6 -.25 -5.8 11.8 -.25 -6 12 -.25 -6 12 -.25 -5.8
4 0 12.2 -.25 -5.5 12 -.25 -5.3 12 -.25 -5.7 12.2 -.25 -5.7
4 0 12 -.25 -5.3 12.2 -.25 -5.5 12.4 -.25 -5.5 12.4 -.25 -5.3
4 0 13.2 -.25 -5.5 12.8 -.25 -5.5 12.8 -.25 -5.7 13.2 -.25 -5.7
4 0 13.6 -.25 -5.9 13.2 -.25 -5.9 13.2 -.25 -6.1 13.6 -.25 -6.1
4 0 13.6 -.25 -6.5 14 -.25 -6.5 14 -.25 -6.3 13.6 -.25 -6.3
4 0 14 -.25 -5.5 13.6 -.25 -5.5 13.6 -.25 -5.7 14 -.25 -5.7
4 0 12.4 -.25 -5.2 12.8 -.25 -5.2 12.8 -.25 -5 12.4 -.25 -5
4 0 13.5 -.25 -5.1 13.1 -.25 -5.1 13.1 -.25 -5.3 13.5 -.25 -5.3
4 0 14 -.25 -6.1 14.4 -.25 -6.1 14.4 -.25 -5.9 14 -.25 -5.9
4 0 14.3 -.25 -6.7 13.9 -.25 -6.7 13.9 -.25 -6.9 14.3 -.25 -6.9
4 72 12.19 -.25 -3.94 12.54 -.25 -4.7 12.9 -.25 -4.67 12.7 -.25 -3.89
4 72 12.7 -.25 -3.89 12.9 -.25 -4.67 13.26 -.25 -4.7 13.21 -.25 -3.94
4 72 13.21 -.25 -3.94 13.26 -.25 -4.7 13.6 -.25 -4.81 13.7 -.25 -4.09
4 72 13.7 -.25 -4.09 13.6 -.25 -4.81 13.92 -.25 -4.98 14.15 -.25 -4.33
4 72 14.15 -.25 -4.33 13.92 -.25 -4.98 14.2 -.25 -5.2 14.54 -.25 -4.66
4 72 14.54 -.25 -4.66 14.2 -.25 -5.2 14.42 -.25 -5.48 14.87 -.25 -5.05
4 72 14.59 -.25 -5.8 15.11 -.25 -5.5 14.87 -.25 -5.05 14.42 -.25 -5.48
4 72 15.11 -.25 -5.5 14.59 -.25 -5.8 14.7 -.25 -6.14 15.26 -.25 -5.99
4 72 15.26 -.25 -5.99 14.7 -.25 -6.14 14.73 -.25 -6.5 15.31 -.25 -6.5
4 72 15.31 -.25 -6.5 14.73 -.25 -6.5 14.7 -.25 -6.86 15.26 -.25 -7.01
4 72 14.59 -.25 -7.2 15.11 -.25 -7.5 15.26 -.25 -7.01 14.7 -.25 -6.86
4 72 15.11 -.25 -7.5 14.59 -.25 -7.2 14.42 -.25 -7.52 14.87 -.25 -7.95
4 72 14.2 -.25 -7.8 14.54 -.25 -8.34 14.87 -.25 -7.95 14.42 -.25 -7.52
4 72 14.54 -.25 -8.34 14.2 -.25 -7.8 13.92 -.25 -8.02 14.15 -.25 -8.67
4 72 13.6 -.25 -8.19 13.7 -.25 -8.91 14.15 -.25 -8.67 13.92 -.25 -8.02
4 72 13.7 -.25 -8.91 13.6 -.25 -8.19 13.26 -.25 -8.3 13.21 -.25 -9.06
4 72 13.21 -.25 -9.06 13.26 -.25 -8.3 12.9 -.25 -8.33 12.7 -.25 -9.11
4 72 12.54 -.25 -8.3 12.19 -.25 -9.06 12.7 -.25 -9.11 12.9 -.25 -8.33
4 72 12.2 -.25 -8.19 11.7 -.25 -8.91 12.19 -.25 -9.06 12.54 -.25 -8.3
4 72 11.88 -.25 -8.02 11.25 -.25 -8.67 11.7 -.25 -8.91 12.2 -.25 -8.19
4 72 11.6 -.25 -7.8 10.86 -.25 -8.34 11.25 -.25 -8.67 11.88 -.25 -8.02
4 72 11.38 -.25 -7.52 10.53 -.25 -7.95 10.86 -.25 -8.34 11.6 -.25 -7.8
4 72 10.53 -.25 -7.95 11.38 -.25 -7.52 11.21 -.25 -7.2 10.29 -.25 -7.5
4 72 10.29 -.25 -7.5 11.21 -.25 -7.2 11.1 -.25 -6.86 10.14 -.25 -7.01
4 72 10.14 -.25 -7.01 11.1 -.25 -6.86 11.07 -.25 -6.5 10.09 -.25 -6.5
4 72 10.09 -.25 -6.5 11.07 -.25 -6.5 11.1 -.25 -6.14 10.14 -.25 -5.99
4 72 11.21 -.25 -5.8 10.29 -.25 -5.5 10.14 -.25 -5.99 11.1 -.25 -6.14
4 72 10.29 -.25 -5.5 11.21 -.25 -5.8 11.38 -.25 -5.48 10.53 -.25 -5.05
4 72 11.6 -.25 -5.2 10.86 -.25 -4.66 10.53 -.25 -5.05 11.38 -.25 -5.48
4 72 10.86 -.25 -4.66 11.6 -.25 -5.2 11.88 -.25 -4.98 11.25 -.25 -4.33
4 72 12.2 -.25 -4.81 11.7 -.25 -4.09 11.25 -.25 -4.33 11.88 -.25 -4.98
4 72 11.7 -.25 -4.09 12.2 -.25 -4.81 12.54 -.25 -4.7 12.19 -.25 -3.94
4 15 13.4 -.25 -6.9 13.4 -.25 -7.1 13.6 -.25 -7.2 13.6 -.25 -6.9
4 15 13.6 -.25 -6.9 13.6 -.25 -7.2 14 -.25 -7.2 13.9 -.25 -6.9
4 15 14.59 -.25 -7.2 14.3 -.25 -6.9 13.9 -.25 -6.9 14 -.25 -7.2
4 15 14.59 -.25 -7.2 14 -.25 -7.2 14 -.25 -7.4 14.42 -.25 -7.52
4 15 13.8 -.25 -7.4 14.2 -.25 -7.8 14.42 -.25 -7.52 14 -.25 -7.4
4 15 13.8 -.25 -7.4 13.8 -.25 -7.6 13.92 -.25 -8.02 14.2 -.25 -7.8
4 15 13.6 -.25 -7.8 13.92 -.25 -8.02 13.8 -.25 -7.6 13.6 -.25 -7.6
4 15 13.92 -.25 -8.02 13.6 -.25 -7.8 13.4 -.25 -7.8 13.6 -.25 -8.19
3 15 13.4 -.25 -7.8 13.4 -.25 -8 13.6 -.25 -8.19
4 15 13.2 -.25 -7.2 13.6 -.25 -7.6 13.6 -.25 -7.2 13.4 -.25 -7.1
4 15 13.2 -.25 -7.6 13.2 -.25 -7.4 13 -.25 -7.4 13 -.25 -7.6
3 15 13.2 -.25 -7.4 13.2 -.25 -7.6 13.6 -.25 -7.6
3 15 13.2 -.25 -7.2 13.2 -.25 -7.4 13.6 -.25 -7.6
4 15 13.2 -.25 -6.7 13.1 -.25 -6.5 12.9 -.25 -6.5 12.9 -.25 -6.7
3 15 13.2 -.25 -6.7 12.8 -.25 -7.2 13.2 -.25 -7.1
4 15 13.4 -.25 -7.1 13.2 -.25 -7.1 12.8 -.25 -7.2 13.2 -.25 -7.2
4 15 13.6 -.25 -6.7 13.6 -.25 -6.9 13.9 -.25 -6.9 13.9 -.25 -6.7
4 15 13.6 -.25 -6.7 13.9 -.25 -6.7 14 -.25 -6.5 13.6 -.25 -6.5
3 15 14 -.25 -6.5 13.9 -.25 -6.7 14.3 -.25 -6.7
4 15 14 -.25 -6.3 14 -.25 -6.5 14.3 -.25 -6.7 14.73 -.25 -6.5
4 15 14.73 -.25 -6.5 14.3 -.25 -6.7 14.3 -.25 -6.9 14.7 -.25 -6.86
3 15 14.7 -.25 -6.86 14.3 -.25 -6.9 14.59 -.25 -7.2
3 15 13.6 -.25 -6.5 13.2 -.25 -6.7 13.6 -.25 -6.7
4 15 13.2 -.25 -6.7 13.6 -.25 -6.5 13.6 -.25 -6.3 13.1 -.25 -6.5
4 15 13.1 -.25 -6.5 13.6 -.25 -6.3 13.2 -.25 -6.1 13.1 -.25 -6.3
3 15 13.6 -.25 -6.1 13.2 -.25 -6.1 13.6 -.25 -6.3
4 15 14 -.25 -6.3 14 -.25 -6.1 13.6 -.25 -6.1 13.6 -.25 -6.3
4 15 14 -.25 -6.1 14 -.25 -6.3 14.73 -.25 -6.5 14.4 -.25 -6.1
4 15 14.4 -.25 -5.9 14.4 -.25 -6.1 14.73 -.25 -6.5 14.7 -.25 -6.14
3 15 14.59 -.25 -5.8 14.4 -.25 -5.9 14.7 -.25 -6.14
4 15 14 -.25 -5.7 14.4 -.25 -5.9 14.59 -.25 -5.8 14.42 -.25 -5.48
4 15 13.6 -.25 -5.9 13.6 -.25 -6.1 14 -.25 -6.1 14 -.25 -5.9
4 15 13.6 -.25 -5.7 13.6 -.25 -5.9 14 -.25 -5.9 14 -.25 -5.7
4 15 13.2 -.25 -5.7 13.2 -.25 -5.9 13.6 -.25 -5.9 13.6 -.25 -5.7
4 15 13.2 -.25 -5.5 13.2 -.25 -5.7 13.6 -.25 -5.7 13.6 -.25 -5.5
4 15 12.7 -.25 -5.8 13.2 -.25 -5.9 13.2 -.25 -5.7 12.8 -.25 -5.7
4 15 12.7 -.25 -5.8 12.7 -.25 -6 13.2 -.25 -6.1 13.2 -.25 -5.9
4 15 12.7 -.25 -6 12.7 -.25 -6.3 13.1 -.25 -6.3 13.2 -.25 -6.1
4 15 12.5 -.25 -6 12.5 -.25 -6.2 12.7 -.25 -6.3 12.7 -.25 -6
4 15 12.3 -.25 -6.5 12.7 -.25 -6.3 12.5 -.25 -6.2 12.3 -.25 -6.3
3 15 12.7 -.25 -6.3 12.3 -.25 -6.5 12.7 -.25 -6.7
4 15 12.3 -.25 -6.5 12.3 -.25 -6.8 12.7 -.25 -6.8 12.7 -.25 -6.7
3 15 12.9 -.25 -6.7 12.7 -.25 -6.7 12.7 -.25 -6.8
3 15 12.9 -.25 -6.7 12.7 -.25 -6.8 12.7 -.25 -7
4 15 13.2 -.25 -6.7 12.9 -.25 -6.7 12.7 -.25 -7 12.8 -.25 -7.2
4 15 12.8 -.25 -7.2 12.7 -.25 -7 12.5 -.25 -7 12.5 -.25 -7.2
3 15 14 -.25 -5.7 14 -.25 -5.9 14.4 -.25 -5.9
4 15 14 -.25 -5.7 14.42 -.25 -5.48 14.2 -.25 -5.2 14 -.25 -5.5
3 15 13.92 -.25 -4.98 14 -.25 -5.5 14.2 -.25 -5.2
4 15 13.6 -.25 -5.5 14 -.25 -5.5 13.92 -.25 -4.98 13.5 -.25 -5.3
4 15 13.5 -.25 -5.1 13.5 -.25 -5.3 13.92 -.25 -4.98 13.6 -.25 -4.81
4 15 13.6 -.25 -4.81 13.26 -.25 -4.7 13.1 -.25 -5.1 13.5 -.25 -5.1
4 15 13.26 -.25 -4.7 12.9 -.25 -4.67 12.8 -.25 -5 13.1 -.25 -5.1
4 15 12.8 -.25 -5 12.8 -.25 -5.2 13.1 -.25 -5.3 13.1 -.25 -5.1
4 15 13.2 -.25 -5.5 13.1 -.25 -5.3 12.8 -.25 -5.2 12.8 -.25 -5.5
4 15 13.1 -.25 -5.3 13.2 -.25 -5.5 13.6 -.25 -5.5 13.5 -.25 -5.3
4 15 12.9 -.25 -4.67 12.54 -.25 -4.7 12.4 -.25 -5 12.8 -.25 -5
4 15 11.88 -.25 -4.98 12.4 -.25 -5 12.54 -.25 -4.7 12.2 -.25 -4.81
4 15 12.4 -.25 -5 11.88 -.25 -4.98 12 -.25 -5.3 12.4 -.25 -5.2
4 15 12 -.25 -5.3 12.4 -.25 -5.3 12.8 -.25 -5.2 12.4 -.25 -5.2
4 15 12.8 -.25 -5.2 12.4 -.25 -5.3 12.4 -.25 -5.5 12.8 -.25 -5.5
4 15 12.2 -.25 -5.7 12.8 -.25 -5.7 12.8 -.25 -5.5 12.4 -.25 -5.5
4 15 12.8 -.25 -5.7 12.2 -.25 -5.7 12.3 -.25 -5.8 12.7 -.25 -5.8
3 15 12.4 -.25 -5.5 12.2 -.25 -5.5 12.2 -.25 -5.7
3 15 11.88 -.25 -4.98 11.6 -.25 -5.2 12 -.25 -5.3
4 15 11.6 -.25 -5.2 11.38 -.25 -5.48 12 -.25 -5.7 12 -.25 -5.3
4 15 11.38 -.25 -5.48 11.6 -.25 -5.8 12 -.25 -5.8 12 -.25 -5.7
4 15 12 -.25 -5.7 12 -.25 -5.8 12.3 -.25 -5.8 12.2 -.25 -5.7
4 15 12.3 -.25 -6.2 12.3 -.25 -5.8 12 -.25 -5.8 12 -.25 -6
3 15 12 -.25 -6 11.8 -.25 -6 11.8 -.25 -6.2
4 15 11.1 -.25 -6.14 11.6 -.25 -5.8 11.38 -.25 -5.48 11.21 -.25 -5.8
4 15 11.6 -.25 -5.8 11.1 -.25 -6.14 11.2 -.25 -6.3 11.6 -.25 -6.2
4 15 11.2 -.25 -6.3 11.6 -.25 -6.3 11.8 -.25 -6.2 11.6 -.25 -6.2
4 15 11.6 -.25 -6.5 11.9 -.25 -6.3 11.8 -.25 -6.2 11.6 -.25 -6.3
4 15 12 -.25 -6 11.8 -.25 -6.2 11.9 -.25 -6.3 12.3 -.25 -6.2
4 15 11.9 -.25 -6.3 12.3 -.25 -6.3 12.5 -.25 -6.2 12.3 -.25 -6.2
3 15 11.9 -.25 -6.3 11.6 -.25 -6.5 11.9 -.25 -6.7
3 15 11.6 -.25 -6.5 11.4 -.25 -6.5 11.4 -.25 -6.7
4 15 12.1 -.25 -6.5 12.1 -.25 -6.7 12.3 -.25 -6.8 12.3 -.25 -6.5
4 15 11.9 -.25 -6.8 12.3 -.25 -6.8 12.1 -.25 -6.7 11.9 -.25 -6.7
4 15 11.9 -.25 -6.8 11.9 -.25 -7 12.3 -.25 -7.2 12.3 -.25 -6.8
3 15 11.9 -.25 -7 12.2 -.25 -7.2 12.3 -.25 -7.2
3 15 11.9 -.25 -7 11.8 -.25 -7.2 12.2 -.25 -7.2
4 15 11.9 -.25 -7 11.7 -.25 -7 11.7 -.25 -7.2 11.8 -.25 -7.2
3 15 11.4 -.25 -6.7 11.5 -.25 -6.8 11.9 -.25 -6.8
4 15 11.6 -.25 -6.5 11.4 -.25 -6.7 11.9 -.25 -6.8 11.9 -.25 -6.7
4 15 11.1 -.25 -6.14 11.07 -.25 -6.5 11.2 -.25 -6.7 11.2 -.25 -6.3
3 15 11.07 -.25 -6.5 11.1 -.25 -6.86 11.2 -.25 -6.7
4 15 11.2 -.25 -6.7 11.1 -.25 -6.86 11.5 -.25 -6.8 11.4 -.25 -6.7
4 15 11.5 -.25 -6.8 11.1 -.25 -6.86 11.21 -.25 -7.2 11.5 -.25 -7.2
4 15 11.7 -.25 -7.2 11.38 -.25 -7.52 11.8 -.25 -7.6 11.8 -.25 -7.2
3 15 11.38 -.25 -7.52 11.6 -.25 -7.8 11.8 -.25 -7.6
4 15 11.6 -.25 -7.8 11.88 -.25 -8.02 12 -.25 -7.6 11.8 -.25 -7.6
4 15 12.3 -.25 -8 12.3 -.25 -7.6 12 -.25 -7.6 11.88 -.25 -8.02
4 15 11.88 -.25 -8.02 12.2 -.25 -8.19 12.54 -.25 -8.3 12.3 -.25 -8
3 15 12.5 -.25 -8 12.3 -.25 -8 12.54 -.25 -8.3
4 15 12.5 -.25 -8 12.54 -.25 -8.3 12.9 -.25 -8.33 13.2 -.25 -8
3 15 13.2 -.25 -8 12.9 -.25 -8.33 13.26 -.25 -8.3
4 15 13.6 -.25 -8.19 13.4 -.25 -8 13.2 -.25 -8 13.26 -.25 -8.3
4 15 13.2 -.25 -7.6 13 -.25 -7.6 12.5 -.25 -8 13.2 -.25 -8
3 15 13 -.25 -7.6 12.7 -.25 -7.8 12.5 -.25 -8
3 15 12.7 -.25 -7.8 12.5 -.25 -7.8 12.5 -.25 -8
4 15 12.8 -.25 -7.2 12.7 -.25 -7.6 12.7 -.25 -7.8 12.8 -.25 -7.6
3 15 13 -.25 -7.6 12.8 -.25 -7.6 12.7 -.25 -7.8
4 15 12.7 -.25 -7.6 12.8 -.25 -7.2 12.5 -.25 -7.2 12.3 -.25 -7.6
3 15 12.5 -.25 -7.2 12.3 -.25 -7.2 12.3 -.25 -7.6
4 15 12.2 -.25 -7.4 12.3 -.25 -7.6 12.3 -.25 -7.2 12.2 -.25 -7.2
4 15 12.2 -.25 -7.4 12 -.25 -7.4 12 -.25 -7.6 12.3 -.25 -7.6
4 0 5.8 -.25 -7 5.6 -.25 -6.8 5.6 -.25 -7.2 5.8 -.25 -7.2
4 0 5.6 -.25 -6.8 5.8 -.25 -7 6 -.25 -7 6 -.25 -6.8
4 0 6 -.25 -6.7 6.2 -.25 -6.7 6.2 -.25 -6.5 6 -.25 -6.3
4 0 6 -.25 -6.3 6.2 -.25 -6.5 6.4 -.25 -6.5 6.4 -.25 -6.3
4 0 6.6 -.25 -6 6.4 -.25 -5.8 6.4 -.25 -6.2 6.6 -.25 -6.2
4 0 6.4 -.25 -5.8 6.6 -.25 -6 6.8 -.25 -6 6.8 -.25 -5.8
4 0 7 -.25 -6.5 6.8 -.25 -6.3 6.8 -.25 -6.7 7 -.25 -6.7
4 0 6.8 -.25 -6.3 7 -.25 -6.5 7.2 -.25 -6.5 7.2 -.25 -6.3
4 0 6.6 -.25 -7 6.4 -.25 -6.8 6.4 -.25 -7.2 6.6 -.25 -7.2
4 0 6.4 -.25 -6.8 6.6 -.25 -7 6.8 -.25 -7 6.8 -.25 -6.8
4 0 5.9 -.25 -7.6 6.1 -.25 -7.6 6.1 -.25 -7.4 5.9 -.25 -7.2
4 0 5.9 -.25 -7.2 6.1 -.25 -7.4 6.3 -.25 -7.4 6.3 -.25 -7.2
4 0 6.6 -.25 -7.8 6.4 -.25 -7.6 6.4 -.25 -8 6.6 -.25 -8
4 0 6.4 -.25 -7.6 6.6 -.25 -7.8 6.8 -.25 -7.8 6.8 -.25 -7.6
4 0 7.1 -.25 -7.4 6.9 -.25 -7.2 6.9 -.25 -7.6 7.1 -.25 -7.6
4 0 6.9 -.25 -7.2 7.1 -.25 -7.4 7.3 -.25 -7.4 7.3 -.25 -7.2
4 0 7.5 -.25 -6.9 7.3 -.25 -6.7 7.3 -.25 -7.1 7.5 -.25 -7.1
4 0 7.3 -.25 -6.7 7.5 -.25 -6.9 7.7 -.25 -6.9 7.7 -.25 -6.7
4 0 7.7 -.25 -7.6 7.9 -.25 -7.6 7.9 -.25 -7.4 7.7 -.25 -7.2
4 0 7.7 -.25 -7.2 7.9 -.25 -7.4 8.1 -.25 -7.4 8.1 -.25 -7.2
4 0 7.5 -.25 -7.8 7.3 -.25 -7.6 7.3 -.25 -8 7.5 -.25 -8
4 0 7.3 -.25 -7.6 7.5 -.25 -7.8 7.7 -.25 -7.8 7.7 -.25 -7.6
4 0 5.5 -.25 -6.5 5.3 -.25 -6.3 5.3 -.25 -6.7 5.5 -.25 -6.7
4 0 5.3 -.25 -6.3 5.5 -.25 -6.5 5.7 -.25 -6.5 5.7 -.25 -6.3
4 0 5.9 -.25 -6 5.7 -.25 -5.8 5.7 -.25 -6.2 5.9 -.25 -6.2
4 0 5.7 -.25 -5.8 5.9 -.25 -6 6.1 -.25 -6 6.1 -.25 -5.8
4 0 6.1 -.25 -5.7 6.3 -.25 -5.7 6.3 -.25 -5.5 6.1 -.25 -5.3
4 0 6.1 -.25 -5.3 6.3 -.25 -5.5 6.5 -.25 -5.5 6.5 -.25 -5.3
4 0 6.9 -.25 -5.7 7.3 -.25 -5.7 7.3 -.25 -5.5 6.9 -.25 -5.5
4 0 7.7 -.25 -5.9 7.3 -.25 -5.9 7.3 -.25 -6.1 7.7 -.25 -6.1
4 0 7.7 -.25 -6.5 8.1 -.25 -6.5 8.1 -.25 -6.3 7.7 -.25 -6.3
4 0 8.1 -.25 -5.5 7.7 -.25 -5.5 7.7 -.25 -5.7 8.1 -.25 -5.7
4 0 6.5 -.25 -5.2 6.9 -.25 -5.2 6.9 -.25 -5 6.5 -.25 -5
4 0 7.6 -.25 -5.1 7.2 -.25 -5.1 7.2 -.25 -5.3 7.6 -.25 -5.3
4 0 8.5 -.25 -5.9 8.1 -.25 -5.9 8.1 -.25 -6.1 8.5 -.25 -6.1
4 0 8.4 -.25 -6.7 8 -.25 -6.7 8 -.25 -6.9 8.4 -.25 -6.9
4 72 7 -.25 -4.67 6.8 -.25 -3.89 6.29 -.25 -3.94 6.64 -.25 -4.7
4 72 6.8 -.25 -3.89 7 -.25 -4.67 7.36 -.25 -4.7 7.31 -.25 -3.94
4 72 7.31 -.25 -3.94 7.36 -.25 -4.7 7.7 -.25 -4.81 7.8 -.25 -4.09
4 72 7.8 -.25 -4.09 7.7 -.25 -4.81 8.02 -.25 -4.98 8.25 -.25 -4.33
4 72 8.25 -.25 -4.33 8.02 -.25 -4.98 8.3 -.25 -5.2 8.64 -.25 -4.66
4 72 8.64 -.25 -4.66 8.3 -.25 -5.2 8.52 -.25 -5.48 8.97 -.25 -5.05
4 72 8.97 -.25 -5.05 8.52 -.25 -5.48 8.69 -.25 -5.8 9.21 -.25 -5.5
4 72 9.21 -.25 -5.5 8.69 -.25 -5.8 8.8 -.25 -6.14 9.36 -.25 -5.99
4 72 8.83 -.25 -6.5 9.41 -.25 -6.5 9.36 -.25 -5.99 8.8 -.25 -6.14
4 72 9.41 -.25 -6.5 8.83 -.25 -6.5 8.8 -.25 -6.86 9.36 -.25 -7.01
4 72 8.69 -.25 -7.2 9.21 -.25 -7.5 9.36 -.25 -7.01 8.8 -.25 -6.86
4 72 9.21 -.25 -7.5 8.69 -.25 -7.2 8.52 -.25 -7.52 8.97 -.25 -7.95
4 72 8.3 -.25 -7.8 8.64 -.25 -8.34 8.97 -.25 -7.95 8.52 -.25 -7.52
4 72 8.64 -.25 -8.34 8.3 -.25 -7.8 8.02 -.25 -8.02 8.25 -.25 -8.67
4 72 8.25 -.25 -8.67 8.02 -.25 -8.02 7.7 -.25 -8.19 7.8 -.25 -8.91
4 72 7.8 -.25 -8.91 7.7 -.25 -8.19 7.36 -.25 -8.3 7.31 -.25 -9.06
4 72 7 -.25 -8.33 6.8 -.25 -9.11 7.31 -.25 -9.06 7.36 -.25 -8.3
4 72 6.64 -.25 -8.3 6.29 -.25 -9.06 6.8 -.25 -9.11 7 -.25 -8.33
4 72 6.3 -.25 -8.19 5.8 -.25 -8.91 6.29 -.25 -9.06 6.64 -.25 -8.3
4 72 5.98 -.25 -8.02 5.35 -.25 -8.67 5.8 -.25 -8.91 6.3 -.25 -8.19
4 72 5.7 -.25 -7.8 4.96 -.25 -8.34 5.35 -.25 -8.67 5.98 -.25 -8.02
4 72 5.48 -.25 -7.52 4.63 -.25 -7.95 4.96 -.25 -8.34 5.7 -.25 -7.8
4 72 4.63 -.25 -7.95 5.48 -.25 -7.52 5.31 -.25 -7.2 4.39 -.25 -7.5
4 72 4.39 -.25 -7.5 5.31 -.25 -7.2 5.2 -.25 -6.86 4.24 -.25 -7.01
4 72 4.24 -.25 -7.01 5.2 -.25 -6.86 5.17 -.25 -6.5 4.19 -.25 -6.5
4 72 4.19 -.25 -6.5 5.17 -.25 -6.5 5.2 -.25 -6.14 4.24 -.25 -5.99
4 72 5.31 -.25 -5.8 4.39 -.25 -5.5 4.24 -.25 -5.99 5.2 -.25 -6.14
4 72 4.39 -.25 -5.5 5.31 -.25 -5.8 5.48 -.25 -5.48 4.63 -.25 -5.05
4 72 5.7 -.25 -5.2 4.96 -.25 -4.66 4.63 -.25 -5.05 5.48 -.25 -5.48
4 72 4.96 -.25 -4.66 5.7 -.25 -5.2 5.98 -.25 -4.98 5.35 -.25 -4.33
4 72 5.35 -.25 -4.33 5.98 -.25 -4.98 6.3 -.25 -4.81 5.8 -.25 -4.09
4 72 5.8 -.25 -4.09 6.3 -.25 -4.81 6.64 -.25 -4.7 6.29 -.25 -3.94
4 15 7.7 -.25 -7.2 7.7 -.25 -6.9 7.5 -.25 -6.9 7.5 -.25 -7.1
4 15 7.7 -.25 -6.9 7.7 -.25 -7.2 8.1 -.25 -7.2 8 -.25 -6.9
4 15 8.69 -.25 -7.2 8.4 -.25 -6.9 8 -.25 -6.9 8.1 -.25 -7.2
4 15 8.69 -.25 -7.2 8.1 -.25 -7.2 8.1 -.25 -7.4 8.52 -.25 -7.52
4 15 7.9 -.25 -7.4 8.3 -.25 -7.8 8.52 -.25 -7.52 8.1 -.25 -7.4
4 15 7.9 -.25 -7.4 7.9 -.25 -7.6 8.02 -.25 -8.02 8.3 -.25 -7.8
4 15 7.9 -.25 -7.6 7.7 -.25 -7.6 7.7 -.25 -7.8 8.02 -.25 -8.02
4 15 8.02 -.25 -8.02 7.7 -.25 -7.8 7.5 -.25 -7.8 7.7 -.25 -8.19
3 15 7.5 -.25 -7.8 7.5 -.25 -8 7.7 -.25 -8.19
4 15 6.9 -.25 -7.2 7.3 -.25 -7.2 7.5 -.25 -7.1 7.3 -.25 -7.1
4 15 7.3 -.25 -7.2 7.7 -.25 -7.6 7.7 -.25 -7.2 7.5 -.25 -7.1
4 15 7.3 -.25 -7.6 7.3 -.25 -7.4 7.1 -.25 -7.4 7.1 -.25 -7.6
3 15 7.3 -.25 -7.4 7.3 -.25 -7.6 7.7 -.25 -7.6
3 15 7.3 -.25 -7.2 7.3 -.25 -7.4 7.7 -.25 -7.6
4 15 7.3 -.25 -6.7 7.2 -.25 -6.5 7 -.25 -6.5 7 -.25 -6.7
3 15 7.3 -.25 -6.7 6.9 -.25 -7.2 7.3 -.25 -7.1
4 15 7.7 -.25 -6.7 7.7 -.25 -6.9 8 -.25 -6.9 8 -.25 -6.7
4 15 7.7 -.25 -6.7 8 -.25 -6.7 8.1 -.25 -6.5 7.7 -.25 -6.5
3 15 8.1 -.25 -6.5 8 -.25 -6.7 8.4 -.25 -6.7
4 15 8.83 -.25 -6.5 8.4 -.25 -6.7 8.4 -.25 -6.9 8.8 -.25 -6.86
3 15 8.8 -.25 -6.86 8.4 -.25 -6.9 8.69 -.25 -7.2
3 15 7.7 -.25 -6.5 7.3 -.25 -6.7 7.7 -.25 -6.7
4 15 7.3 -.25 -6.7 7.7 -.25 -6.5 7.7 -.25 -6.3 7.2 -.25 -6.5
4 15 7.2 -.25 -6.5 7.7 -.25 -6.3 7.3 -.25 -6.1 7.2 -.25 -6.3
3 15 7.7 -.25 -6.1 7.3 -.25 -6.1 7.7 -.25 -6.3
4 15 7.7 -.25 -6.1 7.7 -.25 -6.3 8.1 -.25 -6.3 8.1 -.25 -6.1
4 15 8.1 -.25 -6.1 8.1 -.25 -6.3 8.83 -.25 -6.5 8.5 -.25 -6.1
4 15 8.4 -.25 -6.7 8.83 -.25 -6.5 8.1 -.25 -6.3 8.1 -.25 -6.5
4 15 8.83 -.25 -6.5 8.8 -.25 -6.14 8.5 -.25 -5.9 8.5 -.25 -6.1
3 15 8.69 -.25 -5.8 8.5 -.25 -5.9 8.8 -.25 -6.14
4 15 7.7 -.25 -5.9 7.7 -.25 -6.1 8.1 -.25 -6.1 8.1 -.25 -5.9
4 15 7.7 -.25 -5.7 7.7 -.25 -5.9 8.1 -.25 -5.9 8.1 -.25 -5.7
4 15 7.3 -.25 -5.7 7.3 -.25 -5.9 7.7 -.25 -5.9 7.7 -.25 -5.7
4 15 7.3 -.25 -5.5 7.3 -.25 -5.7 7.7 -.25 -5.7 7.7 -.25 -5.5
4 15 6.8 -.25 -5.8 7.3 -.25 -5.9 7.3 -.25 -5.7 6.9 -.25 -5.7
4 15 6.8 -.25 -5.8 6.8 -.25 -6 7.3 -.25 -6.1 7.3 -.25 -5.9
4 15 7.2 -.25 -6.3 7.3 -.25 -6.1 6.8 -.25 -6 6.8 -.25 -6.3
4 15 6.6 -.25 -6 6.6 -.25 -6.2 6.8 -.25 -6.3 6.8 -.25 -6
4 15 6.4 -.25 -6.5 6.8 -.25 -6.3 6.6 -.25 -6.2 6.4 -.25 -6.3
3 15 6.8 -.25 -6.3 6.4 -.25 -6.5 6.8 -.25 -6.7
4 15 6.4 -.25 -6.5 6.4 -.25 -6.8 6.8 -.25 -6.8 6.8 -.25 -6.7
3 15 7 -.25 -6.7 6.8 -.25 -6.7 6.8 -.25 -6.8
3 15 7 -.25 -6.7 6.8 -.25 -6.8 6.8 -.25 -7
4 15 7.3 -.25 -6.7 7 -.25 -6.7 6.8 -.25 -7 6.9 -.25 -7.2
4 15 6.9 -.25 -7.2 6.8 -.25 -7 6.6 -.25 -7 6.6 -.25 -7.2
3 15 8.1 -.25 -5.7 8.1 -.25 -5.9 8.5 -.25 -5.9
4 15 8.69 -.25 -5.8 8.52 -.25 -5.48 8.1 -.25 -5.7 8.5 -.25 -5.9
4 15 8.3 -.25 -5.2 8.1 -.25 -5.5 8.1 -.25 -5.7 8.52 -.25 -5.48
3 15 8.02 -.25 -4.98 8.1 -.25 -5.5 8.3 -.25 -5.2
4 15 7.7 -.25 -5.5 8.1 -.25 -5.5 8.02 -.25 -4.98 7.6 -.25 -5.3
4 15 7.6 -.25 -5.1 7.6 -.25 -5.3 8.02 -.25 -4.98 7.7 -.25 -4.81
4 15 7.7 -.25 -4.81 7.36 -.25 -4.7 7.2 -.25 -5.1 7.6 -.25 -5.1
4 15 7.36 -.25 -4.7 7 -.25 -4.67 6.9 -.25 -5 7.2 -.25 -5.1
4 15 6.9 -.25 -5 6.9 -.25 -5.2 7.2 -.25 -5.3 7.2 -.25 -5.1
4 15 6.9 -.25 -5.2 6.9 -.25 -5.5 7.3 -.25 -5.5 7.2 -.25 -5.3
4 15 7.2 -.25 -5.3 7.3 -.25 -5.5 7.7 -.25 -5.5 7.6 -.25 -5.3
4 15 7 -.25 -4.67 6.64 -.25 -4.7 6.5 -.25 -5 6.9 -.25 -5
4 15 5.98 -.25 -4.98 6.5 -.25 -5 6.64 -.25 -4.7 6.3 -.25 -4.81
4 15 6.5 -.25 -5 5.98 -.25 -4.98 6.1 -.25 -5.3 6.5 -.25 -5.2
4 15 6.1 -.25 -5.3 6.5 -.25 -5.3 6.9 -.25 -5.2 6.5 -.25 -5.2
4 15 6.9 -.25 -5.2 6.5 -.25 -5.3 6.5 -.25 -5.5 6.9 -.25 -5.5
4 15 6.9 -.25 -5.5 6.5 -.25 -5.5 6.3 -.25 -5.7 6.9 -.25 -5.7
4 15 6.9 -.25 -5.7 6.3 -.25 -5.7 6.4 -.25 -5.8 6.8 -.25 -5.8
3 15 6.5 -.25 -5.5 6.3 -.25 -5.5 6.3 -.25 -5.7
3 15 5.98 -.25 -4.98 5.7 -.25 -5.2 6.1 -.25 -5.3
4 15 5.7 -.25 -5.2 5.48 -.25 -5.48 6.1 -.25 -5.7 6.1 -.25 -5.3
4 15 5.48 -.25 -5.48 5.7 -.25 -5.8 6.1 -.25 -5.8 6.1 -.25 -5.7
4 15 6.1 -.25 -5.7 6.1 -.25 -5.8 6.4 -.25 -5.8 6.3 -.25 -5.7
4 15 6.4 -.25 -6.2 6.4 -.25 -5.8 6.1 -.25 -5.8 6.1 -.25 -6
3 15 6.1 -.25 -6 5.9 -.25 -6 5.9 -.25 -6.2
4 15 5.48 -.25 -5.48 5.31 -.25 -5.8 5.2 -.25 -6.14 5.7 -.25 -5.8
4 15 5.7 -.25 -5.8 5.2 -.25 -6.14 5.3 -.25 -6.3 5.7 -.25 -6.2
4 15 5.3 -.25 -6.3 5.7 -.25 -6.3 5.9 -.25 -6.2 5.7 -.25 -6.2
4 15 5.7 -.25 -6.5 6 -.25 -6.3 5.9 -.25 -6.2 5.7 -.25 -6.3
4 15 6.1 -.25 -6 5.9 -.25 -6.2 6 -.25 -6.3 6.4 -.25 -6.2
4 15 6 -.25 -6.3 6.4 -.25 -6.3 6.6 -.25 -6.2 6.4 -.25 -6.2
3 15 6 -.25 -6.3 5.7 -.25 -6.5 6 -.25 -6.7
3 15 5.7 -.25 -6.5 5.5 -.25 -6.5 5.5 -.25 -6.7
4 15 6.2 -.25 -6.5 6.2 -.25 -6.7 6.4 -.25 -6.8 6.4 -.25 -6.5
4 15 6 -.25 -6.8 6.4 -.25 -6.8 6.2 -.25 -6.7 6 -.25 -6.7
4 15 6 -.25 -6.8 6 -.25 -7 6.4 -.25 -7.2 6.4 -.25 -6.8
3 15 6 -.25 -7 6.3 -.25 -7.2 6.4 -.25 -7.2
3 15 6 -.25 -7 5.9 -.25 -7.2 6.3 -.25 -7.2
4 15 6 -.25 -7 5.8 -.25 -7 5.8 -.25 -7.2 5.9 -.25 -7.2
3 15 5.5 -.25 -6.7 5.6 -.25 -6.8 6 -.25 -6.8
4 15 5.7 -.25 -6.5 5.5 -.25 -6.7 6 -.25 -6.8 6 -.25 -6.7
4 15 5.2 -.25 -6.14 5.17 -.25 -6.5 5.3 -.25 -6.7 5.3 -.25 -6.3
3 15 5.17 -.25 -6.5 5.2 -.25 -6.86 5.3 -.25 -6.7
4 15 5.3 -.25 -6.7 5.2 -.25 -6.86 5.6 -.25 -6.8 5.5 -.25 -6.7
4 15 5.6 -.25 -6.8 5.2 -.25 -6.86 5.31 -.25 -7.2 5.6 -.25 -7.2
4 15 5.8 -.25 -7.2 5.48 -.25 -7.52 5.9 -.25 -7.6 5.9 -.25 -7.2
3 15 5.48 -.25 -7.52 5.7 -.25 -7.8 5.9 -.25 -7.6
4 15 5.7 -.25 -7.8 5.98 -.25 -8.02 6.1 -.25 -7.6 5.9 -.25 -7.6
4 15 6.4 -.25 -8 6.4 -.25 -7.6 6.1 -.25 -7.6 5.98 -.25 -8.02
4 15 5.98 -.25 -8.02 6.3 -.25 -8.19 6.64 -.25 -8.3 6.4 -.25 -8
3 15 6.6 -.25 -8 6.4 -.25 -8 6.64 -.25 -8.3
4 15 6.6 -.25 -8 6.64 -.25 -8.3 7 -.25 -8.33 7.3 -.25 -8
3 15 7.3 -.25 -8 7 -.25 -8.33 7.36 -.25 -8.3
4 15 7.3 -.25 -8 7.36 -.25 -8.3 7.7 -.25 -8.19 7.5 -.25 -8
4 15 7.3 -.25 -7.6 7.1 -.25 -7.6 6.6 -.25 -8 7.3 -.25 -8
3 15 7.1 -.25 -7.6 6.8 -.25 -7.8 6.6 -.25 -8
3 15 6.8 -.25 -7.8 6.6 -.25 -7.8 6.6 -.25 -8
4 15 6.9 -.25 -7.2 6.8 -.25 -7.6 6.8 -.25 -7.8 6.9 -.25 -7.6
3 15 7.1 -.25 -7.6 6.9 -.25 -7.6 6.8 -.25 -7.8
4 15 6.8 -.25 -7.6 6.9 -.25 -7.2 6.6 -.25 -7.2 6.4 -.25 -7.6
3 15 6.6 -.25 -7.2 6.4 -.25 -7.2 6.4 -.25 -7.6
4 15 6.3 -.25 -7.4 6.4 -.25 -7.6 6.4 -.25 -7.2 6.3 -.25 -7.2
4 15 6.3 -.25 -7.4 6.1 -.25 -7.4 6.1 -.25 -7.6 6.4 -.25 -7.6
4 72 -13 -.25 -3.5 -13 -.25 -4.7 -.2 -.25 -4.7 -.2 -.25 -3.5
4 72 -14 -.25 -1.6 1.1 -.25 -1.6 2.2 -.25 -.5 -15.1 -.25 -.5
4 72 1.1 -.25 -6.9 2.2 -.25 -8 2.2 -.25 -.5 1.1 -.25 -1.6
4 72 -15.1 -.25 -8 -14 -.25 -6.9 -14 -.25 -1.6 -15.1 -.25 -.5
4 72 -15.1 -.25 -8 2.2 -.25 -8 1.1 -.25 -6.9 -14 -.25 -6.9
4 0 -13 -.25 -3.5 -.2 -.25 -3.5 1.1 -.25 -1.6 -14 -.25 -1.6
4 0 1.1 -.25 -6.9 1.1 -.25 -1.6 -.2 -.25 -3.5 -.2 -.25 -4.7
4 0 -14 -.25 -6.9 1.1 -.25 -6.9 -.2 -.25 -4.7 -13 -.25 -4.7
4 0 -14 -.25 -6.9 -13 -.25 -4.7 -13 -.25 -3.5 -14 -.25 -1.6
4 0 -11.5 -.25 10.04 -9.69 -.25 9.68 -2.72 -.25 9.88 0 -.25 11
4 0 -4.37 -.25 9.06 -2.72 -.25 9.88 -9.69 -.25 9.68 -8.15 -.25 8.65
4 0 -4.37 -.25 9.06 -8.15 -.25 8.65 -7.12 -.25 7.11 -5.59 -.25 7.67
4 0 -6.76 -.25 5.3 -6.19 -.25 5.92 -5.59 -.25 7.67 -7.12 -.25 7.11
4 0 -6.19 -.25 5.92 -6.76 -.25 5.3 -7.12 -.25 3.49 -6.07 -.25 4.08
4 0 -8.15 -.25 1.95 -5.25 -.25 2.42 -6.07 -.25 4.08 -7.12 -.25 3.49
4 0 -5.25 -.25 2.42 -8.15 -.25 1.95 -9.69 -.25 .92 -3.86 -.25 1.2
3 0 0 -.25 11 -2.72 -.25 9.88 -.87 -.25 10
3 0 0 -.25 11 -.87 -.25 10 .88 -.25 9.41
4 0 2.27 -.25 8.19 5 -.25 9.3 0 -.25 11 .88 -.25 9.41
3 0 0 -.25 11 5 -.25 9.3 8.3 -.25 9.3
4 0 18.5 -.25 10 14 -.25 9.3 14 -.25 2.5 18.5 -.25 0
4 0 2.27 -.25 8.19 3.09 -.25 6.53 5 -.25 6 5 -.25 9.3
4 0 5 -.25 6 3.09 -.25 6.53 3.21 -.25 4.69 5 -.25 2.5
3 0 3.21 -.25 4.69 2.61 -.25 2.94 5 -.25 2.5
4 0 2.61 -.25 2.94 1.39 -.25 1.55 4.96 -.25 1.14 5 -.25 2.5
3 0 5 -.25 2.5 4.96 -.25 1.14 5.35 -.25 1.47
3 0 5 -.25 2.5 5.35 -.25 1.47 5.8 -.25 1.71
3 0 5 -.25 2.5 5.8 -.25 1.71 6.29 -.25 1.86
4 0 6.29 -.25 1.86 6.8 -.25 1.91 8.3 -.25 2.5 5 -.25 2.5
3 0 8.3 -.25 2.5 6.8 -.25 1.91 7.31 -.25 1.86
3 0 8.3 -.25 2.5 7.31 -.25 1.86 7.8 -.25 1.71
3 0 8.3 -.25 2.5 7.8 -.25 1.71 8.25 -.25 1.47
3 0 8.3 -.25 2.5 8.25 -.25 1.47 8.64 -.25 1.14
4 0 8.64 -.25 1.14 10.86 -.25 1.14 10.7 -.25 2.5 8.3 -.25 2.5
3 0 10.7 -.25 2.5 10.86 -.25 1.14 11.25 -.25 1.47
3 0 10.7 -.25 2.5 11.25 -.25 1.47 11.7 -.25 1.71
3 0 10.7 -.25 2.5 11.7 -.25 1.71 12.19 -.25 1.86
4 0 12.19 -.25 1.86 12.7 -.25 1.91 14 -.25 2.5 10.7 -.25 2.5
3 0 14 -.25 2.5 12.7 -.25 1.91 13.21 -.25 1.86
3 0 14 -.25 2.5 13.21 -.25 1.86 13.7 -.25 1.71
3 0 14 -.25 2.5 13.7 -.25 1.71 14.15 -.25 1.47
4 0 18.5 -.25 0 14 -.25 2.5 14.15 -.25 1.47 14.54 -.25 1.14
4 0 8.97 -.25 .75 10.53 -.25 .75 10.86 -.25 1.14 8.64 -.25 1.14
4 0 9.21 -.25 .3 10.29 -.25 .3 10.53 -.25 .75 8.97 -.25 .75
4 0 9.36 -.25 -.19 10.14 -.25 -.19 10.29 -.25 .3 9.21 -.25 .3
4 0 9.41 -.25 -.7 10.09 -.25 -.7 10.14 -.25 -.19 9.36 -.25 -.19
4 0 9.36 -.25 -1.21 10.14 -.25 -1.21 10.09 -.25 -.7 9.41 -.25 -.7
4 0 9.21 -.25 -1.7 10.29 -.25 -1.7 10.14 -.25 -1.21 9.36 -.25 -1.21
4 0 8.97 -.25 -2.15 10.53 -.25 -2.15 10.29 -.25 -1.7 9.21 -.25 -1.7
3 0 1.39 -.25 1.55 4.63 -.25 .75 4.96 -.25 1.14
3 0 1.39 -.25 1.55 4.39 -.25 .3 4.63 -.25 .75
4 0 4.39 -.25 .3 1.39 -.25 1.55 2.2 -.25 -.5 4.24 -.25 -.19
3 0 1.39 -.25 1.55 -.26 -.25 .73 2.2 -.25 -.5
3 0 4.24 -.25 -.19 2.2 -.25 -.5 4.19 -.25 -.7
3 0 2.2 -.25 -.5 4.24 -.25 -1.21 4.19 -.25 -.7
3 0 2.2 -.25 -.5 4.39 -.25 -1.7 4.24 -.25 -1.21
3 0 -.26 -.25 .73 -2.11 -.25 .61 2.2 -.25 -.5
4 0 -11.5 -.25 .56 -2.11 -.25 .61 -3.86 -.25 1.2 -9.69 -.25 .92
4 0 -15.1 -.25 -.5 2.2 -.25 -.5 -2.11 -.25 .61 -11.5 -.25 .56
4 0 -18.5 -.25 0 -15.1 -.25 -.5 -11.5 -.25 .56 -13.31 -.25 .92
3 0 -14.85 -.25 1.95 -18.5 -.25 0 -13.31 -.25 .92
3 0 -15.88 -.25 3.49 -18.5 -.25 0 -14.85 -.25 1.95
4 0 -18.5 -.25 10 -18.5 -.25 0 -15.88 -.25 3.49 -16.24 -.25 5.3
4 0 -18.5 -.25 -10 -15.1 -.25 -8 -15.1 -.25 -.5 -18.5 -.25 0
4 0 -17.5 -.25 -11 0 -.25 -11 2.2 -.25 -8 -15.1 -.25 -8
4 0 4.63 -.25 -5.05 4.63 -.25 -2.15 4.39 -.25 -1.7 2.2 -.25 -.5
3 0 2.2 -.25 -.5 4.39 -.25 -5.5 4.63 -.25 -5.05
3 0 2.2 -.25 -.5 4.24 -.25 -5.99 4.39 -.25 -5.5
4 0 2.2 -.25 -8 4.19 -.25 -6.5 4.24 -.25 -5.99 2.2 -.25 -.5
3 0 4.19 -.25 -6.5 2.2 -.25 -8 4.24 -.25 -7.01
3 0 4.24 -.25 -7.01 2.2 -.25 -8 4.39 -.25 -7.5
4 0 4.39 -.25 -7.5 2.2 -.25 -8 0 -.25 -11 4.63 -.25 -7.95
4 0 4.63 -.25 -5.05 4.96 -.25 -4.66 4.96 -.25 -2.54 4.63 -.25 -2.15
4 0 4.96 -.25 -2.54 4.96 -.25 -4.66 5.35 -.25 -4.33 5.35 -.25 -2.87
4 0 5.35 -.25 -2.87 5.35 -.25 -4.33 5.8 -.25 -4.09 5.8 -.25 -3.11
4 0 5.8 -.25 -3.11 5.8 -.25 -4.09 6.29 -.25 -3.94 6.29 -.25 -3.26
4 0 6.29 -.25 -3.26 6.29 -.25 -3.94 6.8 -.25 -3.89 6.8 -.25 -3.31
4 0 7.31 -.25 -3.94 7.31 -.25 -3.26 6.8 -.25 -3.31 6.8 -.25 -3.89
4 0 7.31 -.25 -3.26 7.31 -.25 -3.94 7.8 -.25 -4.09 7.8 -.25 -3.11
4 0 8.25 -.25 -4.33 8.25 -.25 -2.87 7.8 -.25 -3.11 7.8 -.25 -4.09
4 0 8.25 -.25 -2.87 8.25 -.25 -4.33 8.64 -.25 -4.66 8.64 -.25 -2.54
4 0 8.64 -.25 -2.54 8.64 -.25 -4.66 8.97 -.25 -5.05 8.97 -.25 -2.15
4 0 8.97 -.25 -5.05 10.53 -.25 -5.05 10.53 -.25 -2.15 8.97 -.25 -2.15
4 0 10.53 -.25 -2.15 10.53 -.25 -5.05 10.86 -.25 -4.66 10.86 -.25 -2.54
4 0 10.86 -.25 -2.54 10.86 -.25 -4.66 11.25 -.25 -4.33 11.25 -.25 -2.87
4 0 11.25 -.25 -2.87 11.25 -.25 -4.33 11.7 -.25 -4.09 11.7 -.25 -3.11
4 0 11.7 -.25 -3.11 11.7 -.25 -4.09 12.19 -.25 -3.94 12.19 -.25 -3.26
4 0 12.19 -.25 -3.26 12.19 -.25 -3.94 12.7 -.25 -3.89 12.7 -.25 -3.31
4 0 12.7 -.25 -3.31 12.7 -.25 -3.89 13.21 -.25 -3.94 13.21 -.25 -3.26
4 0 13.21 -.25 -3.94 13.7 -.25 -4.09 13.7 -.25 -3.11 13.21 -.25 -3.26
4 0 13.7 -.25 -3.11 13.7 -.25 -4.09 14.15 -.25 -4.33 14.15 -.25 -2.87
4 0 9.21 -.25 -5.5 10.29 -.25 -5.5 10.53 -.25 -5.05 8.97 -.25 -5.05
4 0 9.36 -.25 -5.99 10.14 -.25 -5.99 10.29 -.25 -5.5 9.21 -.25 -5.5
4 0 9.41 -.25 -6.5 10.09 -.25 -6.5 10.14 -.25 -5.99 9.36 -.25 -5.99
4 0 9.36 -.25 -7.01 10.14 -.25 -7.01 10.09 -.25 -6.5 9.41 -.25 -6.5
4 0 9.21 -.25 -7.5 10.29 -.25 -7.5 10.14 -.25 -7.01 9.36 -.25 -7.01
4 0 8.97 -.25 -7.95 10.53 -.25 -7.95 10.29 -.25 -7.5 9.21 -.25 -7.5
4 0 8.64 -.25 -8.34 10.86 -.25 -8.34 10.53 -.25 -7.95 8.97 -.25 -7.95
4 0 8.25 -.25 -8.67 11.25 -.25 -8.67 10.86 -.25 -8.34 8.64 -.25 -8.34
4 0 7.8 -.25 -8.91 11.7 -.25 -8.91 11.25 -.25 -8.67 8.25 -.25 -8.67
4 0 7.31 -.25 -9.06 12.19 -.25 -9.06 11.7 -.25 -8.91 7.8 -.25 -8.91
4 0 6.8 -.25 -9.11 12.7 -.25 -9.11 12.19 -.25 -9.06 7.31 -.25 -9.06
3 0 4.63 -.25 -7.95 0 -.25 -11 4.96 -.25 -8.34
3 0 4.96 -.25 -8.34 0 -.25 -11 5.35 -.25 -8.67
3 0 5.35 -.25 -8.67 0 -.25 -11 5.8 -.25 -8.91
3 0 5.8 -.25 -8.91 0 -.25 -11 6.29 -.25 -9.06
3 0 6.29 -.25 -9.06 0 -.25 -11 6.8 -.25 -9.11
3 0 14.54 -.25 1.14 14.87 -.25 .75 18.5 -.25 0
3 0 14.87 -.25 .75 15.11 -.25 .3 18.5 -.25 0
3 0 15.11 -.25 .3 15.26 -.25 -.19 18.5 -.25 0
3 0 18.5 -.25 0 15.26 -.25 -.19 15.31 -.25 -.7
3 0 18.5 -.25 0 15.31 -.25 -.7 15.26 -.25 -1.21
4 0 15.11 -.25 -5.5 18.5 -.25 0 15.26 -.25 -1.21 15.11 -.25 -1.7
4 0 18.5 -.25 -10 18.5 -.25 0 15.26 -.25 -5.99 15.31 -.25 -6.5
3 0 18.5 -.25 0 15.11 -.25 -5.5 15.26 -.25 -5.99
4 0 14.87 -.25 -5.05 15.11 -.25 -5.5 15.11 -.25 -1.7 14.87 -.25 -2.15
4 0 14.87 -.25 -5.05 14.87 -.25 -2.15 14.54 -.25 -2.54 14.54 -.25 -4.66
4 0 14.15 -.25 -4.33 14.54 -.25 -4.66 14.54 -.25 -2.54 14.15 -.25 -2.87
3 72 10.7 -.25 9.3 11.7 -.25 8 11.7 -.25 8.4
3 72 10.7 -.25 9.3 11.7 -.25 7.7 11.7 -.25 8
3 72 10.7 -.25 9.3 11.7 -.25 7 11.7 -.25 7.7
3 72 10.7 -.25 9.3 11.7 -.25 6.7 11.7 -.25 7
4 72 11.7 -.25 6.7 10.7 -.25 9.3 10.7 -.25 6 11.7 -.25 6.5
3 72 11.7 -.25 6.5 10.7 -.25 6 11.7 -.25 6
3 72 11.7 -.25 6 10.7 -.25 6 11.7 -.25 5.8
3 72 10.7 -.25 6 11.7 -.25 5.3 11.7 -.25 5.8
3 72 10.7 -.25 6 11.7 -.25 5.1 11.7 -.25 5.3
3 72 10.7 -.25 6 11.7 -.25 4.6 11.7 -.25 5.1
3 72 10.7 -.25 6 11.7 -.25 4 11.7 -.25 4.6
4 72 11.7 -.25 4 10.7 -.25 6 10.7 -.25 2.5 11.7 -.25 3.4
3 72 12.2 -.25 3.4 11.7 -.25 3.4 10.7 -.25 2.5
3 72 12.7 -.25 3.4 12.2 -.25 3.4 10.7 -.25 2.5
3 72 13.2 -.25 3.4 12.7 -.25 3.4 10.7 -.25 2.5
4 72 13.2 -.25 3.4 10.7 -.25 2.5 14 -.25 2.5 13.5 -.25 3.4
3 72 5 -.25 9.3 6 -.25 8 6 -.25 8.4
3 72 5 -.25 9.3 6 -.25 7.7 6 -.25 8
3 72 5 -.25 9.3 6 -.25 7 6 -.25 7.7
3 72 5 -.25 9.3 6 -.25 6.7 6 -.25 7
3 72 5 -.25 9.3 6 -.25 6.5 6 -.25 6.7
4 72 6 -.25 6.5 5 -.25 9.3 5 -.25 6 6 -.25 6
3 72 6 -.25 6 5 -.25 6 6 -.25 5.8
3 72 5 -.25 6 6 -.25 5.3 6 -.25 5.8
3 72 5 -.25 6 6 -.25 5.1 6 -.25 5.3
3 72 5 -.25 6 6 -.25 4.6 6 -.25 5.1
3 72 5 -.25 6 6 -.25 4 6 -.25 4.6
4 72 6 -.25 4 5 -.25 6 5 -.25 2.5 6 -.25 3.4
3 72 6.5 -.25 3.4 6 -.25 3.4 5 -.25 2.5
3 72 7 -.25 3.4 6.5 -.25 3.4 5 -.25 2.5
3 72 7.5 -.25 3.4 7 -.25 3.4 5 -.25 2.5
4 72 7.5 -.25 3.4 5 -.25 2.5 8.3 -.25 2.5 7.8 -.25 3.4
4 0 8.3 -.25 2.5 10.7 -.25 6 10.7 -.25 9.3 8.3 -.25 9.3
3 0 10.7 -.25 6 8.3 -.25 2.5 10.7 -.25 2.5
3 15 7.8 -.25 8.4 7.5 -.25 7.5 7.5 -.25 7.2
3 15 7.8 -.25 8.4 7.5 -.25 7.2 7.5 -.25 7
3 15 7.8 -.25 8.4 7.5 -.25 7 7.5 -.25 6.7
3 15 7.8 -.25 8.4 7.5 -.25 6.7 7.5 -.25 6.5
3 15 7.8 -.25 8.4 7.5 -.25 6.5 7.5 -.25 6
4 15 7.8 -.25 3.4 7.8 -.25 8.4 7.5 -.25 6 7.5 -.25 5.8
3 15 7.5 -.25 5.8 7.5 -.25 5.3 7.8 -.25 3.4
3 15 7.5 -.25 5.3 7.5 -.25 5.1 7.8 -.25 3.4
3 15 7.5 -.25 5.1 7.5 -.25 4.6 7.8 -.25 3.4
3 15 13.5 -.25 8.4 13.2 -.25 7.5 13.2 -.25 7.2
3 15 13.5 -.25 8.4 13.2 -.25 7.2 13.2 -.25 7
3 15 13.5 -.25 8.4 13.2 -.25 7 13.2 -.25 6.7
3 15 13.5 -.25 8.4 13.2 -.25 6.7 13.2 -.25 6.5
3 15 13.5 -.25 8.4 13.2 -.25 6.5 13.2 -.25 6
3 15 13.5 -.25 8.4 13.2 -.25 6 13.2 -.25 5.8
4 15 13.2 -.25 5.8 13.2 -.25 5.3 13.5 -.25 3.4 13.5 -.25 8.4
3 15 13.2 -.25 5.3 13.2 -.25 5.1 13.5 -.25 3.4
3 15 13.2 -.25 5.1 13.2 -.25 4.6 13.5 -.25 3.4
4 0 -16.24 -.25 5.3 -15.88 -.25 7.11 -17.5 -.25 11 -18.5 -.25 10
3 0 -17.5 -.25 11 -15.88 -.25 7.11 -14.85 -.25 8.65
3 0 -17.5 -.25 11 -14.85 -.25 8.65 -13.31 -.25 9.68
3 0 -17.5 -.25 11 -13.31 -.25 9.68 -11.5 -.25 10.04
3 0 0 -.25 11 -17.5 -.25 11 -11.5 -.25 10.04
4 0 8.3 -.25 9.3 10.7 -.25 9.3 17.5 -.25 11 0 -.25 11
4 0 18.5 -.25 10 17.5 -.25 11 10.7 -.25 9.3 14 -.25 9.3
3 0 -15.1 -.25 -8 -18.5 -.25 -10 -17.5 -.25 -11
4 0 6.8 -.25 -9.11 0 -.25 -11 17.5 -.25 -11 12.7 -.25 -9.11
3 0 13.21 -.25 -9.06 12.7 -.25 -9.11 17.5 -.25 -11
3 0 13.7 -.25 -8.91 13.21 -.25 -9.06 17.5 -.25 -11
3 0 14.15 -.25 -8.67 13.7 -.25 -8.91 17.5 -.25 -11
3 0 14.54 -.25 -8.34 14.15 -.25 -8.67 17.5 -.25 -11
4 0 17.5 -.25 -11 18.5 -.25 -10 14.87 -.25 -7.95 14.54 -.25 -8.34
3 0 15.11 -.25 -7.5 14.87 -.25 -7.95 18.5 -.25 -10
3 0 15.26 -.25 -7.01 15.11 -.25 -7.5 18.5 -.25 -10
3 0 15.31 -.25 -6.5 15.26 -.25 -7.01 18.5 -.25 -10
3 15 5.31 -.25 -1.4 5.48 -.25 -1.72 5.6 -.25 -1.4
3 15 5.6 -.25 -1.4 5.48 -.25 -1.72 5.8 -.25 -1.4
3 15 11.21 -.25 -1.4 11.38 -.25 -1.72 11.5 -.25 -1.4
3 15 11.5 -.25 -1.4 11.38 -.25 -1.72 11.7 -.25 -1.4
3 15 11.21 -.25 -7.2 11.38 -.25 -7.52 11.5 -.25 -7.2
3 15 11.5 -.25 -7.2 11.38 -.25 -7.52 11.7 -.25 -7.2
3 15 5.31 -.25 -7.2 5.48 -.25 -7.52 5.6 -.25 -7.2
3 15 5.6 -.25 -7.2 5.48 -.25 -7.52 5.8 -.25 -7.2

1 16 17.5 0 10 1 0 0 0 -1 0 0 0 1 1-4chrd.dat
1 16 -17.5 0 10 0 0 -1 0 -1 0 1 0 0 1-4chrd.dat
1 16 -17.5 0 -10 -1 0 0 0 -1 0 0 0 -1 1-4chrd.dat
1 16 17.5 0 -10 0 0 1 0 -1 0 -1 0 0 1-4chrd.dat
4 16 18.5 0 10 -18.5 0 10 -17.5 0 11 17.5 0 11
4 16 18.5 0 10 18.5 0 -10 -18.5 0 -10 -18.5 0 10
4 16 17.5 0 -11 -17.5 0 -11 -18.5 0 -10 18.5 0 -10

1 16 17.5 -.25 10 1 0 0 0 .25 0 0 0 1 1-4cyli.dat
1 16 -17.5 -.25 10 0 0 -1 0 .25 0 1 0 0 1-4cyli.dat
1 16 -17.5 -.25 -10 -1 0 0 0 .25 0 0 0 -1 1-4cyli.dat
1 16 17.5 -.25 -10 0 0 1 0 .25 0 -1 0 0 1-4cyli.dat
4 16 -17.5 -.25 11 17.5 -.25 11 17.5 0 11 -17.5 0 11
4 16 -18.5 -.25 -10 -18.5 -.25 10 -18.5 0 10 -18.5 0 -10
4 16 17.5 -.25 -11 -17.5 -.25 -11 -17.5 0 -11 17.5 0 -11
4 16 18.5 -.25 10 18.5 -.25 -10 18.5 0 -10 18.5 0 10
