0 Sticker  1.1 x  5.7 with  6 Yellow Windows Pattern
0 Name: 4269558c.dat
0 Author: Evert-Jan Boer [ejboer]
0 !LDRAW_ORG Unofficial_Part
0 !LICENSE Licensed under CC BY 4.0 : see CAreadme.txt

0 BFC CERTIFY CCW

0 !KEYWORDS Sandcrawler, Set 10144

1 70 56.5 -.25 10.25 1 0 0 0 1 0 0 0 1 1-4chrd.dat
1 70 56.5 -.25 -10.25 0 0 1 0 1 0 -1 0 0 1-4chrd.dat
1 70 -56.5 -.25 -10.25 -1 0 0 0 1 0 0 0 -1 1-4chrd.dat
1 70 -56.5 -.25 10.25 0 0 -1 0 1 0 1 0 0 1-4chrd.dat
3 70 -53.4 -.25 8.5 -53.8 -.25 8.5 -53.6 -.25 -6
3 14 -53.8 -.25 8.5 -53.8 -.25 -8.5 -53.6 -.25 -6
4 14 -53.6 -.25 -6 -53.4 -.25 -8.5 -53.2 -.25 -6 -53.4 -.25 8.5
3 14 -53.6 -.25 -6 -53.8 -.25 -8.5 -53.4 -.25 -8.5
3 70 -53 -.25 8.5 -53.4 -.25 8.5 -53.2 -.25 -6
4 14 -52.8 -.25 -6 -53 -.25 8.5 -53.2 -.25 -6 -53 -.25 -8.5
3 14 -53.2 -.25 -6 -53.4 -.25 -8.5 -53 -.25 -8.5
3 70 -52.6 -.25 8.5 -53 -.25 8.5 -52.8 -.25 -6
4 14 -52.8 -.25 -6 -52.6 -.25 -8.5 -52.4 -.25 -6 -52.6 -.25 8.5
3 14 -52.8 -.25 -6 -53 -.25 -8.5 -52.6 -.25 -8.5
3 70 -52.2 -.25 8.5 -52.6 -.25 8.5 -52.4 -.25 -6
4 14 -52.4 -.25 -6 -52.2 -.25 -8.5 -52 -.25 -6 -52.2 -.25 8.5
3 14 -52.4 -.25 -6 -52.6 -.25 -8.5 -52.2 -.25 -8.5
3 70 -51.8 -.25 8.5 -52.2 -.25 8.5 -52 -.25 -6
4 14 -52 -.25 -6 -51.8 -.25 -8.5 -51.6 -.25 -6 -51.8 -.25 8.5
3 14 -52 -.25 -6 -52.2 -.25 -8.5 -51.8 -.25 -8.5
3 70 -51.4 -.25 8.5 -51.8 -.25 8.5 -51.6 -.25 -6
4 14 -51.2 -.25 -6 -51.4 -.25 8.5 -51.6 -.25 -6 -51.4 -.25 -8.5
3 14 -51.6 -.25 -6 -51.8 -.25 -8.5 -51.4 -.25 -8.5
3 70 -51 -.25 8.5 -51.4 -.25 8.5 -51.2 -.25 -6
4 14 -51.2 -.25 -6 -51 -.25 -8.5 -50.8 -.25 -6 -51 -.25 8.5
3 14 -51.2 -.25 -6 -51.4 -.25 -8.5 -51 -.25 -8.5
3 70 -50.6 -.25 8.5 -51 -.25 8.5 -50.8 -.25 -6
4 14 -50.8 -.25 -6 -50.6 -.25 -8.5 -50.4 -.25 -6 -50.6 -.25 8.5
3 14 -50.8 -.25 -6 -51 -.25 -8.5 -50.6 -.25 -8.5
3 70 -50.2 -.25 8.5 -50.6 -.25 8.5 -50.4 -.25 -6
4 14 -50.4 -.25 -6 -50.2 -.25 -8.5 -50 -.25 -6 -50.2 -.25 8.5
3 14 -50.4 -.25 -6 -50.6 -.25 -8.5 -50.2 -.25 -8.5
3 70 -49.8 -.25 8.5 -50.2 -.25 8.5 -50 -.25 -6
4 14 -49.6 -.25 -6 -49.8 -.25 8.5 -50 -.25 -6 -49.8 -.25 -8.5
3 14 -50 -.25 -6 -50.2 -.25 -8.5 -49.8 -.25 -8.5
3 70 -49.4 -.25 8.5 -49.8 -.25 8.5 -49.6 -.25 -6
4 14 -49.6 -.25 -6 -49.4 -.25 -8.5 -49.2 -.25 -6 -49.4 -.25 8.5
3 14 -49.6 -.25 -6 -49.8 -.25 -8.5 -49.4 -.25 -8.5
3 70 -49 -.25 8.5 -49.4 -.25 8.5 -49.2 -.25 -6
4 14 -49.2 -.25 -6 -49 -.25 -8.5 -48.8 -.25 -6 -49 -.25 8.5
3 14 -49.2 -.25 -6 -49.4 -.25 -8.5 -49 -.25 -8.5
3 70 -48.6 -.25 8.5 -49 -.25 8.5 -48.8 -.25 -6
4 14 -48.8 -.25 -6 -48.6 -.25 -8.5 -48.4 -.25 -6 -48.6 -.25 8.5
3 14 -48.8 -.25 -6 -49 -.25 -8.5 -48.6 -.25 -8.5
3 70 -48.2 -.25 8.5 -48.6 -.25 8.5 -48.4 -.25 -6
4 14 -48 -.25 -6 -48.2 -.25 8.5 -48.4 -.25 -6 -48.2 -.25 -8.5
3 14 -48.4 -.25 -6 -48.6 -.25 -8.5 -48.2 -.25 -8.5
3 70 -47.8 -.25 8.5 -48.2 -.25 8.5 -48 -.25 -6
4 14 -48 -.25 -6 -47.8 -.25 -8.5 -47.6 -.25 -6 -47.8 -.25 8.5
3 14 -48 -.25 -6 -48.2 -.25 -8.5 -47.8 -.25 -8.5
3 70 -47.4 -.25 8.5 -47.8 -.25 8.5 -47.6 -.25 -6
4 14 -47.6 -.25 -6 -47.4 -.25 -8.5 -47.2 -.25 -6 -47.4 -.25 8.5
3 14 -47.6 -.25 -6 -47.8 -.25 -8.5 -47.4 -.25 -8.5
3 70 -47 -.25 8.5 -47.4 -.25 8.5 -47.2 -.25 -6
4 14 -47.2 -.25 -6 -47 -.25 -8.5 -46.8 -.25 -6 -47 -.25 8.5
3 14 -47.2 -.25 -6 -47.4 -.25 -8.5 -47 -.25 -8.5
3 70 -46.6 -.25 8.5 -47 -.25 8.5 -46.8 -.25 -6
4 14 -46.4 -.25 -6 -46.6 -.25 8.5 -46.8 -.25 -6 -46.6 -.25 -8.5
3 14 -46.8 -.25 -6 -47 -.25 -8.5 -46.6 -.25 -8.5
3 70 -46.2 -.25 8.5 -46.6 -.25 8.5 -46.4 -.25 -6
4 14 -46.4 -.25 -6 -46.2 -.25 -8.5 -46 -.25 -6 -46.2 -.25 8.5
3 14 -46.4 -.25 -6 -46.6 -.25 -8.5 -46.2 -.25 -8.5
3 70 -45.8 -.25 8.5 -46.2 -.25 8.5 -46 -.25 -6
4 14 -46 -.25 -6 -45.8 -.25 -8.5 -45.6 -.25 -6 -45.8 -.25 8.5
3 14 -46 -.25 -6 -46.2 -.25 -8.5 -45.8 -.25 -8.5
3 70 -45.4 -.25 8.5 -45.8 -.25 8.5 -45.6 -.25 -6
4 14 -45.6 -.25 -6 -45.4 -.25 -8.5 -45.2 -.25 -6 -45.4 -.25 8.5
3 14 -45.6 -.25 -6 -45.8 -.25 -8.5 -45.4 -.25 -8.5
3 70 -45 -.25 8.5 -45.4 -.25 8.5 -45.2 -.25 -6
4 14 -44.8 -.25 -6 -45 -.25 8.5 -45.2 -.25 -6 -45 -.25 -8.5
3 14 -45.2 -.25 -6 -45.4 -.25 -8.5 -45 -.25 -8.5
3 70 -44.6 -.25 8.5 -45 -.25 8.5 -44.8 -.25 -6
4 14 -44.8 -.25 -6 -44.6 -.25 -8.5 -44.4 -.25 -6 -44.6 -.25 8.5
3 14 -44.8 -.25 -6 -45 -.25 -8.5 -44.6 -.25 -8.5
3 70 -44.2 -.25 8.5 -44.6 -.25 8.5 -44.4 -.25 -6
4 14 -44.4 -.25 -6 -44.2 -.25 -8.5 -44 -.25 -6 -44.2 -.25 8.5
3 14 -44.4 -.25 -6 -44.6 -.25 -8.5 -44.2 -.25 -8.5
3 70 -43.8 -.25 8.5 -44.2 -.25 8.5 -44 -.25 -6
4 14 -44 -.25 -6 -43.8 -.25 -8.5 -43.6 -.25 -6 -43.8 -.25 8.5
3 14 -44 -.25 -6 -44.2 -.25 -8.5 -43.8 -.25 -8.5
3 70 -43.4 -.25 8.5 -43.8 -.25 8.5 -43.6 -.25 -6
4 14 -43.2 -.25 -6 -43.4 -.25 8.5 -43.6 -.25 -6 -43.4 -.25 -8.5
3 14 -43.6 -.25 -6 -43.8 -.25 -8.5 -43.4 -.25 -8.5
3 70 -43 -.25 8.5 -43.4 -.25 8.5 -43.2 -.25 -6
4 14 -43.2 -.25 -6 -43 -.25 -8.5 -42.8 -.25 -6 -43 -.25 8.5
3 14 -43.2 -.25 -6 -43.4 -.25 -8.5 -43 -.25 -8.5
3 70 -42.6 -.25 8.5 -43 -.25 8.5 -42.8 -.25 -6
4 14 -42.8 -.25 -6 -42.6 -.25 -8.5 -42.4 -.25 -6 -42.6 -.25 8.5
3 14 -42.8 -.25 -6 -43 -.25 -8.5 -42.6 -.25 -8.5
3 70 -42.2 -.25 8.5 -42.6 -.25 8.5 -42.4 -.25 -6
4 14 -42.4 -.25 -6 -42.2 -.25 -8.5 -42 -.25 -6 -42.2 -.25 8.5
3 14 -42.4 -.25 -6 -42.6 -.25 -8.5 -42.2 -.25 -8.5
3 70 -41.8 -.25 8.5 -42.2 -.25 8.5 -42 -.25 -6
4 14 -41.6 -.25 -6 -41.8 -.25 8.5 -42 -.25 -6 -41.8 -.25 -8.5
3 14 -42 -.25 -6 -42.2 -.25 -8.5 -41.8 -.25 -8.5
3 70 -41.4 -.25 8.5 -41.8 -.25 8.5 -41.6 -.25 -6
4 14 -41.6 -.25 -6 -41.4 -.25 -8.5 -41.2 -.25 -6 -41.4 -.25 8.5
3 14 -41.6 -.25 -6 -41.8 -.25 -8.5 -41.4 -.25 -8.5
3 70 -41 -.25 8.5 -41.4 -.25 8.5 -41.2 -.25 -6
4 14 -41.2 -.25 -6 -41 -.25 -8.5 -40.8 -.25 -6 -41 -.25 8.5
3 14 -41.2 -.25 -6 -41.4 -.25 -8.5 -41 -.25 -8.5
3 70 -40.6 -.25 8.5 -41 -.25 8.5 -40.8 -.25 -6
4 14 -40.8 -.25 -6 -40.6 -.25 -8.5 -40.4 -.25 -6 -40.6 -.25 8.5
3 14 -40.8 -.25 -6 -41 -.25 -8.5 -40.6 -.25 -8.5
3 70 -40.2 -.25 8.5 -40.6 -.25 8.5 -40.4 -.25 -6
4 14 -40 -.25 -6 -40.2 -.25 8.5 -40.4 -.25 -6 -40.2 -.25 -8.5
3 14 -40.4 -.25 -6 -40.6 -.25 -8.5 -40.2 -.25 -8.5
3 70 -39.8 -.25 8.5 -40.2 -.25 8.5 -40 -.25 -6
4 14 -40 -.25 -6 -39.8 -.25 -8.5 -39.6 -.25 -6 -39.8 -.25 8.5
3 14 -40 -.25 -6 -40.2 -.25 -8.5 -39.8 -.25 -8.5
3 70 -39.4 -.25 8.5 -39.8 -.25 8.5 -39.6 -.25 -6
4 14 -39.6 -.25 -6 -39.4 -.25 -8.5 -39.2 -.25 -6 -39.4 -.25 8.5
3 14 -39.6 -.25 -6 -39.8 -.25 -8.5 -39.4 -.25 -8.5
3 70 -39 -.25 8.5 -39.4 -.25 8.5 -39.2 -.25 -6
4 14 -39.2 -.25 -6 -39 -.25 -8.5 -38.8 -.25 -6 -39 -.25 8.5
3 14 -39.2 -.25 -6 -39.4 -.25 -8.5 -39 -.25 -8.5
3 70 -38.6 -.25 8.5 -39 -.25 8.5 -38.8 -.25 -6
4 14 -38.4 -.25 -6 -38.6 -.25 8.5 -38.8 -.25 -6 -38.6 -.25 -8.5
3 14 -38.8 -.25 -6 -39 -.25 -8.5 -38.6 -.25 -8.5
3 70 -38.2 -.25 8.5 -38.6 -.25 8.5 -38.4 -.25 -6
3 14 -38.2 -.25 8.5 -38.4 -.25 -6 -38.2 -.25 -8.5
3 14 -38.4 -.25 -6 -38.6 -.25 -8.5 -38.2 -.25 -8.5
3 70 -35 -.25 8.5 -35.4 -.25 8.5 -35.2 -.25 -6
3 14 -35.4 -.25 8.5 -35.4 -.25 -8.5 -35.2 -.25 -6
4 14 -35.2 -.25 -6 -35 -.25 -8.5 -34.8 -.25 -6 -35 -.25 8.5
3 14 -35.2 -.25 -6 -35.4 -.25 -8.5 -35 -.25 -8.5
3 70 -34.6 -.25 8.5 -35 -.25 8.5 -34.8 -.25 -6
4 14 -34.8 -.25 -6 -34.6 -.25 -8.5 -34.4 -.25 -6 -34.6 -.25 8.5
3 14 -34.8 -.25 -6 -35 -.25 -8.5 -34.6 -.25 -8.5
3 70 -34.2 -.25 8.5 -34.6 -.25 8.5 -34.4 -.25 -6
4 14 -34 -.25 -6 -34.2 -.25 8.5 -34.4 -.25 -6 -34.2 -.25 -8.5
3 14 -34.4 -.25 -6 -34.6 -.25 -8.5 -34.2 -.25 -8.5
3 70 -33.8 -.25 8.5 -34.2 -.25 8.5 -34 -.25 -6
4 14 -34 -.25 -6 -33.8 -.25 -8.5 -33.6 -.25 -6 -33.8 -.25 8.5
3 14 -34 -.25 -6 -34.2 -.25 -8.5 -33.8 -.25 -8.5
3 70 -33.4 -.25 8.5 -33.8 -.25 8.5 -33.6 -.25 -6
4 14 -33.6 -.25 -6 -33.4 -.25 -8.5 -33.2 -.25 -6 -33.4 -.25 8.5
3 14 -33.6 -.25 -6 -33.8 -.25 -8.5 -33.4 -.25 -8.5
3 70 -33 -.25 8.5 -33.4 -.25 8.5 -33.2 -.25 -6
4 14 -33.2 -.25 -6 -33 -.25 -8.5 -32.8 -.25 -6 -33 -.25 8.5
3 14 -33.2 -.25 -6 -33.4 -.25 -8.5 -33 -.25 -8.5
3 70 -32.6 -.25 8.5 -33 -.25 8.5 -32.8 -.25 -6
4 14 -32.4 -.25 -6 -32.6 -.25 8.5 -32.8 -.25 -6 -32.6 -.25 -8.5
3 14 -32.8 -.25 -6 -33 -.25 -8.5 -32.6 -.25 -8.5
3 70 -32.2 -.25 8.5 -32.6 -.25 8.5 -32.4 -.25 -6
4 14 -32.4 -.25 -6 -32.2 -.25 -8.5 -32 -.25 -6 -32.2 -.25 8.5
3 14 -32.4 -.25 -6 -32.6 -.25 -8.5 -32.2 -.25 -8.5
3 70 -31.8 -.25 8.5 -32.2 -.25 8.5 -32 -.25 -6
4 14 -32 -.25 -6 -31.8 -.25 -8.5 -31.6 -.25 -6 -31.8 -.25 8.5
3 14 -32 -.25 -6 -32.2 -.25 -8.5 -31.8 -.25 -8.5
3 70 -31.4 -.25 8.5 -31.8 -.25 8.5 -31.6 -.25 -6
4 14 -31.6 -.25 -6 -31.4 -.25 -8.5 -31.2 -.25 -6 -31.4 -.25 8.5
3 14 -31.6 -.25 -6 -31.8 -.25 -8.5 -31.4 -.25 -8.5
3 70 -31 -.25 8.5 -31.4 -.25 8.5 -31.2 -.25 -6
4 14 -30.8 -.25 -6 -31 -.25 8.5 -31.2 -.25 -6 -31 -.25 -8.5
3 14 -31.2 -.25 -6 -31.4 -.25 -8.5 -31 -.25 -8.5
3 70 -30.6 -.25 8.5 -31 -.25 8.5 -30.8 -.25 -6
4 14 -30.8 -.25 -6 -30.6 -.25 -8.5 -30.4 -.25 -6 -30.6 -.25 8.5
3 14 -30.8 -.25 -6 -31 -.25 -8.5 -30.6 -.25 -8.5
3 70 -30.2 -.25 8.5 -30.6 -.25 8.5 -30.4 -.25 -6
4 14 -30.4 -.25 -6 -30.2 -.25 -8.5 -30 -.25 -6 -30.2 -.25 8.5
3 14 -30.4 -.25 -6 -30.6 -.25 -8.5 -30.2 -.25 -8.5
3 70 -29.8 -.25 8.5 -30.2 -.25 8.5 -30 -.25 -6
4 14 -30 -.25 -6 -29.8 -.25 -8.5 -29.6 -.25 -6 -29.8 -.25 8.5
3 14 -30 -.25 -6 -30.2 -.25 -8.5 -29.8 -.25 -8.5
3 70 -29.4 -.25 8.5 -29.8 -.25 8.5 -29.6 -.25 -6
4 14 -29.2 -.25 -6 -29.4 -.25 8.5 -29.6 -.25 -6 -29.4 -.25 -8.5
3 14 -29.6 -.25 -6 -29.8 -.25 -8.5 -29.4 -.25 -8.5
3 70 -29 -.25 8.5 -29.4 -.25 8.5 -29.2 -.25 -6
4 14 -29.2 -.25 -6 -29 -.25 -8.5 -28.8 -.25 -6 -29 -.25 8.5
3 14 -29.2 -.25 -6 -29.4 -.25 -8.5 -29 -.25 -8.5
3 70 -28.6 -.25 8.5 -29 -.25 8.5 -28.8 -.25 -6
4 14 -28.8 -.25 -6 -28.6 -.25 -8.5 -28.4 -.25 -6 -28.6 -.25 8.5
3 14 -28.8 -.25 -6 -29 -.25 -8.5 -28.6 -.25 -8.5
3 70 -28.2 -.25 8.5 -28.6 -.25 8.5 -28.4 -.25 -6
4 14 -28.4 -.25 -6 -28.2 -.25 -8.5 -28 -.25 -6 -28.2 -.25 8.5
3 14 -28.4 -.25 -6 -28.6 -.25 -8.5 -28.2 -.25 -8.5
3 70 -27.8 -.25 8.5 -28.2 -.25 8.5 -28 -.25 -6
4 14 -27.6 -.25 -6 -27.8 -.25 8.5 -28 -.25 -6 -27.8 -.25 -8.5
3 14 -28 -.25 -6 -28.2 -.25 -8.5 -27.8 -.25 -8.5
3 70 -27.4 -.25 8.5 -27.8 -.25 8.5 -27.6 -.25 -6
4 14 -27.6 -.25 -6 -27.4 -.25 -8.5 -27.2 -.25 -6 -27.4 -.25 8.5
3 14 -27.6 -.25 -6 -27.8 -.25 -8.5 -27.4 -.25 -8.5
3 70 -27 -.25 8.5 -27.4 -.25 8.5 -27.2 -.25 -6
4 14 -27.2 -.25 -6 -27 -.25 -8.5 -26.8 -.25 -6 -27 -.25 8.5
3 14 -27.2 -.25 -6 -27.4 -.25 -8.5 -27 -.25 -8.5
3 70 -26.6 -.25 8.5 -27 -.25 8.5 -26.8 -.25 -6
4 14 -26.8 -.25 -6 -26.6 -.25 -8.5 -26.4 -.25 -6 -26.6 -.25 8.5
3 14 -26.8 -.25 -6 -27 -.25 -8.5 -26.6 -.25 -8.5
3 70 -26.2 -.25 8.5 -26.6 -.25 8.5 -26.4 -.25 -6
4 14 -26 -.25 -6 -26.2 -.25 8.5 -26.4 -.25 -6 -26.2 -.25 -8.5
3 14 -26.4 -.25 -6 -26.6 -.25 -8.5 -26.2 -.25 -8.5
3 70 -25.8 -.25 8.5 -26.2 -.25 8.5 -26 -.25 -6
4 14 -26 -.25 -6 -25.8 -.25 -8.5 -25.6 -.25 -6 -25.8 -.25 8.5
3 14 -26 -.25 -6 -26.2 -.25 -8.5 -25.8 -.25 -8.5
3 70 -25.4 -.25 8.5 -25.8 -.25 8.5 -25.6 -.25 -6
4 14 -25.6 -.25 -6 -25.4 -.25 -8.5 -25.2 -.25 -6 -25.4 -.25 8.5
3 14 -25.6 -.25 -6 -25.8 -.25 -8.5 -25.4 -.25 -8.5
3 70 -25 -.25 8.5 -25.4 -.25 8.5 -25.2 -.25 -6
4 14 -25.2 -.25 -6 -25 -.25 -8.5 -24.8 -.25 -6 -25 -.25 8.5
3 14 -25.2 -.25 -6 -25.4 -.25 -8.5 -25 -.25 -8.5
3 70 -24.6 -.25 8.5 -25 -.25 8.5 -24.8 -.25 -6
4 14 -24.4 -.25 -6 -24.6 -.25 8.5 -24.8 -.25 -6 -24.6 -.25 -8.5
3 14 -24.8 -.25 -6 -25 -.25 -8.5 -24.6 -.25 -8.5
3 70 -24.2 -.25 8.5 -24.6 -.25 8.5 -24.4 -.25 -6
4 14 -24.4 -.25 -6 -24.2 -.25 -8.5 -24 -.25 -6 -24.2 -.25 8.5
3 14 -24.4 -.25 -6 -24.6 -.25 -8.5 -24.2 -.25 -8.5
3 70 -23.8 -.25 8.5 -24.2 -.25 8.5 -24 -.25 -6
4 14 -24 -.25 -6 -23.8 -.25 -8.5 -23.6 -.25 -6 -23.8 -.25 8.5
3 14 -24 -.25 -6 -24.2 -.25 -8.5 -23.8 -.25 -8.5
3 70 -23.4 -.25 8.5 -23.8 -.25 8.5 -23.6 -.25 -6
4 14 -23.6 -.25 -6 -23.4 -.25 -8.5 -23.2 -.25 -6 -23.4 -.25 8.5
3 14 -23.6 -.25 -6 -23.8 -.25 -8.5 -23.4 -.25 -8.5
3 70 -23 -.25 8.5 -23.4 -.25 8.5 -23.2 -.25 -6
4 14 -22.8 -.25 -6 -23 -.25 8.5 -23.2 -.25 -6 -23 -.25 -8.5
3 14 -23.2 -.25 -6 -23.4 -.25 -8.5 -23 -.25 -8.5
3 70 -22.6 -.25 8.5 -23 -.25 8.5 -22.8 -.25 -6
4 14 -22.8 -.25 -6 -22.6 -.25 -8.5 -22.4 -.25 -6 -22.6 -.25 8.5
3 14 -22.8 -.25 -6 -23 -.25 -8.5 -22.6 -.25 -8.5
3 70 -22.2 -.25 8.5 -22.6 -.25 8.5 -22.4 -.25 -6
4 14 -22.4 -.25 -6 -22.2 -.25 -8.5 -22 -.25 -6 -22.2 -.25 8.5
3 14 -22.4 -.25 -6 -22.6 -.25 -8.5 -22.2 -.25 -8.5
3 70 -21.8 -.25 8.5 -22.2 -.25 8.5 -22 -.25 -6
4 14 -22 -.25 -6 -21.8 -.25 -8.5 -21.6 -.25 -6 -21.8 -.25 8.5
3 14 -22 -.25 -6 -22.2 -.25 -8.5 -21.8 -.25 -8.5
3 70 -21.4 -.25 8.5 -21.8 -.25 8.5 -21.6 -.25 -6
4 14 -21.2 -.25 -6 -21.4 -.25 8.5 -21.6 -.25 -6 -21.4 -.25 -8.5
3 14 -21.6 -.25 -6 -21.8 -.25 -8.5 -21.4 -.25 -8.5
3 70 -21 -.25 8.5 -21.4 -.25 8.5 -21.2 -.25 -6
4 14 -21.2 -.25 -6 -21 -.25 -8.5 -20.8 -.25 -6 -21 -.25 8.5
3 14 -21.2 -.25 -6 -21.4 -.25 -8.5 -21 -.25 -8.5
3 70 -20.6 -.25 8.5 -21 -.25 8.5 -20.8 -.25 -6
4 14 -20.8 -.25 -6 -20.6 -.25 -8.5 -20.4 -.25 -6 -20.6 -.25 8.5
3 14 -20.8 -.25 -6 -21 -.25 -8.5 -20.6 -.25 -8.5
3 70 -20.2 -.25 8.5 -20.6 -.25 8.5 -20.4 -.25 -6
4 14 -20.4 -.25 -6 -20.2 -.25 -8.5 -20 -.25 -6 -20.2 -.25 8.5
3 14 -20.4 -.25 -6 -20.6 -.25 -8.5 -20.2 -.25 -8.5
3 70 -19.8 -.25 8.5 -20.2 -.25 8.5 -20 -.25 -6
3 14 -19.8 -.25 8.5 -20 -.25 -6 -19.8 -.25 -8.5
3 14 -20 -.25 -6 -20.2 -.25 -8.5 -19.8 -.25 -8.5
3 70 -16.6 -.25 8.5 -17 -.25 8.5 -16.8 -.25 -6
3 14 -17 -.25 8.5 -17 -.25 -8.5 -16.8 -.25 -6
4 14 -16.8 -.25 -6 -16.6 -.25 -8.5 -16.4 -.25 -6 -16.6 -.25 8.5
3 14 -16.8 -.25 -6 -17 -.25 -8.5 -16.6 -.25 -8.5
3 70 -16.2 -.25 8.5 -16.6 -.25 8.5 -16.4 -.25 -6
4 14 -16.4 -.25 -6 -16.2 -.25 -8.5 -16 -.25 -6 -16.2 -.25 8.5
3 14 -16.4 -.25 -6 -16.6 -.25 -8.5 -16.2 -.25 -8.5
3 70 -15.8 -.25 8.5 -16.2 -.25 8.5 -16 -.25 -6
4 14 -16 -.25 -6 -15.8 -.25 -8.5 -15.6 -.25 -6 -15.8 -.25 8.5
3 14 -16 -.25 -6 -16.2 -.25 -8.5 -15.8 -.25 -8.5
3 70 -15.4 -.25 8.5 -15.8 -.25 8.5 -15.6 -.25 -6
4 14 -15.2 -.25 -6 -15.4 -.25 8.5 -15.6 -.25 -6 -15.4 -.25 -8.5
3 14 -15.6 -.25 -6 -15.8 -.25 -8.5 -15.4 -.25 -8.5
3 70 -15 -.25 8.5 -15.4 -.25 8.5 -15.2 -.25 -6
4 14 -15.2 -.25 -6 -15 -.25 -8.5 -14.8 -.25 -6 -15 -.25 8.5
3 14 -15.2 -.25 -6 -15.4 -.25 -8.5 -15 -.25 -8.5
3 70 -14.6 -.25 8.5 -15 -.25 8.5 -14.8 -.25 -6
4 14 -14.8 -.25 -6 -14.6 -.25 -8.5 -14.4 -.25 -6 -14.6 -.25 8.5
3 14 -14.8 -.25 -6 -15 -.25 -8.5 -14.6 -.25 -8.5
3 70 -14.2 -.25 8.5 -14.6 -.25 8.5 -14.4 -.25 -6
4 14 -14.4 -.25 -6 -14.2 -.25 -8.5 -14 -.25 -6 -14.2 -.25 8.5
3 14 -14.4 -.25 -6 -14.6 -.25 -8.5 -14.2 -.25 -8.5
3 70 -13.8 -.25 8.5 -14.2 -.25 8.5 -14 -.25 -6
4 14 -13.6 -.25 -6 -13.8 -.25 8.5 -14 -.25 -6 -13.8 -.25 -8.5
3 14 -14 -.25 -6 -14.2 -.25 -8.5 -13.8 -.25 -8.5
3 70 -13.4 -.25 8.5 -13.8 -.25 8.5 -13.6 -.25 -6
4 14 -13.6 -.25 -6 -13.4 -.25 -8.5 -13.2 -.25 -6 -13.4 -.25 8.5
3 14 -13.6 -.25 -6 -13.8 -.25 -8.5 -13.4 -.25 -8.5
3 70 -13 -.25 8.5 -13.4 -.25 8.5 -13.2 -.25 -6
4 14 -13.2 -.25 -6 -13 -.25 -8.5 -12.8 -.25 -6 -13 -.25 8.5
3 14 -13.2 -.25 -6 -13.4 -.25 -8.5 -13 -.25 -8.5
3 70 -12.6 -.25 8.5 -13 -.25 8.5 -12.8 -.25 -6
4 14 -12.8 -.25 -6 -12.6 -.25 -8.5 -12.4 -.25 -6 -12.6 -.25 8.5
3 14 -12.8 -.25 -6 -13 -.25 -8.5 -12.6 -.25 -8.5
3 70 -12.2 -.25 8.5 -12.6 -.25 8.5 -12.4 -.25 -6
4 14 -12 -.25 -6 -12.2 -.25 8.5 -12.4 -.25 -6 -12.2 -.25 -8.5
3 14 -12.4 -.25 -6 -12.6 -.25 -8.5 -12.2 -.25 -8.5
3 70 -11.8 -.25 8.5 -12.2 -.25 8.5 -12 -.25 -6
4 14 -12 -.25 -6 -11.8 -.25 -8.5 -11.6 -.25 -6 -11.8 -.25 8.5
3 14 -12 -.25 -6 -12.2 -.25 -8.5 -11.8 -.25 -8.5
3 70 -11.4 -.25 8.5 -11.8 -.25 8.5 -11.6 -.25 -6
4 14 -11.6 -.25 -6 -11.4 -.25 -8.5 -11.2 -.25 -6 -11.4 -.25 8.5
3 14 -11.6 -.25 -6 -11.8 -.25 -8.5 -11.4 -.25 -8.5
3 70 -11 -.25 8.5 -11.4 -.25 8.5 -11.2 -.25 -6
4 14 -11.2 -.25 -6 -11 -.25 -8.5 -10.8 -.25 -6 -11 -.25 8.5
3 14 -11.2 -.25 -6 -11.4 -.25 -8.5 -11 -.25 -8.5
3 70 -10.6 -.25 8.5 -11 -.25 8.5 -10.8 -.25 -6
4 14 -10.4 -.25 -6 -10.6 -.25 8.5 -10.8 -.25 -6 -10.6 -.25 -8.5
3 14 -10.8 -.25 -6 -11 -.25 -8.5 -10.6 -.25 -8.5
3 70 -10.2 -.25 8.5 -10.6 -.25 8.5 -10.4 -.25 -6
4 14 -10.4 -.25 -6 -10.2 -.25 -8.5 -10 -.25 -6 -10.2 -.25 8.5
3 14 -10.4 -.25 -6 -10.6 -.25 -8.5 -10.2 -.25 -8.5
3 70 -9.8 -.25 8.5 -10.2 -.25 8.5 -10 -.25 -6
4 14 -10 -.25 -6 -9.8 -.25 -8.5 -9.6 -.25 -6 -9.8 -.25 8.5
3 14 -10 -.25 -6 -10.2 -.25 -8.5 -9.8 -.25 -8.5
3 70 -9.4 -.25 8.5 -9.8 -.25 8.5 -9.6 -.25 -6
4 14 -9.6 -.25 -6 -9.4 -.25 -8.5 -9.2 -.25 -6 -9.4 -.25 8.5
3 14 -9.6 -.25 -6 -9.8 -.25 -8.5 -9.4 -.25 -8.5
3 70 -9 -.25 8.5 -9.4 -.25 8.5 -9.2 -.25 -6
4 14 -8.8 -.25 -6 -9 -.25 8.5 -9.2 -.25 -6 -9 -.25 -8.5
3 14 -9.2 -.25 -6 -9.4 -.25 -8.5 -9 -.25 -8.5
3 70 -8.6 -.25 8.5 -9 -.25 8.5 -8.8 -.25 -6
4 14 -8.8 -.25 -6 -8.6 -.25 -8.5 -8.4 -.25 -6 -8.6 -.25 8.5
3 14 -8.8 -.25 -6 -9 -.25 -8.5 -8.6 -.25 -8.5
3 70 -8.2 -.25 8.5 -8.6 -.25 8.5 -8.4 -.25 -6
4 14 -8.4 -.25 -6 -8.2 -.25 -8.5 -8 -.25 -6 -8.2 -.25 8.5
3 14 -8.4 -.25 -6 -8.6 -.25 -8.5 -8.2 -.25 -8.5
3 70 -7.8 -.25 8.5 -8.2 -.25 8.5 -8 -.25 -6
4 14 -8 -.25 -6 -7.8 -.25 -8.5 -7.6 -.25 -6 -7.8 -.25 8.5
3 14 -8 -.25 -6 -8.2 -.25 -8.5 -7.8 -.25 -8.5
3 70 -7.4 -.25 8.5 -7.8 -.25 8.5 -7.6 -.25 -6
4 14 -7.2 -.25 -6 -7.4 -.25 8.5 -7.6 -.25 -6 -7.4 -.25 -8.5
3 14 -7.6 -.25 -6 -7.8 -.25 -8.5 -7.4 -.25 -8.5
3 70 -7 -.25 8.5 -7.4 -.25 8.5 -7.2 -.25 -6
4 14 -7.2 -.25 -6 -7 -.25 -8.5 -6.8 -.25 -6 -7 -.25 8.5
3 14 -7.2 -.25 -6 -7.4 -.25 -8.5 -7 -.25 -8.5
3 70 -6.6 -.25 8.5 -7 -.25 8.5 -6.8 -.25 -6
4 14 -6.8 -.25 -6 -6.6 -.25 -8.5 -6.4 -.25 -6 -6.6 -.25 8.5
3 14 -6.8 -.25 -6 -7 -.25 -8.5 -6.6 -.25 -8.5
3 70 -6.2 -.25 8.5 -6.6 -.25 8.5 -6.4 -.25 -6
4 14 -6.4 -.25 -6 -6.2 -.25 -8.5 -6 -.25 -6 -6.2 -.25 8.5
3 14 -6.4 -.25 -6 -6.6 -.25 -8.5 -6.2 -.25 -8.5
3 70 -5.8 -.25 8.5 -6.2 -.25 8.5 -6 -.25 -6
4 14 -5.6 -.25 -6 -5.8 -.25 8.5 -6 -.25 -6 -5.8 -.25 -8.5
3 14 -6 -.25 -6 -6.2 -.25 -8.5 -5.8 -.25 -8.5
3 70 -5.4 -.25 8.5 -5.8 -.25 8.5 -5.6 -.25 -6
4 14 -5.6 -.25 -6 -5.4 -.25 -8.5 -5.2 -.25 -6 -5.4 -.25 8.5
3 14 -5.6 -.25 -6 -5.8 -.25 -8.5 -5.4 -.25 -8.5
3 70 -5 -.25 8.5 -5.4 -.25 8.5 -5.2 -.25 -6
4 14 -5.2 -.25 -6 -5 -.25 -8.5 -4.8 -.25 -6 -5 -.25 8.5
3 14 -5.2 -.25 -6 -5.4 -.25 -8.5 -5 -.25 -8.5
3 70 -4.6 -.25 8.5 -5 -.25 8.5 -4.8 -.25 -6
4 14 -4.8 -.25 -6 -4.6 -.25 -8.5 -4.4 -.25 -6 -4.6 -.25 8.5
3 14 -4.8 -.25 -6 -5 -.25 -8.5 -4.6 -.25 -8.5
3 70 -4.2 -.25 8.5 -4.6 -.25 8.5 -4.4 -.25 -6
4 14 -4 -.25 -6 -4.2 -.25 8.5 -4.4 -.25 -6 -4.2 -.25 -8.5
3 14 -4.4 -.25 -6 -4.6 -.25 -8.5 -4.2 -.25 -8.5
3 70 -3.8 -.25 8.5 -4.2 -.25 8.5 -4 -.25 -6
4 14 -4 -.25 -6 -3.8 -.25 -8.5 -3.6 -.25 -6 -3.8 -.25 8.5
3 14 -4 -.25 -6 -4.2 -.25 -8.5 -3.8 -.25 -8.5
3 70 -3.4 -.25 8.5 -3.8 -.25 8.5 -3.6 -.25 -6
4 14 -3.6 -.25 -6 -3.4 -.25 -8.5 -3.2 -.25 -6 -3.4 -.25 8.5
3 14 -3.6 -.25 -6 -3.8 -.25 -8.5 -3.4 -.25 -8.5
3 70 -3 -.25 8.5 -3.4 -.25 8.5 -3.2 -.25 -6
4 14 -3.2 -.25 -6 -3 -.25 -8.5 -2.8 -.25 -6 -3 -.25 8.5
3 14 -3.2 -.25 -6 -3.4 -.25 -8.5 -3 -.25 -8.5
3 70 -2.6 -.25 8.5 -3 -.25 8.5 -2.8 -.25 -6
4 14 -2.4 -.25 -6 -2.6 -.25 8.5 -2.8 -.25 -6 -2.6 -.25 -8.5
3 14 -2.8 -.25 -6 -3 -.25 -8.5 -2.6 -.25 -8.5
3 70 -2.2 -.25 8.5 -2.6 -.25 8.5 -2.4 -.25 -6
4 14 -2.4 -.25 -6 -2.2 -.25 -8.5 -2 -.25 -6 -2.2 -.25 8.5
3 14 -2.4 -.25 -6 -2.6 -.25 -8.5 -2.2 -.25 -8.5
3 70 -1.8 -.25 8.5 -2.2 -.25 8.5 -2 -.25 -6
4 14 -2 -.25 -6 -1.8 -.25 -8.5 -1.6 -.25 -6 -1.8 -.25 8.5
3 14 -2 -.25 -6 -2.2 -.25 -8.5 -1.8 -.25 -8.5
3 70 -1.4 -.25 8.5 -1.8 -.25 8.5 -1.6 -.25 -6
3 14 -1.4 -.25 8.5 -1.6 -.25 -6 -1.4 -.25 -8.5
3 14 -1.6 -.25 -6 -1.8 -.25 -8.5 -1.4 -.25 -8.5
4 72 -53.4 -.25 8.5 -53.4 -.25 10 -53.8 -.25 10 -53.8 -.25 8.5
4 72 -53 -.25 8.5 -53 -.25 10 -53.4 -.25 10 -53.4 -.25 8.5
4 72 -52.6 -.25 8.5 -52.6 -.25 10 -53 -.25 10 -53 -.25 8.5
4 72 -52.6 -.25 10 -52.6 -.25 8.5 -52.2 -.25 8.5 -52.2 -.25 10
4 72 -51.8 -.25 8.5 -51.8 -.25 10 -52.2 -.25 10 -52.2 -.25 8.5
4 72 -51.8 -.25 10 -51.8 -.25 8.5 -51.4 -.25 8.5 -51.4 -.25 10
4 72 -51 -.25 8.5 -51 -.25 10 -51.4 -.25 10 -51.4 -.25 8.5
4 72 -51 -.25 10 -51 -.25 8.5 -50.6 -.25 8.5 -50.6 -.25 10
4 72 -50.2 -.25 8.5 -50.2 -.25 10 -50.6 -.25 10 -50.6 -.25 8.5
4 72 -49.8 -.25 8.5 -49.8 -.25 10 -50.2 -.25 10 -50.2 -.25 8.5
4 72 -49.4 -.25 8.5 -49.4 -.25 10 -49.8 -.25 10 -49.8 -.25 8.5
4 72 -49.4 -.25 10 -49.4 -.25 8.5 -49 -.25 8.5 -49 -.25 10
4 72 -48.6 -.25 8.5 -48.6 -.25 10 -49 -.25 10 -49 -.25 8.5
4 72 -48.6 -.25 10 -48.6 -.25 8.5 -48.2 -.25 8.5 -48.2 -.25 10
4 72 -47.8 -.25 8.5 -47.8 -.25 10 -48.2 -.25 10 -48.2 -.25 8.5
4 72 -47.8 -.25 10 -47.8 -.25 8.5 -47.4 -.25 8.5 -47.4 -.25 10
4 72 -47 -.25 8.5 -47 -.25 10 -47.4 -.25 10 -47.4 -.25 8.5
4 72 -46.6 -.25 8.5 -46.6 -.25 10 -47 -.25 10 -47 -.25 8.5
4 72 -46.2 -.25 8.5 -46.2 -.25 10 -46.6 -.25 10 -46.6 -.25 8.5
4 72 -46.2 -.25 10 -46.2 -.25 8.5 -45.8 -.25 8.5 -45.8 -.25 10
4 72 -45.4 -.25 8.5 -45.4 -.25 10 -45.8 -.25 10 -45.8 -.25 8.5
4 72 -45.4 -.25 10 -45.4 -.25 8.5 -45 -.25 8.5 -45 -.25 10
4 72 -44.6 -.25 8.5 -44.6 -.25 10 -45 -.25 10 -45 -.25 8.5
4 72 -44.6 -.25 10 -44.6 -.25 8.5 -44.2 -.25 8.5 -44.2 -.25 10
4 72 -43.8 -.25 8.5 -43.8 -.25 10 -44.2 -.25 10 -44.2 -.25 8.5
4 72 -43.4 -.25 8.5 -43.4 -.25 10 -43.8 -.25 10 -43.8 -.25 8.5
4 72 -43 -.25 8.5 -43 -.25 10 -43.4 -.25 10 -43.4 -.25 8.5
4 72 -43 -.25 10 -43 -.25 8.5 -42.6 -.25 8.5 -42.6 -.25 10
4 72 -42.2 -.25 8.5 -42.2 -.25 10 -42.6 -.25 10 -42.6 -.25 8.5
4 72 -42.2 -.25 10 -42.2 -.25 8.5 -41.8 -.25 8.5 -41.8 -.25 10
4 72 -41.4 -.25 8.5 -41.4 -.25 10 -41.8 -.25 10 -41.8 -.25 8.5
4 72 -41.4 -.25 10 -41.4 -.25 8.5 -41 -.25 8.5 -41 -.25 10
4 72 -40.6 -.25 8.5 -40.6 -.25 10 -41 -.25 10 -41 -.25 8.5
4 72 -40.2 -.25 8.5 -40.2 -.25 10 -40.6 -.25 10 -40.6 -.25 8.5
4 72 -39.8 -.25 8.5 -39.8 -.25 10 -40.2 -.25 10 -40.2 -.25 8.5
4 72 -39.8 -.25 10 -39.8 -.25 8.5 -39.4 -.25 8.5 -39.4 -.25 10
4 72 -39 -.25 8.5 -39 -.25 10 -39.4 -.25 10 -39.4 -.25 8.5
4 72 -39 -.25 10 -39 -.25 8.5 -38.6 -.25 8.5 -38.6 -.25 10
4 72 -38.2 -.25 8.5 -38.2 -.25 10 -38.6 -.25 10 -38.6 -.25 8.5
4 72 -53.8 -.25 -8.5 -53.8 -.25 -10 -53.4 -.25 -10 -53.4 -.25 -8.5
4 72 -53 -.25 -10 -53 -.25 -8.5 -53.4 -.25 -8.5 -53.4 -.25 -10
4 72 -52.6 -.25 -10 -52.6 -.25 -8.5 -53 -.25 -8.5 -53 -.25 -10
4 72 -52.2 -.25 -10 -52.2 -.25 -8.5 -52.6 -.25 -8.5 -52.6 -.25 -10
4 72 -52.2 -.25 -8.5 -52.2 -.25 -10 -51.8 -.25 -10 -51.8 -.25 -8.5
4 72 -51.4 -.25 -10 -51.4 -.25 -8.5 -51.8 -.25 -8.5 -51.8 -.25 -10
4 72 -51.4 -.25 -8.5 -51.4 -.25 -10 -51 -.25 -10 -51 -.25 -8.5
4 72 -50.6 -.25 -10 -50.6 -.25 -8.5 -51 -.25 -8.5 -51 -.25 -10
4 72 -50.6 -.25 -8.5 -50.6 -.25 -10 -50.2 -.25 -10 -50.2 -.25 -8.5
4 72 -49.8 -.25 -10 -49.8 -.25 -8.5 -50.2 -.25 -8.5 -50.2 -.25 -10
4 72 -49.4 -.25 -10 -49.4 -.25 -8.5 -49.8 -.25 -8.5 -49.8 -.25 -10
4 72 -49 -.25 -10 -49 -.25 -8.5 -49.4 -.25 -8.5 -49.4 -.25 -10
4 72 -49 -.25 -8.5 -49 -.25 -10 -48.6 -.25 -10 -48.6 -.25 -8.5
4 72 -48.2 -.25 -10 -48.2 -.25 -8.5 -48.6 -.25 -8.5 -48.6 -.25 -10
4 72 -48.2 -.25 -8.5 -48.2 -.25 -10 -47.8 -.25 -10 -47.8 -.25 -8.5
4 72 -47.4 -.25 -10 -47.4 -.25 -8.5 -47.8 -.25 -8.5 -47.8 -.25 -10
4 72 -47.4 -.25 -8.5 -47.4 -.25 -10 -47 -.25 -10 -47 -.25 -8.5
4 72 -46.6 -.25 -10 -46.6 -.25 -8.5 -47 -.25 -8.5 -47 -.25 -10
4 72 -46.2 -.25 -10 -46.2 -.25 -8.5 -46.6 -.25 -8.5 -46.6 -.25 -10
4 72 -45.8 -.25 -10 -45.8 -.25 -8.5 -46.2 -.25 -8.5 -46.2 -.25 -10
4 72 -45.8 -.25 -8.5 -45.8 -.25 -10 -45.4 -.25 -10 -45.4 -.25 -8.5
4 72 -45 -.25 -10 -45 -.25 -8.5 -45.4 -.25 -8.5 -45.4 -.25 -10
4 72 -45 -.25 -8.5 -45 -.25 -10 -44.6 -.25 -10 -44.6 -.25 -8.5
4 72 -44.2 -.25 -10 -44.2 -.25 -8.5 -44.6 -.25 -8.5 -44.6 -.25 -10
4 72 -44.2 -.25 -8.5 -44.2 -.25 -10 -43.8 -.25 -10 -43.8 -.25 -8.5
4 72 -43.4 -.25 -10 -43.4 -.25 -8.5 -43.8 -.25 -8.5 -43.8 -.25 -10
4 72 -43 -.25 -10 -43 -.25 -8.5 -43.4 -.25 -8.5 -43.4 -.25 -10
4 72 -42.6 -.25 -10 -42.6 -.25 -8.5 -43 -.25 -8.5 -43 -.25 -10
4 72 -42.6 -.25 -8.5 -42.6 -.25 -10 -42.2 -.25 -10 -42.2 -.25 -8.5
4 72 -41.8 -.25 -10 -41.8 -.25 -8.5 -42.2 -.25 -8.5 -42.2 -.25 -10
4 72 -41.8 -.25 -8.5 -41.8 -.25 -10 -41.4 -.25 -10 -41.4 -.25 -8.5
4 72 -41 -.25 -10 -41 -.25 -8.5 -41.4 -.25 -8.5 -41.4 -.25 -10
4 72 -41 -.25 -8.5 -41 -.25 -10 -40.6 -.25 -10 -40.6 -.25 -8.5
4 72 -40.2 -.25 -10 -40.2 -.25 -8.5 -40.6 -.25 -8.5 -40.6 -.25 -10
4 72 -39.8 -.25 -10 -39.8 -.25 -8.5 -40.2 -.25 -8.5 -40.2 -.25 -10
4 72 -39.4 -.25 -10 -39.4 -.25 -8.5 -39.8 -.25 -8.5 -39.8 -.25 -10
4 72 -39.4 -.25 -8.5 -39.4 -.25 -10 -39 -.25 -10 -39 -.25 -8.5
4 72 -38.6 -.25 -10 -38.6 -.25 -8.5 -39 -.25 -8.5 -39 -.25 -10
4 72 -38.6 -.25 -8.5 -38.6 -.25 -10 -38.2 -.25 -10 -38.2 -.25 -8.5
4 72 -35 -.25 -10 -35 -.25 -8.5 -35.4 -.25 -8.5 -35.4 -.25 -10
4 72 -35 -.25 -8.5 -35 -.25 -10 -34.6 -.25 -10 -34.6 -.25 -8.5
4 72 -34.2 -.25 -10 -34.2 -.25 -8.5 -34.6 -.25 -8.5 -34.6 -.25 -10
4 72 -33.8 -.25 -10 -33.8 -.25 -8.5 -34.2 -.25 -8.5 -34.2 -.25 -10
4 72 -33.4 -.25 -10 -33.4 -.25 -8.5 -33.8 -.25 -8.5 -33.8 -.25 -10
4 72 -33.4 -.25 -8.5 -33.4 -.25 -10 -33 -.25 -10 -33 -.25 -8.5
4 72 -32.6 -.25 -10 -32.6 -.25 -8.5 -33 -.25 -8.5 -33 -.25 -10
4 72 -32.6 -.25 -8.5 -32.6 -.25 -10 -32.2 -.25 -10 -32.2 -.25 -8.5
4 72 -31.8 -.25 -10 -31.8 -.25 -8.5 -32.2 -.25 -8.5 -32.2 -.25 -10
4 72 -31.8 -.25 -8.5 -31.8 -.25 -10 -31.4 -.25 -10 -31.4 -.25 -8.5
4 72 -31 -.25 -10 -31 -.25 -8.5 -31.4 -.25 -8.5 -31.4 -.25 -10
4 72 -30.6 -.25 -10 -30.6 -.25 -8.5 -31 -.25 -8.5 -31 -.25 -10
4 72 -30.2 -.25 -10 -30.2 -.25 -8.5 -30.6 -.25 -8.5 -30.6 -.25 -10
4 72 -30.2 -.25 -8.5 -30.2 -.25 -10 -29.8 -.25 -10 -29.8 -.25 -8.5
4 72 -29.4 -.25 -10 -29.4 -.25 -8.5 -29.8 -.25 -8.5 -29.8 -.25 -10
4 72 -29.4 -.25 -8.5 -29.4 -.25 -10 -29 -.25 -10 -29 -.25 -8.5
4 72 -28.6 -.25 -10 -28.6 -.25 -8.5 -29 -.25 -8.5 -29 -.25 -10
4 72 -28.6 -.25 -8.5 -28.6 -.25 -10 -28.2 -.25 -10 -28.2 -.25 -8.5
4 72 -27.8 -.25 -10 -27.8 -.25 -8.5 -28.2 -.25 -8.5 -28.2 -.25 -10
4 72 -27.4 -.25 -10 -27.4 -.25 -8.5 -27.8 -.25 -8.5 -27.8 -.25 -10
4 72 -27 -.25 -10 -27 -.25 -8.5 -27.4 -.25 -8.5 -27.4 -.25 -10
4 72 -27 -.25 -8.5 -27 -.25 -10 -26.6 -.25 -10 -26.6 -.25 -8.5
4 72 -26.2 -.25 -10 -26.2 -.25 -8.5 -26.6 -.25 -8.5 -26.6 -.25 -10
4 72 -26.2 -.25 -8.5 -26.2 -.25 -10 -25.8 -.25 -10 -25.8 -.25 -8.5
4 72 -25.4 -.25 -10 -25.4 -.25 -8.5 -25.8 -.25 -8.5 -25.8 -.25 -10
4 72 -25.4 -.25 -8.5 -25.4 -.25 -10 -25 -.25 -10 -25 -.25 -8.5
4 72 -24.6 -.25 -10 -24.6 -.25 -8.5 -25 -.25 -8.5 -25 -.25 -10
4 72 -24.2 -.25 -10 -24.2 -.25 -8.5 -24.6 -.25 -8.5 -24.6 -.25 -10
4 72 -23.8 -.25 -10 -23.8 -.25 -8.5 -24.2 -.25 -8.5 -24.2 -.25 -10
4 72 -23.8 -.25 -8.5 -23.8 -.25 -10 -23.4 -.25 -10 -23.4 -.25 -8.5
4 72 -23 -.25 -10 -23 -.25 -8.5 -23.4 -.25 -8.5 -23.4 -.25 -10
4 72 -23 -.25 -8.5 -23 -.25 -10 -22.6 -.25 -10 -22.6 -.25 -8.5
4 72 -22.2 -.25 -10 -22.2 -.25 -8.5 -22.6 -.25 -8.5 -22.6 -.25 -10
4 72 -22.2 -.25 -8.5 -22.2 -.25 -10 -21.8 -.25 -10 -21.8 -.25 -8.5
4 72 -21.4 -.25 -10 -21.4 -.25 -8.5 -21.8 -.25 -8.5 -21.8 -.25 -10
4 72 -21 -.25 -10 -21 -.25 -8.5 -21.4 -.25 -8.5 -21.4 -.25 -10
4 72 -20.6 -.25 -10 -20.6 -.25 -8.5 -21 -.25 -8.5 -21 -.25 -10
4 72 -20.6 -.25 -8.5 -20.6 -.25 -10 -20.2 -.25 -10 -20.2 -.25 -8.5
4 72 -19.8 -.25 -10 -19.8 -.25 -8.5 -20.2 -.25 -8.5 -20.2 -.25 -10
4 72 -35.4 -.25 10 -35.4 -.25 8.5 -35 -.25 8.5 -35 -.25 10
4 72 -34.6 -.25 8.5 -34.6 -.25 10 -35 -.25 10 -35 -.25 8.5
4 72 -34.6 -.25 10 -34.6 -.25 8.5 -34.2 -.25 8.5 -34.2 -.25 10
4 72 -33.8 -.25 8.5 -33.8 -.25 10 -34.2 -.25 10 -34.2 -.25 8.5
4 72 -33.4 -.25 8.5 -33.4 -.25 10 -33.8 -.25 10 -33.8 -.25 8.5
4 72 -33 -.25 8.5 -33 -.25 10 -33.4 -.25 10 -33.4 -.25 8.5
4 72 -33 -.25 10 -33 -.25 8.5 -32.6 -.25 8.5 -32.6 -.25 10
4 72 -32.2 -.25 8.5 -32.2 -.25 10 -32.6 -.25 10 -32.6 -.25 8.5
4 72 -32.2 -.25 10 -32.2 -.25 8.5 -31.8 -.25 8.5 -31.8 -.25 10
4 72 -31.4 -.25 8.5 -31.4 -.25 10 -31.8 -.25 10 -31.8 -.25 8.5
4 72 -31.4 -.25 10 -31.4 -.25 8.5 -31 -.25 8.5 -31 -.25 10
4 72 -30.6 -.25 8.5 -30.6 -.25 10 -31 -.25 10 -31 -.25 8.5
4 72 -30.2 -.25 8.5 -30.2 -.25 10 -30.6 -.25 10 -30.6 -.25 8.5
4 72 -29.8 -.25 8.5 -29.8 -.25 10 -30.2 -.25 10 -30.2 -.25 8.5
4 72 -29.8 -.25 10 -29.8 -.25 8.5 -29.4 -.25 8.5 -29.4 -.25 10
4 72 -29 -.25 8.5 -29 -.25 10 -29.4 -.25 10 -29.4 -.25 8.5
4 72 -29 -.25 10 -29 -.25 8.5 -28.6 -.25 8.5 -28.6 -.25 10
4 72 -28.2 -.25 8.5 -28.2 -.25 10 -28.6 -.25 10 -28.6 -.25 8.5
4 72 -28.2 -.25 10 -28.2 -.25 8.5 -27.8 -.25 8.5 -27.8 -.25 10
4 72 -27.4 -.25 8.5 -27.4 -.25 10 -27.8 -.25 10 -27.8 -.25 8.5
4 72 -27 -.25 8.5 -27 -.25 10 -27.4 -.25 10 -27.4 -.25 8.5
4 72 -26.6 -.25 8.5 -26.6 -.25 10 -27 -.25 10 -27 -.25 8.5
4 72 -26.6 -.25 10 -26.6 -.25 8.5 -26.2 -.25 8.5 -26.2 -.25 10
4 72 -25.8 -.25 8.5 -25.8 -.25 10 -26.2 -.25 10 -26.2 -.25 8.5
4 72 -25.8 -.25 10 -25.8 -.25 8.5 -25.4 -.25 8.5 -25.4 -.25 10
4 72 -25 -.25 8.5 -25 -.25 10 -25.4 -.25 10 -25.4 -.25 8.5
4 72 -25 -.25 10 -25 -.25 8.5 -24.6 -.25 8.5 -24.6 -.25 10
4 72 -24.2 -.25 8.5 -24.2 -.25 10 -24.6 -.25 10 -24.6 -.25 8.5
4 72 -23.8 -.25 8.5 -23.8 -.25 10 -24.2 -.25 10 -24.2 -.25 8.5
4 72 -23.4 -.25 8.5 -23.4 -.25 10 -23.8 -.25 10 -23.8 -.25 8.5
4 72 -23.4 -.25 10 -23.4 -.25 8.5 -23 -.25 8.5 -23 -.25 10
4 72 -22.6 -.25 8.5 -22.6 -.25 10 -23 -.25 10 -23 -.25 8.5
4 72 -22.6 -.25 10 -22.6 -.25 8.5 -22.2 -.25 8.5 -22.2 -.25 10
4 72 -21.8 -.25 8.5 -21.8 -.25 10 -22.2 -.25 10 -22.2 -.25 8.5
4 72 -21.8 -.25 10 -21.8 -.25 8.5 -21.4 -.25 8.5 -21.4 -.25 10
4 72 -21 -.25 8.5 -21 -.25 10 -21.4 -.25 10 -21.4 -.25 8.5
4 72 -20.6 -.25 8.5 -20.6 -.25 10 -21 -.25 10 -21 -.25 8.5
4 72 -20.2 -.25 8.5 -20.2 -.25 10 -20.6 -.25 10 -20.6 -.25 8.5
4 72 -20.2 -.25 10 -20.2 -.25 8.5 -19.8 -.25 8.5 -19.8 -.25 10
4 72 -16.6 -.25 -10 -16.6 -.25 -8.5 -17 -.25 -8.5 -17 -.25 -10
4 72 -16.6 -.25 -8.5 -16.6 -.25 -10 -16.2 -.25 -10 -16.2 -.25 -8.5
4 72 -15.8 -.25 -10 -15.8 -.25 -8.5 -16.2 -.25 -8.5 -16.2 -.25 -10
4 72 -15.8 -.25 -8.5 -15.8 -.25 -10 -15.4 -.25 -10 -15.4 -.25 -8.5
4 72 -15 -.25 -10 -15 -.25 -8.5 -15.4 -.25 -8.5 -15.4 -.25 -10
4 72 -14.6 -.25 -10 -14.6 -.25 -8.5 -15 -.25 -8.5 -15 -.25 -10
4 72 -14.2 -.25 -10 -14.2 -.25 -8.5 -14.6 -.25 -8.5 -14.6 -.25 -10
4 72 -14.2 -.25 -8.5 -14.2 -.25 -10 -13.8 -.25 -10 -13.8 -.25 -8.5
4 72 -13.4 -.25 -10 -13.4 -.25 -8.5 -13.8 -.25 -8.5 -13.8 -.25 -10
4 72 -13.4 -.25 -8.5 -13.4 -.25 -10 -13 -.25 -10 -13 -.25 -8.5
4 72 -12.6 -.25 -10 -12.6 -.25 -8.5 -13 -.25 -8.5 -13 -.25 -10
4 72 -12.6 -.25 -8.5 -12.6 -.25 -10 -12.2 -.25 -10 -12.2 -.25 -8.5
4 72 -11.8 -.25 -10 -11.8 -.25 -8.5 -12.2 -.25 -8.5 -12.2 -.25 -10
4 72 -11.4 -.25 -10 -11.4 -.25 -8.5 -11.8 -.25 -8.5 -11.8 -.25 -10
4 72 -11 -.25 -10 -11 -.25 -8.5 -11.4 -.25 -8.5 -11.4 -.25 -10
4 72 -11 -.25 -8.5 -11 -.25 -10 -10.6 -.25 -10 -10.6 -.25 -8.5
4 72 -10.2 -.25 -10 -10.2 -.25 -8.5 -10.6 -.25 -8.5 -10.6 -.25 -10
4 72 -10.2 -.25 -8.5 -10.2 -.25 -10 -9.8 -.25 -10 -9.8 -.25 -8.5
4 72 -9.4 -.25 -10 -9.4 -.25 -8.5 -9.8 -.25 -8.5 -9.8 -.25 -10
4 72 -9.4 -.25 -8.5 -9.4 -.25 -10 -9 -.25 -10 -9 -.25 -8.5
4 72 -8.6 -.25 -10 -8.6 -.25 -8.5 -9 -.25 -8.5 -9 -.25 -10
4 72 -8.2 -.25 -10 -8.2 -.25 -8.5 -8.6 -.25 -8.5 -8.6 -.25 -10
4 72 -7.8 -.25 -10 -7.8 -.25 -8.5 -8.2 -.25 -8.5 -8.2 -.25 -10
4 72 -7.8 -.25 -8.5 -7.8 -.25 -10 -7.4 -.25 -10 -7.4 -.25 -8.5
4 72 -7 -.25 -10 -7 -.25 -8.5 -7.4 -.25 -8.5 -7.4 -.25 -10
4 72 -7 -.25 -8.5 -7 -.25 -10 -6.6 -.25 -10 -6.6 -.25 -8.5
4 72 -6.2 -.25 -10 -6.2 -.25 -8.5 -6.6 -.25 -8.5 -6.6 -.25 -10
4 72 -6.2 -.25 -8.5 -6.2 -.25 -10 -5.8 -.25 -10 -5.8 -.25 -8.5
4 72 -5.4 -.25 -10 -5.4 -.25 -8.5 -5.8 -.25 -8.5 -5.8 -.25 -10
4 72 -5 -.25 -10 -5 -.25 -8.5 -5.4 -.25 -8.5 -5.4 -.25 -10
4 72 -4.6 -.25 -10 -4.6 -.25 -8.5 -5 -.25 -8.5 -5 -.25 -10
4 72 -4.6 -.25 -8.5 -4.6 -.25 -10 -4.2 -.25 -10 -4.2 -.25 -8.5
4 72 -3.8 -.25 -10 -3.8 -.25 -8.5 -4.2 -.25 -8.5 -4.2 -.25 -10
4 72 -3.8 -.25 -8.5 -3.8 -.25 -10 -3.4 -.25 -10 -3.4 -.25 -8.5
4 72 -3 -.25 -10 -3 -.25 -8.5 -3.4 -.25 -8.5 -3.4 -.25 -10
4 72 -3 -.25 -8.5 -3 -.25 -10 -2.6 -.25 -10 -2.6 -.25 -8.5
4 72 -2.2 -.25 -10 -2.2 -.25 -8.5 -2.6 -.25 -8.5 -2.6 -.25 -10
4 72 -1.8 -.25 -10 -1.8 -.25 -8.5 -2.2 -.25 -8.5 -2.2 -.25 -10
4 72 -1.4 -.25 -10 -1.4 -.25 -8.5 -1.8 -.25 -8.5 -1.8 -.25 -10
4 72 -17 -.25 10 -17 -.25 8.5 -16.6 -.25 8.5 -16.6 -.25 10
4 72 -16.2 -.25 8.5 -16.2 -.25 10 -16.6 -.25 10 -16.6 -.25 8.5
4 72 -16.2 -.25 10 -16.2 -.25 8.5 -15.8 -.25 8.5 -15.8 -.25 10
4 72 -15.4 -.25 8.5 -15.4 -.25 10 -15.8 -.25 10 -15.8 -.25 8.5
4 72 -15.4 -.25 10 -15.4 -.25 8.5 -15 -.25 8.5 -15 -.25 10
4 72 -14.6 -.25 8.5 -14.6 -.25 10 -15 -.25 10 -15 -.25 8.5
4 72 -14.2 -.25 8.5 -14.2 -.25 10 -14.6 -.25 10 -14.6 -.25 8.5
4 72 -13.8 -.25 8.5 -13.8 -.25 10 -14.2 -.25 10 -14.2 -.25 8.5
4 72 -13.8 -.25 10 -13.8 -.25 8.5 -13.4 -.25 8.5 -13.4 -.25 10
4 72 -13 -.25 8.5 -13 -.25 10 -13.4 -.25 10 -13.4 -.25 8.5
4 72 -13 -.25 10 -13 -.25 8.5 -12.6 -.25 8.5 -12.6 -.25 10
4 72 -12.2 -.25 8.5 -12.2 -.25 10 -12.6 -.25 10 -12.6 -.25 8.5
4 72 -12.2 -.25 10 -12.2 -.25 8.5 -11.8 -.25 8.5 -11.8 -.25 10
4 72 -11.4 -.25 8.5 -11.4 -.25 10 -11.8 -.25 10 -11.8 -.25 8.5
4 72 -11 -.25 8.5 -11 -.25 10 -11.4 -.25 10 -11.4 -.25 8.5
4 72 -10.6 -.25 8.5 -10.6 -.25 10 -11 -.25 10 -11 -.25 8.5
4 72 -10.6 -.25 10 -10.6 -.25 8.5 -10.2 -.25 8.5 -10.2 -.25 10
4 72 -9.8 -.25 8.5 -9.8 -.25 10 -10.2 -.25 10 -10.2 -.25 8.5
4 72 -9.8 -.25 10 -9.8 -.25 8.5 -9.4 -.25 8.5 -9.4 -.25 10
4 72 -9 -.25 8.5 -9 -.25 10 -9.4 -.25 10 -9.4 -.25 8.5
4 72 -9 -.25 10 -9 -.25 8.5 -8.6 -.25 8.5 -8.6 -.25 10
4 72 -8.2 -.25 8.5 -8.2 -.25 10 -8.6 -.25 10 -8.6 -.25 8.5
4 72 -7.8 -.25 8.5 -7.8 -.25 10 -8.2 -.25 10 -8.2 -.25 8.5
4 72 -7.4 -.25 8.5 -7.4 -.25 10 -7.8 -.25 10 -7.8 -.25 8.5
4 72 -7.4 -.25 10 -7.4 -.25 8.5 -7 -.25 8.5 -7 -.25 10
4 72 -6.6 -.25 8.5 -6.6 -.25 10 -7 -.25 10 -7 -.25 8.5
4 72 -6.6 -.25 10 -6.6 -.25 8.5 -6.2 -.25 8.5 -6.2 -.25 10
4 72 -5.8 -.25 8.5 -5.8 -.25 10 -6.2 -.25 10 -6.2 -.25 8.5
4 72 -5.8 -.25 10 -5.8 -.25 8.5 -5.4 -.25 8.5 -5.4 -.25 10
4 72 -5 -.25 8.5 -5 -.25 10 -5.4 -.25 10 -5.4 -.25 8.5
4 72 -4.6 -.25 8.5 -4.6 -.25 10 -5 -.25 10 -5 -.25 8.5
4 72 -4.2 -.25 8.5 -4.2 -.25 10 -4.6 -.25 10 -4.6 -.25 8.5
4 72 -4.2 -.25 10 -4.2 -.25 8.5 -3.8 -.25 8.5 -3.8 -.25 10
4 72 -3.4 -.25 8.5 -3.4 -.25 10 -3.8 -.25 10 -3.8 -.25 8.5
4 72 -3.4 -.25 10 -3.4 -.25 8.5 -3 -.25 8.5 -3 -.25 10
4 72 -2.6 -.25 8.5 -2.6 -.25 10 -3 -.25 10 -3 -.25 8.5
4 72 -2.6 -.25 10 -2.6 -.25 8.5 -2.2 -.25 8.5 -2.2 -.25 10
4 72 -1.8 -.25 8.5 -1.8 -.25 10 -2.2 -.25 10 -2.2 -.25 8.5
4 72 -1.4 -.25 8.5 -1.4 -.25 10 -1.8 -.25 10 -1.8 -.25 8.5
4 72 -55.5 -.25 8.5 -53.8 -.25 8.5 -53.8 -.25 10 -55.5 -.25 10
4 72 -53.8 -.25 8.5 -55.5 -.25 8.5 -55.5 -.25 -8.5 -53.8 -.25 -8.5
4 72 -55.5 -.25 -10 -53.8 -.25 -10 -53.8 -.25 -8.5 -55.5 -.25 -8.5
4 70 -53.8 -.25 10 -53.4 -.25 10 -53.4 -.25 11.25 -53.8 -.25 11.25
4 70 -53.4 -.25 10 -53 -.25 10 -53 -.25 11.25 -53.4 -.25 11.25
4 70 -53 -.25 10 -52.6 -.25 10 -52.6 -.25 11.25 -53 -.25 11.25
4 70 -52.6 -.25 10 -52.2 -.25 10 -52.2 -.25 11.25 -52.6 -.25 11.25
4 70 -52.2 -.25 10 -51.8 -.25 10 -51.8 -.25 11.25 -52.2 -.25 11.25
4 70 -51.8 -.25 10 -51.4 -.25 10 -51.4 -.25 11.25 -51.8 -.25 11.25
4 70 -51.4 -.25 10 -51 -.25 10 -51 -.25 11.25 -51.4 -.25 11.25
4 70 -51 -.25 10 -50.6 -.25 10 -50.6 -.25 11.25 -51 -.25 11.25
4 70 -50.6 -.25 10 -50.2 -.25 10 -50.2 -.25 11.25 -50.6 -.25 11.25
4 70 -50.2 -.25 10 -49.8 -.25 10 -49.8 -.25 11.25 -50.2 -.25 11.25
4 70 -49.8 -.25 10 -49.4 -.25 10 -49.4 -.25 11.25 -49.8 -.25 11.25
4 70 -49.4 -.25 10 -49 -.25 10 -49 -.25 11.25 -49.4 -.25 11.25
4 70 -49 -.25 10 -48.6 -.25 10 -48.6 -.25 11.25 -49 -.25 11.25
4 70 -48.6 -.25 10 -48.2 -.25 10 -48.2 -.25 11.25 -48.6 -.25 11.25
4 70 -48.2 -.25 10 -47.8 -.25 10 -47.8 -.25 11.25 -48.2 -.25 11.25
4 70 -47.8 -.25 10 -47.4 -.25 10 -47.4 -.25 11.25 -47.8 -.25 11.25
4 70 -47.4 -.25 10 -47 -.25 10 -47 -.25 11.25 -47.4 -.25 11.25
4 70 -47 -.25 10 -46.6 -.25 10 -46.6 -.25 11.25 -47 -.25 11.25
4 70 -46.6 -.25 10 -46.2 -.25 10 -46.2 -.25 11.25 -46.6 -.25 11.25
4 70 -46.2 -.25 10 -45.8 -.25 10 -45.8 -.25 11.25 -46.2 -.25 11.25
4 70 -45.8 -.25 10 -45.4 -.25 10 -45.4 -.25 11.25 -45.8 -.25 11.25
4 70 -45.4 -.25 10 -45 -.25 10 -45 -.25 11.25 -45.4 -.25 11.25
4 70 -45 -.25 10 -44.6 -.25 10 -44.6 -.25 11.25 -45 -.25 11.25
4 70 -44.6 -.25 10 -44.2 -.25 10 -44.2 -.25 11.25 -44.6 -.25 11.25
4 70 -44.2 -.25 10 -43.8 -.25 10 -43.8 -.25 11.25 -44.2 -.25 11.25
4 70 -43.8 -.25 10 -43.4 -.25 10 -43.4 -.25 11.25 -43.8 -.25 11.25
4 70 -43.4 -.25 10 -43 -.25 10 -43 -.25 11.25 -43.4 -.25 11.25
4 70 -43 -.25 10 -42.6 -.25 10 -42.6 -.25 11.25 -43 -.25 11.25
4 70 -42.6 -.25 10 -42.2 -.25 10 -42.2 -.25 11.25 -42.6 -.25 11.25
4 70 -42.2 -.25 10 -41.8 -.25 10 -41.8 -.25 11.25 -42.2 -.25 11.25
4 70 -41.8 -.25 10 -41.4 -.25 10 -41.4 -.25 11.25 -41.8 -.25 11.25
4 70 -41.4 -.25 10 -41 -.25 10 -41 -.25 11.25 -41.4 -.25 11.25
4 70 -41 -.25 10 -40.6 -.25 10 -40.6 -.25 11.25 -41 -.25 11.25
4 70 -40.6 -.25 10 -40.2 -.25 10 -40.2 -.25 11.25 -40.6 -.25 11.25
4 70 -40.2 -.25 10 -39.8 -.25 10 -39.8 -.25 11.25 -40.2 -.25 11.25
4 70 -39.8 -.25 10 -39.4 -.25 10 -39.4 -.25 11.25 -39.8 -.25 11.25
4 70 -39.4 -.25 10 -39 -.25 10 -39 -.25 11.25 -39.4 -.25 11.25
4 70 -39 -.25 10 -38.6 -.25 10 -38.6 -.25 11.25 -39 -.25 11.25
4 70 -38.6 -.25 10 -38.2 -.25 10 -38.2 -.25 11.25 -38.6 -.25 11.25
4 70 -53.4 -.25 -11.25 -53.4 -.25 -10 -53.8 -.25 -10 -53.8 -.25 -11.25
4 70 -53.4 -.25 -10 -53.4 -.25 -11.25 -53 -.25 -11.25 -53 -.25 -10
4 70 -52.6 -.25 -11.25 -52.6 -.25 -10 -53 -.25 -10 -53 -.25 -11.25
4 70 -52.6 -.25 -10 -52.6 -.25 -11.25 -52.2 -.25 -11.25 -52.2 -.25 -10
4 70 -51.8 -.25 -11.25 -51.8 -.25 -10 -52.2 -.25 -10 -52.2 -.25 -11.25
4 70 -51.4 -.25 -11.25 -51.4 -.25 -10 -51.8 -.25 -10 -51.8 -.25 -11.25
4 70 -51 -.25 -11.25 -51 -.25 -10 -51.4 -.25 -10 -51.4 -.25 -11.25
4 70 -51 -.25 -10 -51 -.25 -11.25 -50.6 -.25 -11.25 -50.6 -.25 -10
4 70 -50.2 -.25 -11.25 -50.2 -.25 -10 -50.6 -.25 -10 -50.6 -.25 -11.25
4 70 -50.2 -.25 -10 -50.2 -.25 -11.25 -49.8 -.25 -11.25 -49.8 -.25 -10
4 70 -49.4 -.25 -11.25 -49.4 -.25 -10 -49.8 -.25 -10 -49.8 -.25 -11.25
4 70 -49.4 -.25 -10 -49.4 -.25 -11.25 -49 -.25 -11.25 -49 -.25 -10
4 70 -48.6 -.25 -11.25 -48.6 -.25 -10 -49 -.25 -10 -49 -.25 -11.25
4 70 -48.2 -.25 -11.25 -48.2 -.25 -10 -48.6 -.25 -10 -48.6 -.25 -11.25
4 70 -47.8 -.25 -11.25 -47.8 -.25 -10 -48.2 -.25 -10 -48.2 -.25 -11.25
4 70 -47.8 -.25 -10 -47.8 -.25 -11.25 -47.4 -.25 -11.25 -47.4 -.25 -10
4 70 -47 -.25 -11.25 -47 -.25 -10 -47.4 -.25 -10 -47.4 -.25 -11.25
4 70 -47 -.25 -10 -47 -.25 -11.25 -46.6 -.25 -11.25 -46.6 -.25 -10
4 70 -46.2 -.25 -11.25 -46.2 -.25 -10 -46.6 -.25 -10 -46.6 -.25 -11.25
4 70 -46.2 -.25 -10 -46.2 -.25 -11.25 -45.8 -.25 -11.25 -45.8 -.25 -10
4 70 -45.4 -.25 -11.25 -45.4 -.25 -10 -45.8 -.25 -10 -45.8 -.25 -11.25
4 70 -45 -.25 -11.25 -45 -.25 -10 -45.4 -.25 -10 -45.4 -.25 -11.25
4 70 -44.6 -.25 -11.25 -44.6 -.25 -10 -45 -.25 -10 -45 -.25 -11.25
4 70 -44.6 -.25 -10 -44.6 -.25 -11.25 -44.2 -.25 -11.25 -44.2 -.25 -10
4 70 -43.8 -.25 -11.25 -43.8 -.25 -10 -44.2 -.25 -10 -44.2 -.25 -11.25
4 70 -43.8 -.25 -10 -43.8 -.25 -11.25 -43.4 -.25 -11.25 -43.4 -.25 -10
4 70 -43 -.25 -11.25 -43 -.25 -10 -43.4 -.25 -10 -43.4 -.25 -11.25
4 70 -43 -.25 -10 -43 -.25 -11.25 -42.6 -.25 -11.25 -42.6 -.25 -10
4 70 -42.2 -.25 -11.25 -42.2 -.25 -10 -42.6 -.25 -10 -42.6 -.25 -11.25
4 70 -41.8 -.25 -11.25 -41.8 -.25 -10 -42.2 -.25 -10 -42.2 -.25 -11.25
4 70 -41.4 -.25 -11.25 -41.4 -.25 -10 -41.8 -.25 -10 -41.8 -.25 -11.25
4 70 -41.4 -.25 -10 -41.4 -.25 -11.25 -41 -.25 -11.25 -41 -.25 -10
4 70 -40.6 -.25 -11.25 -40.6 -.25 -10 -41 -.25 -10 -41 -.25 -11.25
4 70 -40.6 -.25 -10 -40.6 -.25 -11.25 -40.2 -.25 -11.25 -40.2 -.25 -10
4 70 -39.8 -.25 -11.25 -39.8 -.25 -10 -40.2 -.25 -10 -40.2 -.25 -11.25
4 70 -39.8 -.25 -10 -39.8 -.25 -11.25 -39.4 -.25 -11.25 -39.4 -.25 -10
4 70 -39 -.25 -11.25 -39 -.25 -10 -39.4 -.25 -10 -39.4 -.25 -11.25
4 70 -38.6 -.25 -11.25 -38.6 -.25 -10 -39 -.25 -10 -39 -.25 -11.25
4 70 -38.2 -.25 -11.25 -38.2 -.25 -10 -38.6 -.25 -10 -38.6 -.25 -11.25
4 70 -35.4 -.25 10 -35 -.25 10 -35 -.25 11.25 -35.4 -.25 11.25
4 70 -35 -.25 10 -34.6 -.25 10 -34.6 -.25 11.25 -35 -.25 11.25
4 70 -34.6 -.25 10 -34.2 -.25 10 -34.2 -.25 11.25 -34.6 -.25 11.25
4 70 -34.2 -.25 10 -33.8 -.25 10 -33.8 -.25 11.25 -34.2 -.25 11.25
4 70 -33.8 -.25 10 -33.4 -.25 10 -33.4 -.25 11.25 -33.8 -.25 11.25
4 70 -33.4 -.25 10 -33 -.25 10 -33 -.25 11.25 -33.4 -.25 11.25
4 70 -33 -.25 10 -32.6 -.25 10 -32.6 -.25 11.25 -33 -.25 11.25
4 70 -32.6 -.25 10 -32.2 -.25 10 -32.2 -.25 11.25 -32.6 -.25 11.25
4 70 -32.2 -.25 10 -31.8 -.25 10 -31.8 -.25 11.25 -32.2 -.25 11.25
4 70 -31.8 -.25 10 -31.4 -.25 10 -31.4 -.25 11.25 -31.8 -.25 11.25
4 70 -31.4 -.25 10 -31 -.25 10 -31 -.25 11.25 -31.4 -.25 11.25
4 70 -31 -.25 10 -30.6 -.25 10 -30.6 -.25 11.25 -31 -.25 11.25
4 70 -30.6 -.25 10 -30.2 -.25 10 -30.2 -.25 11.25 -30.6 -.25 11.25
4 70 -30.2 -.25 10 -29.8 -.25 10 -29.8 -.25 11.25 -30.2 -.25 11.25
4 70 -29.8 -.25 10 -29.4 -.25 10 -29.4 -.25 11.25 -29.8 -.25 11.25
4 70 -29.4 -.25 10 -29 -.25 10 -29 -.25 11.25 -29.4 -.25 11.25
4 70 -29 -.25 10 -28.6 -.25 10 -28.6 -.25 11.25 -29 -.25 11.25
4 70 -28.6 -.25 10 -28.2 -.25 10 -28.2 -.25 11.25 -28.6 -.25 11.25
4 70 -28.2 -.25 10 -27.8 -.25 10 -27.8 -.25 11.25 -28.2 -.25 11.25
4 70 -27.8 -.25 10 -27.4 -.25 10 -27.4 -.25 11.25 -27.8 -.25 11.25
4 70 -27.4 -.25 10 -27 -.25 10 -27 -.25 11.25 -27.4 -.25 11.25
4 70 -27 -.25 10 -26.6 -.25 10 -26.6 -.25 11.25 -27 -.25 11.25
4 70 -26.6 -.25 10 -26.2 -.25 10 -26.2 -.25 11.25 -26.6 -.25 11.25
4 70 -26.2 -.25 10 -25.8 -.25 10 -25.8 -.25 11.25 -26.2 -.25 11.25
4 70 -25.8 -.25 10 -25.4 -.25 10 -25.4 -.25 11.25 -25.8 -.25 11.25
4 70 -25.4 -.25 10 -25 -.25 10 -25 -.25 11.25 -25.4 -.25 11.25
4 70 -25 -.25 10 -24.6 -.25 10 -24.6 -.25 11.25 -25 -.25 11.25
4 70 -24.6 -.25 10 -24.2 -.25 10 -24.2 -.25 11.25 -24.6 -.25 11.25
4 70 -24.2 -.25 10 -23.8 -.25 10 -23.8 -.25 11.25 -24.2 -.25 11.25
4 70 -23.8 -.25 10 -23.4 -.25 10 -23.4 -.25 11.25 -23.8 -.25 11.25
4 70 -23.4 -.25 10 -23 -.25 10 -23 -.25 11.25 -23.4 -.25 11.25
4 70 -23 -.25 10 -22.6 -.25 10 -22.6 -.25 11.25 -23 -.25 11.25
4 70 -22.6 -.25 10 -22.2 -.25 10 -22.2 -.25 11.25 -22.6 -.25 11.25
4 70 -22.2 -.25 10 -21.8 -.25 10 -21.8 -.25 11.25 -22.2 -.25 11.25
4 70 -21.8 -.25 10 -21.4 -.25 10 -21.4 -.25 11.25 -21.8 -.25 11.25
4 70 -21.4 -.25 10 -21 -.25 10 -21 -.25 11.25 -21.4 -.25 11.25
4 70 -21 -.25 10 -20.6 -.25 10 -20.6 -.25 11.25 -21 -.25 11.25
4 70 -20.6 -.25 10 -20.2 -.25 10 -20.2 -.25 11.25 -20.6 -.25 11.25
4 70 -20.2 -.25 10 -19.8 -.25 10 -19.8 -.25 11.25 -20.2 -.25 11.25
4 70 -17 -.25 10 -16.6 -.25 10 -16.6 -.25 11.25 -17 -.25 11.25
4 70 -16.6 -.25 10 -16.2 -.25 10 -16.2 -.25 11.25 -16.6 -.25 11.25
4 70 -16.2 -.25 10 -15.8 -.25 10 -15.8 -.25 11.25 -16.2 -.25 11.25
4 70 -15.8 -.25 10 -15.4 -.25 10 -15.4 -.25 11.25 -15.8 -.25 11.25
4 70 -15.4 -.25 10 -15 -.25 10 -15 -.25 11.25 -15.4 -.25 11.25
4 70 -15 -.25 10 -14.6 -.25 10 -14.6 -.25 11.25 -15 -.25 11.25
4 70 -14.6 -.25 10 -14.2 -.25 10 -14.2 -.25 11.25 -14.6 -.25 11.25
4 70 -14.2 -.25 10 -13.8 -.25 10 -13.8 -.25 11.25 -14.2 -.25 11.25
4 70 -13.8 -.25 10 -13.4 -.25 10 -13.4 -.25 11.25 -13.8 -.25 11.25
4 70 -13.4 -.25 10 -13 -.25 10 -13 -.25 11.25 -13.4 -.25 11.25
4 70 -13 -.25 10 -12.6 -.25 10 -12.6 -.25 11.25 -13 -.25 11.25
4 70 -12.6 -.25 10 -12.2 -.25 10 -12.2 -.25 11.25 -12.6 -.25 11.25
4 70 -12.2 -.25 10 -11.8 -.25 10 -11.8 -.25 11.25 -12.2 -.25 11.25
4 70 -11.8 -.25 10 -11.4 -.25 10 -11.4 -.25 11.25 -11.8 -.25 11.25
4 70 -11.4 -.25 10 -11 -.25 10 -11 -.25 11.25 -11.4 -.25 11.25
4 70 -11 -.25 10 -10.6 -.25 10 -10.6 -.25 11.25 -11 -.25 11.25
4 70 -10.6 -.25 10 -10.2 -.25 10 -10.2 -.25 11.25 -10.6 -.25 11.25
4 70 -10.2 -.25 10 -9.8 -.25 10 -9.8 -.25 11.25 -10.2 -.25 11.25
4 70 -9.8 -.25 10 -9.4 -.25 10 -9.4 -.25 11.25 -9.8 -.25 11.25
4 70 -9.4 -.25 10 -9 -.25 10 -9 -.25 11.25 -9.4 -.25 11.25
4 70 -9 -.25 10 -8.6 -.25 10 -8.6 -.25 11.25 -9 -.25 11.25
4 70 -8.6 -.25 10 -8.2 -.25 10 -8.2 -.25 11.25 -8.6 -.25 11.25
4 70 -8.2 -.25 10 -7.8 -.25 10 -7.8 -.25 11.25 -8.2 -.25 11.25
4 70 -7.8 -.25 10 -7.4 -.25 10 -7.4 -.25 11.25 -7.8 -.25 11.25
4 70 -7.4 -.25 10 -7 -.25 10 -7 -.25 11.25 -7.4 -.25 11.25
4 70 -7 -.25 10 -6.6 -.25 10 -6.6 -.25 11.25 -7 -.25 11.25
4 70 -6.6 -.25 10 -6.2 -.25 10 -6.2 -.25 11.25 -6.6 -.25 11.25
4 70 -6.2 -.25 10 -5.8 -.25 10 -5.8 -.25 11.25 -6.2 -.25 11.25
4 70 -5.8 -.25 10 -5.4 -.25 10 -5.4 -.25 11.25 -5.8 -.25 11.25
4 70 -5.4 -.25 10 -5 -.25 10 -5 -.25 11.25 -5.4 -.25 11.25
4 70 -5 -.25 10 -4.6 -.25 10 -4.6 -.25 11.25 -5 -.25 11.25
4 70 -4.6 -.25 10 -4.2 -.25 10 -4.2 -.25 11.25 -4.6 -.25 11.25
4 70 -4.2 -.25 10 -3.8 -.25 10 -3.8 -.25 11.25 -4.2 -.25 11.25
4 70 -3.8 -.25 10 -3.4 -.25 10 -3.4 -.25 11.25 -3.8 -.25 11.25
4 70 -3.4 -.25 10 -3 -.25 10 -3 -.25 11.25 -3.4 -.25 11.25
4 70 -3 -.25 10 -2.6 -.25 10 -2.6 -.25 11.25 -3 -.25 11.25
4 70 -2.6 -.25 10 -2.2 -.25 10 -2.2 -.25 11.25 -2.6 -.25 11.25
4 70 -2.2 -.25 10 -1.8 -.25 10 -1.8 -.25 11.25 -2.2 -.25 11.25
4 70 -1.8 -.25 10 -1.4 -.25 10 -1.4 -.25 11.25 -1.8 -.25 11.25
4 70 -35 -.25 -11.25 -35 -.25 -10 -35.4 -.25 -10 -35.4 -.25 -11.25
4 70 -34.6 -.25 -11.25 -34.6 -.25 -10 -35 -.25 -10 -35 -.25 -11.25
4 70 -34.6 -.25 -10 -34.6 -.25 -11.25 -34.2 -.25 -11.25 -34.2 -.25 -10
4 70 -33.8 -.25 -11.25 -33.8 -.25 -10 -34.2 -.25 -10 -34.2 -.25 -11.25
4 70 -33.8 -.25 -10 -33.8 -.25 -11.25 -33.4 -.25 -11.25 -33.4 -.25 -10
4 70 -33 -.25 -11.25 -33 -.25 -10 -33.4 -.25 -10 -33.4 -.25 -11.25
4 70 -33 -.25 -10 -33 -.25 -11.25 -32.6 -.25 -11.25 -32.6 -.25 -10
4 70 -32.2 -.25 -11.25 -32.2 -.25 -10 -32.6 -.25 -10 -32.6 -.25 -11.25
4 70 -31.8 -.25 -11.25 -31.8 -.25 -10 -32.2 -.25 -10 -32.2 -.25 -11.25
4 70 -31.4 -.25 -11.25 -31.4 -.25 -10 -31.8 -.25 -10 -31.8 -.25 -11.25
4 70 -31.4 -.25 -10 -31.4 -.25 -11.25 -31 -.25 -11.25 -31 -.25 -10
4 70 -30.6 -.25 -11.25 -30.6 -.25 -10 -31 -.25 -10 -31 -.25 -11.25
4 70 -30.6 -.25 -10 -30.6 -.25 -11.25 -30.2 -.25 -11.25 -30.2 -.25 -10
4 70 -29.8 -.25 -11.25 -29.8 -.25 -10 -30.2 -.25 -10 -30.2 -.25 -11.25
4 70 -29.8 -.25 -10 -29.8 -.25 -11.25 -29.4 -.25 -11.25 -29.4 -.25 -10
4 70 -29 -.25 -11.25 -29 -.25 -10 -29.4 -.25 -10 -29.4 -.25 -11.25
4 70 -28.6 -.25 -11.25 -28.6 -.25 -10 -29 -.25 -10 -29 -.25 -11.25
4 70 -28.2 -.25 -11.25 -28.2 -.25 -10 -28.6 -.25 -10 -28.6 -.25 -11.25
4 70 -28.2 -.25 -10 -28.2 -.25 -11.25 -27.8 -.25 -11.25 -27.8 -.25 -10
4 70 -27.4 -.25 -11.25 -27.4 -.25 -10 -27.8 -.25 -10 -27.8 -.25 -11.25
4 70 -27.4 -.25 -10 -27.4 -.25 -11.25 -27 -.25 -11.25 -27 -.25 -10
4 70 -26.6 -.25 -11.25 -26.6 -.25 -10 -27 -.25 -10 -27 -.25 -11.25
4 70 -26.6 -.25 -10 -26.6 -.25 -11.25 -26.2 -.25 -11.25 -26.2 -.25 -10
4 70 -25.8 -.25 -11.25 -25.8 -.25 -10 -26.2 -.25 -10 -26.2 -.25 -11.25
4 70 -25.4 -.25 -11.25 -25.4 -.25 -10 -25.8 -.25 -10 -25.8 -.25 -11.25
4 70 -25 -.25 -11.25 -25 -.25 -10 -25.4 -.25 -10 -25.4 -.25 -11.25
4 70 -25 -.25 -10 -25 -.25 -11.25 -24.6 -.25 -11.25 -24.6 -.25 -10
4 70 -24.2 -.25 -11.25 -24.2 -.25 -10 -24.6 -.25 -10 -24.6 -.25 -11.25
4 70 -24.2 -.25 -10 -24.2 -.25 -11.25 -23.8 -.25 -11.25 -23.8 -.25 -10
4 70 -23.4 -.25 -11.25 -23.4 -.25 -10 -23.8 -.25 -10 -23.8 -.25 -11.25
4 70 -23.4 -.25 -10 -23.4 -.25 -11.25 -23 -.25 -11.25 -23 -.25 -10
4 70 -22.6 -.25 -11.25 -22.6 -.25 -10 -23 -.25 -10 -23 -.25 -11.25
4 70 -22.2 -.25 -11.25 -22.2 -.25 -10 -22.6 -.25 -10 -22.6 -.25 -11.25
4 70 -21.8 -.25 -11.25 -21.8 -.25 -10 -22.2 -.25 -10 -22.2 -.25 -11.25
4 70 -21.8 -.25 -10 -21.8 -.25 -11.25 -21.4 -.25 -11.25 -21.4 -.25 -10
4 70 -21 -.25 -11.25 -21 -.25 -10 -21.4 -.25 -10 -21.4 -.25 -11.25
4 70 -21 -.25 -10 -21 -.25 -11.25 -20.6 -.25 -11.25 -20.6 -.25 -10
4 70 -20.2 -.25 -11.25 -20.2 -.25 -10 -20.6 -.25 -10 -20.6 -.25 -11.25
4 70 -20.2 -.25 -10 -20.2 -.25 -11.25 -19.8 -.25 -11.25 -19.8 -.25 -10
4 70 -16.6 -.25 -11.25 -16.6 -.25 -10 -17 -.25 -10 -17 -.25 -11.25
4 70 -16.2 -.25 -11.25 -16.2 -.25 -10 -16.6 -.25 -10 -16.6 -.25 -11.25
4 70 -15.8 -.25 -11.25 -15.8 -.25 -10 -16.2 -.25 -10 -16.2 -.25 -11.25
4 70 -15.8 -.25 -10 -15.8 -.25 -11.25 -15.4 -.25 -11.25 -15.4 -.25 -10
4 70 -15 -.25 -11.25 -15 -.25 -10 -15.4 -.25 -10 -15.4 -.25 -11.25
4 70 -15 -.25 -10 -15 -.25 -11.25 -14.6 -.25 -11.25 -14.6 -.25 -10
4 70 -14.2 -.25 -11.25 -14.2 -.25 -10 -14.6 -.25 -10 -14.6 -.25 -11.25
4 70 -14.2 -.25 -10 -14.2 -.25 -11.25 -13.8 -.25 -11.25 -13.8 -.25 -10
4 70 -13.4 -.25 -11.25 -13.4 -.25 -10 -13.8 -.25 -10 -13.8 -.25 -11.25
4 70 -13 -.25 -11.25 -13 -.25 -10 -13.4 -.25 -10 -13.4 -.25 -11.25
4 70 -12.6 -.25 -11.25 -12.6 -.25 -10 -13 -.25 -10 -13 -.25 -11.25
4 70 -12.6 -.25 -10 -12.6 -.25 -11.25 -12.2 -.25 -11.25 -12.2 -.25 -10
4 70 -11.8 -.25 -11.25 -11.8 -.25 -10 -12.2 -.25 -10 -12.2 -.25 -11.25
4 70 -11.8 -.25 -10 -11.8 -.25 -11.25 -11.4 -.25 -11.25 -11.4 -.25 -10
4 70 -11 -.25 -11.25 -11 -.25 -10 -11.4 -.25 -10 -11.4 -.25 -11.25
4 70 -11 -.25 -10 -11 -.25 -11.25 -10.6 -.25 -11.25 -10.6 -.25 -10
4 70 -10.2 -.25 -11.25 -10.2 -.25 -10 -10.6 -.25 -10 -10.6 -.25 -11.25
4 70 -9.8 -.25 -11.25 -9.8 -.25 -10 -10.2 -.25 -10 -10.2 -.25 -11.25
4 70 -9.4 -.25 -11.25 -9.4 -.25 -10 -9.8 -.25 -10 -9.8 -.25 -11.25
4 70 -9.4 -.25 -10 -9.4 -.25 -11.25 -9 -.25 -11.25 -9 -.25 -10
4 70 -8.6 -.25 -11.25 -8.6 -.25 -10 -9 -.25 -10 -9 -.25 -11.25
4 70 -8.6 -.25 -10 -8.6 -.25 -11.25 -8.2 -.25 -11.25 -8.2 -.25 -10
4 70 -7.8 -.25 -11.25 -7.8 -.25 -10 -8.2 -.25 -10 -8.2 -.25 -11.25
4 70 -7.8 -.25 -10 -7.8 -.25 -11.25 -7.4 -.25 -11.25 -7.4 -.25 -10
4 70 -7 -.25 -11.25 -7 -.25 -10 -7.4 -.25 -10 -7.4 -.25 -11.25
4 70 -6.6 -.25 -11.25 -6.6 -.25 -10 -7 -.25 -10 -7 -.25 -11.25
4 70 -6.2 -.25 -11.25 -6.2 -.25 -10 -6.6 -.25 -10 -6.6 -.25 -11.25
4 70 -6.2 -.25 -10 -6.2 -.25 -11.25 -5.8 -.25 -11.25 -5.8 -.25 -10
4 70 -5.4 -.25 -11.25 -5.4 -.25 -10 -5.8 -.25 -10 -5.8 -.25 -11.25
4 70 -5.4 -.25 -10 -5.4 -.25 -11.25 -5 -.25 -11.25 -5 -.25 -10
4 70 -4.6 -.25 -11.25 -4.6 -.25 -10 -5 -.25 -10 -5 -.25 -11.25
4 70 -4.6 -.25 -10 -4.6 -.25 -11.25 -4.2 -.25 -11.25 -4.2 -.25 -10
4 70 -3.8 -.25 -11.25 -3.8 -.25 -10 -4.2 -.25 -10 -4.2 -.25 -11.25
4 70 -3.4 -.25 -11.25 -3.4 -.25 -10 -3.8 -.25 -10 -3.8 -.25 -11.25
4 70 -3 -.25 -11.25 -3 -.25 -10 -3.4 -.25 -10 -3.4 -.25 -11.25
4 70 -3 -.25 -10 -3 -.25 -11.25 -2.6 -.25 -11.25 -2.6 -.25 -10
4 70 -2.2 -.25 -11.25 -2.2 -.25 -10 -2.6 -.25 -10 -2.6 -.25 -11.25
4 70 -2.2 -.25 -10 -2.2 -.25 -11.25 -1.8 -.25 -11.25 -1.8 -.25 -10
4 70 -1.4 -.25 -11.25 -1.4 -.25 -10 -1.8 -.25 -10 -1.8 -.25 -11.25
4 70 -38.2 -.25 11.25 -38.2 -.25 10 -35.4 -.25 10 -35.4 -.25 11.25
4 70 -17 -.25 10 -17 -.25 11.25 -19.8 -.25 11.25 -19.8 -.25 10
4 72 -35.4 -.25 8.5 -35.4 -.25 10 -38.2 -.25 10 -38.2 -.25 8.5
4 72 -35.4 -.25 -8.5 -35.4 -.25 8.5 -38.2 -.25 8.5 -38.2 -.25 -8.5
4 72 -38.2 -.25 -8.5 -38.2 -.25 -10 -35.4 -.25 -10 -35.4 -.25 -8.5
4 72 -17 -.25 -10 -17 -.25 -8.5 -19.8 -.25 -8.5 -19.8 -.25 -10
4 70 -38.2 -.25 -10 -38.2 -.25 -11.25 -35.4 -.25 -11.25 -35.4 -.25 -10
4 70 -17 -.25 -11.25 -17 -.25 -10 -19.8 -.25 -10 -19.8 -.25 -11.25
4 72 -19.8 -.25 10 -19.8 -.25 8.5 -17 -.25 8.5 -17 -.25 10
4 72 -17 -.25 -8.5 -17 -.25 8.5 -19.8 -.25 8.5 -19.8 -.25 -8.5
4 72 0 -.25 8.5 0 -.25 10 -1.4 -.25 10 -1.4 -.25 8.5
4 70 -1.4 -.25 10 0 -.25 10 0 -.25 11.25 -1.4 -.25 11.25
4 72 -1.4 -.25 8.5 -1.4 -.25 -8.5 0 -.25 -8.5 0 -.25 8.5
4 72 0 -.25 -10 0 -.25 -8.5 -1.4 -.25 -8.5 -1.4 -.25 -10
4 70 -1.4 -.25 -10 -1.4 -.25 -11.25 0 -.25 -11.25 0 -.25 -10
3 70 53.8 -.25 8.5 53.4 -.25 8.5 53.6 -.25 -6
3 14 53.8 -.25 8.5 53.6 -.25 -6 53.8 -.25 -8.5
4 14 53.6 -.25 -6 53.4 -.25 8.5 53.2 -.25 -6 53.4 -.25 -8.5
3 14 53.6 -.25 -6 53.4 -.25 -8.5 53.8 -.25 -8.5
3 70 53.4 -.25 8.5 53 -.25 8.5 53.2 -.25 -6
4 14 52.8 -.25 -6 53 -.25 -8.5 53.2 -.25 -6 53 -.25 8.5
3 14 53.2 -.25 -6 53 -.25 -8.5 53.4 -.25 -8.5
3 70 53 -.25 8.5 52.6 -.25 8.5 52.8 -.25 -6
4 14 52.8 -.25 -6 52.6 -.25 8.5 52.4 -.25 -6 52.6 -.25 -8.5
3 14 52.8 -.25 -6 52.6 -.25 -8.5 53 -.25 -8.5
3 70 52.6 -.25 8.5 52.2 -.25 8.5 52.4 -.25 -6
4 14 52.4 -.25 -6 52.2 -.25 8.5 52 -.25 -6 52.2 -.25 -8.5
3 14 52.4 -.25 -6 52.2 -.25 -8.5 52.6 -.25 -8.5
3 70 52.2 -.25 8.5 51.8 -.25 8.5 52 -.25 -6
4 14 52 -.25 -6 51.8 -.25 8.5 51.6 -.25 -6 51.8 -.25 -8.5
3 14 52 -.25 -6 51.8 -.25 -8.5 52.2 -.25 -8.5
3 70 51.8 -.25 8.5 51.4 -.25 8.5 51.6 -.25 -6
4 14 51.2 -.25 -6 51.4 -.25 -8.5 51.6 -.25 -6 51.4 -.25 8.5
3 14 51.6 -.25 -6 51.4 -.25 -8.5 51.8 -.25 -8.5
3 70 51.4 -.25 8.5 51 -.25 8.5 51.2 -.25 -6
4 14 51.2 -.25 -6 51 -.25 8.5 50.8 -.25 -6 51 -.25 -8.5
3 14 51.2 -.25 -6 51 -.25 -8.5 51.4 -.25 -8.5
3 70 51 -.25 8.5 50.6 -.25 8.5 50.8 -.25 -6
4 14 50.8 -.25 -6 50.6 -.25 8.5 50.4 -.25 -6 50.6 -.25 -8.5
3 14 50.8 -.25 -6 50.6 -.25 -8.5 51 -.25 -8.5
3 70 50.6 -.25 8.5 50.2 -.25 8.5 50.4 -.25 -6
4 14 50.4 -.25 -6 50.2 -.25 8.5 50 -.25 -6 50.2 -.25 -8.5
3 14 50.4 -.25 -6 50.2 -.25 -8.5 50.6 -.25 -8.5
3 70 50.2 -.25 8.5 49.8 -.25 8.5 50 -.25 -6
4 14 49.6 -.25 -6 49.8 -.25 -8.5 50 -.25 -6 49.8 -.25 8.5
3 14 50 -.25 -6 49.8 -.25 -8.5 50.2 -.25 -8.5
3 70 49.8 -.25 8.5 49.4 -.25 8.5 49.6 -.25 -6
4 14 49.6 -.25 -6 49.4 -.25 8.5 49.2 -.25 -6 49.4 -.25 -8.5
3 14 49.6 -.25 -6 49.4 -.25 -8.5 49.8 -.25 -8.5
3 70 49.4 -.25 8.5 49 -.25 8.5 49.2 -.25 -6
4 14 49.2 -.25 -6 49 -.25 8.5 48.8 -.25 -6 49 -.25 -8.5
3 14 49.2 -.25 -6 49 -.25 -8.5 49.4 -.25 -8.5
3 70 49 -.25 8.5 48.6 -.25 8.5 48.8 -.25 -6
4 14 48.8 -.25 -6 48.6 -.25 8.5 48.4 -.25 -6 48.6 -.25 -8.5
3 14 48.8 -.25 -6 48.6 -.25 -8.5 49 -.25 -8.5
3 70 48.6 -.25 8.5 48.2 -.25 8.5 48.4 -.25 -6
4 14 48 -.25 -6 48.2 -.25 -8.5 48.4 -.25 -6 48.2 -.25 8.5
3 14 48.4 -.25 -6 48.2 -.25 -8.5 48.6 -.25 -8.5
3 70 48.2 -.25 8.5 47.8 -.25 8.5 48 -.25 -6
4 14 48 -.25 -6 47.8 -.25 8.5 47.6 -.25 -6 47.8 -.25 -8.5
3 14 48 -.25 -6 47.8 -.25 -8.5 48.2 -.25 -8.5
3 70 47.8 -.25 8.5 47.4 -.25 8.5 47.6 -.25 -6
4 14 47.6 -.25 -6 47.4 -.25 8.5 47.2 -.25 -6 47.4 -.25 -8.5
3 14 47.6 -.25 -6 47.4 -.25 -8.5 47.8 -.25 -8.5
3 70 47.4 -.25 8.5 47 -.25 8.5 47.2 -.25 -6
4 14 47.2 -.25 -6 47 -.25 8.5 46.8 -.25 -6 47 -.25 -8.5
3 14 47.2 -.25 -6 47 -.25 -8.5 47.4 -.25 -8.5
3 70 47 -.25 8.5 46.6 -.25 8.5 46.8 -.25 -6
4 14 46.4 -.25 -6 46.6 -.25 -8.5 46.8 -.25 -6 46.6 -.25 8.5
3 14 46.8 -.25 -6 46.6 -.25 -8.5 47 -.25 -8.5
3 70 46.6 -.25 8.5 46.2 -.25 8.5 46.4 -.25 -6
4 14 46.4 -.25 -6 46.2 -.25 8.5 46 -.25 -6 46.2 -.25 -8.5
3 14 46.4 -.25 -6 46.2 -.25 -8.5 46.6 -.25 -8.5
3 70 46.2 -.25 8.5 45.8 -.25 8.5 46 -.25 -6
4 14 46 -.25 -6 45.8 -.25 8.5 45.6 -.25 -6 45.8 -.25 -8.5
3 14 46 -.25 -6 45.8 -.25 -8.5 46.2 -.25 -8.5
3 70 45.8 -.25 8.5 45.4 -.25 8.5 45.6 -.25 -6
4 14 45.6 -.25 -6 45.4 -.25 8.5 45.2 -.25 -6 45.4 -.25 -8.5
3 14 45.6 -.25 -6 45.4 -.25 -8.5 45.8 -.25 -8.5
3 70 45.4 -.25 8.5 45 -.25 8.5 45.2 -.25 -6
4 14 44.8 -.25 -6 45 -.25 -8.5 45.2 -.25 -6 45 -.25 8.5
3 14 45.2 -.25 -6 45 -.25 -8.5 45.4 -.25 -8.5
3 70 45 -.25 8.5 44.6 -.25 8.5 44.8 -.25 -6
4 14 44.8 -.25 -6 44.6 -.25 8.5 44.4 -.25 -6 44.6 -.25 -8.5
3 14 44.8 -.25 -6 44.6 -.25 -8.5 45 -.25 -8.5
3 70 44.6 -.25 8.5 44.2 -.25 8.5 44.4 -.25 -6
4 14 44.4 -.25 -6 44.2 -.25 8.5 44 -.25 -6 44.2 -.25 -8.5
3 14 44.4 -.25 -6 44.2 -.25 -8.5 44.6 -.25 -8.5
3 70 44.2 -.25 8.5 43.8 -.25 8.5 44 -.25 -6
4 14 44 -.25 -6 43.8 -.25 8.5 43.6 -.25 -6 43.8 -.25 -8.5
3 14 44 -.25 -6 43.8 -.25 -8.5 44.2 -.25 -8.5
3 70 43.8 -.25 8.5 43.4 -.25 8.5 43.6 -.25 -6
4 14 43.2 -.25 -6 43.4 -.25 -8.5 43.6 -.25 -6 43.4 -.25 8.5
3 14 43.6 -.25 -6 43.4 -.25 -8.5 43.8 -.25 -8.5
3 70 43.4 -.25 8.5 43 -.25 8.5 43.2 -.25 -6
4 14 43.2 -.25 -6 43 -.25 8.5 42.8 -.25 -6 43 -.25 -8.5
3 14 43.2 -.25 -6 43 -.25 -8.5 43.4 -.25 -8.5
3 70 43 -.25 8.5 42.6 -.25 8.5 42.8 -.25 -6
4 14 42.8 -.25 -6 42.6 -.25 8.5 42.4 -.25 -6 42.6 -.25 -8.5
3 14 42.8 -.25 -6 42.6 -.25 -8.5 43 -.25 -8.5
3 70 42.6 -.25 8.5 42.2 -.25 8.5 42.4 -.25 -6
4 14 42.4 -.25 -6 42.2 -.25 8.5 42 -.25 -6 42.2 -.25 -8.5
3 14 42.4 -.25 -6 42.2 -.25 -8.5 42.6 -.25 -8.5
3 70 42.2 -.25 8.5 41.8 -.25 8.5 42 -.25 -6
4 14 41.6 -.25 -6 41.8 -.25 -8.5 42 -.25 -6 41.8 -.25 8.5
3 14 42 -.25 -6 41.8 -.25 -8.5 42.2 -.25 -8.5
3 70 41.8 -.25 8.5 41.4 -.25 8.5 41.6 -.25 -6
4 14 41.6 -.25 -6 41.4 -.25 8.5 41.2 -.25 -6 41.4 -.25 -8.5
3 14 41.6 -.25 -6 41.4 -.25 -8.5 41.8 -.25 -8.5
3 70 41.4 -.25 8.5 41 -.25 8.5 41.2 -.25 -6
4 14 41.2 -.25 -6 41 -.25 8.5 40.8 -.25 -6 41 -.25 -8.5
3 14 41.2 -.25 -6 41 -.25 -8.5 41.4 -.25 -8.5
3 70 41 -.25 8.5 40.6 -.25 8.5 40.8 -.25 -6
4 14 40.8 -.25 -6 40.6 -.25 8.5 40.4 -.25 -6 40.6 -.25 -8.5
3 14 40.8 -.25 -6 40.6 -.25 -8.5 41 -.25 -8.5
3 70 40.6 -.25 8.5 40.2 -.25 8.5 40.4 -.25 -6
4 14 40 -.25 -6 40.2 -.25 -8.5 40.4 -.25 -6 40.2 -.25 8.5
3 14 40.4 -.25 -6 40.2 -.25 -8.5 40.6 -.25 -8.5
3 70 40.2 -.25 8.5 39.8 -.25 8.5 40 -.25 -6
4 14 40 -.25 -6 39.8 -.25 8.5 39.6 -.25 -6 39.8 -.25 -8.5
3 14 40 -.25 -6 39.8 -.25 -8.5 40.2 -.25 -8.5
3 70 39.8 -.25 8.5 39.4 -.25 8.5 39.6 -.25 -6
4 14 39.6 -.25 -6 39.4 -.25 8.5 39.2 -.25 -6 39.4 -.25 -8.5
3 14 39.6 -.25 -6 39.4 -.25 -8.5 39.8 -.25 -8.5
3 70 39.4 -.25 8.5 39 -.25 8.5 39.2 -.25 -6
4 14 39.2 -.25 -6 39 -.25 8.5 38.8 -.25 -6 39 -.25 -8.5
3 14 39.2 -.25 -6 39 -.25 -8.5 39.4 -.25 -8.5
3 70 39 -.25 8.5 38.6 -.25 8.5 38.8 -.25 -6
4 14 38.4 -.25 -6 38.6 -.25 -8.5 38.8 -.25 -6 38.6 -.25 8.5
3 14 38.8 -.25 -6 38.6 -.25 -8.5 39 -.25 -8.5
3 70 38.6 -.25 8.5 38.2 -.25 8.5 38.4 -.25 -6
3 14 38.2 -.25 8.5 38.2 -.25 -8.5 38.4 -.25 -6
3 14 38.4 -.25 -6 38.2 -.25 -8.5 38.6 -.25 -8.5
3 70 35.4 -.25 8.5 35 -.25 8.5 35.2 -.25 -6
3 14 35.4 -.25 8.5 35.2 -.25 -6 35.4 -.25 -8.5
4 14 35.2 -.25 -6 35 -.25 8.5 34.8 -.25 -6 35 -.25 -8.5
3 14 35.2 -.25 -6 35 -.25 -8.5 35.4 -.25 -8.5
3 70 35 -.25 8.5 34.6 -.25 8.5 34.8 -.25 -6
4 14 34.8 -.25 -6 34.6 -.25 8.5 34.4 -.25 -6 34.6 -.25 -8.5
3 14 34.8 -.25 -6 34.6 -.25 -8.5 35 -.25 -8.5
3 70 34.6 -.25 8.5 34.2 -.25 8.5 34.4 -.25 -6
4 14 34 -.25 -6 34.2 -.25 -8.5 34.4 -.25 -6 34.2 -.25 8.5
3 14 34.4 -.25 -6 34.2 -.25 -8.5 34.6 -.25 -8.5
3 70 34.2 -.25 8.5 33.8 -.25 8.5 34 -.25 -6
4 14 34 -.25 -6 33.8 -.25 8.5 33.6 -.25 -6 33.8 -.25 -8.5
3 14 34 -.25 -6 33.8 -.25 -8.5 34.2 -.25 -8.5
3 70 33.8 -.25 8.5 33.4 -.25 8.5 33.6 -.25 -6
4 14 33.6 -.25 -6 33.4 -.25 8.5 33.2 -.25 -6 33.4 -.25 -8.5
3 14 33.6 -.25 -6 33.4 -.25 -8.5 33.8 -.25 -8.5
3 70 33.4 -.25 8.5 33 -.25 8.5 33.2 -.25 -6
4 14 33.2 -.25 -6 33 -.25 8.5 32.8 -.25 -6 33 -.25 -8.5
3 14 33.2 -.25 -6 33 -.25 -8.5 33.4 -.25 -8.5
3 70 33 -.25 8.5 32.6 -.25 8.5 32.8 -.25 -6
4 14 32.4 -.25 -6 32.6 -.25 -8.5 32.8 -.25 -6 32.6 -.25 8.5
3 14 32.8 -.25 -6 32.6 -.25 -8.5 33 -.25 -8.5
3 70 32.6 -.25 8.5 32.2 -.25 8.5 32.4 -.25 -6
4 14 32.4 -.25 -6 32.2 -.25 8.5 32 -.25 -6 32.2 -.25 -8.5
3 14 32.4 -.25 -6 32.2 -.25 -8.5 32.6 -.25 -8.5
3 70 32.2 -.25 8.5 31.8 -.25 8.5 32 -.25 -6
4 14 32 -.25 -6 31.8 -.25 8.5 31.6 -.25 -6 31.8 -.25 -8.5
3 14 32 -.25 -6 31.8 -.25 -8.5 32.2 -.25 -8.5
3 70 31.8 -.25 8.5 31.4 -.25 8.5 31.6 -.25 -6
4 14 31.6 -.25 -6 31.4 -.25 8.5 31.2 -.25 -6 31.4 -.25 -8.5
3 14 31.6 -.25 -6 31.4 -.25 -8.5 31.8 -.25 -8.5
3 70 31.4 -.25 8.5 31 -.25 8.5 31.2 -.25 -6
4 14 30.8 -.25 -6 31 -.25 -8.5 31.2 -.25 -6 31 -.25 8.5
3 14 31.2 -.25 -6 31 -.25 -8.5 31.4 -.25 -8.5
3 70 31 -.25 8.5 30.6 -.25 8.5 30.8 -.25 -6
4 14 30.8 -.25 -6 30.6 -.25 8.5 30.4 -.25 -6 30.6 -.25 -8.5
3 14 30.8 -.25 -6 30.6 -.25 -8.5 31 -.25 -8.5
3 70 30.6 -.25 8.5 30.2 -.25 8.5 30.4 -.25 -6
4 14 30.4 -.25 -6 30.2 -.25 8.5 30 -.25 -6 30.2 -.25 -8.5
3 14 30.4 -.25 -6 30.2 -.25 -8.5 30.6 -.25 -8.5
3 70 30.2 -.25 8.5 29.8 -.25 8.5 30 -.25 -6
4 14 30 -.25 -6 29.8 -.25 8.5 29.6 -.25 -6 29.8 -.25 -8.5
3 14 30 -.25 -6 29.8 -.25 -8.5 30.2 -.25 -8.5
3 70 29.8 -.25 8.5 29.4 -.25 8.5 29.6 -.25 -6
4 14 29.2 -.25 -6 29.4 -.25 -8.5 29.6 -.25 -6 29.4 -.25 8.5
3 14 29.6 -.25 -6 29.4 -.25 -8.5 29.8 -.25 -8.5
3 70 29.4 -.25 8.5 29 -.25 8.5 29.2 -.25 -6
4 14 29.2 -.25 -6 29 -.25 8.5 28.8 -.25 -6 29 -.25 -8.5
3 14 29.2 -.25 -6 29 -.25 -8.5 29.4 -.25 -8.5
3 70 29 -.25 8.5 28.6 -.25 8.5 28.8 -.25 -6
4 14 28.8 -.25 -6 28.6 -.25 8.5 28.4 -.25 -6 28.6 -.25 -8.5
3 14 28.8 -.25 -6 28.6 -.25 -8.5 29 -.25 -8.5
3 70 28.6 -.25 8.5 28.2 -.25 8.5 28.4 -.25 -6
4 14 28.4 -.25 -6 28.2 -.25 8.5 28 -.25 -6 28.2 -.25 -8.5
3 14 28.4 -.25 -6 28.2 -.25 -8.5 28.6 -.25 -8.5
3 70 28.2 -.25 8.5 27.8 -.25 8.5 28 -.25 -6
4 14 27.6 -.25 -6 27.8 -.25 -8.5 28 -.25 -6 27.8 -.25 8.5
3 14 28 -.25 -6 27.8 -.25 -8.5 28.2 -.25 -8.5
3 70 27.8 -.25 8.5 27.4 -.25 8.5 27.6 -.25 -6
4 14 27.6 -.25 -6 27.4 -.25 8.5 27.2 -.25 -6 27.4 -.25 -8.5
3 14 27.6 -.25 -6 27.4 -.25 -8.5 27.8 -.25 -8.5
3 70 27.4 -.25 8.5 27 -.25 8.5 27.2 -.25 -6
4 14 27.2 -.25 -6 27 -.25 8.5 26.8 -.25 -6 27 -.25 -8.5
3 14 27.2 -.25 -6 27 -.25 -8.5 27.4 -.25 -8.5
3 70 27 -.25 8.5 26.6 -.25 8.5 26.8 -.25 -6
4 14 26.8 -.25 -6 26.6 -.25 8.5 26.4 -.25 -6 26.6 -.25 -8.5
3 14 26.8 -.25 -6 26.6 -.25 -8.5 27 -.25 -8.5
3 70 26.6 -.25 8.5 26.2 -.25 8.5 26.4 -.25 -6
4 14 26 -.25 -6 26.2 -.25 -8.5 26.4 -.25 -6 26.2 -.25 8.5
3 14 26.4 -.25 -6 26.2 -.25 -8.5 26.6 -.25 -8.5
3 70 26.2 -.25 8.5 25.8 -.25 8.5 26 -.25 -6
4 14 26 -.25 -6 25.8 -.25 8.5 25.6 -.25 -6 25.8 -.25 -8.5
3 14 26 -.25 -6 25.8 -.25 -8.5 26.2 -.25 -8.5
3 70 25.8 -.25 8.5 25.4 -.25 8.5 25.6 -.25 -6
4 14 25.6 -.25 -6 25.4 -.25 8.5 25.2 -.25 -6 25.4 -.25 -8.5
3 14 25.6 -.25 -6 25.4 -.25 -8.5 25.8 -.25 -8.5
3 70 25.4 -.25 8.5 25 -.25 8.5 25.2 -.25 -6
4 14 25.2 -.25 -6 25 -.25 8.5 24.8 -.25 -6 25 -.25 -8.5
3 14 25.2 -.25 -6 25 -.25 -8.5 25.4 -.25 -8.5
3 70 25 -.25 8.5 24.6 -.25 8.5 24.8 -.25 -6
4 14 24.4 -.25 -6 24.6 -.25 -8.5 24.8 -.25 -6 24.6 -.25 8.5
3 14 24.8 -.25 -6 24.6 -.25 -8.5 25 -.25 -8.5
3 70 24.6 -.25 8.5 24.2 -.25 8.5 24.4 -.25 -6
4 14 24.4 -.25 -6 24.2 -.25 8.5 24 -.25 -6 24.2 -.25 -8.5
3 14 24.4 -.25 -6 24.2 -.25 -8.5 24.6 -.25 -8.5
3 70 24.2 -.25 8.5 23.8 -.25 8.5 24 -.25 -6
4 14 24 -.25 -6 23.8 -.25 8.5 23.6 -.25 -6 23.8 -.25 -8.5
3 14 24 -.25 -6 23.8 -.25 -8.5 24.2 -.25 -8.5
3 70 23.8 -.25 8.5 23.4 -.25 8.5 23.6 -.25 -6
4 14 23.6 -.25 -6 23.4 -.25 8.5 23.2 -.25 -6 23.4 -.25 -8.5
3 14 23.6 -.25 -6 23.4 -.25 -8.5 23.8 -.25 -8.5
3 70 23.4 -.25 8.5 23 -.25 8.5 23.2 -.25 -6
4 14 22.8 -.25 -6 23 -.25 -8.5 23.2 -.25 -6 23 -.25 8.5
3 14 23.2 -.25 -6 23 -.25 -8.5 23.4 -.25 -8.5
3 70 23 -.25 8.5 22.6 -.25 8.5 22.8 -.25 -6
4 14 22.8 -.25 -6 22.6 -.25 8.5 22.4 -.25 -6 22.6 -.25 -8.5
3 14 22.8 -.25 -6 22.6 -.25 -8.5 23 -.25 -8.5
3 70 22.6 -.25 8.5 22.2 -.25 8.5 22.4 -.25 -6
4 14 22.4 -.25 -6 22.2 -.25 8.5 22 -.25 -6 22.2 -.25 -8.5
3 14 22.4 -.25 -6 22.2 -.25 -8.5 22.6 -.25 -8.5
3 70 22.2 -.25 8.5 21.8 -.25 8.5 22 -.25 -6
4 14 22 -.25 -6 21.8 -.25 8.5 21.6 -.25 -6 21.8 -.25 -8.5
3 14 22 -.25 -6 21.8 -.25 -8.5 22.2 -.25 -8.5
3 70 21.8 -.25 8.5 21.4 -.25 8.5 21.6 -.25 -6
4 14 21.2 -.25 -6 21.4 -.25 -8.5 21.6 -.25 -6 21.4 -.25 8.5
3 14 21.6 -.25 -6 21.4 -.25 -8.5 21.8 -.25 -8.5
3 70 21.4 -.25 8.5 21 -.25 8.5 21.2 -.25 -6
4 14 21.2 -.25 -6 21 -.25 8.5 20.8 -.25 -6 21 -.25 -8.5
3 14 21.2 -.25 -6 21 -.25 -8.5 21.4 -.25 -8.5
3 70 21 -.25 8.5 20.6 -.25 8.5 20.8 -.25 -6
4 14 20.8 -.25 -6 20.6 -.25 8.5 20.4 -.25 -6 20.6 -.25 -8.5
3 14 20.8 -.25 -6 20.6 -.25 -8.5 21 -.25 -8.5
3 70 20.6 -.25 8.5 20.2 -.25 8.5 20.4 -.25 -6
4 14 20.4 -.25 -6 20.2 -.25 8.5 20 -.25 -6 20.2 -.25 -8.5
3 14 20.4 -.25 -6 20.2 -.25 -8.5 20.6 -.25 -8.5
3 70 20.2 -.25 8.5 19.8 -.25 8.5 20 -.25 -6
3 14 19.8 -.25 8.5 19.8 -.25 -8.5 20 -.25 -6
3 14 20 -.25 -6 19.8 -.25 -8.5 20.2 -.25 -8.5
3 70 17 -.25 8.5 16.6 -.25 8.5 16.8 -.25 -6
3 14 17 -.25 8.5 16.8 -.25 -6 17 -.25 -8.5
4 14 16.8 -.25 -6 16.6 -.25 8.5 16.4 -.25 -6 16.6 -.25 -8.5
3 14 16.8 -.25 -6 16.6 -.25 -8.5 17 -.25 -8.5
3 70 16.6 -.25 8.5 16.2 -.25 8.5 16.4 -.25 -6
4 14 16.4 -.25 -6 16.2 -.25 8.5 16 -.25 -6 16.2 -.25 -8.5
3 14 16.4 -.25 -6 16.2 -.25 -8.5 16.6 -.25 -8.5
3 70 16.2 -.25 8.5 15.8 -.25 8.5 16 -.25 -6
4 14 16 -.25 -6 15.8 -.25 8.5 15.6 -.25 -6 15.8 -.25 -8.5
3 14 16 -.25 -6 15.8 -.25 -8.5 16.2 -.25 -8.5
3 70 15.8 -.25 8.5 15.4 -.25 8.5 15.6 -.25 -6
4 14 15.2 -.25 -6 15.4 -.25 -8.5 15.6 -.25 -6 15.4 -.25 8.5
3 14 15.6 -.25 -6 15.4 -.25 -8.5 15.8 -.25 -8.5
3 70 15.4 -.25 8.5 15 -.25 8.5 15.2 -.25 -6
4 14 15.2 -.25 -6 15 -.25 8.5 14.8 -.25 -6 15 -.25 -8.5
3 14 15.2 -.25 -6 15 -.25 -8.5 15.4 -.25 -8.5
3 70 15 -.25 8.5 14.6 -.25 8.5 14.8 -.25 -6
4 14 14.8 -.25 -6 14.6 -.25 8.5 14.4 -.25 -6 14.6 -.25 -8.5
3 14 14.8 -.25 -6 14.6 -.25 -8.5 15 -.25 -8.5
3 70 14.6 -.25 8.5 14.2 -.25 8.5 14.4 -.25 -6
4 14 14.4 -.25 -6 14.2 -.25 8.5 14 -.25 -6 14.2 -.25 -8.5
3 14 14.4 -.25 -6 14.2 -.25 -8.5 14.6 -.25 -8.5
3 70 14.2 -.25 8.5 13.8 -.25 8.5 14 -.25 -6
4 14 13.6 -.25 -6 13.8 -.25 -8.5 14 -.25 -6 13.8 -.25 8.5
3 14 14 -.25 -6 13.8 -.25 -8.5 14.2 -.25 -8.5
3 70 13.8 -.25 8.5 13.4 -.25 8.5 13.6 -.25 -6
4 14 13.6 -.25 -6 13.4 -.25 8.5 13.2 -.25 -6 13.4 -.25 -8.5
3 14 13.6 -.25 -6 13.4 -.25 -8.5 13.8 -.25 -8.5
3 70 13.4 -.25 8.5 13 -.25 8.5 13.2 -.25 -6
4 14 13.2 -.25 -6 13 -.25 8.5 12.8 -.25 -6 13 -.25 -8.5
3 14 13.2 -.25 -6 13 -.25 -8.5 13.4 -.25 -8.5
3 70 13 -.25 8.5 12.6 -.25 8.5 12.8 -.25 -6
4 14 12.8 -.25 -6 12.6 -.25 8.5 12.4 -.25 -6 12.6 -.25 -8.5
3 14 12.8 -.25 -6 12.6 -.25 -8.5 13 -.25 -8.5
3 70 12.6 -.25 8.5 12.2 -.25 8.5 12.4 -.25 -6
4 14 12 -.25 -6 12.2 -.25 -8.5 12.4 -.25 -6 12.2 -.25 8.5
3 14 12.4 -.25 -6 12.2 -.25 -8.5 12.6 -.25 -8.5
3 70 12.2 -.25 8.5 11.8 -.25 8.5 12 -.25 -6
4 14 12 -.25 -6 11.8 -.25 8.5 11.6 -.25 -6 11.8 -.25 -8.5
3 14 12 -.25 -6 11.8 -.25 -8.5 12.2 -.25 -8.5
3 70 11.8 -.25 8.5 11.4 -.25 8.5 11.6 -.25 -6
4 14 11.6 -.25 -6 11.4 -.25 8.5 11.2 -.25 -6 11.4 -.25 -8.5
3 14 11.6 -.25 -6 11.4 -.25 -8.5 11.8 -.25 -8.5
3 70 11.4 -.25 8.5 11 -.25 8.5 11.2 -.25 -6
4 14 11.2 -.25 -6 11 -.25 8.5 10.8 -.25 -6 11 -.25 -8.5
3 14 11.2 -.25 -6 11 -.25 -8.5 11.4 -.25 -8.5
3 70 11 -.25 8.5 10.6 -.25 8.5 10.8 -.25 -6
4 14 10.4 -.25 -6 10.6 -.25 -8.5 10.8 -.25 -6 10.6 -.25 8.5
3 14 10.8 -.25 -6 10.6 -.25 -8.5 11 -.25 -8.5
3 70 10.6 -.25 8.5 10.2 -.25 8.5 10.4 -.25 -6
4 14 10.4 -.25 -6 10.2 -.25 8.5 10 -.25 -6 10.2 -.25 -8.5
3 14 10.4 -.25 -6 10.2 -.25 -8.5 10.6 -.25 -8.5
3 70 10.2 -.25 8.5 9.8 -.25 8.5 10 -.25 -6
4 14 10 -.25 -6 9.8 -.25 8.5 9.6 -.25 -6 9.8 -.25 -8.5
3 14 10 -.25 -6 9.8 -.25 -8.5 10.2 -.25 -8.5
3 70 9.8 -.25 8.5 9.4 -.25 8.5 9.6 -.25 -6
4 14 9.6 -.25 -6 9.4 -.25 8.5 9.2 -.25 -6 9.4 -.25 -8.5
3 14 9.6 -.25 -6 9.4 -.25 -8.5 9.8 -.25 -8.5
3 70 9.4 -.25 8.5 9 -.25 8.5 9.2 -.25 -6
4 14 8.8 -.25 -6 9 -.25 -8.5 9.2 -.25 -6 9 -.25 8.5
3 14 9.2 -.25 -6 9 -.25 -8.5 9.4 -.25 -8.5
3 70 9 -.25 8.5 8.6 -.25 8.5 8.8 -.25 -6
4 14 8.8 -.25 -6 8.6 -.25 8.5 8.4 -.25 -6 8.6 -.25 -8.5
3 14 8.8 -.25 -6 8.6 -.25 -8.5 9 -.25 -8.5
3 70 8.6 -.25 8.5 8.2 -.25 8.5 8.4 -.25 -6
4 14 8.4 -.25 -6 8.2 -.25 8.5 8 -.25 -6 8.2 -.25 -8.5
3 14 8.4 -.25 -6 8.2 -.25 -8.5 8.6 -.25 -8.5
3 70 8.2 -.25 8.5 7.8 -.25 8.5 8 -.25 -6
4 14 8 -.25 -6 7.8 -.25 8.5 7.6 -.25 -6 7.8 -.25 -8.5
3 14 8 -.25 -6 7.8 -.25 -8.5 8.2 -.25 -8.5
3 70 7.8 -.25 8.5 7.4 -.25 8.5 7.6 -.25 -6
4 14 7.2 -.25 -6 7.4 -.25 -8.5 7.6 -.25 -6 7.4 -.25 8.5
3 14 7.6 -.25 -6 7.4 -.25 -8.5 7.8 -.25 -8.5
3 70 7.4 -.25 8.5 7 -.25 8.5 7.2 -.25 -6
4 14 7.2 -.25 -6 7 -.25 8.5 6.8 -.25 -6 7 -.25 -8.5
3 14 7.2 -.25 -6 7 -.25 -8.5 7.4 -.25 -8.5
3 70 7 -.25 8.5 6.6 -.25 8.5 6.8 -.25 -6
4 14 6.8 -.25 -6 6.6 -.25 8.5 6.4 -.25 -6 6.6 -.25 -8.5
3 14 6.8 -.25 -6 6.6 -.25 -8.5 7 -.25 -8.5
3 70 6.6 -.25 8.5 6.2 -.25 8.5 6.4 -.25 -6
4 14 6.4 -.25 -6 6.2 -.25 8.5 6 -.25 -6 6.2 -.25 -8.5
3 14 6.4 -.25 -6 6.2 -.25 -8.5 6.6 -.25 -8.5
3 70 6.2 -.25 8.5 5.8 -.25 8.5 6 -.25 -6
4 14 5.6 -.25 -6 5.8 -.25 -8.5 6 -.25 -6 5.8 -.25 8.5
3 14 6 -.25 -6 5.8 -.25 -8.5 6.2 -.25 -8.5
3 70 5.8 -.25 8.5 5.4 -.25 8.5 5.6 -.25 -6
4 14 5.6 -.25 -6 5.4 -.25 8.5 5.2 -.25 -6 5.4 -.25 -8.5
3 14 5.6 -.25 -6 5.4 -.25 -8.5 5.8 -.25 -8.5
3 70 5.4 -.25 8.5 5 -.25 8.5 5.2 -.25 -6
4 14 5.2 -.25 -6 5 -.25 8.5 4.8 -.25 -6 5 -.25 -8.5
3 14 5.2 -.25 -6 5 -.25 -8.5 5.4 -.25 -8.5
3 70 5 -.25 8.5 4.6 -.25 8.5 4.8 -.25 -6
4 14 4.8 -.25 -6 4.6 -.25 8.5 4.4 -.25 -6 4.6 -.25 -8.5
3 14 4.8 -.25 -6 4.6 -.25 -8.5 5 -.25 -8.5
3 70 4.6 -.25 8.5 4.2 -.25 8.5 4.4 -.25 -6
4 14 4 -.25 -6 4.2 -.25 -8.5 4.4 -.25 -6 4.2 -.25 8.5
3 14 4.4 -.25 -6 4.2 -.25 -8.5 4.6 -.25 -8.5
3 70 4.2 -.25 8.5 3.8 -.25 8.5 4 -.25 -6
4 14 4 -.25 -6 3.8 -.25 8.5 3.6 -.25 -6 3.8 -.25 -8.5
3 14 4 -.25 -6 3.8 -.25 -8.5 4.2 -.25 -8.5
3 70 3.8 -.25 8.5 3.4 -.25 8.5 3.6 -.25 -6
4 14 3.6 -.25 -6 3.4 -.25 8.5 3.2 -.25 -6 3.4 -.25 -8.5
3 14 3.6 -.25 -6 3.4 -.25 -8.5 3.8 -.25 -8.5
3 70 3.4 -.25 8.5 3 -.25 8.5 3.2 -.25 -6
4 14 3.2 -.25 -6 3 -.25 8.5 2.8 -.25 -6 3 -.25 -8.5
3 14 3.2 -.25 -6 3 -.25 -8.5 3.4 -.25 -8.5
3 70 3 -.25 8.5 2.6 -.25 8.5 2.8 -.25 -6
4 14 2.4 -.25 -6 2.6 -.25 -8.5 2.8 -.25 -6 2.6 -.25 8.5
3 14 2.8 -.25 -6 2.6 -.25 -8.5 3 -.25 -8.5
3 70 2.6 -.25 8.5 2.2 -.25 8.5 2.4 -.25 -6
4 14 2.4 -.25 -6 2.2 -.25 8.5 2 -.25 -6 2.2 -.25 -8.5
3 14 2.4 -.25 -6 2.2 -.25 -8.5 2.6 -.25 -8.5
3 70 2.2 -.25 8.5 1.8 -.25 8.5 2 -.25 -6
4 14 2 -.25 -6 1.8 -.25 8.5 1.6 -.25 -6 1.8 -.25 -8.5
3 14 2 -.25 -6 1.8 -.25 -8.5 2.2 -.25 -8.5
3 70 1.8 -.25 8.5 1.4 -.25 8.5 1.6 -.25 -6
3 14 1.4 -.25 8.5 1.4 -.25 -8.5 1.6 -.25 -6
3 14 1.6 -.25 -6 1.4 -.25 -8.5 1.8 -.25 -8.5
4 72 53.4 -.25 8.5 53.8 -.25 8.5 53.8 -.25 10 53.4 -.25 10
4 72 53 -.25 8.5 53.4 -.25 8.5 53.4 -.25 10 53 -.25 10
4 72 52.6 -.25 8.5 53 -.25 8.5 53 -.25 10 52.6 -.25 10
4 72 52.6 -.25 10 52.2 -.25 10 52.2 -.25 8.5 52.6 -.25 8.5
4 72 51.8 -.25 8.5 52.2 -.25 8.5 52.2 -.25 10 51.8 -.25 10
4 72 51.8 -.25 10 51.4 -.25 10 51.4 -.25 8.5 51.8 -.25 8.5
4 72 51 -.25 8.5 51.4 -.25 8.5 51.4 -.25 10 51 -.25 10
4 72 51 -.25 10 50.6 -.25 10 50.6 -.25 8.5 51 -.25 8.5
4 72 50.2 -.25 8.5 50.6 -.25 8.5 50.6 -.25 10 50.2 -.25 10
4 72 49.8 -.25 8.5 50.2 -.25 8.5 50.2 -.25 10 49.8 -.25 10
4 72 49.4 -.25 8.5 49.8 -.25 8.5 49.8 -.25 10 49.4 -.25 10
4 72 49.4 -.25 10 49 -.25 10 49 -.25 8.5 49.4 -.25 8.5
4 72 48.6 -.25 8.5 49 -.25 8.5 49 -.25 10 48.6 -.25 10
4 72 48.6 -.25 10 48.2 -.25 10 48.2 -.25 8.5 48.6 -.25 8.5
4 72 47.8 -.25 8.5 48.2 -.25 8.5 48.2 -.25 10 47.8 -.25 10
4 72 47.8 -.25 10 47.4 -.25 10 47.4 -.25 8.5 47.8 -.25 8.5
4 72 47 -.25 8.5 47.4 -.25 8.5 47.4 -.25 10 47 -.25 10
4 72 46.6 -.25 8.5 47 -.25 8.5 47 -.25 10 46.6 -.25 10
4 72 46.2 -.25 8.5 46.6 -.25 8.5 46.6 -.25 10 46.2 -.25 10
4 72 46.2 -.25 10 45.8 -.25 10 45.8 -.25 8.5 46.2 -.25 8.5
4 72 45.4 -.25 8.5 45.8 -.25 8.5 45.8 -.25 10 45.4 -.25 10
4 72 45.4 -.25 10 45 -.25 10 45 -.25 8.5 45.4 -.25 8.5
4 72 44.6 -.25 8.5 45 -.25 8.5 45 -.25 10 44.6 -.25 10
4 72 44.6 -.25 10 44.2 -.25 10 44.2 -.25 8.5 44.6 -.25 8.5
4 72 43.8 -.25 8.5 44.2 -.25 8.5 44.2 -.25 10 43.8 -.25 10
4 72 43.4 -.25 8.5 43.8 -.25 8.5 43.8 -.25 10 43.4 -.25 10
4 72 43 -.25 8.5 43.4 -.25 8.5 43.4 -.25 10 43 -.25 10
4 72 43 -.25 10 42.6 -.25 10 42.6 -.25 8.5 43 -.25 8.5
4 72 42.2 -.25 8.5 42.6 -.25 8.5 42.6 -.25 10 42.2 -.25 10
4 72 42.2 -.25 10 41.8 -.25 10 41.8 -.25 8.5 42.2 -.25 8.5
4 72 41.4 -.25 8.5 41.8 -.25 8.5 41.8 -.25 10 41.4 -.25 10
4 72 41.4 -.25 10 41 -.25 10 41 -.25 8.5 41.4 -.25 8.5
4 72 40.6 -.25 8.5 41 -.25 8.5 41 -.25 10 40.6 -.25 10
4 72 40.2 -.25 8.5 40.6 -.25 8.5 40.6 -.25 10 40.2 -.25 10
4 72 39.8 -.25 8.5 40.2 -.25 8.5 40.2 -.25 10 39.8 -.25 10
4 72 39.8 -.25 10 39.4 -.25 10 39.4 -.25 8.5 39.8 -.25 8.5
4 72 39 -.25 8.5 39.4 -.25 8.5 39.4 -.25 10 39 -.25 10
4 72 39 -.25 10 38.6 -.25 10 38.6 -.25 8.5 39 -.25 8.5
4 72 38.2 -.25 8.5 38.6 -.25 8.5 38.6 -.25 10 38.2 -.25 10
4 72 53.8 -.25 -8.5 53.4 -.25 -8.5 53.4 -.25 -10 53.8 -.25 -10
4 72 53 -.25 -10 53.4 -.25 -10 53.4 -.25 -8.5 53 -.25 -8.5
4 72 52.6 -.25 -10 53 -.25 -10 53 -.25 -8.5 52.6 -.25 -8.5
4 72 52.2 -.25 -10 52.6 -.25 -10 52.6 -.25 -8.5 52.2 -.25 -8.5
4 72 52.2 -.25 -8.5 51.8 -.25 -8.5 51.8 -.25 -10 52.2 -.25 -10
4 72 51.4 -.25 -10 51.8 -.25 -10 51.8 -.25 -8.5 51.4 -.25 -8.5
4 72 51.4 -.25 -8.5 51 -.25 -8.5 51 -.25 -10 51.4 -.25 -10
4 72 50.6 -.25 -10 51 -.25 -10 51 -.25 -8.5 50.6 -.25 -8.5
4 72 50.6 -.25 -8.5 50.2 -.25 -8.5 50.2 -.25 -10 50.6 -.25 -10
4 72 49.8 -.25 -10 50.2 -.25 -10 50.2 -.25 -8.5 49.8 -.25 -8.5
4 72 49.4 -.25 -10 49.8 -.25 -10 49.8 -.25 -8.5 49.4 -.25 -8.5
4 72 49 -.25 -10 49.4 -.25 -10 49.4 -.25 -8.5 49 -.25 -8.5
4 72 49 -.25 -8.5 48.6 -.25 -8.5 48.6 -.25 -10 49 -.25 -10
4 72 48.2 -.25 -10 48.6 -.25 -10 48.6 -.25 -8.5 48.2 -.25 -8.5
4 72 48.2 -.25 -8.5 47.8 -.25 -8.5 47.8 -.25 -10 48.2 -.25 -10
4 72 47.4 -.25 -10 47.8 -.25 -10 47.8 -.25 -8.5 47.4 -.25 -8.5
4 72 47.4 -.25 -8.5 47 -.25 -8.5 47 -.25 -10 47.4 -.25 -10
4 72 46.6 -.25 -10 47 -.25 -10 47 -.25 -8.5 46.6 -.25 -8.5
4 72 46.2 -.25 -10 46.6 -.25 -10 46.6 -.25 -8.5 46.2 -.25 -8.5
4 72 45.8 -.25 -10 46.2 -.25 -10 46.2 -.25 -8.5 45.8 -.25 -8.5
4 72 45.8 -.25 -8.5 45.4 -.25 -8.5 45.4 -.25 -10 45.8 -.25 -10
4 72 45 -.25 -10 45.4 -.25 -10 45.4 -.25 -8.5 45 -.25 -8.5
4 72 45 -.25 -8.5 44.6 -.25 -8.5 44.6 -.25 -10 45 -.25 -10
4 72 44.2 -.25 -10 44.6 -.25 -10 44.6 -.25 -8.5 44.2 -.25 -8.5
4 72 44.2 -.25 -8.5 43.8 -.25 -8.5 43.8 -.25 -10 44.2 -.25 -10
4 72 43.4 -.25 -10 43.8 -.25 -10 43.8 -.25 -8.5 43.4 -.25 -8.5
4 72 43 -.25 -10 43.4 -.25 -10 43.4 -.25 -8.5 43 -.25 -8.5
4 72 42.6 -.25 -10 43 -.25 -10 43 -.25 -8.5 42.6 -.25 -8.5
4 72 42.6 -.25 -8.5 42.2 -.25 -8.5 42.2 -.25 -10 42.6 -.25 -10
4 72 41.8 -.25 -10 42.2 -.25 -10 42.2 -.25 -8.5 41.8 -.25 -8.5
4 72 41.8 -.25 -8.5 41.4 -.25 -8.5 41.4 -.25 -10 41.8 -.25 -10
4 72 41 -.25 -10 41.4 -.25 -10 41.4 -.25 -8.5 41 -.25 -8.5
4 72 41 -.25 -8.5 40.6 -.25 -8.5 40.6 -.25 -10 41 -.25 -10
4 72 40.2 -.25 -10 40.6 -.25 -10 40.6 -.25 -8.5 40.2 -.25 -8.5
4 72 39.8 -.25 -10 40.2 -.25 -10 40.2 -.25 -8.5 39.8 -.25 -8.5
4 72 39.4 -.25 -10 39.8 -.25 -10 39.8 -.25 -8.5 39.4 -.25 -8.5
4 72 39.4 -.25 -8.5 39 -.25 -8.5 39 -.25 -10 39.4 -.25 -10
4 72 38.6 -.25 -10 39 -.25 -10 39 -.25 -8.5 38.6 -.25 -8.5
4 72 38.6 -.25 -8.5 38.2 -.25 -8.5 38.2 -.25 -10 38.6 -.25 -10
4 72 35 -.25 -10 35.4 -.25 -10 35.4 -.25 -8.5 35 -.25 -8.5
4 72 35 -.25 -8.5 34.6 -.25 -8.5 34.6 -.25 -10 35 -.25 -10
4 72 34.2 -.25 -10 34.6 -.25 -10 34.6 -.25 -8.5 34.2 -.25 -8.5
4 72 33.8 -.25 -10 34.2 -.25 -10 34.2 -.25 -8.5 33.8 -.25 -8.5
4 72 33.4 -.25 -10 33.8 -.25 -10 33.8 -.25 -8.5 33.4 -.25 -8.5
4 72 33.4 -.25 -8.5 33 -.25 -8.5 33 -.25 -10 33.4 -.25 -10
4 72 32.6 -.25 -10 33 -.25 -10 33 -.25 -8.5 32.6 -.25 -8.5
4 72 32.6 -.25 -8.5 32.2 -.25 -8.5 32.2 -.25 -10 32.6 -.25 -10
4 72 31.8 -.25 -10 32.2 -.25 -10 32.2 -.25 -8.5 31.8 -.25 -8.5
4 72 31.8 -.25 -8.5 31.4 -.25 -8.5 31.4 -.25 -10 31.8 -.25 -10
4 72 31 -.25 -10 31.4 -.25 -10 31.4 -.25 -8.5 31 -.25 -8.5
4 72 30.6 -.25 -10 31 -.25 -10 31 -.25 -8.5 30.6 -.25 -8.5
4 72 30.2 -.25 -10 30.6 -.25 -10 30.6 -.25 -8.5 30.2 -.25 -8.5
4 72 30.2 -.25 -8.5 29.8 -.25 -8.5 29.8 -.25 -10 30.2 -.25 -10
4 72 29.4 -.25 -10 29.8 -.25 -10 29.8 -.25 -8.5 29.4 -.25 -8.5
4 72 29.4 -.25 -8.5 29 -.25 -8.5 29 -.25 -10 29.4 -.25 -10
4 72 28.6 -.25 -10 29 -.25 -10 29 -.25 -8.5 28.6 -.25 -8.5
4 72 28.6 -.25 -8.5 28.2 -.25 -8.5 28.2 -.25 -10 28.6 -.25 -10
4 72 27.8 -.25 -10 28.2 -.25 -10 28.2 -.25 -8.5 27.8 -.25 -8.5
4 72 27.4 -.25 -10 27.8 -.25 -10 27.8 -.25 -8.5 27.4 -.25 -8.5
4 72 27 -.25 -10 27.4 -.25 -10 27.4 -.25 -8.5 27 -.25 -8.5
4 72 27 -.25 -8.5 26.6 -.25 -8.5 26.6 -.25 -10 27 -.25 -10
4 72 26.2 -.25 -10 26.6 -.25 -10 26.6 -.25 -8.5 26.2 -.25 -8.5
4 72 26.2 -.25 -8.5 25.8 -.25 -8.5 25.8 -.25 -10 26.2 -.25 -10
4 72 25.4 -.25 -10 25.8 -.25 -10 25.8 -.25 -8.5 25.4 -.25 -8.5
4 72 25.4 -.25 -8.5 25 -.25 -8.5 25 -.25 -10 25.4 -.25 -10
4 72 24.6 -.25 -10 25 -.25 -10 25 -.25 -8.5 24.6 -.25 -8.5
4 72 24.2 -.25 -10 24.6 -.25 -10 24.6 -.25 -8.5 24.2 -.25 -8.5
4 72 23.8 -.25 -10 24.2 -.25 -10 24.2 -.25 -8.5 23.8 -.25 -8.5
4 72 23.8 -.25 -8.5 23.4 -.25 -8.5 23.4 -.25 -10 23.8 -.25 -10
4 72 23 -.25 -10 23.4 -.25 -10 23.4 -.25 -8.5 23 -.25 -8.5
4 72 23 -.25 -8.5 22.6 -.25 -8.5 22.6 -.25 -10 23 -.25 -10
4 72 22.2 -.25 -10 22.6 -.25 -10 22.6 -.25 -8.5 22.2 -.25 -8.5
4 72 22.2 -.25 -8.5 21.8 -.25 -8.5 21.8 -.25 -10 22.2 -.25 -10
4 72 21.4 -.25 -10 21.8 -.25 -10 21.8 -.25 -8.5 21.4 -.25 -8.5
4 72 21 -.25 -10 21.4 -.25 -10 21.4 -.25 -8.5 21 -.25 -8.5
4 72 20.6 -.25 -10 21 -.25 -10 21 -.25 -8.5 20.6 -.25 -8.5
4 72 20.6 -.25 -8.5 20.2 -.25 -8.5 20.2 -.25 -10 20.6 -.25 -10
4 72 19.8 -.25 -10 20.2 -.25 -10 20.2 -.25 -8.5 19.8 -.25 -8.5
4 72 35.4 -.25 10 35 -.25 10 35 -.25 8.5 35.4 -.25 8.5
4 72 34.6 -.25 8.5 35 -.25 8.5 35 -.25 10 34.6 -.25 10
4 72 34.6 -.25 10 34.2 -.25 10 34.2 -.25 8.5 34.6 -.25 8.5
4 72 33.8 -.25 8.5 34.2 -.25 8.5 34.2 -.25 10 33.8 -.25 10
4 72 33.4 -.25 8.5 33.8 -.25 8.5 33.8 -.25 10 33.4 -.25 10
4 72 33 -.25 8.5 33.4 -.25 8.5 33.4 -.25 10 33 -.25 10
4 72 33 -.25 10 32.6 -.25 10 32.6 -.25 8.5 33 -.25 8.5
4 72 32.2 -.25 8.5 32.6 -.25 8.5 32.6 -.25 10 32.2 -.25 10
4 72 32.2 -.25 10 31.8 -.25 10 31.8 -.25 8.5 32.2 -.25 8.5
4 72 31.4 -.25 8.5 31.8 -.25 8.5 31.8 -.25 10 31.4 -.25 10
4 72 31.4 -.25 10 31 -.25 10 31 -.25 8.5 31.4 -.25 8.5
4 72 30.6 -.25 8.5 31 -.25 8.5 31 -.25 10 30.6 -.25 10
4 72 30.2 -.25 8.5 30.6 -.25 8.5 30.6 -.25 10 30.2 -.25 10
4 72 29.8 -.25 8.5 30.2 -.25 8.5 30.2 -.25 10 29.8 -.25 10
4 72 29.8 -.25 10 29.4 -.25 10 29.4 -.25 8.5 29.8 -.25 8.5
4 72 29 -.25 8.5 29.4 -.25 8.5 29.4 -.25 10 29 -.25 10
4 72 29 -.25 10 28.6 -.25 10 28.6 -.25 8.5 29 -.25 8.5
4 72 28.2 -.25 8.5 28.6 -.25 8.5 28.6 -.25 10 28.2 -.25 10
4 72 28.2 -.25 10 27.8 -.25 10 27.8 -.25 8.5 28.2 -.25 8.5
4 72 27.4 -.25 8.5 27.8 -.25 8.5 27.8 -.25 10 27.4 -.25 10
4 72 27 -.25 8.5 27.4 -.25 8.5 27.4 -.25 10 27 -.25 10
4 72 26.6 -.25 8.5 27 -.25 8.5 27 -.25 10 26.6 -.25 10
4 72 26.6 -.25 10 26.2 -.25 10 26.2 -.25 8.5 26.6 -.25 8.5
4 72 25.8 -.25 8.5 26.2 -.25 8.5 26.2 -.25 10 25.8 -.25 10
4 72 25.8 -.25 10 25.4 -.25 10 25.4 -.25 8.5 25.8 -.25 8.5
4 72 25 -.25 8.5 25.4 -.25 8.5 25.4 -.25 10 25 -.25 10
4 72 25 -.25 10 24.6 -.25 10 24.6 -.25 8.5 25 -.25 8.5
4 72 24.2 -.25 8.5 24.6 -.25 8.5 24.6 -.25 10 24.2 -.25 10
4 72 23.8 -.25 8.5 24.2 -.25 8.5 24.2 -.25 10 23.8 -.25 10
4 72 23.4 -.25 8.5 23.8 -.25 8.5 23.8 -.25 10 23.4 -.25 10
4 72 23.4 -.25 10 23 -.25 10 23 -.25 8.5 23.4 -.25 8.5
4 72 22.6 -.25 8.5 23 -.25 8.5 23 -.25 10 22.6 -.25 10
4 72 22.6 -.25 10 22.2 -.25 10 22.2 -.25 8.5 22.6 -.25 8.5
4 72 21.8 -.25 8.5 22.2 -.25 8.5 22.2 -.25 10 21.8 -.25 10
4 72 21.8 -.25 10 21.4 -.25 10 21.4 -.25 8.5 21.8 -.25 8.5
4 72 21 -.25 8.5 21.4 -.25 8.5 21.4 -.25 10 21 -.25 10
4 72 20.6 -.25 8.5 21 -.25 8.5 21 -.25 10 20.6 -.25 10
4 72 20.2 -.25 8.5 20.6 -.25 8.5 20.6 -.25 10 20.2 -.25 10
4 72 20.2 -.25 10 19.8 -.25 10 19.8 -.25 8.5 20.2 -.25 8.5
4 72 16.6 -.25 -10 17 -.25 -10 17 -.25 -8.5 16.6 -.25 -8.5
4 72 16.6 -.25 -8.5 16.2 -.25 -8.5 16.2 -.25 -10 16.6 -.25 -10
4 72 15.8 -.25 -10 16.2 -.25 -10 16.2 -.25 -8.5 15.8 -.25 -8.5
4 72 15.8 -.25 -8.5 15.4 -.25 -8.5 15.4 -.25 -10 15.8 -.25 -10
4 72 15 -.25 -10 15.4 -.25 -10 15.4 -.25 -8.5 15 -.25 -8.5
4 72 14.6 -.25 -10 15 -.25 -10 15 -.25 -8.5 14.6 -.25 -8.5
4 72 14.2 -.25 -10 14.6 -.25 -10 14.6 -.25 -8.5 14.2 -.25 -8.5
4 72 14.2 -.25 -8.5 13.8 -.25 -8.5 13.8 -.25 -10 14.2 -.25 -10
4 72 13.4 -.25 -10 13.8 -.25 -10 13.8 -.25 -8.5 13.4 -.25 -8.5
4 72 13.4 -.25 -8.5 13 -.25 -8.5 13 -.25 -10 13.4 -.25 -10
4 72 12.6 -.25 -10 13 -.25 -10 13 -.25 -8.5 12.6 -.25 -8.5
4 72 12.6 -.25 -8.5 12.2 -.25 -8.5 12.2 -.25 -10 12.6 -.25 -10
4 72 11.8 -.25 -10 12.2 -.25 -10 12.2 -.25 -8.5 11.8 -.25 -8.5
4 72 11.4 -.25 -10 11.8 -.25 -10 11.8 -.25 -8.5 11.4 -.25 -8.5
4 72 11 -.25 -10 11.4 -.25 -10 11.4 -.25 -8.5 11 -.25 -8.5
4 72 11 -.25 -8.5 10.6 -.25 -8.5 10.6 -.25 -10 11 -.25 -10
4 72 10.2 -.25 -10 10.6 -.25 -10 10.6 -.25 -8.5 10.2 -.25 -8.5
4 72 10.2 -.25 -8.5 9.8 -.25 -8.5 9.8 -.25 -10 10.2 -.25 -10
4 72 9.4 -.25 -10 9.8 -.25 -10 9.8 -.25 -8.5 9.4 -.25 -8.5
4 72 9.4 -.25 -8.5 9 -.25 -8.5 9 -.25 -10 9.4 -.25 -10
4 72 8.6 -.25 -10 9 -.25 -10 9 -.25 -8.5 8.6 -.25 -8.5
4 72 8.2 -.25 -10 8.6 -.25 -10 8.6 -.25 -8.5 8.2 -.25 -8.5
4 72 7.8 -.25 -10 8.2 -.25 -10 8.2 -.25 -8.5 7.8 -.25 -8.5
4 72 7.8 -.25 -8.5 7.4 -.25 -8.5 7.4 -.25 -10 7.8 -.25 -10
4 72 7 -.25 -10 7.4 -.25 -10 7.4 -.25 -8.5 7 -.25 -8.5
4 72 7 -.25 -8.5 6.6 -.25 -8.5 6.6 -.25 -10 7 -.25 -10
4 72 6.2 -.25 -10 6.6 -.25 -10 6.6 -.25 -8.5 6.2 -.25 -8.5
4 72 6.2 -.25 -8.5 5.8 -.25 -8.5 5.8 -.25 -10 6.2 -.25 -10
4 72 5.4 -.25 -10 5.8 -.25 -10 5.8 -.25 -8.5 5.4 -.25 -8.5
4 72 5 -.25 -10 5.4 -.25 -10 5.4 -.25 -8.5 5 -.25 -8.5
4 72 4.6 -.25 -10 5 -.25 -10 5 -.25 -8.5 4.6 -.25 -8.5
4 72 4.6 -.25 -8.5 4.2 -.25 -8.5 4.2 -.25 -10 4.6 -.25 -10
4 72 3.8 -.25 -10 4.2 -.25 -10 4.2 -.25 -8.5 3.8 -.25 -8.5
4 72 3.8 -.25 -8.5 3.4 -.25 -8.5 3.4 -.25 -10 3.8 -.25 -10
4 72 3 -.25 -10 3.4 -.25 -10 3.4 -.25 -8.5 3 -.25 -8.5
4 72 3 -.25 -8.5 2.6 -.25 -8.5 2.6 -.25 -10 3 -.25 -10
4 72 2.2 -.25 -10 2.6 -.25 -10 2.6 -.25 -8.5 2.2 -.25 -8.5
4 72 1.8 -.25 -10 2.2 -.25 -10 2.2 -.25 -8.5 1.8 -.25 -8.5
4 72 1.4 -.25 -10 1.8 -.25 -10 1.8 -.25 -8.5 1.4 -.25 -8.5
4 72 17 -.25 10 16.6 -.25 10 16.6 -.25 8.5 17 -.25 8.5
4 72 16.2 -.25 8.5 16.6 -.25 8.5 16.6 -.25 10 16.2 -.25 10
4 72 16.2 -.25 10 15.8 -.25 10 15.8 -.25 8.5 16.2 -.25 8.5
4 72 15.4 -.25 8.5 15.8 -.25 8.5 15.8 -.25 10 15.4 -.25 10
4 72 15.4 -.25 10 15 -.25 10 15 -.25 8.5 15.4 -.25 8.5
4 72 14.6 -.25 8.5 15 -.25 8.5 15 -.25 10 14.6 -.25 10
4 72 14.2 -.25 8.5 14.6 -.25 8.5 14.6 -.25 10 14.2 -.25 10
4 72 13.8 -.25 8.5 14.2 -.25 8.5 14.2 -.25 10 13.8 -.25 10
4 72 13.8 -.25 10 13.4 -.25 10 13.4 -.25 8.5 13.8 -.25 8.5
4 72 13 -.25 8.5 13.4 -.25 8.5 13.4 -.25 10 13 -.25 10
4 72 13 -.25 10 12.6 -.25 10 12.6 -.25 8.5 13 -.25 8.5
4 72 12.2 -.25 8.5 12.6 -.25 8.5 12.6 -.25 10 12.2 -.25 10
4 72 12.2 -.25 10 11.8 -.25 10 11.8 -.25 8.5 12.2 -.25 8.5
4 72 11.4 -.25 8.5 11.8 -.25 8.5 11.8 -.25 10 11.4 -.25 10
4 72 11 -.25 8.5 11.4 -.25 8.5 11.4 -.25 10 11 -.25 10
4 72 10.6 -.25 8.5 11 -.25 8.5 11 -.25 10 10.6 -.25 10
4 72 10.6 -.25 10 10.2 -.25 10 10.2 -.25 8.5 10.6 -.25 8.5
4 72 9.8 -.25 8.5 10.2 -.25 8.5 10.2 -.25 10 9.8 -.25 10
4 72 9.8 -.25 10 9.4 -.25 10 9.4 -.25 8.5 9.8 -.25 8.5
4 72 9 -.25 8.5 9.4 -.25 8.5 9.4 -.25 10 9 -.25 10
4 72 9 -.25 10 8.6 -.25 10 8.6 -.25 8.5 9 -.25 8.5
4 72 8.2 -.25 8.5 8.6 -.25 8.5 8.6 -.25 10 8.2 -.25 10
4 72 7.8 -.25 8.5 8.2 -.25 8.5 8.2 -.25 10 7.8 -.25 10
4 72 7.4 -.25 8.5 7.8 -.25 8.5 7.8 -.25 10 7.4 -.25 10
4 72 7.4 -.25 10 7 -.25 10 7 -.25 8.5 7.4 -.25 8.5
4 72 6.6 -.25 8.5 7 -.25 8.5 7 -.25 10 6.6 -.25 10
4 72 6.6 -.25 10 6.2 -.25 10 6.2 -.25 8.5 6.6 -.25 8.5
4 72 5.8 -.25 8.5 6.2 -.25 8.5 6.2 -.25 10 5.8 -.25 10
4 72 5.8 -.25 10 5.4 -.25 10 5.4 -.25 8.5 5.8 -.25 8.5
4 72 5 -.25 8.5 5.4 -.25 8.5 5.4 -.25 10 5 -.25 10
4 72 4.6 -.25 8.5 5 -.25 8.5 5 -.25 10 4.6 -.25 10
4 72 4.2 -.25 8.5 4.6 -.25 8.5 4.6 -.25 10 4.2 -.25 10
4 72 4.2 -.25 10 3.8 -.25 10 3.8 -.25 8.5 4.2 -.25 8.5
4 72 3.4 -.25 8.5 3.8 -.25 8.5 3.8 -.25 10 3.4 -.25 10
4 72 3.4 -.25 10 3 -.25 10 3 -.25 8.5 3.4 -.25 8.5
4 72 2.6 -.25 8.5 3 -.25 8.5 3 -.25 10 2.6 -.25 10
4 72 2.6 -.25 10 2.2 -.25 10 2.2 -.25 8.5 2.6 -.25 8.5
4 72 1.8 -.25 8.5 2.2 -.25 8.5 2.2 -.25 10 1.8 -.25 10
4 72 1.4 -.25 8.5 1.8 -.25 8.5 1.8 -.25 10 1.4 -.25 10
4 72 55.5 -.25 8.5 55.5 -.25 10 53.8 -.25 10 53.8 -.25 8.5
4 72 53.8 -.25 8.5 53.8 -.25 -8.5 55.5 -.25 -8.5 55.5 -.25 8.5
4 72 55.5 -.25 -10 55.5 -.25 -8.5 53.8 -.25 -8.5 53.8 -.25 -10
4 70 53.8 -.25 10 53.8 -.25 11.25 53.4 -.25 11.25 53.4 -.25 10
4 70 53 -.25 11.25 53 -.25 10 53.4 -.25 10 53.4 -.25 11.25
4 70 53 -.25 10 53 -.25 11.25 52.6 -.25 11.25 52.6 -.25 10
4 70 52.2 -.25 11.25 52.2 -.25 10 52.6 -.25 10 52.6 -.25 11.25
4 70 51.8 -.25 11.25 51.8 -.25 10 52.2 -.25 10 52.2 -.25 11.25
4 70 51.4 -.25 11.25 51.4 -.25 10 51.8 -.25 10 51.8 -.25 11.25
4 70 51.4 -.25 10 51.4 -.25 11.25 51 -.25 11.25 51 -.25 10
4 70 50.6 -.25 11.25 50.6 -.25 10 51 -.25 10 51 -.25 11.25
4 70 50.6 -.25 10 50.6 -.25 11.25 50.2 -.25 11.25 50.2 -.25 10
4 70 49.8 -.25 11.25 49.8 -.25 10 50.2 -.25 10 50.2 -.25 11.25
4 70 49.8 -.25 10 49.8 -.25 11.25 49.4 -.25 11.25 49.4 -.25 10
4 70 49 -.25 11.25 49 -.25 10 49.4 -.25 10 49.4 -.25 11.25
4 70 48.6 -.25 11.25 48.6 -.25 10 49 -.25 10 49 -.25 11.25
4 70 48.2 -.25 11.25 48.2 -.25 10 48.6 -.25 10 48.6 -.25 11.25
4 70 48.2 -.25 10 48.2 -.25 11.25 47.8 -.25 11.25 47.8 -.25 10
4 70 47.4 -.25 11.25 47.4 -.25 10 47.8 -.25 10 47.8 -.25 11.25
4 70 47.4 -.25 10 47.4 -.25 11.25 47 -.25 11.25 47 -.25 10
4 70 46.6 -.25 11.25 46.6 -.25 10 47 -.25 10 47 -.25 11.25
4 70 46.6 -.25 10 46.6 -.25 11.25 46.2 -.25 11.25 46.2 -.25 10
4 70 45.8 -.25 11.25 45.8 -.25 10 46.2 -.25 10 46.2 -.25 11.25
4 70 45.4 -.25 11.25 45.4 -.25 10 45.8 -.25 10 45.8 -.25 11.25
4 70 45 -.25 11.25 45 -.25 10 45.4 -.25 10 45.4 -.25 11.25
4 70 45 -.25 10 45 -.25 11.25 44.6 -.25 11.25 44.6 -.25 10
4 70 44.2 -.25 11.25 44.2 -.25 10 44.6 -.25 10 44.6 -.25 11.25
4 70 44.2 -.25 10 44.2 -.25 11.25 43.8 -.25 11.25 43.8 -.25 10
4 70 43.4 -.25 11.25 43.4 -.25 10 43.8 -.25 10 43.8 -.25 11.25
4 70 43.4 -.25 10 43.4 -.25 11.25 43 -.25 11.25 43 -.25 10
4 70 42.6 -.25 11.25 42.6 -.25 10 43 -.25 10 43 -.25 11.25
4 70 42.2 -.25 11.25 42.2 -.25 10 42.6 -.25 10 42.6 -.25 11.25
4 70 41.8 -.25 11.25 41.8 -.25 10 42.2 -.25 10 42.2 -.25 11.25
4 70 41.8 -.25 10 41.8 -.25 11.25 41.4 -.25 11.25 41.4 -.25 10
4 70 41 -.25 11.25 41 -.25 10 41.4 -.25 10 41.4 -.25 11.25
4 70 41 -.25 10 41 -.25 11.25 40.6 -.25 11.25 40.6 -.25 10
4 70 40.2 -.25 11.25 40.2 -.25 10 40.6 -.25 10 40.6 -.25 11.25
4 70 40.2 -.25 10 40.2 -.25 11.25 39.8 -.25 11.25 39.8 -.25 10
4 70 39.4 -.25 11.25 39.4 -.25 10 39.8 -.25 10 39.8 -.25 11.25
4 70 39 -.25 11.25 39 -.25 10 39.4 -.25 10 39.4 -.25 11.25
4 70 38.6 -.25 11.25 38.6 -.25 10 39 -.25 10 39 -.25 11.25
4 70 38.6 -.25 10 38.6 -.25 11.25 38.2 -.25 11.25 38.2 -.25 10
4 70 53.4 -.25 -11.25 53.8 -.25 -11.25 53.8 -.25 -10 53.4 -.25 -10
4 70 53.4 -.25 -10 53 -.25 -10 53 -.25 -11.25 53.4 -.25 -11.25
4 70 52.6 -.25 -11.25 53 -.25 -11.25 53 -.25 -10 52.6 -.25 -10
4 70 52.6 -.25 -10 52.2 -.25 -10 52.2 -.25 -11.25 52.6 -.25 -11.25
4 70 51.8 -.25 -11.25 52.2 -.25 -11.25 52.2 -.25 -10 51.8 -.25 -10
4 70 51.4 -.25 -11.25 51.8 -.25 -11.25 51.8 -.25 -10 51.4 -.25 -10
4 70 51 -.25 -11.25 51.4 -.25 -11.25 51.4 -.25 -10 51 -.25 -10
4 70 51 -.25 -10 50.6 -.25 -10 50.6 -.25 -11.25 51 -.25 -11.25
4 70 50.2 -.25 -11.25 50.6 -.25 -11.25 50.6 -.25 -10 50.2 -.25 -10
4 70 50.2 -.25 -10 49.8 -.25 -10 49.8 -.25 -11.25 50.2 -.25 -11.25
4 70 49.4 -.25 -11.25 49.8 -.25 -11.25 49.8 -.25 -10 49.4 -.25 -10
4 70 49.4 -.25 -10 49 -.25 -10 49 -.25 -11.25 49.4 -.25 -11.25
4 70 48.6 -.25 -11.25 49 -.25 -11.25 49 -.25 -10 48.6 -.25 -10
4 70 48.2 -.25 -11.25 48.6 -.25 -11.25 48.6 -.25 -10 48.2 -.25 -10
4 70 47.8 -.25 -11.25 48.2 -.25 -11.25 48.2 -.25 -10 47.8 -.25 -10
4 70 47.8 -.25 -10 47.4 -.25 -10 47.4 -.25 -11.25 47.8 -.25 -11.25
4 70 47 -.25 -11.25 47.4 -.25 -11.25 47.4 -.25 -10 47 -.25 -10
4 70 47 -.25 -10 46.6 -.25 -10 46.6 -.25 -11.25 47 -.25 -11.25
4 70 46.2 -.25 -11.25 46.6 -.25 -11.25 46.6 -.25 -10 46.2 -.25 -10
4 70 46.2 -.25 -10 45.8 -.25 -10 45.8 -.25 -11.25 46.2 -.25 -11.25
4 70 45.4 -.25 -11.25 45.8 -.25 -11.25 45.8 -.25 -10 45.4 -.25 -10
4 70 45 -.25 -11.25 45.4 -.25 -11.25 45.4 -.25 -10 45 -.25 -10
4 70 44.6 -.25 -11.25 45 -.25 -11.25 45 -.25 -10 44.6 -.25 -10
4 70 44.6 -.25 -10 44.2 -.25 -10 44.2 -.25 -11.25 44.6 -.25 -11.25
4 70 43.8 -.25 -11.25 44.2 -.25 -11.25 44.2 -.25 -10 43.8 -.25 -10
4 70 43.8 -.25 -10 43.4 -.25 -10 43.4 -.25 -11.25 43.8 -.25 -11.25
4 70 43 -.25 -11.25 43.4 -.25 -11.25 43.4 -.25 -10 43 -.25 -10
4 70 43 -.25 -10 42.6 -.25 -10 42.6 -.25 -11.25 43 -.25 -11.25
4 70 42.2 -.25 -11.25 42.6 -.25 -11.25 42.6 -.25 -10 42.2 -.25 -10
4 70 41.8 -.25 -11.25 42.2 -.25 -11.25 42.2 -.25 -10 41.8 -.25 -10
4 70 41.4 -.25 -11.25 41.8 -.25 -11.25 41.8 -.25 -10 41.4 -.25 -10
4 70 41.4 -.25 -10 41 -.25 -10 41 -.25 -11.25 41.4 -.25 -11.25
4 70 40.6 -.25 -11.25 41 -.25 -11.25 41 -.25 -10 40.6 -.25 -10
4 70 40.6 -.25 -10 40.2 -.25 -10 40.2 -.25 -11.25 40.6 -.25 -11.25
4 70 39.8 -.25 -11.25 40.2 -.25 -11.25 40.2 -.25 -10 39.8 -.25 -10
4 70 39.8 -.25 -10 39.4 -.25 -10 39.4 -.25 -11.25 39.8 -.25 -11.25
4 70 39 -.25 -11.25 39.4 -.25 -11.25 39.4 -.25 -10 39 -.25 -10
4 70 38.6 -.25 -11.25 39 -.25 -11.25 39 -.25 -10 38.6 -.25 -10
4 70 38.2 -.25 -11.25 38.6 -.25 -11.25 38.6 -.25 -10 38.2 -.25 -10
4 70 35.4 -.25 10 35.4 -.25 11.25 35 -.25 11.25 35 -.25 10
4 70 34.6 -.25 11.25 34.6 -.25 10 35 -.25 10 35 -.25 11.25
4 70 34.6 -.25 10 34.6 -.25 11.25 34.2 -.25 11.25 34.2 -.25 10
4 70 33.8 -.25 11.25 33.8 -.25 10 34.2 -.25 10 34.2 -.25 11.25
4 70 33.8 -.25 10 33.8 -.25 11.25 33.4 -.25 11.25 33.4 -.25 10
4 70 33 -.25 11.25 33 -.25 10 33.4 -.25 10 33.4 -.25 11.25
4 70 32.6 -.25 11.25 32.6 -.25 10 33 -.25 10 33 -.25 11.25
4 70 32.2 -.25 11.25 32.2 -.25 10 32.6 -.25 10 32.6 -.25 11.25
4 70 32.2 -.25 10 32.2 -.25 11.25 31.8 -.25 11.25 31.8 -.25 10
4 70 31.4 -.25 11.25 31.4 -.25 10 31.8 -.25 10 31.8 -.25 11.25
4 70 31.4 -.25 10 31.4 -.25 11.25 31 -.25 11.25 31 -.25 10
4 70 30.6 -.25 11.25 30.6 -.25 10 31 -.25 10 31 -.25 11.25
4 70 30.6 -.25 10 30.6 -.25 11.25 30.2 -.25 11.25 30.2 -.25 10
4 70 29.8 -.25 11.25 29.8 -.25 10 30.2 -.25 10 30.2 -.25 11.25
4 70 29.4 -.25 11.25 29.4 -.25 10 29.8 -.25 10 29.8 -.25 11.25
4 70 29 -.25 11.25 29 -.25 10 29.4 -.25 10 29.4 -.25 11.25
4 70 29 -.25 10 29 -.25 11.25 28.6 -.25 11.25 28.6 -.25 10
4 70 28.2 -.25 11.25 28.2 -.25 10 28.6 -.25 10 28.6 -.25 11.25
4 70 28.2 -.25 10 28.2 -.25 11.25 27.8 -.25 11.25 27.8 -.25 10
4 70 27.4 -.25 11.25 27.4 -.25 10 27.8 -.25 10 27.8 -.25 11.25
4 70 27.4 -.25 10 27.4 -.25 11.25 27 -.25 11.25 27 -.25 10
4 70 26.6 -.25 11.25 26.6 -.25 10 27 -.25 10 27 -.25 11.25
4 70 26.2 -.25 11.25 26.2 -.25 10 26.6 -.25 10 26.6 -.25 11.25
4 70 25.8 -.25 11.25 25.8 -.25 10 26.2 -.25 10 26.2 -.25 11.25
4 70 25.8 -.25 10 25.8 -.25 11.25 25.4 -.25 11.25 25.4 -.25 10
4 70 25 -.25 11.25 25 -.25 10 25.4 -.25 10 25.4 -.25 11.25
4 70 25 -.25 10 25 -.25 11.25 24.6 -.25 11.25 24.6 -.25 10
4 70 24.2 -.25 11.25 24.2 -.25 10 24.6 -.25 10 24.6 -.25 11.25
4 70 24.2 -.25 10 24.2 -.25 11.25 23.8 -.25 11.25 23.8 -.25 10
4 70 23.4 -.25 11.25 23.4 -.25 10 23.8 -.25 10 23.8 -.25 11.25
4 70 23 -.25 11.25 23 -.25 10 23.4 -.25 10 23.4 -.25 11.25
4 70 22.6 -.25 11.25 22.6 -.25 10 23 -.25 10 23 -.25 11.25
4 70 22.6 -.25 10 22.6 -.25 11.25 22.2 -.25 11.25 22.2 -.25 10
4 70 21.8 -.25 11.25 21.8 -.25 10 22.2 -.25 10 22.2 -.25 11.25
4 70 21.8 -.25 10 21.8 -.25 11.25 21.4 -.25 11.25 21.4 -.25 10
4 70 21 -.25 11.25 21 -.25 10 21.4 -.25 10 21.4 -.25 11.25
4 70 21 -.25 10 21 -.25 11.25 20.6 -.25 11.25 20.6 -.25 10
4 70 20.2 -.25 11.25 20.2 -.25 10 20.6 -.25 10 20.6 -.25 11.25
4 70 19.8 -.25 11.25 19.8 -.25 10 20.2 -.25 10 20.2 -.25 11.25
4 70 16.6 -.25 11.25 16.6 -.25 10 17 -.25 10 17 -.25 11.25
4 70 16.6 -.25 10 16.6 -.25 11.25 16.2 -.25 11.25 16.2 -.25 10
4 70 15.8 -.25 11.25 15.8 -.25 10 16.2 -.25 10 16.2 -.25 11.25
4 70 15.8 -.25 10 15.8 -.25 11.25 15.4 -.25 11.25 15.4 -.25 10
4 70 15 -.25 11.25 15 -.25 10 15.4 -.25 10 15.4 -.25 11.25
4 70 15 -.25 10 15 -.25 11.25 14.6 -.25 11.25 14.6 -.25 10
4 70 14.2 -.25 11.25 14.2 -.25 10 14.6 -.25 10 14.6 -.25 11.25
4 70 13.8 -.25 11.25 13.8 -.25 10 14.2 -.25 10 14.2 -.25 11.25
4 70 13.4 -.25 11.25 13.4 -.25 10 13.8 -.25 10 13.8 -.25 11.25
4 70 13.4 -.25 10 13.4 -.25 11.25 13 -.25 11.25 13 -.25 10
4 70 12.6 -.25 11.25 12.6 -.25 10 13 -.25 10 13 -.25 11.25
4 70 12.6 -.25 10 12.6 -.25 11.25 12.2 -.25 11.25 12.2 -.25 10
4 70 11.8 -.25 11.25 11.8 -.25 10 12.2 -.25 10 12.2 -.25 11.25
4 70 11.8 -.25 10 11.8 -.25 11.25 11.4 -.25 11.25 11.4 -.25 10
4 70 11 -.25 11.25 11 -.25 10 11.4 -.25 10 11.4 -.25 11.25
4 70 10.6 -.25 11.25 10.6 -.25 10 11 -.25 10 11 -.25 11.25
4 70 10.2 -.25 11.25 10.2 -.25 10 10.6 -.25 10 10.6 -.25 11.25
4 70 10.2 -.25 10 10.2 -.25 11.25 9.8 -.25 11.25 9.8 -.25 10
4 70 9.4 -.25 11.25 9.4 -.25 10 9.8 -.25 10 9.8 -.25 11.25
4 70 9.4 -.25 10 9.4 -.25 11.25 9 -.25 11.25 9 -.25 10
4 70 8.6 -.25 11.25 8.6 -.25 10 9 -.25 10 9 -.25 11.25
4 70 8.6 -.25 10 8.6 -.25 11.25 8.2 -.25 11.25 8.2 -.25 10
4 70 7.8 -.25 11.25 7.8 -.25 10 8.2 -.25 10 8.2 -.25 11.25
4 70 7.4 -.25 11.25 7.4 -.25 10 7.8 -.25 10 7.8 -.25 11.25
4 70 7 -.25 11.25 7 -.25 10 7.4 -.25 10 7.4 -.25 11.25
4 70 7 -.25 10 7 -.25 11.25 6.6 -.25 11.25 6.6 -.25 10
4 70 6.2 -.25 11.25 6.2 -.25 10 6.6 -.25 10 6.6 -.25 11.25
4 70 6.2 -.25 10 6.2 -.25 11.25 5.8 -.25 11.25 5.8 -.25 10
4 70 5.4 -.25 11.25 5.4 -.25 10 5.8 -.25 10 5.8 -.25 11.25
4 70 5.4 -.25 10 5.4 -.25 11.25 5 -.25 11.25 5 -.25 10
4 70 4.6 -.25 11.25 4.6 -.25 10 5 -.25 10 5 -.25 11.25
4 70 4.2 -.25 11.25 4.2 -.25 10 4.6 -.25 10 4.6 -.25 11.25
4 70 3.8 -.25 11.25 3.8 -.25 10 4.2 -.25 10 4.2 -.25 11.25
4 70 3.8 -.25 10 3.8 -.25 11.25 3.4 -.25 11.25 3.4 -.25 10
4 70 3 -.25 11.25 3 -.25 10 3.4 -.25 10 3.4 -.25 11.25
4 70 3 -.25 10 3 -.25 11.25 2.6 -.25 11.25 2.6 -.25 10
4 70 2.2 -.25 11.25 2.2 -.25 10 2.6 -.25 10 2.6 -.25 11.25
4 70 2.2 -.25 10 2.2 -.25 11.25 1.8 -.25 11.25 1.8 -.25 10
4 70 1.4 -.25 11.25 1.4 -.25 10 1.8 -.25 10 1.8 -.25 11.25
4 70 35 -.25 -11.25 35.4 -.25 -11.25 35.4 -.25 -10 35 -.25 -10
4 70 34.6 -.25 -11.25 35 -.25 -11.25 35 -.25 -10 34.6 -.25 -10
4 70 34.6 -.25 -10 34.2 -.25 -10 34.2 -.25 -11.25 34.6 -.25 -11.25
4 70 33.8 -.25 -11.25 34.2 -.25 -11.25 34.2 -.25 -10 33.8 -.25 -10
4 70 33.8 -.25 -10 33.4 -.25 -10 33.4 -.25 -11.25 33.8 -.25 -11.25
4 70 33 -.25 -11.25 33.4 -.25 -11.25 33.4 -.25 -10 33 -.25 -10
4 70 33 -.25 -10 32.6 -.25 -10 32.6 -.25 -11.25 33 -.25 -11.25
4 70 32.2 -.25 -11.25 32.6 -.25 -11.25 32.6 -.25 -10 32.2 -.25 -10
4 70 31.8 -.25 -11.25 32.2 -.25 -11.25 32.2 -.25 -10 31.8 -.25 -10
4 70 31.4 -.25 -11.25 31.8 -.25 -11.25 31.8 -.25 -10 31.4 -.25 -10
4 70 31.4 -.25 -10 31 -.25 -10 31 -.25 -11.25 31.4 -.25 -11.25
4 70 30.6 -.25 -11.25 31 -.25 -11.25 31 -.25 -10 30.6 -.25 -10
4 70 30.6 -.25 -10 30.2 -.25 -10 30.2 -.25 -11.25 30.6 -.25 -11.25
4 70 29.8 -.25 -11.25 30.2 -.25 -11.25 30.2 -.25 -10 29.8 -.25 -10
4 70 29.8 -.25 -10 29.4 -.25 -10 29.4 -.25 -11.25 29.8 -.25 -11.25
4 70 29 -.25 -11.25 29.4 -.25 -11.25 29.4 -.25 -10 29 -.25 -10
4 70 28.6 -.25 -11.25 29 -.25 -11.25 29 -.25 -10 28.6 -.25 -10
4 70 28.2 -.25 -11.25 28.6 -.25 -11.25 28.6 -.25 -10 28.2 -.25 -10
4 70 28.2 -.25 -10 27.8 -.25 -10 27.8 -.25 -11.25 28.2 -.25 -11.25
4 70 27.4 -.25 -11.25 27.8 -.25 -11.25 27.8 -.25 -10 27.4 -.25 -10
4 70 27.4 -.25 -10 27 -.25 -10 27 -.25 -11.25 27.4 -.25 -11.25
4 70 26.6 -.25 -11.25 27 -.25 -11.25 27 -.25 -10 26.6 -.25 -10
4 70 26.6 -.25 -10 26.2 -.25 -10 26.2 -.25 -11.25 26.6 -.25 -11.25
4 70 25.8 -.25 -11.25 26.2 -.25 -11.25 26.2 -.25 -10 25.8 -.25 -10
4 70 25.4 -.25 -11.25 25.8 -.25 -11.25 25.8 -.25 -10 25.4 -.25 -10
4 70 25 -.25 -11.25 25.4 -.25 -11.25 25.4 -.25 -10 25 -.25 -10
4 70 25 -.25 -10 24.6 -.25 -10 24.6 -.25 -11.25 25 -.25 -11.25
4 70 24.2 -.25 -11.25 24.6 -.25 -11.25 24.6 -.25 -10 24.2 -.25 -10
4 70 24.2 -.25 -10 23.8 -.25 -10 23.8 -.25 -11.25 24.2 -.25 -11.25
4 70 23.4 -.25 -11.25 23.8 -.25 -11.25 23.8 -.25 -10 23.4 -.25 -10
4 70 23.4 -.25 -10 23 -.25 -10 23 -.25 -11.25 23.4 -.25 -11.25
4 70 22.6 -.25 -11.25 23 -.25 -11.25 23 -.25 -10 22.6 -.25 -10
4 70 22.2 -.25 -11.25 22.6 -.25 -11.25 22.6 -.25 -10 22.2 -.25 -10
4 70 21.8 -.25 -11.25 22.2 -.25 -11.25 22.2 -.25 -10 21.8 -.25 -10
4 70 21.8 -.25 -10 21.4 -.25 -10 21.4 -.25 -11.25 21.8 -.25 -11.25
4 70 21 -.25 -11.25 21.4 -.25 -11.25 21.4 -.25 -10 21 -.25 -10
4 70 21 -.25 -10 20.6 -.25 -10 20.6 -.25 -11.25 21 -.25 -11.25
4 70 20.2 -.25 -11.25 20.6 -.25 -11.25 20.6 -.25 -10 20.2 -.25 -10
4 70 20.2 -.25 -10 19.8 -.25 -10 19.8 -.25 -11.25 20.2 -.25 -11.25
4 70 16.6 -.25 -11.25 17 -.25 -11.25 17 -.25 -10 16.6 -.25 -10
4 70 16.2 -.25 -11.25 16.6 -.25 -11.25 16.6 -.25 -10 16.2 -.25 -10
4 70 15.8 -.25 -11.25 16.2 -.25 -11.25 16.2 -.25 -10 15.8 -.25 -10
4 70 15.8 -.25 -10 15.4 -.25 -10 15.4 -.25 -11.25 15.8 -.25 -11.25
4 70 15 -.25 -11.25 15.4 -.25 -11.25 15.4 -.25 -10 15 -.25 -10
4 70 15 -.25 -10 14.6 -.25 -10 14.6 -.25 -11.25 15 -.25 -11.25
4 70 14.2 -.25 -11.25 14.6 -.25 -11.25 14.6 -.25 -10 14.2 -.25 -10
4 70 14.2 -.25 -10 13.8 -.25 -10 13.8 -.25 -11.25 14.2 -.25 -11.25
4 70 13.4 -.25 -11.25 13.8 -.25 -11.25 13.8 -.25 -10 13.4 -.25 -10
4 70 13 -.25 -11.25 13.4 -.25 -11.25 13.4 -.25 -10 13 -.25 -10
4 70 12.6 -.25 -11.25 13 -.25 -11.25 13 -.25 -10 12.6 -.25 -10
4 70 12.6 -.25 -10 12.2 -.25 -10 12.2 -.25 -11.25 12.6 -.25 -11.25
4 70 11.8 -.25 -11.25 12.2 -.25 -11.25 12.2 -.25 -10 11.8 -.25 -10
4 70 11.8 -.25 -10 11.4 -.25 -10 11.4 -.25 -11.25 11.8 -.25 -11.25
4 70 11 -.25 -11.25 11.4 -.25 -11.25 11.4 -.25 -10 11 -.25 -10
4 70 11 -.25 -10 10.6 -.25 -10 10.6 -.25 -11.25 11 -.25 -11.25
4 70 10.2 -.25 -11.25 10.6 -.25 -11.25 10.6 -.25 -10 10.2 -.25 -10
4 70 9.8 -.25 -11.25 10.2 -.25 -11.25 10.2 -.25 -10 9.8 -.25 -10
4 70 9.4 -.25 -11.25 9.8 -.25 -11.25 9.8 -.25 -10 9.4 -.25 -10
4 70 9.4 -.25 -10 9 -.25 -10 9 -.25 -11.25 9.4 -.25 -11.25
4 70 8.6 -.25 -11.25 9 -.25 -11.25 9 -.25 -10 8.6 -.25 -10
4 70 8.6 -.25 -10 8.2 -.25 -10 8.2 -.25 -11.25 8.6 -.25 -11.25
4 70 7.8 -.25 -11.25 8.2 -.25 -11.25 8.2 -.25 -10 7.8 -.25 -10
4 70 7.8 -.25 -10 7.4 -.25 -10 7.4 -.25 -11.25 7.8 -.25 -11.25
4 70 7 -.25 -11.25 7.4 -.25 -11.25 7.4 -.25 -10 7 -.25 -10
4 70 6.6 -.25 -11.25 7 -.25 -11.25 7 -.25 -10 6.6 -.25 -10
4 70 6.2 -.25 -11.25 6.6 -.25 -11.25 6.6 -.25 -10 6.2 -.25 -10
4 70 6.2 -.25 -10 5.8 -.25 -10 5.8 -.25 -11.25 6.2 -.25 -11.25
4 70 5.4 -.25 -11.25 5.8 -.25 -11.25 5.8 -.25 -10 5.4 -.25 -10
4 70 5.4 -.25 -10 5 -.25 -10 5 -.25 -11.25 5.4 -.25 -11.25
4 70 4.6 -.25 -11.25 5 -.25 -11.25 5 -.25 -10 4.6 -.25 -10
4 70 4.6 -.25 -10 4.2 -.25 -10 4.2 -.25 -11.25 4.6 -.25 -11.25
4 70 3.8 -.25 -11.25 4.2 -.25 -11.25 4.2 -.25 -10 3.8 -.25 -10
4 70 3.4 -.25 -11.25 3.8 -.25 -11.25 3.8 -.25 -10 3.4 -.25 -10
4 70 3 -.25 -11.25 3.4 -.25 -11.25 3.4 -.25 -10 3 -.25 -10
4 70 3 -.25 -10 2.6 -.25 -10 2.6 -.25 -11.25 3 -.25 -11.25
4 70 2.2 -.25 -11.25 2.6 -.25 -11.25 2.6 -.25 -10 2.2 -.25 -10
4 70 2.2 -.25 -10 1.8 -.25 -10 1.8 -.25 -11.25 2.2 -.25 -11.25
4 70 1.4 -.25 -11.25 1.8 -.25 -11.25 1.8 -.25 -10 1.4 -.25 -10
4 70 38.2 -.25 11.25 35.4 -.25 11.25 35.4 -.25 10 38.2 -.25 10
4 70 17 -.25 10 19.8 -.25 10 19.8 -.25 11.25 17 -.25 11.25
4 72 35.4 -.25 8.5 38.2 -.25 8.5 38.2 -.25 10 35.4 -.25 10
4 72 35.4 -.25 -8.5 38.2 -.25 -8.5 38.2 -.25 8.5 35.4 -.25 8.5
4 72 38.2 -.25 -8.5 35.4 -.25 -8.5 35.4 -.25 -10 38.2 -.25 -10
4 72 17 -.25 -10 19.8 -.25 -10 19.8 -.25 -8.5 17 -.25 -8.5
4 70 38.2 -.25 -10 35.4 -.25 -10 35.4 -.25 -11.25 38.2 -.25 -11.25
4 70 17 -.25 -11.25 19.8 -.25 -11.25 19.8 -.25 -10 17 -.25 -10
4 72 19.8 -.25 10 17 -.25 10 17 -.25 8.5 19.8 -.25 8.5
4 72 17 -.25 -8.5 19.8 -.25 -8.5 19.8 -.25 8.5 17 -.25 8.5
4 72 0 -.25 8.5 1.4 -.25 8.5 1.4 -.25 10 0 -.25 10
4 70 0 -.25 11.25 0 -.25 10 1.4 -.25 10 1.4 -.25 11.25
4 72 1.4 -.25 8.5 0 -.25 8.5 0 -.25 -8.5 1.4 -.25 -8.5
4 72 0 -.25 -10 1.4 -.25 -10 1.4 -.25 -8.5 0 -.25 -8.5
4 70 1.4 -.25 -10 0 -.25 -10 0 -.25 -11.25 1.4 -.25 -11.25
4 70 -53.8 -.25 10 -53.8 -.25 11.25 -56.5 -.25 11.25 -55.5 -.25 10
4 70 -56.5 -.25 11.25 -57.5 -.25 10.25 -55.5 -.25 8.5 -55.5 -.25 10
4 70 -57.5 -.25 -10.25 -55.5 -.25 -8.5 -55.5 -.25 8.5 -57.5 -.25 10.25
4 70 -55.5 -.25 -8.5 -57.5 -.25 -10.25 -56.5 -.25 -11.25 -55.5 -.25 -10
4 70 -56.5 -.25 -11.25 -53.8 -.25 -11.25 -53.8 -.25 -10 -55.5 -.25 -10
4 70 53.8 -.25 10 55.5 -.25 10 56.5 -.25 11.25 53.8 -.25 11.25
4 70 56.5 -.25 11.25 55.5 -.25 10 55.5 -.25 8.5 57.5 -.25 10.25
4 70 57.5 -.25 10.25 55.5 -.25 8.5 55.5 -.25 -8.5 57.5 -.25 -10.25
4 70 56.5 -.25 -11.25 57.5 -.25 -10.25 55.5 -.25 -8.5 55.5 -.25 -10
4 70 56.5 -.25 -11.25 55.5 -.25 -10 53.8 -.25 -10 53.8 -.25 -11.25

1 16 56.5 0 10.25 1 0 0 0 -1 0 0 0 1 1-4chrd.dat
1 16 56.5 0 -10.25 0 0 1 0 -1 0 -1 0 0 1-4chrd.dat
1 16 -56.5 0 -10.25 -1 0 0 0 -1 0 0 0 -1 1-4chrd.dat
1 16 -56.5 0 10.25 0 0 -1 0 -1 0 1 0 0 1-4chrd.dat
4 16 -57.5 0 10.25 -56.5 0 11.25 -56.5 0 -11.25 -57.5 0 -10.25
4 16 56.5 0 -11.25 -56.5 0 -11.25 -56.5 0 11.25 56.5 0 11.25
4 16 57.5 0 10.25 57.5 0 -10.25 56.5 0 -11.25 56.5 0 11.25

1 16 56.5 -.25 10.25 1 0 0 0 .25 0 0 0 1 1-4cyli.dat
1 16 56.5 -.25 -10.25 0 0 1 0 .25 0 -1 0 0 1-4cyli.dat
1 16 -56.5 -.25 -10.25 -1 0 0 0 .25 0 0 0 -1 1-4cyli.dat
1 16 -56.5 -.25 10.25 0 0 -1 0 .25 0 1 0 0 1-4cyli.dat
4 16 56.5 -.25 -11.25 -56.5 -.25 -11.25 -56.5 0 -11.25 56.5 0 -11.25
4 16 -57.5 -.25 -10.25 -57.5 -.25 10.25 -57.5 0 10.25 -57.5 0 -10.25
4 16 -56.5 -.25 11.25 56.5 -.25 11.25 56.5 0 11.25 -56.5 0 11.25
4 16 57.5 -.25 10.25 57.5 -.25 -10.25 57.5 0 -10.25 57.5 0 10.25
