0 Sticker  4.2 x  5.7 with White Bird and "LC-3178" Right
0 Name: 4569188b.dat
0 Author: Evert-Jan Boer [ejboer]
0 !LDRAW_ORG Unofficial_Part
0 !LICENSE Licensed under CC BY 4.0 : see CAreadme.txt

0 BFC CERTIFY CCW

0 !KEYWORDS Seaplane, Set 3178

1 14 -50.9 -.25 78.5 0 0 1 0 1 0 1 0 0 1-8chrd.dat
1 14 26.1 -.25 1.5 .70711 0 .70711 0 1 0 .70711 0 -.70711 3-8chrd.dat
1 14 -87.3 -.25 78.5 0 0 -1 0 1 0 1 0 0 5-16chrd.dat
1 14 -48.8 -.25 9.3 -.25882 0 -.96593 0 1 0 -.96593 0 .25882 1-8chrd.dat
4 0 -18.368 -.25 35.45 -18.4808 -.25 36.0171 -19.1974 -.25 35.7203 -19.1436 -.25 35.45
4 0 -18.4808 -.25 34.8829 -18.368 -.25 35.45 -19.1436 -.25 35.45 -19.1974 -.25 35.1797
4 0 -19.1974 -.25 35.1797 -19.3505 -.25 34.9505 -18.8021 -.25 34.4021 -18.4808 -.25 34.8829
4 0 -19.3505 -.25 34.9505 -19.5797 -.25 34.7974 -19.2829 -.25 34.0808 -18.8021 -.25 34.4021
4 0 -19.85 -.25 33.968 -19.2829 -.25 34.0808 -19.5797 -.25 34.7974 -19.85 -.25 34.7436
4 0 -20.4171 -.25 34.0808 -19.85 -.25 33.968 -19.85 -.25 34.7436 -20.1203 -.25 34.7974
4 0 -20.8979 -.25 34.4021 -20.4171 -.25 34.0808 -20.1203 -.25 34.7974 -20.3495 -.25 34.9505
4 0 -21.2192 -.25 34.8829 -20.8979 -.25 34.4021 -20.3495 -.25 34.9505 -20.5026 -.25 35.1797
4 0 -21.332 -.25 35.45 -21.2192 -.25 34.8829 -20.5026 -.25 35.1797 -20.5564 -.25 35.45
4 0 -21.2192 -.25 36.0171 -21.332 -.25 35.45 -20.5564 -.25 35.45 -20.5026 -.25 35.7203
4 0 -20.5026 -.25 35.7203 -20.3495 -.25 35.9495 -20.8979 -.25 36.4979 -21.2192 -.25 36.0171
4 0 -20.4171 -.25 36.8192 -20.8979 -.25 36.4979 -20.3495 -.25 35.9495 -20.1203 -.25 36.1026
4 0 -20.1203 -.25 36.1026 -19.85 -.25 36.1564 -19.85 -.25 36.932 -20.4171 -.25 36.8192
4 0 -19.2829 -.25 36.8192 -19.85 -.25 36.932 -19.85 -.25 36.1564 -19.5797 -.25 36.1026
4 0 -18.8021 -.25 36.4979 -19.2829 -.25 36.8192 -19.5797 -.25 36.1026 -19.3505 -.25 35.9495
4 0 -18.4808 -.25 36.0171 -18.8021 -.25 36.4979 -19.3505 -.25 35.9495 -19.1974 -.25 35.7203
4 0 -35.2 -.25 10.05 -35.2 -.25 9.25 -33.65 -.25 9.45 -33.65 -.25 9.85
4 0 -46 -.25 27.9 -46 -.25 27.1 -44.45 -.25 27.3 -44.45 -.25 27.7
4 0 -57.2 -.25 47.1 -57.2 -.25 46.3 -55.65 -.25 46.5 -55.65 -.25 46.9
4 0 -66.1 -.25 62.1 -66.1 -.25 61.3 -64.55 -.25 61.5 -64.55 -.25 61.9
4 0 -70.45 -.25 66.9 -69.3 -.25 66.35 -62.7 -.25 66.35 -63.8 -.25 66.9
4 0 -14.6 -.25 37.6 -13.2 -.25 36.05 -11.85 -.25 35.9 -13.35 -.25 37.5
4 0 -16.1 -.25 39.1 -14.6 -.25 37.6 -13.35 -.25 37.5 -15.1 -.25 39.3
4 0 -16.9 -.25 39.85 -16.1 -.25 39.1 -15.1 -.25 39.3 -16.75 -.25 40.9
4 0 -19.3 -.25 38.55 -16.9 -.25 39.85 -16.75 -.25 40.9 -19.35 -.25 39.45
4 0 -21.9 -.25 37.15 -19.3 -.25 38.55 -19.35 -.25 39.45 -21.8 -.25 38.15
4 0 -21.8 -.25 38.15 -24.05 -.25 36.85 -24.35 -.25 35.8 -21.9 -.25 37.15
4 0 -25.75 -.25 34.95 -24.35 -.25 35.8 -24.05 -.25 36.85 -25.95 -.25 35.7
4 0 -26.85 -.25 34.2 -25.75 -.25 34.95 -25.95 -.25 35.7 -26.85 -.25 35.15
4 0 -16.05 -.25 34.6 -15.1 -.25 34.2 -11.85 -.25 35.9 -13.2 -.25 36.05
4 0 -18.5 -.25 33.3 -17.95 -.25 32.7 -15.1 -.25 34.2 -16.05 -.25 34.6
4 0 -20.5 -.25 32.2 -20.15 -.25 31.5 -17.95 -.25 32.7 -18.5 -.25 33.3
4 0 -22.5 -.25 31.05 -22.05 -.25 30.4 -20.15 -.25 31.5 -20.5 -.25 32.2
4 0 -24.3 -.25 29.95 -23.85 -.25 29.3 -22.05 -.25 30.4 -22.5 -.25 31.05
4 0 -23.85 -.25 29.3 -24.3 -.25 29.95 -26.1 -.25 28.8 -25.65 -.25 28.15
4 0 -27.85 -.25 27.7 -27.35 -.25 27.05 -25.65 -.25 28.15 -26.1 -.25 28.8
4 0 -29.65 -.25 26.55 -29.1 -.25 25.95 -27.35 -.25 27.05 -27.85 -.25 27.7
4 0 -31.7 -.25 25.25 -31.2 -.25 24.65 -29.1 -.25 25.95 -29.65 -.25 26.55
4 0 -33.9 -.25 23.9 -33.35 -.25 23.35 -31.2 -.25 24.65 -31.7 -.25 25.25
4 0 -36.3 -.25 22.55 -35.65 -.25 22.05 -33.35 -.25 23.35 -33.9 -.25 23.9
4 0 -38.55 -.25 21.35 -37.85 -.25 20.9 -35.65 -.25 22.05 -36.3 -.25 22.55
4 0 -40.7 -.25 20.3 -39.95 -.25 19.9 -37.85 -.25 20.9 -38.55 -.25 21.35
4 0 -42.55 -.25 18.75 -43 -.25 19.25 -44.9 -.25 18.45 -44.4 -.25 17.95
4 0 -45.95 -.25 18.05 -46.35 -.25 17.15 -44.4 -.25 17.95 -44.9 -.25 18.45
4 0 -46.35 -.25 17.15 -45.95 -.25 18.05 -47.1 -.25 19.95 -47.65 -.25 19.25
4 0 -48.15 -.25 21.65 -48.6 -.25 20.9 -47.65 -.25 19.25 -47.1 -.25 19.95
4 0 -49.15 -.25 21.85 -48.6 -.25 20.9 -48.15 -.25 21.65 -48.55 -.25 22.3
4 0 -48.2 -.25 23.25 -49.65 -.25 22.7 -49.15 -.25 21.85 -48.55 -.25 22.3
4 0 -28.65 -.25 35.75 -28.6 -.25 34.85 -26.85 -.25 34.2 -26.85 -.25 35.15
4 0 -30.45 -.25 36.45 -30.55 -.25 35.6 -28.6 -.25 34.85 -28.65 -.25 35.75
4 0 -32.05 -.25 37.3 -32.05 -.25 36.35 -30.55 -.25 35.6 -30.45 -.25 36.45
4 0 -33.7 -.25 38.3 -33.8 -.25 37.4 -32.05 -.25 36.35 -32.05 -.25 37.3
4 0 -33.8 -.25 37.4 -33.7 -.25 38.3 -35.6 -.25 39.55 -35.8 -.25 38.75
4 0 -37.25 -.25 40.85 -37.45 -.25 40 -35.8 -.25 38.75 -35.6 -.25 39.55
4 0 -37.45 -.25 40 -37.25 -.25 40.85 -38.65 -.25 42 -39.2 -.25 41.4
4 0 -40.25 -.25 43.5 -40.7 -.25 42.8 -39.2 -.25 41.4 -38.65 -.25 42
4 0 -40.7 -.25 42.8 -40.25 -.25 43.5 -42.05 -.25 45.2 -42.45 -.25 44.45
4 0 -43.55 -.25 46.75 -44.05 -.25 46.1 -42.45 -.25 44.45 -42.05 -.25 45.2
4 0 -44.05 -.25 46.1 -43.55 -.25 46.75 -44.85 -.25 48.2 -45.35 -.25 47.65
4 0 -46.1 -.25 49.75 -46.55 -.25 49.05 -45.35 -.25 47.65 -44.85 -.25 48.2
4 0 -46.55 -.25 49.05 -46.1 -.25 49.75 -46.85 -.25 50.75 -47.55 -.25 50.25
4 0 -47.85 -.25 50.65 -47.55 -.25 50.25 -46.85 -.25 50.75 -47.45 -.25 51.35
4 0 -48.2 -.25 50.9 -47.85 -.25 50.65 -47.45 -.25 51.35 -47.95 -.25 51.65
4 0 -48.6 -.25 51.1 -48.2 -.25 50.9 -47.95 -.25 51.65 -48.45 -.25 51.85
4 0 -49 -.25 51.15 -48.6 -.25 51.1 -48.45 -.25 51.85 -49.05 -.25 51.9
4 0 -49.05 -.25 51.9 -49.9 -.25 51.85 -49.8 -.25 51.1 -49 -.25 51.15
4 0 -49.9 -.25 51.85 -51.1 -.25 51.65 -51.05 -.25 50.9 -49.8 -.25 51.1
4 0 -51.1 -.25 51.65 -53.45 -.25 51.2 -53.35 -.25 50.55 -51.05 -.25 50.9
4 0 -55.45 -.25 50.15 -53.35 -.25 50.55 -53.45 -.25 51.2 -55.65 -.25 50.75
4 0 -55.65 -.25 50.75 -57.8 -.25 50.35 -57.6 -.25 49.7 -55.45 -.25 50.15
4 0 -59.2686 -.25 49.414 -57.6 -.25 49.7 -57.8 -.25 50.35 -59.4 -.25 50.05
4 0 -62.9 -.25 49.45 -62.55 -.25 48.8 -61.1 -.25 49.05 -61.35 -.25 49.7
4 0 -64.45 -.25 49.25 -63.25 -.25 48.7 -62.55 -.25 48.8 -62.9 -.25 49.45
4 0 -63.1 -.25 46.9 -62.5 -.25 47.35 -63.25 -.25 48.7 -64.45 -.25 49.25
4 0 -62.5 -.25 47.35 -63.1 -.25 46.9 -61.9 -.25 44.85 -61.5 -.25 45.7
4 0 -61.5 -.25 45.7 -61.9 -.25 44.85 -61.1 -.25 43.45 -60.75 -.25 44.4
4 0 -60.65 -.25 42.65 -60.25 -.25 43.45 -60.75 -.25 44.4 -61.1 -.25 43.45
4 0 -59.1 -.25 43.8 -60.25 -.25 43.45 -60.65 -.25 42.65 -58.85 -.25 43.25
4 0 -57.2 -.25 43.7 -57.5 -.25 44.25 -59.1 -.25 43.8 -58.85 -.25 43.25
4 0 -52.85 -.25 44.75 -53.1 -.25 45.35 -55.25 -.25 44.85 -54.95 -.25 44.25
4 0 -52.85 -.25 44.75 -51.8 -.25 44.95 -51.45 -.25 45.65 -53.1 -.25 45.35
4 0 -50.7 -.25 45.15 -50.3 -.25 45.85 -51.45 -.25 45.65 -51.8 -.25 44.95
4 0 -50.3 -.25 45.85 -50.7 -.25 45.15 -49.95 -.25 44.25 -48.7 -.25 43.9
4 0 -50.8 -.25 43.9 -50.15 -.25 43.35 -48.7 -.25 43.9 -49.95 -.25 44.25
4 0 -52.3 -.25 43.35 -51.9 -.25 42.75 -50.15 -.25 43.35 -50.8 -.25 43.9
4 0 -53.85 -.25 42.05 -51.9 -.25 42.75 -52.3 -.25 43.35 -54.15 -.25 42.65
4 0 -57.15 -.25 40.7 -55.8 -.25 41.25 -56.1 -.25 41.9 -57.5 -.25 41.3
4 0 -57.5 -.25 41.3 -58.5 -.25 40.9 -58.5 -.25 40.15 -57.15 -.25 40.7
3 0 -58.5 -.25 40.15 -58.5 -.25 40.9 -59.5 -.25 40.5
4 0 -58.5 -.25 40.15 -59.5 -.25 40.5 -57.95 -.25 37.65 -57.6 -.25 38.55
4 0 -57 -.25 36 -56.55 -.25 36.75 -57.6 -.25 38.55 -57.95 -.25 37.65
4 0 -56.55 -.25 36.75 -57 -.25 36 -56 -.25 34.2 -55.7 -.25 35.25
4 0 -56 -.25 34.2 -53.55 -.25 35.35 -54 -.25 36 -55.7 -.25 35.25
4 0 -51.25 -.25 37.1 -50.85 -.25 36.5 -47.85 -.25 37.75 -48.35 -.25 38.3
4 0 -46.05 -.25 38.45 -46.6 -.25 39 -48.35 -.25 38.3 -47.85 -.25 37.75
4 0 -46.05 -.25 38.45 -44.95 -.25 38.9 -44.75 -.25 39.8 -46.6 -.25 39
4 0 -44.4 -.25 38.35 -43.1 -.25 38.2 -44.75 -.25 39.8 -44.95 -.25 38.9
4 0 -43.1 -.25 38.2 -44.4 -.25 38.35 -45.65 -.25 37.65 -45.05 -.25 37.2
4 0 -47.5 -.25 36.65 -46.95 -.25 36.15 -45.05 -.25 37.2 -45.65 -.25 37.65
4 0 -49.7 -.25 35.5 -48.95 -.25 35.1 -46.95 -.25 36.15 -47.5 -.25 36.65
4 0 -51.8 -.25 34.4 -53.15 -.25 33.75 -53.1 -.25 32.9 -51.95 -.25 33.5
4 0 -53.15 -.25 33.75 -54.3 -.25 33.2 -54.1 -.25 32.4 -53.1 -.25 32.9
4 0 -54.2 -.25 30.85 -54.1 -.25 32.4 -54.3 -.25 33.2 -55.25 -.25 32.7
3 0 -53.35 -.25 31 -54.1 -.25 32.4 -54.2 -.25 30.85
4 0 -52.3 -.25 29.2 -53.35 -.25 31 -54.2 -.25 30.85 -53.15 -.25 29.05
4 0 -51.8 -.25 26.85 -51.45 -.25 27.85 -52.3 -.25 29.2 -53.15 -.25 29.05
4 0 -49.8 -.25 27.75 -50.2 -.25 28.4 -51.45 -.25 27.85 -51.8 -.25 26.85
4 0 -50.2 -.25 28.4 -49.8 -.25 27.75 -48 -.25 28.6 -48.4 -.25 29.25
4 0 -43.4 -.25 30.95 -44.05 -.25 31.5 -46.25 -.25 30.3 -45.8 -.25 29.65
4 0 -41.25 -.25 32.2 -41.95 -.25 32.7 -44.05 -.25 31.5 -43.4 -.25 30.95
4 0 -39.75 -.25 33.1 -40.2 -.25 33.75 -41.95 -.25 32.7 -41.25 -.25 32.2
4 0 -38.7 -.25 33.75 -38.6 -.25 34.8 -40.2 -.25 33.75 -39.75 -.25 33.1
4 0 -37.65 -.25 33.05 -37.5 -.25 33.95 -38.6 -.25 34.8 -38.7 -.25 33.75
4 0 -36.4 -.25 32.25 -36.1 -.25 33 -37.5 -.25 33.95 -37.65 -.25 33.05
4 0 -36.1 -.25 33 -36.4 -.25 32.25 -35.2 -.25 31.55 -34.8 -.25 32.2
4 0 -34.8 -.25 32.2 -35.2 -.25 31.55 -34.05 -.25 30.85 -33.55 -.25 31.5
4 0 -33.55 -.25 30.15 -32.45 -.25 30.9 -33.55 -.25 31.5 -34.05 -.25 30.85
4 0 -35.05 -.25 29.2 -33.55 -.25 30.15 -34.05 -.25 30.85 -34.9 -.25 30.25
4 0 -34.9 -.25 30.25 -36.55 -.25 29.25 -36.9 -.25 28.05 -35.05 -.25 29.2
4 0 -38.7 -.25 27 -36.9 -.25 28.05 -36.55 -.25 29.25 -38.3 -.25 28.2
4 0 -38.3 -.25 28.2 -40.05 -.25 27.15 -40.55 -.25 26 -38.7 -.25 27
3 0 -40.55 -.25 26 -40.05 -.25 27.15 -41.95 -.25 26.1
4 0 -40.55 -.25 26 -41.95 -.25 26.1 -44 -.25 25.05 -42.85 -.25 24.8
4 0 -42.85 -.25 24.8 -44 -.25 25.05 -44.6629 -.25 24.7554 -44.2955 -.25 24.1351
4 0 -47.25 -.25 22.85 -45.35 -.25 23.65 -45.2687 -.25 24.4861 -46.25 -.25 24.05
4 0 -46.25 -.25 24.05 -48.2 -.25 23.25 -48.55 -.25 22.3 -47.25 -.25 22.85
4 15 -18.4808 -.25 36.0171 -18.368 -.25 35.45 -16.05 -.25 34.6 -13.2 -.25 36.05
3 15 -13.2 -.25 36.05 -18.8021 -.25 36.4979 -18.4808 -.25 36.0171
4 15 -16.1 -.25 39.1 -18.8021 -.25 36.4979 -13.2 -.25 36.05 -14.6 -.25 37.6
4 15 -19.2829 -.25 36.8192 -18.8021 -.25 36.4979 -16.1 -.25 39.1 -19.3 -.25 38.55
3 15 -19.2829 -.25 36.8192 -19.3 -.25 38.55 -19.85 -.25 36.932
4 15 -21.9 -.25 37.15 -20.4171 -.25 36.8192 -19.85 -.25 36.932 -19.3 -.25 38.55
3 15 -20.4171 -.25 36.8192 -21.9 -.25 37.15 -20.8979 -.25 36.4979
4 15 -24.35 -.25 35.8 -21.2192 -.25 36.0171 -20.8979 -.25 36.4979 -21.9 -.25 37.15
3 15 -21.332 -.25 35.45 -21.2192 -.25 36.0171 -24.35 -.25 35.8
3 15 -21.332 -.25 35.45 -24.35 -.25 35.8 -21.2192 -.25 34.8829
4 15 -24.35 -.25 35.8 -25.75 -.25 34.95 -22.5 -.25 31.05 -21.2192 -.25 34.8829
3 15 -20.8979 -.25 34.4021 -21.2192 -.25 34.8829 -22.5 -.25 31.05
4 15 -20.8979 -.25 34.4021 -22.5 -.25 31.05 -20.5 -.25 32.2 -20.4171 -.25 34.0808
4 15 -18.5 -.25 33.3 -19.85 -.25 33.968 -20.4171 -.25 34.0808 -20.5 -.25 32.2
3 15 -18.5 -.25 33.3 -19.2829 -.25 34.0808 -19.85 -.25 33.968
3 15 -18.5 -.25 33.3 -18.8021 -.25 34.4021 -19.2829 -.25 34.0808
4 15 -16.05 -.25 34.6 -18.4808 -.25 34.8829 -18.8021 -.25 34.4021 -18.5 -.25 33.3
3 15 -16.05 -.25 34.6 -18.368 -.25 35.45 -18.4808 -.25 34.8829
3 15 -16.1 -.25 39.1 -16.9 -.25 39.85 -19.3 -.25 38.55
4 15 -24.3 -.25 29.95 -22.5 -.25 31.05 -25.75 -.25 34.95 -26.85 -.25 34.2
4 15 -28.6 -.25 34.85 -32.45 -.25 30.9 -24.3 -.25 29.95 -26.85 -.25 34.2
4 15 -27.85 -.25 27.7 -32.45 -.25 30.9 -33.55 -.25 30.15 -29.65 -.25 26.55
3 15 -29.65 -.25 26.55 -33.55 -.25 30.15 -35.05 -.25 29.2
4 15 -33.9 -.25 23.9 -31.7 -.25 25.25 -29.65 -.25 26.55 -35.05 -.25 29.2
3 15 -33.9 -.25 23.9 -35.05 -.25 29.2 -36.9 -.25 28.05
4 15 -36.9 -.25 28.05 -38.7 -.25 27 -36.3 -.25 22.55 -33.9 -.25 23.9
4 15 -38.55 -.25 21.35 -36.3 -.25 22.55 -38.7 -.25 27 -40.55 -.25 26
4 15 -40.55 -.25 26 -42.85 -.25 24.8 -40.7 -.25 20.3 -38.55 -.25 21.35
4 15 -47.25 -.25 22.85 -43 -.25 19.25 -42.3392 -.25 19.5517 -45.35 -.25 23.65
4 15 -43 -.25 19.25 -47.25 -.25 22.85 -47.1 -.25 19.95 -44.9 -.25 18.45
3 15 -44.9 -.25 18.45 -47.1 -.25 19.95 -45.95 -.25 18.05
3 15 -47.1 -.25 19.95 -47.25 -.25 22.85 -48.15 -.25 21.65
3 15 -48.15 -.25 21.65 -47.25 -.25 22.85 -48.55 -.25 22.3
4 15 -32.45 -.25 30.9 -28.6 -.25 34.85 -30.55 -.25 35.6 -33.55 -.25 31.5
4 15 -34.8 -.25 32.2 -33.55 -.25 31.5 -30.55 -.25 35.6 -32.05 -.25 36.35
4 15 -34.8 -.25 32.2 -32.05 -.25 36.35 -37.5 -.25 33.95 -36.1 -.25 33
4 15 -33.8 -.25 37.4 -38.6 -.25 34.8 -37.5 -.25 33.95 -32.05 -.25 36.35
3 15 -33.8 -.25 37.4 -35.8 -.25 38.75 -38.6 -.25 34.8
4 15 -43.1 -.25 38.2 -38.6 -.25 34.8 -35.8 -.25 38.75 -37.45 -.25 40
3 15 -37.45 -.25 40 -39.2 -.25 41.4 -43.1 -.25 38.2
4 15 -45.05 -.25 37.2 -40.2 -.25 33.75 -38.6 -.25 34.8 -43.1 -.25 38.2
3 15 -40.2 -.25 33.75 -45.05 -.25 37.2 -41.95 -.25 32.7
4 15 -45.05 -.25 37.2 -46.95 -.25 36.15 -44.05 -.25 31.5 -41.95 -.25 32.7
4 15 -46.25 -.25 30.3 -44.05 -.25 31.5 -46.95 -.25 36.15 -48.95 -.25 35.1
4 15 -50.2 -.25 28.4 -48.4 -.25 29.25 -50.9412 -.25 34.0404 -51.95 -.25 33.5
4 15 -53.35 -.25 31 -50.2 -.25 28.4 -51.95 -.25 33.5 -53.1 -.25 32.9
4 15 -53.35 -.25 31 -52.3 -.25 29.2 -51.45 -.25 27.85 -50.2 -.25 28.4
3 15 -53.35 -.25 31 -53.1 -.25 32.9 -54.1 -.25 32.4
4 15 -40.7 -.25 42.8 -44.75 -.25 39.8 -43.1 -.25 38.2 -39.2 -.25 41.4
3 15 -40.7 -.25 42.8 -42.45 -.25 44.45 -44.75 -.25 39.8
4 15 -44.05 -.25 46.1 -48.7 -.25 43.9 -44.75 -.25 39.8 -42.45 -.25 44.45
3 15 -44.05 -.25 46.1 -45.35 -.25 47.65 -48.7 -.25 43.9
4 15 -45.35 -.25 47.65 -46.55 -.25 49.05 -50.3 -.25 45.85 -48.7 -.25 43.9
3 15 -46.55 -.25 49.05 -47.55 -.25 50.25 -50.3 -.25 45.85
3 15 -44.75 -.25 39.8 -48.7 -.25 43.9 -46.6 -.25 39
4 15 -48.7 -.25 43.9 -50.15 -.25 43.35 -48.35 -.25 38.3 -46.6 -.25 39
4 15 -53.85 -.25 42.05 -48.35 -.25 38.3 -50.15 -.25 43.35 -51.9 -.25 42.75
4 15 -48.35 -.25 38.3 -53.85 -.25 42.05 -51.836 -.25 36.8656 -51.25 -.25 37.1
4 15 -56.55 -.25 36.75 -57.15 -.25 40.7 -58.5 -.25 40.15 -57.6 -.25 38.55
4 15 -55.7 -.25 35.25 -54 -.25 36 -57.15 -.25 40.7 -56.55 -.25 36.75
4 15 -47.55 -.25 50.25 -47.85 -.25 50.65 -48.2 -.25 50.9 -50.3 -.25 45.85
3 15 -48.2 -.25 50.9 -48.6 -.25 51.1 -50.3 -.25 45.85
4 15 -49.8 -.25 51.1 -50.3 -.25 45.85 -48.6 -.25 51.1 -49 -.25 51.15
3 15 -50.3 -.25 45.85 -49.8 -.25 51.1 -51.05 -.25 50.9
4 15 -51.05 -.25 50.9 -53.35 -.25 50.55 -51.45 -.25 45.65 -50.3 -.25 45.85
4 15 -55.45 -.25 50.15 -53.1 -.25 45.35 -51.45 -.25 45.65 -53.35 -.25 50.55
4 15 -55.45 -.25 50.15 -55.65 -.25 46.9 -55.65 -.25 46.5 -53.1 -.25 45.35
4 15 -57.2 -.25 46.3 -55.25 -.25 44.85 -53.1 -.25 45.35 -55.65 -.25 46.5
4 15 -58.25 -.25 46.351 -59.05 -.25 46.55 -59.1 -.25 43.8 -57.5 -.25 44.25
4 15 -59.1 -.25 43.8 -59.05 -.25 46.55 -60.75 -.25 44.4 -60.25 -.25 43.45
4 15 -60.75 -.25 44.4 -59.05 -.25 46.55 -59.05 -.25 46.85 -61.5 -.25 45.7
4 15 -62.55 -.25 48.8 -62.5 -.25 47.35 -61.5 -.25 45.7 -59.05 -.25 46.85
3 15 -59.05 -.25 46.85 -61.1 -.25 49.05 -62.55 -.25 48.8
4 15 -55.65 -.25 46.9 -55.45 -.25 50.15 -57.6 -.25 49.7 -57.2 -.25 47.1
3 15 -62.5 -.25 47.35 -62.55 -.25 48.8 -63.25 -.25 48.7
4 14 -64.55 -.25 61.9 -49.9 -.25 51.85 -50.1929 -.25 79.2071 -62.7 -.25 66.35
4 14 -64.55 -.25 61.9 -64.55 -.25 61.5 -51.1 -.25 51.65 -49.9 -.25 51.85
3 14 -51.1 -.25 51.65 -64.55 -.25 61.5 -53.45 -.25 51.2
4 14 -57.8 -.25 50.35 -55.65 -.25 50.75 -53.45 -.25 51.2 -64.55 -.25 61.5
4 14 -57.8 -.25 50.35 -64.55 -.25 61.5 -59.6217 -.25 50.0102 -59.4 -.25 50.05
3 14 -59.6217 -.25 50.0102 -64.55 -.25 61.5 -66.1 -.25 61.3
3 14 -66.1 -.25 61.3 -66.3149 -.25 61.3102 -59.6217 -.25 50.0102
4 14 -69.3 -.25 66.35 -66.1 -.25 62.1 -64.55 -.25 61.9 -62.7 -.25 66.35
3 14 -66.1 -.25 62.1 -69.3 -.25 66.35 -66.7639 -.25 62.0684
4 0 -66.7639 -.25 62.0684 -66.3149 -.25 61.3102 -66.1 -.25 61.3 -66.1 -.25 62.1
4 0 -67.95 -.25 61.85 -67.95 -.25 61.55 -67.1558 -.25 61.3515 -67.5162 -.25 61.9585
4 0 -61.35 -.25 49.7 -61.1 -.25 49.05 -59.9848 -.25 49.273 -60.3454 -.25 49.8803
4 0 -59.4 -.25 50.05 -59.6217 -.25 50.0102 -59.9848 -.25 49.273 -59.2686 -.25 49.414
4 0 -57.8788 -.25 47.0677 -57.4306 -.25 46.311 -57.2 -.25 46.3 -57.2 -.25 47.1
4 0 -58.25 -.25 46.351 -58.6114 -.25 46.9597 -59.05 -.25 46.85 -59.05 -.25 46.55
4 15 -59.2686 -.25 49.414 -57.8788 -.25 47.0677 -57.2 -.25 47.1 -57.6 -.25 49.7
4 15 -61.1 -.25 49.05 -59.05 -.25 46.85 -58.6114 -.25 46.9597 -59.9848 -.25 49.273
3 15 -57.0706 -.25 44.3645 -58.25 -.25 46.351 -57.5 -.25 44.25
4 15 -57.4306 -.25 46.311 -56.3859 -.25 44.5471 -55.25 -.25 44.85 -57.2 -.25 46.3
4 0 -54.95 -.25 44.25 -55.25 -.25 44.85 -56.3859 -.25 44.5471 -56.0505 -.25 43.981
4 0 -57.5 -.25 44.25 -57.2 -.25 43.7 -56.7425 -.25 43.8118 -57.0706 -.25 44.3645
4 0 -55.0558 -.25 42.3016 -54.7002 -.25 41.7012 -53.85 -.25 42.05 -54.15 -.25 42.65
4 0 -55.3348 -.25 41.4408 -55.699 -.25 42.0542 -56.1 -.25 41.9 -55.8 -.25 41.25
4 0 -52.0883 -.25 35.9726 -52.4683 -.25 36.6127 -54 -.25 36 -53.55 -.25 35.35
4 0 -51.836 -.25 36.8656 -51.4644 -.25 36.2383 -50.85 -.25 36.5 -51.25 -.25 37.1
3 15 -51.836 -.25 36.8656 -53.85 -.25 42.05 -54.7002 -.25 41.7012
3 15 -52.4683 -.25 36.6127 -55.3348 -.25 41.4408 -55.8 -.25 41.25
4 15 -52.4683 -.25 36.6127 -55.8 -.25 41.25 -57.15 -.25 40.7 -54 -.25 36
4 14 -51.8 -.25 44.95 -50.8 -.25 43.9 -49.95 -.25 44.25 -50.7 -.25 45.15
4 14 -52.85 -.25 44.75 -52.3 -.25 43.35 -50.8 -.25 43.9 -51.8 -.25 44.95
4 14 -52.85 -.25 44.75 -54.95 -.25 44.25 -54.15 -.25 42.65 -52.3 -.25 43.35
4 14 -54.95 -.25 44.25 -56.0505 -.25 43.981 -55.0558 -.25 42.3016 -54.15 -.25 42.65
3 14 -55.699 -.25 42.0542 -56.7425 -.25 43.8118 -56.1 -.25 41.9
4 14 -56.7425 -.25 43.8118 -57.2 -.25 43.7 -58.85 -.25 43.25 -56.1 -.25 41.9
4 14 -58.5 -.25 40.9 -57.5 -.25 41.3 -56.1 -.25 41.9 -58.85 -.25 43.25
4 14 -58.85 -.25 43.25 -60.65 -.25 42.65 -59.5 -.25 40.5 -58.5 -.25 40.9
4 14 -46.05 -.25 38.45 -45.65 -.25 37.65 -44.4 -.25 38.35 -44.95 -.25 38.9
4 14 -46.05 -.25 38.45 -47.85 -.25 37.75 -47.5 -.25 36.65 -45.65 -.25 37.65
4 14 -47.85 -.25 37.75 -50.85 -.25 36.5 -49.7 -.25 35.5 -47.5 -.25 36.65
4 14 -51.4644 -.25 36.2383 -50.7129 -.25 34.9694 -49.7 -.25 35.5 -50.85 -.25 36.5
3 14 -51.3077 -.25 34.6579 -52.0883 -.25 35.9726 -51.8 -.25 34.4
4 14 -52.0883 -.25 35.9726 -53.55 -.25 35.35 -53.15 -.25 33.75 -51.8 -.25 34.4
4 14 -56 -.25 34.2 -54.3 -.25 33.2 -53.15 -.25 33.75 -53.55 -.25 35.35
3 14 -54.3 -.25 33.2 -56 -.25 34.2 -55.25 -.25 32.7
4 0 -49.7 -.25 35.5 -50.7129 -.25 34.9694 -50.3497 -.25 34.3564 -48.95 -.25 35.1
4 0 -51.8 -.25 34.4 -51.95 -.25 33.5 -50.9412 -.25 34.0404 -51.3077 -.25 34.6579
4 0 -47.5663 -.25 29.6571 -47.1737 -.25 28.9943 -45.8 -.25 29.65 -46.25 -.25 30.3
4 0 -47.7749 -.25 28.7074 -48.1652 -.25 29.3647 -48.4 -.25 29.25 -48 -.25 28.6
4 15 -50.3497 -.25 34.3564 -47.5663 -.25 29.6571 -46.25 -.25 30.3 -48.95 -.25 35.1
3 15 -48.1652 -.25 29.3647 -50.9412 -.25 34.0404 -48.4 -.25 29.25
4 0 -46 -.25 27.1 -46 -.25 27.9 -46.5111 -.25 27.8757 -46.0532 -.25 27.1025
4 0 -47.85 -.25 27.65 -47.05 -.25 27.15 -46.8445 -.25 27.1402 -47.238 -.25 27.803
3 0 -47.05 -.25 27.15 -47.85 -.25 27.65 -47.85 -.25 27.35
3 0 -44.2955 -.25 24.1351 -44.6629 -.25 24.7554 -44.8963 -.25 23.8587
4 0 -41.7422 -.25 19.8242 -41.4057 -.25 19.2561 -39.95 -.25 19.9 -40.7 -.25 20.3
4 0 -42.006 -.25 18.9906 -42.3392 -.25 19.5517 -43 -.25 19.25 -42.55 -.25 18.75
4 15 -44.2955 -.25 24.1351 -41.7422 -.25 19.8242 -40.7 -.25 20.3 -42.85 -.25 24.8
3 15 -42.3392 -.25 19.5517 -44.8963 -.25 23.8587 -45.35 -.25 23.65
4 0 -35.9321 -.25 10.0151 -35.487 -.25 9.2637 -35.2 -.25 9.25 -35.2 -.25 10.05
4 0 -37.05 -.25 9.8 -37.05 -.25 9.5 -36.2527 -.25 9.3 -36.6142 -.25 9.9089
4 0 -35.9321 -.25 10.0151 -36.6142 -.25 9.9089 -36.2527 -.25 9.3 -35.487 -.25 9.2637
4 0 -42.3392 -.25 19.5517 -42.006 -.25 18.9906 -41.4057 -.25 19.2561 -41.7422 -.25 19.8242
4 0 -41.4057 -.25 19.2561 -42.006 -.25 18.9906 -36.6142 -.25 9.9089 -35.9321 -.25 10.0151
4 0 -44.6629 -.25 24.7554 -45.2687 -.25 24.4861 -45.35 -.25 23.65 -44.8963 -.25 23.8587
4 0 -44.2955 -.25 24.1351 -44.8963 -.25 23.8587 -42.3392 -.25 19.5517 -41.7422 -.25 19.8242
4 14 -31.2 -.25 24.65 -33.65 -.25 9.85 -20 -.25 8.5 -29.1 -.25 25.95
3 14 -33.65 -.25 9.85 -31.2 -.25 24.65 -33.35 -.25 23.35
3 14 -33.65 -.25 9.85 -33.35 -.25 23.35 -35.65 -.25 22.05
4 14 -35.65 -.25 22.05 -37.85 -.25 20.9 -35.2 -.25 10.05 -33.65 -.25 9.85
4 14 -39.95 -.25 19.9 -35.9321 -.25 10.0151 -35.2 -.25 10.05 -37.85 -.25 20.9
3 14 -35.9321 -.25 10.0151 -39.95 -.25 19.9 -41.4057 -.25 19.2561
4 14 -42.55 -.25 18.75 -37.05 -.25 9.8 -36.6142 -.25 9.9089 -42.006 -.25 18.9906
3 14 -37.05 -.25 9.8 -42.55 -.25 18.75 -44.4 -.25 17.95
4 14 -44.4 -.25 17.95 -46.35 -.25 17.15 -49.666 -.25 8.8 -37.05 -.25 9.8
4 0 -47.7749 -.25 28.7074 -47.1737 -.25 28.9943 -47.5663 -.25 29.6571 -48.1652 -.25 29.3647
4 0 -47.1737 -.25 28.9943 -47.7749 -.25 28.7074 -47.238 -.25 27.803 -46.5111 -.25 27.8757
4 0 -46.5111 -.25 27.8757 -47.238 -.25 27.803 -46.8445 -.25 27.1402 -46.0532 -.25 27.1025
4 0 -46.0532 -.25 27.1025 -46.8445 -.25 27.1402 -45.2687 -.25 24.4861 -44.6629 -.25 24.7554
4 14 -36.4 -.25 32.25 -34.9 -.25 30.25 -34.05 -.25 30.85 -35.2 -.25 31.55
3 14 -34.9 -.25 30.25 -36.4 -.25 32.25 -36.55 -.25 29.25
4 14 -39.75 -.25 33.1 -36.55 -.25 29.25 -36.4 -.25 32.25 -37.65 -.25 33.05
3 14 -37.65 -.25 33.05 -38.7 -.25 33.75 -39.75 -.25 33.1
4 14 -39.75 -.25 33.1 -41.25 -.25 32.2 -38.3 -.25 28.2 -36.55 -.25 29.25
4 14 -43.4 -.25 30.95 -40.05 -.25 27.15 -38.3 -.25 28.2 -41.25 -.25 32.2
4 14 -43.4 -.25 30.95 -44.45 -.25 27.7 -44.45 -.25 27.3 -40.05 -.25 27.15
4 14 -40.05 -.25 27.15 -44.45 -.25 27.3 -44 -.25 25.05 -41.95 -.25 26.1
4 14 -44 -.25 25.05 -44.45 -.25 27.3 -46 -.25 27.1 -44.6629 -.25 24.7554
3 14 -46 -.25 27.1 -46.0532 -.25 27.1025 -44.6629 -.25 24.7554
4 14 -46 -.25 27.9 -44.45 -.25 27.7 -43.4 -.25 30.95 -45.8 -.25 29.65
4 14 -47.1737 -.25 28.9943 -46.5111 -.25 27.8757 -46 -.25 27.9 -45.8 -.25 29.65
4 14 -48 -.25 28.6 -47.85 -.25 27.65 -47.238 -.25 27.803 -47.7749 -.25 28.7074
4 14 -48 -.25 28.6 -49.8 -.25 27.75 -47.85 -.25 27.35 -47.85 -.25 27.65
3 14 -47.85 -.25 27.35 -49.8 -.25 27.75 -51.8 -.25 26.85
4 14 -48.2 -.25 23.25 -47.85 -.25 27.35 -51.8 -.25 26.85 -49.65 -.25 22.7
3 14 -47.05 -.25 27.15 -47.85 -.25 27.35 -48.2 -.25 23.25
3 14 -46.8445 -.25 27.1402 -47.05 -.25 27.15 -48.2 -.25 23.25
4 14 -48.2 -.25 23.25 -46.25 -.25 24.05 -45.2687 -.25 24.4861 -46.8445 -.25 27.1402
4 0 -51.3077 -.25 34.6579 -50.9412 -.25 34.0404 -50.3497 -.25 34.3564 -50.7129 -.25 34.9694
4 0 -47.5663 -.25 29.6571 -50.3497 -.25 34.3564 -50.9412 -.25 34.0404 -48.1652 -.25 29.3647
4 0 -52.0883 -.25 35.9726 -51.3077 -.25 34.6579 -50.7129 -.25 34.9694 -51.4644 -.25 36.2383
4 0 -51.4644 -.25 36.2383 -51.836 -.25 36.8656 -52.4683 -.25 36.6127 -52.0883 -.25 35.9726
4 0 -55.3348 -.25 41.4408 -52.4683 -.25 36.6127 -51.836 -.25 36.8656 -54.7002 -.25 41.7012
4 0 -55.0558 -.25 42.3016 -55.699 -.25 42.0542 -55.3348 -.25 41.4408 -54.7002 -.25 41.7012
4 0 -55.0558 -.25 42.3016 -56.0505 -.25 43.981 -56.7425 -.25 43.8118 -55.699 -.25 42.0542
4 0 -56.0505 -.25 43.981 -56.3859 -.25 44.5471 -57.0706 -.25 44.3645 -56.7425 -.25 43.8118
4 0 -58.6114 -.25 46.9597 -58.25 -.25 46.351 -57.4306 -.25 46.311 -57.8788 -.25 47.0677
4 0 -56.3859 -.25 44.5471 -57.4306 -.25 46.311 -58.25 -.25 46.351 -57.0706 -.25 44.3645
4 0 -59.9848 -.25 49.273 -58.6114 -.25 46.9597 -57.8788 -.25 47.0677 -59.2686 -.25 49.414
3 0 -59.9848 -.25 49.273 -59.6217 -.25 50.0102 -60.3454 -.25 49.8803
4 0 -67.5162 -.25 61.9585 -67.1558 -.25 61.3515 -66.3149 -.25 61.3102 -66.7639 -.25 62.0684
4 0 -66.3149 -.25 61.3102 -67.1558 -.25 61.3515 -60.3454 -.25 49.8803 -59.6217 -.25 50.0102
4 0 -70.45 -.25 66.9 -67.5162 -.25 61.9585 -66.7639 -.25 62.0684 -69.3 -.25 66.35
3 14 -60.3454 -.25 49.8803 -67.1558 -.25 61.3515 -61.35 -.25 49.7
4 14 -67.1558 -.25 61.3515 -67.95 -.25 61.55 -62.9 -.25 49.45 -61.35 -.25 49.7
4 15 -24.3 -.25 29.95 -32.45 -.25 30.9 -27.85 -.25 27.7 -26.1 -.25 28.8
4 14 -20 -.25 3.5 -20 -.25 8.5 -30.1827 -.25 .5761 -29.8 -.25 .5
4 0 -62.7 -.25 66.35 -70.4 -.25 79.5 -71.3 -.25 79.5 -63.8 -.25 66.9
4 0 -31.3412 -.25 1.0522 -30.4039 -.25 .667 -35.487 -.25 9.2637 -36.2527 -.25 9.3
3 14 26.1 -.25 .5 -20 -.25 3.5 -29.8 -.25 .5
4 14 -30.1827 -.25 .5761 -20 -.25 8.5 -33.65 -.25 9.45 -30.4039 -.25 .667
3 14 -30.4039 -.25 .667 -33.65 -.25 9.45 -35.2 -.25 9.25
3 14 -35.2 -.25 9.25 -35.487 -.25 9.2637 -30.4039 -.25 .667
4 14 -36.2527 -.25 9.3 -37.05 -.25 9.5 -49.0588 -.25 8.3341 -31.3412 -.25 1.0522
4 14 -37.05 -.25 9.5 -37.05 -.25 9.8 -49.666 -.25 8.8 -49.0588 -.25 8.3341
3 14 -20 -.25 8.5 -33.65 -.25 9.85 -33.65 -.25 9.45
3 14 -20 -.25 8.5 -27.35 -.25 27.05 -29.1 -.25 25.95
4 14 -23.85 -.25 29.3 -25.65 -.25 28.15 -27.35 -.25 27.05 -20 -.25 8.5
3 14 -20 -.25 8.5 -22.05 -.25 30.4 -23.85 -.25 29.3
4 14 -17.95 -.25 32.7 -20.15 -.25 31.5 -22.05 -.25 30.4 -20 -.25 8.5
3 14 -20 -.25 8.5 -15.1 -.25 34.2 -17.95 -.25 32.7
4 14 6.5 -.25 8.5 -11.85 -.25 35.9 -15.1 -.25 34.2 -20 -.25 8.5
4 14 6.5 -.25 3.5 26.1 -.25 .5 26.8071 -.25 2.2071 6.5 -.25 8.5
4 14 -70.4 -.25 79.5 -62.7 -.25 66.35 -50.1929 -.25 79.2071 -50.9 -.25 79.5
3 14 -49.05 -.25 51.9 -50.1929 -.25 79.2071 -49.9 -.25 51.85
3 14 -63.8 -.25 66.9 -71.3 -.25 79.5 -70.45 -.25 66.9
4 14 -88.2239 -.25 78.1173 -70.45 -.25 66.9 -71.3 -.25 79.5 -87.3 -.25 79.5
4 14 -88.2239 -.25 78.1173 -67.95 -.25 61.85 -67.5162 -.25 61.9585 -70.45 -.25 66.9
3 14 -67.95 -.25 61.85 -88.2239 -.25 78.1173 -67.95 -.25 61.55
4 14 -88.2239 -.25 78.1173 -64.45 -.25 49.25 -62.9 -.25 49.45 -67.95 -.25 61.55
3 14 26.8071 -.25 2.2071 -11.85 -.25 35.9 6.5 -.25 8.5
4 14 -47.45 -.25 51.35 -46.85 -.25 50.75 -16.75 -.25 40.9 -50.1929 -.25 79.2071
3 14 -47.45 -.25 51.35 -50.1929 -.25 79.2071 -47.95 -.25 51.65
3 14 -47.95 -.25 51.65 -50.1929 -.25 79.2071 -48.45 -.25 51.85
3 14 -48.45 -.25 51.85 -50.1929 -.25 79.2071 -49.05 -.25 51.9
4 14 -16.75 -.25 40.9 -46.85 -.25 50.75 -46.1 -.25 49.75 -19.35 -.25 39.45
4 14 -43.55 -.25 46.75 -19.35 -.25 39.45 -46.1 -.25 49.75 -44.85 -.25 48.2
3 14 -19.35 -.25 39.45 -43.55 -.25 46.75 -42.05 -.25 45.2
4 14 -42.05 -.25 45.2 -40.25 -.25 43.5 -38.65 -.25 42 -19.35 -.25 39.45
4 14 -21.8 -.25 38.15 -19.35 -.25 39.45 -38.65 -.25 42 -37.25 -.25 40.85
4 14 -35.6 -.25 39.55 -24.05 -.25 36.85 -21.8 -.25 38.15 -37.25 -.25 40.85
4 14 -35.6 -.25 39.55 -33.7 -.25 38.3 -32.05 -.25 37.3 -24.05 -.25 36.85
4 14 -28.65 -.25 35.75 -24.05 -.25 36.85 -32.05 -.25 37.3 -30.45 -.25 36.45
3 14 -25.95 -.25 35.7 -24.05 -.25 36.85 -28.65 -.25 35.75
3 14 -25.95 -.25 35.7 -28.65 -.25 35.75 -26.85 -.25 35.15
3 14 -46.35 -.25 17.15 -47.65 -.25 19.25 -49.666 -.25 8.8
4 14 -49.15 -.25 21.85 -49.666 -.25 8.8 -47.65 -.25 19.25 -48.6 -.25 20.9
3 14 -49.15 -.25 21.85 -49.65 -.25 22.7 -49.666 -.25 8.8
4 14 -53.15 -.25 29.05 -49.666 -.25 8.8 -49.65 -.25 22.7 -51.8 -.25 26.85
3 14 -53.15 -.25 29.05 -54.2 -.25 30.85 -49.666 -.25 8.8
3 14 -54.2 -.25 30.85 -55.25 -.25 32.7 -49.666 -.25 8.8
4 14 -57 -.25 36 -49.666 -.25 8.8 -55.25 -.25 32.7 -56 -.25 34.2
3 14 -57 -.25 36 -57.95 -.25 37.65 -49.666 -.25 8.8
4 14 -57.95 -.25 37.65 -59.5 -.25 40.5 -88.2239 -.25 78.1173 -49.666 -.25 8.8
3 14 -64.45 -.25 49.25 -88.2239 -.25 78.1173 -63.1 -.25 46.9
4 14 -61.1 -.25 43.45 -61.9 -.25 44.85 -63.1 -.25 46.9 -88.2239 -.25 78.1173
4 14 -61.1 -.25 43.45 -88.2239 -.25 78.1173 -59.5 -.25 40.5 -60.65 -.25 42.65
3 14 26.8071 -.25 2.2071 -13.35 -.25 37.5 -11.85 -.25 35.9
3 14 26.8071 -.25 2.2071 -15.1 -.25 39.3 -13.35 -.25 37.5
4 14 26.8071 -.25 2.2071 -50.1929 -.25 79.2071 -16.75 -.25 40.9 -15.1 -.25 39.3
4 14 -20.5026 -.25 35.7203 -20.5564 -.25 35.45 -19.1436 -.25 35.45 -19.1974 -.25 35.7203
4 14 -19.3505 -.25 35.9495 -20.3495 -.25 35.9495 -20.5026 -.25 35.7203 -19.1974 -.25 35.7203
3 14 -19.3505 -.25 35.9495 -19.5797 -.25 36.1026 -20.3495 -.25 35.9495
4 14 -20.3495 -.25 35.9495 -19.5797 -.25 36.1026 -19.85 -.25 36.1564 -20.1203 -.25 36.1026
4 14 -19.1974 -.25 35.1797 -19.1436 -.25 35.45 -20.5564 -.25 35.45 -20.5026 -.25 35.1797
4 14 -19.3505 -.25 34.9505 -19.1974 -.25 35.1797 -20.5026 -.25 35.1797 -20.3495 -.25 34.9505
4 14 -20.3495 -.25 34.9505 -20.1203 -.25 34.7974 -19.5797 -.25 34.7974 -19.3505 -.25 34.9505
3 14 -19.5797 -.25 34.7974 -20.1203 -.25 34.7974 -19.85 -.25 34.7436
4 14 -5.9104 -.25 4.0226 -20 -.25 3.5 26.1 -.25 .5 6.5 -.25 3.5

4 0 -19.519 -.25 4.1043 -18.9968 -.25 4.5686 -18.9968 -.25 8.0321 -19.519 -.25 8.0321
4 0 -19.519 -.25 4.1043 -17.0343 -.25 4.1043 -17.0343 -.25 4.5686 -18.9968 -.25 4.5686
4 0 -16.0806 -.25 5.3521 -16.4865 -.25 4.9234 -16.3544 -.25 4.711 -15.9523 -.25 5.0816
4 0 -16.0806 -.25 5.3521 -16.1647 -.25 5.6791 -16.7203 -.25 5.737 -16.6728 -.25 5.4375
4 0 -16.4865 -.25 4.9234 -16.0806 -.25 5.3521 -16.6728 -.25 5.4375 -16.5937 -.25 5.166
4 0 -16.1647 -.25 5.6791 -16.1927 -.25 6.0641 -16.7361 -.25 6.0641 -16.7203 -.25 5.737
4 0 -15.9523 -.25 5.0816 -16.3544 -.25 4.711 -16.1979 -.25 4.529 -15.7918 -.25 4.8667
4 0 -15.3604 -.25 4.5778 -15.5917 -.25 4.6969 -15.9167 -.25 4.307 -15.59 -.25 4.1531
4 0 -15.5917 -.25 4.6969 -15.7918 -.25 4.8667 -16.1979 -.25 4.529 -15.9167 -.25 4.307
4 0 -16.0912 -.25 6.7619 -16.6752 -.25 6.6657 -16.7209 -.25 6.3763 -16.1674 -.25 6.4364
4 0 -16.6752 -.25 6.6657 -16.0912 -.25 6.7619 -16.4941 -.25 7.1738 -16.5989 -.25 6.9321
4 0 -16.0912 -.25 6.7619 -15.9695 -.25 7.0379 -16.3622 -.25 7.3892 -16.4941 -.25 7.1738
4 0 -15.9695 -.25 7.0379 -15.8076 -.25 7.2618 -16.2033 -.25 7.5783 -16.3622 -.25 7.3892
4 0 -16.7361 -.25 6.0641 -16.1927 -.25 6.0641 -16.1674 -.25 6.4364 -16.7209 -.25 6.3763
4 0 -16.2033 -.25 7.5783 -15.8076 -.25 7.2618 -15.6074 -.25 7.4382 -15.9266 -.25 7.8039
4 0 -15.9266 -.25 7.8039 -15.6074 -.25 7.4382 -15.3815 -.25 7.5613 -15.5979 -.25 7.9688
3 0 -14.4741 -.25 4.5164 -14.8131 -.25 4.033 -14.3976 -.25 4.0687
4 0 -14.8396 -.25 4.4841 -15.1068 -.25 4.5076 -15.3483 -.25 4.0864 -15.0893 -.25 4.0464
4 0 -15.0893 -.25 4.0464 -14.8131 -.25 4.033 -14.4741 -.25 4.5164 -14.8396 -.25 4.4841
4 0 -14.1326 -.25 4.6135 -14.4741 -.25 4.5164 -14.3976 -.25 4.0687 -14.0482 -.25 4.1544
4 0 -13.8133 -.25 4.775 -14.1326 -.25 4.6135 -14.0482 -.25 4.1544 -13.7409 -.25 4.2704
3 0 -13.8133 -.25 4.775 -13.7409 -.25 4.2704 -13.4784 -.25 4.3893
4 0 -13.8133 -.25 4.775 -13.4784 -.25 4.3893 -13.4784 -.25 5.0012 -13.5154 -.25 5.0012
4 0 -15.3528 -.25 8.0434 -15.1279 -.25 7.6334 -14.8448 -.25 7.6575 -15.0903 -.25 8.0883
4 0 -15.0903 -.25 8.0883 -14.8448 -.25 7.6575 -14.4944 -.25 8.0841 -14.8106 -.25 8.1034
4 0 -14.8448 -.25 7.6575 -14.492 -.25 7.6264 -14.1787 -.25 8.0267 -14.4944 -.25 8.0841
4 0 -15.5979 -.25 7.9688 -15.3815 -.25 7.5613 -15.1279 -.25 7.6334 -15.3528 -.25 8.0434
4 0 -13.5179 -.25 7.1379 -13.4784 -.25 7.1379 -13.4784 -.25 7.7578 -13.7336 -.25 7.3025
4 0 -13.7274 -.25 7.8732 -13.9482 -.25 7.4345 -13.7336 -.25 7.3025 -13.4784 -.25 7.7578
4 0 -14.492 -.25 7.6264 -14.1616 -.25 7.5336 -13.9609 -.25 7.9629 -14.1787 -.25 8.0267
4 0 -14.1616 -.25 7.5336 -13.9482 -.25 7.4345 -13.7274 -.25 7.8732 -13.9609 -.25 7.9629
4 0 -15.59 -.25 4.1531 -15.3483 -.25 4.0864 -15.1068 -.25 4.5076 -15.3604 -.25 4.5778
4 0 -9.6177 -.25 6.0616 -11.2637 -.25 6.0616 -11.2637 -.25 5.5842 -9.6177 -.25 5.5842
4 0 -6.7901 -.25 4.6866 -7.0341 -.25 4.8218 -7.0736 -.25 4.8218 -7.0736 -.25 4.2704
4 0 -7.0736 -.25 4.2704 -6.8421 -.25 4.1818 -6.5065 -.25 4.5765 -6.7901 -.25 4.6866
4 0 -6.8421 -.25 4.1818 -6.5539 -.25 4.1004 -6.2084 -.25 4.5032 -6.5065 -.25 4.5765
4 0 -6.5539 -.25 4.1004 -6.2349 -.25 4.042 -5.9209 -.25 4.4789 -6.2084 -.25 4.5032
3 0 -5.9209 -.25 4.4789 -6.2349 -.25 4.042 -5.9104 -.25 4.0226
4 0 -5.9104 -.25 4.0226 -5.604 -.25 4.0445 -5.5675 -.25 4.5343 -5.9209 -.25 4.4789
4 0 -6.1662 -.25 6.4546 -6.1662 -.25 6.0167 -5.9288 -.25 6.0167 -5.9816 -.25 6.4546
4 0 -5.0732 -.25 4.2233 -5.5675 -.25 4.5343 -5.604 -.25 4.0445 -5.3234 -.25 4.1109
4 0 -6.6753 -.25 7.4596 -6.9603 -.25 7.8658 -6.9603 -.25 7.3146 -6.9338 -.25 7.3146
4 0 -6.1526 -.25 8.0944 -6.4604 -.25 8.036 -6.401 -.25 7.5678 -6.1266 -.25 7.635
3 0 -6.4604 -.25 8.036 -6.7417 -.25 7.9546 -6.401 -.25 7.5678
4 0 -6.9603 -.25 7.8658 -6.6753 -.25 7.4596 -6.401 -.25 7.5678 -6.7417 -.25 7.9546
4 0 -5.5648 -.25 5.9863 -5.6212 -.25 6.4965 -5.9816 -.25 6.4546 -5.9288 -.25 6.0167
4 0 -5.855 -.25 8.1138 -6.1526 -.25 8.0944 -6.1266 -.25 7.635 -5.8682 -.25 7.6575
4 0 -5.855 -.25 8.1138 -5.8682 -.25 7.6575 -5.5753 -.25 7.6312 -5.5846 -.25 8.1007
4 0 -5.3327 -.25 7.5361 -5.3485 -.25 8.0611 -5.5846 -.25 8.1007 -5.5753 -.25 7.6312
4 0 -4.7761 -.25 5.9956 -5.0531 -.25 6.1631 -5.2773 -.25 5.8742 -5.0913 -.25 5.6566
4 0 -5.5675 -.25 4.5343 -5.0732 -.25 4.2233 -4.8578 -.25 4.3839 -5.2641 -.25 4.6979
4 0 -4.7009 -.25 4.5647 -4.5834 -.25 4.7743 -4.5103 -.25 5.0097 -5.0833 -.25 4.9536
4 0 -5.0913 -.25 5.6566 -5.0241 -.25 5.3071 -4.5063 -.25 5.5143 -4.5677 -.25 5.7108
3 0 -4.5063 -.25 5.5143 -5.0241 -.25 5.3071 -4.4859 -.25 5.2676
4 0 -5.0833 -.25 4.9536 -4.5103 -.25 5.0097 -4.4859 -.25 5.2676 -5.0241 -.25 5.3071
4 0 -5.0833 -.25 4.9536 -5.2641 -.25 4.6979 -4.8578 -.25 4.3839 -4.7009 -.25 4.5647
3 0 -4.7761 -.25 5.9956 -5.0913 -.25 5.6566 -4.5677 -.25 5.7108
3 0 -5.342 -.25 6.6221 -5.6212 -.25 6.4965 -5.3431 -.25 6.2885
4 0 -5.3431 -.25 6.2885 -5.0501 -.25 6.3969 -5.1628 -.25 6.8282 -5.342 -.25 6.6221
3 0 -5.3485 -.25 8.0611 -5.3327 -.25 7.5361 -4.9528 -.25 7.8923
4 0 -4.7985 -.25 6.5958 -4.6253 -.25 6.8605 -5.1031 -.25 7.1115 -5.1628 -.25 6.8282
4 0 -5.5648 -.25 5.9863 -5.3431 -.25 6.2515 -5.3431 -.25 6.2885 -5.6212 -.25 6.4965
4 0 -5.5648 -.25 5.9863 -5.2773 -.25 5.8742 -5.0531 -.25 6.1631 -5.3431 -.25 6.2515
4 0 -5.3327 -.25 7.5361 -5.1639 -.25 7.3607 -4.6653 -.25 7.5862 -4.9528 -.25 7.8923
4 0 -5.1031 -.25 7.1115 -4.5677 -.25 7.1669 -4.6653 -.25 7.5862 -5.1639 -.25 7.3607
3 0 -4.5677 -.25 7.1669 -5.1031 -.25 7.1115 -4.6253 -.25 6.8605
3 0 -5.1628 -.25 6.8282 -5.0501 -.25 6.3969 -4.7985 -.25 6.5958
4 0 -1.1202 -.25 4.1043 -2.4285 -.25 4.5052 -3.2463 -.25 4.5052 -3.2463 -.25 4.1043
3 0 -2.8903 -.25 7.5243 -3.2463 -.25 7.4966 -3.2463 -.25 7.1379
4 0 -3.2463 -.25 7.1379 -2.4285 -.25 7.1379 -2.6028 -.25 7.6047 -2.8903 -.25 7.5243
3 0 -1.9221 -.25 4.5052 -1.1202 -.25 4.1043 -1.1202 -.25 4.5052
3 0 -2.4285 -.25 4.5052 -1.1202 -.25 4.1043 -1.9221 -.25 4.5052
4 0 -1.9221 -.25 8.0453 -2.4115 -.25 7.7723 -2.6028 -.25 7.6047 -2.4285 -.25 7.1379
3 0 -2.331 -.25 8.0453 -2.4115 -.25 7.7723 -1.9221 -.25 8.0453
4 0 -1.9221 -.25 8.0453 -2.4285 -.25 7.1379 -2.4285 -.25 4.5052 -1.9221 -.25 4.5052
4 0 2.649 -.25 8.0321 -.039 -.25 8.0321 -.039 -.25 7.5704 2.1979 -.25 7.5704
4 0 2.649 -.25 7.4438 2.1979 -.25 7.5704 .3066 -.25 4.1043 .8711 -.25 4.1043
3 0 2.649 -.25 8.0321 2.1979 -.25 7.5704 2.649 -.25 7.4438
4 0 3.4111 -.25 5.1885 3.4532 -.25 4.866 4.0052 -.25 4.9028 3.9439 -.25 5.228
3 0 4.0052 -.25 4.9028 3.4532 -.25 4.866 3.5793 -.25 4.5846
4 0 3.6011 -.25 5.7807 3.4586 -.25 5.5001 3.9439 -.25 5.228 3.9799 -.25 5.4932
4 0 3.8298 -.25 6.0184 3.6011 -.25 5.7807 3.9799 -.25 5.4932 4.0878 -.25 5.7292
3 0 3.4586 -.25 5.5001 3.4111 -.25 5.1885 3.9439 -.25 5.228
4 0 4.1892 -.25 4.6398 4.0052 -.25 4.9028 3.5793 -.25 4.5846 3.7896 -.25 4.3444
4 0 4.4676 -.25 4.4657 4.1892 -.25 4.6398 3.9951 -.25 4.2 4.2331 -.25 4.097
4 0 4.2331 -.25 4.097 4.5036 -.25 4.0352 4.8118 -.25 4.4077 4.4676 -.25 4.4657
4 0 5.1152 -.25 6.3228 4.7577 -.25 6.4494 4.4688 -.25 6.08 4.862 -.25 5.9402
4 0 4.0878 -.25 5.7292 4.2549 -.25 5.9277 4.1366 -.25 6.2014 3.8298 -.25 6.0184
3 0 4.1892 -.25 4.6398 3.7896 -.25 4.3444 3.9951 -.25 4.2
4 0 4.0467 -.25 7.1483 3.5545 -.25 6.812 3.6682 -.25 6.5865 4.1536 -.25 6.82
4 0 3.8806 -.25 7.8263 3.6784 -.25 7.6129 3.557 -.25 7.3666 4.0999 -.25 7.3897
3 0 4.0999 -.25 7.3897 3.557 -.25 7.3666 4.0467 -.25 7.1483
4 0 4.1453 -.25 7.9904 3.8806 -.25 7.8263 4.0999 -.25 7.3897 4.2591 -.25 7.5758
4 0 3.5545 -.25 6.812 4.0467 -.25 7.1483 3.557 -.25 7.3666 3.5166 -.25 7.0877
4 0 4.1366 -.25 6.2173 4.1536 -.25 6.82 3.6682 -.25 6.5865 3.8612 -.25 6.394
4 0 4.2549 -.25 5.9277 4.4688 -.25 6.08 4.1366 -.25 6.2173 4.1366 -.25 6.2014
3 0 4.1536 -.25 6.82 4.1366 -.25 6.2173 4.4767 -.25 6.5733
4 0 4.7577 -.25 6.4494 4.4767 -.25 6.5733 4.1366 -.25 6.2173 4.4688 -.25 6.08
4 0 4.8064 -.25 8.1218 4.4539 -.25 8.0888 4.5016 -.25 7.6945 4.8039 -.25 7.734
4 0 4.2591 -.25 7.5758 4.5016 -.25 7.6945 4.4539 -.25 8.0888 4.1453 -.25 7.9904
3 0 4.8118 -.25 4.4077 4.5036 -.25 4.0352 4.8064 -.25 4.0146
4 0 5.1583 -.25 4.4571 4.8118 -.25 4.4077 4.8064 -.25 4.0146 5.0945 -.25 4.0358
4 0 5.3568 -.25 4.0991 5.5937 -.25 4.2046 5.4277 -.25 4.6055 5.1583 -.25 4.4571
3 0 5.1583 -.25 4.4571 5.0945 -.25 4.0358 5.3568 -.25 4.0991
4 0 5.4422 -.25 6.1803 5.1152 -.25 6.3228 4.862 -.25 5.9402 5.1336 -.25 5.832
4 0 6.0068 -.25 5.7898 5.7681 -.25 6.0035 5.3938 -.25 5.6846 5.5516 -.25 5.5379
4 0 5.5937 -.25 4.2046 5.8049 -.25 4.3523 5.6008 -.25 4.8402 5.4277 -.25 4.6055
4 0 5.8049 -.25 4.3523 6.0255 -.25 4.5964 6.1579 -.25 4.8787 5.6008 -.25 4.8402
4 0 6.0068 -.25 5.7898 5.5516 -.25 5.5379 5.6585 -.25 5.149 6.1531 -.25 5.5261
3 0 6.1531 -.25 5.5261 5.6585 -.25 5.149 6.2019 -.25 5.1989
4 0 5.6008 -.25 4.8402 6.1579 -.25 4.8787 6.2019 -.25 5.1989 5.6585 -.25 5.149
4 0 5.1336 -.25 5.832 5.3938 -.25 5.6846 5.7681 -.25 6.0035 5.4422 -.25 6.1803
4 0 5.4422 -.25 6.1803 5.4422 -.25 6.1962 5.336 -.25 6.5 5.1152 -.25 6.3228
4 0 5.4765 -.25 6.6841 5.336 -.25 6.5 5.4422 -.25 6.1962 5.7252 -.25 6.3692
4 0 4.8064 -.25 8.1218 4.8039 -.25 7.734 5.1115 -.25 7.6921 5.1723 -.25 8.0904
4 0 5.1723 -.25 8.0904 5.1115 -.25 7.6921 5.3592 -.25 7.5665 5.4853 -.25 7.9963
3 0 5.5516 -.25 6.886 5.9303 -.25 6.5983 6.0549 -.25 6.858
4 0 5.5516 -.25 6.886 5.4765 -.25 6.6841 5.7252 -.25 6.3692 5.9303 -.25 6.5983
4 0 5.5516 -.25 6.886 6.0549 -.25 6.858 6.0964 -.25 7.122 5.5768 -.25 7.1168
4 0 5.4853 -.25 7.9963 5.3592 -.25 7.5665 5.5224 -.25 7.3703 5.7456 -.25 7.8395
4 0 5.7456 -.25 7.8395 5.5224 -.25 7.3703 6.0574 -.25 7.3951 5.9404 -.25 7.6344
4 0 6.0964 -.25 7.122 6.0574 -.25 7.3951 5.5224 -.25 7.3703 5.5768 -.25 7.1168
3 14 -18.9968 -.25 8.0321 -16.6752 -.25 6.6657 -16.5989 -.25 6.9321
4 14 -16.6752 -.25 6.6657 -18.9968 -.25 8.0321 -18.9968 -.25 4.5686 -16.7209 -.25 6.3763
3 14 -16.7209 -.25 6.3763 -18.9968 -.25 4.5686 -16.7361 -.25 6.0641
4 14 -16.7361 -.25 6.0641 -18.9968 -.25 4.5686 -17.0343 -.25 4.5686 -16.7203 -.25 5.737
3 14 -16.7203 -.25 5.737 -17.0343 -.25 4.5686 -16.6728 -.25 5.4375
3 14 -16.6728 -.25 5.4375 -17.0343 -.25 4.5686 -16.5937 -.25 5.166
4 14 -16.5937 -.25 5.166 -17.0343 -.25 4.5686 -17.0343 -.25 4.1043 -16.4865 -.25 4.9234
3 14 -16.4865 -.25 4.9234 -17.0343 -.25 4.1043 -16.3544 -.25 4.711
3 14 -16.3544 -.25 4.711 -17.0343 -.25 4.1043 -16.1979 -.25 4.529
3 14 -16.1979 -.25 4.529 -17.0343 -.25 4.1043 -15.9167 -.25 4.307
3 14 -15.9167 -.25 4.307 -17.0343 -.25 4.1043 -15.59 -.25 4.1531
3 14 -15.59 -.25 4.1531 -17.0343 -.25 4.1043 -15.3483 -.25 4.0864
4 14 -15.3483 -.25 4.0864 -17.0343 -.25 4.1043 -19.519 -.25 4.1043 -20 -.25 3.5
3 14 -15.3483 -.25 4.0864 -20 -.25 3.5 -15.0893 -.25 4.0464
4 14 -19.519 -.25 8.0321 -20 -.25 8.5 -20 -.25 3.5 -19.519 -.25 4.1043
3 14 -20 -.25 8.5 -19.519 -.25 8.0321 -18.9968 -.25 8.0321
4 14 -15.3528 -.25 8.0434 -20 -.25 8.5 -18.9968 -.25 8.0321 -15.5979 -.25 7.9688
3 14 -18.9968 -.25 8.0321 -15.9266 -.25 7.8039 -15.5979 -.25 7.9688
3 14 -18.9968 -.25 8.0321 -16.2033 -.25 7.5783 -15.9266 -.25 7.8039
3 14 -18.9968 -.25 8.0321 -16.3622 -.25 7.3892 -16.2033 -.25 7.5783
3 14 -18.9968 -.25 8.0321 -16.4941 -.25 7.1738 -16.3622 -.25 7.3892
3 14 -18.9968 -.25 8.0321 -16.5989 -.25 6.9321 -16.4941 -.25 7.1738
4 14 -13.4784 -.25 7.1379 -13.5179 -.25 7.1379 -13.5154 -.25 5.0012 -13.4784 -.25 5.0012
4 14 -11.2637 -.25 5.5842 -11.2637 -.25 6.0616 -13.4784 -.25 7.1379 -13.4784 -.25 5.0012
4 14 -13.8133 -.25 4.775 -13.5154 -.25 5.0012 -13.5179 -.25 7.1379 -13.7336 -.25 7.3025
4 14 -13.8133 -.25 4.775 -13.7336 -.25 7.3025 -13.9482 -.25 7.4345 -14.1326 -.25 4.6135
3 14 -14.1616 -.25 7.5336 -14.1326 -.25 4.6135 -13.9482 -.25 7.4345
4 14 -14.4741 -.25 4.5164 -14.1326 -.25 4.6135 -14.1616 -.25 7.5336 -14.492 -.25 7.6264
4 14 -14.8448 -.25 7.6575 -14.8396 -.25 4.4841 -14.4741 -.25 4.5164 -14.492 -.25 7.6264
4 14 -14.8448 -.25 7.6575 -15.1279 -.25 7.6334 -15.1068 -.25 4.5076 -14.8396 -.25 4.4841
4 14 -15.5917 -.25 4.6969 -15.3604 -.25 4.5778 -15.1068 -.25 4.5076 -15.1279 -.25 7.6334
4 14 -15.3815 -.25 7.5613 -15.7918 -.25 4.8667 -15.5917 -.25 4.6969 -15.1279 -.25 7.6334
4 14 -15.3815 -.25 7.5613 -15.6074 -.25 7.4382 -15.8076 -.25 7.2618 -15.7918 -.25 4.8667
4 14 -16.0912 -.25 6.7619 -15.7918 -.25 4.8667 -15.8076 -.25 7.2618 -15.9695 -.25 7.0379
4 14 -16.0912 -.25 6.7619 -16.1674 -.25 6.4364 -15.9523 -.25 5.0816 -15.7918 -.25 4.8667
4 14 -16.1647 -.25 5.6791 -16.0806 -.25 5.3521 -15.9523 -.25 5.0816 -16.1674 -.25 6.4364
3 14 -16.1674 -.25 6.4364 -16.1927 -.25 6.0641 -16.1647 -.25 5.6791
3 14 -13.4784 -.25 7.7578 -13.4784 -.25 7.1379 -11.2637 -.25 6.0616
4 14 -11.2637 -.25 6.0616 -9.6177 -.25 6.0616 -6.9603 -.25 7.8658 -13.4784 -.25 7.7578
3 14 -6.9603 -.25 7.8658 -9.6177 -.25 6.0616 -6.9603 -.25 7.3146
3 14 -11.2637 -.25 5.5842 -13.4784 -.25 5.0012 -13.4784 -.25 4.3893
4 14 -11.2637 -.25 5.5842 -13.4784 -.25 4.3893 -7.0736 -.25 4.2704 -9.6177 -.25 5.5842
3 14 -9.6177 -.25 5.5842 -7.0736 -.25 4.2704 -7.0736 -.25 4.8218
4 14 -7.0736 -.25 4.8218 -7.0341 -.25 4.8218 -6.9338 -.25 7.3146 -6.9603 -.25 7.3146
4 14 -9.6177 -.25 5.5842 -7.0736 -.25 4.8218 -6.9603 -.25 7.3146 -9.6177 -.25 6.0616
4 14 -6.401 -.25 7.5678 -6.6753 -.25 7.4596 -6.9338 -.25 7.3146 -6.1662 -.25 6.4546
4 14 -6.401 -.25 7.5678 -6.1662 -.25 6.4546 -5.8682 -.25 7.6575 -6.1266 -.25 7.635
3 14 -5.8682 -.25 7.6575 -6.1662 -.25 6.4546 -5.9816 -.25 6.4546
4 14 -5.5753 -.25 7.6312 -5.8682 -.25 7.6575 -5.9816 -.25 6.4546 -5.6212 -.25 6.4965
4 14 -5.342 -.25 6.6221 -5.3327 -.25 7.5361 -5.5753 -.25 7.6312 -5.6212 -.25 6.4965
4 14 -5.1639 -.25 7.3607 -5.3327 -.25 7.5361 -5.342 -.25 6.6221 -5.1628 -.25 6.8282
3 14 -5.1639 -.25 7.3607 -5.1628 -.25 6.8282 -5.1031 -.25 7.1115
4 14 -7.0341 -.25 4.8218 -6.1662 -.25 6.0167 -6.1662 -.25 6.4546 -6.9338 -.25 7.3146
4 14 -7.0341 -.25 4.8218 -6.7901 -.25 4.6866 -6.5065 -.25 4.5765 -6.1662 -.25 6.0167
4 14 -5.9209 -.25 4.4789 -6.1662 -.25 6.0167 -6.5065 -.25 4.5765 -6.2084 -.25 4.5032
4 14 -5.9209 -.25 4.4789 -5.5675 -.25 4.5343 -5.9288 -.25 6.0167 -6.1662 -.25 6.0167
4 14 -5.2773 -.25 5.8742 -5.5648 -.25 5.9863 -5.9288 -.25 6.0167 -5.5675 -.25 4.5343
4 14 -5.2773 -.25 5.8742 -5.5675 -.25 4.5343 -5.2641 -.25 4.6979 -5.0913 -.25 5.6566
4 14 -5.2641 -.25 4.6979 -5.0833 -.25 4.9536 -5.0241 -.25 5.3071 -5.0913 -.25 5.6566
4 14 -5.0501 -.25 6.3969 -5.3431 -.25 6.2885 -5.3431 -.25 6.2515 -5.0531 -.25 6.1631
4 14 -4.7761 -.25 5.9956 -4.7985 -.25 6.5958 -5.0501 -.25 6.3969 -5.0531 -.25 6.1631
4 14 -4.7985 -.25 6.5958 -4.7761 -.25 5.9956 -4.5677 -.25 5.7108 -4.6253 -.25 6.8605
3 14 -4.7009 -.25 4.5647 -4.8578 -.25 4.3839 -3.2463 -.25 4.1043
3 14 -4.8578 -.25 4.3839 -5.0732 -.25 4.2233 -3.2463 -.25 4.1043
3 14 -5.0732 -.25 4.2233 -5.3234 -.25 4.1109 -3.2463 -.25 4.1043
4 14 -3.2463 -.25 4.1043 -3.2463 -.25 4.5052 -4.5834 -.25 4.7743 -4.7009 -.25 4.5647
4 14 -4.5834 -.25 4.7743 -3.2463 -.25 4.5052 -3.2463 -.25 7.1379 -4.5103 -.25 5.0097
3 14 -3.2463 -.25 7.1379 -4.4859 -.25 5.2676 -4.5103 -.25 5.0097
3 14 -3.2463 -.25 7.1379 -4.5063 -.25 5.5143 -4.4859 -.25 5.2676
4 14 -4.6253 -.25 6.8605 -4.5677 -.25 5.7108 -4.5063 -.25 5.5143 -3.2463 -.25 7.1379
4 14 -4.6253 -.25 6.8605 -3.2463 -.25 7.1379 -3.2463 -.25 7.4966 -4.5677 -.25 7.1669
3 14 -4.6653 -.25 7.5862 -4.5677 -.25 7.1669 -3.2463 -.25 7.4966
4 14 -3.2463 -.25 4.5052 -2.4285 -.25 4.5052 -2.4285 -.25 7.1379 -3.2463 -.25 7.1379
4 14 -2.8903 -.25 7.5243 -4.9528 -.25 7.8923 -4.6653 -.25 7.5862 -3.2463 -.25 7.4966
4 14 -2.8903 -.25 7.5243 -2.6028 -.25 7.6047 -2.4115 -.25 7.7723 -4.9528 -.25 7.8923
4 14 -5.3485 -.25 8.0611 -4.9528 -.25 7.8923 -2.4115 -.25 7.7723 -2.331 -.25 8.0453
4 14 -1.9221 -.25 4.5052 -.039 -.25 7.5704 -.039 -.25 8.0321 -1.9221 -.25 8.0453
3 14 -.039 -.25 7.5704 -1.9221 -.25 4.5052 -1.1202 -.25 4.5052
4 14 -1.1202 -.25 4.1043 .3066 -.25 4.1043 -.039 -.25 7.5704 -1.1202 -.25 4.5052
3 14 -.039 -.25 7.5704 .3066 -.25 4.1043 2.1979 -.25 7.5704
4 14 3.6784 -.25 7.6129 2.649 -.25 8.0321 2.649 -.25 7.4438 3.557 -.25 7.3666
3 14 2.649 -.25 8.0321 3.6784 -.25 7.6129 3.8806 -.25 7.8263
3 14 2.649 -.25 8.0321 3.8806 -.25 7.8263 4.1453 -.25 7.9904
3 14 4.4539 -.25 8.0888 2.649 -.25 8.0321 4.1453 -.25 7.9904
3 14 2.649 -.25 7.4438 3.5166 -.25 7.0877 3.557 -.25 7.3666
4 14 3.5166 -.25 7.0877 2.649 -.25 7.4438 3.4586 -.25 5.5001 3.5545 -.25 6.812
4 14 3.6682 -.25 6.5865 3.5545 -.25 6.812 3.4586 -.25 5.5001 3.6011 -.25 5.7807
4 14 3.8612 -.25 6.394 3.6682 -.25 6.5865 3.6011 -.25 5.7807 3.8298 -.25 6.0184
4 14 3.8298 -.25 6.0184 4.1366 -.25 6.2014 4.1366 -.25 6.2173 3.8612 -.25 6.394
4 14 .8711 -.25 4.1043 3.4111 -.25 5.1885 3.4586 -.25 5.5001 2.649 -.25 7.4438
3 14 3.4111 -.25 5.1885 .8711 -.25 4.1043 3.4532 -.25 4.866
3 14 3.4532 -.25 4.866 .8711 -.25 4.1043 3.5793 -.25 4.5846
3 14 3.5793 -.25 4.5846 .8711 -.25 4.1043 3.7896 -.25 4.3444
3 14 3.7896 -.25 4.3444 .8711 -.25 4.1043 3.9951 -.25 4.2
3 14 3.9951 -.25 4.2 .8711 -.25 4.1043 4.2331 -.25 4.097
3 14 5.8049 -.25 4.3523 5.5937 -.25 4.2046 6.5 -.25 3.5
3 14 6.0255 -.25 4.5964 5.8049 -.25 4.3523 6.5 -.25 3.5
3 14 6.1579 -.25 4.8787 6.0255 -.25 4.5964 6.5 -.25 3.5
3 14 6.2019 -.25 5.1989 6.1579 -.25 4.8787 6.5 -.25 3.5
4 14 5.4422 -.25 6.1803 5.7681 -.25 6.0035 5.7252 -.25 6.3692 5.4422 -.25 6.1962
4 14 6.0068 -.25 5.7898 5.9303 -.25 6.5983 5.7252 -.25 6.3692 5.7681 -.25 6.0035
4 14 6.1531 -.25 5.5261 6.0549 -.25 6.858 5.9303 -.25 6.5983 6.0068 -.25 5.7898
3 14 6.5 -.25 8.5 5.7456 -.25 7.8395 5.9404 -.25 7.6344
3 14 6.5 -.25 8.5 5.9404 -.25 7.6344 6.0574 -.25 7.3951
3 14 6.5 -.25 8.5 6.0574 -.25 7.3951 6.0964 -.25 7.122
4 14 6.0549 -.25 6.858 6.1531 -.25 5.5261 6.5 -.25 8.5 6.0964 -.25 7.122
4 14 6.1531 -.25 5.5261 6.2019 -.25 5.1989 6.5 -.25 3.5 6.5 -.25 8.5
3 14 6.5 -.25 8.5 5.4853 -.25 7.9963 5.7456 -.25 7.8395
3 14 6.5 -.25 8.5 5.1723 -.25 8.0904 5.4853 -.25 7.9963
3 14 6.5 -.25 8.5 4.8064 -.25 8.1218 5.1723 -.25 8.0904
4 14 4.4539 -.25 8.0888 6.5 -.25 8.5 -.039 -.25 8.0321 2.649 -.25 8.0321
3 14 6.5 -.25 8.5 4.4539 -.25 8.0888 4.8064 -.25 8.1218
4 14 5.1152 -.25 6.3228 5.336 -.25 6.5 5.4765 -.25 6.6841 4.7577 -.25 6.4494
4 14 4.1536 -.25 6.82 4.4767 -.25 6.5733 4.7577 -.25 6.4494 5.4765 -.25 6.6841
4 14 4.0467 -.25 7.1483 4.1536 -.25 6.82 5.4765 -.25 6.6841 5.5516 -.25 6.886
4 14 4.0467 -.25 7.1483 5.5516 -.25 6.886 4.2591 -.25 7.5758 4.0999 -.25 7.3897
4 14 4.8039 -.25 7.734 4.5016 -.25 7.6945 4.2591 -.25 7.5758 5.5516 -.25 6.886
4 14 5.5516 -.25 6.886 5.5768 -.25 7.1168 5.5224 -.25 7.3703 4.8039 -.25 7.734
4 14 5.1115 -.25 7.6921 4.8039 -.25 7.734 5.5224 -.25 7.3703 5.3592 -.25 7.5665
4 14 4.4688 -.25 6.08 4.2549 -.25 5.9277 5.1336 -.25 5.832 4.862 -.25 5.9402
4 14 4.2549 -.25 5.9277 4.0878 -.25 5.7292 3.9799 -.25 5.4932 5.1336 -.25 5.832
4 14 5.5516 -.25 5.5379 5.3938 -.25 5.6846 5.1336 -.25 5.832 3.9799 -.25 5.4932
4 14 3.9439 -.25 5.228 5.6585 -.25 5.149 5.5516 -.25 5.5379 3.9799 -.25 5.4932
4 14 3.9439 -.25 5.228 4.0052 -.25 4.9028 4.1892 -.25 4.6398 5.6585 -.25 5.149
4 14 5.4277 -.25 4.6055 5.6008 -.25 4.8402 5.6585 -.25 5.149 4.1892 -.25 4.6398
4 14 5.4277 -.25 4.6055 4.1892 -.25 4.6398 4.8118 -.25 4.4077 5.1583 -.25 4.4571
3 14 4.1892 -.25 4.6398 4.4676 -.25 4.4657 4.8118 -.25 4.4077
3 14 5.5937 -.25 4.2046 5.3568 -.25 4.0991 6.5 -.25 3.5
3 14 5.3568 -.25 4.0991 5.0945 -.25 4.0358 6.5 -.25 3.5
3 14 5.0945 -.25 4.0358 4.8064 -.25 4.0146 6.5 -.25 3.5
4 14 4.2331 -.25 4.097 .8711 -.25 4.1043 6.5 -.25 3.5 4.5036 -.25 4.0352
3 14 4.5036 -.25 4.0352 6.5 -.25 3.5 4.8064 -.25 4.0146
3 14 .8711 -.25 4.1043 .3066 -.25 4.1043 6.5 -.25 3.5
3 14 -1.1202 -.25 4.1043 6.5 -.25 3.5 .3066 -.25 4.1043
4 14 -5.604 -.25 4.0445 6.5 -.25 3.5 -1.1202 -.25 4.1043 -3.2463 -.25 4.1043
3 14 -5.3234 -.25 4.1109 -5.604 -.25 4.0445 -3.2463 -.25 4.1043
3 14 -5.604 -.25 4.0445 -5.9104 -.25 4.0226 6.5 -.25 3.5
4 14 -7.0736 -.25 4.2704 -13.4784 -.25 4.3893 -13.7409 -.25 4.2704 -6.8421 -.25 4.1818
4 14 -14.0482 -.25 4.1544 -6.5539 -.25 4.1004 -6.8421 -.25 4.1818 -13.7409 -.25 4.2704
4 14 -14.0482 -.25 4.1544 -14.3976 -.25 4.0687 -6.2349 -.25 4.042 -6.5539 -.25 4.1004
3 14 -6.2349 -.25 4.042 -20 -.25 3.5 -5.9104 -.25 4.0226
3 14 -15.0893 -.25 4.0464 -20 -.25 3.5 -14.8131 -.25 4.033
4 14 -14.3976 -.25 4.0687 -14.8131 -.25 4.033 -20 -.25 3.5 -6.2349 -.25 4.042
3 14 -20 -.25 8.5 -15.3528 -.25 8.0434 -15.0903 -.25 8.0883
3 14 -20 -.25 8.5 -15.0903 -.25 8.0883 -14.8106 -.25 8.1034
4 14 -13.4784 -.25 7.7578 -6.9603 -.25 7.8658 -6.7417 -.25 7.9546 -13.7274 -.25 7.8732
4 14 -13.7274 -.25 7.8732 -6.7417 -.25 7.9546 -6.4604 -.25 8.036 -13.9609 -.25 7.9629
4 14 -6.1526 -.25 8.0944 -14.1787 -.25 8.0267 -13.9609 -.25 7.9629 -6.4604 -.25 8.036
3 14 -6.1526 -.25 8.0944 -14.4944 -.25 8.0841 -14.1787 -.25 8.0267
3 14 6.5 -.25 8.5 -1.9221 -.25 8.0453 -.039 -.25 8.0321
4 14 -5.3485 -.25 8.0611 -2.331 -.25 8.0453 -1.9221 -.25 8.0453 6.5 -.25 8.5
3 14 6.5 -.25 8.5 -5.5846 -.25 8.1007 -5.3485 -.25 8.0611
4 14 -5.855 -.25 8.1138 -14.8106 -.25 8.1034 -14.4944 -.25 8.0841 -6.1526 -.25 8.0944
4 14 6.5 -.25 8.5 -20 -.25 8.5 -14.8106 -.25 8.1034 -5.855 -.25 8.1138
3 14 6.5 -.25 8.5 -5.855 -.25 8.1138 -5.5846 -.25 8.1007

1 16 -50.9 0 78.5 0 0 1 0 -1 0 1 0 0 1-8chrd.dat
1 16 26.1 0 1.5 .70711 0 .70711 0 -1 0 .70711 0 -.70711 3-8chrd.dat
1 16 -87.3 0 78.5 0 0 -1 0 -1 0 1 0 0 5-16chrd.dat
1 16 -48.8 0 9.3 -.25882 0 -.96593 0 -1 0 -.96593 0 .25882 1-8chrd.dat
4 16 -88.2239 0 78.1173 -87.3 0 79.5 -50.9 0 79.5 -50.1929 0 79.2071
3 16 -50.1929 0 79.2071 -49.666 0 8.8 -88.2239 0 78.1173
4 16 -49.666 0 8.8 -50.1929 0 79.2071 -30.1827 0 .5761 -49.0588 0 8.3341
4 16 26.1 0 .5 -29.8 0 .5 -30.1827 0 .5761 -50.1929 0 79.2071
3 16 -50.1929 0 79.2071 26.8071 0 2.2071 26.1 0 .5

1 16 -50.9 -.25 78.5 0 0 1 0 .25 0 1 0 0 1-8cyli.dat
1 16 26.1 -.25 1.5 .70711 0 .70711 0 .25 0 .70711 0 -.70711 3-8cyli.dat
1 16 -87.3 -.25 78.5 0 0 -1 0 .25 0 1 0 0 5-16cyli.dat
1 16 -48.8 -.25 9.3 -.25882 0 -.96593 0 .25 0 -.96593 0 .25882 1-8cyli.dat
4 16 -29.8 0 .5 -29.8 -.25 .5 -30.1827 -.25 .5761 -30.1827 0 .5761
4 16 -30.1827 0 .5761 -30.1827 -.25 .5761 -49.0588 -.25 8.3341 -49.0588 0 8.3341
4 16 -49.666 0 8.8 -49.666 -.25 8.8 -88.2239 -.25 78.1173 -88.2239 0 78.1173
4 16 -87.3 0 79.5 -87.3 -.25 79.5 -50.9 -.25 79.5 -50.9 0 79.5
4 16 -50.1929 0 79.2071 -50.1929 -.25 79.2071 26.8071 -.25 2.2071 26.8071 0 2.2071
4 16 26.1 0 .5 26.1 -.25 .5 -29.8 -.25 .5 -29.8 0 .5
