0 Sticker  1.0 x  2.7 with Black "LC 3178"
0 Name: 4569188c.dat
0 Author: Evert-Jan Boer [ejboer]
0 !LDRAW_ORG Unofficial_Part
0 !LICENSE Licensed under CC BY 4.0 : see CAreadme.txt

0 BFC CERTIFY CCW

0 !KEYWORDS Seaplane, Set 3178

1 14 26.5 -.25 9 1 0 0 0 1 0 0 0 1 1-4chrd.dat
1 14 26.5 -.25 -9 0 0 1 0 1 0 -1 0 0 1-4chrd.dat
1 14 -26.5 -.25 -9 -1 0 0 0 1 0 0 0 -1 1-4chrd.dat
1 14 -26.5 -.25 9 0 0 -1 0 1 0 1 0 0 1-4chrd.dat
4 0 -24.5 -.25 -6.033 -18.9 -.25 -6.033 -18.9 -.25 -3.35 -21 -.25 -3.35
4 0 -24.5 -.25 -6.033 -21 -.25 -3.35 -21 -.25 6.033 -24.5 -.25 6.033
4 14 -14.887 -.25 3.55 -14.25 -.25 3.55 -14.7 -.25 4 -14.839 -.25 3.794
4 14 -13.613 -.25 3.55 -13.661 -.25 3.794 -13.8 -.25 4 -14.25 -.25 3.55
4 14 -14.25 -.25 4.187 -14.25 -.25 3.55 -13.8 -.25 4 -14.006 -.25 4.139
4 14 -14.25 -.25 4.187 -14.494 -.25 4.139 -14.7 -.25 4 -14.25 -.25 3.55
4 0 -18.364 -.25 -.35 -14.887 -.25 3.55 -18.285 -.25 3.753 -18.364 -.25 3.2
3 0 -18.051 -.25 4.284 -18.285 -.25 3.753 -14.887 -.25 3.55
4 0 -14.887 -.25 3.55 -14.839 -.25 3.794 -17.671 -.25 4.774 -18.051 -.25 4.284
4 0 -17.671 -.25 4.774 -14.839 -.25 3.794 -14.7 -.25 4 -17.159 -.25 5.203
3 0 -16.536 -.25 5.556 -17.159 -.25 5.203 -14.7 -.25 4
4 0 -16.536 -.25 5.556 -14.7 -.25 4 -14.494 -.25 4.139 -15.824 -.25 5.817
3 0 -15.053 -.25 5.979 -15.824 -.25 5.817 -14.494 -.25 4.139
4 0 -15.053 -.25 5.979 -14.494 -.25 4.139 -14.25 -.25 4.187 -14.25 -.25 6.033
4 0 -14.25 -.25 4.187 -14.006 -.25 4.139 -13.447 -.25 5.979 -14.25 -.25 6.033
4 0 -13.447 -.25 5.979 -14.006 -.25 4.139 -13.8 -.25 4 -12.676 -.25 5.817
4 0 -12.676 -.25 5.817 -13.8 -.25 4 -11.341 -.25 5.203 -11.964 -.25 5.556
4 0 -13.8 -.25 4 -13.661 -.25 3.794 -10.829 -.25 4.774 -11.341 -.25 5.203
4 0 -13.613 -.25 3.55 -10.449 -.25 4.284 -10.829 -.25 4.774 -13.661 -.25 3.794
3 0 -10.449 -.25 4.284 -13.613 -.25 3.55 -10.215 -.25 3.753
4 14 -2.737 -.25 3.65 -2.1 -.25 3.65 -2.55 -.25 4.1 -2.689 -.25 3.894
4 14 -1.463 -.25 2.55 -1.463 -.25 3.65 -1.511 -.25 3.894 -2.1 -.25 3.65
4 14 -1.511 -.25 3.894 -1.65 -.25 4.1 -1.856 -.25 4.239 -2.1 -.25 3.65
3 14 -2.1 -.25 4.287 -2.1 -.25 3.65 -1.856 -.25 4.239
4 14 -2.55 -.25 4.1 -2.1 -.25 3.65 -2.1 -.25 4.287 -2.344 -.25 4.239
4 0 -2.737 -.25 2.25 -2.737 -.25 3.65 -5.95 -.25 3.3 -5.95 -.25 2.25
3 0 -5.9 -.25 4.05 -5.95 -.25 3.3 -2.737 -.25 3.65
4 0 -2.689 -.25 3.894 -5.7 -.25 4.8 -5.9 -.25 4.05 -2.737 -.25 3.65
4 0 -5.7 -.25 4.8 -2.689 -.25 3.894 -4.6 -.25 5.75 -5.3 -.25 5.35
4 0 -2.689 -.25 3.894 -2.55 -.25 4.1 -3.8 -.25 5.95 -4.6 -.25 5.75
4 0 -2.55 -.25 4.1 -2.344 -.25 4.239 -2.95 -.25 6 -3.8 -.25 5.95
4 0 -2.344 -.25 4.239 -2.1 -.25 4.287 -2 -.25 6.033 -2.95 -.25 6
4 0 -1.05 -.25 5.95 -2 -.25 6.033 -2.1 -.25 4.287 -1.856 -.25 4.239
4 0 -1.65 -.25 4.1 -.25 -.25 5.8 -1.05 -.25 5.95 -1.856 -.25 4.239
4 0 1.15 -.25 5.05 .5 -.25 5.55 -.25 -.25 5.8 -1.65 -.25 4.1
4 0 1.5 -.25 4.55 1.15 -.25 5.05 -1.65 -.25 4.1 -1.511 -.25 3.894
4 0 -1.463 -.25 3.65 1.7 -.25 4 1.5 -.25 4.55 -1.511 -.25 3.894
3 0 1.7 -.25 4 -1.463 -.25 3.65 1.8 -.25 3.3
4 0 -1.463 -.25 2.55 1.8 -.25 2.65 1.8 -.25 3.3 -1.463 -.25 3.65
4 0 1.45 -.25 1.5 1.7 -.25 1.95 1.8 -.25 2.65 -1.463 -.25 2.55
4 0 1.1 -.25 1.2 1.45 -.25 1.5 -1.463 -.25 2.55 -1.5 -.25 1.9
3 0 -1.5 -.25 1.9 .65 -.25 .95 1.1 -.25 1.2
4 0 .35 -.25 .8 .65 -.25 .95 -1.5 -.25 1.9 -1.6 -.25 1.65
3 0 -1.6 -.25 1.65 -1.85 -.25 1.4 .35 -.25 .8
4 0 -2.2 -.25 -.3 .35 -.25 .8 -1.85 -.25 1.4 -2.2 -.25 1.35
3 0 -14.887 -.25 3.55 -18.364 -.25 -.35 -14.887 -.25 -.35
4 0 -10.215 -.25 3.753 -13.613 -.25 3.55 -13.613 -.25 .8 -10.136 -.25 3.2
3 0 -10.136 -.25 3.2 -13.613 -.25 .8 -10.136 -.25 .8
4 14 -14.7 -.25 -4 -14.25 -.25 -3.55 -14.887 -.25 -3.55 -14.839 -.25 -3.794
4 14 -13.8 -.25 -4 -13.661 -.25 -3.794 -13.613 -.25 -3.55 -14.25 -.25 -3.55
4 14 -14.25 -.25 -4.187 -14.006 -.25 -4.139 -13.8 -.25 -4 -14.25 -.25 -3.55
4 14 -14.25 -.25 -4.187 -14.25 -.25 -3.55 -14.7 -.25 -4 -14.494 -.25 -4.139
3 0 -14.887 -.25 -3.55 -18.285 -.25 -3.753 -18.051 -.25 -4.284
4 0 -17.671 -.25 -4.774 -14.839 -.25 -3.794 -14.887 -.25 -3.55 -18.051 -.25 -4.284
4 0 -14.7 -.25 -4 -14.839 -.25 -3.794 -17.671 -.25 -4.774 -17.159 -.25 -5.203
3 0 -14.7 -.25 -4 -17.159 -.25 -5.203 -16.536 -.25 -5.556
4 0 -14.494 -.25 -4.139 -14.7 -.25 -4 -16.536 -.25 -5.556 -15.824 -.25 -5.817
3 0 -14.494 -.25 -4.139 -15.824 -.25 -5.817 -15.053 -.25 -5.979
4 0 -14.25 -.25 -4.187 -14.494 -.25 -4.139 -15.053 -.25 -5.979 -14.25 -.25 -6.033
4 0 -13.447 -.25 -5.979 -14.006 -.25 -4.139 -14.25 -.25 -4.187 -14.25 -.25 -6.033
4 0 -13.447 -.25 -5.979 -12.676 -.25 -5.817 -13.8 -.25 -4 -14.006 -.25 -4.139
4 0 -11.341 -.25 -5.203 -13.8 -.25 -4 -12.676 -.25 -5.817 -11.964 -.25 -5.556
4 0 -10.829 -.25 -4.774 -13.661 -.25 -3.794 -13.8 -.25 -4 -11.341 -.25 -5.203
4 0 -10.829 -.25 -4.774 -10.449 -.25 -4.284 -13.613 -.25 -3.55 -13.661 -.25 -3.794
3 0 -13.613 -.25 -3.55 -10.449 -.25 -4.284 -10.215 -.25 -3.753
4 0 -13.613 -.25 -1.15 -13.613 -.25 -3.55 -10.215 -.25 -3.753 -10.136 -.25 -3.2
4 0 -18.285 -.25 -3.753 -14.887 -.25 -3.55 -18.364 -.25 -.35 -18.364 -.25 -3.2
3 0 -14.887 -.25 -.35 -18.364 -.25 -.35 -14.887 -.25 -3.55
3 0 -10.136 -.25 -1.15 -13.613 -.25 -1.15 -10.136 -.25 -3.2
4 14 -2.55 -.25 -4.1 -2.1 -.25 -3.65 -2.737 -.25 -3.65 -2.689 -.25 -3.894
4 14 -1.856 -.25 -4.239 -1.65 -.25 -4.1 -1.511 -.25 -3.894 -2.1 -.25 -3.65
3 14 -2.1 -.25 -3.65 -2.1 -.25 -4.287 -1.856 -.25 -4.239
4 14 -2.55 -.25 -4.1 -2.344 -.25 -4.239 -2.1 -.25 -4.287 -2.1 -.25 -3.65
3 0 -5.95 -.25 -3.3 -5.8 -.25 -4.05 -2.737 -.25 -3.65
4 0 -5.8 -.25 -4.05 -5.55 -.25 -4.65 -2.689 -.25 -3.894 -2.737 -.25 -3.65
4 0 -4.4 -.25 -5.6 -2.689 -.25 -3.894 -5.55 -.25 -4.65 -5.1 -.25 -5.2
4 0 -3.65 -.25 -5.85 -2.55 -.25 -4.1 -2.689 -.25 -3.894 -4.4 -.25 -5.6
4 0 -2.95 -.25 -5.95 -2.344 -.25 -4.239 -2.55 -.25 -4.1 -3.65 -.25 -5.85
4 0 -2 -.25 -6.033 -2.1 -.25 -4.287 -2.344 -.25 -4.239 -2.95 -.25 -5.95
4 0 -1.05 -.25 -5.95 -1.856 -.25 -4.239 -2.1 -.25 -4.287 -2 -.25 -6.033
4 0 -1.05 -.25 -5.95 -.25 -.25 -5.8 -1.65 -.25 -4.1 -1.856 -.25 -4.239
4 0 1.15 -.25 -5.05 -1.65 -.25 -4.1 -.25 -.25 -5.8 .5 -.25 -5.55
4 0 -1.65 -.25 -4.1 1.15 -.25 -5.05 1.5 -.25 -4.6 -1.511 -.25 -3.894
4 0 1.5 -.25 -4.6 1.75 -.25 -4.15 -1.463 -.25 -3.65 -1.511 -.25 -3.894
3 0 1.95 -.25 -3.3 -1.463 -.25 -3.65 1.75 -.25 -4.15
4 0 1.95 -.25 -3.3 1.95 -.25 -1.9 -1.463 -.25 -1.8 -1.463 -.25 -3.65
3 0 1.9 -.25 -.85 -1.463 -.25 -1.8 1.95 -.25 -1.9
4 0 -1.5 -.25 -.95 -1.463 -.25 -1.8 1.9 -.25 -.85 1.7 -.25 -.2
4 0 1.7 -.25 -.2 1.35 -.25 .25 .85 -.25 .6 -1.5 -.25 -.95
3 0 .85 -.25 .6 -1.6 -.25 -.65 -1.5 -.25 -.95
4 0 -5.95 -.25 -3.3 -2.737 -.25 -3.65 -2.737 -.25 -1.5 -5.95 -.25 -1.5
4 0 -1.6 -.25 -.65 .85 -.25 .6 .35 -.25 .8 -1.85 -.25 -.45
3 0 .35 -.25 .8 -2.2 -.25 -.3 -1.85 -.25 -.45
4 0 -2.2 -.25 1.35 -3.45 -.25 1.35 -3.45 -.25 -.3 -2.2 -.25 -.3
4 0 4.1 -.25 2.7 3.6 -.25 4.25 2.7 -.25 4.1 2.7 -.25 2.7
4 0 4.5 -.25 2.6 4.3 -.25 4.5 3.6 -.25 4.25 4.1 -.25 2.7
4 0 4.8 -.25 2.4 5.05 -.25 4.85 4.3 -.25 4.5 4.5 -.25 2.6
4 0 5 -.25 2.1 5.6 -.25 5.2 5.05 -.25 4.85 4.8 -.25 2.4
4 0 8.35 -.25 4.6 6.05 -.25 5.6 5.6 -.25 5.2 5 -.25 2.1
4 0 6.05 -.25 5.6 8.35 -.25 4.6 8.35 -.25 6.033 6.3 -.25 6.033
4 0 8.35 -.25 -6.033 8.35 -.25 4.6 5 -.25 2.1 5 -.25 -6.033
4 0 9.2 -.25 3.9 12.45 -.25 3.9 15.6 -.25 6.033 9.2 -.25 6.033
3 0 15.6 -.25 6.033 12.45 -.25 3.9 15.6 -.25 3.4
4 0 13.3 -.25 -6.033 15.6 -.25 3.4 12.45 -.25 3.9 10.1 -.25 -6.033
4 14 19.713 -.25 3.55 20.35 -.25 3.55 19.9 -.25 4 19.761 -.25 3.794
4 14 19.9 -.25 4 20.35 -.25 3.55 20.35 -.25 4.187 20.106 -.25 4.139
4 0 19.713 -.25 2.1 19.713 -.25 3.55 16.515 -.25 3.753 16.486 -.25 3.2
3 0 16.649 -.25 4.284 16.515 -.25 3.753 19.713 -.25 3.55
4 0 19.713 -.25 3.55 19.761 -.25 3.794 16.929 -.25 4.774 16.649 -.25 4.284
4 0 19.9 -.25 4 17.441 -.25 5.203 16.929 -.25 4.774 19.761 -.25 3.794
3 0 18.064 -.25 5.556 17.441 -.25 5.203 19.9 -.25 4
4 0 20.106 -.25 4.139 18.776 -.25 5.817 18.064 -.25 5.556 19.9 -.25 4
3 0 19.547 -.25 5.979 18.776 -.25 5.817 20.106 -.25 4.139
4 0 20.35 -.25 4.187 20.35 -.25 6.033 19.547 -.25 5.979 20.106 -.25 4.139
4 14 19.9 -.25 1.65 20.35 -.25 2.1 19.713 -.25 2.1 19.761 -.25 1.856
4 14 19.9 -.25 1.65 20.106 -.25 1.511 20.35 -.25 1.463 20.35 -.25 2.1
4 14 20.35 -.25 2.1 20.35 -.25 3.55 19.713 -.25 3.55 19.713 -.25 2.1
4 0 16.6 -.25 1.95 19.713 -.25 2.1 16.486 -.25 3.2 16.5 -.25 2.45
4 0 17.05 -.25 1.2 19.713 -.25 2.1 16.6 -.25 1.95 16.8 -.25 1.5
4 0 19.761 -.25 1.856 19.713 -.25 2.1 17.05 -.25 1.2 17.4 -.25 .95
4 0 19.9 -.25 1.65 19.761 -.25 1.856 17.4 -.25 .95 17.8 -.25 .8
4 14 19.713 -.25 -1.05 20.35 -.25 -1.05 19.9 -.25 -.6 19.761 -.25 -.806
4 14 19.9 -.25 -.6 20.35 -.25 -1.05 20.35 -.25 -.413 20.106 -.25 -.461
4 14 19.9 -.25 -4.15 20.35 -.25 -3.7 19.713 -.25 -3.7 19.761 -.25 -3.944
4 14 19.9 -.25 -4.15 20.106 -.25 -4.289 20.35 -.25 -4.337 20.35 -.25 -3.7
4 14 20.35 -.25 -3.7 20.35 -.25 -1.05 19.713 -.25 -1.05 19.713 -.25 -3.7
4 0 20.106 -.25 -.461 20.35 -.25 -.413 20.35 -.25 1.463 20.106 -.25 1.511
4 0 20.106 -.25 1.511 19.9 -.25 1.65 19.9 -.25 -.6 20.106 -.25 -.461
4 0 19.9 -.25 1.65 17.8 -.25 .8 19.761 -.25 -.806 19.9 -.25 -.6
4 0 17.4 -.25 .6 19.713 -.25 -1.05 19.761 -.25 -.806 17.8 -.25 .8
3 0 17.4 -.25 .6 17.05 -.25 .35 19.713 -.25 -1.05
4 0 16.55 -.25 -.35 19.713 -.25 -1.05 17.05 -.25 .35 16.8 -.25 .05
4 0 16.45 -.25 -2.8 19.713 -.25 -1.05 16.55 -.25 -.35 16.45 -.25 -.8
4 0 16.5 -.25 -3.65 19.713 -.25 -3.7 19.713 -.25 -1.05 16.45 -.25 -2.8
4 0 16.9 -.25 -4.75 19.713 -.25 -3.7 16.5 -.25 -3.65 16.65 -.25 -4.25
4 0 16.9 -.25 -4.75 17.25 -.25 -5.2 19.761 -.25 -3.944 19.713 -.25 -3.7
4 0 18.4 -.25 -5.75 19.761 -.25 -3.944 17.25 -.25 -5.2 17.8 -.25 -5.5
4 0 19 -.25 -5.9 19.9 -.25 -4.15 19.761 -.25 -3.944 18.4 -.25 -5.75
4 0 19.75 -.25 -6 20.106 -.25 -4.289 19.9 -.25 -4.15 19 -.25 -5.9
4 0 20.35 -.25 -6.033 20.35 -.25 -4.337 20.106 -.25 -4.289 19.75 -.25 -6
4 0 20.594 -.25 -4.289 20.35 -.25 -4.337 20.35 -.25 -6.033 20.95 -.25 -6
4 14 20.987 -.25 3.55 20.939 -.25 3.794 20.8 -.25 4 20.35 -.25 3.55
4 14 20.8 -.25 4 20.594 -.25 4.139 20.35 -.25 4.187 20.35 -.25 3.55
4 0 24.185 -.25 3.753 24.051 -.25 4.284 20.939 -.25 3.794 20.987 -.25 3.55
4 0 24.051 -.25 4.284 23.771 -.25 4.774 23.259 -.25 5.203 20.939 -.25 3.794
4 0 22.636 -.25 5.556 20.8 -.25 4 20.939 -.25 3.794 23.259 -.25 5.203
4 0 20.594 -.25 4.139 20.8 -.25 4 22.636 -.25 5.556 21.924 -.25 5.817
3 0 21.153 -.25 5.979 20.594 -.25 4.139 21.924 -.25 5.817
4 0 20.35 -.25 4.187 20.594 -.25 4.139 21.153 -.25 5.979 20.35 -.25 6.033
4 14 20.8 -.25 1.65 20.939 -.25 1.856 20.987 -.25 2.1 20.35 -.25 2.1
4 14 20.8 -.25 1.65 20.35 -.25 2.1 20.35 -.25 1.463 20.594 -.25 1.511
4 14 20.35 -.25 2.1 20.987 -.25 2.1 20.987 -.25 3.55 20.35 -.25 3.55
4 0 24.185 -.25 3.753 20.987 -.25 3.55 20.987 -.25 2.1 24.214 -.25 3.2
4 0 24.1 -.25 1.95 24.2 -.25 2.45 24.214 -.25 3.2 20.987 -.25 2.1
3 0 20.987 -.25 2.1 23.9 -.25 1.5 24.1 -.25 1.95
4 0 23.3 -.25 .95 23.65 -.25 1.2 23.9 -.25 1.5 20.987 -.25 2.1
4 0 22.9 -.25 .8 23.3 -.25 .95 20.987 -.25 2.1 20.939 -.25 1.856
4 0 20.8 -.25 -.6 22.9 -.25 .8 20.939 -.25 1.856 20.8 -.25 1.65
4 14 20.987 -.25 -1.05 20.939 -.25 -.806 20.8 -.25 -.6 20.35 -.25 -1.05
4 14 20.8 -.25 -.6 20.594 -.25 -.461 20.35 -.25 -.413 20.35 -.25 -1.05
4 14 20.8 -.25 -4.15 20.939 -.25 -3.944 20.987 -.25 -3.7 20.35 -.25 -3.7
4 14 20.8 -.25 -4.15 20.35 -.25 -3.7 20.35 -.25 -4.337 20.594 -.25 -4.289
4 14 20.35 -.25 -3.7 20.987 -.25 -3.7 20.987 -.25 -1.05 20.35 -.25 -1.05
4 0 20.35 -.25 1.463 20.35 -.25 -.413 20.594 -.25 -.461 20.594 -.25 1.511
4 0 20.594 -.25 1.511 20.594 -.25 -.461 20.8 -.25 -.6 20.8 -.25 1.65
3 0 22.9 -.25 .8 20.8 -.25 -.6 20.939 -.25 -.806
4 0 23.3 -.25 .6 22.9 -.25 .8 20.939 -.25 -.806 20.987 -.25 -1.05
4 0 23.9 -.25 .05 23.65 -.25 .35 23.3 -.25 .6 20.987 -.25 -1.05
4 0 24.25 -.25 -.8 24.15 -.25 -.35 23.9 -.25 .05 20.987 -.25 -1.05
4 0 24.25 -.25 -.8 20.987 -.25 -1.05 20.987 -.25 -3.7 24.25 -.25 -2.8
4 0 24.05 -.25 -4.25 24.2 -.25 -3.65 24.25 -.25 -2.8 20.987 -.25 -3.7
3 0 20.987 -.25 -3.7 23.8 -.25 -4.75 24.05 -.25 -4.25
4 0 20.939 -.25 -3.944 23.45 -.25 -5.2 23.8 -.25 -4.75 20.987 -.25 -3.7
4 0 22.3 -.25 -5.75 22.9 -.25 -5.5 23.45 -.25 -5.2 20.939 -.25 -3.944
4 0 21.7 -.25 -5.9 22.3 -.25 -5.75 20.939 -.25 -3.944 20.8 -.25 -4.15
4 0 20.95 -.25 -6 21.7 -.25 -5.9 20.8 -.25 -4.15 20.594 -.25 -4.289
3 14 -21 -.25 6.033 -18.051 -.25 4.284 -17.671 -.25 4.774
3 14 -21 -.25 6.033 -18.285 -.25 3.753 -18.051 -.25 4.284
3 14 -21 -.25 6.033 -18.364 -.25 3.2 -18.285 -.25 3.753
4 14 -21 -.25 -3.35 -18.364 -.25 -.35 -18.364 -.25 3.2 -21 -.25 6.033
4 14 -18.364 -.25 -3.2 -18.364 -.25 -.35 -21 -.25 -3.35 -18.9 -.25 -3.35
4 14 -18.9 -.25 -6.033 -18.285 -.25 -3.753 -18.364 -.25 -3.2 -18.9 -.25 -3.35
3 14 -18.285 -.25 -3.753 -18.9 -.25 -6.033 -18.051 -.25 -4.284
3 14 -18.051 -.25 -4.284 -18.9 -.25 -6.033 -17.671 -.25 -4.774
3 14 -17.671 -.25 -4.774 -18.9 -.25 -6.033 -17.159 -.25 -5.203
3 14 -17.159 -.25 -5.203 -18.9 -.25 -6.033 -16.536 -.25 -5.556
3 14 -16.536 -.25 -5.556 -18.9 -.25 -6.033 -15.824 -.25 -5.817
3 14 -15.824 -.25 -5.817 -18.9 -.25 -6.033 -15.053 -.25 -5.979
3 14 -15.053 -.25 -5.979 -10 -.25 -10 -14.25 -.25 -6.033
3 14 -13.447 -.25 -5.979 -14.25 -.25 -6.033 -10 -.25 -10
3 14 -12.676 -.25 -5.817 -13.447 -.25 -5.979 -10 -.25 -10
3 14 -11.964 -.25 -5.556 -12.676 -.25 -5.817 -10 -.25 -10
3 14 -11.341 -.25 -5.203 -11.964 -.25 -5.556 -10 -.25 -10
3 14 -10.829 -.25 -4.774 -11.341 -.25 -5.203 -10 -.25 -10
3 14 -10.449 -.25 -4.284 -10.829 -.25 -4.774 -10 -.25 -10
3 14 -10.215 -.25 -3.753 -10.449 -.25 -4.284 -10 -.25 -10
4 14 -5.8 -.25 -4.05 -5.95 -.25 -3.3 -10.136 -.25 -3.2 -10.215 -.25 -3.753
4 14 -5.95 -.25 -3.3 -5.95 -.25 -1.5 -10.136 -.25 -1.15 -10.136 -.25 -3.2
4 14 -5.95 -.25 2.25 -10.136 -.25 .8 -10.136 -.25 -1.15 -5.95 -.25 -1.5
4 14 -13.613 -.25 -1.15 -10.136 -.25 -1.15 -10.136 -.25 .8 -13.613 -.25 .8
3 14 -13.613 -.25 .8 -14.887 -.25 -.35 -13.613 -.25 -1.15
4 14 -14.25 -.25 3.55 -14.887 -.25 -.35 -13.613 -.25 .8 -13.613 -.25 3.55
3 14 -14.25 -.25 3.55 -14.887 -.25 3.55 -14.887 -.25 -.35
3 14 -14.887 -.25 -.35 -14.887 -.25 -3.55 -14.25 -.25 -3.55
4 14 -13.613 -.25 -1.15 -14.887 -.25 -.35 -14.25 -.25 -3.55 -13.613 -.25 -3.55
3 14 -21 -.25 6.033 -17.671 -.25 4.774 -17.159 -.25 5.203
3 14 -21 -.25 6.033 -17.159 -.25 5.203 -16.536 -.25 5.556
3 14 -21 -.25 6.033 -16.536 -.25 5.556 -15.824 -.25 5.817
3 14 -21 -.25 6.033 -15.824 -.25 5.817 -15.053 -.25 5.979
3 14 -10 -.25 10 -15.053 -.25 5.979 -14.25 -.25 6.033
3 14 -10 -.25 10 -14.25 -.25 6.033 -13.447 -.25 5.979
3 14 -10 -.25 10 -13.447 -.25 5.979 -12.676 -.25 5.817
3 14 -10 -.25 10 -12.676 -.25 5.817 -11.964 -.25 5.556
3 14 -10 -.25 10 -11.964 -.25 5.556 -11.341 -.25 5.203
3 14 -10 -.25 10 -11.341 -.25 5.203 -10.829 -.25 4.774
4 14 -10.829 -.25 4.774 -10.449 -.25 4.284 -5.9 -.25 4.05 -10 -.25 10
3 14 -10 -.25 10 -5.9 -.25 4.05 -5.7 -.25 4.8
3 14 -10 -.25 10 -5.7 -.25 4.8 -5.3 -.25 5.35
3 14 -10 -.25 10 -5.3 -.25 5.35 -4.6 -.25 5.75
3 14 -10 -.25 10 -4.6 -.25 5.75 -3.8 -.25 5.95
3 14 -10 -.25 10 -3.8 -.25 5.95 -2.95 -.25 6
3 14 -10 -.25 10 -2.95 -.25 6 -2 -.25 6.033
4 14 -1.05 -.25 5.95 0 -.25 10 -10 -.25 10 -2 -.25 6.033
4 14 -5.95 -.25 3.3 -5.9 -.25 4.05 -10.449 -.25 4.284 -10.215 -.25 3.753
3 14 -10.215 -.25 3.753 -10.136 -.25 3.2 -5.95 -.25 3.3
4 14 -10.136 -.25 .8 -5.95 -.25 2.25 -5.95 -.25 3.3 -10.136 -.25 3.2
3 14 -2.737 -.25 2.25 -5.95 -.25 2.25 -3.45 -.25 1.35
4 14 -1.85 -.25 1.4 -2.737 -.25 2.25 -3.45 -.25 1.35 -2.2 -.25 1.35
3 14 -2.737 -.25 2.25 -1.85 -.25 1.4 -1.6 -.25 1.65
4 14 -1.6 -.25 1.65 -1.5 -.25 1.9 -1.463 -.25 2.55 -2.737 -.25 2.25
4 14 -2.737 -.25 2.25 -1.463 -.25 2.55 -2.1 -.25 3.65 -2.737 -.25 3.65
4 14 -5.95 -.25 2.25 -5.95 -.25 -1.5 -3.45 -.25 -.3 -3.45 -.25 1.35
4 14 -5.95 -.25 -1.5 -2.737 -.25 -1.5 -2.2 -.25 -.3 -3.45 -.25 -.3
4 14 -1.6 -.25 -.65 -1.85 -.25 -.45 -2.2 -.25 -.3 -2.737 -.25 -1.5
4 14 -1.463 -.25 -1.8 -1.5 -.25 -.95 -1.6 -.25 -.65 -2.737 -.25 -1.5
4 14 -2.737 -.25 -1.5 -2.737 -.25 -3.65 -2.1 -.25 -3.65 -1.463 -.25 -1.8
4 14 -1.511 -.25 -3.894 -1.463 -.25 -3.65 -1.463 -.25 -1.8 -2.1 -.25 -3.65
4 14 -10.215 -.25 -3.753 -10 -.25 -10 -5.55 -.25 -4.65 -5.8 -.25 -4.05
3 14 -5.55 -.25 -4.65 -10 -.25 -10 -5.1 -.25 -5.2
3 14 -5.1 -.25 -5.2 -10 -.25 -10 -4.4 -.25 -5.6
3 14 -4.4 -.25 -5.6 -10 -.25 -10 -3.65 -.25 -5.85
3 14 -3.65 -.25 -5.85 -10 -.25 -10 -2.95 -.25 -5.95
4 14 0 -.25 -10 -2 -.25 -6.033 -2.95 -.25 -5.95 -10 -.25 -10
3 14 -1.05 -.25 -5.95 -2 -.25 -6.033 0 -.25 -10
3 14 -.25 -.25 -5.8 -1.05 -.25 -5.95 0 -.25 -10
3 14 .5 -.25 -5.55 -.25 -.25 -5.8 0 -.25 -10
4 14 5 -.25 -6.033 1.15 -.25 -5.05 .5 -.25 -5.55 0 -.25 -10
3 14 0 -.25 10 -1.05 -.25 5.95 -.25 -.25 5.8
4 14 6.3 -.25 6.033 0 -.25 10 -.25 -.25 5.8 .5 -.25 5.55
4 14 8.35 -.25 6.033 10 -.25 10 0 -.25 10 6.3 -.25 6.033
4 14 8.35 -.25 4.6 9.2 -.25 6.033 10 -.25 10 8.35 -.25 6.033
3 14 10 -.25 10 9.2 -.25 6.033 15.6 -.25 6.033
4 14 8.35 -.25 -6.033 9.2 -.25 3.9 9.2 -.25 6.033 8.35 -.25 4.6
4 14 10.1 -.25 -6.033 12.45 -.25 3.9 9.2 -.25 3.9 8.35 -.25 -6.033
4 14 2.7 -.25 2.7 2.7 -.25 4.1 1.7 -.25 4 1.8 -.25 3.3
4 14 3.6 -.25 4.25 1.5 -.25 4.55 1.7 -.25 4 2.7 -.25 4.1
4 14 3.6 -.25 4.25 4.3 -.25 4.5 5.05 -.25 4.85 1.5 -.25 4.55
4 14 5.05 -.25 4.85 5.6 -.25 5.2 6.05 -.25 5.6 1.5 -.25 4.55
4 14 1.15 -.25 5.05 1.5 -.25 4.55 6.05 -.25 5.6 6.3 -.25 6.033
3 14 6.3 -.25 6.033 .5 -.25 5.55 1.15 -.25 5.05
3 14 1.8 -.25 3.3 1.8 -.25 2.65 2.7 -.25 2.7
3 14 2.7 -.25 2.7 1.8 -.25 2.65 1.7 -.25 1.95
4 14 4.5 -.25 2.6 4.1 -.25 2.7 2.7 -.25 2.7 1.7 -.25 1.95
3 14 4.5 -.25 2.6 1.7 -.25 1.95 4.8 -.25 2.4
4 14 1.45 -.25 1.5 5 -.25 2.1 4.8 -.25 2.4 1.7 -.25 1.95
4 14 1.7 -.25 -.2 5 -.25 2.1 1.45 -.25 1.5 1.35 -.25 .25
3 14 5 -.25 2.1 1.7 -.25 -.2 1.9 -.25 -.85
4 14 5 -.25 -6.033 5 -.25 2.1 1.9 -.25 -.85 1.95 -.25 -1.9
3 14 1.95 -.25 -1.9 1.95 -.25 -3.3 5 -.25 -6.033
3 14 1.95 -.25 -3.3 1.75 -.25 -4.15 5 -.25 -6.033
3 14 1.75 -.25 -4.15 1.5 -.25 -4.6 5 -.25 -6.033
3 14 1.5 -.25 -4.6 1.15 -.25 -5.05 5 -.25 -6.033
3 14 .65 -.25 .95 .35 -.25 .8 .85 -.25 .6
3 14 1.1 -.25 1.2 .65 -.25 .95 .85 -.25 .6
4 14 .85 -.25 .6 1.35 -.25 .25 1.45 -.25 1.5 1.1 -.25 1.2
4 14 0 -.25 -10 10 -.25 -10 8.35 -.25 -6.033 5 -.25 -6.033
3 14 10.1 -.25 -6.033 8.35 -.25 -6.033 10 -.25 -10
3 14 13.3 -.25 -6.033 10.1 -.25 -6.033 10 -.25 -10
3 14 16.9 -.25 -4.75 13.3 -.25 -6.033 17.25 -.25 -5.2
3 14 16.65 -.25 -4.25 13.3 -.25 -6.033 16.9 -.25 -4.75
3 14 16.5 -.25 -3.65 13.3 -.25 -6.033 16.65 -.25 -4.25
3 14 17.4 -.25 .95 17.4 -.25 .6 17.8 -.25 .8
4 14 17.05 -.25 .35 17.4 -.25 .6 17.4 -.25 .95 17.05 -.25 1.2
4 14 16.8 -.25 .05 17.05 -.25 .35 17.05 -.25 1.2 16.8 -.25 1.5
4 14 16.55 -.25 -.35 16.8 -.25 .05 16.8 -.25 1.5 16.6 -.25 1.95
4 14 16.45 -.25 -.8 16.55 -.25 -.35 16.6 -.25 1.95 15.6 -.25 3.4
3 14 15.6 -.25 3.4 16.6 -.25 1.95 16.5 -.25 2.45
3 14 15.6 -.25 3.4 16.5 -.25 2.45 16.486 -.25 3.2
3 14 16.515 -.25 3.753 15.6 -.25 3.4 16.486 -.25 3.2
4 14 16.515 -.25 3.753 16.649 -.25 4.284 15.6 -.25 6.033 15.6 -.25 3.4
3 14 15.6 -.25 6.033 16.649 -.25 4.284 16.929 -.25 4.774
3 14 15.6 -.25 6.033 16.929 -.25 4.774 17.441 -.25 5.203
3 14 15.6 -.25 6.033 17.441 -.25 5.203 18.064 -.25 5.556
3 14 15.6 -.25 6.033 18.064 -.25 5.556 18.776 -.25 5.817
3 14 15.6 -.25 6.033 18.776 -.25 5.817 19.547 -.25 5.979
4 14 15.6 -.25 6.033 19.547 -.25 5.979 20 -.25 10 10 -.25 10
3 14 20 -.25 10 19.547 -.25 5.979 20.35 -.25 6.033
3 14 20 -.25 10 20.35 -.25 6.033 21.153 -.25 5.979
3 14 20 -.25 10 21.153 -.25 5.979 21.924 -.25 5.817
4 14 27.5 -.25 9 24.185 -.25 3.753 24.214 -.25 3.2 27.5 -.25 0
3 14 24.214 -.25 3.2 24.2 -.25 2.45 27.5 -.25 0
3 14 24.2 -.25 2.45 24.1 -.25 1.95 27.5 -.25 0
3 14 24.1 -.25 1.95 23.9 -.25 1.5 27.5 -.25 0
4 14 23.65 -.25 .35 27.5 -.25 0 23.9 -.25 1.5 23.65 -.25 1.2
3 14 23.65 -.25 .35 23.9 -.25 .05 27.5 -.25 0
3 14 23.9 -.25 .05 24.15 -.25 -.35 27.5 -.25 0
3 14 27.5 -.25 0 24.15 -.25 -.35 24.25 -.25 -.8
3 14 23.3 -.25 .95 22.9 -.25 .8 23.3 -.25 .6
4 14 23.3 -.25 .6 23.65 -.25 .35 23.65 -.25 1.2 23.3 -.25 .95
3 14 27.5 -.25 0 24.25 -.25 -.8 24.25 -.25 -2.8
3 14 19.75 -.25 -6 20 -.25 -10 20.35 -.25 -6.033
3 14 19 -.25 -5.9 20 -.25 -10 19.75 -.25 -6
3 14 18.4 -.25 -5.75 20 -.25 -10 19 -.25 -5.9
3 14 17.8 -.25 -5.5 20 -.25 -10 18.4 -.25 -5.75
3 14 17.25 -.25 -5.2 20 -.25 -10 17.8 -.25 -5.5
4 14 13.3 -.25 -6.033 10 -.25 -10 20 -.25 -10 17.25 -.25 -5.2
4 14 16.45 -.25 -2.8 16.45 -.25 -.8 15.6 -.25 3.4 13.3 -.25 -6.033
3 14 16.45 -.25 -2.8 13.3 -.25 -6.033 16.5 -.25 -3.65
4 14 -21 -.25 6.033 -26.5 -.25 10 -27.5 -.25 9 -24.5 -.25 6.033
4 14 -15.053 -.25 5.979 -10 -.25 10 -26.5 -.25 10 -21 -.25 6.033
4 14 -27.5 -.25 -9 -24.5 -.25 -6.033 -24.5 -.25 6.033 -27.5 -.25 9
4 14 -27.5 -.25 -9 -26.5 -.25 -10 -18.9 -.25 -6.033 -24.5 -.25 -6.033
4 14 -15.053 -.25 -5.979 -18.9 -.25 -6.033 -26.5 -.25 -10 -10 -.25 -10
4 14 21.924 -.25 5.817 22.636 -.25 5.556 26.5 -.25 10 20 -.25 10
4 14 27.5 -.25 9 26.5 -.25 10 22.636 -.25 5.556 23.259 -.25 5.203
3 14 27.5 -.25 9 23.259 -.25 5.203 23.771 -.25 4.774
3 14 27.5 -.25 9 23.771 -.25 4.774 24.051 -.25 4.284
3 14 27.5 -.25 9 24.051 -.25 4.284 24.185 -.25 3.753
4 14 26.5 -.25 -10 20.95 -.25 -6 20.35 -.25 -6.033 20 -.25 -10
3 14 21.7 -.25 -5.9 20.95 -.25 -6 26.5 -.25 -10
3 14 22.3 -.25 -5.75 21.7 -.25 -5.9 26.5 -.25 -10
3 14 22.9 -.25 -5.5 22.3 -.25 -5.75 26.5 -.25 -10
3 14 23.45 -.25 -5.2 22.9 -.25 -5.5 26.5 -.25 -10
4 14 26.5 -.25 -10 27.5 -.25 -9 23.8 -.25 -4.75 23.45 -.25 -5.2
3 14 24.05 -.25 -4.25 23.8 -.25 -4.75 27.5 -.25 -9
3 14 24.2 -.25 -3.65 24.05 -.25 -4.25 27.5 -.25 -9
4 14 24.25 -.25 -2.8 24.2 -.25 -3.65 27.5 -.25 -9 27.5 -.25 0

1 16 26.5 0 9 1 0 0 0 -1 0 0 0 1 1-4chrd.dat
1 16 26.5 0 -9 0 0 1 0 -1 0 -1 0 0 1-4chrd.dat
1 16 -26.5 0 -9 -1 0 0 0 -1 0 0 0 -1 1-4chrd.dat
1 16 -26.5 0 9 0 0 -1 0 -1 0 1 0 0 1-4chrd.dat
4 16 26.5 0 -10 -26.5 0 -10 -27.5 0 -9 27.5 0 -9
4 16 27.5 0 9 27.5 0 -9 -27.5 0 -9 -27.5 0 9
4 16 27.5 0 9 -27.5 0 9 -26.5 0 10 26.5 0 10

1 16 26.5 -.25 9 1 0 0 0 .25 0 0 0 1 1-4cyli.dat
1 16 -26.5 -.25 9 0 0 -1 0 .25 0 1 0 0 1-4cyli.dat
1 16 -26.5 -.25 -9 -1 0 0 0 .25 0 0 0 -1 1-4cyli.dat
1 16 26.5 -.25 -9 0 0 1 0 .25 0 -1 0 0 1-4cyli.dat
4 16 26.5 -.25 -10 -26.5 -.25 -10 -26.5 0 -10 26.5 0 -10
4 16 27.5 -.25 9 27.5 -.25 -9 27.5 0 -9 27.5 0 9
4 16 -26.5 -.25 10 26.5 -.25 10 26.5 0 10 -26.5 0 10
4 16 -27.5 -.25 -9 -27.5 -.25 9 -27.5 0 9 -27.5 0 -9
