0 Sticker  4.2 x  5.7 with White Bird and "LC-3178" Left
0 Name: 4569188a.dat
0 Author: Evert-Jan Boer [ejboer]
0 !LDRAW_ORG Unofficial_Part
0 !LICENSE Licensed under CC BY 4.0 : see CAreadme.txt

0 BFC CERTIFY CCW

0 !KEYWORDS Seaplane, Set 3178

1 14 50.9 -.25 78.5 0 0 -1 0 1 0 1 0 0 1-8chrd.dat
1 14 -26.1 -.25 1.5 -.70711 0 -.70711 0 1 0 .70711 0 -.70711 3-8chrd.dat
1 14 87.3 -.25 78.5 0 0 1 0 1 0 1 0 0 5-16chrd.dat
1 14 48.8 -.25 9.3 .25882 0 .96593 0 1 0 -.96593 0 .25882 1-8chrd.dat
4 0 19.1974 -.25 35.7203 18.4808 -.25 36.0171 18.368 -.25 35.45 19.1436 -.25 35.45
4 0 19.1436 -.25 35.45 18.368 -.25 35.45 18.4808 -.25 34.8829 19.1974 -.25 35.1797
4 0 18.8021 -.25 34.4021 19.3505 -.25 34.9505 19.1974 -.25 35.1797 18.4808 -.25 34.8829
4 0 19.2829 -.25 34.0808 19.5797 -.25 34.7974 19.3505 -.25 34.9505 18.8021 -.25 34.4021
4 0 19.5797 -.25 34.7974 19.2829 -.25 34.0808 19.85 -.25 33.968 19.85 -.25 34.7436
4 0 19.85 -.25 34.7436 19.85 -.25 33.968 20.4171 -.25 34.0808 20.1203 -.25 34.7974
4 0 20.1203 -.25 34.7974 20.4171 -.25 34.0808 20.8979 -.25 34.4021 20.3495 -.25 34.9505
4 0 20.3495 -.25 34.9505 20.8979 -.25 34.4021 21.2192 -.25 34.8829 20.5026 -.25 35.1797
4 0 20.5026 -.25 35.1797 21.2192 -.25 34.8829 21.332 -.25 35.45 20.5564 -.25 35.45
4 0 20.5564 -.25 35.45 21.332 -.25 35.45 21.2192 -.25 36.0171 20.5026 -.25 35.7203
4 0 20.8979 -.25 36.4979 20.3495 -.25 35.9495 20.5026 -.25 35.7203 21.2192 -.25 36.0171
4 0 20.3495 -.25 35.9495 20.8979 -.25 36.4979 20.4171 -.25 36.8192 20.1203 -.25 36.1026
4 0 19.85 -.25 36.932 19.85 -.25 36.1564 20.1203 -.25 36.1026 20.4171 -.25 36.8192
4 0 19.85 -.25 36.1564 19.85 -.25 36.932 19.2829 -.25 36.8192 19.5797 -.25 36.1026
4 0 19.5797 -.25 36.1026 19.2829 -.25 36.8192 18.8021 -.25 36.4979 19.3505 -.25 35.9495
4 0 19.3505 -.25 35.9495 18.8021 -.25 36.4979 18.4808 -.25 36.0171 19.1974 -.25 35.7203
4 0 33.65 -.25 9.45 35.2 -.25 9.25 35.2 -.25 10.05 33.65 -.25 9.85
4 0 44.45 -.25 27.3 46 -.25 27.1 46 -.25 27.9 44.45 -.25 27.7
4 0 55.65 -.25 46.5 57.2 -.25 46.3 57.2 -.25 47.1 55.65 -.25 46.9
4 0 64.55 -.25 61.5 66.1 -.25 61.3 66.1 -.25 62.1 64.55 -.25 61.9
4 0 62.7 -.25 66.35 69.3 -.25 66.35 70.45 -.25 66.9 63.8 -.25 66.9
4 0 11.85 -.25 35.9 13.2 -.25 36.05 14.6 -.25 37.6 13.35 -.25 37.5
4 0 13.35 -.25 37.5 14.6 -.25 37.6 16.1 -.25 39.1 15.1 -.25 39.3
4 0 15.1 -.25 39.3 16.1 -.25 39.1 16.9 -.25 39.85 16.75 -.25 40.9
4 0 16.75 -.25 40.9 16.9 -.25 39.85 19.3 -.25 38.55 19.35 -.25 39.45
4 0 19.35 -.25 39.45 19.3 -.25 38.55 21.9 -.25 37.15 21.8 -.25 38.15
4 0 24.35 -.25 35.8 24.05 -.25 36.85 21.8 -.25 38.15 21.9 -.25 37.15
4 0 24.05 -.25 36.85 24.35 -.25 35.8 25.75 -.25 34.95 25.95 -.25 35.7
4 0 25.95 -.25 35.7 25.75 -.25 34.95 26.85 -.25 34.2 26.85 -.25 35.15
4 0 11.85 -.25 35.9 15.1 -.25 34.2 16.05 -.25 34.6 13.2 -.25 36.05
4 0 15.1 -.25 34.2 17.95 -.25 32.7 18.5 -.25 33.3 16.05 -.25 34.6
4 0 17.95 -.25 32.7 20.15 -.25 31.5 20.5 -.25 32.2 18.5 -.25 33.3
4 0 20.15 -.25 31.5 22.05 -.25 30.4 22.5 -.25 31.05 20.5 -.25 32.2
4 0 22.05 -.25 30.4 23.85 -.25 29.3 24.3 -.25 29.95 22.5 -.25 31.05
4 0 26.1 -.25 28.8 24.3 -.25 29.95 23.85 -.25 29.3 25.65 -.25 28.15
4 0 25.65 -.25 28.15 27.35 -.25 27.05 27.85 -.25 27.7 26.1 -.25 28.8
4 0 27.35 -.25 27.05 29.1 -.25 25.95 29.65 -.25 26.55 27.85 -.25 27.7
4 0 29.1 -.25 25.95 31.2 -.25 24.65 31.7 -.25 25.25 29.65 -.25 26.55
4 0 31.2 -.25 24.65 33.35 -.25 23.35 33.9 -.25 23.9 31.7 -.25 25.25
4 0 33.35 -.25 23.35 35.65 -.25 22.05 36.3 -.25 22.55 33.9 -.25 23.9
4 0 35.65 -.25 22.05 37.85 -.25 20.9 38.55 -.25 21.35 36.3 -.25 22.55
4 0 37.85 -.25 20.9 39.95 -.25 19.9 40.7 -.25 20.3 38.55 -.25 21.35
4 0 44.9 -.25 18.45 43 -.25 19.25 42.55 -.25 18.75 44.4 -.25 17.95
4 0 44.4 -.25 17.95 46.35 -.25 17.15 45.95 -.25 18.05 44.9 -.25 18.45
4 0 47.1 -.25 19.95 45.95 -.25 18.05 46.35 -.25 17.15 47.65 -.25 19.25
4 0 47.65 -.25 19.25 48.6 -.25 20.9 48.15 -.25 21.65 47.1 -.25 19.95
4 0 48.15 -.25 21.65 48.6 -.25 20.9 49.15 -.25 21.85 48.55 -.25 22.3
4 0 49.15 -.25 21.85 49.65 -.25 22.7 48.2 -.25 23.25 48.55 -.25 22.3
4 0 26.85 -.25 34.2 28.6 -.25 34.85 28.65 -.25 35.75 26.85 -.25 35.15
4 0 28.6 -.25 34.85 30.55 -.25 35.6 30.45 -.25 36.45 28.65 -.25 35.75
4 0 30.55 -.25 35.6 32.05 -.25 36.35 32.05 -.25 37.3 30.45 -.25 36.45
4 0 32.05 -.25 36.35 33.8 -.25 37.4 33.7 -.25 38.3 32.05 -.25 37.3
4 0 35.6 -.25 39.55 33.7 -.25 38.3 33.8 -.25 37.4 35.8 -.25 38.75
4 0 35.8 -.25 38.75 37.45 -.25 40 37.25 -.25 40.85 35.6 -.25 39.55
4 0 38.65 -.25 42 37.25 -.25 40.85 37.45 -.25 40 39.2 -.25 41.4
4 0 39.2 -.25 41.4 40.7 -.25 42.8 40.25 -.25 43.5 38.65 -.25 42
4 0 42.05 -.25 45.2 40.25 -.25 43.5 40.7 -.25 42.8 42.45 -.25 44.45
4 0 42.45 -.25 44.45 44.05 -.25 46.1 43.55 -.25 46.75 42.05 -.25 45.2
4 0 44.85 -.25 48.2 43.55 -.25 46.75 44.05 -.25 46.1 45.35 -.25 47.65
4 0 45.35 -.25 47.65 46.55 -.25 49.05 46.1 -.25 49.75 44.85 -.25 48.2
4 0 46.85 -.25 50.75 46.1 -.25 49.75 46.55 -.25 49.05 47.55 -.25 50.25
4 0 46.85 -.25 50.75 47.55 -.25 50.25 47.85 -.25 50.65 47.45 -.25 51.35
4 0 47.45 -.25 51.35 47.85 -.25 50.65 48.2 -.25 50.9 47.95 -.25 51.65
4 0 47.95 -.25 51.65 48.2 -.25 50.9 48.6 -.25 51.1 48.45 -.25 51.85
4 0 48.45 -.25 51.85 48.6 -.25 51.1 49 -.25 51.15 49.05 -.25 51.9
4 0 49.8 -.25 51.1 49.9 -.25 51.85 49.05 -.25 51.9 49 -.25 51.15
4 0 51.05 -.25 50.9 51.1 -.25 51.65 49.9 -.25 51.85 49.8 -.25 51.1
4 0 53.35 -.25 50.55 53.45 -.25 51.2 51.1 -.25 51.65 51.05 -.25 50.9
4 0 53.45 -.25 51.2 53.35 -.25 50.55 55.45 -.25 50.15 55.65 -.25 50.75
4 0 57.6 -.25 49.7 57.8 -.25 50.35 55.65 -.25 50.75 55.45 -.25 50.15
4 0 57.8 -.25 50.35 57.6 -.25 49.7 59.2686 -.25 49.414 59.4 -.25 50.05
4 0 61.1 -.25 49.05 62.55 -.25 48.8 62.9 -.25 49.45 61.35 -.25 49.7
4 0 62.55 -.25 48.8 63.25 -.25 48.7 64.45 -.25 49.25 62.9 -.25 49.45
4 0 63.25 -.25 48.7 62.5 -.25 47.35 63.1 -.25 46.9 64.45 -.25 49.25
4 0 61.9 -.25 44.85 63.1 -.25 46.9 62.5 -.25 47.35 61.5 -.25 45.7
4 0 61.1 -.25 43.45 61.9 -.25 44.85 61.5 -.25 45.7 60.75 -.25 44.4
4 0 60.75 -.25 44.4 60.25 -.25 43.45 60.65 -.25 42.65 61.1 -.25 43.45
4 0 60.65 -.25 42.65 60.25 -.25 43.45 59.1 -.25 43.8 58.85 -.25 43.25
4 0 59.1 -.25 43.8 57.5 -.25 44.25 57.2 -.25 43.7 58.85 -.25 43.25
4 0 55.25 -.25 44.85 53.1 -.25 45.35 52.85 -.25 44.75 54.95 -.25 44.25
4 0 51.45 -.25 45.65 51.8 -.25 44.95 52.85 -.25 44.75 53.1 -.25 45.35
4 0 51.45 -.25 45.65 50.3 -.25 45.85 50.7 -.25 45.15 51.8 -.25 44.95
4 0 49.95 -.25 44.25 50.7 -.25 45.15 50.3 -.25 45.85 48.7 -.25 43.9
4 0 48.7 -.25 43.9 50.15 -.25 43.35 50.8 -.25 43.9 49.95 -.25 44.25
4 0 50.15 -.25 43.35 51.9 -.25 42.75 52.3 -.25 43.35 50.8 -.25 43.9
4 0 52.3 -.25 43.35 51.9 -.25 42.75 53.85 -.25 42.05 54.15 -.25 42.65
4 0 56.1 -.25 41.9 55.8 -.25 41.25 57.15 -.25 40.7 57.5 -.25 41.3
4 0 58.5 -.25 40.15 58.5 -.25 40.9 57.5 -.25 41.3 57.15 -.25 40.7
3 0 58.5 -.25 40.9 58.5 -.25 40.15 59.5 -.25 40.5
4 0 57.95 -.25 37.65 59.5 -.25 40.5 58.5 -.25 40.15 57.6 -.25 38.55
4 0 57.6 -.25 38.55 56.55 -.25 36.75 57 -.25 36 57.95 -.25 37.65
4 0 56 -.25 34.2 57 -.25 36 56.55 -.25 36.75 55.7 -.25 35.25
4 0 54 -.25 36 53.55 -.25 35.35 56 -.25 34.2 55.7 -.25 35.25
4 0 47.85 -.25 37.75 50.85 -.25 36.5 51.25 -.25 37.1 48.35 -.25 38.3
4 0 48.35 -.25 38.3 46.6 -.25 39 46.05 -.25 38.45 47.85 -.25 37.75
4 0 44.75 -.25 39.8 44.95 -.25 38.9 46.05 -.25 38.45 46.6 -.25 39
4 0 44.75 -.25 39.8 43.1 -.25 38.2 44.4 -.25 38.35 44.95 -.25 38.9
4 0 45.65 -.25 37.65 44.4 -.25 38.35 43.1 -.25 38.2 45.05 -.25 37.2
4 0 45.05 -.25 37.2 46.95 -.25 36.15 47.5 -.25 36.65 45.65 -.25 37.65
4 0 46.95 -.25 36.15 48.95 -.25 35.1 49.7 -.25 35.5 47.5 -.25 36.65
4 0 53.1 -.25 32.9 53.15 -.25 33.75 51.8 -.25 34.4 51.95 -.25 33.5
4 0 54.1 -.25 32.4 54.3 -.25 33.2 53.15 -.25 33.75 53.1 -.25 32.9
4 0 54.3 -.25 33.2 54.1 -.25 32.4 54.2 -.25 30.85 55.25 -.25 32.7
3 0 54.1 -.25 32.4 53.35 -.25 31 54.2 -.25 30.85
4 0 54.2 -.25 30.85 53.35 -.25 31 52.3 -.25 29.2 53.15 -.25 29.05
4 0 52.3 -.25 29.2 51.45 -.25 27.85 51.8 -.25 26.85 53.15 -.25 29.05
4 0 51.45 -.25 27.85 50.2 -.25 28.4 49.8 -.25 27.75 51.8 -.25 26.85
4 0 48 -.25 28.6 49.8 -.25 27.75 50.2 -.25 28.4 48.4 -.25 29.25
4 0 46.25 -.25 30.3 44.05 -.25 31.5 43.4 -.25 30.95 45.8 -.25 29.65
4 0 44.05 -.25 31.5 41.95 -.25 32.7 41.25 -.25 32.2 43.4 -.25 30.95
4 0 41.95 -.25 32.7 40.2 -.25 33.75 39.75 -.25 33.1 41.25 -.25 32.2
4 0 40.2 -.25 33.75 38.6 -.25 34.8 38.7 -.25 33.75 39.75 -.25 33.1
4 0 38.6 -.25 34.8 37.5 -.25 33.95 37.65 -.25 33.05 38.7 -.25 33.75
4 0 37.5 -.25 33.95 36.1 -.25 33 36.4 -.25 32.25 37.65 -.25 33.05
4 0 35.2 -.25 31.55 36.4 -.25 32.25 36.1 -.25 33 34.8 -.25 32.2
4 0 34.05 -.25 30.85 35.2 -.25 31.55 34.8 -.25 32.2 33.55 -.25 31.5
4 0 33.55 -.25 31.5 32.45 -.25 30.9 33.55 -.25 30.15 34.05 -.25 30.85
4 0 34.05 -.25 30.85 33.55 -.25 30.15 35.05 -.25 29.2 34.9 -.25 30.25
4 0 36.9 -.25 28.05 36.55 -.25 29.25 34.9 -.25 30.25 35.05 -.25 29.2
4 0 36.55 -.25 29.25 36.9 -.25 28.05 38.7 -.25 27 38.3 -.25 28.2
4 0 40.55 -.25 26 40.05 -.25 27.15 38.3 -.25 28.2 38.7 -.25 27
3 0 40.05 -.25 27.15 40.55 -.25 26 41.95 -.25 26.1
4 0 44 -.25 25.05 41.95 -.25 26.1 40.55 -.25 26 42.85 -.25 24.8
4 0 44.6629 -.25 24.7554 44 -.25 25.05 42.85 -.25 24.8 44.2955 -.25 24.1351
4 0 45.2687 -.25 24.4861 45.35 -.25 23.65 47.25 -.25 22.85 46.25 -.25 24.05
4 0 48.55 -.25 22.3 48.2 -.25 23.25 46.25 -.25 24.05 47.25 -.25 22.85
4 15 16.05 -.25 34.6 18.368 -.25 35.45 18.4808 -.25 36.0171 13.2 -.25 36.05
3 15 18.8021 -.25 36.4979 13.2 -.25 36.05 18.4808 -.25 36.0171
4 15 13.2 -.25 36.05 18.8021 -.25 36.4979 16.1 -.25 39.1 14.6 -.25 37.6
4 15 16.1 -.25 39.1 18.8021 -.25 36.4979 19.2829 -.25 36.8192 19.3 -.25 38.55
3 15 19.3 -.25 38.55 19.2829 -.25 36.8192 19.85 -.25 36.932
4 15 19.85 -.25 36.932 20.4171 -.25 36.8192 21.9 -.25 37.15 19.3 -.25 38.55
3 15 21.9 -.25 37.15 20.4171 -.25 36.8192 20.8979 -.25 36.4979
4 15 20.8979 -.25 36.4979 21.2192 -.25 36.0171 24.35 -.25 35.8 21.9 -.25 37.15
3 15 21.2192 -.25 36.0171 21.332 -.25 35.45 24.35 -.25 35.8
3 15 24.35 -.25 35.8 21.332 -.25 35.45 21.2192 -.25 34.8829
4 15 22.5 -.25 31.05 25.75 -.25 34.95 24.35 -.25 35.8 21.2192 -.25 34.8829
3 15 21.2192 -.25 34.8829 20.8979 -.25 34.4021 22.5 -.25 31.05
4 15 20.5 -.25 32.2 22.5 -.25 31.05 20.8979 -.25 34.4021 20.4171 -.25 34.0808
4 15 20.4171 -.25 34.0808 19.85 -.25 33.968 18.5 -.25 33.3 20.5 -.25 32.2
3 15 19.2829 -.25 34.0808 18.5 -.25 33.3 19.85 -.25 33.968
3 15 18.8021 -.25 34.4021 18.5 -.25 33.3 19.2829 -.25 34.0808
4 15 18.8021 -.25 34.4021 18.4808 -.25 34.8829 16.05 -.25 34.6 18.5 -.25 33.3
3 15 18.368 -.25 35.45 16.05 -.25 34.6 18.4808 -.25 34.8829
3 15 16.9 -.25 39.85 16.1 -.25 39.1 19.3 -.25 38.55
4 15 25.75 -.25 34.95 22.5 -.25 31.05 24.3 -.25 29.95 26.85 -.25 34.2
4 15 24.3 -.25 29.95 32.45 -.25 30.9 28.6 -.25 34.85 26.85 -.25 34.2
4 15 33.55 -.25 30.15 32.45 -.25 30.9 27.85 -.25 27.7 29.65 -.25 26.55
3 15 33.55 -.25 30.15 29.65 -.25 26.55 35.05 -.25 29.2
4 15 29.65 -.25 26.55 31.7 -.25 25.25 33.9 -.25 23.9 35.05 -.25 29.2
3 15 35.05 -.25 29.2 33.9 -.25 23.9 36.9 -.25 28.05
4 15 36.3 -.25 22.55 38.7 -.25 27 36.9 -.25 28.05 33.9 -.25 23.9
4 15 38.7 -.25 27 36.3 -.25 22.55 38.55 -.25 21.35 40.55 -.25 26
4 15 40.7 -.25 20.3 42.85 -.25 24.8 40.55 -.25 26 38.55 -.25 21.35
4 15 42.3392 -.25 19.5517 43 -.25 19.25 47.25 -.25 22.85 45.35 -.25 23.65
4 15 47.1 -.25 19.95 47.25 -.25 22.85 43 -.25 19.25 44.9 -.25 18.45
3 15 47.1 -.25 19.95 44.9 -.25 18.45 45.95 -.25 18.05
3 15 47.25 -.25 22.85 47.1 -.25 19.95 48.15 -.25 21.65
3 15 47.25 -.25 22.85 48.15 -.25 21.65 48.55 -.25 22.3
4 15 30.55 -.25 35.6 28.6 -.25 34.85 32.45 -.25 30.9 33.55 -.25 31.5
4 15 30.55 -.25 35.6 33.55 -.25 31.5 34.8 -.25 32.2 32.05 -.25 36.35
4 15 37.5 -.25 33.95 32.05 -.25 36.35 34.8 -.25 32.2 36.1 -.25 33
4 15 37.5 -.25 33.95 38.6 -.25 34.8 33.8 -.25 37.4 32.05 -.25 36.35
3 15 35.8 -.25 38.75 33.8 -.25 37.4 38.6 -.25 34.8
4 15 35.8 -.25 38.75 38.6 -.25 34.8 43.1 -.25 38.2 37.45 -.25 40
3 15 39.2 -.25 41.4 37.45 -.25 40 43.1 -.25 38.2
4 15 38.6 -.25 34.8 40.2 -.25 33.75 45.05 -.25 37.2 43.1 -.25 38.2
3 15 45.05 -.25 37.2 40.2 -.25 33.75 41.95 -.25 32.7
4 15 44.05 -.25 31.5 46.95 -.25 36.15 45.05 -.25 37.2 41.95 -.25 32.7
4 15 46.95 -.25 36.15 44.05 -.25 31.5 46.25 -.25 30.3 48.95 -.25 35.1
4 15 50.9412 -.25 34.0404 48.4 -.25 29.25 50.2 -.25 28.4 51.95 -.25 33.5
4 15 51.95 -.25 33.5 50.2 -.25 28.4 53.35 -.25 31 53.1 -.25 32.9
4 15 51.45 -.25 27.85 52.3 -.25 29.2 53.35 -.25 31 50.2 -.25 28.4
3 15 53.1 -.25 32.9 53.35 -.25 31 54.1 -.25 32.4
4 15 43.1 -.25 38.2 44.75 -.25 39.8 40.7 -.25 42.8 39.2 -.25 41.4
3 15 42.45 -.25 44.45 40.7 -.25 42.8 44.75 -.25 39.8
4 15 44.75 -.25 39.8 48.7 -.25 43.9 44.05 -.25 46.1 42.45 -.25 44.45
3 15 45.35 -.25 47.65 44.05 -.25 46.1 48.7 -.25 43.9
4 15 50.3 -.25 45.85 46.55 -.25 49.05 45.35 -.25 47.65 48.7 -.25 43.9
3 15 47.55 -.25 50.25 46.55 -.25 49.05 50.3 -.25 45.85
3 15 48.7 -.25 43.9 44.75 -.25 39.8 46.6 -.25 39
4 15 48.35 -.25 38.3 50.15 -.25 43.35 48.7 -.25 43.9 46.6 -.25 39
4 15 50.15 -.25 43.35 48.35 -.25 38.3 53.85 -.25 42.05 51.9 -.25 42.75
4 15 51.836 -.25 36.8656 53.85 -.25 42.05 48.35 -.25 38.3 51.25 -.25 37.1
4 15 58.5 -.25 40.15 57.15 -.25 40.7 56.55 -.25 36.75 57.6 -.25 38.55
4 15 57.15 -.25 40.7 54 -.25 36 55.7 -.25 35.25 56.55 -.25 36.75
4 15 48.2 -.25 50.9 47.85 -.25 50.65 47.55 -.25 50.25 50.3 -.25 45.85
3 15 48.6 -.25 51.1 48.2 -.25 50.9 50.3 -.25 45.85
4 15 48.6 -.25 51.1 50.3 -.25 45.85 49.8 -.25 51.1 49 -.25 51.15
3 15 49.8 -.25 51.1 50.3 -.25 45.85 51.05 -.25 50.9
4 15 51.45 -.25 45.65 53.35 -.25 50.55 51.05 -.25 50.9 50.3 -.25 45.85
4 15 51.45 -.25 45.65 53.1 -.25 45.35 55.45 -.25 50.15 53.35 -.25 50.55
4 15 55.65 -.25 46.5 55.65 -.25 46.9 55.45 -.25 50.15 53.1 -.25 45.35
4 15 53.1 -.25 45.35 55.25 -.25 44.85 57.2 -.25 46.3 55.65 -.25 46.5
4 15 59.1 -.25 43.8 59.05 -.25 46.55 58.25 -.25 46.351 57.5 -.25 44.25
4 15 60.75 -.25 44.4 59.05 -.25 46.55 59.1 -.25 43.8 60.25 -.25 43.45
4 15 59.05 -.25 46.85 59.05 -.25 46.55 60.75 -.25 44.4 61.5 -.25 45.7
4 15 61.5 -.25 45.7 62.5 -.25 47.35 62.55 -.25 48.8 59.05 -.25 46.85
3 15 61.1 -.25 49.05 59.05 -.25 46.85 62.55 -.25 48.8
4 15 57.6 -.25 49.7 55.45 -.25 50.15 55.65 -.25 46.9 57.2 -.25 47.1
3 15 62.55 -.25 48.8 62.5 -.25 47.35 63.25 -.25 48.7
4 14 50.1929 -.25 79.2071 49.9 -.25 51.85 64.55 -.25 61.9 62.7 -.25 66.35
4 14 51.1 -.25 51.65 64.55 -.25 61.5 64.55 -.25 61.9 49.9 -.25 51.85
3 14 64.55 -.25 61.5 51.1 -.25 51.65 53.45 -.25 51.2
4 14 53.45 -.25 51.2 55.65 -.25 50.75 57.8 -.25 50.35 64.55 -.25 61.5
4 14 59.6217 -.25 50.0102 64.55 -.25 61.5 57.8 -.25 50.35 59.4 -.25 50.05
3 14 64.55 -.25 61.5 59.6217 -.25 50.0102 66.1 -.25 61.3
3 14 66.3149 -.25 61.3102 66.1 -.25 61.3 59.6217 -.25 50.0102
4 14 64.55 -.25 61.9 66.1 -.25 62.1 69.3 -.25 66.35 62.7 -.25 66.35
3 14 69.3 -.25 66.35 66.1 -.25 62.1 66.7639 -.25 62.0684
4 0 66.1 -.25 61.3 66.3149 -.25 61.3102 66.7639 -.25 62.0684 66.1 -.25 62.1
4 0 67.1558 -.25 61.3515 67.95 -.25 61.55 67.95 -.25 61.85 67.5162 -.25 61.9585
4 0 59.9848 -.25 49.273 61.1 -.25 49.05 61.35 -.25 49.7 60.3454 -.25 49.8803
4 0 59.9848 -.25 49.273 59.6217 -.25 50.0102 59.4 -.25 50.05 59.2686 -.25 49.414
4 0 57.2 -.25 46.3 57.4306 -.25 46.311 57.8788 -.25 47.0677 57.2 -.25 47.1
4 0 59.05 -.25 46.85 58.6114 -.25 46.9597 58.25 -.25 46.351 59.05 -.25 46.55
4 15 57.2 -.25 47.1 57.8788 -.25 47.0677 59.2686 -.25 49.414 57.6 -.25 49.7
4 15 58.6114 -.25 46.9597 59.05 -.25 46.85 61.1 -.25 49.05 59.9848 -.25 49.273
3 15 58.25 -.25 46.351 57.0706 -.25 44.3645 57.5 -.25 44.25
4 15 55.25 -.25 44.85 56.3859 -.25 44.5471 57.4306 -.25 46.311 57.2 -.25 46.3
4 0 56.3859 -.25 44.5471 55.25 -.25 44.85 54.95 -.25 44.25 56.0505 -.25 43.981
4 0 56.7425 -.25 43.8118 57.2 -.25 43.7 57.5 -.25 44.25 57.0706 -.25 44.3645
4 0 53.85 -.25 42.05 54.7002 -.25 41.7012 55.0558 -.25 42.3016 54.15 -.25 42.65
4 0 56.1 -.25 41.9 55.699 -.25 42.0542 55.3348 -.25 41.4408 55.8 -.25 41.25
4 0 54 -.25 36 52.4683 -.25 36.6127 52.0883 -.25 35.9726 53.55 -.25 35.35
4 0 50.85 -.25 36.5 51.4644 -.25 36.2383 51.836 -.25 36.8656 51.25 -.25 37.1
3 15 53.85 -.25 42.05 51.836 -.25 36.8656 54.7002 -.25 41.7012
3 15 55.3348 -.25 41.4408 52.4683 -.25 36.6127 55.8 -.25 41.25
4 15 57.15 -.25 40.7 55.8 -.25 41.25 52.4683 -.25 36.6127 54 -.25 36
4 14 49.95 -.25 44.25 50.8 -.25 43.9 51.8 -.25 44.95 50.7 -.25 45.15
4 14 50.8 -.25 43.9 52.3 -.25 43.35 52.85 -.25 44.75 51.8 -.25 44.95
4 14 54.15 -.25 42.65 54.95 -.25 44.25 52.85 -.25 44.75 52.3 -.25 43.35
4 14 55.0558 -.25 42.3016 56.0505 -.25 43.981 54.95 -.25 44.25 54.15 -.25 42.65
3 14 56.7425 -.25 43.8118 55.699 -.25 42.0542 56.1 -.25 41.9
4 14 58.85 -.25 43.25 57.2 -.25 43.7 56.7425 -.25 43.8118 56.1 -.25 41.9
4 14 56.1 -.25 41.9 57.5 -.25 41.3 58.5 -.25 40.9 58.85 -.25 43.25
4 14 59.5 -.25 40.5 60.65 -.25 42.65 58.85 -.25 43.25 58.5 -.25 40.9
4 14 44.4 -.25 38.35 45.65 -.25 37.65 46.05 -.25 38.45 44.95 -.25 38.9
4 14 47.5 -.25 36.65 47.85 -.25 37.75 46.05 -.25 38.45 45.65 -.25 37.65
4 14 49.7 -.25 35.5 50.85 -.25 36.5 47.85 -.25 37.75 47.5 -.25 36.65
4 14 49.7 -.25 35.5 50.7129 -.25 34.9694 51.4644 -.25 36.2383 50.85 -.25 36.5
3 14 52.0883 -.25 35.9726 51.3077 -.25 34.6579 51.8 -.25 34.4
4 14 53.15 -.25 33.75 53.55 -.25 35.35 52.0883 -.25 35.9726 51.8 -.25 34.4
4 14 53.15 -.25 33.75 54.3 -.25 33.2 56 -.25 34.2 53.55 -.25 35.35
3 14 56 -.25 34.2 54.3 -.25 33.2 55.25 -.25 32.7
4 0 50.3497 -.25 34.3564 50.7129 -.25 34.9694 49.7 -.25 35.5 48.95 -.25 35.1
4 0 50.9412 -.25 34.0404 51.95 -.25 33.5 51.8 -.25 34.4 51.3077 -.25 34.6579
4 0 45.8 -.25 29.65 47.1737 -.25 28.9943 47.5663 -.25 29.6571 46.25 -.25 30.3
4 0 48.4 -.25 29.25 48.1652 -.25 29.3647 47.7749 -.25 28.7074 48 -.25 28.6
4 15 46.25 -.25 30.3 47.5663 -.25 29.6571 50.3497 -.25 34.3564 48.95 -.25 35.1
3 15 50.9412 -.25 34.0404 48.1652 -.25 29.3647 48.4 -.25 29.25
4 0 46.5111 -.25 27.8757 46 -.25 27.9 46 -.25 27.1 46.0532 -.25 27.1025
4 0 46.8445 -.25 27.1402 47.05 -.25 27.15 47.85 -.25 27.65 47.238 -.25 27.803
3 0 47.85 -.25 27.65 47.05 -.25 27.15 47.85 -.25 27.35
3 0 44.6629 -.25 24.7554 44.2955 -.25 24.1351 44.8963 -.25 23.8587
4 0 39.95 -.25 19.9 41.4057 -.25 19.2561 41.7422 -.25 19.8242 40.7 -.25 20.3
4 0 43 -.25 19.25 42.3392 -.25 19.5517 42.006 -.25 18.9906 42.55 -.25 18.75
4 15 40.7 -.25 20.3 41.7422 -.25 19.8242 44.2955 -.25 24.1351 42.85 -.25 24.8
3 15 44.8963 -.25 23.8587 42.3392 -.25 19.5517 45.35 -.25 23.65
4 0 35.2 -.25 9.25 35.487 -.25 9.2637 35.9321 -.25 10.0151 35.2 -.25 10.05
4 0 36.2527 -.25 9.3 37.05 -.25 9.5 37.05 -.25 9.8 36.6142 -.25 9.9089
4 0 36.2527 -.25 9.3 36.6142 -.25 9.9089 35.9321 -.25 10.0151 35.487 -.25 9.2637
4 0 41.4057 -.25 19.2561 42.006 -.25 18.9906 42.3392 -.25 19.5517 41.7422 -.25 19.8242
4 0 36.6142 -.25 9.9089 42.006 -.25 18.9906 41.4057 -.25 19.2561 35.9321 -.25 10.0151
4 0 45.35 -.25 23.65 45.2687 -.25 24.4861 44.6629 -.25 24.7554 44.8963 -.25 23.8587
4 0 42.3392 -.25 19.5517 44.8963 -.25 23.8587 44.2955 -.25 24.1351 41.7422 -.25 19.8242
4 14 20 -.25 8.5 33.65 -.25 9.85 31.2 -.25 24.65 29.1 -.25 25.95
3 14 31.2 -.25 24.65 33.65 -.25 9.85 33.35 -.25 23.35
3 14 33.35 -.25 23.35 33.65 -.25 9.85 35.65 -.25 22.05
4 14 35.2 -.25 10.05 37.85 -.25 20.9 35.65 -.25 22.05 33.65 -.25 9.85
4 14 35.2 -.25 10.05 35.9321 -.25 10.0151 39.95 -.25 19.9 37.85 -.25 20.9
3 14 39.95 -.25 19.9 35.9321 -.25 10.0151 41.4057 -.25 19.2561
4 14 36.6142 -.25 9.9089 37.05 -.25 9.8 42.55 -.25 18.75 42.006 -.25 18.9906
3 14 42.55 -.25 18.75 37.05 -.25 9.8 44.4 -.25 17.95
4 14 49.666 -.25 8.8 46.35 -.25 17.15 44.4 -.25 17.95 37.05 -.25 9.8
4 0 47.5663 -.25 29.6571 47.1737 -.25 28.9943 47.7749 -.25 28.7074 48.1652 -.25 29.3647
4 0 47.238 -.25 27.803 47.7749 -.25 28.7074 47.1737 -.25 28.9943 46.5111 -.25 27.8757
4 0 46.8445 -.25 27.1402 47.238 -.25 27.803 46.5111 -.25 27.8757 46.0532 -.25 27.1025
4 0 45.2687 -.25 24.4861 46.8445 -.25 27.1402 46.0532 -.25 27.1025 44.6629 -.25 24.7554
4 14 34.05 -.25 30.85 34.9 -.25 30.25 36.4 -.25 32.25 35.2 -.25 31.55
3 14 36.4 -.25 32.25 34.9 -.25 30.25 36.55 -.25 29.25
4 14 36.4 -.25 32.25 36.55 -.25 29.25 39.75 -.25 33.1 37.65 -.25 33.05
3 14 38.7 -.25 33.75 37.65 -.25 33.05 39.75 -.25 33.1
4 14 38.3 -.25 28.2 41.25 -.25 32.2 39.75 -.25 33.1 36.55 -.25 29.25
4 14 38.3 -.25 28.2 40.05 -.25 27.15 43.4 -.25 30.95 41.25 -.25 32.2
4 14 44.45 -.25 27.3 44.45 -.25 27.7 43.4 -.25 30.95 40.05 -.25 27.15
4 14 44 -.25 25.05 44.45 -.25 27.3 40.05 -.25 27.15 41.95 -.25 26.1
4 14 46 -.25 27.1 44.45 -.25 27.3 44 -.25 25.05 44.6629 -.25 24.7554
3 14 46.0532 -.25 27.1025 46 -.25 27.1 44.6629 -.25 24.7554
4 14 43.4 -.25 30.95 44.45 -.25 27.7 46 -.25 27.9 45.8 -.25 29.65
4 14 46 -.25 27.9 46.5111 -.25 27.8757 47.1737 -.25 28.9943 45.8 -.25 29.65
4 14 47.238 -.25 27.803 47.85 -.25 27.65 48 -.25 28.6 47.7749 -.25 28.7074
4 14 47.85 -.25 27.35 49.8 -.25 27.75 48 -.25 28.6 47.85 -.25 27.65
3 14 49.8 -.25 27.75 47.85 -.25 27.35 51.8 -.25 26.85
4 14 51.8 -.25 26.85 47.85 -.25 27.35 48.2 -.25 23.25 49.65 -.25 22.7
3 14 47.85 -.25 27.35 47.05 -.25 27.15 48.2 -.25 23.25
3 14 47.05 -.25 27.15 46.8445 -.25 27.1402 48.2 -.25 23.25
4 14 45.2687 -.25 24.4861 46.25 -.25 24.05 48.2 -.25 23.25 46.8445 -.25 27.1402
4 0 50.3497 -.25 34.3564 50.9412 -.25 34.0404 51.3077 -.25 34.6579 50.7129 -.25 34.9694
4 0 50.9412 -.25 34.0404 50.3497 -.25 34.3564 47.5663 -.25 29.6571 48.1652 -.25 29.3647
4 0 50.7129 -.25 34.9694 51.3077 -.25 34.6579 52.0883 -.25 35.9726 51.4644 -.25 36.2383
4 0 52.4683 -.25 36.6127 51.836 -.25 36.8656 51.4644 -.25 36.2383 52.0883 -.25 35.9726
4 0 51.836 -.25 36.8656 52.4683 -.25 36.6127 55.3348 -.25 41.4408 54.7002 -.25 41.7012
4 0 55.3348 -.25 41.4408 55.699 -.25 42.0542 55.0558 -.25 42.3016 54.7002 -.25 41.7012
4 0 56.7425 -.25 43.8118 56.0505 -.25 43.981 55.0558 -.25 42.3016 55.699 -.25 42.0542
4 0 57.0706 -.25 44.3645 56.3859 -.25 44.5471 56.0505 -.25 43.981 56.7425 -.25 43.8118
4 0 57.4306 -.25 46.311 58.25 -.25 46.351 58.6114 -.25 46.9597 57.8788 -.25 47.0677
4 0 58.25 -.25 46.351 57.4306 -.25 46.311 56.3859 -.25 44.5471 57.0706 -.25 44.3645
4 0 57.8788 -.25 47.0677 58.6114 -.25 46.9597 59.9848 -.25 49.273 59.2686 -.25 49.414
3 0 59.6217 -.25 50.0102 59.9848 -.25 49.273 60.3454 -.25 49.8803
4 0 66.3149 -.25 61.3102 67.1558 -.25 61.3515 67.5162 -.25 61.9585 66.7639 -.25 62.0684
4 0 60.3454 -.25 49.8803 67.1558 -.25 61.3515 66.3149 -.25 61.3102 59.6217 -.25 50.0102
4 0 66.7639 -.25 62.0684 67.5162 -.25 61.9585 70.45 -.25 66.9 69.3 -.25 66.35
3 14 67.1558 -.25 61.3515 60.3454 -.25 49.8803 61.35 -.25 49.7
4 14 62.9 -.25 49.45 67.95 -.25 61.55 67.1558 -.25 61.3515 61.35 -.25 49.7
4 15 27.85 -.25 27.7 32.45 -.25 30.9 24.3 -.25 29.95 26.1 -.25 28.8
4 0 -3.5343 -.25 4.5686 -5.4968 -.25 4.5686 -6.019 -.25 4.1043 -3.5343 -.25 4.1043
4 0 -6.019 -.25 4.1043 -5.4968 -.25 4.5686 -5.4968 -.25 8.0321 -6.019 -.25 8.0321
4 0 -2.5806 -.25 5.3521 -2.9865 -.25 4.9234 -2.8544 -.25 4.711 -2.4523 -.25 5.0816
4 0 -3.1728 -.25 5.4375 -3.0937 -.25 5.166 -2.9865 -.25 4.9234 -2.5806 -.25 5.3521
4 0 -2.5806 -.25 5.3521 -2.6647 -.25 5.6791 -3.2203 -.25 5.737 -3.1728 -.25 5.4375
4 0 -2.6647 -.25 5.6791 -2.6927 -.25 6.0641 -3.2361 -.25 6.0641 -3.2203 -.25 5.737
4 0 -2.4167 -.25 4.307 -2.09 -.25 4.1531 -1.8604 -.25 4.5778 -2.0917 -.25 4.6969
4 0 -2.6979 -.25 4.529 -2.2918 -.25 4.8667 -2.4523 -.25 5.0816 -2.8544 -.25 4.711
4 0 -2.0917 -.25 4.6969 -2.2918 -.25 4.8667 -2.6979 -.25 4.529 -2.4167 -.25 4.307
4 0 -2.6674 -.25 6.4364 -3.2209 -.25 6.3763 -3.2361 -.25 6.0641 -2.6927 -.25 6.0641
4 0 -3.1752 -.25 6.6657 -2.5912 -.25 6.7619 -2.9941 -.25 7.1738 -3.0989 -.25 6.9321
4 0 -2.5912 -.25 6.7619 -2.4695 -.25 7.0379 -2.8622 -.25 7.3892 -2.9941 -.25 7.1738
4 0 -2.4695 -.25 7.0379 -2.3076 -.25 7.2618 -2.7033 -.25 7.5783 -2.8622 -.25 7.3892
4 0 -2.7033 -.25 7.5783 -2.3076 -.25 7.2618 -2.1074 -.25 7.4382 -2.4266 -.25 7.8039
4 0 -2.4266 -.25 7.8039 -2.1074 -.25 7.4382 -1.8815 -.25 7.5613 -2.0979 -.25 7.9688
4 0 -3.2209 -.25 6.3763 -2.6674 -.25 6.4364 -2.5912 -.25 6.7619 -3.1752 -.25 6.6657
4 0 -1.6068 -.25 4.5076 -1.5893 -.25 4.0464 -1.3131 -.25 4.033 -1.3396 -.25 4.4841
4 0 -1.3396 -.25 4.4841 -1.3131 -.25 4.033 -.8976 -.25 4.0687 -.9741 -.25 4.5164
3 0 -1.6068 -.25 4.5076 -1.8483 -.25 4.0864 -1.5893 -.25 4.0464
4 0 -.6326 -.25 4.6135 -.9741 -.25 4.5164 -.8976 -.25 4.0687 -.5482 -.25 4.1544
3 0 -.6326 -.25 4.6135 -.5482 -.25 4.1544 -.2409 -.25 4.2704
4 0 .0216 -.25 4.3893 -.3133 -.25 4.775 -.6326 -.25 4.6135 -.2409 -.25 4.2704
4 0 -.3133 -.25 4.775 .0216 -.25 4.3893 .0216 -.25 5.0012 -.0154 -.25 5.0012
3 0 -1.5903 -.25 8.0883 -1.8528 -.25 8.0434 -1.6279 -.25 7.6334
4 0 -1.6279 -.25 7.6334 -1.3448 -.25 7.6575 -1.3106 -.25 8.1034 -1.5903 -.25 8.0883
4 0 -.992 -.25 7.6264 -.9944 -.25 8.0841 -1.3106 -.25 8.1034 -1.3448 -.25 7.6575
4 0 -.6616 -.25 7.5336 -.6787 -.25 8.0267 -.9944 -.25 8.0841 -.992 -.25 7.6264
4 0 -2.0979 -.25 7.9688 -1.8815 -.25 7.5613 -1.6279 -.25 7.6334 -1.8528 -.25 8.0434
4 0 -.6787 -.25 8.0267 -.6616 -.25 7.5336 -.4482 -.25 7.4345 -.4609 -.25 7.9629
4 0 -.0179 -.25 7.1379 .0216 -.25 7.1379 .0216 -.25 7.7578 -.2336 -.25 7.3025
4 0 -.2274 -.25 7.8732 -.4482 -.25 7.4345 -.2336 -.25 7.3025 .0216 -.25 7.7578
3 0 -.4609 -.25 7.9629 -.4482 -.25 7.4345 -.2274 -.25 7.8732
4 0 -2.09 -.25 4.1531 -1.8483 -.25 4.0864 -1.6068 -.25 4.5076 -1.8604 -.25 4.5778
4 0 3.8823 -.25 6.0616 2.2363 -.25 6.0616 2.2363 -.25 5.5842 3.8823 -.25 5.5842
4 0 6.7099 -.25 4.6866 6.6579 -.25 4.1818 6.9461 -.25 4.1004 6.9935 -.25 4.5765
3 0 6.4264 -.25 4.8218 6.4264 -.25 4.2704 6.4659 -.25 4.8218
4 0 6.6579 -.25 4.1818 6.7099 -.25 4.6866 6.4659 -.25 4.8218 6.4264 -.25 4.2704
4 0 7.2651 -.25 4.042 7.2916 -.25 4.5032 6.9935 -.25 4.5765 6.9461 -.25 4.1004
4 0 7.5896 -.25 4.0226 7.5791 -.25 4.4789 7.2916 -.25 4.5032 7.2651 -.25 4.042
4 0 7.9325 -.25 4.5343 7.5791 -.25 4.4789 7.5896 -.25 4.0226 7.896 -.25 4.0445
3 0 6.5397 -.25 7.8658 6.5397 -.25 7.3146 6.5662 -.25 7.3146
4 0 6.5662 -.25 7.3146 6.8247 -.25 7.4596 6.7583 -.25 7.9546 6.5397 -.25 7.8658
4 0 7.3474 -.25 8.0944 7.0396 -.25 8.036 7.099 -.25 7.5678 7.3734 -.25 7.635
4 0 6.8247 -.25 7.4596 7.099 -.25 7.5678 7.0396 -.25 8.036 6.7583 -.25 7.9546
4 0 7.9352 -.25 5.9863 7.8788 -.25 6.4965 7.5184 -.25 6.4546 7.5712 -.25 6.0167
4 0 7.3734 -.25 7.635 7.6318 -.25 7.6575 7.645 -.25 8.1138 7.3474 -.25 8.0944
4 0 7.9247 -.25 7.6312 7.9154 -.25 8.1007 7.645 -.25 8.1138 7.6318 -.25 7.6575
4 0 7.5712 -.25 6.0167 7.5184 -.25 6.4546 7.3338 -.25 6.4546 7.3338 -.25 6.0167
4 0 8.6422 -.25 4.3839 8.7991 -.25 4.5647 8.4167 -.25 4.9536 8.2359 -.25 4.6979
4 0 7.9325 -.25 4.5343 8.4268 -.25 4.2233 8.6422 -.25 4.3839 8.2359 -.25 4.6979
4 0 7.896 -.25 4.0445 8.1766 -.25 4.1109 8.4268 -.25 4.2233 7.9325 -.25 4.5343
4 0 8.9897 -.25 5.0097 8.4167 -.25 4.9536 8.7991 -.25 4.5647 8.9166 -.25 4.7743
3 0 8.4759 -.25 5.3071 8.4167 -.25 4.9536 8.9897 -.25 5.0097
4 0 8.9937 -.25 5.5143 8.9323 -.25 5.7108 8.4087 -.25 5.6566 8.4759 -.25 5.3071
4 0 8.9937 -.25 5.5143 8.4759 -.25 5.3071 8.9897 -.25 5.0097 9.0141 -.25 5.2676
3 0 8.7239 -.25 5.9956 8.4087 -.25 5.6566 8.9323 -.25 5.7108
4 0 7.8788 -.25 6.4965 8.1569 -.25 6.2885 8.4499 -.25 6.3969 8.158 -.25 6.6221
4 0 8.7015 -.25 6.5958 8.3372 -.25 6.8282 8.158 -.25 6.6221 8.4499 -.25 6.3969
4 0 7.9154 -.25 8.1007 7.9247 -.25 7.6312 8.1673 -.25 7.5361 8.1515 -.25 8.0611
4 0 8.1515 -.25 8.0611 8.1673 -.25 7.5361 8.3361 -.25 7.3607 8.5472 -.25 7.8923
4 0 7.9352 -.25 5.9863 8.1569 -.25 6.2515 8.1569 -.25 6.2885 7.8788 -.25 6.4965
4 0 7.9352 -.25 5.9863 8.2227 -.25 5.8742 8.4469 -.25 6.1631 8.1569 -.25 6.2515
4 0 8.3969 -.25 7.1115 8.3372 -.25 6.8282 8.7015 -.25 6.5958 8.8747 -.25 6.8605
3 0 8.5472 -.25 7.8923 8.3361 -.25 7.3607 8.8347 -.25 7.5862
4 0 8.3969 -.25 7.1115 8.9323 -.25 7.1669 8.8347 -.25 7.5862 8.3361 -.25 7.3607
3 0 8.9323 -.25 7.1669 8.3969 -.25 7.1115 8.8747 -.25 6.8605
4 0 8.2227 -.25 5.8742 8.4087 -.25 5.6566 8.7239 -.25 5.9956 8.4469 -.25 6.1631
4 0 10.2537 -.25 4.5052 10.2537 -.25 4.1043 12.3798 -.25 4.1043 11.0715 -.25 4.5052
3 0 10.6097 -.25 7.5243 10.2537 -.25 7.4966 10.2537 -.25 7.1379
4 0 10.8972 -.25 7.6047 10.6097 -.25 7.5243 10.2537 -.25 7.1379 11.0715 -.25 7.1379
3 0 11.5779 -.25 4.5052 12.3798 -.25 4.1043 12.3798 -.25 4.5052
3 0 11.0715 -.25 4.5052 12.3798 -.25 4.1043 11.5779 -.25 4.5052
4 0 10.8972 -.25 7.6047 11.0715 -.25 7.1379 11.5779 -.25 8.0453 11.0885 -.25 7.7723
3 0 11.169 -.25 8.0453 11.0885 -.25 7.7723 11.5779 -.25 8.0453
4 0 11.0715 -.25 4.5052 11.5779 -.25 4.5052 11.5779 -.25 8.0453 11.0715 -.25 7.1379
4 0 16.149 -.25 8.0321 13.461 -.25 8.0321 13.461 -.25 7.5704 15.6979 -.25 7.5704
4 0 13.8066 -.25 4.1043 14.3711 -.25 4.1043 16.149 -.25 7.4438 15.6979 -.25 7.5704
3 0 16.149 -.25 8.0321 15.6979 -.25 7.5704 16.149 -.25 7.4438
4 0 16.9111 -.25 5.1885 16.9532 -.25 4.866 17.5052 -.25 4.9028 17.4439 -.25 5.228
4 0 17.4799 -.25 5.4932 17.5878 -.25 5.7292 17.3298 -.25 6.0184 17.1011 -.25 5.7807
4 0 17.1011 -.25 5.7807 16.9586 -.25 5.5001 17.4439 -.25 5.228 17.4799 -.25 5.4932
3 0 16.9586 -.25 5.5001 16.9111 -.25 5.1885 17.4439 -.25 5.228
4 0 16.9532 -.25 4.866 17.0793 -.25 4.5846 17.2896 -.25 4.3444 17.5052 -.25 4.9028
4 0 18.3064 -.25 4.0146 18.3118 -.25 4.4077 17.9676 -.25 4.4657 18.0036 -.25 4.0352
3 0 17.9676 -.25 4.4657 17.7331 -.25 4.097 18.0036 -.25 4.0352
4 0 17.4951 -.25 4.2 17.7331 -.25 4.097 17.9676 -.25 4.4657 17.6892 -.25 4.6398
4 0 17.6366 -.25 6.2014 17.3298 -.25 6.0184 17.5878 -.25 5.7292 17.7549 -.25 5.9277
4 0 17.5052 -.25 4.9028 17.2896 -.25 4.3444 17.4951 -.25 4.2 17.6892 -.25 4.6398
4 0 17.6366 -.25 6.2173 17.6366 -.25 6.2014 17.7549 -.25 5.9277 17.9688 -.25 6.08
3 0 17.5467 -.25 7.1483 17.0545 -.25 6.812 17.6536 -.25 6.82
4 0 17.7591 -.25 7.5758 17.3806 -.25 7.8263 17.1784 -.25 7.6129 17.5999 -.25 7.3897
4 0 17.1784 -.25 7.6129 17.057 -.25 7.3666 17.5467 -.25 7.1483 17.5999 -.25 7.3897
4 0 17.0545 -.25 6.812 17.5467 -.25 7.1483 17.057 -.25 7.3666 17.0166 -.25 7.0877
4 0 17.0545 -.25 6.812 17.1682 -.25 6.5865 17.3612 -.25 6.394 17.6536 -.25 6.82
4 0 17.6366 -.25 6.2173 17.9688 -.25 6.08 18.2577 -.25 6.4494 17.9767 -.25 6.5733
4 0 18.0016 -.25 7.6945 17.6453 -.25 7.9904 17.3806 -.25 7.8263 17.7591 -.25 7.5758
3 0 17.9539 -.25 8.0888 17.6453 -.25 7.9904 18.0016 -.25 7.6945
4 0 18.0016 -.25 7.6945 18.3039 -.25 7.734 18.3064 -.25 8.1218 17.9539 -.25 8.0888
4 0 17.9767 -.25 6.5733 17.6536 -.25 6.82 17.3612 -.25 6.394 17.6366 -.25 6.2173
4 0 18.6583 -.25 4.4571 18.3118 -.25 4.4077 18.3064 -.25 4.0146 18.5945 -.25 4.0358
4 0 19.0937 -.25 4.2046 18.6583 -.25 4.4571 18.5945 -.25 4.0358 18.8568 -.25 4.0991
4 0 18.9422 -.25 6.1803 18.6152 -.25 6.3228 18.362 -.25 5.9402 18.6336 -.25 5.832
4 0 17.9688 -.25 6.08 18.362 -.25 5.9402 18.6152 -.25 6.3228 18.2577 -.25 6.4494
4 0 18.6583 -.25 4.4571 19.0937 -.25 4.2046 19.3049 -.25 4.3523 18.9277 -.25 4.6055
4 0 19.5255 -.25 4.5964 19.1008 -.25 4.8402 18.9277 -.25 4.6055 19.3049 -.25 4.3523
4 0 19.5255 -.25 4.5964 19.6579 -.25 4.8787 19.1585 -.25 5.149 19.1008 -.25 4.8402
4 0 18.8938 -.25 5.6846 19.0516 -.25 5.5379 19.5068 -.25 5.7898 19.2681 -.25 6.0035
3 0 19.5068 -.25 5.7898 19.0516 -.25 5.5379 19.6531 -.25 5.5261
4 0 19.0516 -.25 5.5379 19.1585 -.25 5.149 19.7019 -.25 5.1989 19.6531 -.25 5.5261
3 0 19.7019 -.25 5.1989 19.1585 -.25 5.149 19.6579 -.25 4.8787
4 0 18.6336 -.25 5.832 18.8938 -.25 5.6846 19.2681 -.25 6.0035 18.9422 -.25 6.1803
4 0 18.9422 -.25 6.1803 18.9422 -.25 6.1962 18.836 -.25 6.5 18.6152 -.25 6.3228
4 0 18.9422 -.25 6.1962 19.2252 -.25 6.3692 18.9765 -.25 6.6841 18.836 -.25 6.5
4 0 18.3064 -.25 8.1218 18.3039 -.25 7.734 18.6115 -.25 7.6921 18.6723 -.25 8.0904
4 0 18.8592 -.25 7.5665 18.9853 -.25 7.9963 18.6723 -.25 8.0904 18.6115 -.25 7.6921
3 0 18.9853 -.25 7.9963 18.8592 -.25 7.5665 19.2456 -.25 7.8395
4 0 19.4303 -.25 6.5983 19.5549 -.25 6.858 19.0768 -.25 7.1168 19.0516 -.25 6.886
4 0 19.0516 -.25 6.886 18.9765 -.25 6.6841 19.2252 -.25 6.3692 19.4303 -.25 6.5983
4 0 18.8592 -.25 7.5665 19.0224 -.25 7.3703 19.4404 -.25 7.6344 19.2456 -.25 7.8395
4 0 19.4404 -.25 7.6344 19.0224 -.25 7.3703 19.0768 -.25 7.1168 19.5574 -.25 7.3951
4 0 19.5549 -.25 6.858 19.5964 -.25 7.122 19.5574 -.25 7.3951 19.0768 -.25 7.1168
4 14 30.1827 -.25 .5761 20 -.25 8.5 20 -.25 3.5 29.8 -.25 .5
4 0 71.3 -.25 79.5 70.4 -.25 79.5 62.7 -.25 66.35 63.8 -.25 66.9
4 0 35.487 -.25 9.2637 30.4039 -.25 .667 31.3412 -.25 1.0522 36.2527 -.25 9.3
4 14 7.5896 -.25 4.0226 -6.5 -.25 3.5 -26.1 -.25 .5 20 -.25 3.5
3 14 20 -.25 3.5 -26.1 -.25 .5 29.8 -.25 .5
4 14 33.65 -.25 9.45 20 -.25 8.5 30.1827 -.25 .5761 30.4039 -.25 .667
3 14 33.65 -.25 9.45 30.4039 -.25 .667 35.2 -.25 9.25
3 14 35.487 -.25 9.2637 35.2 -.25 9.25 30.4039 -.25 .667
4 14 49.0588 -.25 8.3341 37.05 -.25 9.5 36.2527 -.25 9.3 31.3412 -.25 1.0522
4 14 49.666 -.25 8.8 37.05 -.25 9.8 37.05 -.25 9.5 49.0588 -.25 8.3341
3 14 33.65 -.25 9.85 20 -.25 8.5 33.65 -.25 9.45
3 14 27.35 -.25 27.05 20 -.25 8.5 29.1 -.25 25.95
4 14 27.35 -.25 27.05 25.65 -.25 28.15 23.85 -.25 29.3 20 -.25 8.5
3 14 22.05 -.25 30.4 20 -.25 8.5 23.85 -.25 29.3
4 14 22.05 -.25 30.4 20.15 -.25 31.5 17.95 -.25 32.7 20 -.25 8.5
3 14 15.1 -.25 34.2 20 -.25 8.5 17.95 -.25 32.7
4 14 15.1 -.25 34.2 11.85 -.25 35.9 -6.5 -.25 8.5 20 -.25 8.5
4 14 -26.8071 -.25 2.2071 -26.1 -.25 .5 -6.5 -.25 3.5 -6.5 -.25 8.5
4 14 50.1929 -.25 79.2071 62.7 -.25 66.35 70.4 -.25 79.5 50.9 -.25 79.5
3 14 50.1929 -.25 79.2071 49.05 -.25 51.9 49.9 -.25 51.85
3 14 71.3 -.25 79.5 63.8 -.25 66.9 70.45 -.25 66.9
4 14 71.3 -.25 79.5 70.45 -.25 66.9 88.2239 -.25 78.1173 87.3 -.25 79.5
4 14 67.5162 -.25 61.9585 67.95 -.25 61.85 88.2239 -.25 78.1173 70.45 -.25 66.9
3 14 88.2239 -.25 78.1173 67.95 -.25 61.85 67.95 -.25 61.55
4 14 62.9 -.25 49.45 64.45 -.25 49.25 88.2239 -.25 78.1173 67.95 -.25 61.55
3 14 11.85 -.25 35.9 -26.8071 -.25 2.2071 -6.5 -.25 8.5
4 14 16.75 -.25 40.9 46.85 -.25 50.75 47.45 -.25 51.35 50.1929 -.25 79.2071
3 14 50.1929 -.25 79.2071 47.45 -.25 51.35 47.95 -.25 51.65
3 14 50.1929 -.25 79.2071 47.95 -.25 51.65 48.45 -.25 51.85
3 14 50.1929 -.25 79.2071 48.45 -.25 51.85 49.05 -.25 51.9
4 14 46.1 -.25 49.75 46.85 -.25 50.75 16.75 -.25 40.9 19.35 -.25 39.45
4 14 46.1 -.25 49.75 19.35 -.25 39.45 43.55 -.25 46.75 44.85 -.25 48.2
3 14 43.55 -.25 46.75 19.35 -.25 39.45 42.05 -.25 45.2
4 14 38.65 -.25 42 40.25 -.25 43.5 42.05 -.25 45.2 19.35 -.25 39.45
4 14 38.65 -.25 42 19.35 -.25 39.45 21.8 -.25 38.15 37.25 -.25 40.85
4 14 21.8 -.25 38.15 24.05 -.25 36.85 35.6 -.25 39.55 37.25 -.25 40.85
4 14 32.05 -.25 37.3 33.7 -.25 38.3 35.6 -.25 39.55 24.05 -.25 36.85
4 14 32.05 -.25 37.3 24.05 -.25 36.85 28.65 -.25 35.75 30.45 -.25 36.45
3 14 24.05 -.25 36.85 25.95 -.25 35.7 28.65 -.25 35.75
3 14 28.65 -.25 35.75 25.95 -.25 35.7 26.85 -.25 35.15
3 14 47.65 -.25 19.25 46.35 -.25 17.15 49.666 -.25 8.8
4 14 47.65 -.25 19.25 49.666 -.25 8.8 49.15 -.25 21.85 48.6 -.25 20.9
3 14 49.65 -.25 22.7 49.15 -.25 21.85 49.666 -.25 8.8
4 14 49.65 -.25 22.7 49.666 -.25 8.8 53.15 -.25 29.05 51.8 -.25 26.85
3 14 54.2 -.25 30.85 53.15 -.25 29.05 49.666 -.25 8.8
3 14 55.25 -.25 32.7 54.2 -.25 30.85 49.666 -.25 8.8
4 14 55.25 -.25 32.7 49.666 -.25 8.8 57 -.25 36 56 -.25 34.2
3 14 57.95 -.25 37.65 57 -.25 36 49.666 -.25 8.8
4 14 88.2239 -.25 78.1173 59.5 -.25 40.5 57.95 -.25 37.65 49.666 -.25 8.8
3 14 88.2239 -.25 78.1173 64.45 -.25 49.25 63.1 -.25 46.9
4 14 63.1 -.25 46.9 61.9 -.25 44.85 61.1 -.25 43.45 88.2239 -.25 78.1173
4 14 59.5 -.25 40.5 88.2239 -.25 78.1173 61.1 -.25 43.45 60.65 -.25 42.65
3 14 13.35 -.25 37.5 -26.8071 -.25 2.2071 11.85 -.25 35.9
3 14 15.1 -.25 39.3 -26.8071 -.25 2.2071 13.35 -.25 37.5
4 14 16.75 -.25 40.9 50.1929 -.25 79.2071 -26.8071 -.25 2.2071 15.1 -.25 39.3
4 14 19.1436 -.25 35.45 20.5564 -.25 35.45 20.5026 -.25 35.7203 19.1974 -.25 35.7203
4 14 20.5026 -.25 35.7203 20.3495 -.25 35.9495 19.3505 -.25 35.9495 19.1974 -.25 35.7203
3 14 19.5797 -.25 36.1026 19.3505 -.25 35.9495 20.3495 -.25 35.9495
4 14 19.85 -.25 36.1564 19.5797 -.25 36.1026 20.3495 -.25 35.9495 20.1203 -.25 36.1026
4 14 20.5564 -.25 35.45 19.1436 -.25 35.45 19.1974 -.25 35.1797 20.5026 -.25 35.1797
4 14 20.5026 -.25 35.1797 19.1974 -.25 35.1797 19.3505 -.25 34.9505 20.3495 -.25 34.9505
4 14 19.5797 -.25 34.7974 20.1203 -.25 34.7974 20.3495 -.25 34.9505 19.3505 -.25 34.9505
3 14 20.1203 -.25 34.7974 19.5797 -.25 34.7974 19.85 -.25 34.7436
3 14 -5.4968 -.25 8.0321 -3.1752 -.25 6.6657 -3.0989 -.25 6.9321
4 14 -3.1752 -.25 6.6657 -5.4968 -.25 8.0321 -5.4968 -.25 4.5686 -3.2209 -.25 6.3763
3 14 -3.2209 -.25 6.3763 -5.4968 -.25 4.5686 -3.2361 -.25 6.0641
4 14 -3.5343 -.25 4.5686 -3.2203 -.25 5.737 -3.2361 -.25 6.0641 -5.4968 -.25 4.5686
3 14 -3.2203 -.25 5.737 -3.5343 -.25 4.5686 -3.1728 -.25 5.4375
3 14 -3.1728 -.25 5.4375 -3.5343 -.25 4.5686 -3.0937 -.25 5.166
4 14 -3.5343 -.25 4.1043 -2.9865 -.25 4.9234 -3.0937 -.25 5.166 -3.5343 -.25 4.5686
3 14 -2.9865 -.25 4.9234 -3.5343 -.25 4.1043 -2.8544 -.25 4.711
3 14 -2.8544 -.25 4.711 -3.5343 -.25 4.1043 -2.6979 -.25 4.529
3 14 -2.6979 -.25 4.529 -3.5343 -.25 4.1043 -2.4167 -.25 4.307
3 14 -2.4167 -.25 4.307 -3.5343 -.25 4.1043 -2.09 -.25 4.1531
3 14 -2.09 -.25 4.1531 -3.5343 -.25 4.1043 -1.8483 -.25 4.0864
4 14 -1.8483 -.25 4.0864 -3.5343 -.25 4.1043 -6.019 -.25 4.1043 -6.5 -.25 3.5
3 14 -1.8483 -.25 4.0864 -6.5 -.25 3.5 -1.5893 -.25 4.0464
4 14 -6.5 -.25 3.5 -6.019 -.25 4.1043 -6.019 -.25 8.0321 -6.5 -.25 8.5
3 14 -6.5 -.25 8.5 -6.019 -.25 8.0321 -5.4968 -.25 8.0321
4 14 -1.8528 -.25 8.0434 -6.5 -.25 8.5 -5.4968 -.25 8.0321 -2.0979 -.25 7.9688
3 14 -5.4968 -.25 8.0321 -2.4266 -.25 7.8039 -2.0979 -.25 7.9688
3 14 -5.4968 -.25 8.0321 -2.7033 -.25 7.5783 -2.4266 -.25 7.8039
3 14 -5.4968 -.25 8.0321 -2.8622 -.25 7.3892 -2.7033 -.25 7.5783
3 14 -5.4968 -.25 8.0321 -2.9941 -.25 7.1738 -2.8622 -.25 7.3892
3 14 -5.4968 -.25 8.0321 -3.0989 -.25 6.9321 -2.9941 -.25 7.1738
4 14 .0216 -.25 7.1379 -.0179 -.25 7.1379 -.0154 -.25 5.0012 .0216 -.25 5.0012
4 14 .0216 -.25 7.1379 .0216 -.25 5.0012 2.2363 -.25 5.5842 2.2363 -.25 6.0616
4 14 -.3133 -.25 4.775 -.0154 -.25 5.0012 -.0179 -.25 7.1379 -.2336 -.25 7.3025
4 14 -.3133 -.25 4.775 -.2336 -.25 7.3025 -.4482 -.25 7.4345 -.6326 -.25 4.6135
3 14 -.6616 -.25 7.5336 -.6326 -.25 4.6135 -.4482 -.25 7.4345
4 14 -.6616 -.25 7.5336 -.992 -.25 7.6264 -.9741 -.25 4.5164 -.6326 -.25 4.6135
4 14 -1.3448 -.25 7.6575 -1.3396 -.25 4.4841 -.9741 -.25 4.5164 -.992 -.25 7.6264
4 14 -1.3448 -.25 7.6575 -1.6279 -.25 7.6334 -1.6068 -.25 4.5076 -1.3396 -.25 4.4841
4 14 -1.6068 -.25 4.5076 -1.6279 -.25 7.6334 -2.0917 -.25 4.6969 -1.8604 -.25 4.5778
4 14 -2.0917 -.25 4.6969 -1.6279 -.25 7.6334 -1.8815 -.25 7.5613 -2.2918 -.25 4.8667
4 14 -1.8815 -.25 7.5613 -2.1074 -.25 7.4382 -2.3076 -.25 7.2618 -2.2918 -.25 4.8667
4 14 -2.3076 -.25 7.2618 -2.4695 -.25 7.0379 -2.5912 -.25 6.7619 -2.2918 -.25 4.8667
4 14 -2.5912 -.25 6.7619 -2.6674 -.25 6.4364 -2.4523 -.25 5.0816 -2.2918 -.25 4.8667
4 14 -2.4523 -.25 5.0816 -2.6674 -.25 6.4364 -2.6647 -.25 5.6791 -2.5806 -.25 5.3521
3 14 -2.6674 -.25 6.4364 -2.6927 -.25 6.0641 -2.6647 -.25 5.6791
4 14 .0216 -.25 7.1379 2.2363 -.25 6.0616 3.8823 -.25 6.0616 .0216 -.25 7.7578
4 14 -.2274 -.25 7.8732 .0216 -.25 7.7578 3.8823 -.25 6.0616 6.5397 -.25 7.8658
3 14 2.2363 -.25 5.5842 .0216 -.25 5.0012 .0216 -.25 4.3893
4 14 6.4264 -.25 4.2704 3.8823 -.25 5.5842 2.2363 -.25 5.5842 .0216 -.25 4.3893
4 14 3.8823 -.25 6.0616 3.8823 -.25 5.5842 6.4264 -.25 4.2704 6.4264 -.25 4.8218
4 14 6.5662 -.25 7.3146 6.5397 -.25 7.3146 6.4264 -.25 4.8218 6.4659 -.25 4.8218
4 14 6.5397 -.25 7.8658 3.8823 -.25 6.0616 6.4264 -.25 4.8218 6.5397 -.25 7.3146
4 14 7.099 -.25 7.5678 6.8247 -.25 7.4596 6.5662 -.25 7.3146 7.3338 -.25 6.4546
4 14 7.099 -.25 7.5678 7.3338 -.25 6.4546 7.6318 -.25 7.6575 7.3734 -.25 7.635
3 14 7.6318 -.25 7.6575 7.3338 -.25 6.4546 7.5184 -.25 6.4546
4 14 7.5184 -.25 6.4546 7.8788 -.25 6.4965 7.9247 -.25 7.6312 7.6318 -.25 7.6575
4 14 7.9247 -.25 7.6312 7.8788 -.25 6.4965 8.158 -.25 6.6221 8.1673 -.25 7.5361
4 14 8.158 -.25 6.6221 8.3372 -.25 6.8282 8.3361 -.25 7.3607 8.1673 -.25 7.5361
3 14 8.3361 -.25 7.3607 8.3372 -.25 6.8282 8.3969 -.25 7.1115
4 14 6.4659 -.25 4.8218 7.3338 -.25 6.0167 7.3338 -.25 6.4546 6.5662 -.25 7.3146
4 14 6.4659 -.25 4.8218 6.7099 -.25 4.6866 6.9935 -.25 4.5765 7.3338 -.25 6.0167
3 14 7.3338 -.25 6.0167 6.9935 -.25 4.5765 7.2916 -.25 4.5032
4 14 7.2916 -.25 4.5032 7.5791 -.25 4.4789 7.9325 -.25 4.5343 7.3338 -.25 6.0167
3 14 7.3338 -.25 6.0167 7.9325 -.25 4.5343 7.5712 -.25 6.0167
4 14 8.2227 -.25 5.8742 7.9352 -.25 5.9863 7.5712 -.25 6.0167 7.9325 -.25 4.5343
4 14 8.2359 -.25 4.6979 8.4087 -.25 5.6566 8.2227 -.25 5.8742 7.9325 -.25 4.5343
4 14 8.4759 -.25 5.3071 8.4087 -.25 5.6566 8.2359 -.25 4.6979 8.4167 -.25 4.9536
4 14 8.1569 -.25 6.2515 8.4469 -.25 6.1631 8.4499 -.25 6.3969 8.1569 -.25 6.2885
4 14 8.7239 -.25 5.9956 8.7015 -.25 6.5958 8.4499 -.25 6.3969 8.4469 -.25 6.1631
4 14 8.7015 -.25 6.5958 8.7239 -.25 5.9956 8.9323 -.25 5.7108 8.8747 -.25 6.8605
4 14 8.6422 -.25 4.3839 10.2537 -.25 4.1043 10.2537 -.25 4.5052 8.7991 -.25 4.5647
3 14 8.6422 -.25 4.3839 8.4268 -.25 4.2233 10.2537 -.25 4.1043
3 14 8.4268 -.25 4.2233 8.1766 -.25 4.1109 10.2537 -.25 4.1043
3 14 8.9166 -.25 4.7743 8.7991 -.25 4.5647 10.2537 -.25 4.5052
4 14 8.9166 -.25 4.7743 10.2537 -.25 4.5052 10.2537 -.25 7.1379 8.9897 -.25 5.0097
3 14 10.2537 -.25 7.1379 9.0141 -.25 5.2676 8.9897 -.25 5.0097
3 14 10.2537 -.25 7.1379 8.9937 -.25 5.5143 9.0141 -.25 5.2676
4 14 8.9937 -.25 5.5143 10.2537 -.25 7.1379 8.8747 -.25 6.8605 8.9323 -.25 5.7108
3 14 8.9323 -.25 7.1669 8.8747 -.25 6.8605 10.2537 -.25 7.1379
4 14 8.8347 -.25 7.5862 8.9323 -.25 7.1669 10.2537 -.25 7.1379 10.2537 -.25 7.4966
4 14 10.2537 -.25 4.5052 11.0715 -.25 4.5052 11.0715 -.25 7.1379 10.2537 -.25 7.1379
4 14 10.6097 -.25 7.5243 8.5472 -.25 7.8923 8.8347 -.25 7.5862 10.2537 -.25 7.4966
4 14 10.6097 -.25 7.5243 10.8972 -.25 7.6047 11.0885 -.25 7.7723 8.5472 -.25 7.8923
4 14 8.1515 -.25 8.0611 8.5472 -.25 7.8923 11.0885 -.25 7.7723 11.169 -.25 8.0453
4 14 11.5779 -.25 4.5052 13.461 -.25 7.5704 13.461 -.25 8.0321 11.5779 -.25 8.0453
3 14 13.461 -.25 7.5704 11.5779 -.25 4.5052 12.3798 -.25 4.5052
4 14 12.3798 -.25 4.1043 13.8066 -.25 4.1043 13.461 -.25 7.5704 12.3798 -.25 4.5052
3 14 13.461 -.25 7.5704 13.8066 -.25 4.1043 15.6979 -.25 7.5704
4 14 17.1784 -.25 7.6129 16.149 -.25 8.0321 16.149 -.25 7.4438 17.057 -.25 7.3666
3 14 16.149 -.25 8.0321 17.1784 -.25 7.6129 17.3806 -.25 7.8263
3 14 16.149 -.25 8.0321 17.3806 -.25 7.8263 17.6453 -.25 7.9904
3 14 17.9539 -.25 8.0888 16.149 -.25 8.0321 17.6453 -.25 7.9904
3 14 16.149 -.25 7.4438 17.0166 -.25 7.0877 17.057 -.25 7.3666
4 14 17.0166 -.25 7.0877 16.149 -.25 7.4438 16.9586 -.25 5.5001 17.0545 -.25 6.812
3 14 17.0545 -.25 6.812 16.9586 -.25 5.5001 17.1011 -.25 5.7807
4 14 17.3298 -.25 6.0184 17.1682 -.25 6.5865 17.0545 -.25 6.812 17.1011 -.25 5.7807
3 14 17.1682 -.25 6.5865 17.3298 -.25 6.0184 17.3612 -.25 6.394
4 14 17.6366 -.25 6.2173 17.3612 -.25 6.394 17.3298 -.25 6.0184 17.6366 -.25 6.2014
4 14 16.9586 -.25 5.5001 16.149 -.25 7.4438 14.3711 -.25 4.1043 16.9111 -.25 5.1885
3 14 16.9111 -.25 5.1885 14.3711 -.25 4.1043 16.9532 -.25 4.866
3 14 16.9532 -.25 4.866 14.3711 -.25 4.1043 17.0793 -.25 4.5846
3 14 17.0793 -.25 4.5846 14.3711 -.25 4.1043 17.2896 -.25 4.3444
3 14 17.2896 -.25 4.3444 14.3711 -.25 4.1043 17.4951 -.25 4.2
3 14 17.4951 -.25 4.2 14.3711 -.25 4.1043 17.7331 -.25 4.097
3 14 19.3049 -.25 4.3523 19.0937 -.25 4.2046 20 -.25 3.5
3 14 19.5255 -.25 4.5964 19.3049 -.25 4.3523 20 -.25 3.5
3 14 19.6579 -.25 4.8787 19.5255 -.25 4.5964 20 -.25 3.5
3 14 19.7019 -.25 5.1989 19.6579 -.25 4.8787 20 -.25 3.5
4 14 18.9422 -.25 6.1803 19.2681 -.25 6.0035 19.2252 -.25 6.3692 18.9422 -.25 6.1962
4 14 19.2252 -.25 6.3692 19.2681 -.25 6.0035 19.5068 -.25 5.7898 19.4303 -.25 6.5983
4 14 19.4303 -.25 6.5983 19.5068 -.25 5.7898 19.6531 -.25 5.5261 19.5549 -.25 6.858
3 14 20 -.25 8.5 19.2456 -.25 7.8395 19.4404 -.25 7.6344
3 14 20 -.25 8.5 19.4404 -.25 7.6344 19.5574 -.25 7.3951
3 14 20 -.25 8.5 19.5574 -.25 7.3951 19.5964 -.25 7.122
4 14 19.5549 -.25 6.858 19.6531 -.25 5.5261 20 -.25 8.5 19.5964 -.25 7.122
4 14 20 -.25 3.5 20 -.25 8.5 19.6531 -.25 5.5261 19.7019 -.25 5.1989
3 14 20 -.25 8.5 18.9853 -.25 7.9963 19.2456 -.25 7.8395
3 14 20 -.25 8.5 18.6723 -.25 8.0904 18.9853 -.25 7.9963
3 14 20 -.25 8.5 18.3064 -.25 8.1218 18.6723 -.25 8.0904
4 14 16.149 -.25 8.0321 17.9539 -.25 8.0888 18.3064 -.25 8.1218 20 -.25 8.5
4 14 18.9765 -.25 6.6841 18.2577 -.25 6.4494 18.6152 -.25 6.3228 18.836 -.25 6.5
4 14 18.2577 -.25 6.4494 18.9765 -.25 6.6841 17.6536 -.25 6.82 17.9767 -.25 6.5733
4 14 17.5467 -.25 7.1483 17.6536 -.25 6.82 18.9765 -.25 6.6841 19.0516 -.25 6.886
4 14 17.5467 -.25 7.1483 19.0516 -.25 6.886 17.7591 -.25 7.5758 17.5999 -.25 7.3897
3 14 18.0016 -.25 7.6945 17.7591 -.25 7.5758 19.0516 -.25 6.886
4 14 18.0016 -.25 7.6945 19.0516 -.25 6.886 19.0768 -.25 7.1168 18.3039 -.25 7.734
3 14 18.3039 -.25 7.734 19.0768 -.25 7.1168 19.0224 -.25 7.3703
4 14 19.0224 -.25 7.3703 18.8592 -.25 7.5665 18.6115 -.25 7.6921 18.3039 -.25 7.734
4 14 18.6336 -.25 5.832 18.362 -.25 5.9402 17.9688 -.25 6.08 17.7549 -.25 5.9277
3 14 17.7549 -.25 5.9277 17.5878 -.25 5.7292 18.6336 -.25 5.832
4 14 17.5878 -.25 5.7292 17.4799 -.25 5.4932 18.8938 -.25 5.6846 18.6336 -.25 5.832
3 14 18.8938 -.25 5.6846 17.4799 -.25 5.4932 19.0516 -.25 5.5379
4 14 17.4439 -.25 5.228 19.1585 -.25 5.149 19.0516 -.25 5.5379 17.4799 -.25 5.4932
4 14 17.4439 -.25 5.228 17.5052 -.25 4.9028 17.6892 -.25 4.6398 19.1585 -.25 5.149
3 14 19.1585 -.25 5.149 17.6892 -.25 4.6398 19.1008 -.25 4.8402
4 14 19.1008 -.25 4.8402 17.6892 -.25 4.6398 18.6583 -.25 4.4571 18.9277 -.25 4.6055
4 14 17.9676 -.25 4.4657 18.3118 -.25 4.4077 18.6583 -.25 4.4571 17.6892 -.25 4.6398
3 14 19.0937 -.25 4.2046 18.8568 -.25 4.0991 20 -.25 3.5
3 14 18.8568 -.25 4.0991 18.5945 -.25 4.0358 20 -.25 3.5
3 14 18.5945 -.25 4.0358 18.3064 -.25 4.0146 20 -.25 3.5
3 14 14.3711 -.25 4.1043 18.0036 -.25 4.0352 17.7331 -.25 4.097
3 14 18.0036 -.25 4.0352 20 -.25 3.5 18.3064 -.25 4.0146
4 14 18.0036 -.25 4.0352 14.3711 -.25 4.1043 13.8066 -.25 4.1043 20 -.25 3.5
3 14 12.3798 -.25 4.1043 20 -.25 3.5 13.8066 -.25 4.1043
4 14 12.3798 -.25 4.1043 10.2537 -.25 4.1043 7.896 -.25 4.0445 20 -.25 3.5
3 14 8.1766 -.25 4.1109 7.896 -.25 4.0445 10.2537 -.25 4.1043
3 14 7.896 -.25 4.0445 7.5896 -.25 4.0226 20 -.25 3.5
4 14 6.4264 -.25 4.2704 .0216 -.25 4.3893 -.2409 -.25 4.2704 6.6579 -.25 4.1818
4 14 6.6579 -.25 4.1818 -.2409 -.25 4.2704 -.5482 -.25 4.1544 6.9461 -.25 4.1004
4 14 7.2651 -.25 4.042 6.9461 -.25 4.1004 -.5482 -.25 4.1544 -.8976 -.25 4.0687
3 14 -.8976 -.25 4.0687 -1.3131 -.25 4.033 7.2651 -.25 4.042
3 14 -1.5893 -.25 4.0464 -6.5 -.25 3.5 -1.3131 -.25 4.033
4 14 7.5896 -.25 4.0226 7.2651 -.25 4.042 -1.3131 -.25 4.033 -6.5 -.25 3.5
3 14 -6.5 -.25 8.5 -1.8528 -.25 8.0434 -1.5903 -.25 8.0883
3 14 -6.5 -.25 8.5 -1.5903 -.25 8.0883 -1.3106 -.25 8.1034
4 14 -.4609 -.25 7.9629 -.2274 -.25 7.8732 6.5397 -.25 7.8658 6.7583 -.25 7.9546
4 14 6.7583 -.25 7.9546 7.0396 -.25 8.036 -.6787 -.25 8.0267 -.4609 -.25 7.9629
4 14 7.0396 -.25 8.036 7.3474 -.25 8.0944 -.9944 -.25 8.0841 -.6787 -.25 8.0267
4 14 16.149 -.25 8.0321 20 -.25 8.5 11.5779 -.25 8.0453 13.461 -.25 8.0321
3 14 20 -.25 8.5 11.169 -.25 8.0453 11.5779 -.25 8.0453
4 14 11.169 -.25 8.0453 20 -.25 8.5 7.9154 -.25 8.1007 8.1515 -.25 8.0611
4 14 -.9944 -.25 8.0841 7.3474 -.25 8.0944 7.645 -.25 8.1138 -1.3106 -.25 8.1034
4 14 20 -.25 8.5 -6.5 -.25 8.5 -1.3106 -.25 8.1034 7.645 -.25 8.1138
3 14 20 -.25 8.5 7.645 -.25 8.1138 7.9154 -.25 8.1007

1 16 50.9 0 78.5 0 0 -1 0 -1 0 1 0 0 1-8chrd.dat
1 16 -26.1 0 1.5 -.70711 0 -.70711 0 -1 0 .70711 0 -.70711 3-8chrd.dat
1 16 87.3 0 78.5 0 0 1 0 -1 0 1 0 0 5-16chrd.dat
1 16 48.8 0 9.3 .25882 0 .96593 0 -1 0 -.96593 0 .25882 1-8chrd.dat
4 16 50.9 0 79.5 87.3 0 79.5 88.2239 0 78.1173 50.1929 0 79.2071
3 16 49.666 0 8.8 50.1929 0 79.2071 88.2239 0 78.1173
4 16 30.1827 0 .5761 50.1929 0 79.2071 49.666 0 8.8 49.0588 0 8.3341
4 16 30.1827 0 .5761 29.8 0 .5 -26.1 0 .5 50.1929 0 79.2071
3 16 -26.8071 0 2.2071 50.1929 0 79.2071 -26.1 0 .5

1 16 50.9 -.25 78.5 0 0 -1 0 .25 0 1 0 0 1-8cyli.dat
1 16 -26.1 -.25 1.5 -.70711 0 -.70711 0 .25 0 .70711 0 -.70711 3-8cyli.dat
1 16 87.3 -.25 78.5 0 0 1 0 .25 0 1 0 0 5-16cyli.dat
1 16 48.8 -.25 9.3 .25882 0 .96593 0 .25 0 -.96593 0 .25882 1-8cyli.dat
4 16 30.1827 -.25 .5761 29.8 -.25 .5 29.8 0 .5 30.1827 0 .5761
4 16 49.0588 -.25 8.3341 30.1827 -.25 .5761 30.1827 0 .5761 49.0588 0 8.3341
4 16 88.2239 -.25 78.1173 49.666 -.25 8.8 49.666 0 8.8 88.2239 0 78.1173
4 16 50.9 -.25 79.5 87.3 -.25 79.5 87.3 0 79.5 50.9 0 79.5
4 16 -26.8071 -.25 2.2071 50.1929 -.25 79.2071 50.1929 0 79.2071 -26.8071 0 2.2071
4 16 29.8 -.25 .5 -26.1 -.25 .5 -26.1 0 .5 29.8 0 .5
