0 Sticker  1.0 x  1.7 with Vent on White Background
0 Name: 4578235j.dat
0 Author: Evert-Jan Boer [ejboer]
0 !LDRAW_ORG Unofficial_Part
0 !LICENSE Licensed under CC BY 4.0 : see CAreadme.txt

0 BFC CERTIFY CCW

0 !KEYWORDS Helicopter and Limousine, Set 3222


1 15 -16.5 -.25 9 0 0 -1 0 1 0 1 0 0 1-4chrd.dat
1 15 -16.5 -.25 -9 -1 0 0 0 1 0 0 0 -1 1-4chrd.dat
1 15 16.5 -.25 9 1 0 0 0 1 0 0 0 1 1-4chrd.dat
1 15 16.5 -.25 -9 0 0 1 0 1 0 -1 0 0 1-4chrd.dat
3 0 14.4 -.25 7.5 14.5 -.25 6.9 14.9 -.25 7
4 0 14.5 -.25 6.9 14.4 -.25 7.5 14 -.25 7.8 13.9 -.25 7.4
3 0 -11.6 -.25 7.6 -12 -.25 7.2 -12 -.25 6.8
4 0 -12 -.25 6.8 -12 -.25 7.2 -12.5 -.25 7.8 -12.7 -.25 7.5
3 0 -12.5 -.25 7.8 -13.1 -.25 7.6 -12.7 -.25 7.5
3 15 0 -.25 10 -4.4 -.25 8 -2 -.25 8
4 15 -1.1 -.25 7.8 -.6 -.25 8 0 -.25 10 -2 -.25 8
4 0 13.9 -.25 -7.4 14.4 -.25 -7.5 14.9 -.25 -7 14.5 -.25 -6.9
4 0 13.3 -.25 -7.6 14 -.25 -7.8 14.4 -.25 -7.5 13.9 -.25 -7.4
4 0 -11.6 -.25 7.6 -12 -.25 -6.8 -12 -.25 -7.2 -11.6 -.25 -7.6
4 72 -12 -.25 6.8 -13.1 -.25 -7.6 -12.7 -.25 -7.5 -12 -.25 -6.8
4 0 -12 -.25 -6.8 -12.7 -.25 -7.5 -12.5 -.25 -7.8 -12 -.25 -7.2
3 0 -12.7 -.25 -7.5 -13.1 -.25 -7.6 -12.5 -.25 -7.8
3 15 -2 -.25 -8 -4.4 -.25 -8 0 -.25 -10
3 15 1.8 -.25 -8 -.6 -.25 -8 0 -.25 -10
4 15 2.7 -.25 -7.8 1.8 -.25 -8 0 -.25 -10 3.2 -.25 -8
3 15 0 -.25 10 -.6 -.25 8 1.8 -.25 8
3 15 0 -.25 10 3.2 -.25 8 5.6 -.25 8
3 15 5.6 -.25 -8 3.2 -.25 -8 0 -.25 -10
4 0 -15.8 -.25 8 -15.4 -.25 7.6 -13.3 -.25 7.6 -13.4 -.25 8
4 0 -13.3 -.25 7.6 -13.1 -.25 7.6 -12.5 -.25 7.8 -13.4 -.25 8
4 0 -13.3 -.25 -7.6 -15.4 -.25 -7.6 -15.8 -.25 -8 -13.4 -.25 -8
4 0 -13.3 -.25 -7.6 -13.4 -.25 -8 -12.5 -.25 -7.8 -13.1 -.25 -7.6
4 0 -15.4 -.25 -7.6 -15.4 -.25 7.6 -15.8 -.25 8 -15.8 -.25 -8
4 71 -13.1 -.25 -7.6 -13.1 -.25 7.6 -13.3 -.25 7.6 -13.3 -.25 -7.6
4 72 -12.7 -.25 7.5 -13.1 -.25 7.6 -13.1 -.25 -7.6 -12 -.25 6.8
3 0 -12 -.25 -7.2 -12 -.25 -8 -11.6 -.25 -7.6
4 0 -9.5 -.25 -7.6 -11.6 -.25 -7.6 -12 -.25 -8 -9.6 -.25 -8
3 0 -12 -.25 8 -12 -.25 7.2 -11.6 -.25 7.6
4 0 -11.6 -.25 7.6 -9.5 -.25 7.6 -9.6 -.25 8 -12 -.25 8
3 0 -11.6 -.25 7.6 -12 -.25 6.8 -12 -.25 -6.8
3 15 -12 -.25 8 -12.5 -.25 7.8 -12 -.25 7.2
3 15 -12 -.25 -7.2 -12.5 -.25 -7.8 -12 -.25 -8
4 15 -13.3 -.25 7.6 -15.4 -.25 7.6 -15.4 -.25 -7.6 -13.3 -.25 -7.6
4 15 -17.5 -.25 9 -15.8 -.25 8 -13.4 -.25 8 -16.5 -.25 10
4 15 -15.8 -.25 -8 -15.8 -.25 8 -17.5 -.25 9 -17.5 -.25 -9
4 15 -13.4 -.25 -8 -15.8 -.25 -8 -17.5 -.25 -9 -16.5 -.25 -10
4 72 -9.3 -.25 -7.6 -8.2 -.25 6.8 -8.9 -.25 7.5 -9.3 -.25 7.6
4 0 -8.2 -.25 6.8 -8.2 -.25 7.2 -8.7 -.25 7.8 -8.9 -.25 7.5
3 0 -8.7 -.25 7.8 -9.3 -.25 7.6 -8.9 -.25 7.5
4 72 -8.2 -.25 6.8 -9.3 -.25 -7.6 -8.9 -.25 -7.5 -8.2 -.25 -6.8
4 0 -8.2 -.25 -6.8 -8.9 -.25 -7.5 -8.7 -.25 -7.8 -8.2 -.25 -7.2
4 0 -9.6 -.25 -8 -8.7 -.25 -7.8 -8.9 -.25 -7.5 -9.3 -.25 -7.6
4 15 -16.5 -.25 -10 -8.2 -.25 -8 -8.7 -.25 -7.8 -9.6 -.25 -8
4 0 -9.5 -.25 7.6 -9.3 -.25 7.6 -8.7 -.25 7.8 -9.6 -.25 8
3 0 -9.3 -.25 -7.6 -9.5 -.25 -7.6 -9.6 -.25 -8
4 71 -9.3 -.25 -7.6 -9.3 -.25 7.6 -9.5 -.25 7.6 -9.5 -.25 -7.6
3 15 -8.2 -.25 8 -8.7 -.25 7.8 -8.2 -.25 7.2
3 15 -8.2 -.25 -7.2 -8.7 -.25 -7.8 -8.2 -.25 -8
4 15 -11.6 -.25 -7.6 -9.5 -.25 -7.6 -9.5 -.25 7.6 -11.6 -.25 7.6
4 0 -4.4 -.25 6.8 -4.4 -.25 7.2 -4.9 -.25 7.8 -5.1 -.25 7.5
3 0 -4.9 -.25 7.8 -5.5 -.25 7.6 -5.1 -.25 7.5
3 15 -4.4 -.25 8 -5.8 -.25 8 -4.9 -.25 7.8
4 72 -4.4 -.25 6.8 -5.5 -.25 -7.6 -5.1 -.25 -7.5 -4.4 -.25 -6.8
4 0 -4.4 -.25 -6.8 -5.1 -.25 -7.5 -4.9 -.25 -7.8 -4.4 -.25 -7.2
3 0 -5.1 -.25 -7.5 -5.5 -.25 -7.6 -4.9 -.25 -7.8
3 15 -4.9 -.25 -7.8 -5.8 -.25 -8 -4.4 -.25 -8
4 0 -5.7 -.25 7.6 -5.5 -.25 7.6 -4.9 -.25 7.8 -5.8 -.25 8
4 0 -5.7 -.25 -7.6 -5.8 -.25 -8 -4.9 -.25 -7.8 -5.5 -.25 -7.6
4 71 -5.5 -.25 -7.6 -5.5 -.25 7.6 -5.7 -.25 7.6 -5.7 -.25 -7.6
4 72 -5.1 -.25 7.5 -5.5 -.25 7.6 -5.5 -.25 -7.6 -4.4 -.25 6.8
3 15 -4.4 -.25 8 -4.9 -.25 7.8 -4.4 -.25 7.2
3 15 -4.4 -.25 -7.2 -4.9 -.25 -7.8 -4.4 -.25 -8
4 0 -.6 -.25 6.8 -.6 -.25 7.2 -1.1 -.25 7.8 -1.3 -.25 7.5
3 0 -1.1 -.25 7.8 -1.7 -.25 7.6 -1.3 -.25 7.5
4 72 -.6 -.25 6.8 -1.7 -.25 -7.6 -1.3 -.25 -7.5 -.6 -.25 -6.8
4 0 -1.1 -.25 -7.8 -.6 -.25 -7.2 -.6 -.25 -6.8 -1.3 -.25 -7.5
3 0 -1.3 -.25 -7.5 -1.7 -.25 -7.6 -1.1 -.25 -7.8
4 15 0 -.25 -10 -.6 -.25 -8 -1.1 -.25 -7.8 -2 -.25 -8
4 0 -1.1 -.25 7.8 -2 -.25 8 -1.9 -.25 7.6 -1.7 -.25 7.6
4 0 -1.1 -.25 -7.8 -1.7 -.25 -7.6 -1.9 -.25 -7.6 -2 -.25 -8
4 71 -1.7 -.25 -7.6 -1.7 -.25 7.6 -1.9 -.25 7.6 -1.9 -.25 -7.6
4 72 -1.3 -.25 7.5 -1.7 -.25 7.6 -1.7 -.25 -7.6 -.6 -.25 6.8
3 15 -.6 -.25 8 -1.1 -.25 7.8 -.6 -.25 7.2
3 15 -.6 -.25 -7.2 -1.1 -.25 -7.8 -.6 -.25 -8
4 0 3.2 -.25 6.8 3.2 -.25 7.2 2.7 -.25 7.8 2.5 -.25 7.5
3 0 2.7 -.25 7.8 2.1 -.25 7.6 2.5 -.25 7.5
4 15 0 -.25 10 1.8 -.25 8 2.7 -.25 7.8 3.2 -.25 8
4 72 3.2 -.25 6.8 2.1 -.25 -7.6 2.5 -.25 -7.5 3.2 -.25 -6.8
4 0 3.2 -.25 -6.8 2.5 -.25 -7.5 2.7 -.25 -7.8 3.2 -.25 -7.2
3 0 2.5 -.25 -7.5 2.1 -.25 -7.6 2.7 -.25 -7.8
4 0 1.9 -.25 7.6 2.1 -.25 7.6 2.7 -.25 7.8 1.8 -.25 8
4 0 2.7 -.25 -7.8 2.1 -.25 -7.6 1.9 -.25 -7.6 1.8 -.25 -8
4 71 2.1 -.25 -7.6 2.1 -.25 7.6 1.9 -.25 7.6 1.9 -.25 -7.6
4 72 2.5 -.25 7.5 2.1 -.25 7.6 2.1 -.25 -7.6 3.2 -.25 6.8
3 15 3.2 -.25 8 2.7 -.25 7.8 3.2 -.25 7.2
3 15 3.2 -.25 -7.2 2.7 -.25 -7.8 3.2 -.25 -8
4 0 6.5 -.25 7.8 6.3 -.25 7.5 7 -.25 6.8 7 -.25 7.2
3 0 6.5 -.25 7.8 5.9 -.25 7.6 6.3 -.25 7.5
4 72 7 -.25 6.8 5.9 -.25 -7.6 6.3 -.25 -7.5 7 -.25 -6.8
4 0 7 -.25 -6.8 6.3 -.25 -7.5 6.5 -.25 -7.8 7 -.25 -7.2
3 0 6.3 -.25 -7.5 5.9 -.25 -7.6 6.5 -.25 -7.8
4 0 6.5 -.25 7.8 5.6 -.25 8 5.7 -.25 7.6 5.9 -.25 7.6
4 0 5.7 -.25 -7.6 5.6 -.25 -8 6.5 -.25 -7.8 5.9 -.25 -7.6
4 71 5.9 -.25 -7.6 5.9 -.25 7.6 5.7 -.25 7.6 5.7 -.25 -7.6
4 72 6.3 -.25 7.5 5.9 -.25 7.6 5.9 -.25 -7.6 7 -.25 6.8
3 15 7 -.25 8 6.5 -.25 7.8 7 -.25 7.2
3 15 7 -.25 -7.2 6.5 -.25 -7.8 7 -.25 -8
4 0 10.3 -.25 7.8 10.1 -.25 7.5 10.8 -.25 6.8 10.8 -.25 7.2
3 0 10.3 -.25 7.8 9.7 -.25 7.6 10.1 -.25 7.5
3 15 10.8 -.25 8 9.4 -.25 8 10.3 -.25 7.8
4 72 10.8 -.25 6.8 9.7 -.25 -7.6 10.1 -.25 -7.5 10.8 -.25 -6.8
4 0 10.3 -.25 -7.8 10.8 -.25 -7.2 10.8 -.25 -6.8 10.1 -.25 -7.5
3 0 10.1 -.25 -7.5 9.7 -.25 -7.6 10.3 -.25 -7.8
3 15 10.3 -.25 -7.8 9.4 -.25 -8 10.8 -.25 -8
4 0 10.3 -.25 7.8 9.4 -.25 8 9.5 -.25 7.6 9.7 -.25 7.6
4 0 10.3 -.25 -7.8 9.7 -.25 -7.6 9.5 -.25 -7.6 9.4 -.25 -8
4 71 9.5 -.25 7.6 9.5 -.25 -7.6 9.7 -.25 -7.6 9.7 -.25 7.6
4 72 10.1 -.25 7.5 9.7 -.25 7.6 9.7 -.25 -7.6 10.8 -.25 6.8
3 15 10.8 -.25 8 10.3 -.25 7.8 10.8 -.25 7.2
3 15 10.8 -.25 -7.2 10.3 -.25 -7.8 10.8 -.25 -8
4 0 -5.7 -.25 7.6 -5.8 -.25 8 -8.2 -.25 8 -7.8 -.25 7.6
3 0 -8.2 -.25 8 -8.2 -.25 7.2 -7.8 -.25 7.6
3 0 -7.8 -.25 7.6 -8.2 -.25 7.2 -8.2 -.25 6.8
4 0 -7.8 -.25 7.6 -8.2 -.25 6.8 -8.2 -.25 -6.8 -7.8 -.25 -7.6
3 0 -8.2 -.25 -6.8 -8.2 -.25 -7.2 -7.8 -.25 -7.6
3 0 -8.2 -.25 -7.2 -8.2 -.25 -8 -7.8 -.25 -7.6
4 0 -8.2 -.25 -8 -5.8 -.25 -8 -5.7 -.25 -7.6 -7.8 -.25 -7.6
4 15 -7.8 -.25 7.6 -7.8 -.25 -7.6 -5.7 -.25 -7.6 -5.7 -.25 7.6
4 0 -4.4 -.25 8 -4 -.25 7.6 -1.9 -.25 7.6 -2 -.25 8
3 0 -4.4 -.25 8 -4.4 -.25 7.2 -4 -.25 7.6
3 0 -4 -.25 7.6 -4.4 -.25 7.2 -4.4 -.25 6.8
4 0 -4 -.25 7.6 -4.4 -.25 6.8 -4.4 -.25 -6.8 -4 -.25 -7.6
3 0 -4.4 -.25 -6.8 -4.4 -.25 -7.2 -4 -.25 -7.6
3 0 -4.4 -.25 -7.2 -4.4 -.25 -8 -4 -.25 -7.6
4 0 -1.9 -.25 -7.6 -4 -.25 -7.6 -4.4 -.25 -8 -2 -.25 -8
4 15 -4 -.25 7.6 -4 -.25 -7.6 -1.9 -.25 -7.6 -1.9 -.25 7.6
4 0 -.6 -.25 8 -.2 -.25 7.6 1.9 -.25 7.6 1.8 -.25 8
3 0 -.6 -.25 8 -.6 -.25 7.2 -.2 -.25 7.6
3 0 -.2 -.25 7.6 -.6 -.25 7.2 -.6 -.25 6.8
4 0 -.6 -.25 -6.8 -.2 -.25 -7.6 -.2 -.25 7.6 -.6 -.25 6.8
3 0 -.6 -.25 -6.8 -.6 -.25 -7.2 -.2 -.25 -7.6
3 0 -.6 -.25 -7.2 -.6 -.25 -8 -.2 -.25 -7.6
4 0 -.6 -.25 -8 1.8 -.25 -8 1.9 -.25 -7.6 -.2 -.25 -7.6
4 15 1.9 -.25 -7.6 1.9 -.25 7.6 -.2 -.25 7.6 -.2 -.25 -7.6
4 0 5.7 -.25 7.6 5.6 -.25 8 3.2 -.25 8 3.6 -.25 7.6
3 0 3.2 -.25 8 3.2 -.25 7.2 3.6 -.25 7.6
3 0 3.6 -.25 7.6 3.2 -.25 7.2 3.2 -.25 6.8
4 0 3.6 -.25 7.6 3.2 -.25 6.8 3.2 -.25 -6.8 3.6 -.25 -7.6
3 0 3.2 -.25 -6.8 3.2 -.25 -7.2 3.6 -.25 -7.6
3 0 3.2 -.25 -7.2 3.2 -.25 -8 3.6 -.25 -7.6
4 0 3.2 -.25 -8 5.6 -.25 -8 5.7 -.25 -7.6 3.6 -.25 -7.6
4 15 3.6 -.25 7.6 3.6 -.25 -7.6 5.7 -.25 -7.6 5.7 -.25 7.6
4 0 7 -.25 8 7.4 -.25 7.6 9.5 -.25 7.6 9.4 -.25 8
3 0 7 -.25 8 7 -.25 7.2 7.4 -.25 7.6
3 0 7.4 -.25 7.6 7 -.25 7.2 7 -.25 6.8
4 0 7 -.25 -6.8 7.4 -.25 -7.6 7.4 -.25 7.6 7 -.25 6.8
3 0 7 -.25 -6.8 7 -.25 -7.2 7.4 -.25 -7.6
3 0 7 -.25 -7.2 7 -.25 -8 7.4 -.25 -7.6
4 0 7 -.25 -8 9.4 -.25 -8 9.5 -.25 -7.6 7.4 -.25 -7.6
4 15 9.5 -.25 -7.6 9.5 -.25 7.6 7.4 -.25 7.6 7.4 -.25 -7.6
4 0 14.9 -.25 -7 14.9 -.25 7 14.5 -.25 6.9 14.5 -.25 -6.9
3 0 10.8 -.25 8 10.8 -.25 7.2 11.2 -.25 7.6
3 0 11.2 -.25 7.6 10.8 -.25 7.2 10.8 -.25 6.8
4 0 11.2 -.25 7.6 10.8 -.25 6.8 10.8 -.25 -6.8 11.2 -.25 -7.6
3 0 10.8 -.25 -6.8 10.8 -.25 -7.2 11.2 -.25 -7.6
3 0 10.8 -.25 -7.2 10.8 -.25 -8 11.2 -.25 -7.6
4 0 13.1 -.25 -7.6 13.4 -.25 -8 14 -.25 -7.8 13.3 -.25 -7.6
4 0 13.3 -.25 7.6 13.9 -.25 7.4 14 -.25 7.8 13.4 -.25 8
4 72 13.9 -.25 -7.4 13.9 -.25 7.4 13.3 -.25 7.6 13.3 -.25 -7.6
4 72 13.9 -.25 -7.4 14.5 -.25 -6.9 14.5 -.25 6.9 13.9 -.25 7.4
4 71 13.3 -.25 -7.6 13.3 -.25 7.6 13.1 -.25 7.6 13.1 -.25 -7.6
4 0 11.2 -.25 7.6 13.1 -.25 7.6 13.4 -.25 8 10.8 -.25 8
3 0 13.4 -.25 8 13.1 -.25 7.6 13.3 -.25 7.6
4 0 13.4 -.25 -8 13.1 -.25 -7.6 11.2 -.25 -7.6 10.8 -.25 -8
4 15 13.1 -.25 -7.6 13.1 -.25 7.6 11.2 -.25 7.6 11.2 -.25 -7.6
3 15 16.5 -.25 10 13.4 -.25 8 14 -.25 7.8
4 15 17.5 -.25 9 16.5 -.25 10 14 -.25 7.8 14.4 -.25 7.5
3 15 17.5 -.25 9 14.4 -.25 7.5 14.9 -.25 7
3 15 14 -.25 -7.8 13.4 -.25 -8 16.5 -.25 -10
4 15 14 -.25 -7.8 16.5 -.25 -10 17.5 -.25 -9 14.4 -.25 -7.5
3 15 14.9 -.25 -7 14.4 -.25 -7.5 17.5 -.25 -9
4 15 17.5 -.25 9 14.9 -.25 7 14.9 -.25 -7 17.5 -.25 -9
4 15 -12.5 -.25 -7.8 -13.4 -.25 -8 -16.5 -.25 -10 -12 -.25 -8
3 15 -9.6 -.25 -8 -12 -.25 -8 -16.5 -.25 -10
3 15 -5.8 -.25 -8 -8.2 -.25 -8 -16.5 -.25 -10
4 15 -5.8 -.25 -8 -16.5 -.25 -10 0 -.25 -10 -4.4 -.25 -8
4 15 6.5 -.25 -7.8 5.6 -.25 -8 0 -.25 -10 7 -.25 -8
3 15 9.4 -.25 -8 7 -.25 -8 0 -.25 -10
4 15 9.4 -.25 -8 0 -.25 -10 16.5 -.25 -10 10.8 -.25 -8
3 15 13.4 -.25 -8 10.8 -.25 -8 16.5 -.25 -10
4 15 -12.5 -.25 7.8 -12 -.25 8 -16.5 -.25 10 -13.4 -.25 8
3 15 -16.5 -.25 10 -12 -.25 8 -9.6 -.25 8
4 15 -8.7 -.25 7.8 -8.2 -.25 8 -16.5 -.25 10 -9.6 -.25 8
3 15 -16.5 -.25 10 -8.2 -.25 8 -5.8 -.25 8
4 15 0 -.25 10 -16.5 -.25 10 -5.8 -.25 8 -4.4 -.25 8
4 15 6.5 -.25 7.8 7 -.25 8 0 -.25 10 5.6 -.25 8
3 15 0 -.25 10 7 -.25 8 9.4 -.25 8
3 15 0 -.25 10 9.4 -.25 8 10.8 -.25 8
4 15 10.8 -.25 8 13.4 -.25 8 16.5 -.25 10 0 -.25 10

1 16 -16.5 0 9 0 0 -1 0 -1 0 1 0 0 1-4chrd.dat
1 16 -16.5 0 -9 -1 0 0 0 -1 0 0 0 -1 1-4chrd.dat
1 16 16.5 0 9 1 0 0 0 -1 0 0 0 1 1-4chrd.dat
1 16 16.5 0 -9 0 0 1 0 -1 0 -1 0 0 1-4chrd.dat
4 16 -17.5 0 9 -16.5 0 10 -16.5 0 -10 -17.5 0 -9
4 16 16.5 0 10 16.5 0 -10 -16.5 0 -10 -16.5 0 10
4 16 16.5 0 10 17.5 0 9 17.5 0 -9 16.5 0 -10

1 16 -16.5 -.25 9 0 0 -1 0 .25 0 1 0 0 1-4cyli.dat
1 16 -16.5 -.25 -9 -1 0 0 0 .25 0 0 0 -1 1-4cyli.dat
1 16 16.5 -.25 9 1 0 0 0 .25 0 0 0 1 1-4cyli.dat
1 16 16.5 -.25 -9 0 0 1 0 .25 0 -1 0 0 1-4cyli.dat
4 16 16.5 -.25 -10 -16.5 -.25 -10 -16.5 0 -10 16.5 0 -10
4 16 17.5 -.25 9 17.5 -.25 -9 17.5 0 -9 17.5 0 9
4 16 -16.5 -.25 10 16.5 -.25 10 16.5 0 10 -16.5 0 10
4 16 -17.5 -.25 -9 -17.5 -.25 9 -17.5 0 9 -17.5 0 -9
