0 Sticker  1.0 x  1.7 with Vent on White Background (Formed)
0 Name: 4578235jc01.dat
0 Author: Evert-Jan Boer [ejboer]
0 !LDRAW_ORG Unofficial_Part
0 !LICENSE Licensed under CC BY 4.0 : see CAreadme.txt

0 BFC CERTIFY CCW

0 !KEYWORDS Helicopter and Limousine, Set 3222


4 16 -9 -17.5785 -52.5 -9.3827 -17.3227 -52.4239 -9.7071 -17.1059 -52.2071 -9.9239 -16.961 -51.8827
4 16 -9.9239 -16.961 -51.8827 -10 -16.9101 -51.5 -10 -16.9101 -18.5 -9 -17.5785 -52.5
4 16 -10 -16.9101 -18.5 -9.9239 -16.961 -18.1173 -9.7071 -17.1059 -17.7929 -9.3827 -17.3227 -17.5761
4 16 -9.3827 -17.3227 -17.5761 -9 -17.5785 -17.5 -7.654 -18.478 -17.5 -10 -16.9101 -18.5
4 16 -10 -16.9101 -18.5 -7.654 -18.478 -17.5 -7.654 -18.478 -52.5 -9 -17.5785 -52.5
4 16 -7.654 -18.478 -17.5 0 -20 -17.5 0 -20 -52.5 -7.654 -18.478 -52.5
4 16 7.654 -18.478 -17.5 7.654 -18.478 -52.5 0 -20 -52.5 0 -20 -17.5
4 16 10 -16.9101 -51.5 9.9239 -16.961 -51.8827 9.7071 -17.1059 -52.2071 9.3827 -17.3227 -52.4239
4 16 9.3827 -17.3227 -52.4239 9 -17.5785 -52.5 10 -16.9101 -18.5 10 -16.9101 -51.5
4 16 9 -17.5785 -17.5 9.3827 -17.3227 -17.5761 9.7071 -17.1059 -17.7929 9.9239 -16.961 -18.1173
4 16 9.9239 -16.961 -18.1173 10 -16.9101 -18.5 7.654 -18.478 -17.5 9 -17.5785 -17.5
4 16 7.654 -18.478 -17.5 10 -16.9101 -18.5 9 -17.5785 -52.5 7.654 -18.478 -52.5
5 24 0 -20 -17.5 0 -20 -52.5 -7.654 -18.478 -17.5 7.654 -18.478 -52.5
5 24 7.654 -18.478 -52.5 7.654 -18.478 -17.5 0 -20 -17.5 9 -17.5785 -52.5
5 24 -7.654 -18.478 -52.5 -7.654 -18.478 -17.5 -10 -16.9101 -18.5 0 -20 -52.5

4 15 -9.5 -17.5392 -52.4239 -9.1125 -17.7982 -52.5 -10.125 -17.1215 -51.5 -10.0479 -17.173 -51.8827
3 15 -10.0479 -17.173 -51.8827 -9.8284 -17.3197 -52.2071 -9.5 -17.5392 -52.4239
4 15 -9.8284 -17.3197 -17.7929 -10.0479 -17.173 -18.1173 -10.125 -17.1215 -18.5 -9.5 -17.5392 -17.5761
3 15 -9.1125 -17.7982 -17.5 -9.5 -17.5392 -17.5761 -10.125 -17.1215 -18.5
3 15 -10.125 -17.1215 -35 -8.1 -18.4748 -39.4 -8.1 -18.4748 -37
4 15 -8.1 -18.4748 -37 -7.8975 -18.6102 -36.1 -8.1 -18.4748 -35.6 -10.125 -17.1215 -35
3 15 -8.1 -18.4748 -33.2 -10.125 -17.1215 -35 -8.1 -18.4748 -35.6
3 15 -8.1 -18.4748 -29.4 -10.125 -17.1215 -35 -8.1 -18.4748 -31.8
4 15 -7.7497 -18.709 -47.3783 -7.7497 -18.709 -47 -8.1 -18.4748 -47 -7.8975 -18.6102 -47.5
4 15 -10.125 -17.1215 -51.5 -9.1125 -17.7982 -52.5 -8.1 -18.4748 -50.8 -8.1 -18.4748 -48.4
4 15 -7.7497 -18.709 -52.5 -7.7497 -18.709 -50.8 -8.1 -18.4748 -50.8 -9.1125 -17.7982 -52.5
4 15 -7.7497 -18.709 -43.5783 -7.7497 -18.709 -43.2 -8.1 -18.4748 -43.2 -7.8975 -18.6102 -43.7
3 15 -8.1 -18.4748 -39.4 -8.1 -18.4748 -40.8 -7.8975 -18.6102 -39.9
4 15 -7.7497 -18.709 -39.7783 -7.7497 -18.709 -39.4 -8.1 -18.4748 -39.4 -7.8975 -18.6102 -39.9
4 15 -8.1 -18.4748 -35.6 -7.8975 -18.6102 -36.1 -7.7497 -18.709 -35.9783 -7.7497 -18.709 -35.6
4 15 -8.1 -18.4748 -31.8 -10.125 -17.1215 -35 -8.1 -18.4748 -33.2 -7.8975 -18.6102 -32.3
4 15 -8.1 -18.4748 -31.8 -7.8975 -18.6102 -32.3 -7.7497 -18.709 -32.1783 -7.7497 -18.709 -31.8
4 15 -7.7497 -18.709 -28.3783 -7.7497 -18.709 -28 -8.1 -18.4748 -28 -7.8975 -18.6102 -28.5
3 15 -8.1 -18.4748 -24.2 -8.1 -18.4748 -25.6 -7.8975 -18.6102 -24.7
4 15 -7.7497 -18.709 -24.5783 -7.7497 -18.709 -24.2 -8.1 -18.4748 -24.2 -7.8975 -18.6102 -24.7
3 15 -10.125 -17.1215 -18.5 -8.1 -18.4748 -21.6 -7.8975 -18.6102 -21
4 15 -8.1 -18.4748 -48.4 -7.8975 -18.6102 -47.5 -8.1 -18.4748 -47 -10.125 -17.1215 -51.5
3 15 -8.1 -18.4748 -44.6 -10.125 -17.1215 -51.5 -8.1 -18.4748 -47
4 15 -8.1 -18.4748 -44.6 -7.8975 -18.6102 -43.7 -8.1 -18.4748 -43.2 -10.125 -17.1215 -51.5
3 15 -8.1 -18.4748 -40.8 -10.125 -17.1215 -51.5 -8.1 -18.4748 -43.2
4 15 -10.125 -17.1215 -51.5 -8.1 -18.4748 -40.8 -8.1 -18.4748 -39.4 -10.125 -17.1215 -35
4 15 -8.1 -18.4748 -29.4 -7.8975 -18.6102 -28.5 -8.1 -18.4748 -28 -10.125 -17.1215 -35
3 15 -8.1 -18.4748 -25.6 -10.125 -17.1215 -35 -8.1 -18.4748 -28
3 15 -10.125 -17.1215 -18.5 -8.1 -18.4748 -24.2 -8.1 -18.4748 -21.6
4 15 -8.1 -18.4748 -25.6 -8.1 -18.4748 -24.2 -10.125 -17.1215 -18.5 -10.125 -17.1215 -35
4 15 -7.8975 -18.6102 -21 -7.7497 -18.709 -20.8053 -9.1125 -17.7982 -17.5 -10.125 -17.1215 -18.5
3 15 -7.7497 -18.709 -17.5 -9.1125 -17.7982 -17.5 -7.7497 -18.709 -20.8053
3 0 -8.1 -18.4748 -48.4 -8.1 -18.4748 -50.8 -7.7497 -18.709 -50.8
4 0 -8.1 -18.4748 -48.4 -7.7497 -18.709 -50.8 -7.7497 -18.709 -47.3783 -7.8975 -18.6102 -47.5
4 0 -8.1 -18.4748 -44.6 -8.1 -18.4748 -47 -7.7497 -18.709 -47 -7.8975 -18.6102 -43.7
3 0 -7.7497 -18.709 -43.5783 -7.8975 -18.6102 -43.7 -7.7497 -18.709 -47
4 0 -7.7497 -18.709 -43.2 -7.8975 -18.6102 -39.9 -8.1 -18.4748 -40.8 -8.1 -18.4748 -43.2
3 0 -7.7497 -18.709 -39.7783 -7.8975 -18.6102 -39.9 -7.7497 -18.709 -43.2
3 0 -7.8975 -18.6102 -36.1 -8.1 -18.4748 -37 -8.1 -18.4748 -39.4
4 0 -8.1 -18.4748 -39.4 -7.7497 -18.709 -39.4 -7.7497 -18.709 -35.9783 -7.8975 -18.6102 -36.1
3 0 -7.8975 -18.6102 -32.3 -8.1 -18.4748 -33.2 -8.1 -18.4748 -35.6
4 0 -8.1 -18.4748 -35.6 -7.7497 -18.709 -35.6 -7.7497 -18.709 -32.1783 -7.8975 -18.6102 -32.3
4 0 -8.1 -18.4748 -29.4 -8.1 -18.4748 -31.8 -7.7497 -18.709 -31.8 -7.8975 -18.6102 -28.5
3 0 -7.7497 -18.709 -28.3783 -7.8975 -18.6102 -28.5 -7.7497 -18.709 -31.8
4 0 -8.1 -18.4748 -28 -7.7497 -18.709 -28 -7.8975 -18.6102 -24.7 -8.1 -18.4748 -25.6
3 0 -7.7497 -18.709 -24.5783 -7.8975 -18.6102 -24.7 -7.7497 -18.709 -28
3 0 -7.8975 -18.6102 -21 -8.1 -18.4748 -21.6 -8.1 -18.4748 -24.2
4 0 -8.1 -18.4748 -24.2 -7.7497 -18.709 -24.2 -7.7497 -18.709 -20.8053 -7.8975 -18.6102 -21
4 0 -7.0875 -18.8407 -20.1 -7.5938 -18.74 -20.6 -7.4925 -18.7601 -21.1 -6.9863 -18.8608 -20.5
4 0 -7.7497 -18.709 -47.3783 -7.5938 -18.74 -47.7 -6.885 -18.8809 -47 -7.29 -18.8004 -47
4 0 -7.695 -18.7198 -50.4 -7.7497 -18.709 -50.8 0 -20.25 -50.8 0 -20.25 -50.4
4 71 0 -20.25 -48.3 0 -20.25 -48.1 -7.695 -18.7198 -48.1 -7.695 -18.7198 -48.3
3 0 -7.695 -18.7198 -46.6 -7.7497 -18.709 -47 -7.29 -18.8004 -47
3 15 -7.29 -18.8004 -47 -7.7497 -18.709 -47 -7.7497 -18.709 -47.3783
4 15 0 -20.25 -50.4 0 -20.25 -48.3 -7.695 -18.7198 -48.3 -7.695 -18.7198 -50.4
4 15 0 -20.25 -50.8 -7.7497 -18.709 -50.8 -7.7497 -18.709 -52.5 0 -20.25 -52.5
4 71 0 -20.25 -44.5 0 -20.25 -44.3 -7.695 -18.7198 -44.3 -7.695 -18.7198 -44.5
3 15 -7.29 -18.8004 -43.2 -7.7497 -18.709 -43.2 -7.7497 -18.709 -43.5783
4 15 -7.695 -18.7198 -46.6 0 -20.25 -46.6 0 -20.25 -44.5 -7.695 -18.7198 -44.5
4 0 -7.7497 -18.709 -39.7783 -7.5938 -18.74 -40.1 -6.885 -18.8809 -39.4 -7.29 -18.8004 -39.4
4 71 0 -20.25 -40.7 0 -20.25 -40.5 -7.695 -18.7198 -40.5 -7.695 -18.7198 -40.7
3 15 -7.29 -18.8004 -39.4 -7.7497 -18.709 -39.4 -7.7497 -18.709 -39.7783
4 71 0 -20.25 -36.9 0 -20.25 -36.7 -7.695 -18.7198 -36.7 -7.695 -18.7198 -36.9
3 15 -7.29 -18.8004 -35.6 -7.7497 -18.709 -35.6 -7.7497 -18.709 -35.9783
4 71 0 -20.25 -33.1 0 -20.25 -32.9 -7.695 -18.7198 -32.9 -7.695 -18.7198 -33.1
3 15 -7.29 -18.8004 -31.8 -7.7497 -18.709 -31.8 -7.7497 -18.709 -32.1783
4 0 -7.7497 -18.709 -28.3783 -7.5938 -18.74 -28.7 -6.885 -18.8809 -28 -7.29 -18.8004 -28
4 71 0 -20.25 -29.3 0 -20.25 -29.1 -7.695 -18.7198 -29.1 -7.695 -18.7198 -29.3
3 15 -7.29 -18.8004 -28 -7.7497 -18.709 -28 -7.7497 -18.709 -28.3783
4 71 -7.695 -18.7198 -25.5 0 -20.25 -25.5 0 -20.25 -25.3 -7.695 -18.7198 -25.3
3 15 -7.29 -18.8004 -24.2 -7.7497 -18.709 -24.2 -7.7497 -18.709 -24.5783
3 0 -7.695 -18.7198 -42.8 -7.7497 -18.709 -43.2 -7.29 -18.8004 -43.2
3 0 -7.695 -18.7198 -42.8 -7.29 -18.8004 -43.2 -6.885 -18.8809 -43.2
4 0 0 -20.25 -43.2 0 -20.25 -42.8 -7.695 -18.7198 -42.8 -6.885 -18.8809 -43.2
4 15 -7.695 -18.7198 -42.8 0 -20.25 -42.8 0 -20.25 -40.7 -7.695 -18.7198 -40.7
3 0 -7.695 -18.7198 -39 -7.7497 -18.709 -39.4 -7.29 -18.8004 -39.4
4 0 -7.29 -18.8004 -39.4 -6.885 -18.8809 -39.4 0 -20.25 -39 -7.695 -18.7198 -39
3 0 0 -20.25 -39 -6.885 -18.8809 -39.4 0 -20.25 -39.4
4 15 -7.695 -18.7198 -39 0 -20.25 -39 0 -20.25 -36.9 -7.695 -18.7198 -36.9
3 0 -7.695 -18.7198 -35.2 -7.7497 -18.709 -35.6 -7.29 -18.8004 -35.6
3 0 -7.695 -18.7198 -35.2 -7.29 -18.8004 -35.6 -6.885 -18.8809 -35.6
4 0 -6.885 -18.8809 -35.6 0 -20.25 -35.6 0 -20.25 -35.2 -7.695 -18.7198 -35.2
4 15 -7.695 -18.7198 -33.1 -7.695 -18.7198 -35.2 0 -20.25 -35.2 0 -20.25 -33.1
3 0 -7.695 -18.7198 -31.4 -7.7497 -18.709 -31.8 -7.29 -18.8004 -31.8
4 0 -7.29 -18.8004 -31.8 -6.885 -18.8809 -31.8 0 -20.25 -31.4 -7.695 -18.7198 -31.4
3 0 0 -20.25 -31.4 -6.885 -18.8809 -31.8 0 -20.25 -31.8
4 15 -7.695 -18.7198 -31.4 0 -20.25 -31.4 0 -20.25 -29.3 -7.695 -18.7198 -29.3
3 0 -7.695 -18.7198 -27.6 -7.7497 -18.709 -28 -7.29 -18.8004 -28
3 0 -7.695 -18.7198 -27.6 -7.29 -18.8004 -28 -6.885 -18.8809 -28
4 0 -6.885 -18.8809 -28 0 -20.25 -28 0 -20.25 -27.6 -7.695 -18.7198 -27.6
4 15 -7.695 -18.7198 -25.5 -7.695 -18.7198 -27.6 0 -20.25 -27.6 0 -20.25 -25.5
4 0 0 -20.25 -20.5 0 -20.25 -20.1 -7.0875 -18.8407 -20.1 -6.9863 -18.8608 -20.5
3 0 -7.695 -18.7198 -23.8 -7.7497 -18.709 -24.2 -7.29 -18.8004 -24.2
3 0 -7.695 -18.7198 -23.8 -7.29 -18.8004 -24.2 -6.885 -18.8809 -24.2
4 0 0 -20.25 -24.2 0 -20.25 -23.8 -7.695 -18.7198 -23.8 -6.885 -18.8809 -24.2
4 15 0 -20.25 -23.8 0 -20.25 -21.9 -7.695 -18.7198 -21.9 -7.695 -18.7198 -23.8
4 15 -7.7497 -18.709 -17.5 -7.0875 -18.8407 -20.1 0 -20.25 -20.1 0 -20.25 -17.5
4 72 -7.4925 -18.7601 -21.1 0 -20.25 -21.7 0 -20.25 -20.5 -6.9863 -18.8608 -20.5
3 72 -7.5938 -18.74 -24.9 -7.695 -18.7198 -25.3 0 -20.25 -25.3
4 72 -7.5938 -18.74 -24.9 0 -20.25 -25.3 0 -20.25 -24.2 -6.885 -18.8809 -24.2
3 72 -7.5938 -18.74 -28.7 -7.695 -18.7198 -29.1 0 -20.25 -29.1
4 72 -7.5938 -18.74 -28.7 0 -20.25 -29.1 0 -20.25 -28 -6.885 -18.8809 -28
4 72 -7.695 -18.7198 -32.9 0 -20.25 -32.9 -6.885 -18.8809 -31.8 -7.5938 -18.74 -32.5
3 72 0 -20.25 -31.8 -6.885 -18.8809 -31.8 0 -20.25 -32.9
4 72 -7.695 -18.7198 -36.7 0 -20.25 -36.7 -6.885 -18.8809 -35.6 -7.5938 -18.74 -36.3
3 72 0 -20.25 -35.6 -6.885 -18.8809 -35.6 0 -20.25 -36.7
3 72 -7.5938 -18.74 -40.1 -7.695 -18.7198 -40.5 0 -20.25 -40.5
4 72 -7.5938 -18.74 -40.1 0 -20.25 -40.5 0 -20.25 -39.4 -6.885 -18.8809 -39.4
3 72 -7.5938 -18.74 -43.9 -7.695 -18.7198 -44.3 0 -20.25 -44.3
4 72 -7.5938 -18.74 -43.9 0 -20.25 -44.3 0 -20.25 -43.2 -6.885 -18.8809 -43.2
4 72 -7.695 -18.7198 -48.1 0 -20.25 -48.1 -6.885 -18.8809 -47 -7.5938 -18.74 -47.7
3 72 0 -20.25 -47 -6.885 -18.8809 -47 0 -20.25 -48.1
4 0 -7.29 -18.8004 -47 -6.885 -18.8809 -47 0 -20.25 -46.6 -7.695 -18.7198 -46.6
3 0 0 -20.25 -46.6 -6.885 -18.8809 -47 0 -20.25 -47
3 15 -7.7497 -18.709 -17.5 -7.7497 -18.709 -20.8053 -7.5938 -18.74 -20.6
3 15 -7.7497 -18.709 -17.5 -7.5938 -18.74 -20.6 -7.0875 -18.8407 -20.1
3 0 -7.7497 -18.709 -47.3783 -7.695 -18.7198 -48.1 -7.5938 -18.74 -47.7
4 0 -7.7497 -18.709 -50.8 -7.695 -18.7198 -48.3 -7.695 -18.7198 -48.1 -7.7497 -18.709 -47.3783
3 0 -7.695 -18.7198 -48.3 -7.7497 -18.709 -50.8 -7.695 -18.7198 -50.4
4 0 -7.695 -18.7198 -46.6 -7.695 -18.7198 -44.5 -7.7497 -18.709 -43.5783 -7.7497 -18.709 -47
3 0 -7.7497 -18.709 -43.5783 -7.695 -18.7198 -44.5 -7.695 -18.7198 -44.3
3 0 -7.7497 -18.709 -43.5783 -7.695 -18.7198 -44.3 -7.5938 -18.74 -43.9
4 0 -6.885 -18.8809 -43.2 -7.29 -18.8004 -43.2 -7.7497 -18.709 -43.5783 -7.5938 -18.74 -43.9
4 0 -7.695 -18.7198 -42.8 -7.695 -18.7198 -40.7 -7.7497 -18.709 -39.7783 -7.7497 -18.709 -43.2
3 0 -7.7497 -18.709 -39.7783 -7.695 -18.7198 -40.7 -7.695 -18.7198 -40.5
3 0 -7.7497 -18.709 -39.7783 -7.695 -18.7198 -40.5 -7.5938 -18.74 -40.1
4 0 -7.695 -18.7198 -39 -7.695 -18.7198 -36.9 -7.7497 -18.709 -35.9783 -7.7497 -18.709 -39.4
3 0 -7.7497 -18.709 -35.9783 -7.695 -18.7198 -36.9 -7.695 -18.7198 -36.7
3 0 -7.7497 -18.709 -35.9783 -7.695 -18.7198 -36.7 -7.5938 -18.74 -36.3
4 0 -6.885 -18.8809 -35.6 -7.29 -18.8004 -35.6 -7.7497 -18.709 -35.9783 -7.5938 -18.74 -36.3
4 0 -7.695 -18.7198 -32.9 -7.7497 -18.709 -32.1783 -7.7497 -18.709 -35.6 -7.695 -18.7198 -33.1
3 0 -7.695 -18.7198 -33.1 -7.7497 -18.709 -35.6 -7.695 -18.7198 -35.2
3 0 -7.7497 -18.709 -32.1783 -7.695 -18.7198 -32.9 -7.5938 -18.74 -32.5
4 0 -6.885 -18.8809 -31.8 -7.29 -18.8004 -31.8 -7.7497 -18.709 -32.1783 -7.5938 -18.74 -32.5
4 0 -7.695 -18.7198 -31.4 -7.695 -18.7198 -29.3 -7.7497 -18.709 -28.3783 -7.7497 -18.709 -31.8
3 0 -7.7497 -18.709 -28.3783 -7.695 -18.7198 -29.3 -7.695 -18.7198 -29.1
3 0 -7.7497 -18.709 -28.3783 -7.695 -18.7198 -29.1 -7.5938 -18.74 -28.7
4 0 -7.695 -18.7198 -27.6 -7.695 -18.7198 -25.5 -7.7497 -18.709 -24.5783 -7.7497 -18.709 -28
3 0 -7.7497 -18.709 -24.5783 -7.695 -18.7198 -25.5 -7.695 -18.7198 -25.3
3 0 -7.7497 -18.709 -24.5783 -7.695 -18.7198 -25.3 -7.5938 -18.74 -24.9
4 0 -6.885 -18.8809 -24.2 -7.29 -18.8004 -24.2 -7.7497 -18.709 -24.5783 -7.5938 -18.74 -24.9
4 0 -7.695 -18.7198 -23.8 -7.695 -18.7198 -21.9 -7.7497 -18.709 -20.8053 -7.7497 -18.709 -24.2
4 0 -7.695 -18.7198 -21.7 -7.4925 -18.7601 -21.1 -7.5938 -18.74 -20.6 -7.7497 -18.709 -20.8053
3 0 -7.7497 -18.709 -20.8053 -7.695 -18.7198 -21.9 -7.695 -18.7198 -21.7
4 71 0 -20.25 -21.9 0 -20.25 -21.7 -7.695 -18.7198 -21.7 -7.695 -18.7198 -21.9
3 72 -7.4925 -18.7601 -21.1 -7.695 -18.7198 -21.7 0 -20.25 -21.7
4 0 7.4925 -18.7601 -21.1 7.5938 -18.74 -20.6 7.0875 -18.8407 -20.1 6.9863 -18.8608 -20.5
4 0 0 -20.25 -46.6 6.885 -18.8809 -47 7.29 -18.8004 -47 7.695 -18.7198 -46.6
4 71 7.695 -18.7198 -48.1 0 -20.25 -48.1 0 -20.25 -48.3 7.695 -18.7198 -48.3
3 0 7.695 -18.7198 -46.6 7.29 -18.8004 -47 7.7497 -18.709 -47
3 15 7.7497 -18.709 -47 7.29 -18.8004 -47 7.7497 -18.709 -47.3783
4 15 7.695 -18.7198 -48.3 0 -20.25 -48.3 0 -20.25 -50.4 7.695 -18.7198 -50.4
4 15 7.7497 -18.709 -52.5 7.7497 -18.709 -50.8 0 -20.25 -50.8 0 -20.25 -52.5
4 0 7.7497 -18.709 -43.5783 7.29 -18.8004 -43.2 6.885 -18.8809 -43.2 7.5938 -18.74 -43.9
4 71 7.695 -18.7198 -44.3 0 -20.25 -44.3 0 -20.25 -44.5 7.695 -18.7198 -44.5
3 15 7.7497 -18.709 -43.2 7.29 -18.8004 -43.2 7.7497 -18.709 -43.5783
4 15 7.695 -18.7198 -46.6 7.695 -18.7198 -44.5 0 -20.25 -44.5 0 -20.25 -46.6
4 71 0 -20.25 -40.7 7.695 -18.7198 -40.7 7.695 -18.7198 -40.5 0 -20.25 -40.5
3 15 7.7497 -18.709 -39.4 7.29 -18.8004 -39.4 7.7497 -18.709 -39.7783
4 71 7.695 -18.7198 -36.7 0 -20.25 -36.7 0 -20.25 -36.9 7.695 -18.7198 -36.9
3 15 7.7497 -18.709 -35.6 7.29 -18.8004 -35.6 7.7497 -18.709 -35.9783
4 0 7.7497 -18.709 -32.1783 7.29 -18.8004 -31.8 6.885 -18.8809 -31.8 7.5938 -18.74 -32.5
4 71 0 -20.25 -33.1 7.695 -18.7198 -33.1 7.695 -18.7198 -32.9 0 -20.25 -32.9
3 15 7.7497 -18.709 -31.8 7.29 -18.8004 -31.8 7.7497 -18.709 -32.1783
4 71 0 -20.25 -29.3 7.695 -18.7198 -29.3 7.695 -18.7198 -29.1 0 -20.25 -29.1
3 15 7.7497 -18.709 -28 7.29 -18.8004 -28 7.7497 -18.709 -28.3783
4 71 0 -20.25 -25.3 0 -20.25 -25.5 7.695 -18.7198 -25.5 7.695 -18.7198 -25.3
3 15 7.7497 -18.709 -24.2 7.29 -18.8004 -24.2 7.7497 -18.709 -24.5783
3 0 7.695 -18.7198 -42.8 7.29 -18.8004 -43.2 7.7497 -18.709 -43.2
4 0 0 -20.25 -42.8 6.885 -18.8809 -43.2 7.29 -18.8004 -43.2 7.695 -18.7198 -42.8
3 0 0 -20.25 -42.8 0 -20.25 -43.2 6.885 -18.8809 -43.2
4 15 0 -20.25 -40.7 0 -20.25 -42.8 7.695 -18.7198 -42.8 7.695 -18.7198 -40.7
3 0 7.695 -18.7198 -39 7.29 -18.8004 -39.4 7.7497 -18.709 -39.4
3 0 7.695 -18.7198 -39 6.885 -18.8809 -39.4 7.29 -18.8004 -39.4
4 0 0 -20.25 -39.4 6.885 -18.8809 -39.4 7.695 -18.7198 -39 0 -20.25 -39
4 15 7.695 -18.7198 -39 7.695 -18.7198 -36.9 0 -20.25 -36.9 0 -20.25 -39
3 0 7.695 -18.7198 -35.2 7.29 -18.8004 -35.6 7.7497 -18.709 -35.6
3 0 7.695 -18.7198 -35.2 6.885 -18.8809 -35.6 7.29 -18.8004 -35.6
4 0 6.885 -18.8809 -35.6 7.695 -18.7198 -35.2 0 -20.25 -35.2 0 -20.25 -35.6
4 15 7.695 -18.7198 -33.1 0 -20.25 -33.1 0 -20.25 -35.2 7.695 -18.7198 -35.2
3 0 7.695 -18.7198 -31.4 7.29 -18.8004 -31.8 7.7497 -18.709 -31.8
3 0 7.695 -18.7198 -31.4 6.885 -18.8809 -31.8 7.29 -18.8004 -31.8
4 0 0 -20.25 -31.8 6.885 -18.8809 -31.8 7.695 -18.7198 -31.4 0 -20.25 -31.4
4 15 7.695 -18.7198 -31.4 7.695 -18.7198 -29.3 0 -20.25 -29.3 0 -20.25 -31.4
3 0 7.695 -18.7198 -27.6 7.29 -18.8004 -28 7.7497 -18.709 -28
3 0 7.695 -18.7198 -27.6 6.885 -18.8809 -28 7.29 -18.8004 -28
4 0 6.885 -18.8809 -28 7.695 -18.7198 -27.6 0 -20.25 -27.6 0 -20.25 -28
4 15 0 -20.25 -27.6 7.695 -18.7198 -27.6 7.695 -18.7198 -25.5 0 -20.25 -25.5
4 0 7.0875 -18.8407 -20.1 0 -20.25 -20.1 0 -20.25 -20.5 6.9863 -18.8608 -20.5
3 0 7.695 -18.7198 -23.8 7.29 -18.8004 -24.2 7.7497 -18.709 -24.2
4 0 0 -20.25 -23.8 6.885 -18.8809 -24.2 7.29 -18.8004 -24.2 7.695 -18.7198 -23.8
3 0 0 -20.25 -23.8 0 -20.25 -24.2 6.885 -18.8809 -24.2
4 71 7.695 -18.7198 -21.7 0 -20.25 -21.7 0 -20.25 -21.9 7.695 -18.7198 -21.9
4 15 0 -20.25 -23.8 7.695 -18.7198 -23.8 7.695 -18.7198 -21.9 0 -20.25 -21.9
4 72 0 -20.25 -20.5 0 -20.25 -21.7 7.4925 -18.7601 -21.1 6.9863 -18.8608 -20.5
4 72 7.695 -18.7198 -25.3 7.5938 -18.74 -24.9 6.885 -18.8809 -24.2 0 -20.25 -25.3
3 72 6.885 -18.8809 -24.2 0 -20.25 -24.2 0 -20.25 -25.3
4 72 7.695 -18.7198 -29.1 7.5938 -18.74 -28.7 6.885 -18.8809 -28 0 -20.25 -29.1
3 72 6.885 -18.8809 -28 0 -20.25 -28 0 -20.25 -29.1
3 72 7.5938 -18.74 -32.5 0 -20.25 -32.9 7.695 -18.7198 -32.9
4 72 0 -20.25 -31.8 0 -20.25 -32.9 7.5938 -18.74 -32.5 6.885 -18.8809 -31.8
3 72 7.5938 -18.74 -36.3 0 -20.25 -36.7 7.695 -18.7198 -36.7
4 72 0 -20.25 -35.6 0 -20.25 -36.7 7.5938 -18.74 -36.3 6.885 -18.8809 -35.6
4 72 7.695 -18.7198 -40.5 7.5938 -18.74 -40.1 6.885 -18.8809 -39.4 0 -20.25 -40.5
3 72 6.885 -18.8809 -39.4 0 -20.25 -39.4 0 -20.25 -40.5
4 72 7.695 -18.7198 -44.3 7.5938 -18.74 -43.9 6.885 -18.8809 -43.2 0 -20.25 -44.3
3 72 6.885 -18.8809 -43.2 0 -20.25 -43.2 0 -20.25 -44.3
3 72 7.5938 -18.74 -47.7 0 -20.25 -48.1 7.695 -18.7198 -48.1
4 72 0 -20.25 -47 0 -20.25 -48.1 7.5938 -18.74 -47.7 6.885 -18.8809 -47
3 0 0 -20.25 -46.6 0 -20.25 -47 6.885 -18.8809 -47
3 15 7.7497 -18.709 -17.5 7.5938 -18.74 -20.6 7.7497 -18.709 -20.8053
3 15 7.7497 -18.709 -17.5 7.0875 -18.8407 -20.1 7.5938 -18.74 -20.6
4 15 0 -20.25 -20.1 7.0875 -18.8407 -20.1 7.7497 -18.709 -17.5 0 -20.25 -17.5
4 0 0 -20.25 -50.8 7.7497 -18.709 -50.8 7.695 -18.7198 -50.4 0 -20.25 -50.4
3 0 7.7497 -18.709 -47.3783 7.5938 -18.74 -47.7 7.695 -18.7198 -48.1
4 0 6.885 -18.8809 -47 7.5938 -18.74 -47.7 7.7497 -18.709 -47.3783 7.29 -18.8004 -47
3 0 7.7497 -18.709 -47.3783 7.695 -18.7198 -48.1 7.695 -18.7198 -48.3
4 0 7.695 -18.7198 -50.4 7.7497 -18.709 -50.8 7.7497 -18.709 -47.3783 7.695 -18.7198 -48.3
4 0 7.7497 -18.709 -43.5783 7.695 -18.7198 -44.5 7.695 -18.7198 -46.6 7.7497 -18.709 -47
3 0 7.7497 -18.709 -43.5783 7.695 -18.7198 -44.3 7.695 -18.7198 -44.5
3 0 7.7497 -18.709 -43.5783 7.5938 -18.74 -43.9 7.695 -18.7198 -44.3
3 0 7.695 -18.7198 -40.7 7.695 -18.7198 -42.8 7.7497 -18.709 -43.2
4 0 7.7497 -18.709 -43.2 7.7497 -18.709 -39.7783 7.695 -18.7198 -40.5 7.695 -18.7198 -40.7
3 0 7.7497 -18.709 -39.7783 7.5938 -18.74 -40.1 7.695 -18.7198 -40.5
4 0 6.885 -18.8809 -39.4 7.5938 -18.74 -40.1 7.7497 -18.709 -39.7783 7.29 -18.8004 -39.4
4 0 7.695 -18.7198 -39 7.7497 -18.709 -39.4 7.7497 -18.709 -35.9783 7.695 -18.7198 -36.9
3 0 7.7497 -18.709 -35.9783 7.695 -18.7198 -36.7 7.695 -18.7198 -36.9
3 0 7.7497 -18.709 -35.9783 7.5938 -18.74 -36.3 7.695 -18.7198 -36.7
4 0 6.885 -18.8809 -35.6 7.5938 -18.74 -36.3 7.7497 -18.709 -35.9783 7.29 -18.8004 -35.6
4 0 7.695 -18.7198 -35.2 7.7497 -18.709 -35.6 7.7497 -18.709 -32.1783 7.695 -18.7198 -33.1
3 0 7.7497 -18.709 -32.1783 7.695 -18.7198 -32.9 7.695 -18.7198 -33.1
3 0 7.7497 -18.709 -32.1783 7.5938 -18.74 -32.5 7.695 -18.7198 -32.9
4 0 7.7497 -18.709 -28.3783 7.695 -18.7198 -29.3 7.695 -18.7198 -31.4 7.7497 -18.709 -31.8
3 0 7.7497 -18.709 -28.3783 7.695 -18.7198 -29.1 7.695 -18.7198 -29.3
3 0 7.7497 -18.709 -28.3783 7.5938 -18.74 -28.7 7.695 -18.7198 -29.1
4 0 6.885 -18.8809 -28 7.5938 -18.74 -28.7 7.7497 -18.709 -28.3783 7.29 -18.8004 -28
4 0 7.695 -18.7198 -25.3 7.695 -18.7198 -25.5 7.7497 -18.709 -28 7.7497 -18.709 -24.5783
3 0 7.695 -18.7198 -25.5 7.695 -18.7198 -27.6 7.7497 -18.709 -28
3 0 7.7497 -18.709 -24.5783 7.5938 -18.74 -24.9 7.695 -18.7198 -25.3
4 0 6.885 -18.8809 -24.2 7.5938 -18.74 -24.9 7.7497 -18.709 -24.5783 7.29 -18.8004 -24.2
4 0 7.695 -18.7198 -23.8 7.7497 -18.709 -24.2 7.7497 -18.709 -20.8053 7.695 -18.7198 -21.9
4 0 7.695 -18.7198 -21.7 7.7497 -18.709 -20.8053 7.5938 -18.74 -20.6 7.4925 -18.7601 -21.1
3 0 7.7497 -18.709 -20.8053 7.695 -18.7198 -21.7 7.695 -18.7198 -21.9
3 72 7.4925 -18.7601 -21.1 0 -20.25 -21.7 7.695 -18.7198 -21.7
4 15 9.1125 -17.7982 -52.5 9.5 -17.5392 -52.4239 9.8284 -17.3197 -52.2071 10.0479 -17.173 -51.8827
4 15 7.7497 -18.709 -20.8053 10.125 -17.1215 -18.5 9.5 -17.5392 -17.5761 9.1125 -17.7982 -17.5
4 15 10.125 -17.1215 -18.5 10.0479 -17.173 -18.1173 9.8284 -17.3197 -17.7929 9.5 -17.5392 -17.5761
3 15 10.125 -17.1215 -35 8.1 -18.4748 -37 8.1 -18.4748 -39.4
4 15 8.1 -18.4748 -35.6 7.8975 -18.6102 -36.1 8.1 -18.4748 -37 10.125 -17.1215 -35
3 15 8.1 -18.4748 -33.2 8.1 -18.4748 -35.6 10.125 -17.1215 -35
3 15 8.1 -18.4748 -29.4 8.1 -18.4748 -31.8 10.125 -17.1215 -35
4 15 8.1 -18.4748 -47 7.7497 -18.709 -47 7.7497 -18.709 -47.3783 7.8975 -18.6102 -47.5
3 15 8.1 -18.4748 -48.4 8.1 -18.4748 -50.8 9.1125 -17.7982 -52.5
4 15 10.0479 -17.173 -51.8827 10.125 -17.1215 -51.5 8.1 -18.4748 -48.4 9.1125 -17.7982 -52.5
4 15 8.1 -18.4748 -50.8 7.7497 -18.709 -50.8 7.7497 -18.709 -52.5 9.1125 -17.7982 -52.5
4 15 8.1 -18.4748 -43.2 7.7497 -18.709 -43.2 7.7497 -18.709 -43.5783 7.8975 -18.6102 -43.7
4 15 10.125 -17.1215 -35 8.1 -18.4748 -39.4 7.8975 -18.6102 -39.9 8.1 -18.4748 -40.8
4 15 8.1 -18.4748 -39.4 7.7497 -18.709 -39.4 7.7497 -18.709 -39.7783 7.8975 -18.6102 -39.9
4 15 7.7497 -18.709 -35.9783 7.8975 -18.6102 -36.1 8.1 -18.4748 -35.6 7.7497 -18.709 -35.6
4 15 8.1 -18.4748 -33.2 10.125 -17.1215 -35 8.1 -18.4748 -31.8 7.8975 -18.6102 -32.3
4 15 7.7497 -18.709 -32.1783 7.8975 -18.6102 -32.3 8.1 -18.4748 -31.8 7.7497 -18.709 -31.8
4 15 8.1 -18.4748 -28 7.7497 -18.709 -28 7.7497 -18.709 -28.3783 7.8975 -18.6102 -28.5
3 15 8.1 -18.4748 -24.2 7.8975 -18.6102 -24.7 8.1 -18.4748 -25.6
4 15 8.1 -18.4748 -24.2 7.7497 -18.709 -24.2 7.7497 -18.709 -24.5783 7.8975 -18.6102 -24.7
3 15 10.125 -17.1215 -18.5 7.8975 -18.6102 -21 8.1 -18.4748 -21.6
4 15 8.1 -18.4748 -47 7.8975 -18.6102 -47.5 8.1 -18.4748 -48.4 10.125 -17.1215 -51.5
3 15 8.1 -18.4748 -44.6 8.1 -18.4748 -47 10.125 -17.1215 -51.5
4 15 8.1 -18.4748 -44.6 10.125 -17.1215 -51.5 8.1 -18.4748 -43.2 7.8975 -18.6102 -43.7
4 15 8.1 -18.4748 -43.2 10.125 -17.1215 -51.5 10.125 -17.1215 -35 8.1 -18.4748 -40.8
4 15 8.1 -18.4748 -29.4 10.125 -17.1215 -35 8.1 -18.4748 -28 7.8975 -18.6102 -28.5
3 15 8.1 -18.4748 -25.6 8.1 -18.4748 -28 10.125 -17.1215 -35
3 15 8.1 -18.4748 -24.2 8.1 -18.4748 -25.6 10.125 -17.1215 -35
4 15 10.125 -17.1215 -35 10.125 -17.1215 -18.5 8.1 -18.4748 -21.6 8.1 -18.4748 -24.2
3 15 10.125 -17.1215 -18.5 7.7497 -18.709 -20.8053 7.8975 -18.6102 -21
3 15 9.1125 -17.7982 -17.5 7.7497 -18.709 -17.5 7.7497 -18.709 -20.8053
4 0 8.1 -18.4748 -50.8 8.1 -18.4748 -48.4 7.8975 -18.6102 -47.5 7.7497 -18.709 -50.8
3 0 7.7497 -18.709 -47.3783 7.7497 -18.709 -50.8 7.8975 -18.6102 -47.5
4 0 7.7497 -18.709 -47 8.1 -18.4748 -47 8.1 -18.4748 -44.6 7.8975 -18.6102 -43.7
3 0 7.7497 -18.709 -43.5783 7.7497 -18.709 -47 7.8975 -18.6102 -43.7
3 0 7.8975 -18.6102 -39.9 8.1 -18.4748 -43.2 8.1 -18.4748 -40.8
4 0 8.1 -18.4748 -43.2 7.8975 -18.6102 -39.9 7.7497 -18.709 -39.7783 7.7497 -18.709 -43.2
3 0 7.8975 -18.6102 -36.1 8.1 -18.4748 -39.4 8.1 -18.4748 -37
4 0 7.7497 -18.709 -35.9783 7.7497 -18.709 -39.4 8.1 -18.4748 -39.4 7.8975 -18.6102 -36.1
4 0 8.1 -18.4748 -33.2 7.8975 -18.6102 -32.3 7.7497 -18.709 -35.6 8.1 -18.4748 -35.6
3 0 7.7497 -18.709 -32.1783 7.7497 -18.709 -35.6 7.8975 -18.6102 -32.3
4 0 7.7497 -18.709 -31.8 8.1 -18.4748 -31.8 8.1 -18.4748 -29.4 7.8975 -18.6102 -28.5
3 0 7.7497 -18.709 -28.3783 7.7497 -18.709 -31.8 7.8975 -18.6102 -28.5
4 0 7.8975 -18.6102 -24.7 7.7497 -18.709 -28 8.1 -18.4748 -28 8.1 -18.4748 -25.6
3 0 7.7497 -18.709 -24.5783 7.7497 -18.709 -28 7.8975 -18.6102 -24.7
3 0 7.8975 -18.6102 -21 8.1 -18.4748 -24.2 8.1 -18.4748 -21.6
4 0 7.7497 -18.709 -20.8053 7.7497 -18.709 -24.2 8.1 -18.4748 -24.2 7.8975 -18.6102 -21
5 24 0 -20.25 -17.5 0 -20.25 -52.5 -7.7497 -18.709 -17.5 7.7497 -18.709 -52.5
5 24 7.7497 -18.709 -52.5 7.7497 -18.709 -17.5 0 -20.25 -17.5 9.1125 -17.7982 -52.5
5 24 -7.7497 -18.709 -52.5 -7.7497 -18.709 -17.5 -10.125 -17.1215 -18.5 0 -20.25 -52.5

4 16 -10.0479 -17.173 -51.8827 -10.125 -17.1215 -51.5 -10 -16.9101 -51.5 -9.9239 -16.961 -51.8827
4 16 -9.8284 -17.3197 -52.2071 -10.0479 -17.173 -51.8827 -9.9239 -16.961 -51.8827 -9.7071 -17.1059 -52.2071
4 16 -9.5 -17.5392 -52.4239 -9.8284 -17.3197 -52.2071 -9.7071 -17.1059 -52.2071 -9.3827 -17.3227 -52.4239
4 16 -9.1125 -17.7982 -52.5 -9.5 -17.5392 -52.4239 -9.3827 -17.3227 -52.4239 -9 -17.5785 -52.5
4 16 -7.7497 -18.709 -52.5 -9.1125 -17.7982 -52.5 -9 -17.5785 -52.5 -7.654 -18.478 -52.5
4 16 0 -20.25 -52.5 -7.7497 -18.709 -52.5 -7.654 -18.478 -52.5 0 -20 -52.5
4 16 0 -20.25 -52.5 0 -20 -52.5 7.654 -18.478 -52.5 7.7497 -18.709 -52.5
4 16 7.7497 -18.709 -52.5 7.654 -18.478 -52.5 9 -17.5785 -52.5 9.1125 -17.7982 -52.5
4 16 9.1125 -17.7982 -52.5 9 -17.5785 -52.5 9.3827 -17.3227 -52.4239 9.5 -17.5392 -52.4239
4 16 9.5 -17.5392 -52.4239 9.3827 -17.3227 -52.4239 9.7071 -17.1059 -52.2071 9.8284 -17.3197 -52.2071
4 16 9.8284 -17.3197 -52.2071 9.7071 -17.1059 -52.2071 9.9239 -16.961 -51.8827 10.0479 -17.173 -51.8827
4 16 10.0479 -17.173 -51.8827 9.9239 -16.961 -51.8827 10 -16.9101 -51.5 10.125 -17.1215 -51.5
4 16 10.125 -17.1215 -51.5 10 -16.9101 -51.5 10 -16.9101 -18.5 10.125 -17.1215 -18.5
4 16 10 -16.9101 -18.5 9.9239 -16.961 -18.1173 10.0479 -17.173 -18.1173 10.125 -17.1215 -18.5
4 16 9.9239 -16.961 -18.1173 9.7071 -17.1059 -17.7929 9.8284 -17.3197 -17.7929 10.0479 -17.173 -18.1173
4 16 9.7071 -17.1059 -17.7929 9.3827 -17.3227 -17.5761 9.5 -17.5392 -17.5761 9.8284 -17.3197 -17.7929
4 16 9.3827 -17.3227 -17.5761 9 -17.5785 -17.5 9.1125 -17.7982 -17.5 9.5 -17.5392 -17.5761
4 16 9.1125 -17.7982 -17.5 9 -17.5785 -17.5 7.654 -18.478 -17.5 7.7497 -18.709 -17.5
4 16 0 -20.25 -17.5 7.7497 -18.709 -17.5 7.654 -18.478 -17.5 0 -20 -17.5
4 16 -7.7497 -18.709 -17.5 0 -20.25 -17.5 0 -20 -17.5 -7.654 -18.478 -17.5
4 16 -9 -17.5785 -17.5 -9.1125 -17.7982 -17.5 -7.7497 -18.709 -17.5 -7.654 -18.478 -17.5
4 16 -9.3827 -17.3227 -17.5761 -9.5 -17.5392 -17.5761 -9.1125 -17.7982 -17.5 -9 -17.5785 -17.5
4 16 -9.7071 -17.1059 -17.7929 -9.8284 -17.3197 -17.7929 -9.5 -17.5392 -17.5761 -9.3827 -17.3227 -17.5761
4 16 -9.9239 -16.961 -18.1173 -10.0479 -17.173 -18.1173 -9.8284 -17.3197 -17.7929 -9.7071 -17.1059 -17.7929
4 16 -10 -16.9101 -18.5 -10.125 -17.1215 -18.5 -10.0479 -17.173 -18.1173 -9.9239 -16.961 -18.1173
4 16 -10.125 -17.1215 -51.5 -10.125 -17.1215 -18.5 -10 -16.9101 -18.5 -10 -16.9101 -51.5
