0 Sticker  0.8 x  2.7 with White "AIR TAXI" on Blue Background
0 Name: 4578235e.dat
0 Author: Evert-Jan Boer [ejboer]
0 !LDRAW_ORG Unofficial_Part
0 !LICENSE Licensed under CC BY 4.0 : see CAreadme.txt

0 BFC CERTIFY CCW

0 !KEYWORDS Helicopter and Limousine, Set 3222


1 1 -26.5 -.25 7.75 0 0 -1 0 1 0 1 0 0 1-4chrd.dat
1 1 -26.5 -.25 -7.75 -1 0 0 0 1 0 0 0 -1 1-4chrd.dat
1 1 26.5 -.25 -7.75 0 0 1 0 1 0 -1 0 0 1-4chrd.dat
1 1 26.5 -.25 7.75 1 0 0 0 1 0 0 0 1 1-4chrd.dat
4 15 -22.6 -.25 -5.2 -21.7 -.25 -2.5 -20.3 -.25 5.7 -24.7 -.25 -5.2
4 15 -19.5 -.25 3.7 -20.3 -.25 5.7 -21.7 -.25 -2.5 -20.8 -.25 -.6
4 15 -19 -.25 -2.5 -19 -.25 -.6 -20.8 -.25 -.6 -21.7 -.25 -2.5
4 15 -17.1 -.25 -5.2 -17.6 -.25 5.7 -19 -.25 -.6 -19 -.25 -2.5
3 15 -17.6 -.25 5.7 -19 -.25 3.7 -19 -.25 -.6
4 15 -19.5 -.25 3.7 -19 -.25 3.7 -17.6 -.25 5.7 -20.3 -.25 5.7
3 15 -19 -.25 -2.5 -19 -.25 -5.2 -17.1 -.25 -5.2
4 15 7.7 -.25 5.7 3.3 -.25 -5.2 5.4 -.25 -5.2 6.3 -.25 -2.5
4 15 6.3 -.25 -2.5 7.2 -.25 -.6 8.5 -.25 3.7 7.7 -.25 5.7
4 15 9 -.25 -2.5 9 -.25 -.6 7.2 -.25 -.6 6.3 -.25 -2.5
4 15 10.9 -.25 -5.2 10.4 -.25 5.7 9 -.25 -.6 9 -.25 -2.5
3 15 10.4 -.25 5.7 9 -.25 3.7 9 -.25 -.6
4 15 10.4 -.25 5.7 7.7 -.25 5.7 8.5 -.25 3.7 9 -.25 3.7
3 15 9 -.25 -2.5 9 -.25 -5.2 10.9 -.25 -5.2
4 15 -15.8 -.25 -5.2 -13.9 -.25 -5.2 -12.2 -.25 5.7 -14 -.25 5.7
4 15 23.4 -.25 5.7 21.6 -.25 5.7 19.8 -.25 -5.2 21.7 -.25 -5.2
3 15 -9.8 -.25 -.9 -12.3 -.25 -5.2 -10.4 -.25 -5.2
4 15 -9.5 -.25 .8 -10.5 -.25 5.7 -12.3 -.25 -5.2 -9.8 -.25 -.9
3 15 -10.5 -.25 5.7 -9.5 -.25 .8 -9 -.25 4
4 15 -6.8 -.25 3.6 -6 -.25 5.5 -7 -.25 5.7 -7.5 -.25 4
4 15 -4.8 -.25 3.5 -5.2 -.25 4.6 -6 -.25 5.5 -6.8 -.25 3.6
3 15 -6.8 -.25 3.6 -6.6 -.25 2.8 -4.8 -.25 3.5
4 15 -4.8 -.25 3.5 -6.6 -.25 2.8 -5.3 -.25 1.1 -4.8 -.25 2.2
4 15 -6 -.25 .2 -5.3 -.25 1.1 -6.6 -.25 2.8 -6.9 -.25 1.7
4 15 -6.6 -.25 -.2 -6 -.25 .2 -6.9 -.25 1.7 -7.7 -.25 .8
4 15 -7.7 -.25 .8 -9.5 -.25 .8 -9.8 -.25 -.9 -6.6 -.25 -.2
3 15 -6.6 -.25 -.2 -9.8 -.25 -.9 -8 -.25 -.9
4 15 -6.6 -.25 -.2 -8 -.25 -.9 -5.7 -.25 -5.2 -6.2 -.25 -.9
3 15 -8 -.25 -.9 -7.6 -.25 -5.2 -5.7 -.25 -5.2
4 15 -.5 -.25 -5.2 1.4 -.25 -5.2 2.8 -.25 3.6 1 -.25 3.6
3 15 5.3 -.25 5.7 1 -.25 3.6 2.8 -.25 3.6
4 15 -1 -.25 3.6 1 -.25 3.6 5.3 -.25 5.7 -1 -.25 5.7
3 15 5.3 -.25 5.7 2.8 -.25 3.6 5.3 -.25 3.6
4 15 13.6 -.25 -5.2 15.8 -.25 -1.3 14.9 -.25 .2 11.6 -.25 -5.2
4 15 16.9 -.25 .2 15.8 -.25 -1.3 17 -.25 -5.2 19 -.25 -5.2
4 15 16.1 -.25 2 14.9 -.25 .2 15.8 -.25 -1.3 16.9 -.25 .2
4 15 16.1 -.25 2 16.9 -.25 .2 20.4 -.25 5.7 18.4 -.25 5.7
4 15 14.9 -.25 .2 16.1 -.25 2 14.8 -.25 5.7 12.9 -.25 5.7
4 1 -19 -.25 3.7 -19.5 -.25 3.7 -20.8 -.25 -.6 -19 -.25 -.6
4 1 -19 -.25 -2.5 -21.7 -.25 -2.5 -22.6 -.25 -5.2 -19 -.25 -5.2
4 1 0 -.25 -8.75 -.5 -.25 -5.2 -6.2 -.25 -.9 -5.7 -.25 -5.2
3 1 1.4 -.25 -5.2 -.5 -.25 -5.2 0 -.25 -8.75
4 1 -10.4 -.25 -5.2 -7.6 -.25 -5.2 -8 -.25 -.9 -9.8 -.25 -.9
4 1 -17.1 -.25 -5.2 -15.8 -.25 -5.2 -14 -.25 5.7 -17.6 -.25 5.7
4 1 -10.5 -.25 5.7 -12.2 -.25 5.7 -13.9 -.25 -5.2 -12.3 -.25 -5.2
3 1 0 -.25 8.75 -7 -.25 5.7 -6 -.25 5.5
3 1 0 -.25 8.75 -6 -.25 5.5 -5.2 -.25 4.6
4 1 -4.8 -.25 3.5 -1 -.25 5.7 0 -.25 8.75 -5.2 -.25 4.6
4 1 -1 -.25 5.7 -4.8 -.25 3.5 -4.8 -.25 2.2 -1 -.25 3.6
3 1 1 -.25 3.6 -1 -.25 3.6 -4.8 -.25 2.2
4 1 1 -.25 3.6 -4.8 -.25 2.2 -5.3 -.25 1.1 -.5 -.25 -5.2
3 1 -5.3 -.25 1.1 -6 -.25 .2 -.5 -.25 -5.2
4 1 -.5 -.25 -5.2 -6 -.25 .2 -6.6 -.25 -.2 -6.2 -.25 -.9
4 1 -6.6 -.25 2.8 -6.8 -.25 3.6 -7.5 -.25 4 -9 -.25 4
3 1 -9 -.25 4 -6.9 -.25 1.7 -6.6 -.25 2.8
4 1 -6.9 -.25 1.7 -9 -.25 4 -9.5 -.25 .8 -7.7 -.25 .8
3 1 0 -.25 8.75 -1 -.25 5.7 5.3 -.25 5.7
3 1 7.7 -.25 5.7 5.3 -.25 5.7 5.3 -.25 3.6
3 1 12.9 -.25 5.7 10.4 -.25 5.7 14.9 -.25 .2
3 1 7.7 -.25 5.7 5.3 -.25 3.6 3.3 -.25 -5.2
4 1 1.4 -.25 -5.2 3.3 -.25 -5.2 5.3 -.25 3.6 2.8 -.25 3.6
3 1 3.3 -.25 -5.2 1.4 -.25 -5.2 0 -.25 -8.75
3 1 5.4 -.25 -5.2 3.3 -.25 -5.2 0 -.25 -8.75
4 1 9 -.25 -2.5 6.3 -.25 -2.5 5.4 -.25 -5.2 9 -.25 -5.2
4 1 7.2 -.25 -.6 9 -.25 -.6 9 -.25 3.7 8.5 -.25 3.7
4 1 10.9 -.25 -5.2 11.6 -.25 -5.2 14.9 -.25 .2 10.4 -.25 5.7
3 1 18.4 -.25 5.7 14.8 -.25 5.7 16.1 -.25 2
3 1 15.8 -.25 -1.3 13.6 -.25 -5.2 17 -.25 -5.2
3 1 21.6 -.25 5.7 20.4 -.25 5.7 16.9 -.25 .2
4 1 19.8 -.25 -5.2 21.6 -.25 5.7 16.9 -.25 .2 19 -.25 -5.2
4 1 -17.6 -.25 5.7 -26.5 -.25 8.75 -27.5 -.25 7.75 -20.3 -.25 5.7
4 1 -27.5 -.25 -7.75 -24.7 -.25 -5.2 -20.3 -.25 5.7 -27.5 -.25 7.75
4 1 -27.5 -.25 -7.75 -26.5 -.25 -8.75 -22.6 -.25 -5.2 -24.7 -.25 -5.2
3 1 -19 -.25 -5.2 -22.6 -.25 -5.2 -26.5 -.25 -8.75
3 1 -26.5 -.25 8.75 -17.6 -.25 5.7 -14 -.25 5.7
3 1 -17.1 -.25 -5.2 -19 -.25 -5.2 -26.5 -.25 -8.75
3 1 -15.8 -.25 -5.2 -17.1 -.25 -5.2 -26.5 -.25 -8.75
3 1 -13.9 -.25 -5.2 -15.8 -.25 -5.2 -26.5 -.25 -8.75
4 15 -7.5 -.25 4 -7 -.25 5.7 -10.5 -.25 5.7 -9 -.25 4
3 1 -26.5 -.25 8.75 -14 -.25 5.7 -12.2 -.25 5.7
3 1 -26.5 -.25 8.75 -12.2 -.25 5.7 -10.5 -.25 5.7
4 1 -10.5 -.25 5.7 -7 -.25 5.7 0 -.25 8.75 -26.5 -.25 8.75
3 1 -12.3 -.25 -5.2 -13.9 -.25 -5.2 -26.5 -.25 -8.75
3 1 -10.4 -.25 -5.2 -12.3 -.25 -5.2 -26.5 -.25 -8.75
3 1 -7.6 -.25 -5.2 -10.4 -.25 -5.2 -26.5 -.25 -8.75
4 1 -7.6 -.25 -5.2 -26.5 -.25 -8.75 0 -.25 -8.75 -5.7 -.25 -5.2
3 1 9 -.25 -5.2 5.4 -.25 -5.2 0 -.25 -8.75
3 1 10.9 -.25 -5.2 9 -.25 -5.2 0 -.25 -8.75
3 1 11.6 -.25 -5.2 10.9 -.25 -5.2 0 -.25 -8.75
4 1 26.5 -.25 -8.75 13.6 -.25 -5.2 11.6 -.25 -5.2 0 -.25 -8.75
3 1 17 -.25 -5.2 13.6 -.25 -5.2 26.5 -.25 -8.75
3 1 19 -.25 -5.2 17 -.25 -5.2 26.5 -.25 -8.75
3 1 19.8 -.25 -5.2 19 -.25 -5.2 26.5 -.25 -8.75
4 1 19.8 -.25 -5.2 26.5 -.25 -8.75 27.5 -.25 -7.75 21.7 -.25 -5.2
4 1 21.7 -.25 -5.2 27.5 -.25 -7.75 27.5 -.25 7.75 23.4 -.25 5.7
4 1 27.5 -.25 7.75 26.5 -.25 8.75 21.6 -.25 5.7 23.4 -.25 5.7
3 1 26.5 -.25 8.75 20.4 -.25 5.7 21.6 -.25 5.7
3 1 26.5 -.25 8.75 18.4 -.25 5.7 20.4 -.25 5.7
3 1 26.5 -.25 8.75 14.8 -.25 5.7 18.4 -.25 5.7
3 1 26.5 -.25 8.75 12.9 -.25 5.7 14.8 -.25 5.7
3 1 26.5 -.25 8.75 10.4 -.25 5.7 12.9 -.25 5.7
3 1 0 -.25 8.75 5.3 -.25 5.7 7.7 -.25 5.7
4 1 7.7 -.25 5.7 10.4 -.25 5.7 26.5 -.25 8.75 0 -.25 8.75

1 16 -26.5 0 7.75 0 0 -1 0 -1 0 1 0 0 1-4chrd.dat
1 16 -26.5 0 -7.75 -1 0 0 0 -1 0 0 0 -1 1-4chrd.dat
1 16 26.5 0 -7.75 0 0 1 0 -1 0 -1 0 0 1-4chrd.dat
1 16 26.5 0 7.75 1 0 0 0 -1 0 0 0 1 1-4chrd.dat
4 16 -26.5 0 8.75 -26.5 0 -8.75 -27.5 0 -7.75 -27.5 0 7.75
4 16 26.5 0 -8.75 -26.5 0 -8.75 -26.5 0 8.75 26.5 0 8.75
4 16 26.5 0 -8.75 26.5 0 8.75 27.5 0 7.75 27.5 0 -7.75

1 16 -26.5 -.25 7.75 0 0 -1 0 .25 0 1 0 0 1-4cyli.dat
1 16 -26.5 -.25 -7.75 -1 0 0 0 .25 0 0 0 -1 1-4cyli.dat
1 16 26.5 -.25 -7.75 0 0 1 0 .25 0 -1 0 0 1-4cyli.dat
1 16 26.5 -.25 7.75 1 0 0 0 .25 0 0 0 1 1-4cyli.dat
4 16 26.5 -.25 -8.75 -26.5 -.25 -8.75 -26.5 0 -8.75 26.5 0 -8.75
4 16 27.5 -.25 7.75 27.5 -.25 -7.75 27.5 0 -7.75 27.5 0 7.75
4 16 -26.5 -.25 8.75 26.5 -.25 8.75 26.5 0 8.75 -26.5 0 8.75
4 16 -27.5 -.25 -7.75 -27.5 -.25 7.75 -27.5 0 7.75 -27.5 0 -7.75
