0 Sticker  1.7 x  1.7 Round with Black Atlantis Trident
0 Name: 4614385g.dat
0 Author: Evert-Jan Boer [ejboer]
0 !LDRAW_ORG Unofficial_Part
0 !LICENSE Licensed under CC BY 4.0 : see CAreadme.txt

0 BFC CERTIFY CCW

0 !KEYWORDS City of Atlantis, Set 7985

1 16 0 0 0 18 0 0 0 -0.25 0 0 0 18 48\4-4cylc3.dat

4 0 -7 -.25 11 -7 -.25 -8.6 -5.5 -.25 4 -5.7 -.25 10
4 0 -5.7 -.25 10 -5.5 -.25 4 -4.7 -.25 4.45 -4.4 -.25 8.8
4 0 -4.4 -.25 8.8 -4.7 -.25 4.45 -3.8 -.25 5.1 -3.8 -.25 8.1
3 0 -5.5 -.25 -6.2 -5.5 -.25 4 -7 -.25 -8.6
4 0 -5.5 -.25 -6.2 -7 -.25 -8.6 -5.5 -.25 -8.9 -1.2 -.25 -6.2
3 0 -1.2 -.25 -6.2 -5.5 -.25 -8.9 -4.1 -.25 -9.3
3 0 -1.2 -.25 -6.2 -4.1 -.25 -9.3 -2.4 -.25 -10.2
4 0 -1 -.25 -13.95 0 -.25 -14 -1.2 -.25 -6.2 -1.7 -.25 -13.65
4 0 -2.2 -.25 -12.6 -1.7 -.25 -13.65 -1.2 -.25 -6.2 -2.4 -.25 -10.2
4 0 5.5 -.25 4 7 -.25 -8.6 7 -.25 11 5.7 -.25 10
4 0 4.7 -.25 4.45 5.5 -.25 4 5.7 -.25 10 4.4 -.25 8.8
4 0 3.8 -.25 5.1 4.7 -.25 4.45 4.4 -.25 8.8 3.8 -.25 8.1
3 0 7 -.25 -8.6 5.5 -.25 4 5.5 -.25 -6.2
4 0 5.5 -.25 -8.9 7 -.25 -8.6 5.5 -.25 -6.2 1.2 -.25 -6.2
3 0 1.2 -.25 -6.2 4.1 -.25 -9.3 5.5 -.25 -8.9
3 0 1.2 -.25 -6.2 2.4 -.25 -10.2 4.1 -.25 -9.3
4 0 1.2 -.25 -6.2 0 -.25 -14 1 -.25 -13.95 1.7 -.25 -13.65
4 0 1.2 -.25 -6.2 1.7 -.25 -13.65 2.2 -.25 -12.6 2.4 -.25 -10.2
4 0 -1.2 -.25 -6.2 0 -.25 -14 1.2 -.25 -6.2 -1.2 -.25 -.3
3 0 1.2 -.25 -.3 -1.2 -.25 -.3 1.2 -.25 -6.2
4 0 -1.8 -.25 0 -1.2 -.25 -.3 1.2 -.25 -.3 1.8 -.25 0
4 0 -1.3 -.25 4.3 -1.8 -.25 3.3 1.8 -.25 3.3 1.3 -.25 4.3
4 0 .55 -.25 4.9 0 -.25 5 -.55 -.25 4.9 1.3 -.25 4.3
3 0 -.55 -.25 4.9 -1.3 -.25 4.3 1.3 -.25 4.3
4 0 1.8 -.25 3.3 -1.8 -.25 3.3 -1.8 -.25 0 1.8 -.25 0
4 4 -3.8 -.25 8.1 -.55 -.25 4.9 0 -.25 5 3.8 -.25 8.1
3 4 -3.8 -.25 8.1 -1.3 -.25 4.3 -.55 -.25 4.9
4 4 -1.8 -.25 3.3 -1.3 -.25 4.3 -3.8 -.25 8.1 -3.8 -.25 5.1
4 4 -1.8 -.25 3.3 -3.8 -.25 5.1 -4.7 -.25 4.45 -1.8 -.25 0
4 4 -1.8 -.25 0 -4.7 -.25 4.45 -5.5 -.25 4 -5.5 -.25 -6.2
4 4 -1.8 -.25 0 -5.5 -.25 -6.2 -1.2 -.25 -6.2 -1.2 -.25 -.3
3 4 0 -.25 5 .55 -.25 4.9 3.8 -.25 8.1
3 4 .55 -.25 4.9 1.3 -.25 4.3 3.8 -.25 8.1
4 4 3.8 -.25 8.1 1.3 -.25 4.3 1.8 -.25 3.3 3.8 -.25 5.1
4 4 4.7 -.25 4.45 3.8 -.25 5.1 1.8 -.25 3.3 1.8 -.25 0
4 4 5.5 -.25 4 4.7 -.25 4.45 1.8 -.25 0 5.5 -.25 -6.2
4 4 1.2 -.25 -6.2 5.5 -.25 -6.2 1.8 -.25 0 1.2 -.25 -.3
4 4 -18 -.25 0 -7 -.25 -8.6 -7 -.25 11 -17.8452 -.25 2.349
4 4 -17.3862 -.25 4.6584 -17.8452 -.25 2.349 -7 -.25 11 -16.6302 -.25 6.8886
4 4 -15.588 -.25 9 -16.6302 -.25 6.8886 -7 -.25 11 -14.2812 -.25 10.9584
4 4 -12.7278 -.25 12.7278 -14.2812 -.25 10.9584 -7 -.25 11 -10.9584 -.25 14.2812
4 4 -9 -.25 15.588 -10.9584 -.25 14.2812 -7 -.25 11 -6.8886 -.25 16.6302
4 4 -3.8 -.25 8.1 3.8 -.25 8.1 4.4 -.25 8.8 -4.4 -.25 8.8
4 4 -4.4 -.25 8.8 4.4 -.25 8.8 5.7 -.25 10 -5.7 -.25 10
4 4 -5.7 -.25 10 5.7 -.25 10 7 -.25 11 -7 -.25 11
4 4 -7 -.25 11 7 -.25 11 0 -.25 18 -2.349 -.25 17.8452
4 4 -7 -.25 11 -2.349 -.25 17.8452 -4.6584 -.25 17.3862 -6.8886 -.25 16.6302
4 4 2.349 -.25 17.8452 0 -.25 18 7 -.25 11 4.6584 -.25 17.3862
4 4 6.8886 -.25 16.6302 4.6584 -.25 17.3862 7 -.25 11 9 -.25 15.588
4 4 10.9584 -.25 14.2812 9 -.25 15.588 7 -.25 11 12.7278 -.25 12.7278
4 4 14.2812 -.25 10.9584 12.7278 -.25 12.7278 7 -.25 11 15.588 -.25 9
4 4 16.6302 -.25 6.8886 15.588 -.25 9 7 -.25 11 17.3862 -.25 4.6584
4 4 17.8452 -.25 2.349 17.3862 -.25 4.6584 7 -.25 11 18 -.25 0
4 4 18 -.25 0 7 -.25 11 7 -.25 -8.6 17.8452 -.25 -2.349
4 4 0 -.25 -18 0 -.25 -14 -1 -.25 -13.95 -2.349 -.25 -17.8452
4 4 1 -.25 -13.95 0 -.25 -14 0 -.25 -18 2.349 -.25 -17.8452
4 4 1.7 -.25 -13.65 1 -.25 -13.95 2.349 -.25 -17.8452 4.6584 -.25 -17.3862
4 4 2.2 -.25 -12.6 1.7 -.25 -13.65 4.6584 -.25 -17.3862 6.8886 -.25 -16.6302
4 4 2.4 -.25 -10.2 2.2 -.25 -12.6 6.8886 -.25 -16.6302 4.1 -.25 -9.3
4 4 5.5 -.25 -8.9 4.1 -.25 -9.3 6.8886 -.25 -16.6302 7 -.25 -8.6
4 4 7 -.25 -8.6 6.8886 -.25 -16.6302 9 -.25 -15.588 10.9584 -.25 -14.2812
4 4 -2.349 -.25 -17.8452 -1 -.25 -13.95 -1.7 -.25 -13.65 -4.6584 -.25 -17.3862
4 4 -4.6584 -.25 -17.3862 -1.7 -.25 -13.65 -2.2 -.25 -12.6 -6.8886 -.25 -16.6302
4 4 -6.8886 -.25 -16.6302 -2.2 -.25 -12.6 -2.4 -.25 -10.2 -4.1 -.25 -9.3
4 4 -6.8886 -.25 -16.6302 -4.1 -.25 -9.3 -5.5 -.25 -8.9 -7 -.25 -8.6
4 4 -9 -.25 -15.588 -6.8886 -.25 -16.6302 -7 -.25 -8.6 -10.9584 -.25 -14.2812
4 4 -12.7278 -.25 -12.7278 -10.9584 -.25 -14.2812 -7 -.25 -8.6 -14.2812 -.25 -10.9584
4 4 -15.588 -.25 -9 -14.2812 -.25 -10.9584 -7 -.25 -8.6 -16.6302 -.25 -6.8886
4 4 -17.3862 -.25 -4.6584 -16.6302 -.25 -6.8886 -7 -.25 -8.6 -17.8452 -.25 -2.349
3 4 -7 -.25 -8.6 -18 -.25 0 -17.8452 -.25 -2.349
4 4 7 -.25 -8.6 10.9584 -.25 -14.2812 12.7278 -.25 -12.7278 14.2812 -.25 -10.9584
4 4 7 -.25 -8.6 14.2812 -.25 -10.9584 15.588 -.25 -9 16.6302 -.25 -6.8886
4 4 7 -.25 -8.6 16.6302 -.25 -6.8886 17.3862 -.25 -4.6584 17.8452 -.25 -2.349
