0 Sticker  4.0 x  3.1 with Rocks and Atlantis Triangle Logo
0 Name: 4614385e.dat
0 Author: Evert-Jan Boer [ejboer]
0 !LDRAW_ORG Unofficial_Part
0 !LICENSE Licensed under CC BY 4.0 : see CAreadme.txt

0 BFC CERTIFY CCW

0 !KEYWORDS City of Atlantis, Set 7985

1 71 4.9 -.25 48.3 .92388 0 -.38268 0 1 0 .38268 0 .92388 3-16chrd.dat
1 71 2.5 -.25 48.3 0 0 -1 0 1 0 1 0 0 1-8chrd.dat
1 71 16.1 -.25 16.9 .92388 0 -.38268 0 1 0 .38268 0 .92388 3-16chrd.dat
1 71 13.25 -.25 18.9 0 0 -1 0 1 0 -1 0 0 3-16ndis.dat
1 71 -25.6 -.25 -31.55 -1 0 0 0 1 0 0 0 -1 1-4chrd.dat
1 71 35.05 -.25 -33.85 .55557 0 .83147 0 1 0 -.83147 0 .55557 3-16chrd.dat
3 71 -13.1 -.25 22 -16 -.25 21.7 -14 -.25 20.4
3 71 -11.7 -.25 24 -16 -.25 21.7 -13.1 -.25 22
4 71 5.8239 -.25 48.6827 3.5 -.25 43.9 2.7 -.25 40.3 11.4 -.25 22
4 71 2.7 -.25 40.3 3.5 -.25 43.9 2.8 -.25 42.4 2.7 -.25 41.2
4 71 .4 -.25 39.6 1.6 -.25 39.8 2.7 -.25 41.2 2.8 -.25 42.4
3 71 1.6 -.25 39.8 .4 -.25 39.6 1.1 -.25 38
4 71 .4 -.25 39.6 -1.1 -.25 36.6 .2 -.25 35.9 1.1 -.25 38
4 71 -1.1 -.25 33.8 .2 -.25 35.9 -1.1 -.25 36.6 -2.3 -.25 34.3
4 71 -2.3 -.25 34.3 -3.5 -.25 31.7 -2.4 -.25 31.5 -1.1 -.25 33.8
4 71 -4.1 -.25 29.7 -2.7 -.25 30.5 -2.4 -.25 31.5 -3.5 -.25 31.7
4 71 -1.7 -.25 30 -2.7 -.25 30.5 -4.1 -.25 29.7 -2.9 -.25 28.4
4 71 -2.9 -.25 28.4 -1 -.25 29.6 0 -.25 31 -1.7 -.25 30
3 71 0 -.25 31 -1 -.25 29.6 .1 -.25 30
4 71 .1 -.25 30 11.4 -.25 22 .3 -.25 32.3 0 -.25 31
3 71 1 -.25 34.5 .3 -.25 32.3 11.4 -.25 22
3 71 1.7 -.25 36.9 1 -.25 34.5 11.4 -.25 22
4 71 1.7 -.25 36.9 11.4 -.25 22 2.7 -.25 40.3 2.1 -.25 38.8
4 71 9.9 -.25 17.9 11.4 -.25 22 -.3 -.25 27.7 0 -.25 25.6
3 71 .1 -.25 30 -.3 -.25 27.7 11.4 -.25 22
4 71 4.7 -.25 17.7 0 -.25 25.6 -.4 -.25 24 1.9 -.25 17.8
4 71 9.9 -.25 17.9 0 -.25 25.6 4.7 -.25 17.7 6.2 -.25 17.6
4 71 8 -.25 17 9.9 -.25 17.9 6.2 -.25 17.6 6.8 -.25 17.3
4 71 9.9 -.25 17.9 8 -.25 17 9 -.25 16.9 9.5 -.25 17.3
4 71 -2.9 -.25 28.4 -4.1 -.25 29.7 -5.4 -.25 28.2 -3.9 -.25 27.5
4 71 -3.9 -.25 27.5 -5.4 -.25 28.2 -6.6 -.25 27.6 -5.4 -.25 26.5
4 71 -6.3 -.25 24.8 -5.4 -.25 26.5 -6.6 -.25 27.6 -7.4 -.25 26.5
4 71 -7.4 -.25 26.5 -8 -.25 25 -7.2 -.25 22.7 -6.3 -.25 24.8
3 71 -8 -.25 25 -8.4 -.25 23 -7.2 -.25 22.7
4 71 -10.1 -.25 20.8 -8.6 -.25 21.2 -8.4 -.25 23 -9.4 -.25 22
4 71 -8.4 -.25 23 -8.6 -.25 21.2 -6.6 -.25 21.4 -7.2 -.25 22.7
4 71 -7.2 -.25 22.7 -6.6 -.25 21.4 -4.4 -.25 21.4 -5 -.25 23.4
4 71 -2.7 -.25 20.4 -3 -.25 23.3 -5 -.25 23.4 -4.4 -.25 21.4
3 71 -3 -.25 23.3 -2.7 -.25 20.4 -1.5 -.25 23.2
4 71 -2.7 -.25 20.4 -2 -.25 19.6 -.4 -.25 24 -1.5 -.25 23.2
4 71 1.4 -.25 17.5 1.9 -.25 17.8 -.4 -.25 24 -2 -.25 19.6
4 71 -2 -.25 19.6 -1.8 -.25 18.9 0 -.25 17.3 1.4 -.25 17.5
3 71 -1.8 -.25 18.9 -.8 -.25 16.9 0 -.25 17.3
4 71 -1.8 -.25 18.9 -3 -.25 18.2 -1.9 -.25 16.8 -.8 -.25 16.9
4 71 -3 -.25 16.3 -1.9 -.25 16.8 -3 -.25 18.2 -4.4 -.25 17
4 71 -3 -.25 16.3 -4.4 -.25 17 -5.8 -.25 15 -3.5 -.25 15.9
4 71 -4.6 -.25 14.1 -3.6 -.25 15.1 -3.5 -.25 15.9 -5.8 -.25 15
3 71 -2 -.25 19.6 -2.9 -.25 19.6 -1.8 -.25 18.9
4 71 -4.1 -.25 19.7 -4.2 -.25 18.7 -1.8 -.25 18.9 -2.9 -.25 19.6
4 71 -6.1 -.25 18.2 -4.2 -.25 18.7 -4.1 -.25 19.7 -6 -.25 19.5
4 71 -6 -.25 19.5 -7.8 -.25 19.1 -7.8 -.25 17.6 -6.1 -.25 18.2
3 71 -7.8 -.25 19.1 -9.1 -.25 17.7 -7.8 -.25 17.6
4 71 -7.8 -.25 19.1 -9.7 -.25 18.6 -10.4 -.25 17.8 -9.1 -.25 17.7
4 71 -11.5 -.25 16.6 -10.4 -.25 17.8 -9.7 -.25 18.6 -12.6 -.25 18.9
4 71 -12.2 -.25 14.8 -11.5 -.25 16.6 -12.6 -.25 18.9 -13.1 -.25 16.5
4 71 -12.5 -.25 12.5 -12.2 -.25 14.8 -13.1 -.25 16.5 -13.6 -.25 13.3
4 71 -11.9 -.25 10.5 -12.5 -.25 12.5 -13.6 -.25 13.3 -13.9 -.25 9.3
3 71 -11.9 -.25 10.5 -13.9 -.25 9.3 -11.3 -.25 9.8
4 71 -8.8 -.25 14.9 -10 -.25 15.1 -10.9 -.25 14.3 -9 -.25 13.9
3 71 -10.9 -.25 14.3 -11.2 -.25 12.5 -9 -.25 13.9
4 71 -11.2 -.25 12.5 -11.9 -.25 10.5 -11.3 -.25 9.8 -9 -.25 13.9
4 71 -11.3 -.25 9.8 -10.1 -.25 9.5 -9.3 -.25 9.7 -9 -.25 13.9
4 71 -8.3 -.25 13.7 -9 -.25 13.9 -9.3 -.25 9.7 -8.5 -.25 10.2
4 71 -8.5 -.25 10.2 -7.3 -.25 11.6 -7.1 -.25 13.9 -8.3 -.25 13.7
4 71 -7.3 -.25 11.6 -6.2 -.25 12.6 -5.8 -.25 15 -7.1 -.25 13.9
3 71 -5.8 -.25 15 -6.2 -.25 12.6 -4.6 -.25 14.1
4 71 -17.4 -.25 18.6 -14.5 -.25 19.1 -14 -.25 20.4 -16 -.25 21.7
4 71 -20.8 -.25 -13.3 -14.8 -.25 16.4 -14.5 -.25 19.1 -17.4 -.25 18.6
4 71 -14.8 -.25 16.4 -20.8 -.25 -13.3 -15.2 -.25 10.2 -14.9 -.25 13.4
3 71 -15.2 -.25 10.2 -20.8 -.25 -13.3 -15.7 -.25 6.1
3 71 -15.7 -.25 6.1 -20.8 -.25 -13.3 -16.1 -.25 2.8
4 71 -16.1 -.25 2.8 -20.8 -.25 -13.3 -17.1 -.25 -5.8 -16.6 -.25 -1.8
4 71 -18.1 -.25 -12.3 -17.5 -.25 -8.5 -17.1 -.25 -5.8 -20.8 -.25 -13.3
4 71 -14.5 -.25 2.5 -14.9 -.25 -.1 -13.9 -.25 .8 -13.8 -.25 2.4
3 71 -13.9 -.25 .8 -14.9 -.25 -.1 -14.1 -.25 -1
4 71 -14.4 -.25 -3.1 -14.1 -.25 -1 -14.9 -.25 -.1 -15.3 -.25 -2.7
4 71 -14.4 -.25 -3.1 -15.3 -.25 -2.7 -15.2 -.25 -5.7 -14.4 -.25 -4.7
4 71 -14.4 -.25 -7.3 -13.5 -.25 -6.2 -14.4 -.25 -4.7 -15.2 -.25 -5.7
4 71 -13.5 -.25 -6.2 -14.4 -.25 -7.3 -14.4 -.25 -8.4 -12.7 -.25 -7.9
4 71 -12.7 -.25 -7.9 -14.4 -.25 -8.4 -14.9 -.25 -10.8 -13.5 -.25 -10.4
4 71 -16 -.25 -13 -13.7 -.25 -12.7 -13.5 -.25 -10.4 -14.9 -.25 -10.8
4 71 -16 -.25 -13 -14.7 -.25 -15.2 -13.3 -.25 -13.8 -13.7 -.25 -12.7
4 71 -11.9 -.25 -14.2 -13.3 -.25 -13.8 -14.7 -.25 -15.2 -13.7 -.25 -15.6
3 71 -11.9 -.25 -14.2 -13.7 -.25 -15.6 -12.7 -.25 -17.2
3 71 17.1 -.25 7.7 16.7 -.25 7.1 17.4 -.25 6.4
3 71 17.3 -.25 6 16.9 -.25 5.6 17.8 -.25 5.2
3 71 17.4 -.25 6.4 17.3 -.25 6 17.8 -.25 5.2
4 71 16.7 -.25 4.3 17.1 -.25 3.9 17.7 -.25 4.9 16.8 -.25 4.7
4 71 16.1 -.25 2 17.1 -.25 1.8 17 -.25 2.8 16.3 -.25 2.5
4 71 17.2 -.25 -.6 18.4 -.25 -.7 17.6 -.25 .9 17.1 -.25 .3
4 71 18.4 -.25 -.7 21.2 -.25 -4.8 17.8 -.25 5.2 17.7 -.25 4.9
4 71 18.4 -.25 -.7 17.7 -.25 4.9 17.1 -.25 3.9 17.6 -.25 .9
4 71 17.1 -.25 1.8 17.6 -.25 .9 17.1 -.25 3.9 17 -.25 2.8
3 71 17.1 -.25 1.8 17.2 -.25 1.2 17.6 -.25 .9
4 71 -1.6 -.25 12.9 -.8 -.25 13.1 -1.4 -.25 13.9 -1.8 -.25 13.6
3 71 -1.4 -.25 13.9 -.8 -.25 13.1 -.6 -.25 13.8
4 71 -.8 -.25 13.1 -1.6 -.25 12.9 -2.5 -.25 12.1 -1.7 -.25 11.7
4 71 -3.2 -.25 11.4 -2.8 -.25 10.6 -1.7 -.25 11.7 -2.5 -.25 12.1
4 71 -3.6 -.25 10 -2.8 -.25 10.6 -3.2 -.25 11.4 -4.1 -.25 11.1
4 71 -3.6 -.25 10 -4.1 -.25 11.1 -5.1 -.25 10.4 -4.4 -.25 9.9
4 71 -4.4 -.25 9.9 -5.1 -.25 10.4 -5.5 -.25 9.3 -4.3 -.25 9.2
4 71 -3.5 -.25 8.6 -4.3 -.25 9.2 -5.5 -.25 9.3 -4.3 -.25 7.7
4 71 -5.5 -.25 9.3 -6.1 -.25 8.4 -6.1 -.25 7.2 -4.3 -.25 7.7
4 71 -6.2 -.25 6.4 -4.5 -.25 6.6 -4.3 -.25 7.7 -6.1 -.25 7.2
4 71 -4.5 -.25 6.6 -6.2 -.25 6.4 -6.1 -.25 5 -5.1 -.25 5.6
4 71 -6.7 -.25 5.8 -7.5 -.25 5.5 -8.1 -.25 4.7 -6.9 -.25 4.6
3 71 -8.1 -.25 4.7 -7.5 -.25 3.9 -6.9 -.25 4.6
4 71 -8.1 -.25 4.7 -7.9 -.25 2.5 -6.9 -.25 2.5 -7.5 -.25 3.9
4 71 -6.2 -.25 3.7 -7.5 -.25 3.9 -6.9 -.25 2.5 -6.3 -.25 2.9
4 71 -6.5 -.25 2.1 -6.9 -.25 2.5 -7.9 -.25 2.5 -7.2 -.25 1.9
3 71 -6.5 -.25 2.1 -7.2 -.25 1.9 -6.4 -.25 1.6
4 71 -6.4 -.25 1.6 -7.2 -.25 1.9 -7.7 -.25 1.3 -7.4 -.25 .9
4 71 -7.2 -.25 -.4 -6.5 -.25 -.2 -7.4 -.25 .9 -7.6 -.25 .4
3 71 -6.4 -.25 1.6 -7.4 -.25 .9 -6.5 -.25 -.2
4 71 -6.3 -.25 -.9 -6.8 -.25 -1.5 -5.2 -.25 -1.7 -5.5 -.25 -1
3 71 -6.8 -.25 -1.5 -6.4 -.25 -2.2 -5.2 -.25 -1.7
4 71 -5.2 -.25 -1.7 -6.4 -.25 -2.2 -6.2 -.25 -2.9 -4.8 -.25 -2.4
4 71 -4 -.25 -2.7 -4.8 -.25 -2.4 -6.2 -.25 -2.9 -5.7 -.25 -3.3
4 71 -4 -.25 -2.7 -5.7 -.25 -3.3 -6.2 -.25 -3.5 -4.6 -.25 -5.2
4 71 -2.9 -.25 -2.8 -4 -.25 -2.7 -4.6 -.25 -5.2 -3.1 -.25 -6.3
4 71 -3.1 -.25 -6.3 -2 -.25 -6.2 -1.2 -.25 -6 -2.9 -.25 -2.8
4 71 -.7 -.25 -2.9 -2.9 -.25 -2.8 -1.2 -.25 -6 -.5 -.25 -5.5
4 71 -.7 -.25 -2.9 -.5 -.25 -5.5 2.5 -.25 -7 3 -.25 -2.9
4 71 -.5 -.25 -5.5 -.5 -.25 -6.7 -.1 -.25 -7.4 2.5 -.25 -7
4 71 2.5 -.25 -7 -.1 -.25 -7.4 1.5 -.25 -7.5 2.2 -.25 -7.4
3 71 -.1 -.25 -7.4 .6 -.25 -7.8 1.5 -.25 -7.5
4 71 3.1 -.25 -7.5 4 -.25 -3.2 3 -.25 -2.9 2.5 -.25 -7
4 71 5.5 -.25 -6.7 4 -.25 -3.2 3.1 -.25 -7.5 4.8 -.25 -7.5
4 71 5.5 -.25 -6.7 5.9 -.25 -6.4 6.2 -.25 -3.2 4 -.25 -3.2
4 71 8.3 -.25 -3.4 6.2 -.25 -3.2 5.9 -.25 -6.4 7.1 -.25 -7
4 71 9 -.25 -6.2 9.2 -.25 -3.9 8.3 -.25 -3.4 7.1 -.25 -7
4 71 9.2 -.25 -3.9 9 -.25 -6.2 10.5 -.25 -5.5 9.9 -.25 -4.1
3 71 5.9 -.25 -6.4 6.1 -.25 -7.3 7.1 -.25 -7
4 71 9.9 -.25 -4.1 10.5 -.25 -5.5 11.7 -.25 -4 10.4 -.25 -3.4
4 71 12.9 -.25 -3.3 11.4 -.25 -3.2 10.4 -.25 -3.4 11.7 -.25 -4
4 71 11.7 -.25 -4 13.1 -.25 -3.9 13.8 -.25 -3.4 12.9 -.25 -3.3
3 71 13.8 -.25 -3.4 13.1 -.25 -3.9 13.7 -.25 -4.3
3 71 13.9 -.25 2.7 13.5 -.25 2.3 13.9 -.25 1.8
4 71 13.9 -.25 1.8 14.9 -.25 1.5 14.9 -.25 3 13.9 -.25 2.7
4 71 13.9 -.25 2.7 14.9 -.25 3 13.5 -.25 4.1 13.4 -.25 3.3
4 71 14.9 -.25 3 14.9 -.25 5.5 14.5 -.25 5.7 13.5 -.25 4.1
4 71 13.5 -.25 4.1 14.5 -.25 5.7 14.4 -.25 6.8 13 -.25 4.7
4 71 14.4 -.25 6.8 14 -.25 7.1 12.1 -.25 6.2 13 -.25 4.7
4 71 12.1 -.25 6.2 14 -.25 7.1 14 -.25 8.2 11.7 -.25 6.5
4 71 14 -.25 8.2 10.9 -.25 7.7 10.4 -.25 7.2 11.7 -.25 6.5
3 71 14 -.25 8.2 14 -.25 7.1 14.5 -.25 7.3
4 71 11.7 -.25 6.5 10.4 -.25 7.2 10.1 -.25 6.7 10.4 -.25 6.5
4 71 13.5 -.25 9.2 10.4 -.25 7.9 10.9 -.25 7.7 14 -.25 8.2
4 71 10.4 -.25 7.9 13.5 -.25 9.2 13.1 -.25 10.1 10 -.25 8.8
4 71 9.5 -.25 9.6 10 -.25 8.8 13.1 -.25 10.1 12.3 -.25 10.8
4 71 9.3 -.25 10.8 9.5 -.25 9.6 12.3 -.25 10.8 11.4 -.25 11.8
4 71 8.7 -.25 11.3 9.3 -.25 10.8 11.4 -.25 11.8 9.9 -.25 13.2
4 71 7.1 -.25 11.5 8.7 -.25 11.3 9.9 -.25 13.2 8.8 -.25 13.4
4 71 7.3 -.25 13.8 7.1 -.25 11.5 8.8 -.25 13.4 7.9 -.25 13.9
3 71 7.3 -.25 13.8 5.8 -.25 11.1 7.1 -.25 11.5
4 71 5.8 -.25 11.1 7.3 -.25 13.8 6.8 -.25 14.6 5.9 -.25 14.6
4 71 5 -.25 10.8 5.8 -.25 11.1 5.9 -.25 14.6 4.6 -.25 14.7
4 71 4.6 -.25 14.7 4.1 -.25 14.3 3.3 -.25 13.4 5 -.25 10.8
3 71 3.3 -.25 13.4 2.4 -.25 11.8 5 -.25 10.8
3 71 2.4 -.25 11.8 1.3 -.25 10.6 5 -.25 10.8
4 71 1.3 -.25 10.6 .5 -.25 9 5.9 -.25 10.1 5 -.25 10.8
4 71 6.5 -.25 8.3 6.4 -.25 9.2 5.9 -.25 10.1 .5 -.25 9
4 71 -1.3 -.25 6.2 6.5 -.25 8.3 .5 -.25 9 -.3 -.25 7.9
4 71 7.9 -.25 7.1 7.1 -.25 7.9 6.5 -.25 8.3 -1.3 -.25 6.2
3 71 7.9 -.25 7.1 -1.3 -.25 6.2 8.3 -.25 6.3
4 71 8.3 -.25 6.3 -1.3 -.25 6.2 5 -.25 .1 8.6 -.25 5.5
4 71 6.9 -.25 .2 8.6 -.25 5.5 5 -.25 .1 5.8 -.25 -.1
4 71 8.6 -.25 5.5 6.9 -.25 .2 9.8 -.25 3.4 9.2 -.25 4.8
3 71 9.8 -.25 3.4 6.9 -.25 .2 9 -.25 .2
4 71 9 -.25 .2 10 -.25 .5 10.5 -.25 1.8 9.8 -.25 3.4
3 71 9.8 -.25 3.4 10.5 -.25 1.8 10.3 -.25 2.9
4 71 10.8 -.25 .4 10.8 -.25 1.4 10.5 -.25 1.8 10 -.25 .5
3 71 10.8 -.25 1.4 10.8 -.25 .4 11.3 -.25 .8
3 71 9.2 -.25 4.8 9.8 -.25 3.4 9.9 -.25 3.9
3 71 10.3 -.25 2.9 10.5 -.25 1.8 10.8 -.25 2.4
3 71 -1.3 -.25 6.2 4 -.25 -.1 5 -.25 .1
4 71 .2 -.25 -.5 3.2 -.25 -.5 4 -.25 -.1 -1.3 -.25 6.2
4 71 -1.8 -.25 .2 -1.3 -.25 -.2 .2 -.25 -.5 -1.3 -.25 6.2
4 71 -2.5 -.25 4.3 -2.7 -.25 1.6 -1.8 -.25 .2 -1.3 -.25 6.2
3 71 -1.3 -.25 6.2 -2.1 -.25 5.4 -2.5 -.25 4.3
3 71 -2.5 -.25 4.3 -3.5 -.25 3.1 -2.7 -.25 1.6
4 71 -3.9 -.25 2 -3.6 -.25 1.6 -2.7 -.25 1.6 -3.5 -.25 3.1
4 71 -3 -.25 .6 -2.6 -.25 0 -1.8 -.25 .2 -2.7 -.25 1.6
4 71 -3.7 -.25 0 -3.3 -.25 -.2 -2.6 -.25 0 -3 -.25 .6
4 71 -10.3 -.25 7.9 -10.4 -.25 8.8 -11.3 -.25 9.8 -13.9 -.25 9.3
4 71 -14.3 -.25 5.6 -10.3 -.25 6.7 -10.3 -.25 7.9 -13.9 -.25 9.3
4 71 -11.5 -.25 4 -10.9 -.25 4.4 -10.3 -.25 6.7 -14.3 -.25 5.6
4 71 -13.8 -.25 2.4 -12.8 -.25 2.6 -11.5 -.25 4 -14.3 -.25 5.6
3 71 -14.3 -.25 5.6 -14.5 -.25 2.5 -13.8 -.25 2.4
4 71 -11.2 -.25 2.5 -10.6 -.25 2.8 -10.8 -.25 3.9 -11.5 -.25 4
4 71 -12.4 -.25 1.7 -11.2 -.25 2.5 -11.5 -.25 4 -12.8 -.25 2.6
4 71 -11.2 -.25 2.5 -12.4 -.25 1.7 -11.9 -.25 .3 -11.2 -.25 1.4
4 71 -12 -.25 -1 -11.2 -.25 -.3 -11.2 -.25 1.4 -11.9 -.25 .3
3 71 -11.2 -.25 -.3 -12 -.25 -1 -10.8 -.25 -.9
4 71 -10.3 -.25 -1.8 -10.8 -.25 -.9 -12 -.25 -1 -12.7 -.25 -2.6
4 71 -9.6 -.25 -3.2 -10.3 -.25 -1.8 -12.7 -.25 -2.6 -13.2 -.25 -4
4 71 -8.7 -.25 -5 -9.6 -.25 -3.2 -13.2 -.25 -4 -12.4 -.25 -5.1
3 71 -8.7 -.25 -5 -12.4 -.25 -5.1 -10.3 -.25 -6.5
4 71 -8.7 -.25 -5 -10.3 -.25 -6.5 -8.5 -.25 -7.3 -7.8 -.25 -6.5
4 71 -6.9 -.25 -8.6 -6 -.25 -8.2 -7.8 -.25 -6.5 -8.5 -.25 -7.3
4 71 -6 -.25 -8.2 -6.9 -.25 -8.6 -5.3 -.25 -10.4 -4.9 -.25 -9.3
3 71 -4.9 -.25 -9.3 -5.3 -.25 -10.4 -4.5 -.25 -10
4 71 -15.4 -.25 -16.7 -14.7 -.25 -15.2 -16 -.25 -13 -16.3 -.25 -15.6
4 71 -15.4 -.25 -16.7 -16.3 -.25 -15.6 -16.5 -.25 -18.2 -15.6 -.25 -18.6
4 71 -15.7 -.25 -21.1 -15.6 -.25 -18.6 -16.5 -.25 -18.2 -16.9 -.25 -21
4 71 -15.7 -.25 -21.1 -16.9 -.25 -21 -17.1 -.25 -23.3 -15.9 -.25 -23.2
4 71 -17.9 -.25 -24.7 -16.4 -.25 -24.8 -15.9 -.25 -23.2 -17.1 -.25 -23.3
4 71 -15 -.25 -26 -16.4 -.25 -24.8 -17.9 -.25 -24.7 -18 -.25 -26.6
4 71 -18.7 -.25 -27.9 -18 -.25 -26.6 -17.9 -.25 -24.7 -19.9 -.25 -26.7
4 71 -18.7 -.25 -27.9 -16.3 -.25 -28.8 -15.5 -.25 -27.7 -18 -.25 -26.6
4 71 -14.2 -.25 -30.5 -13.4 -.25 -29.1 -15.5 -.25 -27.7 -16.3 -.25 -28.8
4 71 -13.4 -.25 -29.1 -14.2 -.25 -30.5 -12.9 -.25 -31.8 -11.7 -.25 -30.6
3 71 -11.7 -.25 -30.6 -12.9 -.25 -31.8 -10.9 -.25 -31.3
3 71 -10.9 -.25 -31.3 -12.9 -.25 -31.8 -9.5 -.25 -31.7
4 71 -12.4 -.25 -25.6 -13.9 -.25 -24.7 -16.4 -.25 -24.8 -15 -.25 -26
3 71 -12.1 -.25 -24 -13.9 -.25 -24.7 -12.4 -.25 -25.6
4 71 -12.4 -.25 -25.6 -10.5 -.25 -25 -10.5 -.25 -23.5 -12.1 -.25 -24
4 71 -10.5 -.25 -25 1.9 -.25 -12.5 .9 -.25 -11.6 -10.5 -.25 -23.5
4 71 -10.5 -.25 -23.5 .9 -.25 -11.6 -12.2 -.25 -19.1 -11.9 -.25 -21
4 71 -2 -.25 -10.3 -12.2 -.25 -19.1 .9 -.25 -11.6 -.8 -.25 -10.8
4 71 -4.5 -.25 -10 -12.2 -.25 -19.1 -2 -.25 -10.3 -3.4 -.25 -9.9
3 71 -4.5 -.25 -10 -5.3 -.25 -10.4 -12.2 -.25 -19.1
3 71 -5.3 -.25 -10.4 -6.2 -.25 -10.8 -12.2 -.25 -19.1
4 71 -6.2 -.25 -10.8 -7.6 -.25 -10.7 -9.2 -.25 -12.3 -12.2 -.25 -19.1
3 71 -9.2 -.25 -12.3 -10.8 -.25 -13.6 -12.2 -.25 -19.1
4 71 -10.8 -.25 -13.6 -11.9 -.25 -14.2 -12.7 -.25 -17.2 -12.2 -.25 -19.1
4 71 -20.3 -.25 -19.7 -19.1 -.25 -16.2 -18.1 -.25 -12.3 -20.8 -.25 -13.3
4 71 -26.1 -.25 -26.9 -21.4 -.25 -22.4 -20.3 -.25 -19.7 -20.8 -.25 -13.3
4 71 -23.5 -.25 -27.6 -22.2 -.25 -24.7 -21.4 -.25 -22.4 -26.1 -.25 -26.9
3 71 -26.1 -.25 -26.9 -24.2 -.25 -29.5 -23.5 -.25 -27.6
4 71 8.2 -.25 -32.6 9.6 -.25 -32.8 10.2 -.25 -30.2 9 -.25 -31.2
4 71 9 -.25 -31.2 10.2 -.25 -30.2 9.1 -.25 -28.3 8.9 -.25 -30
4 71 11.9 -.25 -28.9 11.1 -.25 -28.1 9.1 -.25 -28.3 10.2 -.25 -30.2
4 71 14.1 -.25 -27.8 13.2 -.25 -27.2 11.1 -.25 -28.1 11.9 -.25 -28.9
4 71 15.4 -.25 -27 14.4 -.25 -26 13.2 -.25 -27.2 14.1 -.25 -27.8
4 71 14.7 -.25 -24.8 14.4 -.25 -26 15.4 -.25 -27 16 -.25 -25.6
4 71 16 -.25 -25.6 15.4 -.25 -24.6 14.1 -.25 -23.6 14.7 -.25 -24.8
4 71 7.5 -.25 -27.6 7.4 -.25 -29.6 8.9 -.25 -30 9.1 -.25 -28.3
4 71 7.4 -.25 -29.6 7.5 -.25 -27.6 6.1 -.25 -26.3 6.3 -.25 -28.8
4 71 6.3 -.25 -28.8 6.1 -.25 -26.3 4.4 -.25 -26.5 4.7 -.25 -28.3
4 71 2.8 -.25 -26.2 4.4 -.25 -26.5 6.1 -.25 -26.3 6.1 -.25 -24.5
3 71 22.1 -.25 -32.8 19.7 -.25 -32.8 24.5 -.25 -33.2
4 71 8.4 -.25 -16.9 1.9 -.25 -12.5 -10.5 -.25 -25 -8.9 -.25 -25
4 71 8.4 -.25 -16.9 -8.9 -.25 -25 8.2 -.25 -19.1 8.8 -.25 -17.5
3 71 8.2 -.25 -19.1 -8.9 -.25 -25 7 -.25 -21.6
4 71 -7.5 -.25 -25.9 6.1 -.25 -24.5 7 -.25 -21.6 -8.9 -.25 -25
4 71 -7.5 -.25 -25.9 -5.6 -.25 -26.4 .9 -.25 -26.4 6.1 -.25 -24.5
3 71 6.1 -.25 -24.5 .9 -.25 -26.4 2.8 -.25 -26.2
4 71 -5.6 -.25 -26.4 -3.9 -.25 -27.1 -2.2 -.25 -27.6 -1 -.25 -27.1
3 71 .9 -.25 -26.4 -5.6 -.25 -26.4 -1 -.25 -27.1
3 71 16.7 -.25 -26.4 17 -.25 -28.7 19 -.25 -28.7
4 71 16.7 -.25 -26.4 19 -.25 -28.7 20.3 -.25 -29.2 16.5 -.25 -24.6
4 71 26.7 -.25 -31.9 21.2 -.25 -4.8 16.5 -.25 -24.6 20.3 -.25 -29.2
4 71 8.4 -.25 -16.9 8.7 -.25 -15.5 1.9 -.25 -11.2 1.9 -.25 -12.5
4 71 1.9 -.25 -11.2 8.7 -.25 -15.5 4.4 -.25 -10.2 3 -.25 -10.7
3 71 6.1 -.25 -9.9 4.4 -.25 -10.2 8.7 -.25 -15.5
3 71 7.8 -.25 -9.4 6.1 -.25 -9.9 8.7 -.25 -15.5
4 71 7.8 -.25 -9.4 8.7 -.25 -15.5 10.3 -.25 -15.5 9.5 -.25 -8.7
3 71 10.9 -.25 -8.1 9.5 -.25 -8.7 10.3 -.25 -15.5
4 71 10.9 -.25 -8.1 10.3 -.25 -15.5 21.2 -.25 -4.8 12 -.25 -7.3
3 71 21.2 -.25 -4.8 13.1 -.25 -6.2 12 -.25 -7.3
4 71 15.3 -.25 -4 14.2 -.25 -5 13.1 -.25 -6.2 21.2 -.25 -4.8
3 71 16.3 -.25 -3 15.3 -.25 -4 21.2 -.25 -4.8
3 71 17.1 -.25 -2.2 16.3 -.25 -3 21.2 -.25 -4.8
3 71 18.1 -.25 -1.1 17.1 -.25 -2.2 21.2 -.25 -4.8
3 71 18.4 -.25 -.7 18.1 -.25 -1.1 21.2 -.25 -4.8
3 71 21.2 -.25 -4.8 10.3 -.25 -15.5 10.8 -.25 -16.6
4 71 10.8 -.25 -16.6 10.9 -.25 -18.7 11.4 -.25 -20.4 21.2 -.25 -4.8
4 71 14.1 -.25 -23.6 21.2 -.25 -4.8 11.4 -.25 -20.4 12.3 -.25 -21.7
4 71 16.5 -.25 -24.6 21.2 -.25 -4.8 14.1 -.25 -23.6 15.4 -.25 -24.6
4 71 26.7 -.25 -31.9 20.3 -.25 -29.2 22.3 -.25 -31.2 24.3 -.25 -31.8
3 71 21.2 -.25 -4.8 26.7 -.25 -31.9 28.9 -.25 -32.5
4 71 -24.2 -.25 -29.5 -26.1 -.25 -26.9 -26.6 -.25 -31.55 -24.5 -.25 -30.8
4 71 -26.6 -.25 -31.55 -25.6 -.25 -32.55 -20.4 -.25 -30.7 -24.5 -.25 -30.8
3 71 -20.4 -.25 -30.7 -25.6 -.25 -32.55 -18.7 -.25 -31.1
4 71 -18.7 -.25 -31.1 -25.6 -.25 -32.55 -12.9 -.25 -31.8 -15.6 -.25 -31.3
4 71 -12.9 -.25 -31.8 6.5 -.25 -32.5 4.2 -.25 -32.1 -9.5 -.25 -31.7
3 71 -9.5 -.25 -31.7 4.2 -.25 -32.1 2.2 -.25 -31.9
4 71 2.2 -.25 -31.9 .8 -.25 -31.7 -4.3 -.25 -31.6 -9.5 -.25 -31.7
4 71 -12.9 -.25 -31.8 9.6 -.25 -32.8 8.2 -.25 -32.6 6.5 -.25 -32.5
3 71 17.3 -.25 -32.6 13.8 -.25 -32.8 19.7 -.25 -32.8
4 71 19.7 -.25 -32.8 13.8 -.25 -32.8 26.9 -.25 -33.6 24.5 -.25 -33.2
4 71 9.6 -.25 -32.8 29 -.25 -34.1 26.9 -.25 -33.6 13.8 -.25 -32.8
4 71 9.6 -.25 -32.8 -12.9 -.25 -31.8 31 -.25 -34.3 29 -.25 -34.1
4 71 -25.6 -.25 -32.55 35.6056 -.25 -34.6815 31 -.25 -34.3 -12.9 -.25 -31.8
4 71 35.6056 -.25 -34.6815 36.0308 -.25 -33.6549 30.6 -.25 -33.3 31 -.25 -34.3
4 71 28.9 -.25 -32.5 30.6 -.25 -33.3 36.0308 -.25 -33.6549 21.2 -.25 -4.8
4 71 12 -.25 14.7 12.8 -.25 14 13.25 -.25 17.9 12.1 -.25 15.5
4 71 13.25 -.25 17.9 12.8 -.25 14 17.0239 -.25 17.2827 16.1 -.25 17.9
4 71 15.2 -.25 11.4 17.0239 -.25 17.2827 12.8 -.25 14 13.4 -.25 13.1
4 71 13.4 -.25 13.1 13.8 -.25 11.9 14.1 -.25 11.4 15.2 -.25 11.4
4 71 16.2 -.25 9.3 17.0239 -.25 17.2827 15.2 -.25 11.4 15.5 -.25 10.5
3 71 17.0239 -.25 17.2827 16.2 -.25 9.3 16.6 -.25 8.6
3 71 17.0239 -.25 17.2827 16.6 -.25 8.6 17.1 -.25 7.7
4 71 21.2 -.25 -4.8 17.0239 -.25 17.2827 17.4 -.25 6.4 17.8 -.25 5.2
3 71 17.0239 -.25 17.2827 17.1 -.25 7.7 17.4 -.25 6.4
4 71 12.3261 -.25 18.5173 11.4 -.25 22 9.9 -.25 17.9 12.25 -.25 17.9
4 71 12.25 -.25 17.9 9.9 -.25 17.9 10.7 -.25 15.6 12.1 -.25 15.5
3 71 9.9 -.25 17.9 9.8 -.25 16.5 10.7 -.25 15.6
3 71 13.25 -.25 17.9 12.25 -.25 17.9 12.1 -.25 15.5
4 71 1.8 -.25 44.5 3.4 -.25 46.9 2.5 -.25 49.3 1.7929 -.25 49.0071
4 71 2.5 -.25 49.3 3.4 -.25 46.9 5.8239 -.25 48.6827 4.9 -.25 49.3
3 71 5.8239 -.25 48.6827 3.4 -.25 46.9 3.5 -.25 43.9
4 71 -8.9 -.25 27.5 -16 -.25 21.7 -11.7 -.25 24 -10.1 -.25 25.7
4 71 -6.5 -.25 31 -16 -.25 21.7 -8.9 -.25 27.5 -7.4 -.25 29.4
4 71 -16 -.25 21.7 -6.5 -.25 31 -5.2 -.25 32.8 1.7929 -.25 49.0071
3 71 1.7929 -.25 49.0071 -5.2 -.25 32.8 -3.8 -.25 35.5
4 71 -2.1 -.25 37.8 -.9 -.25 40.2 1.7929 -.25 49.0071 -3.8 -.25 35.5
4 71 -.9 -.25 40.2 .6 -.25 42.5 1.8 -.25 44.5 1.7929 -.25 49.0071
4 82 8.8 -.25 9.9 8.4 -.25 10.6 6.4 -.25 10.6 6.7 -.25 9.7
4 82 9.3 -.25 8.9 8.8 -.25 9.9 6.7 -.25 9.7 7.4 -.25 8.8
4 82 9.5 -.25 7.7 9.3 -.25 8.9 7.4 -.25 8.8 8 -.25 7.9
3 82 8 -.25 7.9 8.7 -.25 6.9 9.5 -.25 7.7
4 82 10.4 -.25 6 9.6 -.25 5.5 10.1 -.25 4.5 11.6 -.25 5.6
4 82 10.7 -.25 3.4 12 -.25 4.5 11.6 -.25 5.6 10.1 -.25 4.5
4 82 11.4 -.25 2.3 12.7 -.25 3.6 12 -.25 4.5 10.7 -.25 3.4
4 82 11.7 -.25 1.6 13 -.25 2.5 12.7 -.25 3.6 11.4 -.25 2.3
3 82 13 -.25 2.5 11.7 -.25 1.6 13 -.25 1.5
4 82 11.7 -.25 1.6 11.7 -.25 .8 13.5 -.25 .8 13 -.25 1.5
4 82 14.1 -.25 -.1 13.5 -.25 .8 11.7 -.25 .8 12.3 -.25 .1
4 82 12.3 -.25 .1 12.6 -.25 -.8 14.4 -.25 -1.2 14.1 -.25 -.1
4 82 12.4 -.25 -1.2 13.2 -.25 -2.6 14.4 -.25 -1.2 12.6 -.25 -.8
4 82 11.6 -.25 -.4 11.5 -.25 -2.7 13.2 -.25 -2.6 12.4 -.25 -1.2
4 82 10.4 -.25 -2.7 11.5 -.25 -2.7 11.6 -.25 -.4 10.4 -.25 -.3
4 82 10.4 -.25 -.3 9.3 -.25 -.3 8.9 -.25 -1.1 10.4 -.25 -2.7
4 82 10.4 -.25 -2.7 8.9 -.25 -1.1 8 -.25 -.7 8.8 -.25 -2.8
4 82 7.3 -.25 -.3 6.7 -.25 -2.8 8.8 -.25 -2.8 8 -.25 -.7
4 82 5.9 -.25 -.7 6.7 -.25 -2.8 7.3 -.25 -.3 6.6 -.25 -.3
4 82 5.1 -.25 -.7 4.9 -.25 -2.8 6.7 -.25 -2.8 5.9 -.25 -.7
3 82 5.1 -.25 -.7 4.2 -.25 -.8 4.9 -.25 -2.8
4 82 4.9 -.25 -2.8 4.2 -.25 -.8 3.6 -.25 -1.1 3.4 -.25 -2.5
4 82 -.1 -.25 -2.5 3.4 -.25 -2.5 3.6 -.25 -1.1 1.3 -.25 -1.1
4 82 1.3 -.25 -1.1 -1.5 -.25 -1.1 -2.2 -.25 -2.3 -.1 -.25 -2.5
4 82 -1.5 -.25 -1.1 -1.8 -.25 -.7 -2.2 -.25 -.6 -2.2 -.25 -2.3
3 82 -2.2 -.25 -.6 -2.5 -.25 -1.1 -2.2 -.25 -2.3
4 82 -3.4 -.25 -1 -3.6 -.25 -1.9 -2.2 -.25 -2.3 -2.5 -.25 -1.1
4 82 -4.5 -.25 -2 -3.6 -.25 -1.9 -3.4 -.25 -1 -4.4 -.25 -1.1
4 82 15.4 -.25 -3 14.4 -.25 -1.2 13.2 -.25 -2.6 14.2 -.25 -2.9
3 82 14.4 -.25 -1.2 15.4 -.25 -3 16.2 -.25 -2.2
4 82 14.4 -.25 -1.2 16.2 -.25 -2.2 16.7 -.25 -1 15 -.25 -.8
4 82 15 -.25 -.8 16.7 -.25 -1 16.7 -.25 .4 15 -.25 .1
4 82 15 -.25 .1 16.7 -.25 .4 16.7 -.25 1.4 15.3 -.25 1.1
3 82 15.5 -.25 1.5 15.3 -.25 1.1 16.7 -.25 1.4
4 82 16.2 -.25 3 16.2 -.25 5.2 15.4 -.25 5.2 15.4 -.25 3
4 82 15.1 -.25 7.5 15.4 -.25 6.2 16.2 -.25 6.2 16.1 -.25 8.3
4 82 14.5 -.25 8.8 15.1 -.25 7.5 16.1 -.25 8.3 15.3 -.25 9.2
4 82 13.7 -.25 9.8 14.5 -.25 8.8 15.3 -.25 9.2 14.8 -.25 10.4
4 82 13.7 -.25 9.8 14.8 -.25 10.4 14.1 -.25 10.9 13.6 -.25 10.5
4 82 12.5 -.25 13.4 11.9 -.25 12 12.9 -.25 11 13 -.25 12.3
4 82 10.6 -.25 13.3 11.9 -.25 12 12.5 -.25 13.4 11.4 -.25 14.5
4 82 9.1 -.25 14 10.6 -.25 13.3 11.4 -.25 14.5 10.6 -.25 15.1
3 82 9.4 -.25 15.5 9.1 -.25 14 10.6 -.25 15.1
4 82 8.4 -.25 16.3 7.7 -.25 14.8 9.1 -.25 14 9.4 -.25 15.5
4 82 7.7 -.25 14.8 8.4 -.25 16.3 6.9 -.25 16.7 6.6 -.25 15.2
4 82 6.6 -.25 15.2 6.9 -.25 16.7 5.4 -.25 17.1 5.7 -.25 15.5
4 82 5.4 -.25 17.1 4.1 -.25 17.3 3.8 -.25 15.5 5.7 -.25 15.5
3 82 4.1 -.25 17.3 2.4 -.25 17.2 3.8 -.25 15.5
4 82 2.4 -.25 17.2 1.8 -.25 16.7 1.4 -.25 15.1 3.8 -.25 15.5
4 82 2.8 -.25 13.5 3.4 -.25 14.5 3.8 -.25 15.5 1.4 -.25 15.1
4 82 1.4 -.25 15.1 .6 -.25 14 1.7 -.25 11.8 2.8 -.25 13.5
4 82 .7 -.25 10.7 1.7 -.25 11.8 .6 -.25 14 -.9 -.25 11.8
4 82 -.9 -.25 11.8 -1.8 -.25 10.3 0 -.25 9.2 .7 -.25 10.7
4 82 -2.2 -.25 9 0 -.25 9.2 -1.8 -.25 10.3 -2.5 -.25 9.8
4 82 0 -.25 9.2 -2.2 -.25 9 -3.4 -.25 7.8 -1.2 -.25 7.5
3 82 -3.4 -.25 7.8 -2.1 -.25 6 -1.2 -.25 7.5
4 82 -3.4 -.25 7.8 -4.2 -.25 6.1 -3.1 -.25 4.8 -2.1 -.25 6
4 82 -3.7 -.25 3.6 -3.1 -.25 4.8 -4.2 -.25 6.1 -4.8 -.25 4.9
4 82 -4.8 -.25 4.9 -5.6 -.25 4.2 -5.8 -.25 3 -3.7 -.25 3.6
4 82 -5.9 -.25 1.6 -4.3 -.25 2.4 -3.7 -.25 3.6 -5.8 -.25 3
3 82 -4.3 -.25 2.4 -5.9 -.25 1.6 -5 -.25 1.4
4 82 -5.9 -.25 1.6 -5.8 -.25 .5 -5.5 -.25 -.1 -5 -.25 1.4
4 82 -4.3 -.25 0 -4.4 -.25 1 -5 -.25 1.4 -5.5 -.25 -.1
3 82 -4.4 -.25 1 -4.3 -.25 0 -3.7 -.25 .9
4 82 1.4 -.25 15.1 1.8 -.25 16.7 .4 -.25 16.8 .5 -.25 15.3
4 82 .4 -.25 16.8 -.7 -.25 16.5 -.7 -.25 15.1 .5 -.25 15.3
4 82 -1.8 -.25 15.1 -.7 -.25 15.1 -.7 -.25 16.5 -1.8 -.25 16.1
3 82 -1.8 -.25 16.1 -2.8 -.25 15.2 -1.8 -.25 15.1
4 82 -2.8 -.25 14.6 -4.1 -.25 13.9 -3.3 -.25 12.6 -2.5 -.25 13.2
4 82 -4.4 -.25 11.5 -3.3 -.25 12.6 -4.1 -.25 13.9 -5.2 -.25 12.8
4 82 -5.2 -.25 12.8 -6.5 -.25 11.5 -5.6 -.25 10.6 -4.4 -.25 11.5
4 82 -6.5 -.25 9.2 -5.6 -.25 10.6 -6.5 -.25 11.5 -7.7 -.25 10.1
4 82 -7.7 -.25 10.1 -8.6 -.25 9.3 -6.7 -.25 8.4 -6.5 -.25 9.2
4 82 -8.6 -.25 9.3 -9.7 -.25 9.1 -9.9 -.25 8.5 -6.7 -.25 8.4
4 82 -9.9 -.25 8.5 -8.8 -.25 7.9 -6.8 -.25 7 -6.7 -.25 8.4
4 82 -9.6 -.25 7.4 -7.7 -.25 7 -6.8 -.25 7 -8.8 -.25 7.9
4 82 -9.9 -.25 6.6 -8.2 -.25 6.2 -7.7 -.25 7 -9.6 -.25 7.4
3 82 -9.9 -.25 6.6 -8.5 -.25 5.1 -8.2 -.25 6.2
4 82 -9.9 -.25 3.9 -8.5 -.25 5.1 -9.9 -.25 6.6 -10.3 -.25 4.4
4 82 -10.2 -.25 3.4 -8.6 -.25 2.2 -8.5 -.25 5.1 -9.9 -.25 3.9
4 82 -9.9 -.25 1.7 -8.6 -.25 2.2 -10.2 -.25 3.4 -10.3 -.25 2.1
4 82 -8.6 -.25 2.2 -9.9 -.25 1.7 -10.7 -.25 1.1 -8.3 -.25 .6
3 82 -10.7 -.25 1.1 -10.7 -.25 .3 -8.3 -.25 .6
4 82 -8 -.25 -.6 -8.3 -.25 .6 -10.7 -.25 .3 -10.2 -.25 -.6
4 82 -7.6 -.25 -1.6 -8 -.25 -.6 -10.2 -.25 -.6 -9.6 -.25 -1.8
4 82 -7 -.25 -2.7 -7.6 -.25 -1.6 -9.6 -.25 -1.8 -9.2 -.25 -2.8
4 82 -6.7 -.25 -3.8 -7 -.25 -2.7 -9.2 -.25 -2.8 -8.4 -.25 -4.3
4 82 -5 -.25 -5.5 -6.7 -.25 -3.8 -8.4 -.25 -4.3 -7.6 -.25 -5.8
4 82 -3.6 -.25 -7 -5 -.25 -5.5 -7.6 -.25 -5.8 -5.9 -.25 -7.5
4 82 -2.4 -.25 -7.2 -3.6 -.25 -7 -5.9 -.25 -7.5 -4.4 -.25 -8.4
3 82 -2.4 -.25 -7.2 -4.4 -.25 -8.4 -3.5 -.25 -8.5
4 82 -2.4 -.25 -7.2 -3.5 -.25 -8.5 -3.1 -.25 -9.4 -1.6 -.25 -7.9
4 82 -.3 -.25 -8.2 -1.6 -.25 -7.9 -3.1 -.25 -9.4 -2.1 -.25 -9.6
4 82 -2.1 -.25 -9.6 -1.2 -.25 -10 .7 -.25 -8.4 -.3 -.25 -8.2
4 82 1.5 -.25 -10.5 .7 -.25 -8.4 -1.2 -.25 -10 -.4 -.25 -10.4
4 82 1.5 -.25 -10.5 1.9 -.25 -9.7 1.9 -.25 -8.1 .7 -.25 -8.4
4 82 3.4 -.25 -9.6 2.9 -.25 -8 1.9 -.25 -8.1 1.9 -.25 -9.7
4 82 6.4 -.25 -9.2 4.9 -.25 -8.4 2.9 -.25 -8 3.4 -.25 -9.6
4 82 4.9 -.25 -8.4 6.4 -.25 -9.2 8.2 -.25 -8.5 5.6 -.25 -8
3 82 7.3 -.25 -7.4 5.6 -.25 -8 8.2 -.25 -8.5
4 82 8.2 -.25 -8.5 9.8 -.25 -8 9.4 -.25 -6.7 7.3 -.25 -7.4
4 82 9.8 -.25 -8 11.2 -.25 -7.1 10.6 -.25 -6.1 9.4 -.25 -6.7
4 82 11.5 -.25 -5.2 10.6 -.25 -6.1 11.2 -.25 -7.1 12.2 -.25 -6
3 82 13 -.25 -5.2 11.5 -.25 -5.2 12.2 -.25 -6
4 82 11.5 -.25 -5.2 13 -.25 -5.2 12.8 -.25 -4.5 11.9 -.25 -4.6
3 0 -11.3 -.25 9.8 -10.4 -.25 8.8 -10.1 -.25 9.5
3 0 -10.1 -.25 9.5 -9.9 -.25 8.5 -9.7 -.25 9.1
4 0 -8.6 -.25 9.3 -9.3 -.25 9.7 -10.1 -.25 9.5 -9.7 -.25 9.1
4 0 -7.7 -.25 10.1 -8.5 -.25 10.2 -9.3 -.25 9.7 -8.6 -.25 9.3
4 0 -6.5 -.25 11.5 -7.3 -.25 11.6 -8.5 -.25 10.2 -7.7 -.25 10.1
4 0 -7.3 -.25 11.6 -6.5 -.25 11.5 -5.2 -.25 12.8 -6.2 -.25 12.6
4 0 -4.1 -.25 13.9 -4.6 -.25 14.1 -6.2 -.25 12.6 -5.2 -.25 12.8
4 0 -2.8 -.25 14.6 -3.6 -.25 15.1 -4.6 -.25 14.1 -4.1 -.25 13.9
4 0 -3.5 -.25 15.9 -3.6 -.25 15.1 -2.8 -.25 14.6 -2.8 -.25 15.2
4 0 -2.8 -.25 15.2 -1.8 -.25 16.1 -3 -.25 16.3 -3.5 -.25 15.9
4 0 -.7 -.25 16.5 -1.9 -.25 16.8 -3 -.25 16.3 -1.8 -.25 16.1
3 0 -.8 -.25 16.9 -1.9 -.25 16.8 -.7 -.25 16.5
4 0 -.7 -.25 16.5 .4 -.25 16.8 0 -.25 17.3 -.8 -.25 16.9
4 0 1.8 -.25 16.7 1.4 -.25 17.5 0 -.25 17.3 .4 -.25 16.8
4 0 1.8 -.25 16.7 2.4 -.25 17.2 1.9 -.25 17.8 1.4 -.25 17.5
4 0 4.7 -.25 17.7 1.9 -.25 17.8 2.4 -.25 17.2 4.1 -.25 17.3
3 0 4.7 -.25 17.7 4.1 -.25 17.3 5.4 -.25 17.1
4 0 4.7 -.25 17.7 5.4 -.25 17.1 6.8 -.25 17.3 6.2 -.25 17.6
4 0 8 -.25 17 6.8 -.25 17.3 5.4 -.25 17.1 6.9 -.25 16.7
4 0 9 -.25 16.9 8 -.25 17 6.9 -.25 16.7 8.4 -.25 16.3
3 0 9.8 -.25 16.5 8.4 -.25 16.3 9.4 -.25 15.5
4 0 9.8 -.25 16.5 9.4 -.25 15.5 10.6 -.25 15.1 10.7 -.25 15.6
4 0 8.4 -.25 16.3 9.8 -.25 16.5 9.5 -.25 17.3 9 -.25 16.9
3 0 9.9 -.25 17.9 9.5 -.25 17.3 9.8 -.25 16.5
4 0 12.1 -.25 15.5 10.7 -.25 15.6 10.6 -.25 15.1 11.4 -.25 14.5
3 0 12.1 -.25 15.5 11.4 -.25 14.5 12 -.25 14.7
4 0 12 -.25 14.7 11.4 -.25 14.5 12.5 -.25 13.4 12.8 -.25 14
4 0 13 -.25 12.3 13.4 -.25 13.1 12.8 -.25 14 12.5 -.25 13.4
4 0 13.4 -.25 13.1 13 -.25 12.3 12.9 -.25 11 13.8 -.25 11.9
4 0 14.1 -.25 10.9 14.1 -.25 11.4 13.8 -.25 11.9 12.9 -.25 11
3 0 12.9 -.25 11 13.6 -.25 10.5 14.1 -.25 10.9
4 0 14.1 -.25 10.9 14.8 -.25 10.4 15.2 -.25 11.4 14.1 -.25 11.4
4 0 15.3 -.25 9.2 15.5 -.25 10.5 15.2 -.25 11.4 14.8 -.25 10.4
4 0 15.5 -.25 10.5 15.3 -.25 9.2 16.1 -.25 8.3 16.2 -.25 9.3
3 0 16.2 -.25 9.3 16.1 -.25 8.3 16.6 -.25 8.6
4 0 16.6 -.25 8.6 16.1 -.25 8.3 16.7 -.25 7.1 17.1 -.25 7.7
3 0 16.1 -.25 8.3 16.2 -.25 6.2 16.7 -.25 7.1
4 0 17.3 -.25 6 17.4 -.25 6.4 16.7 -.25 7.1 16.2 -.25 6.2
4 0 16.2 -.25 5.2 16.9 -.25 5.6 17.3 -.25 6 16.2 -.25 6.2
3 0 16.9 -.25 5.6 16.2 -.25 5.2 17.8 -.25 5.2
4 0 17.8 -.25 5.2 16.2 -.25 5.2 16.8 -.25 4.7 17.7 -.25 4.9
4 0 16.2 -.25 3 16.7 -.25 4.3 16.8 -.25 4.7 16.2 -.25 5.2
4 0 17 -.25 2.8 17.1 -.25 3.9 16.7 -.25 4.3 16.2 -.25 3
4 0 15.4 -.25 3 16.3 -.25 2.5 17 -.25 2.8 16.2 -.25 3
3 0 15.4 -.25 3 16.1 -.25 2 16.3 -.25 2.5
4 0 14.9 -.25 3 15.5 -.25 1.5 16.1 -.25 2 15.4 -.25 3
4 0 17.1 -.25 1.8 16.1 -.25 2 15.5 -.25 1.5 16.7 -.25 1.4
4 0 17.1 -.25 1.8 16.7 -.25 1.4 16.7 -.25 .4 17.2 -.25 1.2
3 0 16.2 -.25 6.2 15.4 -.25 5.2 16.2 -.25 5.2
4 0 17.2 -.25 1.2 16.7 -.25 .4 17.1 -.25 .3 17.6 -.25 .9
4 0 16.7 -.25 -1 17.2 -.25 -.6 17.1 -.25 .3 16.7 -.25 .4
3 0 17.2 -.25 -.6 18.1 -.25 -1.1 18.4 -.25 -.7
4 0 17.2 -.25 -.6 16.7 -.25 -1 17.1 -.25 -2.2 18.1 -.25 -1.1
3 0 16.7 -.25 -1 16.2 -.25 -2.2 17.1 -.25 -2.2
4 0 17.1 -.25 -2.2 16.2 -.25 -2.2 15.4 -.25 -3 16.3 -.25 -3
4 0 14.4 -.25 -3.9 15.3 -.25 -4 16.3 -.25 -3 15.4 -.25 -3
3 0 14.2 -.25 -2.9 14.4 -.25 -3.9 15.4 -.25 -3
4 0 15.3 -.25 -4 14.4 -.25 -3.9 13.7 -.25 -4.3 14.2 -.25 -5
4 0 14.2 -.25 -5 13.7 -.25 -4.3 12.8 -.25 -4.5 13 -.25 -5.2
4 0 11.7 -.25 -4 12.8 -.25 -4.5 13.7 -.25 -4.3 13.1 -.25 -3.9
3 0 11.7 -.25 -4 11.9 -.25 -4.6 12.8 -.25 -4.5
4 0 14.2 -.25 -5 13 -.25 -5.2 12.2 -.25 -6 13.1 -.25 -6.2
4 0 11.2 -.25 -7.1 12 -.25 -7.3 13.1 -.25 -6.2 12.2 -.25 -6
4 0 9.8 -.25 -8 10.9 -.25 -8.1 12 -.25 -7.3 11.2 -.25 -7.1
4 0 8.2 -.25 -8.5 9.5 -.25 -8.7 10.9 -.25 -8.1 9.8 -.25 -8
4 0 6.4 -.25 -9.2 7.8 -.25 -9.4 9.5 -.25 -8.7 8.2 -.25 -8.5
3 0 6.4 -.25 -9.2 6.1 -.25 -9.9 7.8 -.25 -9.4
4 0 6.1 -.25 -9.9 6.4 -.25 -9.2 3.4 -.25 -9.6 4.4 -.25 -10.2
4 0 1.9 -.25 -9.7 3 -.25 -10.7 4.4 -.25 -10.2 3.4 -.25 -9.6
4 0 1.9 -.25 -9.7 1.5 -.25 -10.5 1.9 -.25 -11.2 3 -.25 -10.7
4 0 1.9 -.25 -12.5 1.9 -.25 -11.2 1.5 -.25 -10.5 .9 -.25 -11.6
4 0 1.5 -.25 -10.5 -.4 -.25 -10.4 -.8 -.25 -10.8 .9 -.25 -11.6
4 0 -2 -.25 -10.3 -.8 -.25 -10.8 -.4 -.25 -10.4 -1.2 -.25 -10
4 0 -1.2 -.25 -10 -2.1 -.25 -9.6 -3.4 -.25 -9.9 -2 -.25 -10.3
4 0 -2.1 -.25 -9.6 -3.1 -.25 -9.4 -4.5 -.25 -10 -3.4 -.25 -9.9
4 0 -3.1 -.25 -9.4 -3.5 -.25 -8.5 -4.9 -.25 -9.3 -4.5 -.25 -10
3 0 -4.4 -.25 -8.4 -4.9 -.25 -9.3 -3.5 -.25 -8.5
4 0 -4.9 -.25 -9.3 -4.4 -.25 -8.4 -5.9 -.25 -7.5 -6 -.25 -8.2
4 0 -6 -.25 -8.2 -5.9 -.25 -7.5 -7.6 -.25 -5.8 -7.8 -.25 -6.5
4 0 -7.8 -.25 -6.5 -7.6 -.25 -5.8 -8.4 -.25 -4.3 -8.7 -.25 -5
4 0 -8.7 -.25 -5 -8.4 -.25 -4.3 -9.2 -.25 -2.8 -9.6 -.25 -3.2
4 0 -9.6 -.25 -3.2 -9.2 -.25 -2.8 -9.6 -.25 -1.8 -10.3 -.25 -1.8
4 0 -10.3 -.25 -1.8 -9.6 -.25 -1.8 -10.2 -.25 -.6 -10.8 -.25 -.9
4 0 -10.8 -.25 -.9 -10.2 -.25 -.6 -10.7 -.25 .3 -11.2 -.25 -.3
4 0 -10.7 -.25 1.1 -11.2 -.25 1.4 -11.2 -.25 -.3 -10.7 -.25 .3
3 0 -10.3 -.25 2.1 -10.7 -.25 1.1 -9.9 -.25 1.7
4 0 -11.2 -.25 2.5 -11.2 -.25 1.4 -10.7 -.25 1.1 -10.3 -.25 2.1
3 0 -10.6 -.25 2.8 -11.2 -.25 2.5 -10.3 -.25 2.1
4 0 -10.3 -.25 2.1 -10.2 -.25 3.4 -10.8 -.25 3.9 -10.6 -.25 2.8
4 0 -10.3 -.25 4.4 -10.8 -.25 3.9 -10.2 -.25 3.4 -9.9 -.25 3.9
4 0 -11.5 -.25 4 -10.8 -.25 3.9 -10.3 -.25 4.4 -10.9 -.25 4.4
4 0 -10.3 -.25 6.7 -10.9 -.25 4.4 -10.3 -.25 4.4 -9.9 -.25 6.6
4 0 -10.3 -.25 7.9 -10.3 -.25 6.7 -9.9 -.25 6.6 -9.6 -.25 7.4
4 0 -9.9 -.25 8.5 -10.3 -.25 7.9 -9.6 -.25 7.4 -8.8 -.25 7.9
4 0 -10.1 -.25 9.5 -10.4 -.25 8.8 -10.3 -.25 7.9 -9.9 -.25 8.5
4 0 -3.6 -.25 -7 -2.4 -.25 -7.2 -2 -.25 -6.2 -3.1 -.25 -6.3
4 0 -2.4 -.25 -7.2 -1.6 -.25 -7.9 -1.2 -.25 -6 -2 -.25 -6.2
4 0 -1.6 -.25 -7.9 -.5 -.25 -6.7 -.5 -.25 -5.5 -1.2 -.25 -6
4 0 .7 -.25 -8.4 .6 -.25 -7.8 -.1 -.25 -7.4 -.3 -.25 -8.2
4 0 .6 -.25 -7.8 .7 -.25 -8.4 1.9 -.25 -8.1 1.5 -.25 -7.5
4 0 1.5 -.25 -7.5 1.9 -.25 -8.1 2.9 -.25 -8 2.2 -.25 -7.4
4 0 2.2 -.25 -7.4 2.9 -.25 -8 3.1 -.25 -7.5 2.5 -.25 -7
4 0 2.9 -.25 -8 4.9 -.25 -8.4 4.8 -.25 -7.5 3.1 -.25 -7.5
4 0 4.9 -.25 -8.4 5.6 -.25 -8 5.5 -.25 -6.7 4.8 -.25 -7.5
4 0 6.1 -.25 -7.3 5.9 -.25 -6.4 5.5 -.25 -6.7 5.6 -.25 -8
4 0 5.6 -.25 -8 7.3 -.25 -7.4 7.1 -.25 -7 6.1 -.25 -7.3
4 0 7.3 -.25 -7.4 9.4 -.25 -6.7 9 -.25 -6.2 7.1 -.25 -7
4 0 9.4 -.25 -6.7 10.6 -.25 -6.1 10.5 -.25 -5.5 9 -.25 -6.2
4 0 10.6 -.25 -6.1 11.5 -.25 -5.2 11.7 -.25 -4 10.5 -.25 -5.5
3 0 11.7 -.25 -4 11.5 -.25 -5.2 11.9 -.25 -4.6
4 0 -3.6 -.25 -7 -3.1 -.25 -6.3 -4.6 -.25 -5.2 -5 -.25 -5.5
4 0 -5 -.25 -5.5 -4.6 -.25 -5.2 -6.2 -.25 -3.5 -6.7 -.25 -3.8
4 0 -6.2 -.25 -2.9 -7 -.25 -2.7 -6.7 -.25 -3.8 -6.2 -.25 -3.5
4 0 -6.5 -.25 -.2 -5.8 -.25 .5 -5.9 -.25 1.6 -6.4 -.25 1.6
4 0 -5.8 -.25 .5 -6.5 -.25 -.2 -6.3 -.25 -.9 -5.5 -.25 -.1
4 0 -6.8 -.25 -1.5 -6.3 -.25 -.9 -6.5 -.25 -.2 -7.2 -.25 -.4
4 0 -8 -.25 -.6 -7.6 -.25 -1.6 -6.8 -.25 -1.5 -7.2 -.25 -.4
3 0 -6.8 -.25 -1.5 -7.6 -.25 -1.6 -6.4 -.25 -2.2
4 0 -7.6 -.25 -1.6 -7 -.25 -2.7 -6.2 -.25 -2.9 -6.4 -.25 -2.2
3 0 -6.2 -.25 -2.9 -6.2 -.25 -3.5 -5.7 -.25 -3.3
4 0 -7.2 -.25 -.4 -7.6 -.25 .4 -8.3 -.25 .6 -8 -.25 -.6
4 0 -7.7 -.25 1.3 -8.3 -.25 .6 -7.6 -.25 .4 -7.4 -.25 .9
3 0 -8.6 -.25 2.2 -8.3 -.25 .6 -7.7 -.25 1.3
4 0 -7.7 -.25 1.3 -7.2 -.25 1.9 -7.9 -.25 2.5 -8.6 -.25 2.2
4 0 -8.1 -.25 4.7 -8.5 -.25 5.1 -8.6 -.25 2.2 -7.9 -.25 2.5
4 0 -8.5 -.25 5.1 -8.1 -.25 4.7 -7.5 -.25 5.5 -8.2 -.25 6.2
4 0 -8.2 -.25 6.2 -7.5 -.25 5.5 -6.7 -.25 5.8 -7.7 -.25 7
4 0 -7.7 -.25 7 -6.7 -.25 5.8 -6.2 -.25 6.4 -6.8 -.25 7
4 0 -6.2 -.25 6.4 -6.1 -.25 7.2 -6.7 -.25 8.4 -6.8 -.25 7
4 0 -6.1 -.25 7.2 -6.1 -.25 8.4 -6.5 -.25 9.2 -6.7 -.25 8.4
4 0 -6.1 -.25 8.4 -5.5 -.25 9.3 -5.6 -.25 10.6 -6.5 -.25 9.2
3 0 -5.6 -.25 10.6 -5.5 -.25 9.3 -5.1 -.25 10.4
4 0 -4.1 -.25 11.1 -4.4 -.25 11.5 -5.6 -.25 10.6 -5.1 -.25 10.4
4 0 -3.2 -.25 11.4 -3.3 -.25 12.6 -4.4 -.25 11.5 -4.1 -.25 11.1
4 0 -3.2 -.25 11.4 -2.5 -.25 12.1 -2.5 -.25 13.2 -3.3 -.25 12.6
4 0 -2.5 -.25 12.1 -1.6 -.25 12.9 -1.8 -.25 13.6 -2.5 -.25 13.2
4 0 -2.5 -.25 13.2 -1.8 -.25 13.6 -2.8 -.25 15.2 -2.8 -.25 14.6
4 0 -1.4 -.25 13.9 -1.8 -.25 15.1 -2.8 -.25 15.2 -1.8 -.25 13.6
4 0 -.6 -.25 13.8 -.7 -.25 15.1 -1.8 -.25 15.1 -1.4 -.25 13.9
3 0 -.7 -.25 15.1 -.6 -.25 13.8 .6 -.25 14
4 0 -.7 -.25 15.1 .6 -.25 14 1.4 -.25 15.1 .5 -.25 15.3
4 0 -.9 -.25 11.8 .6 -.25 14 -.6 -.25 13.8 -.8 -.25 13.1
4 0 -1.8 -.25 10.3 -.9 -.25 11.8 -.8 -.25 13.1 -1.7 -.25 11.7
4 0 -1.7 -.25 11.7 -2.8 -.25 10.6 -2.5 -.25 9.8 -1.8 -.25 10.3
3 0 -2.8 -.25 10.6 -3.6 -.25 10 -2.5 -.25 9.8
4 0 -4.4 -.25 9.9 -2.2 -.25 9 -2.5 -.25 9.8 -3.6 -.25 10
4 0 -3.5 -.25 8.6 -2.2 -.25 9 -4.4 -.25 9.9 -4.3 -.25 9.2
4 0 -2.2 -.25 9 -3.5 -.25 8.6 -4.3 -.25 7.7 -3.4 -.25 7.8
4 0 -4.2 -.25 6.1 -3.4 -.25 7.8 -4.3 -.25 7.7 -4.5 -.25 6.6
4 0 -4.5 -.25 6.6 -5.1 -.25 5.6 -4.8 -.25 4.9 -4.2 -.25 6.1
4 0 -5.6 -.25 4.2 -4.8 -.25 4.9 -5.1 -.25 5.6 -6.1 -.25 5
4 0 -6.1 -.25 5 -6.9 -.25 4.6 -7.5 -.25 3.9 -5.6 -.25 4.2
3 0 -5.6 -.25 4.2 -7.5 -.25 3.9 -6.2 -.25 3.7
4 0 -5.6 -.25 4.2 -6.2 -.25 3.7 -6.3 -.25 2.9 -5.8 -.25 3
4 0 -6.5 -.25 2.1 -5.8 -.25 3 -6.3 -.25 2.9 -6.9 -.25 2.5
4 0 -6.4 -.25 1.6 -5.9 -.25 1.6 -5.8 -.25 3 -6.5 -.25 2.1
4 0 -5.5 -.25 -1 -4.4 -.25 -1.1 -4.3 -.25 0 -5.5 -.25 -.1
3 0 -5.5 -.25 -.1 -6.3 -.25 -.9 -5.5 -.25 -1
4 0 -6.9 -.25 4.6 -6.1 -.25 5 -6.2 -.25 6.4 -6.7 -.25 5.8
4 0 -4.5 -.25 -2 -4.4 -.25 -1.1 -5.5 -.25 -1 -5.2 -.25 -1.7
4 0 -5.2 -.25 -1.7 -4.8 -.25 -2.4 -4 -.25 -2.7 -4.5 -.25 -2
3 0 -3.6 -.25 -1.9 -4.5 -.25 -2 -4 -.25 -2.7
4 0 -4 -.25 -2.7 -2.9 -.25 -2.8 -2.2 -.25 -2.3 -3.6 -.25 -1.9
4 0 -.1 -.25 -2.5 -2.2 -.25 -2.3 -2.9 -.25 -2.8 -.7 -.25 -2.9
4 0 -.7 -.25 -2.9 3 -.25 -2.9 3.4 -.25 -2.5 -.1 -.25 -2.5
4 0 4.9 -.25 -2.8 3.4 -.25 -2.5 3 -.25 -2.9 4 -.25 -3.2
4 0 4 -.25 -3.2 6.2 -.25 -3.2 6.7 -.25 -2.8 4.9 -.25 -2.8
4 0 6.2 -.25 -3.2 8.3 -.25 -3.4 8.8 -.25 -2.8 6.7 -.25 -2.8
4 0 8.3 -.25 -3.4 9.2 -.25 -3.9 9.9 -.25 -4.1 8.8 -.25 -2.8
4 0 9.9 -.25 -4.1 10.4 -.25 -3.4 10.4 -.25 -2.7 8.8 -.25 -2.8
4 0 10.4 -.25 -3.4 11.4 -.25 -3.2 11.5 -.25 -2.7 10.4 -.25 -2.7
4 0 11.4 -.25 -3.2 12.9 -.25 -3.3 13.2 -.25 -2.6 11.5 -.25 -2.7
4 0 12.9 -.25 -3.3 13.8 -.25 -3.4 14.2 -.25 -2.9 13.2 -.25 -2.6
4 0 14.2 -.25 -2.9 13.8 -.25 -3.4 13.7 -.25 -4.3 14.4 -.25 -3.9
4 0 14.4 -.25 -1.2 15 -.25 -.8 15 -.25 .1 14.1 -.25 -.1
4 0 13.5 -.25 .8 14.1 -.25 -.1 15 -.25 .1 15.3 -.25 1.1
4 0 15.3 -.25 1.1 15.5 -.25 1.5 14.9 -.25 3 14.9 -.25 1.5
4 0 15.4 -.25 5.2 14.9 -.25 5.5 14.9 -.25 3 15.4 -.25 3
4 0 16.2 -.25 6.2 15.4 -.25 6.2 14.9 -.25 5.5 15.4 -.25 5.2
4 0 14.9 -.25 5.5 15.4 -.25 6.2 14.4 -.25 6.8 14.5 -.25 5.7
4 0 15.4 -.25 6.2 15.1 -.25 7.5 14.5 -.25 7.3 14.4 -.25 6.8
4 0 15.3 -.25 1.1 14.9 -.25 1.5 13.9 -.25 1.8 13.5 -.25 .8
3 0 13.9 -.25 1.8 13 -.25 1.5 13.5 -.25 .8
4 0 13 -.25 2.5 13 -.25 1.5 13.9 -.25 1.8 13.5 -.25 2.3
4 0 13.5 -.25 2.3 13.9 -.25 2.7 13.4 -.25 3.3 13 -.25 2.5
4 0 13 -.25 2.5 13.4 -.25 3.3 13.5 -.25 4.1 12.7 -.25 3.6
4 0 13.5 -.25 4.1 13 -.25 4.7 12 -.25 4.5 12.7 -.25 3.6
4 0 12 -.25 4.5 13 -.25 4.7 12.1 -.25 6.2 11.6 -.25 5.6
4 0 10.4 -.25 6.5 11.6 -.25 5.6 12.1 -.25 6.2 11.7 -.25 6.5
3 0 10.4 -.25 6.5 10.4 -.25 6 11.6 -.25 5.6
4 0 5.9 -.25 10.1 6.4 -.25 10.6 5.8 -.25 11.1 5 -.25 10.8
4 0 8.4 -.25 10.6 7.1 -.25 11.5 5.8 -.25 11.1 6.4 -.25 10.6
3 0 7.1 -.25 11.5 8.4 -.25 10.6 8.7 -.25 11.3
4 0 8.7 -.25 11.3 8.4 -.25 10.6 8.8 -.25 9.9 9.3 -.25 10.8
4 0 9.3 -.25 8.9 9.5 -.25 9.6 9.3 -.25 10.8 8.8 -.25 9.9
4 0 9.5 -.25 9.6 9.3 -.25 8.9 9.5 -.25 7.7 10 -.25 8.8
3 0 10 -.25 8.8 9.5 -.25 7.7 10.4 -.25 7.9
4 0 10.4 -.25 7.9 9.5 -.25 7.7 10.4 -.25 7.2 10.9 -.25 7.7
4 0 10.1 -.25 6.7 10.4 -.25 7.2 9.5 -.25 7.7 8.7 -.25 6.9
4 0 10.1 -.25 6.7 9.6 -.25 5.5 10.4 -.25 6 10.4 -.25 6.5
4 0 6.4 -.25 10.6 5.9 -.25 10.1 6.4 -.25 9.2 6.7 -.25 9.7
4 0 6.5 -.25 8.3 7.4 -.25 8.8 6.7 -.25 9.7 6.4 -.25 9.2
4 0 6.5 -.25 8.3 7.1 -.25 7.9 8 -.25 7.9 7.4 -.25 8.8
4 0 7.1 -.25 7.9 7.9 -.25 7.1 8.7 -.25 6.9 8 -.25 7.9
3 0 7.9 -.25 7.1 8.3 -.25 6.3 8.7 -.25 6.9
4 0 9.6 -.25 5.5 9.2 -.25 4.8 9.9 -.25 3.9 10.1 -.25 4.5
4 0 9.8 -.25 3.4 10.7 -.25 3.4 10.1 -.25 4.5 9.9 -.25 3.9
3 0 10.7 -.25 3.4 9.8 -.25 3.4 10.3 -.25 2.9
4 0 11.4 -.25 2.3 10.7 -.25 3.4 10.3 -.25 2.9 10.8 -.25 2.4
3 0 10.8 -.25 2.4 10.5 -.25 1.8 11.4 -.25 2.3
4 0 10.5 -.25 1.8 10.8 -.25 1.4 11.7 -.25 1.6 11.4 -.25 2.3
4 0 11.7 -.25 .8 11.7 -.25 1.6 10.8 -.25 1.4 11.3 -.25 .8
4 0 12.4 -.25 -1.2 12.6 -.25 -.8 12.3 -.25 .1 11.6 -.25 -.4
4 0 11.3 -.25 .8 11.6 -.25 -.4 12.3 -.25 .1 11.7 -.25 .8
4 0 11.3 -.25 .8 10.8 -.25 .4 10.4 -.25 -.3 11.6 -.25 -.4
4 0 9.3 -.25 -.3 10.4 -.25 -.3 10.8 -.25 .4 10 -.25 .5
4 0 10 -.25 .5 9 -.25 .2 8 -.25 -.7 9.3 -.25 -.3
4 0 8 -.25 -.7 9 -.25 .2 6.9 -.25 .2 7.3 -.25 -.3
3 0 6.9 -.25 .2 6.6 -.25 -.3 7.3 -.25 -.3
4 0 6.9 -.25 .2 5.8 -.25 -.1 5.9 -.25 -.7 6.6 -.25 -.3
4 0 5.1 -.25 -.7 5.9 -.25 -.7 5.8 -.25 -.1 5 -.25 .1
4 0 5 -.25 .1 4 -.25 -.1 4.2 -.25 -.8 5.1 -.25 -.7
4 0 4 -.25 -.1 3.2 -.25 -.5 3.6 -.25 -1.1 4.2 -.25 -.8
4 0 3.6 -.25 -1.1 3.2 -.25 -.5 .2 -.25 -.5 1.3 -.25 -1.1
4 0 1.3 -.25 -1.1 .2 -.25 -.5 -1.3 -.25 -.2 -1.5 -.25 -1.1
4 0 -1.5 -.25 -1.1 -1.3 -.25 -.2 -1.8 -.25 .2 -1.8 -.25 -.7
4 0 -2.6 -.25 0 -2.2 -.25 -.6 -1.8 -.25 -.7 -1.8 -.25 .2
4 0 -2.2 -.25 -.6 -2.6 -.25 0 -3.3 -.25 -.2 -2.5 -.25 -1.1
4 0 -2.5 -.25 -1.1 -3.3 -.25 -.2 -3.7 -.25 0 -3.4 -.25 -1
4 0 -3.4 -.25 -1 -3.7 -.25 0 -4.3 -.25 0 -4.4 -.25 -1.1
4 0 -3.7 -.25 0 -3 -.25 .6 -3.7 -.25 .9 -4.3 -.25 0
4 0 -3 -.25 .6 -2.7 -.25 1.6 -3.6 -.25 1.6 -3.7 -.25 .9
4 0 -5 -.25 1.4 -4.4 -.25 1 -3.7 -.25 .9 -3.6 -.25 1.6
4 0 -3.6 -.25 1.6 -3.9 -.25 2 -4.3 -.25 2.4 -5 -.25 1.4
4 0 -3.9 -.25 2 -3.5 -.25 3.1 -3.7 -.25 3.6 -4.3 -.25 2.4
4 0 -3.1 -.25 4.8 -3.7 -.25 3.6 -3.5 -.25 3.1 -2.5 -.25 4.3
4 0 -2.5 -.25 4.3 -2.1 -.25 5.4 -2.1 -.25 6 -3.1 -.25 4.8
4 0 -2.1 -.25 5.4 -1.3 -.25 6.2 -1.2 -.25 7.5 -2.1 -.25 6
4 0 -1.3 -.25 6.2 -.3 -.25 7.9 0 -.25 9.2 -1.2 -.25 7.5
3 0 0 -.25 9.2 -.3 -.25 7.9 .5 -.25 9
4 0 1.3 -.25 10.6 .7 -.25 10.7 0 -.25 9.2 .5 -.25 9
4 0 .7 -.25 10.7 1.3 -.25 10.6 2.4 -.25 11.8 1.7 -.25 11.8
4 0 3.3 -.25 13.4 2.8 -.25 13.5 1.7 -.25 11.8 2.4 -.25 11.8
4 0 4.1 -.25 14.3 3.4 -.25 14.5 2.8 -.25 13.5 3.3 -.25 13.4
4 0 4.6 -.25 14.7 3.8 -.25 15.5 3.4 -.25 14.5 4.1 -.25 14.3
4 0 5.9 -.25 14.6 5.7 -.25 15.5 3.8 -.25 15.5 4.6 -.25 14.7
4 0 5.7 -.25 15.5 5.9 -.25 14.6 6.8 -.25 14.6 6.6 -.25 15.2
3 0 6.6 -.25 15.2 6.8 -.25 14.6 7.7 -.25 14.8
4 0 6.8 -.25 14.6 7.3 -.25 13.8 7.9 -.25 13.9 7.7 -.25 14.8
4 0 8.8 -.25 13.4 9.1 -.25 14 7.7 -.25 14.8 7.9 -.25 13.9
4 0 8.8 -.25 13.4 9.9 -.25 13.2 10.6 -.25 13.3 9.1 -.25 14
4 0 11.4 -.25 11.8 11.9 -.25 12 10.6 -.25 13.3 9.9 -.25 13.2
4 0 11.4 -.25 11.8 12.3 -.25 10.8 12.9 -.25 11 11.9 -.25 12
4 0 13.6 -.25 10.5 12.9 -.25 11 12.3 -.25 10.8 13.1 -.25 10.1
4 0 13.6 -.25 10.5 13.1 -.25 10.1 13.5 -.25 9.2 13.7 -.25 9.8
4 0 13.7 -.25 9.8 13.5 -.25 9.2 14 -.25 8.2 14.5 -.25 8.8
4 0 14.5 -.25 8.8 14 -.25 8.2 14.5 -.25 7.3 15.1 -.25 7.5
3 0 14.5 -.25 7.3 14 -.25 7.1 14.4 -.25 6.8
4 0 .6 -.25 42.5 3.5 -.25 43.9 3.4 -.25 46.9 1.8 -.25 44.5
4 0 3.5 -.25 43.9 .6 -.25 42.5 -.9 -.25 40.2 2.8 -.25 42.4
3 0 2.8 -.25 42.4 -.9 -.25 40.2 .4 -.25 39.6
4 0 -1.1 -.25 36.6 .4 -.25 39.6 -.9 -.25 40.2 -2.1 -.25 37.8
4 0 -2.3 -.25 34.3 -1.1 -.25 36.6 -2.1 -.25 37.8 -3.8 -.25 35.5
4 0 -3.5 -.25 31.7 -2.3 -.25 34.3 -3.8 -.25 35.5 -5.2 -.25 32.8
4 0 -4.1 -.25 29.7 -3.5 -.25 31.7 -5.2 -.25 32.8 -6.5 -.25 31
4 0 -6.5 -.25 31 -7.4 -.25 29.4 -5.4 -.25 28.2 -4.1 -.25 29.7
4 0 -8.9 -.25 27.5 -6.6 -.25 27.6 -5.4 -.25 28.2 -7.4 -.25 29.4
4 0 -6.6 -.25 27.6 -8.9 -.25 27.5 -10.1 -.25 25.7 -7.4 -.25 26.5
4 0 -11.7 -.25 24 -8 -.25 25 -7.4 -.25 26.5 -10.1 -.25 25.7
4 0 -8 -.25 25 -11.7 -.25 24 -9.4 -.25 22 -8.4 -.25 23
4 0 -10.1 -.25 20.8 -9.4 -.25 22 -11.7 -.25 24 -13.1 -.25 22
4 0 -14.5 -.25 19.1 -10.1 -.25 20.8 -13.1 -.25 22 -14 -.25 20.4
4 0 -14.5 -.25 19.1 -12.6 -.25 18.9 -9.7 -.25 18.6 -10.1 -.25 20.8
4 0 -10.1 -.25 20.8 -9.7 -.25 18.6 -7.8 -.25 19.1 -8.6 -.25 21.2
4 0 -6 -.25 19.5 -6.6 -.25 21.4 -8.6 -.25 21.2 -7.8 -.25 19.1
4 0 -6.6 -.25 21.4 -6 -.25 19.5 -4.1 -.25 19.7 -4.4 -.25 21.4
4 0 -2.9 -.25 19.6 -2.7 -.25 20.4 -4.4 -.25 21.4 -4.1 -.25 19.7
3 0 -2.7 -.25 20.4 -2.9 -.25 19.6 -2 -.25 19.6
4 0 -14.5 -.25 19.1 -14.8 -.25 16.4 -13.1 -.25 16.5 -12.6 -.25 18.9
4 0 -13.6 -.25 13.3 -13.1 -.25 16.5 -14.8 -.25 16.4 -14.9 -.25 13.4
4 0 -14.9 -.25 13.4 -15.2 -.25 10.2 -13.9 -.25 9.3 -13.6 -.25 13.3
4 0 -15.2 -.25 10.2 -15.7 -.25 6.1 -14.3 -.25 5.6 -13.9 -.25 9.3
4 0 -15.7 -.25 6.1 -16.1 -.25 2.8 -14.5 -.25 2.5 -14.3 -.25 5.6
4 0 -16.6 -.25 -1.8 -14.9 -.25 -.1 -14.5 -.25 2.5 -16.1 -.25 2.8
4 0 -14.9 -.25 -.1 -16.6 -.25 -1.8 -17.1 -.25 -5.8 -15.3 -.25 -2.7
3 0 -15.3 -.25 -2.7 -17.1 -.25 -5.8 -15.2 -.25 -5.7
4 0 -17.1 -.25 -5.8 -17.5 -.25 -8.5 -14.4 -.25 -7.3 -15.2 -.25 -5.7
4 0 -14.9 -.25 -10.8 -14.4 -.25 -8.4 -14.4 -.25 -7.3 -17.5 -.25 -8.5
4 0 -16 -.25 -13 -14.9 -.25 -10.8 -17.5 -.25 -8.5 -18.1 -.25 -12.3
4 0 -16 -.25 -13 -18.1 -.25 -12.3 -19.1 -.25 -16.2 -16.3 -.25 -15.6
3 0 -16.3 -.25 -15.6 -19.1 -.25 -16.2 -16.5 -.25 -18.2
4 0 -19.1 -.25 -16.2 -20.3 -.25 -19.7 -16.9 -.25 -21 -16.5 -.25 -18.2
4 0 -17.1 -.25 -23.3 -16.9 -.25 -21 -20.3 -.25 -19.7 -21.4 -.25 -22.4
4 0 -21.4 -.25 -22.4 -22.2 -.25 -24.7 -17.9 -.25 -24.7 -17.1 -.25 -23.3
4 0 -23.5 -.25 -27.6 -19.9 -.25 -26.7 -17.9 -.25 -24.7 -22.2 -.25 -24.7
4 0 -18.7 -.25 -27.9 -19.9 -.25 -26.7 -23.5 -.25 -27.6 -24.2 -.25 -29.5
4 0 -20.4 -.25 -30.7 -18.7 -.25 -27.9 -24.2 -.25 -29.5 -24.5 -.25 -30.8
4 0 -18.7 -.25 -27.9 -20.4 -.25 -30.7 -18.7 -.25 -31.1 -16.3 -.25 -28.8
3 0 -16.3 -.25 -28.8 -18.7 -.25 -31.1 -15.6 -.25 -31.3
4 0 -16.3 -.25 -28.8 -15.6 -.25 -31.3 -12.9 -.25 -31.8 -14.2 -.25 -30.5
3 0 -15 -.25 -26 -18 -.25 -26.6 -15.5 -.25 -27.7
4 0 -15.5 -.25 -27.7 -13.4 -.25 -29.1 -12.4 -.25 -25.6 -15 -.25 -26
4 0 -13.4 -.25 -29.1 -11.7 -.25 -30.6 -10.5 -.25 -25 -12.4 -.25 -25.6
3 0 -8.9 -.25 -25 -10.5 -.25 -25 -11.7 -.25 -30.6
4 0 -10.9 -.25 -31.3 -7.5 -.25 -25.9 -8.9 -.25 -25 -11.7 -.25 -30.6
4 0 -5.6 -.25 -26.4 -7.5 -.25 -25.9 -10.9 -.25 -31.3 -9.5 -.25 -31.7
4 0 -4.3 -.25 -31.6 -3.9 -.25 -27.1 -5.6 -.25 -26.4 -9.5 -.25 -31.7
4 0 .8 -.25 -31.7 -2.2 -.25 -27.6 -3.9 -.25 -27.1 -4.3 -.25 -31.6
3 0 -1 -.25 -27.1 -2.2 -.25 -27.6 .8 -.25 -31.7
4 0 .8 -.25 -31.7 2.2 -.25 -31.9 .9 -.25 -26.4 -1 -.25 -27.1
4 0 4.4 -.25 -26.5 2.8 -.25 -26.2 .9 -.25 -26.4 2.2 -.25 -31.9
4 0 4.4 -.25 -26.5 2.2 -.25 -31.9 4.2 -.25 -32.1 4.7 -.25 -28.3
3 0 4.7 -.25 -28.3 4.2 -.25 -32.1 6.3 -.25 -28.8
4 0 6.5 -.25 -32.5 7.4 -.25 -29.6 6.3 -.25 -28.8 4.2 -.25 -32.1
4 0 9 -.25 -31.2 7.4 -.25 -29.6 6.5 -.25 -32.5 8.2 -.25 -32.6
3 0 7.4 -.25 -29.6 9 -.25 -31.2 8.9 -.25 -30
4 0 9.6 -.25 -32.8 13.8 -.25 -32.8 11.9 -.25 -28.9 10.2 -.25 -30.2
3 0 11.9 -.25 -28.9 13.8 -.25 -32.8 17.3 -.25 -32.6
4 0 11.9 -.25 -28.9 17.3 -.25 -32.6 17 -.25 -28.7 14.1 -.25 -27.8
4 0 14.1 -.25 -27.8 17 -.25 -28.7 16.7 -.25 -26.4 15.4 -.25 -27
4 0 15.4 -.25 -27 16.7 -.25 -26.4 16.5 -.25 -24.6 16 -.25 -25.6
3 0 16.5 -.25 -24.6 15.4 -.25 -24.6 16 -.25 -25.6
3 0 19 -.25 -28.7 17 -.25 -28.7 17.3 -.25 -32.6
4 0 17.3 -.25 -32.6 19.7 -.25 -32.8 20.3 -.25 -29.2 19 -.25 -28.7
4 0 22.1 -.25 -32.8 22.3 -.25 -31.2 20.3 -.25 -29.2 19.7 -.25 -32.8
4 0 24.5 -.25 -33.2 24.3 -.25 -31.8 22.3 -.25 -31.2 22.1 -.25 -32.8
4 0 26.9 -.25 -33.6 26.7 -.25 -31.9 24.3 -.25 -31.8 24.5 -.25 -33.2
4 0 26.7 -.25 -31.9 26.9 -.25 -33.6 29 -.25 -34.1 28.9 -.25 -32.5
4 0 31 -.25 -34.3 30.6 -.25 -33.3 28.9 -.25 -32.5 29 -.25 -34.1
3 0 8.7 -.25 6.9 8.3 -.25 6.3 8.6 -.25 5.5
4 0 10.1 -.25 6.7 8.7 -.25 6.9 8.6 -.25 5.5 9.6 -.25 5.5
3 0 9.6 -.25 5.5 8.6 -.25 5.5 9.2 -.25 4.8
4 0 -.5 -.25 -6.7 -1.6 -.25 -7.9 -.3 -.25 -8.2 -.1 -.25 -7.4
3 0 9.3 -.25 -.3 8 -.25 -.7 8.9 -.25 -1.1
4 72 6.1 -.25 -24.5 6.1 -.25 -26.3 7.5 -.25 -27.6 9.1 -.25 -24.1
4 72 7.5 -.25 -27.6 9.1 -.25 -28.3 11.1 -.25 -28.1 9.1 -.25 -24.1
4 72 11.1 -.25 -28.1 13.2 -.25 -27.2 14.4 -.25 -26 9.1 -.25 -24.1
4 72 14.4 -.25 -26 14.7 -.25 -24.8 14.1 -.25 -23.6 9.1 -.25 -24.1
3 72 12.3 -.25 -21.7 9.1 -.25 -24.1 14.1 -.25 -23.6
4 72 7 -.25 -21.6 6.1 -.25 -24.5 9.1 -.25 -24.1 12.3 -.25 -21.7
3 72 11.4 -.25 -20.4 7 -.25 -21.6 12.3 -.25 -21.7
4 72 7 -.25 -21.6 11.4 -.25 -20.4 10.9 -.25 -18.7 8.2 -.25 -19.1
4 72 8.2 -.25 -19.1 10.9 -.25 -18.7 10.8 -.25 -16.6 8.8 -.25 -17.5
4 72 8.8 -.25 -17.5 10.8 -.25 -16.6 8.7 -.25 -15.5 8.4 -.25 -16.9
3 72 10.3 -.25 -15.5 8.7 -.25 -15.5 10.8 -.25 -16.6
4 72 -12.1 -.25 -24 -15.9 -.25 -23.2 -16.4 -.25 -24.8 -13.9 -.25 -24.7
4 72 -15.9 -.25 -23.2 -12.1 -.25 -24 -11.9 -.25 -21 -15.7 -.25 -21.1
3 72 -11.9 -.25 -21 -12.1 -.25 -24 -10.5 -.25 -23.5
4 72 -15.7 -.25 -21.1 -11.9 -.25 -21 -12.2 -.25 -19.1 -15.6 -.25 -18.6
3 72 -14.7 -.25 -15.2 -15.4 -.25 -16.7 -13.7 -.25 -15.6
4 72 -5.3 -.25 -10.4 -6.9 -.25 -8.6 -7.6 -.25 -10.7 -6.2 -.25 -10.8
4 72 -6.9 -.25 -8.6 -8.5 -.25 -7.3 -10.3 -.25 -6.5 -7.6 -.25 -10.7
4 72 -10.3 -.25 -6.5 -12.7 -.25 -7.9 -9.2 -.25 -12.3 -7.6 -.25 -10.7
4 72 -10.8 -.25 -13.6 -9.2 -.25 -12.3 -12.7 -.25 -7.9 -13.5 -.25 -10.4
3 72 -13.5 -.25 -10.4 -13.7 -.25 -12.7 -10.8 -.25 -13.6
4 72 -13.7 -.25 -12.7 -13.3 -.25 -13.8 -11.9 -.25 -14.2 -10.8 -.25 -13.6
4 72 -12.7 -.25 -7.9 -10.3 -.25 -6.5 -12.4 -.25 -5.1 -13.5 -.25 -6.2
4 72 -13.5 -.25 -6.2 -12.4 -.25 -5.1 -13.2 -.25 -4 -14.4 -.25 -4.7
4 72 -14.4 -.25 -4.7 -13.2 -.25 -4 -12.7 -.25 -2.6 -14.4 -.25 -3.1
4 72 -14.4 -.25 -3.1 -12.7 -.25 -2.6 -12 -.25 -1 -14.1 -.25 -1
4 72 -12 -.25 -1 -11.9 -.25 .3 -13.9 -.25 .8 -14.1 -.25 -1
4 72 -13.8 -.25 2.4 -13.9 -.25 .8 -11.9 -.25 .3 -12.4 -.25 1.7
3 72 -12.8 -.25 2.6 -13.8 -.25 2.4 -12.4 -.25 1.7
3 72 -11.2 -.25 12.5 -12.5 -.25 12.5 -11.9 -.25 10.5
4 72 -10.9 -.25 14.3 -12.2 -.25 14.8 -12.5 -.25 12.5 -11.2 -.25 12.5
4 72 -10 -.25 15.1 -11.5 -.25 16.6 -12.2 -.25 14.8 -10.9 -.25 14.3
4 72 -9.1 -.25 17.7 -10.4 -.25 17.8 -11.5 -.25 16.6 -10 -.25 15.1
4 72 -7.8 -.25 17.6 -9.1 -.25 17.7 -10 -.25 15.1 -8.8 -.25 14.9
4 72 -7.8 -.25 17.6 -8.8 -.25 14.9 -7.1 -.25 13.9 -5.8 -.25 15
4 72 -9 -.25 13.9 -8.3 -.25 13.7 -7.1 -.25 13.9 -8.8 -.25 14.9
4 72 -4.4 -.25 17 -6.1 -.25 18.2 -7.8 -.25 17.6 -5.8 -.25 15
4 72 -3 -.25 18.2 -4.2 -.25 18.7 -6.1 -.25 18.2 -4.4 -.25 17
3 72 -1.8 -.25 18.9 -4.2 -.25 18.7 -3 -.25 18.2
3 72 -6.3 -.25 24.8 -7.2 -.25 22.7 -5 -.25 23.4
4 72 -5 -.25 23.4 -3 -.25 23.3 -5.4 -.25 26.5 -6.3 -.25 24.8
4 72 -1.5 -.25 23.2 -3.9 -.25 27.5 -5.4 -.25 26.5 -3 -.25 23.3
4 72 0 -.25 25.6 -3.9 -.25 27.5 -1.5 -.25 23.2 -.4 -.25 24
4 72 -.3 -.25 27.7 -2.9 -.25 28.4 -3.9 -.25 27.5 0 -.25 25.6
4 72 -2.9 -.25 28.4 -.3 -.25 27.7 .1 -.25 30 -1 -.25 29.6
4 72 -2.4 -.25 31.5 -2.7 -.25 30.5 -1.7 -.25 30 0 -.25 31
4 72 0 -.25 31 .3 -.25 32.3 -1.1 -.25 33.8 -2.4 -.25 31.5
4 72 .2 -.25 35.9 -1.1 -.25 33.8 .3 -.25 32.3 1 -.25 34.5
4 72 1 -.25 34.5 1.7 -.25 36.9 1.1 -.25 38 .2 -.25 35.9
4 72 1.6 -.25 39.8 1.1 -.25 38 1.7 -.25 36.9 2.1 -.25 38.8
4 72 2.7 -.25 41.2 1.6 -.25 39.8 2.1 -.25 38.8 2.7 -.25 40.3
4 72 -13.7 -.25 -15.6 -15.4 -.25 -16.7 -15.6 -.25 -18.6 -12.7 -.25 -17.2
3 72 -12.7 -.25 -17.2 -15.6 -.25 -18.6 -12.2 -.25 -19.1

1 16 4.9 0 48.3 .92388 0 -.38268 0 -1 0 .38268 0 .92388 3-16chrd.dat
1 16 2.5 0 48.3 0 0 -1 0 -1 0 1 0 0 1-8chrd.dat
1 16 16.1 0 16.9 .92388 0 -.38268 0 -1 0 .38268 0 .92388 3-16chrd.dat
1 16 13.25 0 18.9 0 0 -1 0 -1 0 -1 0 0 3-16ndis.dat
1 16 -25.6 0 -31.55 -1 0 0 0 -1 0 0 0 -1 1-4chrd.dat
1 16 35.05 0 -33.85 .55557 0 .83147 0 -1 0 -.83147 0 .55557 3-16chrd.dat
4 16 -16 0 21.7 11.4 0 22 12.3261 0 18.5173 -17.4 0 18.6
4 16 12.3261 0 18.5173 12.25 0 17.9 -20.8 0 -13.3 -17.4 0 18.6
3 16 -16 0 21.7 1.7929 0 49.0071 11.4 0 22
4 16 1.7929 0 49.0071 2.5 0 49.3 5.8239 0 48.6827 11.4 0 22
3 16 2.5 0 49.3 4.9 0 49.3 5.8239 0 48.6827
4 16 21.2 0 -4.8 36.0308 0 -33.6549 -26.1 0 -26.9 -20.8 0 -13.3
4 16 16.1 0 17.9 17.0239 0 17.2827 21.2 0 -4.8 -20.8 0 -13.3
3 16 13.25 0 17.9 16.1 0 17.9 -20.8 0 -13.3
3 16 12.25 0 17.9 13.25 0 17.9 -20.8 0 -13.3
4 16 36.0308 0 -33.6549 -25.6 0 -32.55 -26.6 0 -31.55 -26.1 0 -26.9
3 16 35.6056 0 -34.6815 -25.6 0 -32.55 36.0308 0 -33.6549

1 16 4.9 -.25 48.3 .92388 0 -.38268 0 .25 0 .38268 0 .92388 3-16cyli.dat
1 16 2.5 -.25 48.3 0 0 -1 0 .25 0 1 0 0 1-8cyli.dat
1 16 16.1 -.25 16.9 .92388 0 -.38268 0 .25 0 .38268 0 .92388 3-16cyli.dat
0 BFC INVERTNEXT
1 16 13.25 -.25 18.9 0 0 -1 0 .25 0 -1 0 0 3-16cyli.dat
1 16 -25.6 -.25 -31.55 -1 0 0 0 .25 0 0 0 -1 1-4cyli.dat
1 16 35.05 -.25 -33.85 .55557 0 .83147 0 .25 0 -.83147 0 .55557 3-16cyli.dat

4 16 35.6056 0 -34.6815 35.6056 -.25 -34.6815 -25.6 -.25 -32.55 -25.6 0 -32.55
4 16 -26.6 -.25 -31.55 -26.1 -.25 -26.9 -26.1 0 -26.9 -26.6 0 -31.55
4 16 -26.1 0 -26.9 -26.1 -.25 -26.9 -20.8 -.25 -13.3 -20.8 0 -13.3
4 16 -20.8 0 -13.3 -20.8 -.25 -13.3 -17.4 -.25 18.6 -17.4 0 18.6
4 16 -17.4 0 18.6 -17.4 -.25 18.6 -16 -.25 21.7 -16 0 21.7
4 16 -16 0 21.7 -16 -.25 21.7 1.7929 -.25 49.0071 1.7929 0 49.0071
4 16 2.5 0 49.3 2.5 -.25 49.3 4.9 -.25 49.3 4.9 0 49.3
4 16 5.8239 0 48.6827 5.8239 -.25 48.6827 11.4 -.25 22 11.4 0 22
4 16 11.4 0 22 11.4 -.25 22 12.3261 -.25 18.5173 12.3261 0 18.5173
4 16 13.25 0 17.9 13.25 -.25 17.9 16.1 -.25 17.9 16.1 0 17.9
4 16 17.0239 0 17.2827 17.0239 -.25 17.2827 21.2 -.25 -4.8 21.2 0 -4.8
4 16 21.2 -.25 -4.8 36.0308 -.25 -33.6549 36.0308 0 -33.6549 21.2 0 -4.8
