0 Sticker  3.7 x  1.7 with Orange Lines (Formed)
0 Name: 4614385lc01.dat
0 Author: Evert-Jan Boer [ejboer]
0 !LDRAW_ORG Unofficial_Part
0 !LICENSE Licensed under CC BY 4.0 : see CAreadme.txt

0 BFC CERTIFY CCW

0 !KEYWORDS City of Atlantis, Set 7985

4 0 17.4239 .0625 36.8752 16.8827 .0082 37.4177 16.5 .0006 37.494 17.5 .1008 36.4916
3 0 17.2071 .03 37.2004 16.8827 .0082 37.4177 17.4239 .0625 36.8752
4 0 -16.8827 .0082 37.4177 -17.4239 .0625 36.8752 -17.5 .1008 36.4916 -16.5 .0006 37.494
3 0 -17.2071 .03 37.2004 -17.4239 .0625 36.8752 -16.8827 .0082 37.4177
4 0 -7.6 .582 31.68 -8.6 .6421 31.0786 -8.4 .7725 29.7755 -7 .6421 31.0786
4 0 -7 .6421 31.0786 -8.4 .7725 29.7755 -8.2 .8727 28.7731 -6.9 .7424 30.0762
4 0 -6.9 .7424 30.0762 -8.2 .8727 28.7731 -6.7 .9028 28.4724 -6.6 .8226 29.2743
4 0 -6.5 1.013 27.3697 -6.7 .9028 28.4724 -8.2 .8727 28.7731 -7.8 .983 27.6704
4 0 -8.6 1.3138 24.3625 -6.4 1.3238 24.2623 -6.5 1.1834 25.6656 -7.7 1.1834 25.6656
3 0 -7.7 1.1834 25.6656 -8.6 1.2235 25.2647 -8.6 1.3138 24.3625
3 0 -6.5 1.4441 23.0594 -9.1 1.4541 22.9591 -6.4 1.5644 21.8565
4 0 -9.1 1.4541 22.9591 -9.1 1.7548 19.9519 -6.2 1.7548 19.9519 -6.4 1.5644 21.8565
3 0 -3.4 1.6746 20.7538 -5.1 1.7047 20.4531 -3.5 1.7047 20.4531
4 0 -3.1 1.5744 21.7563 -5.2 1.5343 22.1572 -5.1 1.7047 20.4531 -3.4 1.6746 20.7538
4 0 -2.8 1.4541 22.9591 -5.2 1.3338 24.162 -5.2 1.5343 22.1572 -3.1 1.5744 21.7563
3 0 -5.2 1.3338 24.162 -2.8 1.4541 22.9591 -2.9 1.3438 24.0618
3 0 -3 1.1834 25.6656 -5.2 1.3338 24.162 -2.9 1.3438 24.0618
4 0 -5.2 1.3338 24.162 -3 1.1834 25.6656 -2.9 1.0932 26.5678 -5.2 1.1433 26.0666
4 0 -5.2 1.1433 26.0666 -2.9 1.0932 26.5678 -2.9 .9529 27.9712 -5.2 .983 27.6704
4 0 -2.7 .8526 28.9736 -5.2 .8426 29.0738 -5.2 .983 27.6704 -2.9 .9529 27.9712
4 0 -5.2 .7324 30.1764 -5.2 .8426 29.0738 -2.7 .8526 28.9736 -2.9 .7825 29.6752
4 0 -2.9 .7825 29.6752 -3 .7023 30.4772 -5.3 .6221 31.2791 -5.2 .7324 30.1764
4 0 -3.7 .4918 32.5822 -5.3 .6221 31.2791 -3 .7023 30.4772 -2.9 .5419 32.081
4 0 -5.1 .4216 33.2839 -5.8 .5619 31.8805 -5.3 .6221 31.2791 -3.7 .4918 32.5822
4 0 -4.6 .3615 33.8853 -5.1 .4216 33.2839 -3.7 .4918 32.5822 -3.9 .3815 33.6849
4 0 -11 .8025 29.4748 -10.1 .7223 30.2767 -9.9 .6321 31.1788 -10.7 .6221 31.2791
4 0 -12.5 .6622 30.8781 -11 .8025 29.4748 -10.7 .6221 31.2791 -12 .6221 31.2791
4 0 -11.2 .9328 28.1716 -11 .8025 29.4748 -12.5 .6622 30.8781 -12.5 .7825 29.6752
4 0 -12.5 .7825 29.6752 -13 .8426 29.0738 -12.9 1.3138 24.3625 -11.2 .9328 28.1716
4 0 -11.2 .9328 28.1716 -12.9 1.3138 24.3625 -10.7 1.1734 25.7659 -10.9 1.0531 26.9688
4 0 -10.7 1.2336 25.1644 -10.7 1.1734 25.7659 -12.9 1.3138 24.3625 -12.4 1.3138 24.3625
4 0 -9.9 1.3538 23.9615 -10.7 1.2336 25.1644 -12.4 1.3138 24.3625 -11.2 1.3338 24.162
4 0 -10.7 1.2336 25.1644 -9.9 1.3538 23.9615 -9.5 1.3538 23.9615 -9.5 1.2536 24.9639
4 0 -1.3 .7424 30.0762 -.9 .5619 31.8805 -2 .582 31.68 -1.9 .6722 30.7779
4 0 2.3 .592 31.5798 -.9 .5619 31.8805 -1.3 .7424 30.0762 2.5 .7123 30.3769
3 0 0 .5419 32.081 -.9 .5619 31.8805 2.3 .592 31.5798
4 0 0 .5419 32.081 2.3 .592 31.5798 1.7 .5118 32.3817 .9 .5018 32.482
3 0 4.9 .4216 33.2839 4.4 .4216 33.2839 4.7 .4818 32.6825
4 0 4.4 .4216 33.2839 3.6 .5118 32.3817 4 .5419 32.081 4.7 .4818 32.6825
4 0 5.2 .5519 31.9808 6.4 .5319 32.1813 6.5 .4517 32.9832 5.6 .4617 32.8829
4 0 4 .7223 30.2767 5.8 .592 31.5798 6.4 .5319 32.1813 5.2 .5519 31.9808
4 0 2.5 .9328 28.1716 2.4 .8927 28.5726 -1.3 .7424 30.0762 -1.3 .8727 28.7731
3 0 -1.3 .7424 30.0762 2.4 .8927 28.5726 2.6 .8426 29.0738
4 0 2.6 .8426 29.0738 2.7 .7624 29.8757 2.5 .7123 30.3769 -1.3 .7424 30.0762
4 0 2.6 1.0331 27.1692 2.5 .9328 28.1716 -1.3 .8727 28.7731 -1.8 .9429 28.0714
4 0 2.6 1.0331 27.1692 -1.8 .9429 28.0714 -1.7 1.1634 25.8661 2.3 1.0531 26.9688
3 0 2.3 1.0531 26.9688 -1.7 1.1634 25.8661 2.3 1.1734 25.7659
4 0 -1.7 1.1634 25.8661 -1.7 1.3037 24.4627 2.8 1.2035 25.4651 2.3 1.1734 25.7659
4 0 2.8 1.2035 25.4651 -1.7 1.3037 24.4627 .5 1.404 23.4603 2.7 1.3037 24.4627
4 0 3 1.3438 24.0618 2.7 1.3037 24.4627 .5 1.404 23.4603 1.9 1.414 23.3601
3 0 3 1.3438 24.0618 1.9 1.414 23.3601 2.6 1.4441 23.0594
4 0 -1.8 1.404 23.4603 -.9 1.414 23.3601 .5 1.404 23.4603 -1.7 1.3037 24.4627
3 0 3.3 1.7548 19.9519 -1.8 1.6445 21.0546 -1.8 1.7548 19.9519
4 0 3.3 1.7548 19.9519 3 1.6546 20.9543 -1.3 1.5543 21.9567 -1.8 1.6445 21.0546
4 0 3 1.6546 20.9543 2.7 1.5744 21.7563 -.7 1.4942 22.5582 -1.3 1.5543 21.9567
4 0 -.7 1.4942 22.5582 2.7 1.5744 21.7563 2.2 1.5042 22.4579 .7 1.4842 22.6584
3 0 4.4 1.6646 20.8541 5.2 1.7047 20.4531 6.3 1.6846 20.6536
4 0 6.3 1.6846 20.6536 6.5 1.5744 21.7563 3.9 1.5944 21.5558 4.4 1.6646 20.8541
4 0 3.9 1.5944 21.5558 6.5 1.5744 21.7563 6.2 1.4942 22.5582 4.3 1.5243 22.2575
4 0 4.3 1.5243 22.2575 6.2 1.4942 22.5582 6.5 1.414 23.3601 3.9 1.4842 22.6584
4 0 6.5 1.414 23.3601 6.2 1.3538 23.9615 3.9 1.3538 23.9615 3.9 1.4842 22.6584
4 0 3.9 1.3538 23.9615 6.2 1.3538 23.9615 5.6 1.2135 25.3649 4 1.2636 24.8637
3 0 3.9 1.1233 26.2671 4 1.2636 24.8637 5.6 1.2135 25.3649
4 0 5.6 .7324 30.1764 3.9 .9729 27.7707 3.9 1.1233 26.2671 5.6 1.2135 25.3649
4 0 3.5 1.0832 26.668 3.9 1.1233 26.2671 3.9 .9729 27.7707 3.5 1.003 27.47
3 0 5.6 .7324 30.1764 3.9 .8927 28.5726 3.9 .9729 27.7707
4 0 4 .7223 30.2767 3.9 .7925 29.575 3.9 .8927 28.5726 5.6 .7324 30.1764
3 0 5.8 .592 31.5798 4 .7223 30.2767 5.6 .7324 30.1764
4 0 3.5 .6622 30.8781 4 .7223 30.2767 5.2 .5519 31.9808 4 .582 31.68
3 0 3.9 .7925 29.575 3.6 .8526 28.9736 3.9 .8927 28.5726
3 0 8.5 .592 31.5798 7.3 .592 31.5798 7.3 .6923 30.5774
4 0 7.6 .7524 29.976 9 .6321 31.1788 8.5 .592 31.5798 7.3 .6923 30.5774
4 0 7.6 .8526 28.9736 9.1 1.0832 26.668 9 .6321 31.1788 7.6 .7524 29.976
4 0 7.2 1.2235 25.2647 9.1 1.0832 26.668 7.6 .8526 28.9736 7.2 .9629 27.8709
4 0 9.1 1.0832 26.668 7.2 1.2235 25.2647 7.5 1.2837 24.6632 9.1 1.2737 24.7635
4 0 11.3 1.0531 26.9688 11.3 .9228 28.2719 10.7 .9228 28.2719 10.8 1.0531 26.9688
4 0 10.7 .6421 31.0786 11.8 .7524 29.976 11.9 .572 31.7803 10.9 .582 31.68
4 0 11.9 .572 31.7803 11.8 .7524 29.976 13.8 .6522 30.9784 13.3 .582 31.68
4 0 13.8 .6522 30.9784 11.8 .7524 29.976 12.1 .8426 29.0738 14 .7223 30.2767
3 0 14 .7223 30.2767 12.1 .8426 29.0738 12.4 .9228 28.2719
4 0 12.5 1.0531 26.9688 13.8 1.3238 24.2623 14 .7223 30.2767 12.4 .9228 28.2719
4 0 13.1 1.3739 23.7611 13.8 1.3238 24.2623 12.5 1.0531 26.9688 11.6 1.1433 26.0666
3 0 11.6 1.1433 26.0666 12.1 1.3538 23.9615 13.1 1.3739 23.7611
4 0 11.6 1.1433 26.0666 10.7 1.1834 25.6656 10.9 1.3238 24.2623 12.1 1.3538 23.9615
3 0 10.3 1.7548 19.9519 7.3 1.6546 20.9543 7 1.7548 19.9519
4 0 10.3 1.7548 19.9519 10.4 1.5142 22.3577 7.3 1.5243 22.2575 7.3 1.6546 20.9543
4 0 7.3 1.5243 22.2575 10.4 1.5142 22.3577 9 1.434 23.1596 7.9 1.4441 23.0594
4 0 9 1.434 23.1596 10.4 1.5142 22.3577 9.9 1.404 23.4603 9.4 1.404 23.4603
3 0 11.1 1.5343 22.1572 11.1 1.7548 19.9519 17.5 1.7548 19.9519
4 0 11.1 1.5343 22.1572 17.5 1.7548 19.9519 12.7 1.434 23.1596 10.9 1.4441 23.0594
3 0 14.2 1.404 23.4603 12.7 1.434 23.1596 17.5 1.7548 19.9519
3 0 14.6 1.3138 24.3625 14.2 1.404 23.4603 17.5 1.7548 19.9519
4 0 8.3 .4918 32.5822 9.2 .5319 32.1813 11.9 .5118 32.3817 6.8 .3214 34.2863
3 0 6.8 .3214 34.2863 7.6 .4316 33.1837 8.3 .4918 32.5822
4 0 -3.8 .2913 34.587 -2.8 .3715 33.7851 3.4 .3314 34.1861 4.2 .2913 34.587
3 0 3.4 .3314 34.1861 -2.8 .3715 33.7851 2.5 .4116 33.3841
4 0 0 .4517 32.9832 1.6 .4417 33.0834 2.5 .4116 33.3841 -2.8 .3715 33.7851
3 0 -2.8 .3715 33.7851 -2 .4517 32.9832 0 .4517 32.9832
4 0 -17.5 .1008 36.4916 -17.5 1.7548 19.9519 -13.8 1.3538 23.9615 -13.8 .8526 28.9736
3 0 -13.8 1.3538 23.9615 -17.5 1.7548 19.9519 -13.2 1.3739 23.7611
4 0 -11.5 1.434 23.1596 -12.1 1.3839 23.6608 -13.2 1.3739 23.7611 -17.5 1.7548 19.9519
4 0 -11.5 1.434 23.1596 -17.5 1.7548 19.9519 -10.3 1.7548 19.9519 -10.1 1.4641 22.8589
3 0 -17.5 .1008 36.4916 -13.8 .8526 28.9736 -13.4 .7925 29.575
4 0 -13.4 .7925 29.575 -13.3 .6622 30.8781 -16.5 .0006 37.494 -17.5 .1008 36.4916
3 0 -16.5 .0006 37.494 -13.3 .6622 30.8781 -12.8 .592 31.5798
3 0 -16.5 .0006 37.494 -12.8 .592 31.5798 -11.8 .5519 31.9808
3 0 -16.5 .0006 37.494 -11.8 .5519 31.9808 -9.6 .5519 31.9808
4 0 -9 .572 31.7803 -8.2 .5018 32.482 -16.5 .0006 37.494 -9.6 .5519 31.9808
4 0 -5.2 .2813 34.6873 -16.5 .0006 37.494 -8.2 .5018 32.482 -5.9 .3815 33.6849
3 0 -5.9 .3815 33.6849 -8.2 .5018 32.482 -7 .5018 32.482
4 0 -5.2 .2813 34.6873 -3.8 .2913 34.587 4.2 .2913 34.587 -16.5 .0006 37.494
4 0 -16.5 .0006 37.494 4.2 .2913 34.587 5.7 .2913 34.587 16.5 .0006 37.494
4 0 5.7 .2913 34.587 6.8 .3214 34.2863 17.5 .1008 36.4916 16.5 .0006 37.494
4 0 6.8 .3214 34.2863 11.9 .5118 32.3817 13.7 .5319 32.1813 17.5 .1008 36.4916
3 0 17.5 .1008 36.4916 13.7 .5319 32.1813 14.3 .6121 31.3793
3 0 17.5 .1008 36.4916 14.3 .6121 31.3793 14.5 .7123 30.3769
4 0 14.6 1.3138 24.3625 17.5 1.7548 19.9519 17.5 .1008 36.4916 14.5 .7123 30.3769
4 0 -9.1 2.3763 16.8445 -6.5 1.8951 19.2502 -6.2 1.7548 19.9519 -9.1 1.7548 19.9519
3 0 3.3 1.7548 19.9519 -1.8 1.7548 19.9519 3.2 1.8751 19.3505
3 0 10.3 1.7548 19.9519 7 1.7548 19.9519 10.3 2.0154 18.6488
4 0 -8.9 2.5567 15.9423 -7.3 2.5567 15.9423 -6.5 1.8951 19.2502 -9.1 2.3763 16.8445
3 0 -6.5 1.8951 19.2502 -7.3 2.5567 15.9423 -6.8 2.6369 15.5413
3 0 -4.1 1.855 19.4507 -5.7 1.9152 19.15 -3 1.8951 19.2502
4 0 -3 1.8951 19.2502 -5.7 1.9152 19.15 -2.9 2.3162 17.1452 -2.8 2.0555 18.4483
3 0 -5.7 1.9152 19.15 -3.4 2.4765 16.3433 -2.9 2.3162 17.1452
4 0 -3.4 2.4765 16.3433 -5.7 1.9152 19.15 -5.6 2.5567 15.9423 -3.8 2.5768 15.8421
3 0 -5.6 2.5567 15.9423 -3.7 2.6971 15.2406 -3.8 2.5768 15.8421
4 0 -4.1 2.8775 14.3385 -3.5 2.7973 14.7394 -3.7 2.6971 15.2406 -5.6 2.5567 15.9423
4 0 -5.7 3.0579 13.4363 -4.2 3.0379 13.5365 -4.1 2.8775 14.3385 -5.6 2.5567 15.9423
3 0 -4.2 3.0379 13.5365 -5.7 3.0579 13.4363 -3.6 3.2183 12.6344
4 0 -3.5 3.7195 10.1284 -3.6 3.2183 12.6344 -5.7 3.0579 13.4363 -5.5 3.6794 10.3288
4 0 -3.5 3.7195 10.1284 -5.5 3.6794 10.3288 -5.3 3.9 9.2262 -3.9 3.9 9.2262
4 0 3.1 1.9954 18.749 3.2 1.8751 19.3505 -1.8 1.7548 19.9519 -1.7 1.8951 19.2502
4 0 1.4 2.236 17.5462 2.4 2.0956 18.2478 3.1 1.9954 18.749 -1.7 1.8951 19.2502
4 0 -1.5 2.2159 17.6464 .5 2.3563 16.9447 1.4 2.236 17.5462 -1.7 1.8951 19.2502
3 0 -1.5 2.2159 17.6464 -.8 2.3563 16.9447 .5 2.3563 16.9447
4 0 10.4 2.3563 16.9447 10.3 2.0154 18.6488 7 1.7548 19.9519 7.3 1.8951 19.2502
4 0 8.6 2.5968 15.7418 10.4 2.3563 16.9447 7.3 1.8951 19.2502 7.3 2.4765 16.3433
3 0 7.3 2.4765 16.3433 7.8 2.5768 15.8421 8.6 2.5968 15.7418
4 0 9.4 2.6971 15.2406 10.1 2.6169 15.6416 10.4 2.3563 16.9447 8.6 2.5968 15.7418
4 0 4.7 1.9352 19.0498 6.6 2.0355 18.5486 6.4 1.855 19.4507 5.4 1.835 19.551
4 0 4.7 1.9352 19.0498 4.3 2.1558 17.9471 6.5 2.5567 15.9423 6.6 2.0355 18.5486
4 0 3.9 2.6971 15.2406 6.5 2.5567 15.9423 4.3 2.1558 17.9471 3.9 2.4164 16.644
3 0 6.5 2.5567 15.9423 3.9 2.6971 15.2406 4.1 2.8575 14.4387
4 0 4.3 3.078 13.3361 6.5 3.1782 12.8349 6.5 2.5567 15.9423 4.1 2.8575 14.4387
4 0 4.3 3.078 13.3361 4.6 3.2584 12.4339 6.7 3.519 11.1308 6.5 3.1782 12.8349
4 0 6.9 3.8198 9.6272 6.7 3.519 11.1308 4.6 3.2584 12.4339 4.4 3.4789 11.3313
4 0 4.3 3.9 9.2262 5.7 3.92 9.126 6.9 3.8198 9.6272 4.4 3.4789 11.3313
3 0 6.9 3.8198 9.6272 5.7 3.92 9.126 6.4 4.0002 8.725
4 0 2.9 2.7773 14.8397 2.7 2.5567 15.9423 2.2 2.4966 16.243 1.4 2.5367 16.0425
4 0 1.4 2.5367 16.0425 .1 2.5968 15.7418 3 3.0379 13.5365 2.9 2.7773 14.8397
4 0 3 3.0379 13.5365 .1 2.5968 15.7418 -2 2.5968 15.7418 2.6 3.1582 12.9351
4 0 -2.1 3.078 13.3361 2.6 3.1582 12.9351 -2 2.5968 15.7418 -2.1 2.7572 14.9399
4 0 2.6 3.3787 11.8325 2.6 3.1582 12.9351 -2.1 3.078 13.3361 -2.1 3.4789 11.3313
4 0 -2.2 3.8198 9.6272 3.1 3.5591 10.9303 2.6 3.3787 11.8325 -2.1 3.4789 11.3313
3 0 -2.4 3.9801 8.8252 -2.7 4.1205 8.1236 -2.2 4.1806 7.8228
4 0 -2.4 3.9801 8.8252 -2.2 4.1806 7.8228 3.1 3.5591 10.9303 -2.2 3.8198 9.6272
4 0 3 3.94 9.0257 3.1 3.5591 10.9303 -2.2 4.1806 7.8228 -1.2 4.5214 6.1188
4 0 3 3.94 9.0257 -1.2 4.5214 6.1188 2.6 4.2809 7.3216 2.9 4.0804 8.324
3 0 2.6 4.2809 7.3216 -1.2 4.5214 6.1188 .4 4.5214 6.1188
4 0 2.1 4.5615 5.9183 2.5 4.4813 6.3192 2.6 4.2809 7.3216 .4 4.5214 6.1188
3 0 -2.2 4.1806 7.8228 -2.1 4.6016 5.7178 -1.2 4.5214 6.1188
4 0 -3 4.2207 7.6224 -3.7 4.1606 7.9231 -5.5 4.1606 7.9231 -5.7 4.4413 6.5197
4 0 -5.5 4.742 5.0161 -2.9 4.6818 5.3168 -3 4.2207 7.6224 -5.7 4.4413 6.5197
3 0 -2.9 4.6818 5.3168 -5.5 4.742 5.0161 -3.3 4.8623 4.4147
4 0 -3.2 5.1229 3.1115 -3.3 4.8623 4.4147 -5.5 4.742 5.0161 -5.6 5.0627 3.4123
4 0 -2.9 5.3234 2.1091 -3.2 5.1229 3.1115 -5.6 5.0627 3.4123 -5.6 5.3635 1.9087
3 0 -2.9 5.3234 2.1091 -5.6 5.3635 1.9087 -5.6 5.5238 1.1067
4 0 -5.6 5.5238 1.1067 -5.3 5.7644 -.0962 -2.9 5.7644 -.0962 -2.9 5.3234 2.1091
4 0 -2 4.8623 4.4147 1.6 4.762 4.9159 .8 4.6818 5.3168 -1.3 4.7019 5.2166
4 0 -2.2 4.9825 3.8132 2.6 5.1229 3.1115 2.6 4.8623 4.4147 -2 4.8623 4.4147
3 0 1.6 4.762 4.9159 -2 4.8623 4.4147 2.6 4.8623 4.4147
4 0 2.4 5.4437 1.5077 2.6 5.1229 3.1115 -2.2 4.9825 3.8132 -2.1 5.2231 2.6103
4 0 .6 5.6241 .6055 2.4 5.4437 1.5077 -2.1 5.2231 2.6103 -1.2 5.4637 1.4075
3 0 -2.1 5.2231 2.6103 -2 5.3434 2.0089 -1.2 5.4637 1.4075
3 0 -1.2 5.4637 1.4075 -.8 5.604 .7058 .6 5.6241 .6055
3 0 2.4 5.4437 1.5077 .6 5.6241 .6055 2.2 5.604 .7058
4 0 5.5 4.1205 8.1236 4.3 4.1004 8.2238 3.8 4.3009 7.2214 6.3 4.2608 7.4219
4 0 3.8 4.3009 7.2214 3.5 4.5014 6.219 6.5 4.8222 4.6151 6.3 4.2608 7.4219
3 0 3.5 4.5014 6.219 3.5 4.742 5.0161 6.5 4.8222 4.6151
4 0 6.5 4.8222 4.6151 3.5 4.742 5.0161 3.5 5.0226 3.6127 6.5 5.0427 3.5125
4 0 6.5 5.2432 2.5101 6.5 5.0427 3.5125 3.5 5.0226 3.6127 3.5 5.3635 1.9087
4 0 3.5 5.3635 1.9087 3.4 5.604 .7058 6.4 5.7644 -.0962 6.5 5.2432 2.5101
3 0 3.4 5.604 .7058 3.4 5.7644 -.0962 6.4 5.7644 -.0962
3 0 -6.1 5.7644 -.0962 -6.3 5.6441 .5053 -17.5 5.7644 -.0962
3 0 -6.6 5.4637 1.4075 -17.5 5.7644 -.0962 -6.3 5.6441 .5053
4 0 -6.4 4.8623 4.4147 -17.5 5.7644 -.0962 -6.6 5.4637 1.4075 -6.5 5.2632 2.4099
4 0 -9.5 2.657 15.4411 -17.5 5.7644 -.0962 -6.4 4.8623 4.4147 -6.4 4.3811 6.8204
4 0 -9.5 2.657 15.4411 -6.4 4.3811 6.8204 -5.9 3.94 9.0257 -8.1 2.7572 14.9399
4 0 -6.3 3.1381 13.0353 -8.1 2.7572 14.9399 -5.9 3.94 9.0257 -6 3.6995 10.2286
3 0 -8.1 2.7572 14.9399 -6.3 3.1381 13.0353 -7 2.7973 14.7394
3 0 -6.4 2.7973 14.7394 -7 2.7973 14.7394 -6.3 3.1381 13.0353
4 0 -10.2 2.5166 16.1428 -10 2.1959 17.7466 -10.3 1.7548 19.9519 -17.5 1.7548 19.9519
4 0 -9.5 2.657 15.4411 -10.2 2.5166 16.1428 -17.5 1.7548 19.9519 -17.5 5.7644 -.0962
3 0 17.5 1.7548 19.9519 11.1 1.7548 19.9519 11.1 1.9352 19.0498
4 0 11.1 1.9352 19.0498 10.9 2.2961 17.2454 11 2.6169 15.6416 17.5 1.7548 19.9519
3 0 17.5 1.7548 19.9519 11 2.6169 15.6416 10.8 2.7773 14.8397
4 0 17.5 1.7548 19.9519 10.8 2.7773 14.8397 7.2 5.7644 -.0962 17.5 5.7644 -.0962
4 0 7.3 5.163 2.9111 7.2 5.3434 2.0089 7.2 5.7644 -.0962 10.8 2.7773 14.8397
3 0 10.8 2.7773 14.8397 7.3 4.9825 3.8132 7.3 5.163 2.9111
3 0 10.8 2.7773 14.8397 7.1 4.8222 4.6151 7.3 4.9825 3.8132
4 0 7.4 3.92 9.126 6.9 4.2608 7.4219 7.1 4.8222 4.6151 10.8 2.7773 14.8397
3 0 7.4 3.92 9.126 6.8 4.0804 8.324 6.9 4.2608 7.4219
3 0 10.8 2.7773 14.8397 7.5 3.5591 10.9303 7.4 3.92 9.126
3 0 10.8 2.7773 14.8397 7.3 3.3186 12.1332 7.5 3.5591 10.9303
4 0 7.4 2.7973 14.7394 7.3 3.3186 12.1332 10.8 2.7773 14.8397 8.6 2.7773 14.8397
3 0 -6.1 5.7644 -.0962 -17.5 5.7644 -.0962 -6.3 6.1854 -1.4995
3 0 -2.9 5.7644 -.0962 -5.3 5.7644 -.0962 -3.2 5.8847 -.4971
4 0 -5.6 6.2456 -1.7 -3.4 6.1854 -1.4995 -3.2 5.8847 -.4971 -5.3 5.7644 -.0962
4 0 -5.6 6.5764 -2.8026 -3 6.3358 -2.0007 -3.4 6.1854 -1.4995 -5.6 6.2456 -1.7
4 0 -3 6.6666 -3.1034 -3 6.3358 -2.0007 -5.6 6.5764 -2.8026 -5.1 6.7568 -3.4041
4 0 -4.6 6.8771 -3.805 -3.8 6.7869 -3.5043 -3 6.6666 -3.1034 -5.1 6.7568 -3.4041
3 0 0 5.8546 -.3969 -2 5.9148 -.5974 -2.1 6.1854 -1.4995
4 0 0 5.8546 -.3969 -2.1 6.1854 -1.4995 2.8 6.0651 -1.0986 2.5 5.8546 -.3969
3 0 2.8 6.0651 -1.0986 -2.1 6.1854 -1.4995 2.7 6.3659 -2.101
4 0 -2.1 6.1854 -1.4995 -.5 6.6064 -2.9029 1.1 6.6064 -2.9029 2.7 6.3659 -2.101
3 0 2.7 6.3659 -2.101 1.1 6.6064 -2.9029 2.5 6.6967 -3.2036
3 0 1.1 6.6064 -2.9029 -.5 6.6064 -2.9029 .1 6.6666 -3.1034
3 0 -2.1 6.1854 -1.4995 -2.1 6.6064 -2.9029 -.5 6.6064 -2.9029
4 0 3.4 5.7644 -.0962 3.8 5.9148 -.5974 6.5 6.1253 -1.299 6.4 5.7644 -.0962
4 0 3.8 5.9148 -.5974 3.8 6.1554 -1.3993 6.8 6.5764 -2.8026 6.5 6.1253 -1.299
4 0 5.3 6.7568 -3.4041 6.8 6.5764 -2.8026 3.8 6.1554 -1.3993 3.8 6.5463 -2.7024
3 0 6.8 6.5764 -2.8026 5.3 6.7568 -3.4041 6.5 6.847 -3.7048
3 0 3.8 6.5463 -2.7024 3.9 6.7568 -3.4041 5.3 6.7568 -3.4041
3 0 -.8 6.9072 -3.9053 -2.2 6.9974 -4.206 -2.1 7.268 -5.1082
4 0 -1.7 7.5086 -5.9101 -.3 7.5688 -6.1106 -.8 6.9072 -3.9053 -2.1 7.268 -5.1082
4 0 -.8 6.9072 -3.9053 -.3 7.5688 -6.1106 1.1 7.5387 -6.0103 .6 6.8771 -3.805
3 0 .6 6.8771 -3.805 1.1 7.5387 -6.0103 1.7 6.9372 -4.0055
4 0 1.7 6.9372 -4.0055 1.1 7.5387 -6.0103 2.3 7.5086 -5.9101 2.6 7.268 -5.1082
3 0 2.6 6.9372 -4.0055 1.7 6.9372 -4.0055 2.6 7.268 -5.1082
3 0 -4 7.1177 -4.607 -2.8 7.4184 -5.6094 -3.2 7.2079 -4.9077
4 0 -5.6 7.7492 -6.712 -2.8 7.4184 -5.6094 -4 7.1177 -4.607 -5.7 7.4184 -5.6094
3 0 -4 7.1177 -4.607 -5 7.1477 -4.7072 -5.7 7.4184 -5.6094
4 0 -5.2 8.08 -7.8147 -2.8 7.8093 -6.9125 -2.8 7.4184 -5.6094 -5.6 7.7492 -6.712
4 0 -5.2 8.08 -7.8147 -5.4 8.2905 -8.5163 -5.4 8.5311 -9.3183 -2.8 7.8093 -6.9125
4 0 -5.4 8.5311 -9.3183 -5.7 9.0122 -10.9221 -5.3 9.2528 -11.724 -2.8 7.8093 -6.9125
4 0 -5.3 9.2528 -11.724 -5.2 9.5836 -12.8267 -2.9 10.3655 -15.4329 -2.8 7.8093 -6.9125
3 0 -5.2 9.5836 -12.8267 -5.3 10.2452 -15.032 -2.9 10.3655 -15.4329
4 0 -2.9 10.3655 -15.4329 -5.3 10.2452 -15.032 -5.1 10.606 -16.2349 -4 10.6361 -16.3351
3 0 -5.3 10.2452 -15.032 -5.7 10.4557 -15.7337 -5.1 10.606 -16.2349
3 0 0 7.8695 -7.113 -1.5 7.8695 -7.113 -1.3 8.2003 -8.2156
4 0 -1.3 8.8017 -10.2204 1.8 8.3206 -8.6166 0 7.8695 -7.113 -1.3 8.2003 -8.2156
4 0 0 7.8695 -7.113 1.8 8.3206 -8.6166 2.1 7.7793 -6.8123 1.3 7.8093 -6.9125
3 0 1.8 8.3206 -8.6166 -1.3 8.8017 -10.2204 1.9 8.7716 -10.1202
4 0 1.8 9.5836 -12.8267 2.1 9.0423 -11.0224 1.9 8.7716 -10.1202 -1.3 8.8017 -10.2204
4 0 1.8 10.4857 -15.8339 1.8 9.5836 -12.8267 -1.3 8.8017 -10.2204 -1.3 10.606 -16.2349
4 0 -1.3 11.027 -17.6382 2.2 10.7865 -16.8363 1.8 10.4857 -15.8339 -1.3 10.606 -16.2349
3 0 2.2 10.7865 -16.8363 -1.3 11.027 -17.6382 -.6 11.1473 -18.0392
4 0 -.6 11.1473 -18.0392 .7 11.2676 -18.4401 1.8 11.2075 -18.2397 2.2 10.7865 -16.8363
4 0 -2.3 11.5683 -19.4425 -2.4 11.7788 -20.1442 2.8 11.7788 -20.1442 -1.1 11.5383 -19.3423
4 0 -1.1 11.5383 -19.3423 2.8 11.7788 -20.1442 2.6 11.5082 -19.2421 .8 11.4481 -19.0416
3 0 -3.3 10.7263 -16.6358 -4.3 10.8767 -17.137 -2.1 10.9368 -17.3375
4 0 -3.3 11.5683 -19.4425 -2.7 11.3879 -18.8411 -2.1 10.9368 -17.3375 -4.3 10.8767 -17.137
3 0 -2.2 10.3655 -15.4329 -3.3 10.7263 -16.6358 -2.1 10.9368 -17.3375
3 0 -2.1 10.9368 -17.3375 -2.7 11.3879 -18.8411 -1.7 11.2375 -18.3399
4 0 -5.8 10.8466 -17.0368 -3.3 11.7788 -20.1442 -3.3 11.5683 -19.4425 -4.3 10.8767 -17.137
4 0 -6.4 10.6662 -16.4353 -17.5 11.7788 -20.1442 -3.3 11.7788 -20.1442 -5.8 10.8466 -17.0368
3 0 -6.5 10.3354 -15.3327 -17.5 11.7788 -20.1442 -6.4 10.6662 -16.4353
4 0 -6.2 10.0647 -14.4305 -6.4 9.3129 -11.9245 -17.5 11.7788 -20.1442 -6.5 10.3354 -15.3327
4 0 -17.5 11.7788 -20.1442 -6.4 6.5764 -2.8026 -6.3 6.1854 -1.4995 -17.5 5.7644 -.0962
4 0 -6.4 7.4785 -5.8099 -6.4 6.5764 -2.8026 -17.5 11.7788 -20.1442 -6.7 7.7793 -6.8123
4 0 -6 6.8771 -3.805 -6.4 6.5764 -2.8026 -6.4 7.4785 -5.8099 -6 7.1177 -4.607
3 0 -6.7 7.7793 -6.8123 -17.5 11.7788 -20.1442 -6.5 8.0198 -7.6142
4 0 -6.4 8.922 -10.6214 -6.4 8.4408 -9.0175 -6.5 8.0198 -7.6142 -17.5 11.7788 -20.1442
3 0 -6.4 8.922 -10.6214 -17.5 11.7788 -20.1442 -6.7 9.1325 -11.3231
3 0 -6.7 9.1325 -11.3231 -17.5 11.7788 -20.1442 -6.4 9.3129 -11.9245
3 0 5.3 7.0275 -4.3062 3.9 7.1177 -4.607 6 7.1778 -4.8075
4 0 3.9 7.1177 -4.607 3.5 7.6289 -6.3111 6.6 7.5688 -6.1106 6 7.1778 -4.8075
3 0 6.6 7.5688 -6.1106 3.5 7.6289 -6.3111 6.5 8.11 -7.9149
4 0 6.5 8.5912 -9.5187 6.5 8.11 -7.9149 3.5 7.6289 -6.3111 3.5 8.5311 -9.3183
4 0 6.5 9.2829 -11.8243 6.5 8.5912 -9.5187 3.5 8.5311 -9.3183 3.4 9.0724 -11.1226
3 0 3.4 9.0724 -11.1226 3.8 9.6137 -12.9269 6.5 9.2829 -11.8243
4 0 5.7 10.606 -16.2349 6.6 10.5158 -15.9341 6.5 9.2829 -11.8243 3.8 9.6137 -12.9269
4 0 3.7 10.3655 -15.4329 4.4 10.5158 -15.9341 5.7 10.606 -16.2349 3.8 9.6137 -12.9269
3 0 2.7 10.3655 -15.4329 2.8 10.6963 -16.5356 3.5 10.6361 -16.3351
3 0 3.5 10.6361 -16.3351 2.8 10.6963 -16.5356 2.6 11.2676 -18.4401
4 0 3.5 10.6361 -16.3351 2.6 11.2676 -18.4401 3.6 11.4781 -19.1418 4.1 10.7564 -16.7361
4 0 4.1 10.7564 -16.7361 3.6 11.4781 -19.1418 3.6 11.7788 -20.1442 5.7 10.8165 -16.9365
4 0 5.7 10.8165 -16.9365 3.6 11.7788 -20.1442 17.5 11.7788 -20.1442 6.9 10.7564 -16.7361
3 0 7.4 10.5459 -16.0344 6.9 10.7564 -16.7361 17.5 11.7788 -20.1442
4 0 7.4 10.5459 -16.0344 17.5 11.7788 -20.1442 7.3 8.501 -9.218 7.1 9.2227 -11.6238
4 0 7.3 8.501 -9.218 17.5 11.7788 -20.1442 17.5 5.7644 -.0962 7.3 8.2905 -8.5163
3 0 17.5 5.7644 -.0962 7.2 5.7644 -.0962 7.3 6.3959 -2.2012
3 0 17.5 5.7644 -.0962 7.3 6.3959 -2.2012 7.3 6.8169 -3.6046
4 0 7.3 8.2905 -8.5163 17.5 5.7644 -.0962 7.3 6.8169 -3.6046 7.2 7.659 -6.4113
3 0 7.3 6.8169 -3.6046 6.7 7.1177 -4.607 7.2 7.659 -6.4113
4 0 16.8827 18.7652 -37.61 17.4239 18.5482 -37.0675 17.5 18.3947 -36.6839 16.5 18.7957 -37.6863
3 0 17.2071 18.6782 -37.3927 17.4239 18.5482 -37.0675 16.8827 18.7652 -37.61
4 0 -17.4239 18.5482 -37.0675 -16.8827 18.7652 -37.61 -16.5 18.7957 -37.6863 -17.5 18.3947 -36.6839
3 0 -17.2071 18.6782 -37.3927 -16.8827 18.7652 -37.61 -17.4239 18.5482 -37.0675
3 0 2.8 11.7788 -20.1442 -2.4 11.7788 -20.1442 2.6 11.9793 -20.6454
4 0 -1.6 12.3001 -21.4474 0 12.3402 -21.5476 2 12.2199 -21.2469 -1.8 11.9793 -20.6454
4 0 -2.4 11.7788 -20.1442 -1.8 11.9793 -20.6454 2 12.2199 -21.2469 2.6 11.9793 -20.6454
4 0 1.8 13.1421 -23.5524 .5 12.661 -22.3495 -1.4 12.661 -22.3495 -1.7 12.8614 -22.8507
4 0 1.8 13.1421 -23.5524 2.2 12.9015 -22.951 2.1 12.5808 -22.149 .5 12.661 -22.3495
3 0 -1.7 12.8614 -22.8507 -1.4 13.1421 -23.5524 1.8 13.1421 -23.5524
3 0 1.8 13.1421 -23.5524 -1.4 13.1421 -23.5524 -1.3 13.6233 -24.7553
4 0 -1.4 14.9464 -28.0632 1.7 14.6658 -27.3615 1.8 13.1421 -23.5524 -1.3 13.6233 -24.7553
4 0 -1.5 15.2672 -28.8651 1.9 15.3474 -29.0656 1.7 14.6658 -27.3615 -1.4 14.9464 -28.0632
4 0 -1.5 15.2672 -28.8651 -1.3 15.7484 -30.068 1.8 16.5102 -31.9726 1.9 15.3474 -29.0656
4 0 -1.3 15.7484 -30.068 -1.3 16.9513 -33.0752 -.8 17.1918 -33.6767 1.8 16.5102 -31.9726
4 0 1.8 16.5102 -31.9726 -.8 17.1918 -33.6767 1.9 17.1918 -33.6767 2.1 16.7909 -32.6743
4 0 1.1 17.3522 -34.0776 1.9 17.1918 -33.6767 -.8 17.1918 -33.6767 0 17.3121 -33.9774
4 0 -2.2 12.5006 -21.9486 -2.7 12.0996 -20.9462 -3.3 11.7788 -20.1442 -17.5 11.7788 -20.1442
4 0 2.9 16.3097 -31.4714 17.5 11.7788 -20.1442 2.6 14.9063 -27.963 2.6 16.1493 -31.0704
4 0 2.6 14.9063 -27.963 17.5 11.7788 -20.1442 3.1 12.8213 -22.7505 2.6 13.3025 -23.9534
4 0 3.6 11.7788 -20.1442 2.9 12.3001 -21.4474 3.1 12.8213 -22.7505 17.5 11.7788 -20.1442
4 0 -2.2 12.5006 -21.9486 -17.5 11.7788 -20.1442 -17.5 18.3947 -36.6839 -2.6 12.7813 -22.6502
3 0 -2.6 12.7813 -22.6502 -17.5 18.3947 -36.6839 -2.4 13.1421 -23.5524
4 0 -2.2 14.9464 -28.0632 -2.2 13.4629 -24.3543 -2.4 13.1421 -23.5524 -17.5 18.3947 -36.6839
3 0 -2.2 14.9464 -28.0632 -17.5 18.3947 -36.6839 -2.2 15.6682 -29.8675
3 0 -2.2 15.6682 -29.8675 -17.5 18.3947 -36.6839 -2 16.9513 -33.0752
4 0 -17.5 18.3947 -36.6839 -16.5 18.7957 -37.6863 -1.8 17.3121 -33.9774 -2 16.9513 -33.0752
3 0 -1.8 17.3121 -33.9774 -16.5 18.7957 -37.6863 -1 17.5126 -34.4786
3 0 -1 17.5126 -34.4786 -16.5 18.7957 -37.6863 .1 17.6329 -34.7793
4 0 .1 17.6329 -34.7793 -16.5 18.7957 -37.6863 16.5 18.7957 -37.6863 1.3 17.6329 -34.7793
3 0 2.4 17.3121 -33.9774 1.3 17.6329 -34.7793 16.5 18.7957 -37.6863
4 0 16.5 18.7957 -37.6863 17.5 18.3947 -36.6839 2.9 16.7508 -32.574 2.4 17.3121 -33.9774
4 0 2.9 16.7508 -32.574 17.5 18.3947 -36.6839 17.5 11.7788 -20.1442 2.9 16.3097 -31.4714
4 25 -10.3 1.7548 19.9519 -9.1 1.7548 19.9519 -9.1 1.4541 22.9591 -10.1 1.4641 22.8589
4 25 -11.2 1.3338 24.162 -11.5 1.434 23.1596 -10.1 1.4641 22.8589 -9.9 1.3538 23.9615
4 25 -12.4 1.3138 24.3625 -12.1 1.3839 23.6608 -11.5 1.434 23.1596 -11.2 1.3338 24.162
3 25 -12.4 1.3138 24.3625 -13.2 1.3739 23.7611 -12.1 1.3839 23.6608
4 25 -13.8 1.3538 23.9615 -13.2 1.3739 23.7611 -12.4 1.3138 24.3625 -12.9 1.3138 24.3625
4 25 -13.8 1.3538 23.9615 -12.9 1.3138 24.3625 -13 .8426 29.0738 -13.8 .8526 28.9736
4 25 -13.8 .8526 28.9736 -13 .8426 29.0738 -12.5 .7825 29.6752 -13.4 .7925 29.575
4 25 -13.4 .7925 29.575 -12.5 .7825 29.6752 -12.5 .6622 30.8781 -13.3 .6622 30.8781
3 25 -12.8 .592 31.5798 -13.3 .6622 30.8781 -12.5 .6622 30.8781
4 25 -12.5 .6622 30.8781 -12 .6221 31.2791 -11.8 .5519 31.9808 -12.8 .592 31.5798
3 25 -11.8 .5519 31.9808 -12 .6221 31.2791 -10.7 .6221 31.2791
4 25 -9.9 .6321 31.1788 -9.6 .5519 31.9808 -11.8 .5519 31.9808 -10.7 .6221 31.2791
4 25 -9.6 .5519 31.9808 -9.9 .6321 31.1788 -8.6 .6421 31.0786 -9 .572 31.7803
4 25 -9.9 .6321 31.1788 -10.1 .7223 30.2767 -8.4 .7725 29.7755 -8.6 .6421 31.0786
4 25 -10.1 .7223 30.2767 -11 .8025 29.4748 -8.2 .8727 28.7731 -8.4 .7725 29.7755
4 25 -11 .8025 29.4748 -11.2 .9328 28.1716 -7.8 .983 27.6704 -8.2 .8727 28.7731
4 25 -11.2 .9328 28.1716 -10.9 1.0531 26.9688 -7.8 1.0531 26.9688 -7.8 .983 27.6704
4 25 -7.7 1.1834 25.6656 -7.8 1.0531 26.9688 -10.9 1.0531 26.9688 -10.7 1.1734 25.7659
4 25 -10.7 1.2336 25.1644 -8.6 1.2235 25.2647 -7.7 1.1834 25.6656 -10.7 1.1734 25.7659
3 25 -8.6 1.2235 25.2647 -10.7 1.2336 25.1644 -9.5 1.2536 24.9639
4 25 -9.5 1.3538 23.9615 -8.6 1.3138 24.3625 -8.6 1.2235 25.2647 -9.5 1.2536 24.9639
3 25 -8.6 1.3138 24.3625 -9.5 1.3538 23.9615 -9.1 1.4541 22.9591
4 25 -10.1 1.4641 22.8589 -9.1 1.4541 22.9591 -9.5 1.3538 23.9615 -9.9 1.3538 23.9615
4 25 -8.6 1.3138 24.3625 -9.1 1.4541 22.9591 -6.5 1.4441 23.0594 -6.4 1.3238 24.2623
4 25 -5.2 1.5343 22.1572 -5.2 1.3338 24.162 -6.4 1.3238 24.2623 -6.5 1.4441 23.0594
4 25 -5.2 1.3338 24.162 -5.2 1.1433 26.0666 -6.5 1.1834 25.6656 -6.4 1.3238 24.2623
3 25 -6.5 1.4441 23.0594 -6.4 1.5644 21.8565 -5.2 1.5343 22.1572
4 25 -5.1 1.7047 20.4531 -5.2 1.5343 22.1572 -6.4 1.5644 21.8565 -6.2 1.7548 19.9519
4 25 -7.7 1.1834 25.6656 -6.5 1.1834 25.6656 -6.5 1.013 27.3697 -7.8 1.0531 26.9688
3 25 -7.8 .983 27.6704 -7.8 1.0531 26.9688 -6.5 1.013 27.3697
4 25 -6.5 1.1834 25.6656 -5.2 1.1433 26.0666 -5.2 .983 27.6704 -6.5 1.013 27.3697
3 25 -6.7 .9028 28.4724 -6.5 1.013 27.3697 -5.2 .983 27.6704
4 25 -5.2 .983 27.6704 -5.2 .8426 29.0738 -6.6 .8226 29.2743 -6.7 .9028 28.4724
4 25 -6.9 .7424 30.0762 -6.6 .8226 29.2743 -5.2 .8426 29.0738 -5.2 .7324 30.1764
4 25 -7 .6421 31.0786 -6.9 .7424 30.0762 -5.2 .7324 30.1764 -5.3 .6221 31.2791
4 25 -7 .5018 32.482 -7 .6421 31.0786 -5.3 .6221 31.2791 -5.8 .5619 31.8805
4 25 -8.2 .5018 32.482 -7.6 .582 31.68 -7 .6421 31.0786 -7 .5018 32.482
4 25 -8.6 .6421 31.0786 -7.6 .582 31.68 -8.2 .5018 32.482 -9 .572 31.7803
4 25 -5.1 .4216 33.2839 -5.9 .3815 33.6849 -7 .5018 32.482 -5.8 .5619 31.8805
4 25 -5.9 .3815 33.6849 -5.1 .4216 33.2839 -4.6 .3615 33.8853 -5.2 .2813 34.6873
4 25 -5.2 .2813 34.6873 -4.6 .3615 33.8853 -3.9 .3815 33.6849 -3.8 .2913 34.587
4 25 -3.8 .2913 34.587 -3.9 .3815 33.6849 -3.7 .4918 32.5822 -2.8 .3715 33.7851
4 25 -2 .4517 32.9832 -2.8 .3715 33.7851 -3.7 .4918 32.5822 -2.9 .5419 32.081
4 25 -.9 .5619 31.8805 -2 .4517 32.9832 -2.9 .5419 32.081 -2 .582 31.68
4 25 0 .5419 32.081 0 .4517 32.9832 -2 .4517 32.9832 -.9 .5619 31.8805
4 25 -2.9 .5419 32.081 -3 .7023 30.4772 -1.9 .6722 30.7779 -2 .582 31.68
4 25 -1.3 .7424 30.0762 -1.9 .6722 30.7779 -3 .7023 30.4772 -2.9 .7825 29.6752
4 25 -1.3 .7424 30.0762 -2.9 .7825 29.6752 -2.7 .8526 28.9736 -1.3 .8727 28.7731
4 25 -2.9 .9529 27.9712 -1.8 .9429 28.0714 -1.3 .8727 28.7731 -2.7 .8526 28.9736
4 25 -1.7 1.1634 25.8661 -1.8 .9429 28.0714 -2.9 .9529 27.9712 -2.9 1.0932 26.5678
4 25 -2.9 1.0932 26.5678 -3 1.1834 25.6656 -1.7 1.3037 24.4627 -1.7 1.1634 25.8661
4 25 -3 1.1834 25.6656 -2.9 1.3438 24.0618 -1.8 1.404 23.4603 -1.7 1.3037 24.4627
3 25 -2.9 1.3438 24.0618 -2.8 1.4541 22.9591 -1.8 1.404 23.4603
4 25 -2.8 1.4541 22.9591 -3.1 1.5744 21.7563 -1.8 1.6445 21.0546 -1.3 1.5543 21.9567
4 25 -3.1 1.5744 21.7563 -3.4 1.6746 20.7538 -1.8 1.7548 19.9519 -1.8 1.6445 21.0546
3 25 -3.4 1.6746 20.7538 -3.5 1.7047 20.4531 -1.8 1.7548 19.9519
4 25 -6.2 1.7548 19.9519 -1.8 1.7548 19.9519 -3.5 1.7047 20.4531 -5.1 1.7047 20.4531
4 25 0 .5419 32.081 .9 .5018 32.482 1.6 .4417 33.0834 0 .4517 32.9832
3 25 1.6 .4417 33.0834 .9 .5018 32.482 1.7 .5118 32.3817
4 25 3.6 .5118 32.3817 2.5 .4116 33.3841 1.6 .4417 33.0834 1.7 .5118 32.3817
4 25 4 .5419 32.081 3.6 .5118 32.3817 1.7 .5118 32.3817 2.3 .592 31.5798
4 25 2.5 .7123 30.3769 3.5 .6622 30.8781 4 .582 31.68 2.3 .592 31.5798
3 25 3.5 .6622 30.8781 2.5 .7123 30.3769 2.7 .7624 29.8757
4 25 3.5 .6622 30.8781 2.7 .7624 29.8757 3.9 .7925 29.575 4 .7223 30.2767
4 25 2.7 .7624 29.8757 2.6 .8426 29.0738 3.6 .8526 28.9736 3.9 .7925 29.575
3 25 2.6 .8426 29.0738 2.4 .8927 28.5726 3.6 .8526 28.9736
4 25 2.4 .8927 28.5726 2.5 .9328 28.1716 3.9 .8927 28.5726 3.6 .8526 28.9736
3 25 3.9 .8927 28.5726 2.5 .9328 28.1716 3.9 .9729 27.7707
4 25 2.6 1.0331 27.1692 3.5 1.003 27.47 3.9 .9729 27.7707 2.5 .9328 28.1716
4 25 2.3 1.0531 26.9688 3.5 1.0832 26.668 3.5 1.003 27.47 2.6 1.0331 27.1692
3 25 2.3 1.0531 26.9688 2.3 1.1734 25.7659 3.5 1.0832 26.668
4 25 2.3 1.1734 25.7659 2.8 1.2035 25.4651 3.9 1.1233 26.2671 3.5 1.0832 26.668
3 25 3.9 1.1233 26.2671 2.8 1.2035 25.4651 4 1.2636 24.8637
4 25 2.8 1.2035 25.4651 2.7 1.3037 24.4627 3 1.3438 24.0618 4 1.2636 24.8637
3 25 4 1.2636 24.8637 3 1.3438 24.0618 3.9 1.3538 23.9615
4 25 3.9 1.3538 23.9615 3 1.3438 24.0618 2.6 1.4441 23.0594 3.9 1.4842 22.6584
4 25 2.7 1.5744 21.7563 3.9 1.4842 22.6584 2.6 1.4441 23.0594 2.2 1.5042 22.4579
3 25 1.9 1.414 23.3601 2.2 1.5042 22.4579 2.6 1.4441 23.0594
4 25 .7 1.4842 22.6584 2.2 1.5042 22.4579 1.9 1.414 23.3601 .5 1.404 23.4603
4 25 -.7 1.4942 22.5582 .7 1.4842 22.6584 .5 1.404 23.4603 -.9 1.414 23.3601
3 25 -.9 1.414 23.3601 -1.3 1.5543 21.9567 -.7 1.4942 22.5582
4 25 -2.8 1.4541 22.9591 -1.3 1.5543 21.9567 -.9 1.414 23.3601 -1.8 1.404 23.4603
4 25 3.9 1.4842 22.6584 2.7 1.5744 21.7563 3.9 1.5944 21.5558 4.3 1.5243 22.2575
4 25 2.7 1.5744 21.7563 3 1.6546 20.9543 4.4 1.6646 20.8541 3.9 1.5944 21.5558
4 25 3 1.6546 20.9543 3.3 1.7548 19.9519 5.2 1.7047 20.4531 4.4 1.6646 20.8541
4 25 3.3 1.7548 19.9519 7 1.7548 19.9519 6.3 1.6846 20.6536 5.2 1.7047 20.4531
4 25 6.5 1.5744 21.7563 6.3 1.6846 20.6536 7 1.7548 19.9519 7.3 1.6546 20.9543
4 25 6.2 1.4942 22.5582 6.5 1.5744 21.7563 7.3 1.6546 20.9543 7.3 1.5243 22.2575
4 25 7.9 1.4441 23.0594 6.5 1.414 23.3601 6.2 1.4942 22.5582 7.3 1.5243 22.2575
4 25 6.2 1.3538 23.9615 6.5 1.414 23.3601 7.9 1.4441 23.0594 7.5 1.2837 24.6632
4 25 5.6 1.2135 25.3649 6.2 1.3538 23.9615 7.5 1.2837 24.6632 7.2 1.2235 25.2647
4 25 7.2 .9629 27.8709 5.6 .7324 30.1764 5.6 1.2135 25.3649 7.2 1.2235 25.2647
4 25 7.2 .9629 27.8709 7.6 .8526 28.9736 7.6 .7524 29.976 5.6 .7324 30.1764
3 25 7.3 .6923 30.5774 5.6 .7324 30.1764 7.6 .7524 29.976
4 25 5.6 .7324 30.1764 7.3 .6923 30.5774 6.4 .5319 32.1813 5.8 .592 31.5798
3 25 6.4 .5319 32.1813 7.3 .6923 30.5774 7.3 .592 31.5798
4 25 3.6 .5118 32.3817 4.4 .4216 33.2839 3.4 .3314 34.1861 2.5 .4116 33.3841
4 25 4.9 .4216 33.2839 4.2 .2913 34.587 3.4 .3314 34.1861 4.4 .4216 33.2839
4 25 5.6 .4617 32.8829 5.7 .2913 34.587 4.2 .2913 34.587 4.9 .4216 33.2839
4 25 5.7 .2913 34.587 5.6 .4617 32.8829 6.5 .4517 32.9832 6.8 .3214 34.2863
4 25 6.8 .3214 34.2863 6.5 .4517 32.9832 6.4 .5319 32.1813 7.6 .4316 33.1837
3 25 7.6 .4316 33.1837 6.4 .5319 32.1813 7.3 .592 31.5798
3 25 4.9 .4216 33.2839 4.7 .4818 32.6825 5.6 .4617 32.8829
4 25 4 .5419 32.081 5.2 .5519 31.9808 5.6 .4617 32.8829 4.7 .4818 32.6825
4 25 2.3 .592 31.5798 4 .582 31.68 5.2 .5519 31.9808 4 .5419 32.081
4 25 7.6 .4316 33.1837 7.3 .592 31.5798 8.5 .592 31.5798 8.3 .4918 32.5822
4 25 9 .6321 31.1788 9.2 .5319 32.1813 8.3 .4918 32.5822 8.5 .592 31.5798
4 25 10.7 .6421 31.0786 10.9 .582 31.68 9.2 .5319 32.1813 9 .6321 31.1788
4 25 9.2 .5319 32.1813 10.9 .582 31.68 11.9 .572 31.7803 11.9 .5118 32.3817
4 25 13.3 .582 31.68 13.7 .5319 32.1813 11.9 .5118 32.3817 11.9 .572 31.7803
4 25 13.8 .6522 30.9784 14.3 .6121 31.3793 13.7 .5319 32.1813 13.3 .582 31.68
4 25 14.3 .6121 31.3793 13.8 .6522 30.9784 14 .7223 30.2767 14.5 .7123 30.3769
4 25 13.8 1.3238 24.2623 14.6 1.3138 24.3625 14.5 .7123 30.3769 14 .7223 30.2767
3 25 14.6 1.3138 24.3625 13.8 1.3238 24.2623 14.2 1.404 23.4603
4 25 12.7 1.434 23.1596 14.2 1.404 23.4603 13.8 1.3238 24.2623 13.1 1.3739 23.7611
4 25 10.9 1.4441 23.0594 12.7 1.434 23.1596 13.1 1.3739 23.7611 12.1 1.3538 23.9615
3 25 10.9 1.3238 24.2623 10.9 1.4441 23.0594 12.1 1.3538 23.9615
4 25 10.9 1.4441 23.0594 10.9 1.3238 24.2623 10.7 1.1834 25.6656 9.1 1.2737 24.7635
4 25 9.1 1.2737 24.7635 10.7 1.1834 25.6656 10.8 1.0531 26.9688 9.1 1.0832 26.668
4 25 10.7 1.1834 25.6656 11.6 1.1433 26.0666 11.3 1.0531 26.9688 10.8 1.0531 26.9688
4 25 11.6 1.1433 26.0666 12.5 1.0531 26.9688 11.3 .9228 28.2719 11.3 1.0531 26.9688
4 25 12.1 .8426 29.0738 11.3 .9228 28.2719 12.5 1.0531 26.9688 12.4 .9228 28.2719
4 25 11.8 .7524 29.976 10.7 .9228 28.2719 11.3 .9228 28.2719 12.1 .8426 29.0738
4 25 9 .6321 31.1788 10.7 .9228 28.2719 11.8 .7524 29.976 10.7 .6421 31.0786
4 25 10.8 1.0531 26.9688 10.7 .9228 28.2719 9 .6321 31.1788 9.1 1.0832 26.668
4 25 7.5 1.2837 24.6632 7.9 1.4441 23.0594 9 1.434 23.1596 9.1 1.2737 24.7635
3 25 9.1 1.2737 24.7635 9 1.434 23.1596 9.4 1.404 23.4603
3 25 9.1 1.2737 24.7635 9.9 1.404 23.4603 10.9 1.4441 23.0594
3 25 9.1 1.2737 24.7635 9.4 1.404 23.4603 9.9 1.404 23.4603
4 25 9.9 1.404 23.4603 10.4 1.5142 22.3577 11.1 1.5343 22.1572 10.9 1.4441 23.0594
4 25 10.4 1.5142 22.3577 10.3 1.7548 19.9519 11.1 1.7548 19.9519 11.1 1.5343 22.1572
4 25 -9.1 2.3763 16.8445 -9.1 1.7548 19.9519 -10.3 1.7548 19.9519 -10 2.1959 17.7466
4 25 -10 2.1959 17.7466 -10.2 2.5166 16.1428 -9.5 2.657 15.4411 -9.1 2.3763 16.8445
3 25 -9.1 2.3763 16.8445 -9.5 2.657 15.4411 -8.9 2.5567 15.9423
3 25 -8.9 2.5567 15.9423 -9.5 2.657 15.4411 -8.1 2.7572 14.9399
4 25 -6.8 2.6369 15.5413 -7.3 2.5567 15.9423 -8.9 2.5567 15.9423 -8.1 2.7572 14.9399
4 25 -6.4 2.7973 14.7394 -6.8 2.6369 15.5413 -8.1 2.7572 14.9399 -7 2.7973 14.7394
4 25 -5.6 2.5567 15.9423 -6.4 2.5968 15.7418 -6.8 2.6369 15.5413 -6.4 2.7973 14.7394
3 25 -5.7 1.9152 19.15 -6.8 2.6369 15.5413 -6.4 2.5968 15.7418
4 25 -6.8 2.6369 15.5413 -5.7 1.9152 19.15 -6.2 1.7548 19.9519 -6.5 1.8951 19.2502
4 25 -5.7 1.9152 19.15 -4.1 1.855 19.4507 -1.8 1.7548 19.9519 -6.2 1.7548 19.9519
4 25 -1.7 1.8951 19.2502 -1.8 1.7548 19.9519 -4.1 1.855 19.4507 -3 1.8951 19.2502
4 25 -3 1.8951 19.2502 -2.8 2.0555 18.4483 -1.5 2.2159 17.6464 -1.7 1.8951 19.2502
3 25 -2.8 2.0555 18.4483 -2.9 2.3162 17.1452 -1.5 2.2159 17.6464
4 25 -3.4 2.4765 16.3433 -2 2.5968 15.7418 -1.5 2.2159 17.6464 -2.9 2.3162 17.1452
4 25 -2 2.5968 15.7418 -3.4 2.4765 16.3433 -3.8 2.5768 15.8421 -2.1 2.7572 14.9399
4 25 -3.5 2.7973 14.7394 -2.1 2.7572 14.9399 -3.8 2.5768 15.8421 -3.7 2.6971 15.2406
4 25 -4.1 2.8775 14.3385 -2.1 3.078 13.3361 -2.1 2.7572 14.9399 -3.5 2.7973 14.7394
4 25 -3.6 3.2183 12.6344 -2.1 3.078 13.3361 -4.1 2.8775 14.3385 -4.2 3.0379 13.5365
4 25 -3.5 3.7195 10.1284 -2.1 3.4789 11.3313 -2.1 3.078 13.3361 -3.6 3.2183 12.6344
3 25 -2.1 3.4789 11.3313 -3.5 3.7195 10.1284 -2.2 3.8198 9.6272
4 25 -2.2 3.8198 9.6272 -3.5 3.7195 10.1284 -3.9 3.9 9.2262 -2.4 3.9801 8.8252
4 25 -3.7 4.1606 7.9231 -2.7 4.1205 8.1236 -2.4 3.9801 8.8252 -3.9 3.9 9.2262
4 25 -5.5 4.1606 7.9231 -3.7 4.1606 7.9231 -3.9 3.9 9.2262 -5.3 3.9 9.2262
4 25 -6.4 4.3811 6.8204 -5.5 4.1606 7.9231 -5.3 3.9 9.2262 -5.9 3.94 9.0257
4 25 -5.9 3.94 9.0257 -5.3 3.9 9.2262 -5.5 3.6794 10.3288 -6 3.6995 10.2286
4 25 -6 3.6995 10.2286 -5.5 3.6794 10.3288 -5.7 3.0579 13.4363 -6.3 3.1381 13.0353
4 25 -6.3 3.1381 13.0353 -5.7 3.0579 13.4363 -5.6 2.5567 15.9423 -6.4 2.7973 14.7394
3 25 -5.7 1.9152 19.15 -6.4 2.5968 15.7418 -5.6 2.5567 15.9423
4 25 -5.5 4.1606 7.9231 -6.4 4.3811 6.8204 -6.4 4.8623 4.4147 -5.7 4.4413 6.5197
4 25 -5.7 4.4413 6.5197 -6.4 4.8623 4.4147 -5.6 5.0627 3.4123 -5.5 4.742 5.0161
4 25 -6.4 4.8623 4.4147 -6.5 5.2632 2.4099 -5.6 5.3635 1.9087 -5.6 5.0627 3.4123
4 25 -6.5 5.2632 2.4099 -6.6 5.4637 1.4075 -5.6 5.5238 1.1067 -5.6 5.3635 1.9087
4 25 -6.6 5.4637 1.4075 -6.3 5.6441 .5053 -5.3 5.7644 -.0962 -5.6 5.5238 1.1067
3 25 -6.3 5.6441 .5053 -6.1 5.7644 -.0962 -5.3 5.7644 -.0962
4 25 .1 2.5968 15.7418 -.8 2.3563 16.9447 -1.5 2.2159 17.6464 -2 2.5968 15.7418
3 25 .5 2.3563 16.9447 -.8 2.3563 16.9447 .1 2.5968 15.7418
4 25 .1 2.5968 15.7418 1.4 2.5367 16.0425 1.4 2.236 17.5462 .5 2.3563 16.9447
4 25 1.4 2.5367 16.0425 2.2 2.4966 16.243 2.4 2.0956 18.2478 1.4 2.236 17.5462
4 25 3.9 2.4164 16.644 2.4 2.0956 18.2478 2.2 2.4966 16.243 2.7 2.5567 15.9423
4 25 4.3 2.1558 17.9471 3.1 1.9954 18.749 2.4 2.0956 18.2478 3.9 2.4164 16.644
4 25 4.7 1.9352 19.0498 3.2 1.8751 19.3505 3.1 1.9954 18.749 4.3 2.1558 17.9471
4 25 5.4 1.835 19.551 3.3 1.7548 19.9519 3.2 1.8751 19.3505 4.7 1.9352 19.0498
4 25 6.4 1.855 19.4507 7 1.7548 19.9519 3.3 1.7548 19.9519 5.4 1.835 19.551
4 25 6.6 2.0355 18.5486 7.3 1.8951 19.2502 7 1.7548 19.9519 6.4 1.855 19.4507
4 25 6.5 2.5567 15.9423 7.3 2.4765 16.3433 7.3 1.8951 19.2502 6.6 2.0355 18.5486
4 25 6.5 2.5567 15.9423 7.4 2.7973 14.7394 7.8 2.5768 15.8421 7.3 2.4765 16.3433
3 25 7.8 2.5768 15.8421 7.4 2.7973 14.7394 8.6 2.7773 14.8397
4 25 9.4 2.6971 15.2406 8.6 2.5968 15.7418 7.8 2.5768 15.8421 8.6 2.7773 14.8397
3 25 9.4 2.6971 15.2406 8.6 2.7773 14.8397 10.8 2.7773 14.8397
4 25 9.4 2.6971 15.2406 10.8 2.7773 14.8397 11 2.6169 15.6416 10.1 2.6169 15.6416
4 25 10.1 2.6169 15.6416 11 2.6169 15.6416 10.9 2.2961 17.2454 10.4 2.3563 16.9447
4 25 10.4 2.3563 16.9447 10.9 2.2961 17.2454 11.1 1.9352 19.0498 10.3 2.0154 18.6488
4 25 10.3 2.0154 18.6488 11.1 1.9352 19.0498 11.1 1.7548 19.9519 10.3 1.7548 19.9519
4 25 2.9 2.7773 14.8397 3.9 2.6971 15.2406 3.9 2.4164 16.644 2.7 2.5567 15.9423
4 25 3.9 2.6971 15.2406 2.9 2.7773 14.8397 3 3.0379 13.5365 4.1 2.8575 14.4387
3 25 4.1 2.8575 14.4387 3 3.0379 13.5365 4.3 3.078 13.3361
4 25 2.6 3.3787 11.8325 4.3 3.078 13.3361 3 3.0379 13.5365 2.6 3.1582 12.9351
4 25 4.4 3.4789 11.3313 4.6 3.2584 12.4339 4.3 3.078 13.3361 2.6 3.3787 11.8325
3 25 2.6 3.3787 11.8325 3.1 3.5591 10.9303 4.4 3.4789 11.3313
4 25 3 3.94 9.0257 4.3 3.9 9.2262 4.4 3.4789 11.3313 3.1 3.5591 10.9303
4 25 5.5 4.1205 8.1236 5.7 3.92 9.126 4.3 3.9 9.2262 4.3 4.1004 8.2238
3 25 5.7 3.92 9.126 5.5 4.1205 8.1236 6.4 4.0002 8.725
4 25 6.9 3.8198 9.6272 6.4 4.0002 8.725 6.8 4.0804 8.324 7.4 3.92 9.126
4 25 7.4 3.92 9.126 7.5 3.5591 10.9303 6.7 3.519 11.1308 6.9 3.8198 9.6272
4 25 6.5 3.1782 12.8349 6.7 3.519 11.1308 7.5 3.5591 10.9303 7.3 3.3186 12.1332
4 25 6.5 2.5567 15.9423 6.5 3.1782 12.8349 7.3 3.3186 12.1332 7.4 2.7973 14.7394
4 25 -3.7 4.1606 7.9231 -3 4.2207 7.6224 -2.2 4.1806 7.8228 -2.7 4.1205 8.1236
4 25 -2.9 4.6818 5.3168 -2.1 4.6016 5.7178 -2.2 4.1806 7.8228 -3 4.2207 7.6224
4 25 -2.9 4.6818 5.3168 -2 4.8623 4.4147 -1.3 4.7019 5.2166 -2.1 4.6016 5.7178
3 25 -1.2 4.5214 6.1188 -2.1 4.6016 5.7178 -1.3 4.7019 5.2166
4 25 .8 4.6818 5.3168 .4 4.5214 6.1188 -1.2 4.5214 6.1188 -1.3 4.7019 5.2166
4 25 .4 4.5214 6.1188 .8 4.6818 5.3168 1.6 4.762 4.9159 2.1 4.5615 5.9183
4 25 3.5 4.742 5.0161 2.1 4.5615 5.9183 1.6 4.762 4.9159 2.6 4.8623 4.4147
4 25 3.5 4.5014 6.219 2.5 4.4813 6.3192 2.1 4.5615 5.9183 3.5 4.742 5.0161
4 25 3.8 4.3009 7.2214 2.6 4.2809 7.3216 2.5 4.4813 6.3192 3.5 4.5014 6.219
4 25 4.3 4.1004 8.2238 2.9 4.0804 8.324 2.6 4.2809 7.3216 3.8 4.3009 7.2214
4 25 4.3 3.9 9.2262 3 3.94 9.0257 2.9 4.0804 8.324 4.3 4.1004 8.2238
4 25 -2.2 4.9825 3.8132 -2 4.8623 4.4147 -2.9 4.6818 5.3168 -3.3 4.8623 4.4147
3 25 -3.3 4.8623 4.4147 -3.2 5.1229 3.1115 -2.2 4.9825 3.8132
4 25 -2.9 5.3234 2.1091 -2.1 5.2231 2.6103 -2.2 4.9825 3.8132 -3.2 5.1229 3.1115
4 25 -2.1 5.2231 2.6103 -2.9 5.3234 2.1091 -2.9 5.7644 -.0962 -2 5.3434 2.0089
4 25 -2 5.3434 2.0089 -2.9 5.7644 -.0962 -.8 5.604 .7058 -1.2 5.4637 1.4075
3 25 -2.9 5.7644 -.0962 .6 5.6241 .6055 -.8 5.604 .7058
4 25 3.4 5.7644 -.0962 2.2 5.604 .7058 .6 5.6241 .6055 -2.9 5.7644 -.0962
4 25 2.4 5.4437 1.5077 2.2 5.604 .7058 3.4 5.7644 -.0962 3.4 5.604 .7058
3 25 3.5 5.3635 1.9087 2.4 5.4437 1.5077 3.4 5.604 .7058
4 25 2.4 5.4437 1.5077 3.5 5.3635 1.9087 3.5 5.0226 3.6127 2.6 5.1229 3.1115
4 25 2.6 5.1229 3.1115 3.5 5.0226 3.6127 3.5 4.742 5.0161 2.6 4.8623 4.4147
4 25 6.4 4.0002 8.725 5.5 4.1205 8.1236 6.3 4.2608 7.4219 6.8 4.0804 8.324
4 25 6.8 4.0804 8.324 6.3 4.2608 7.4219 6.5 4.8222 4.6151 6.9 4.2608 7.4219
3 25 6.9 4.2608 7.4219 6.5 4.8222 4.6151 7.1 4.8222 4.6151
4 25 6.5 4.8222 4.6151 6.5 5.0427 3.5125 7.3 4.9825 3.8132 7.1 4.8222 4.6151
4 25 6.5 5.2432 2.5101 7.3 5.163 2.9111 7.3 4.9825 3.8132 6.5 5.0427 3.5125
3 25 7.3 5.163 2.9111 6.5 5.2432 2.5101 7.2 5.3434 2.0089
4 25 6.5 5.2432 2.5101 6.4 5.7644 -.0962 7.2 5.7644 -.0962 7.2 5.3434 2.0089
4 25 -6.1 5.7644 -.0962 -6.3 6.1854 -1.4995 -5.6 6.2456 -1.7 -5.3 5.7644 -.0962
4 25 -5.6 6.5764 -2.8026 -5.6 6.2456 -1.7 -6.3 6.1854 -1.4995 -6.4 6.5764 -2.8026
4 25 -6.4 6.5764 -2.8026 -6 6.8771 -3.805 -5.1 6.7568 -3.4041 -5.6 6.5764 -2.8026
4 25 -6 6.8771 -3.805 -6 7.1177 -4.607 -5 7.1477 -4.7072 -5.1 6.7568 -3.4041
4 25 -4 7.1177 -4.607 -4.6 6.8771 -3.805 -5.1 6.7568 -3.4041 -5 7.1477 -4.7072
3 25 -3.8 6.7869 -3.5043 -4.6 6.8771 -3.805 -4 7.1177 -4.607
4 25 -2.2 6.9974 -4.206 -3.8 6.7869 -3.5043 -4 7.1177 -4.607 -3.2 7.2079 -4.9077
4 25 -3.8 6.7869 -3.5043 -2.2 6.9974 -4.206 -2.1 6.6064 -2.9029 -3 6.6666 -3.1034
4 25 -3 6.6666 -3.1034 -2.1 6.6064 -2.9029 -2.1 6.1854 -1.4995 -3 6.3358 -2.0007
4 25 -3.2 5.8847 -.4971 -3.4 6.1854 -1.4995 -3 6.3358 -2.0007 -2.1 6.1854 -1.4995
4 25 -3.2 5.8847 -.4971 -2.1 6.1854 -1.4995 -2 5.9148 -.5974 -2.9 5.7644 -.0962
3 25 -2.9 5.7644 -.0962 -2 5.9148 -.5974 0 5.8546 -.3969
4 25 0 5.8546 -.3969 2.5 5.8546 -.3969 3.4 5.7644 -.0962 -2.9 5.7644 -.0962
4 25 2.8 6.0651 -1.0986 3.8 5.9148 -.5974 3.4 5.7644 -.0962 2.5 5.8546 -.3969
4 25 2.7 6.3659 -2.101 3.8 6.1554 -1.3993 3.8 5.9148 -.5974 2.8 6.0651 -1.0986
4 25 2.5 6.6967 -3.2036 3.8 6.5463 -2.7024 3.8 6.1554 -1.3993 2.7 6.3659 -2.101
4 25 2.6 6.9372 -4.0055 3.9 6.7568 -3.4041 3.8 6.5463 -2.7024 2.5 6.6967 -3.2036
4 25 2.6 7.268 -5.1082 3.9 7.1177 -4.607 3.9 6.7568 -3.4041 2.6 6.9372 -4.0055
4 25 5.3 6.7568 -3.4041 5.3 7.0275 -4.3062 6 7.1778 -4.8075 6.5 6.847 -3.7048
4 25 6 7.1778 -4.8075 6.7 7.1177 -4.607 7.3 6.8169 -3.6046 6.5 6.847 -3.7048
4 25 6.5 6.847 -3.7048 7.3 6.8169 -3.6046 7.3 6.3959 -2.2012 6.8 6.5764 -2.8026
3 25 6.5 6.1253 -1.299 6.8 6.5764 -2.8026 7.3 6.3959 -2.2012
4 25 6.4 5.7644 -.0962 6.5 6.1253 -1.299 7.3 6.3959 -2.2012 7.2 5.7644 -.0962
4 25 -2.2 6.9974 -4.206 -.8 6.9072 -3.9053 -.5 6.6064 -2.9029 -2.1 6.6064 -2.9029
3 25 -.5 6.6064 -2.9029 -.8 6.9072 -3.9053 .1 6.6666 -3.1034
4 25 -.8 6.9072 -3.9053 .6 6.8771 -3.805 1.1 6.6064 -2.9029 .1 6.6666 -3.1034
4 25 2.5 6.6967 -3.2036 1.1 6.6064 -2.9029 .6 6.8771 -3.805 1.7 6.9372 -4.0055
3 25 2.5 6.6967 -3.2036 1.7 6.9372 -4.0055 2.6 6.9372 -4.0055
4 25 -2.2 6.9974 -4.206 -3.2 7.2079 -4.9077 -2.8 7.4184 -5.6094 -2.1 7.268 -5.1082
3 25 -2.1 7.268 -5.1082 -2.8 7.4184 -5.6094 -1.7 7.5086 -5.9101
4 25 -1.5 7.8695 -7.113 -1.7 7.5086 -5.9101 -2.8 7.4184 -5.6094 -2.8 7.8093 -6.9125
4 25 0 7.8695 -7.113 -.3 7.5688 -6.1106 -1.7 7.5086 -5.9101 -1.5 7.8695 -7.113
4 25 -.3 7.5688 -6.1106 0 7.8695 -7.113 1.3 7.8093 -6.9125 1.1 7.5387 -6.0103
4 25 1.1 7.5387 -6.0103 1.3 7.8093 -6.9125 2.1 7.7793 -6.8123 2.3 7.5086 -5.9101
4 25 2.1 7.7793 -6.8123 3.5 7.6289 -6.3111 2.6 7.268 -5.1082 2.3 7.5086 -5.9101
3 25 3.9 7.1177 -4.607 2.6 7.268 -5.1082 3.5 7.6289 -6.3111
4 25 3.9 7.1177 -4.607 5.3 7.0275 -4.3062 5.3 6.7568 -3.4041 3.9 6.7568 -3.4041
4 25 -5 7.1477 -4.7072 -6 7.1177 -4.607 -6.4 7.4785 -5.8099 -5.7 7.4184 -5.6094
4 25 -6.7 7.7793 -6.8123 -5.6 7.7492 -6.712 -5.7 7.4184 -5.6094 -6.4 7.4785 -5.8099
4 25 -5.2 8.08 -7.8147 -5.6 7.7492 -6.712 -6.7 7.7793 -6.8123 -6.5 8.0198 -7.6142
4 25 -6.4 8.4408 -9.0175 -5.4 8.2905 -8.5163 -5.2 8.08 -7.8147 -6.5 8.0198 -7.6142
4 25 -6.4 8.922 -10.6214 -5.4 8.5311 -9.3183 -5.4 8.2905 -8.5163 -6.4 8.4408 -9.0175
3 25 -5.4 8.5311 -9.3183 -6.4 8.922 -10.6214 -5.7 9.0122 -10.9221
4 25 -6.4 9.3129 -11.9245 -5.7 9.0122 -10.9221 -6.4 8.922 -10.6214 -6.7 9.1325 -11.3231
4 25 -5.2 9.5836 -12.8267 -5.3 9.2528 -11.724 -5.7 9.0122 -10.9221 -6.4 9.3129 -11.9245
4 25 -5.3 10.2452 -15.032 -5.2 9.5836 -12.8267 -6.4 9.3129 -11.9245 -6.2 10.0647 -14.4305
3 25 -6.2 10.0647 -14.4305 -6.5 10.3354 -15.3327 -5.3 10.2452 -15.032
4 25 -6.4 10.6662 -16.4353 -5.7 10.4557 -15.7337 -5.3 10.2452 -15.032 -6.5 10.3354 -15.3327
4 25 -5.1 10.606 -16.2349 -5.7 10.4557 -15.7337 -6.4 10.6662 -16.4353 -5.8 10.8466 -17.0368
4 25 -4 10.6361 -16.3351 -5.1 10.606 -16.2349 -5.8 10.8466 -17.0368 -4.3 10.8767 -17.137
4 25 -4.3 10.8767 -17.137 -3.3 10.7263 -16.6358 -2.9 10.3655 -15.4329 -4 10.6361 -16.3351
3 25 -2.2 10.3655 -15.4329 -2.9 10.3655 -15.4329 -3.3 10.7263 -16.6358
4 25 -2.9 10.3655 -15.4329 -2.2 10.3655 -15.4329 -1.3 8.8017 -10.2204 -2.8 7.8093 -6.9125
4 25 -1.3 8.8017 -10.2204 -1.3 8.2003 -8.2156 -1.5 7.8695 -7.113 -2.8 7.8093 -6.9125
3 25 -1.3 8.8017 -10.2204 -2.2 10.3655 -15.4329 -1.3 10.606 -16.2349
4 25 -2.2 10.3655 -15.4329 -2.1 10.9368 -17.3375 -1.3 11.027 -17.6382 -1.3 10.606 -16.2349
3 25 -2.1 10.9368 -17.3375 -1.7 11.2375 -18.3399 -1.3 11.027 -17.6382
4 25 -1.1 11.5383 -19.3423 -.6 11.1473 -18.0392 -1.3 11.027 -17.6382 -1.7 11.2375 -18.3399
4 25 -2.3 11.5683 -19.4425 -1.1 11.5383 -19.3423 -1.7 11.2375 -18.3399 -2.7 11.3879 -18.8411
3 25 -2.7 11.3879 -18.8411 -3.3 11.5683 -19.4425 -2.3 11.5683 -19.4425
4 25 -3.3 11.7788 -20.1442 -2.4 11.7788 -20.1442 -2.3 11.5683 -19.4425 -3.3 11.5683 -19.4425
3 25 1.8 11.2075 -18.2397 .7 11.2676 -18.4401 .8 11.4481 -19.0416
4 25 1.8 11.2075 -18.2397 .8 11.4481 -19.0416 2.6 11.5082 -19.2421 2.6 11.2676 -18.4401
4 25 2.6 11.2676 -18.4401 2.6 11.5082 -19.2421 2.8 11.7788 -20.1442 3.6 11.4781 -19.1418
4 25 1.8 11.2075 -18.2397 2.6 11.2676 -18.4401 2.8 10.6963 -16.5356 2.2 10.7865 -16.8363
4 25 2.2 10.7865 -16.8363 2.8 10.6963 -16.5356 2.7 10.3655 -15.4329 1.8 10.4857 -15.8339
3 25 1.8 9.5836 -12.8267 1.8 10.4857 -15.8339 2.7 10.3655 -15.4329
4 25 1.8 9.5836 -12.8267 2.7 10.3655 -15.4329 3.7 10.3655 -15.4329 3.8 9.6137 -12.9269
4 25 4.4 10.5158 -15.9341 3.7 10.3655 -15.4329 2.7 10.3655 -15.4329 3.5 10.6361 -16.3351
3 25 4.4 10.5158 -15.9341 3.5 10.6361 -16.3351 4.1 10.7564 -16.7361
4 25 5.7 10.8165 -16.9365 5.7 10.606 -16.2349 4.4 10.5158 -15.9341 4.1 10.7564 -16.7361
4 25 5.7 10.606 -16.2349 5.7 10.8165 -16.9365 6.9 10.7564 -16.7361 6.6 10.5158 -15.9341
3 25 6.6 10.5158 -15.9341 6.9 10.7564 -16.7361 7.4 10.5459 -16.0344
4 25 6.6 10.5158 -15.9341 7.4 10.5459 -16.0344 7.1 9.2227 -11.6238 6.5 9.2829 -11.8243
4 25 6.5 9.2829 -11.8243 7.1 9.2227 -11.6238 7.3 8.501 -9.218 6.5 8.5912 -9.5187
4 25 6.5 8.11 -7.9149 6.5 8.5912 -9.5187 7.3 8.501 -9.218 7.3 8.2905 -8.5163
4 25 6.6 7.5688 -6.1106 6.5 8.11 -7.9149 7.3 8.2905 -8.5163 7.2 7.659 -6.4113
4 25 6 7.1778 -4.8075 6.6 7.5688 -6.1106 7.2 7.659 -6.4113 6.7 7.1177 -4.607
4 25 1.8 8.3206 -8.6166 3.5 8.5311 -9.3183 3.5 7.6289 -6.3111 2.1 7.7793 -6.8123
4 25 1.8 8.3206 -8.6166 1.9 8.7716 -10.1202 3.4 9.0724 -11.1226 3.5 8.5311 -9.3183
4 25 3.8 9.6137 -12.9269 3.4 9.0724 -11.1226 1.9 8.7716 -10.1202 2.1 9.0423 -11.0224
3 25 2.1 9.0423 -11.0224 1.8 9.5836 -12.8267 3.8 9.6137 -12.9269
4 25 .7 11.2676 -18.4401 -.6 11.1473 -18.0392 -1.1 11.5383 -19.3423 .8 11.4481 -19.0416
3 25 2.8 11.7788 -20.1442 3.6 11.7788 -20.1442 3.6 11.4781 -19.1418
4 25 -1.8 11.9793 -20.6454 -2.4 11.7788 -20.1442 -3.3 11.7788 -20.1442 -2.7 12.0996 -20.9462
4 25 -1.8 11.9793 -20.6454 -2.7 12.0996 -20.9462 -2.2 12.5006 -21.9486 -1.6 12.3001 -21.4474
4 25 -2.6 12.7813 -22.6502 -1.4 12.661 -22.3495 -1.6 12.3001 -21.4474 -2.2 12.5006 -21.9486
4 25 .5 12.661 -22.3495 0 12.3402 -21.5476 -1.6 12.3001 -21.4474 -1.4 12.661 -22.3495
4 25 0 12.3402 -21.5476 .5 12.661 -22.3495 2.1 12.5808 -22.149 2 12.2199 -21.2469
4 25 2.1 12.5808 -22.149 2.9 12.3001 -21.4474 2.6 11.9793 -20.6454 2 12.2199 -21.2469
4 25 2.9 12.3001 -21.4474 3.6 11.7788 -20.1442 2.8 11.7788 -20.1442 2.6 11.9793 -20.6454
4 25 -2.4 13.1421 -23.5524 -1.7 12.8614 -22.8507 -1.4 12.661 -22.3495 -2.6 12.7813 -22.6502
4 25 -1.7 12.8614 -22.8507 -2.4 13.1421 -23.5524 -2.2 13.4629 -24.3543 -1.4 13.1421 -23.5524
4 25 -1.4 13.1421 -23.5524 -2.2 13.4629 -24.3543 -2.2 14.9464 -28.0632 -1.3 13.6233 -24.7553
3 25 -1.3 13.6233 -24.7553 -2.2 14.9464 -28.0632 -1.4 14.9464 -28.0632
4 25 -2.2 15.6682 -29.8675 -1.5 15.2672 -28.8651 -1.4 14.9464 -28.0632 -2.2 14.9464 -28.0632
3 25 -1.5 15.2672 -28.8651 -2.2 15.6682 -29.8675 -1.3 15.7484 -30.068
4 25 -2.2 15.6682 -29.8675 -2 16.9513 -33.0752 -1.3 16.9513 -33.0752 -1.3 15.7484 -30.068
4 25 -.8 17.1918 -33.6767 -1.3 16.9513 -33.0752 -2 16.9513 -33.0752 -1.8 17.3121 -33.9774
3 25 -.8 17.1918 -33.6767 -1.8 17.3121 -33.9774 -1 17.5126 -34.4786
4 25 .1 17.6329 -34.7793 0 17.3121 -33.9774 -.8 17.1918 -33.6767 -1 17.5126 -34.4786
4 25 1.3 17.6329 -34.7793 1.1 17.3522 -34.0776 0 17.3121 -33.9774 .1 17.6329 -34.7793
4 25 1.1 17.3522 -34.0776 1.3 17.6329 -34.7793 2.4 17.3121 -33.9774 1.9 17.1918 -33.6767
4 25 1.9 17.1918 -33.6767 2.4 17.3121 -33.9774 2.9 16.7508 -32.574 2.1 16.7909 -32.6743
4 25 2.9 16.7508 -32.574 2.9 16.3097 -31.4714 1.8 16.5102 -31.9726 2.1 16.7909 -32.6743
3 25 2.6 16.1493 -31.0704 1.8 16.5102 -31.9726 2.9 16.3097 -31.4714
4 25 1.8 16.5102 -31.9726 2.6 16.1493 -31.0704 2.6 14.9063 -27.963 1.9 15.3474 -29.0656
4 25 1.9 15.3474 -29.0656 2.6 14.9063 -27.963 2.6 13.3025 -23.9534 1.7 14.6658 -27.3615
3 25 1.8 13.1421 -23.5524 1.7 14.6658 -27.3615 2.6 13.3025 -23.9534
4 25 1.8 13.1421 -23.5524 2.6 13.3025 -23.9534 3.1 12.8213 -22.7505 2.2 12.9015 -22.951
4 25 2.2 12.9015 -22.951 3.1 12.8213 -22.7505 2.9 12.3001 -21.4474 2.1 12.5808 -22.149
5 24 -17.5 11.7788 -20.1442 17.5 11.7788 -20.1442 17.5 5.7644 -.0962 -17.5 18.3947 -36.6839
5 24 -17.5 1.7548 19.9519 17.5 1.7548 19.9519 17.5 .1008 36.4916 -17.5 5.7644 -.0962
5 24 17.5 5.7644 -.0962 -17.5 5.7644 -.0962 -17.5 11.7788 -20.1442 17.5 1.7548 19.9519

4 16 16.5 .25 37.5 16.8827 .2576 37.4239 17.4239 .3117 36.8827 17.5 .35 36.5
3 16 16.8827 .2576 37.4239 17.2071 .2793 37.2071 17.4239 .3117 36.8827
4 16 -17.5 .35 36.5 -17.4239 .3117 36.8827 -16.8827 .2576 37.4239 -16.5 .25 37.5
3 16 -17.4239 .3117 36.8827 -17.2071 .2793 37.2071 -16.8827 .2576 37.4239
4 16 -17.5 2 20 -17.5 .35 36.5 17.5 .35 36.5 17.5 2 20
4 16 17.5 .35 36.5 -17.5 .35 36.5 -16.5 .25 37.5 16.5 .25 37.5
4 16 -17.5 6 0 -17.5 2 20 17.5 2 20 17.5 6 0
4 16 -17.5 12 -20 -17.5 6 0 17.5 6 0 17.5 12 -20
4 16 17.5 18.6 -36.5 17.4239 18.7531 -36.8827 16.8827 18.9696 -37.4239 16.5 19 -37.5
3 16 17.4239 18.7531 -36.8827 17.2071 18.8828 -37.2071 16.8827 18.9696 -37.4239
4 16 -16.5 19 -37.5 -16.8827 18.9696 -37.4239 -17.4239 18.7531 -36.8827 -17.5 18.6 -36.5
3 16 -16.8827 18.9696 -37.4239 -17.2071 18.8828 -37.2071 -17.4239 18.7531 -36.8827
4 16 16.5 19 -37.5 -16.5 19 -37.5 -17.5 18.6 -36.5 17.5 18.6 -36.5
4 16 17.5 18.6 -36.5 -17.5 18.6 -36.5 -17.5 12 -20 17.5 12 -20
5 24 -17.5 12 -20 17.5 12 -20 17.5 6 0 -17.5 18.6 -36.5
5 24 -17.5 2 20 17.5 2 20 17.5 .35 36.5 -17.5 6 0
5 24 17.5 6 0 -17.5 6 0 -17.5 12 -20 17.5 2 20

4 16 16.8827 18.7652 -37.61 16.5 18.7957 -37.6863 16.5 19 -37.5 16.8827 18.9696 -37.4239
4 16 17.2071 18.6782 -37.3927 16.8827 18.7652 -37.61 16.8827 18.9696 -37.4239 17.2071 18.8828 -37.2071
4 16 17.4239 18.5482 -37.0675 17.2071 18.6782 -37.3927 17.2071 18.8828 -37.2071 17.4239 18.7531 -36.8827
4 16 17.5 18.3947 -36.6839 17.4239 18.5482 -37.0675 17.4239 18.7531 -36.8827 17.5 18.6 -36.5
4 16 17.5 11.7788 -20.1442 17.5 18.3947 -36.6839 17.5 18.6 -36.5 17.5 12 -20
4 16 17.5 5.7644 -.0962 17.5 11.7788 -20.1442 17.5 12 -20 17.5 6 0
4 16 17.5 1.7548 19.9519 17.5 5.7644 -.0962 17.5 6 0 17.5 2 20
4 16 17.5 .1008 36.4916 17.5 1.7548 19.9519 17.5 2 20 17.5 .35 36.5
4 16 17.4239 .3117 36.8827 17.4239 .0625 36.8752 17.5 .1008 36.4916 17.5 .35 36.5
4 16 17.2071 .2793 37.2071 17.2071 .03 37.2004 17.4239 .0625 36.8752 17.4239 .3117 36.8827
4 16 16.8827 .2576 37.4239 16.8827 .0082 37.4177 17.2071 .03 37.2004 17.2071 .2793 37.2071
4 16 16.5 .25 37.5 16.5 .0006 37.494 16.8827 .0082 37.4177 16.8827 .2576 37.4239
4 16 -16.5 .0006 37.494 16.5 .0006 37.494 16.5 .25 37.5 -16.5 .25 37.5
4 16 -16.8827 .2576 37.4239 -16.8827 .0082 37.4177 -16.5 .0006 37.494 -16.5 .25 37.5
4 16 -17.2071 .2793 37.2071 -17.2071 .03 37.2004 -16.8827 .0082 37.4177 -16.8827 .2576 37.4239
4 16 -17.4239 .3117 36.8827 -17.4239 .0625 36.8752 -17.2071 .03 37.2004 -17.2071 .2793 37.2071
4 16 -17.5 .35 36.5 -17.5 .1008 36.4916 -17.4239 .0625 36.8752 -17.4239 .3117 36.8827
4 16 -17.5 1.7548 19.9519 -17.5 .1008 36.4916 -17.5 .35 36.5 -17.5 2 20
4 16 -17.5 5.7644 -.0962 -17.5 1.7548 19.9519 -17.5 2 20 -17.5 6 0
4 16 -17.5 11.7788 -20.1442 -17.5 5.7644 -.0962 -17.5 6 0 -17.5 12 -20
4 16 -17.5 18.3947 -36.6839 -17.5 11.7788 -20.1442 -17.5 12 -20 -17.5 18.6 -36.5
4 16 -17.4239 18.5482 -37.0675 -17.5 18.3947 -36.6839 -17.5 18.6 -36.5 -17.4239 18.7531 -36.8827
4 16 -17.2071 18.6782 -37.3927 -17.4239 18.5482 -37.0675 -17.4239 18.7531 -36.8827 -17.2071 18.8828 -37.2071
4 16 -16.8827 18.7652 -37.61 -17.2071 18.6782 -37.3927 -17.2071 18.8828 -37.2071 -16.8827 18.9696 -37.4239
4 16 -16.5 18.7957 -37.6863 -16.8827 18.7652 -37.61 -16.8827 18.9696 -37.4239 -16.5 19 -37.5
4 16 16.5 18.7957 -37.6863 -16.5 18.7957 -37.6863 -16.5 19 -37.5 16.5 19 -37.5
5 24 16.8827 18.7652 -37.61 16.8827 18.9696 -37.4239 16.5 18.7957 -37.6863 17.2071 18.8828 -37.2071
5 24 17.2071 18.8828 -37.2071 17.2071 18.6782 -37.3927 16.8827 18.7652 -37.61 17.4239 18.7531 -36.8827
5 24 -17.4239 .3117 36.8827 -17.4239 .0625 36.8752 -17.2071 .03 37.2004 -17.5 .35 36.5
5 24 17.4239 18.5482 -37.0675 17.4239 18.7531 -36.8827 17.2071 18.6782 -37.3927 17.5 18.6 -36.5
5 24 16.5 18.7957 -37.6863 16.5 19 -37.5 16.8827 18.9696 -37.4239 -16.5 18.7957 -37.6863
5 24 17.4239 .0625 36.8752 17.4239 .3117 36.8827 17.5 .1008 36.4916 17.2071 .2793 37.2071
5 24 -17.5 18.3947 -36.6839 -17.5 18.6 -36.5 -17.5 11.7788 -20.1442 -17.4239 18.7531 -36.8827
5 24 16.5 .25 37.5 16.5 .0006 37.494 16.8827 .0082 37.4177 -16.5 .25 37.5
5 24 -16.8827 .0082 37.4177 -16.8827 .2576 37.4239 -16.5 .0006 37.494 -17.2071 .2793 37.2071
5 24 16.8827 .0082 37.4177 16.8827 .2576 37.4239 17.2071 .03 37.2004 16.5 .25 37.5
5 24 -16.5 .0006 37.494 -16.5 .25 37.5 16.5 .0006 37.494 -16.8827 .2576 37.4239
5 24 -17.5 .1008 36.4916 -17.5 .35 36.5 -17.4239 .0625 36.8752 -17.5 2 20
5 24 -17.2071 18.6782 -37.3927 -17.2071 18.8828 -37.2071 -17.4239 18.5482 -37.0675 -16.8827 18.9696 -37.4239
5 24 17.2071 .2793 37.2071 17.2071 .03 37.2004 16.8827 .2576 37.4239 17.4239 .0625 36.8752
5 24 17.5 18.6 -36.5 17.5 18.3947 -36.6839 17.5 12 -20 17.4239 18.5482 -37.0675
5 24 -16.5 18.7957 -37.6863 -16.5 19 -37.5 -16.8827 18.7652 -37.61 16.5 19 -37.5
5 24 17.5 .35 36.5 17.5 .1008 36.4916 17.4239 .3117 36.8827 17.5 1.7548 19.9519
5 24 -16.8827 18.9696 -37.4239 -16.8827 18.7652 -37.61 -16.5 19 -37.5 -17.2071 18.6782 -37.3927
5 24 -17.2071 .03 37.2004 -17.2071 .2793 37.2071 -16.8827 .0082 37.4177 -17.4239 .3117 36.8827
5 24 -17.4239 18.5482 -37.0675 -17.4239 18.7531 -36.8827 -17.5 18.3947 -36.6839 -17.2071 18.8828 -37.2071
