0 Sticker  0.7 x  3.7 with White "7985" and Double Grille Right
0 Name: 4614385b.dat
0 Author: Evert-Jan Boer [ejboer]
0 !LDRAW_ORG Unofficial_Part
0 !LICENSE Licensed under CC BY 4.0 : see CAreadme.txt

0 BFC CERTIFY CCW

0 !KEYWORDS City of Atlantis, Set 7985

1 4 36.5 -.25 6.5 1 0 0 0 -1 0 0 0 1 1-4chrd.dat
1 4 36.5 -.25 -6.5 0 0 1 0 -1 0 -1 0 0 1-4chrd.dat
1 4 -36.5 -.25 -6.5 -1 0 0 0 -1 0 0 0 -1 1-4chrd.dat
1 4 -36.5 -.25 6.5 0 0 -1 0 -1 0 1 0 0 1-4chrd.dat
1 4 -21.8 -.25 1.8 0 0 -1 0 -1 0 1 0 0 1-4ndis.dat
1 4 -21.8 -.25 .8 -1 0 0 0 -1 0 0 0 -1 1-4ndis.dat
1 4 -16 -.25 1.8 1 0 0 0 -1 0 0 0 1 1-4ndis.dat
1 4 -16 -.25 -1.3 0 0 1 0 -1 0 -1 0 0 1-4ndis.dat
1 4 -13.1 -.25 1.8 0 0 -1 0 -1 0 1 0 0 1-4ndis.dat
1 4 -13.1 -.25 -1.3 -1 0 0 0 -1 0 0 0 -1 1-4ndis.dat
1 4 -7.7 -.25 -1.3 0 0 1 0 -1 0 -1 0 0 1-4ndis.dat
1 4 -7.7 -.25 1.8 1 0 0 0 -1 0 0 0 1 1-4ndis.dat
1 4 -13.1 -.25 1.5 -1 0 0 0 -1 0 0 0 -1 3-16ndis.dat
1 4 -13.1 -.25 -.6 -1 0 0 0 -1 0 0 0 1 3-16ndis.dat
1 4 -7.7 -.25 -.6 1 0 0 0 -1 0 0 0 1 3-16ndis.dat
1 4 -7.7 -.25 1.5 1 0 0 0 -1 0 0 0 -1 3-16ndis.dat
1 4 .9 -.25 -.3 1 0 0 0 -1 0 0 0 1 1-4ndis.dat
1 4 .9 -.25 -1.3 0 0 1 0 -1 0 -1 0 0 1-4ndis.dat
1 4 -4.4 -.25 .7 -1 0 0 0 -1 0 0 0 -1 1-4ndis.dat
4 4 -17 -.25 1.5 -20.5 -.25 1.5 -20.5 -.25 1.1 -17 -.25 1.1
4 4 -22.6 -.25 -1.1 -22.8 -.25 -.2 -23.6 -.25 -2.3 -22.6 -.25 -2.3
4 4 -22.6 -.25 -1.1 -17 -.25 -1.1 -21.8 -.25 -.2 -22.8 -.25 -.2
3 4 -21.8 -.25 -.2 -17 -.25 -1.1 -17 -.25 -.2
4 4 -13.4827 -.25 .5761 -14.1 -.25 .5 -14.1 -.25 .4 -13.4827 -.25 .3239
4 4 -15 -.25 -1.3 -15 -.25 -2.3 -14.1 -.25 -1.3 -14.1 -.25 -.6
3 4 -14.1 -.25 -1.3 -15 -.25 -2.3 -14.1 -.25 -2.3
4 4 -7.3173 -.25 .3239 -6.7 -.25 .4 -6.7 -.25 .5 -7.3173 -.25 .5761
4 4 -12.3 -.25 -1 -8.4 -.25 -1 -8.4 -.25 -.2 -12.3 -.25 -.2
4 4 -12.3 -.25 1 -8.4 -.25 1 -8.4 -.25 1.5 -12.3 -.25 1.5
4 4 -5.4 -.25 -1.1 0 -.25 -1.1 -4.4 -.25 -.3 -5.4 -.25 -.3
3 4 0 -.25 -.3 -4.4 -.25 -.3 0 -.25 -1.1
4 4 -3.4 -.25 1.9 -3.4 -.25 .7 .9 -.25 .7 1.9 -.25 1.9
4 4 -30.9 -.25 2.8 -37.5 -.25 4.5 -37.5 -.25 -4.5 -30.9 -.25 1.5
3 4 0 -.25 4.5 8.1771 -.25 3.1229 8.6923 -.25 3.4671
3 4 0 -.25 4.5 8.6923 -.25 3.4671 9.3 -.25 3.588
3 4 9.3 -.25 3.588 13 -.25 4.5 0 -.25 4.5
3 4 8.1771 -.25 -2.7229 0 -.25 -4.5 8.6923 -.25 -3.0671
4 4 8.6923 -.25 -3.0671 0 -.25 -4.5 13 -.25 -4.5 9.3 -.25 -3.188
3 4 13.9 -.25 -3.188 9.3 -.25 -3.188 13 -.25 -4.5
3 4 16.3 -.25 -3.188 13.9 -.25 -3.188 13 -.25 -4.5
3 4 16.3 -.25 -3.188 13 -.25 -4.5 21 -.25 -4.5
3 4 16.9077 -.25 -3.0671 16.3 -.25 -3.188 21 -.25 -4.5
3 4 17.4229 -.25 -2.7229 16.9077 -.25 -3.0671 21 -.25 -4.5
3 4 17.7671 -.25 -2.2077 17.4229 -.25 -2.7229 21 -.25 -4.5
3 4 17.888 -.25 -1.6 17.7671 -.25 -2.2077 21 -.25 -4.5
4 4 17.888 -.25 -1.6 21 -.25 -4.5 23.3329 -.25 -2.2077 23.212 -.25 -1.6
3 4 23.3329 -.25 -2.2077 21 -.25 -4.5 23.6771 -.25 -2.7229
3 4 23.6771 -.25 -2.7229 21 -.25 -4.5 24.1923 -.25 -3.0671
3 4 24.1923 -.25 -3.0671 21 -.25 -4.5 24.8 -.25 -3.188
4 4 17.888 -.25 2 17.888 -.25 -1.6 23.212 -.25 -1.6 23.212 -.25 2
4 4 24.8 -.25 -3.188 21 -.25 -4.5 28.5 -.25 -4.5 29.4 -.25 -3.188
3 4 31.8 -.25 -3.188 29.4 -.25 -3.188 28.5 -.25 -4.5
4 4 28.5 -.25 -4.5 37.5 -.25 -4.5 32.4077 -.25 -3.0671 31.8 -.25 -3.188
3 4 32.9229 -.25 -2.7229 32.4077 -.25 -3.0671 37.5 -.25 -4.5
3 4 33.2671 -.25 -2.2077 32.9229 -.25 -2.7229 37.5 -.25 -4.5
3 4 33.388 -.25 -1.6 33.2671 -.25 -2.2077 37.5 -.25 -4.5
4 4 33.388 -.25 -1.6 37.5 -.25 -4.5 37.5 -.25 4.5 33.388 -.25 2
3 4 37.5 -.25 4.5 33.2671 -.25 2.6077 33.388 -.25 2
3 4 37.5 -.25 4.5 32.9229 -.25 3.1229 33.2671 -.25 2.6077
3 4 37.5 -.25 4.5 32.4077 -.25 3.4671 32.9229 -.25 3.1229
3 4 37.5 -.25 4.5 31.8 -.25 3.588 32.4077 -.25 3.4671
3 4 37.5 -.25 4.5 28.5 -.25 4.5 31.8 -.25 3.588
3 4 28.5 -.25 4.5 29.4 -.25 3.588 31.8 -.25 3.588
3 4 28.5 -.25 4.5 24.8 -.25 3.588 29.4 -.25 3.588
3 4 24.8 -.25 3.588 28.5 -.25 4.5 21 -.25 4.5
3 4 21 -.25 4.5 24.1923 -.25 3.4671 24.8 -.25 3.588
3 4 21 -.25 4.5 23.6771 -.25 3.1229 24.1923 -.25 3.4671
3 4 21 -.25 4.5 23.3329 -.25 2.6077 23.6771 -.25 3.1229
4 4 23.3329 -.25 2.6077 21 -.25 4.5 17.888 -.25 2 23.212 -.25 2
3 4 21 -.25 4.5 17.7671 -.25 2.6077 17.888 -.25 2
3 4 21 -.25 4.5 17.4229 -.25 3.1229 17.7671 -.25 2.6077
3 4 21 -.25 4.5 16.9077 -.25 3.4671 17.4229 -.25 3.1229
3 4 21 -.25 4.5 16.3 -.25 3.588 16.9077 -.25 3.4671
3 4 21 -.25 4.5 13 -.25 4.5 16.3 -.25 3.588
3 4 13 -.25 4.5 13.9 -.25 3.588 16.3 -.25 3.588
3 4 13 -.25 4.5 9.3 -.25 3.588 13.9 -.25 3.588
4 4 -37.5 -.25 4.5 -30.9 -.25 2.8 -23.6 -.25 2.8 -20 -.25 4.5
4 4 -25.6 -.25 1.5 -30.9 -.25 1.5 -37.5 -.25 -4.5 -25.6 -.25 -2.3
4 4 -20 -.25 -4.5 -23.6 -.25 -2.3 -25.6 -.25 -2.3 -37.5 -.25 -4.5
3 4 -22.8 -.25 2.8 -23.6 -.25 2.8 -22.8 -.25 1.8
3 4 -23.6 -.25 2.8 -22.8 -.25 .8 -22.8 -.25 1.8
4 4 -22.8 -.25 .8 -23.6 -.25 2.8 -23.6 -.25 -2.3 -22.8 -.25 -.2
3 4 -20 -.25 4.5 -23.6 -.25 2.8 -22.8 -.25 2.8
3 4 -20 -.25 4.5 -22.8 -.25 2.8 -21.8 -.25 2.8
3 4 -22.6 -.25 -2.3 -23.6 -.25 -2.3 -20 -.25 -4.5
3 4 -16 -.25 -2.3 -22.6 -.25 -2.3 -20 -.25 -4.5
3 4 -15 -.25 -2.3 -16 -.25 -2.3 -20 -.25 -4.5
3 4 -14.1 -.25 -2.3 -15 -.25 -2.3 -20 -.25 -4.5
4 4 0 -.25 -4.5 -13.1 -.25 -2.3 -14.1 -.25 -2.3 -20 -.25 -4.5
3 4 -20 -.25 4.5 -21.8 -.25 2.8 -16 -.25 2.8
3 4 -20 -.25 4.5 -16 -.25 2.8 -15 -.25 2.8
3 4 -20 -.25 4.5 -15 -.25 2.8 -14.1 -.25 2.8
3 4 -20 -.25 4.5 -14.1 -.25 2.8 -13.1 -.25 2.8
4 4 -15 -.25 2.8 -15 -.25 1.8 -14.1 -.25 1.8 -14.1 -.25 2.8
3 4 -14.1 -.25 1.8 -15 -.25 1.8 -14.1 -.25 1.5
3 4 -15 -.25 1.8 -14.1 -.25 .5 -14.1 -.25 1.5
3 4 -15 -.25 1.8 -14.1 -.25 .4 -14.1 -.25 .5
4 4 -14.1 -.25 -.6 -14.1 -.25 .4 -15 -.25 1.8 -15 -.25 -1.3
3 4 -20 -.25 4.5 -13.1 -.25 2.8 -7.7 -.25 2.8
3 4 -20 -.25 4.5 -7.7 -.25 2.8 -6.7 -.25 2.8
4 4 -6.7 -.25 2.8 -5.4 -.25 2.8 0 -.25 4.5 -20 -.25 4.5
3 4 0 -.25 4.5 -5.4 -.25 2.8 1.9 -.25 2.8
4 4 1.9 -.25 2.8 7.8329 -.25 2.6077 8.1771 -.25 3.1229 0 -.25 4.5
4 4 1.9 -.25 1.9 7.712 -.25 2 7.8329 -.25 2.6077 1.9 -.25 2.8
4 4 .9 -.25 .7 1.9 -.25 .7 7.712 -.25 2 1.9 -.25 1.9
4 4 7.712 -.25 2 1.9 -.25 .7 1.9 -.25 -.3 7.712 -.25 -1.6
3 4 1.9 -.25 -.3 1.9 -.25 -1.3 7.712 -.25 -1.6
4 4 7.712 -.25 -1.6 1.9 -.25 -1.3 1.9 -.25 -2.3 7.8329 -.25 -2.2077
4 4 8.1771 -.25 -2.7229 7.8329 -.25 -2.2077 1.9 -.25 -2.3 0 -.25 -4.5
3 4 1.9 -.25 -2.3 .9 -.25 -2.3 0 -.25 -4.5
3 4 .9 -.25 -2.3 -5.4 -.25 -2.3 0 -.25 -4.5
3 4 -5.4 -.25 -2.3 -6.7 -.25 -2.3 0 -.25 -4.5
3 4 -6.7 -.25 -2.3 -7.7 -.25 -2.3 0 -.25 -4.5
3 4 -7.7 -.25 -2.3 -13.1 -.25 -2.3 0 -.25 -4.5
3 4 -5.4 -.25 2.8 -6.7 -.25 2.8 -6.7 -.25 1.8
4 4 -6.7 -.25 1.8 -6.7 -.25 1.5 -5.4 -.25 .7 -5.4 -.25 2.8
3 4 -6.7 -.25 1.5 -6.7 -.25 .5 -5.4 -.25 .7
4 4 -6.7 -.25 .5 -6.7 -.25 .4 -5.4 -.25 -.3 -5.4 -.25 .7
3 4 -6.7 -.25 .4 -6.7 -.25 -.6 -5.4 -.25 -.3
4 4 -6.7 -.25 -.6 -6.7 -.25 -1.3 -5.4 -.25 -1.1 -5.4 -.25 -.3
4 4 -5.4 -.25 -1.1 -6.7 -.25 -1.3 -6.7 -.25 -2.3 -5.4 -.25 -2.3
4 4 36.5 -.25 7.5 28.5 -.25 5.5 37.5 -.25 5.5 37.5 -.25 6.5
4 4 -37.5 -.25 6.5 -37.5 -.25 5.5 -20 -.25 5.5 -36.5 -.25 7.5
4 4 36.5 -.25 7.5 -36.5 -.25 7.5 -20 -.25 5.5 0 -.25 5.5
3 4 36.5 -.25 7.5 0 -.25 5.5 13 -.25 5.5
3 4 36.5 -.25 7.5 13 -.25 5.5 21 -.25 5.5
3 4 36.5 -.25 7.5 21 -.25 5.5 28.5 -.25 5.5
4 4 28.5 -.25 -5.5 36.5 -.25 -7.5 37.5 -.25 -6.5 37.5 -.25 -5.5
3 4 36.5 -.25 -7.5 28.5 -.25 -5.5 21 -.25 -5.5
4 4 21 -.25 -5.5 13 -.25 -5.5 -36.5 -.25 -7.5 36.5 -.25 -7.5
3 4 -36.5 -.25 -7.5 13 -.25 -5.5 0 -.25 -5.5
3 4 -36.5 -.25 -7.5 0 -.25 -5.5 -20 -.25 -5.5
4 4 -37.5 -.25 -6.5 -36.5 -.25 -7.5 -20 -.25 -5.5 -37.5 -.25 -5.5
1 15 -21.8 -.25 1.8 0 0 -1 0 -1 0 1 0 0 1-4chrd.dat
1 15 -21.8 -.25 .8 -1 0 0 0 -1 0 0 0 -1 1-4chrd.dat
1 15 -16 -.25 1.8 1 0 0 0 -1 0 0 0 1 1-4chrd.dat
1 15 -16 -.25 -1.3 0 0 1 0 -1 0 -1 0 0 1-4chrd.dat
1 15 -7.7 -.25 1.8 1 0 0 0 -1 0 0 0 1 1-4chrd.dat
1 15 -13.1 -.25 1.8 0 0 -1 0 -1 0 1 0 0 1-4chrd.dat
1 15 -13.1 -.25 -1.3 -1 0 0 0 -1 0 0 0 -1 1-4chrd.dat
1 15 -7.7 -.25 -1.3 0 0 1 0 -1 0 -1 0 0 1-4chrd.dat
1 15 -13.1 -.25 1.5 -1 0 0 0 -1 0 0 0 -1 3-16chrd.dat
1 15 -7.7 -.25 1.5 1 0 0 0 -1 0 0 0 -1 3-16chrd.dat
1 15 -7.7 -.25 -.6 1 0 0 0 -1 0 0 0 1 3-16chrd.dat
1 15 -13.1 -.25 -.6 -1 0 0 0 -1 0 0 0 1 3-16chrd.dat
1 15 -4.4 -.25 .7 -1 0 0 0 -1 0 0 0 -1 1-4chrd.dat
1 15 .9 -.25 -.3 1 0 0 0 -1 0 0 0 1 1-4chrd.dat
1 15 .9 -.25 -1.3 0 0 1 0 -1 0 -1 0 0 1-4chrd.dat
4 15 -23.6 -.25 -2.3 -23.6 -.25 2.8 -25.6 -.25 1.5 -25.6 -.25 -2.3
4 15 -5.4 -.25 -2.3 .9 -.25 -2.3 0 -.25 -1.1 -5.4 -.25 -1.1
4 15 1.9 -.25 2.8 -5.4 -.25 2.8 -3.4 -.25 1.9 1.9 -.25 1.9
4 15 -22.8 -.25 .8 -20.5 -.25 1.1 -20.5 -.25 1.5 -22.8 -.25 1.8
3 15 -17 -.25 1.1 -20.5 -.25 1.1 -22.8 -.25 .8
4 15 -22.8 -.25 .8 -21.8 -.25 -.2 -17 -.25 -.2 -17 -.25 1.1
3 15 -22.8 -.25 1.8 -20.5 -.25 1.5 -17 -.25 1.5
4 15 -22.8 -.25 1.8 -17 -.25 1.5 -15 -.25 1.8 -21.8 -.25 2.8
3 15 -16 -.25 2.8 -21.8 -.25 2.8 -15 -.25 1.8
3 15 -17 -.25 1.1 -17 -.25 -.2 -15 -.25 -1.3
4 15 -17 -.25 1.5 -17 -.25 1.1 -15 -.25 -1.3 -15 -.25 1.8
4 15 -15 -.25 -1.3 -17 -.25 -.2 -17 -.25 -1.1 -16 -.25 -2.3
4 15 -22.6 -.25 -2.3 -16 -.25 -2.3 -17 -.25 -1.1 -22.6 -.25 -1.1
3 15 -14.1 -.25 1.8 -14.1 -.25 1.5 -13.4827 -.25 .5761
4 15 -14.1 -.25 1.8 -13.4827 -.25 .5761 -12.3 -.25 1 -13.1 -.25 2.8
3 15 -13.1 -.25 2.8 -12.3 -.25 1 -12.3 -.25 1.5
4 15 -12.3 -.25 1 -13.4827 -.25 .5761 -13.4827 -.25 .3239 -12.3 -.25 -.2
4 15 -13.4827 -.25 .3239 -14.1 -.25 -.6 -12.3 -.25 -1 -12.3 -.25 -.2
4 15 -12.3 -.25 -1 -14.1 -.25 -.6 -14.1 -.25 -1.3 -13.1 -.25 -2.3
4 15 -8.4 -.25 -1 -7.7 -.25 -2.3 -6.7 -.25 -1.3 -6.7 -.25 -.6
4 15 -12.3 -.25 -.2 -8.4 -.25 -.2 -8.4 -.25 1 -12.3 -.25 1
4 15 -3.4 -.25 1.9 -5.4 -.25 2.8 -5.4 -.25 .7 -3.4 -.25 .7
4 15 -4.4 -.25 -.3 0 -.25 -.3 -3.4 -.25 .7 -5.4 -.25 .7
4 15 0 -.25 -.3 1.9 -.25 -.3 .9 -.25 .7 -3.4 -.25 .7
4 15 0 -.25 -.3 0 -.25 -1.1 1.9 -.25 -1.3 1.9 -.25 -.3
3 15 0 -.25 -1.1 .9 -.25 -2.3 1.9 -.25 -1.3
4 15 -37.5 -.25 4.5 -20 -.25 4.5 -20 -.25 5.5 -37.5 -.25 5.5
4 15 -20 -.25 -4.5 -20 -.25 -5.5 0 -.25 -5.5 0 -.25 -4.5
4 15 -37.5 -.25 -4.5 -37.5 -.25 -5.5 -20 -.25 -5.5 -20 -.25 -4.5
4 15 0 -.25 4.5 0 -.25 5.5 -20 -.25 5.5 -20 -.25 4.5
4 15 0 -.25 5.5 0 -.25 4.5 13 -.25 4.5 13 -.25 5.5
4 15 13 -.25 5.5 13 -.25 4.5 21 -.25 4.5 21 -.25 5.5
4 15 21 -.25 5.5 21 -.25 4.5 28.5 -.25 4.5 28.5 -.25 5.5
4 15 28.5 -.25 5.5 28.5 -.25 4.5 37.5 -.25 4.5 37.5 -.25 5.5
4 15 0 -.25 -4.5 0 -.25 -5.5 13 -.25 -5.5 13 -.25 -4.5
4 15 13 -.25 -4.5 13 -.25 -5.5 21 -.25 -5.5 21 -.25 -4.5
4 15 21 -.25 -4.5 21 -.25 -5.5 28.5 -.25 -5.5 28.5 -.25 -4.5
4 15 28.5 -.25 -4.5 28.5 -.25 -5.5 37.5 -.25 -5.5 37.5 -.25 -4.5
4 15 -30.9 -.25 1.5 -25.6 -.25 1.5 -23.6 -.25 2.8 -30.9 -.25 2.8
4 15 -12.3 -.25 1.5 -8.4 -.25 1.5 -7.7 -.25 2.8 -13.1 -.25 2.8
4 15 -6.7 -.25 1.8 -7.7 -.25 2.8 -8.4 -.25 1.5 -6.7 -.25 1.5
4 15 -8.4 -.25 1 -7.3173 -.25 .5761 -6.7 -.25 1.5 -8.4 -.25 1.5
4 15 -7.3173 -.25 .5761 -8.4 -.25 1 -8.4 -.25 -.2 -7.3173 -.25 .3239
4 15 -7.3173 -.25 .3239 -8.4 -.25 -.2 -8.4 -.25 -1 -6.7 -.25 -.6
4 15 -8.4 -.25 -1 -12.3 -.25 -1 -13.1 -.25 -2.3 -7.7 -.25 -2.3
4 0 17.3833 -.25 2 17.888 -.25 2 17.7671 -.25 2.6077 17.3008 -.25 2.4146
4 0 17.3008 -.25 2.4146 17.7671 -.25 2.6077 17.4229 -.25 3.1229 17.066 -.25 2.816
4 0 16.9077 -.25 3.4671 16.7146 -.25 3.0008 17.066 -.25 2.816 17.4229 -.25 3.1229
4 0 16.3 -.25 3.588 16.3 -.25 3.0833 16.7146 -.25 3.0008 16.9077 -.25 3.4671
4 0 7.712 -.25 2 8.2167 -.25 2 8.2992 -.25 2.4146 7.8329 -.25 2.6077
4 0 8.6923 -.25 3.4671 8.8854 -.25 3.0008 9.3 -.25 3.0833 9.3 -.25 3.588
4 0 8.1771 -.25 3.1229 8.534 -.25 2.816 8.8854 -.25 3.0008 8.6923 -.25 3.4671
4 0 7.8329 -.25 2.6077 8.2992 -.25 2.4146 8.534 -.25 2.816 8.1771 -.25 3.1229
4 0 8.2167 -.25 -1.6 7.712 -.25 -1.6 7.8329 -.25 -2.2077 8.2992 -.25 -2.0146
4 0 8.1771 -.25 -2.7229 8.534 -.25 -2.416 8.2992 -.25 -2.0146 7.8329 -.25 -2.2077
4 0 8.534 -.25 -2.416 8.1771 -.25 -2.7229 8.6923 -.25 -3.0671 8.8854 -.25 -2.6008
4 0 8.8854 -.25 -2.6008 8.6923 -.25 -3.0671 9.3 -.25 -3.188 9.3 -.25 -2.6833
4 0 16.9077 -.25 -3.0671 16.7146 -.25 -2.6008 16.3 -.25 -2.6833 16.3 -.25 -3.188
4 0 17.4229 -.25 -2.7229 17.066 -.25 -2.416 16.7146 -.25 -2.6008 16.9077 -.25 -3.0671
4 0 17.7671 -.25 -2.2077 17.3008 -.25 -2.0146 17.066 -.25 -2.416 17.4229 -.25 -2.7229
4 0 17.3008 -.25 -2.0146 17.7671 -.25 -2.2077 17.888 -.25 -1.6 17.3833 -.25 -1.6
3 0 10.3 -.25 3.0833 9.3 -.25 3.588 9.9 -.25 3.0833
3 0 12.1 -.25 3.0833 13.9 -.25 3.588 11.7 -.25 3.0833
3 0 13.9 -.25 3.0833 13.9 -.25 3.588 13.5 -.25 3.0833
3 0 15.7 -.25 3.0833 16.3 -.25 3.588 15.3 -.25 3.0833
3 0 9.9 -.25 3.0833 9.3 -.25 3.588 9.3 -.25 3.0833
4 0 11.7 -.25 3.0833 13.9 -.25 3.588 9.3 -.25 3.588 10.3 -.25 3.0833
3 0 13.5 -.25 3.0833 13.9 -.25 3.588 12.1 -.25 3.0833
4 0 15.3 -.25 3.0833 16.3 -.25 3.588 13.9 -.25 3.588 13.9 -.25 3.0833
3 0 16.3 -.25 3.0833 16.3 -.25 3.588 15.7 -.25 3.0833
3 0 9.3 -.25 -3.188 9.9 -.25 -2.6833 9.3 -.25 -2.6833
3 0 9.3 -.25 -3.188 10.3 -.25 -2.6833 9.9 -.25 -2.6833
4 0 13.9 -.25 -3.188 11.7 -.25 -2.6833 10.3 -.25 -2.6833 9.3 -.25 -3.188
3 0 13.9 -.25 -3.188 12.1 -.25 -2.6833 11.7 -.25 -2.6833
3 0 13.9 -.25 -3.188 13.5 -.25 -2.6833 12.1 -.25 -2.6833
3 0 13.9 -.25 -3.188 13.9 -.25 -2.6833 13.5 -.25 -2.6833
4 0 16.3 -.25 -3.188 15.3 -.25 -2.6833 13.9 -.25 -2.6833 13.9 -.25 -3.188
3 0 16.3 -.25 -3.188 15.7 -.25 -2.6833 15.3 -.25 -2.6833
3 0 16.3 -.25 -3.188 16.3 -.25 -2.6833 15.7 -.25 -2.6833
4 0 17.888 -.25 -1.6 17.888 -.25 2 17.3833 -.25 2 17.3833 -.25 -1.6
4 0 8.2167 -.25 -1.6 8.2167 -.25 2 7.712 -.25 2 7.712 -.25 -1.6
4 0 10.3 -.25 2.4 10.3 -.25 2.8 9.9 -.25 2.8 9.9 -.25 2.4
4 0 12.1 -.25 2.4 12.1 -.25 2.8 11.7 -.25 2.8 11.7 -.25 2.4
4 0 13.9 -.25 2.4 13.9 -.25 2.8 13.5 -.25 2.8 13.5 -.25 2.4
4 0 15.7 -.25 2.4 15.7 -.25 2.8 15.3 -.25 2.8 15.3 -.25 2.4
4 0 10.3 -.25 2 10.3 -.25 2.4 9.9 -.25 2.4 9.9 -.25 2
4 0 12.1 -.25 2 12.1 -.25 2.4 11.7 -.25 2.4 11.7 -.25 2
4 0 13.9 -.25 2 13.9 -.25 2.4 13.5 -.25 2.4 13.5 -.25 2
4 0 15.7 -.25 2 15.7 -.25 2.4 15.3 -.25 2.4 15.3 -.25 2
4 0 10.3 -.25 1.6 10.3 -.25 2 9.9 -.25 2 9.9 -.25 1.6
4 0 12.1 -.25 1.6 12.1 -.25 2 11.7 -.25 2 11.7 -.25 1.6
4 0 13.9 -.25 1.6 13.9 -.25 2 13.5 -.25 2 13.5 -.25 1.6
4 0 15.7 -.25 1.6 15.7 -.25 2 15.3 -.25 2 15.3 -.25 1.6
4 0 10.3 -.25 1.2 10.3 -.25 1.6 9.9 -.25 1.6 9.9 -.25 1.2
4 0 12.1 -.25 1.2 12.1 -.25 1.6 11.7 -.25 1.6 11.7 -.25 1.2
4 0 13.9 -.25 1.2 13.9 -.25 1.6 13.5 -.25 1.6 13.5 -.25 1.2
4 0 15.7 -.25 1.2 15.7 -.25 1.6 15.3 -.25 1.6 15.3 -.25 1.2
4 0 9.9 -.25 1.2 9.9 -.25 .8 10.3 -.25 .8 10.3 -.25 1.2
4 0 11.7 -.25 1.2 11.7 -.25 .8 12.1 -.25 .8 12.1 -.25 1.2
4 0 13.5 -.25 1.2 13.5 -.25 .8 13.9 -.25 .8 13.9 -.25 1.2
4 0 15.3 -.25 1.2 15.3 -.25 .8 15.7 -.25 .8 15.7 -.25 1.2
4 0 9.9 -.25 .8 9.9 -.25 .4 10.3 -.25 .4 10.3 -.25 .8
4 0 11.7 -.25 .8 11.7 -.25 .4 12.1 -.25 .4 12.1 -.25 .8
4 0 13.5 -.25 .8 13.5 -.25 .4 13.9 -.25 .4 13.9 -.25 .8
4 0 15.3 -.25 .8 15.3 -.25 .4 15.7 -.25 .4 15.7 -.25 .8
4 0 9.9 -.25 .4 9.9 -.25 0 10.3 -.25 0 10.3 -.25 .4
4 0 11.7 -.25 .4 11.7 -.25 0 12.1 -.25 0 12.1 -.25 .4
4 0 13.5 -.25 .4 13.5 -.25 0 13.9 -.25 0 13.9 -.25 .4
4 0 15.3 -.25 .4 15.3 -.25 0 15.7 -.25 0 15.7 -.25 .4
4 0 9.9 -.25 0 9.9 -.25 -.4 10.3 -.25 -.4 10.3 -.25 0
4 0 11.7 -.25 0 11.7 -.25 -.4 12.1 -.25 -.4 12.1 -.25 0
4 0 13.5 -.25 0 13.5 -.25 -.4 13.9 -.25 -.4 13.9 -.25 0
4 0 15.3 -.25 0 15.3 -.25 -.4 15.7 -.25 -.4 15.7 -.25 0
4 0 9.9 -.25 -.4 9.9 -.25 -.8 10.3 -.25 -.8 10.3 -.25 -.4
4 0 11.7 -.25 -.4 11.7 -.25 -.8 12.1 -.25 -.8 12.1 -.25 -.4
4 0 13.5 -.25 -.4 13.5 -.25 -.8 13.9 -.25 -.8 13.9 -.25 -.4
4 0 15.3 -.25 -.4 15.3 -.25 -.8 15.7 -.25 -.8 15.7 -.25 -.4
4 0 9.9 -.25 -.8 9.9 -.25 -1.2 10.3 -.25 -1.2 10.3 -.25 -.8
4 0 11.7 -.25 -.8 11.7 -.25 -1.2 12.1 -.25 -1.2 12.1 -.25 -.8
4 0 13.5 -.25 -.8 13.5 -.25 -1.2 13.9 -.25 -1.2 13.9 -.25 -.8
4 0 15.3 -.25 -.8 15.3 -.25 -1.2 15.7 -.25 -1.2 15.7 -.25 -.8
4 0 9.9 -.25 -1.2 9.9 -.25 -1.6 10.3 -.25 -1.6 10.3 -.25 -1.2
4 0 11.7 -.25 -1.2 11.7 -.25 -1.6 12.1 -.25 -1.6 12.1 -.25 -1.2
4 0 13.5 -.25 -1.2 13.5 -.25 -1.6 13.9 -.25 -1.6 13.9 -.25 -1.2
4 0 15.3 -.25 -1.2 15.3 -.25 -1.6 15.7 -.25 -1.6 15.7 -.25 -1.2
4 0 9.9 -.25 -1.6 9.9 -.25 -2 10.3 -.25 -2 10.3 -.25 -1.6
4 0 11.7 -.25 -1.6 11.7 -.25 -2 12.1 -.25 -2 12.1 -.25 -1.6
4 0 13.5 -.25 -1.6 13.5 -.25 -2 13.9 -.25 -2 13.9 -.25 -1.6
4 0 15.3 -.25 -1.6 15.3 -.25 -2 15.7 -.25 -2 15.7 -.25 -1.6
4 0 9.9 -.25 -2 9.9 -.25 -2.4 10.3 -.25 -2.4 10.3 -.25 -2
4 0 11.7 -.25 -2 11.7 -.25 -2.4 12.1 -.25 -2.4 12.1 -.25 -2
4 0 13.5 -.25 -2 13.5 -.25 -2.4 13.9 -.25 -2.4 13.9 -.25 -2
4 0 15.3 -.25 -2 15.3 -.25 -2.4 15.7 -.25 -2.4 15.7 -.25 -2
4 0 9.9 -.25 3.0833 9.9 -.25 2.8 10.3 -.25 2.8 10.3 -.25 3.0833
4 0 11.7 -.25 3.0833 11.7 -.25 2.8 12.1 -.25 2.8 12.1 -.25 3.0833
4 0 13.5 -.25 3.0833 13.5 -.25 2.8 13.9 -.25 2.8 13.9 -.25 3.0833
4 0 15.3 -.25 3.0833 15.3 -.25 2.8 15.7 -.25 2.8 15.7 -.25 3.0833
4 0 9.9 -.25 -2.4 9.9 -.25 -2.6833 10.3 -.25 -2.6833 10.3 -.25 -2.4
4 0 11.7 -.25 -2.4 11.7 -.25 -2.6833 12.1 -.25 -2.6833 12.1 -.25 -2.4
4 0 13.5 -.25 -2.4 13.5 -.25 -2.6833 13.9 -.25 -2.6833 13.9 -.25 -2.4
4 0 15.3 -.25 -2.4 15.3 -.25 -2.6833 15.7 -.25 -2.6833 15.7 -.25 -2.4
4 0 32.8833 -.25 2 33.388 -.25 2 33.2671 -.25 2.6077 32.8008 -.25 2.4146
4 0 32.8008 -.25 2.4146 33.2671 -.25 2.6077 32.9229 -.25 3.1229 32.566 -.25 2.816
4 0 32.4077 -.25 3.4671 32.2146 -.25 3.0008 32.566 -.25 2.816 32.9229 -.25 3.1229
4 0 31.8 -.25 3.588 31.8 -.25 3.0833 32.2146 -.25 3.0008 32.4077 -.25 3.4671
4 0 23.7992 -.25 2.4146 23.3329 -.25 2.6077 23.212 -.25 2 23.7167 -.25 2
4 0 24.8 -.25 3.0833 24.8 -.25 3.588 24.1923 -.25 3.4671 24.3854 -.25 3.0008
4 0 24.3854 -.25 3.0008 24.1923 -.25 3.4671 23.6771 -.25 3.1229 24.034 -.25 2.816
4 0 24.034 -.25 2.816 23.6771 -.25 3.1229 23.3329 -.25 2.6077 23.7992 -.25 2.4146
4 0 23.7167 -.25 -1.6 23.212 -.25 -1.6 23.3329 -.25 -2.2077 23.7992 -.25 -2.0146
4 0 23.7992 -.25 -2.0146 23.3329 -.25 -2.2077 23.6771 -.25 -2.7229 24.034 -.25 -2.416
4 0 24.034 -.25 -2.416 23.6771 -.25 -2.7229 24.1923 -.25 -3.0671 24.3854 -.25 -2.6008
4 0 24.3854 -.25 -2.6008 24.1923 -.25 -3.0671 24.8 -.25 -3.188 24.8 -.25 -2.6833
4 0 31.8 -.25 -2.6833 31.8 -.25 -3.188 32.4077 -.25 -3.0671 32.2146 -.25 -2.6008
4 0 32.2146 -.25 -2.6008 32.4077 -.25 -3.0671 32.9229 -.25 -2.7229 32.566 -.25 -2.416
4 0 32.566 -.25 -2.416 32.9229 -.25 -2.7229 33.2671 -.25 -2.2077 32.8008 -.25 -2.0146
4 0 32.8008 -.25 -2.0146 33.2671 -.25 -2.2077 33.388 -.25 -1.6 32.8833 -.25 -1.6
3 0 24.8 -.25 3.588 25.4 -.25 3.0833 25.8 -.25 3.0833
3 0 29.4 -.25 3.588 27.2 -.25 3.0833 27.6 -.25 3.0833
3 0 29.4 -.25 3.588 29 -.25 3.0833 29.4 -.25 3.0833
3 0 31.8 -.25 3.588 30.8 -.25 3.0833 31.2 -.25 3.0833
3 0 24.8 -.25 3.588 24.8 -.25 3.0833 25.4 -.25 3.0833
4 0 24.8 -.25 3.588 25.8 -.25 3.0833 27.2 -.25 3.0833 29.4 -.25 3.588
3 0 29.4 -.25 3.588 27.6 -.25 3.0833 29 -.25 3.0833
4 0 29.4 -.25 3.588 29.4 -.25 3.0833 30.8 -.25 3.0833 31.8 -.25 3.588
3 0 31.8 -.25 3.588 31.2 -.25 3.0833 31.8 -.25 3.0833
3 0 24.8 -.25 -2.6833 24.8 -.25 -3.188 25.4 -.25 -2.6833
3 0 25.4 -.25 -2.6833 24.8 -.25 -3.188 25.8 -.25 -2.6833
4 0 25.8 -.25 -2.6833 24.8 -.25 -3.188 29.4 -.25 -3.188 27.2 -.25 -2.6833
3 0 27.2 -.25 -2.6833 29.4 -.25 -3.188 27.6 -.25 -2.6833
3 0 27.6 -.25 -2.6833 29.4 -.25 -3.188 29 -.25 -2.6833
3 0 29 -.25 -2.6833 29.4 -.25 -3.188 29.4 -.25 -2.6833
4 0 29.4 -.25 -2.6833 29.4 -.25 -3.188 31.8 -.25 -3.188 30.8 -.25 -2.6833
3 0 30.8 -.25 -2.6833 31.8 -.25 -3.188 31.2 -.25 -2.6833
3 0 31.2 -.25 -2.6833 31.8 -.25 -3.188 31.8 -.25 -2.6833
4 0 32.8833 -.25 2 32.8833 -.25 -1.6 33.388 -.25 -1.6 33.388 -.25 2
4 0 23.212 -.25 2 23.212 -.25 -1.6 23.7167 -.25 -1.6 23.7167 -.25 2
4 0 25.4 -.25 2.8 25.4 -.25 2.4 25.8 -.25 2.4 25.8 -.25 2.8
4 0 27.2 -.25 2.8 27.2 -.25 2.4 27.6 -.25 2.4 27.6 -.25 2.8
4 0 29 -.25 2.8 29 -.25 2.4 29.4 -.25 2.4 29.4 -.25 2.8
4 0 30.8 -.25 2.8 30.8 -.25 2.4 31.2 -.25 2.4 31.2 -.25 2.8
4 0 25.4 -.25 2.4 25.4 -.25 2 25.8 -.25 2 25.8 -.25 2.4
4 0 27.2 -.25 2.4 27.2 -.25 2 27.6 -.25 2 27.6 -.25 2.4
4 0 29 -.25 2.4 29 -.25 2 29.4 -.25 2 29.4 -.25 2.4
4 0 30.8 -.25 2.4 30.8 -.25 2 31.2 -.25 2 31.2 -.25 2.4
4 0 25.4 -.25 2 25.4 -.25 1.6 25.8 -.25 1.6 25.8 -.25 2
4 0 27.2 -.25 2 27.2 -.25 1.6 27.6 -.25 1.6 27.6 -.25 2
4 0 29 -.25 2 29 -.25 1.6 29.4 -.25 1.6 29.4 -.25 2
4 0 30.8 -.25 2 30.8 -.25 1.6 31.2 -.25 1.6 31.2 -.25 2
4 0 25.4 -.25 1.6 25.4 -.25 1.2 25.8 -.25 1.2 25.8 -.25 1.6
4 0 27.2 -.25 1.6 27.2 -.25 1.2 27.6 -.25 1.2 27.6 -.25 1.6
4 0 29 -.25 1.6 29 -.25 1.2 29.4 -.25 1.2 29.4 -.25 1.6
4 0 30.8 -.25 1.6 30.8 -.25 1.2 31.2 -.25 1.2 31.2 -.25 1.6
4 0 25.4 -.25 1.2 25.4 -.25 .8 25.8 -.25 .8 25.8 -.25 1.2
4 0 27.2 -.25 1.2 27.2 -.25 .8 27.6 -.25 .8 27.6 -.25 1.2
4 0 29 -.25 1.2 29 -.25 .8 29.4 -.25 .8 29.4 -.25 1.2
4 0 30.8 -.25 1.2 30.8 -.25 .8 31.2 -.25 .8 31.2 -.25 1.2
4 0 25.4 -.25 .8 25.4 -.25 .4 25.8 -.25 .4 25.8 -.25 .8
4 0 27.2 -.25 .8 27.2 -.25 .4 27.6 -.25 .4 27.6 -.25 .8
4 0 29 -.25 .8 29 -.25 .4 29.4 -.25 .4 29.4 -.25 .8
4 0 30.8 -.25 .8 30.8 -.25 .4 31.2 -.25 .4 31.2 -.25 .8
4 0 25.4 -.25 .4 25.4 -.25 0 25.8 -.25 0 25.8 -.25 .4
4 0 27.2 -.25 .4 27.2 -.25 0 27.6 -.25 0 27.6 -.25 .4
4 0 29 -.25 .4 29 -.25 0 29.4 -.25 0 29.4 -.25 .4
4 0 30.8 -.25 .4 30.8 -.25 0 31.2 -.25 0 31.2 -.25 .4
4 0 25.4 -.25 0 25.4 -.25 -.4 25.8 -.25 -.4 25.8 -.25 0
4 0 27.2 -.25 0 27.2 -.25 -.4 27.6 -.25 -.4 27.6 -.25 0
4 0 29 -.25 0 29 -.25 -.4 29.4 -.25 -.4 29.4 -.25 0
4 0 30.8 -.25 0 30.8 -.25 -.4 31.2 -.25 -.4 31.2 -.25 0
4 0 25.4 -.25 -.4 25.4 -.25 -.8 25.8 -.25 -.8 25.8 -.25 -.4
4 0 27.2 -.25 -.4 27.2 -.25 -.8 27.6 -.25 -.8 27.6 -.25 -.4
4 0 29 -.25 -.4 29 -.25 -.8 29.4 -.25 -.8 29.4 -.25 -.4
4 0 30.8 -.25 -.4 30.8 -.25 -.8 31.2 -.25 -.8 31.2 -.25 -.4
4 0 25.4 -.25 -.8 25.4 -.25 -1.2 25.8 -.25 -1.2 25.8 -.25 -.8
4 0 27.2 -.25 -.8 27.2 -.25 -1.2 27.6 -.25 -1.2 27.6 -.25 -.8
4 0 29 -.25 -.8 29 -.25 -1.2 29.4 -.25 -1.2 29.4 -.25 -.8
4 0 30.8 -.25 -.8 30.8 -.25 -1.2 31.2 -.25 -1.2 31.2 -.25 -.8
4 0 25.4 -.25 -1.2 25.4 -.25 -1.6 25.8 -.25 -1.6 25.8 -.25 -1.2
4 0 27.2 -.25 -1.2 27.2 -.25 -1.6 27.6 -.25 -1.6 27.6 -.25 -1.2
4 0 29 -.25 -1.2 29 -.25 -1.6 29.4 -.25 -1.6 29.4 -.25 -1.2
4 0 30.8 -.25 -1.2 30.8 -.25 -1.6 31.2 -.25 -1.6 31.2 -.25 -1.2
4 0 25.4 -.25 -1.6 25.4 -.25 -2 25.8 -.25 -2 25.8 -.25 -1.6
4 0 27.2 -.25 -1.6 27.2 -.25 -2 27.6 -.25 -2 27.6 -.25 -1.6
4 0 29 -.25 -1.6 29 -.25 -2 29.4 -.25 -2 29.4 -.25 -1.6
4 0 30.8 -.25 -1.6 30.8 -.25 -2 31.2 -.25 -2 31.2 -.25 -1.6
4 0 25.4 -.25 -2 25.4 -.25 -2.4 25.8 -.25 -2.4 25.8 -.25 -2
4 0 27.2 -.25 -2 27.2 -.25 -2.4 27.6 -.25 -2.4 27.6 -.25 -2
4 0 29 -.25 -2 29 -.25 -2.4 29.4 -.25 -2.4 29.4 -.25 -2
4 0 30.8 -.25 -2 30.8 -.25 -2.4 31.2 -.25 -2.4 31.2 -.25 -2
4 0 25.4 -.25 3.0833 25.4 -.25 2.8 25.8 -.25 2.8 25.8 -.25 3.0833
4 0 27.2 -.25 3.0833 27.2 -.25 2.8 27.6 -.25 2.8 27.6 -.25 3.0833
4 0 29 -.25 3.0833 29 -.25 2.8 29.4 -.25 2.8 29.4 -.25 3.0833
4 0 30.8 -.25 3.0833 30.8 -.25 2.8 31.2 -.25 2.8 31.2 -.25 3.0833
4 0 25.4 -.25 -2.4 25.4 -.25 -2.6833 25.8 -.25 -2.6833 25.8 -.25 -2.4
4 0 27.6 -.25 -2.6833 27.6 -.25 -2.4 27.2 -.25 -2.4 27.2 -.25 -2.6833
4 0 29 -.25 -2.4 29 -.25 -2.6833 29.4 -.25 -2.6833 29.4 -.25 -2.4
4 0 31.2 -.25 -2.6833 31.2 -.25 -2.4 30.8 -.25 -2.4 30.8 -.25 -2.6833
4 72 11.2 -.25 2 11.2 -.25 2.4 10.8 -.25 2.4 10.8 -.25 2
4 72 11.6 -.25 2.4 11.6 -.25 2.8 11.2 -.25 2.8 11.2 -.25 2.4
4 72 10.8 -.25 2.4 10.8 -.25 2.8 10.4 -.25 2.8 10.4 -.25 2.4
4 72 13 -.25 2 13 -.25 2.4 12.6 -.25 2.4 12.6 -.25 2
4 72 13.4 -.25 2.4 13.4 -.25 2.8 13 -.25 2.8 13 -.25 2.4
4 72 12.6 -.25 2.4 12.6 -.25 2.8 12.2 -.25 2.8 12.2 -.25 2.4
4 72 14.8 -.25 2 14.8 -.25 2.4 14.4 -.25 2.4 14.4 -.25 2
4 72 15.2 -.25 2.4 15.2 -.25 2.8 14.8 -.25 2.8 14.8 -.25 2.4
4 72 14.4 -.25 2.4 14.4 -.25 2.8 14 -.25 2.8 14 -.25 2.4
4 72 9.4 -.25 2 9.4 -.25 2.4 9 -.25 2.4 9 -.25 2
4 72 9.4 -.25 1.2 9.4 -.25 1.6 9 -.25 1.6 9 -.25 1.2
4 72 9.4 -.25 .4 9.4 -.25 .8 9 -.25 .8 9 -.25 .4
4 72 9.4 -.25 -.4 9.4 -.25 0 9 -.25 0 9 -.25 -.4
4 72 9.4 -.25 -1.2 9.4 -.25 -.8 9 -.25 -.8 9 -.25 -1.2
4 72 9.4 -.25 -2 9.4 -.25 -1.6 9 -.25 -1.6 9 -.25 -2
4 72 9.8 -.25 2.4 9.8 -.25 2.8 9.4 -.25 2.8 9.4 -.25 2.4
4 72 9.8 -.25 1.6 9.8 -.25 2 9.4 -.25 2 9.4 -.25 1.6
4 72 9.8 -.25 .8 9.8 -.25 1.2 9.4 -.25 1.2 9.4 -.25 .8
4 72 9.8 -.25 0 9.8 -.25 .4 9.4 -.25 .4 9.4 -.25 0
4 72 9.8 -.25 -.8 9.8 -.25 -.4 9.4 -.25 -.4 9.4 -.25 -.8
4 72 9.8 -.25 -1.6 9.8 -.25 -1.2 9.4 -.25 -1.2 9.4 -.25 -1.6
4 72 9 -.25 2.4 9 -.25 2.8 8.6 -.25 2.8 8.6 -.25 2.4
4 72 9 -.25 1.6 9 -.25 2 8.6 -.25 2 8.6 -.25 1.6
4 72 9 -.25 .8 9 -.25 1.2 8.6 -.25 1.2 8.6 -.25 .8
4 72 9 -.25 0 9 -.25 .4 8.6 -.25 .4 8.6 -.25 0
4 72 9 -.25 -.8 9 -.25 -.4 8.6 -.25 -.4 8.6 -.25 -.8
4 72 9 -.25 -1.6 9 -.25 -1.2 8.6 -.25 -1.2 8.6 -.25 -1.6
4 72 9.8 -.25 -2.4 9.8 -.25 -2 9.4 -.25 -2 9.4 -.25 -2.4
4 72 9 -.25 -2.4 9 -.25 -2 8.6 -.25 -2 8.6 -.25 -2.4
4 72 16.6 -.25 2 16.6 -.25 2.4 16.2 -.25 2.4 16.2 -.25 2
4 72 16.6 -.25 1.2 16.6 -.25 1.6 16.2 -.25 1.6 16.2 -.25 1.2
4 72 16.6 -.25 .4 16.6 -.25 .8 16.2 -.25 .8 16.2 -.25 .4
4 72 16.6 -.25 -.4 16.6 -.25 0 16.2 -.25 0 16.2 -.25 -.4
4 72 16.6 -.25 -1.2 16.6 -.25 -.8 16.2 -.25 -.8 16.2 -.25 -1.2
4 72 16.6 -.25 -2 16.6 -.25 -1.6 16.2 -.25 -1.6 16.2 -.25 -2
4 72 17 -.25 2.4 17 -.25 2.8 16.6 -.25 2.8 16.6 -.25 2.4
4 72 17 -.25 1.6 17 -.25 2 16.6 -.25 2 16.6 -.25 1.6
4 72 17 -.25 .8 17 -.25 1.2 16.6 -.25 1.2 16.6 -.25 .8
4 72 17 -.25 0 17 -.25 .4 16.6 -.25 .4 16.6 -.25 0
4 72 17 -.25 -.8 17 -.25 -.4 16.6 -.25 -.4 16.6 -.25 -.8
4 72 17 -.25 -1.6 17 -.25 -1.2 16.6 -.25 -1.2 16.6 -.25 -1.6
4 72 16.2 -.25 2.4 16.2 -.25 2.8 15.8 -.25 2.8 15.8 -.25 2.4
4 72 16.2 -.25 1.6 16.2 -.25 2 15.8 -.25 2 15.8 -.25 1.6
4 72 16.2 -.25 .8 16.2 -.25 1.2 15.8 -.25 1.2 15.8 -.25 .8
4 72 16.2 -.25 0 16.2 -.25 .4 15.8 -.25 .4 15.8 -.25 0
4 72 16.2 -.25 -.8 16.2 -.25 -.4 15.8 -.25 -.4 15.8 -.25 -.8
4 72 16.2 -.25 -1.6 16.2 -.25 -1.2 15.8 -.25 -1.2 15.8 -.25 -1.6
4 72 17 -.25 -2.4 17 -.25 -2 16.6 -.25 -2 16.6 -.25 -2.4
4 72 16.2 -.25 -2.4 16.2 -.25 -2 15.8 -.25 -2 15.8 -.25 -2.4
4 72 11.2 -.25 1.2 11.2 -.25 1.6 10.8 -.25 1.6 10.8 -.25 1.2
4 72 11.6 -.25 1.6 11.6 -.25 2 11.2 -.25 2 11.2 -.25 1.6
4 72 10.8 -.25 1.6 10.8 -.25 2 10.4 -.25 2 10.4 -.25 1.6
4 72 13 -.25 1.2 13 -.25 1.6 12.6 -.25 1.6 12.6 -.25 1.2
4 72 13.4 -.25 1.6 13.4 -.25 2 13 -.25 2 13 -.25 1.6
4 72 12.6 -.25 1.6 12.6 -.25 2 12.2 -.25 2 12.2 -.25 1.6
4 72 14.8 -.25 1.2 14.8 -.25 1.6 14.4 -.25 1.6 14.4 -.25 1.2
4 72 15.2 -.25 1.6 15.2 -.25 2 14.8 -.25 2 14.8 -.25 1.6
4 72 14.4 -.25 1.6 14.4 -.25 2 14 -.25 2 14 -.25 1.6
4 72 11.2 -.25 .4 11.2 -.25 .8 10.8 -.25 .8 10.8 -.25 .4
4 72 11.6 -.25 .8 11.6 -.25 1.2 11.2 -.25 1.2 11.2 -.25 .8
4 72 10.8 -.25 .8 10.8 -.25 1.2 10.4 -.25 1.2 10.4 -.25 .8
4 72 12.6 -.25 .8 12.6 -.25 .4 13 -.25 .4 13 -.25 .8
4 72 13 -.25 1.2 13 -.25 .8 13.4 -.25 .8 13.4 -.25 1.2
4 72 12.2 -.25 1.2 12.2 -.25 .8 12.6 -.25 .8 12.6 -.25 1.2
4 72 14.4 -.25 .8 14.4 -.25 .4 14.8 -.25 .4 14.8 -.25 .8
4 72 14.8 -.25 1.2 14.8 -.25 .8 15.2 -.25 .8 15.2 -.25 1.2
4 72 14 -.25 1.2 14 -.25 .8 14.4 -.25 .8 14.4 -.25 1.2
4 72 10.8 -.25 0 10.8 -.25 -.4 11.2 -.25 -.4 11.2 -.25 0
4 72 11.2 -.25 .4 11.2 -.25 0 11.6 -.25 0 11.6 -.25 .4
4 72 10.4 -.25 .4 10.4 -.25 0 10.8 -.25 0 10.8 -.25 .4
4 72 12.6 -.25 0 12.6 -.25 -.4 13 -.25 -.4 13 -.25 0
4 72 13 -.25 .4 13 -.25 0 13.4 -.25 0 13.4 -.25 .4
4 72 12.2 -.25 .4 12.2 -.25 0 12.6 -.25 0 12.6 -.25 .4
4 72 14.4 -.25 0 14.4 -.25 -.4 14.8 -.25 -.4 14.8 -.25 0
4 72 14.8 -.25 .4 14.8 -.25 0 15.2 -.25 0 15.2 -.25 .4
4 72 14 -.25 .4 14 -.25 0 14.4 -.25 0 14.4 -.25 .4
4 72 10.8 -.25 -.8 10.8 -.25 -1.2 11.2 -.25 -1.2 11.2 -.25 -.8
4 72 11.2 -.25 -.4 11.2 -.25 -.8 11.6 -.25 -.8 11.6 -.25 -.4
4 72 10.4 -.25 -.4 10.4 -.25 -.8 10.8 -.25 -.8 10.8 -.25 -.4
4 72 12.6 -.25 -.8 12.6 -.25 -1.2 13 -.25 -1.2 13 -.25 -.8
4 72 13 -.25 -.4 13 -.25 -.8 13.4 -.25 -.8 13.4 -.25 -.4
4 72 12.2 -.25 -.4 12.2 -.25 -.8 12.6 -.25 -.8 12.6 -.25 -.4
4 72 14.4 -.25 -.8 14.4 -.25 -1.2 14.8 -.25 -1.2 14.8 -.25 -.8
4 72 14.8 -.25 -.4 14.8 -.25 -.8 15.2 -.25 -.8 15.2 -.25 -.4
4 72 14 -.25 -.4 14 -.25 -.8 14.4 -.25 -.8 14.4 -.25 -.4
4 72 10.8 -.25 -1.6 10.8 -.25 -2 11.2 -.25 -2 11.2 -.25 -1.6
4 72 11.2 -.25 -1.2 11.2 -.25 -1.6 11.6 -.25 -1.6 11.6 -.25 -1.2
4 72 10.4 -.25 -1.2 10.4 -.25 -1.6 10.8 -.25 -1.6 10.8 -.25 -1.2
4 72 12.6 -.25 -1.6 12.6 -.25 -2 13 -.25 -2 13 -.25 -1.6
4 72 13 -.25 -1.2 13 -.25 -1.6 13.4 -.25 -1.6 13.4 -.25 -1.2
4 72 12.2 -.25 -1.2 12.2 -.25 -1.6 12.6 -.25 -1.6 12.6 -.25 -1.2
4 72 14.4 -.25 -1.6 14.4 -.25 -2 14.8 -.25 -2 14.8 -.25 -1.6
4 72 14.8 -.25 -1.2 14.8 -.25 -1.6 15.2 -.25 -1.6 15.2 -.25 -1.2
4 72 14 -.25 -1.2 14 -.25 -1.6 14.4 -.25 -1.6 14.4 -.25 -1.2
4 72 11.2 -.25 -2 11.2 -.25 -2.4 11.6 -.25 -2.4 11.6 -.25 -2
4 72 10.4 -.25 -2 10.4 -.25 -2.4 10.8 -.25 -2.4 10.8 -.25 -2
4 72 13 -.25 -2 13 -.25 -2.4 13.4 -.25 -2.4 13.4 -.25 -2
4 72 12.2 -.25 -2 12.2 -.25 -2.4 12.6 -.25 -2.4 12.6 -.25 -2
4 72 14.8 -.25 -2 14.8 -.25 -2.4 15.2 -.25 -2.4 15.2 -.25 -2
4 72 14 -.25 -2 14 -.25 -2.4 14.4 -.25 -2.4 14.4 -.25 -2
4 72 26.3 -.25 2.4 26.3 -.25 2 26.7 -.25 2 26.7 -.25 2.4
4 72 26.7 -.25 2.8 26.7 -.25 2.4 27.1 -.25 2.4 27.1 -.25 2.8
4 72 25.9 -.25 2.8 25.9 -.25 2.4 26.3 -.25 2.4 26.3 -.25 2.8
4 72 28.1 -.25 2.4 28.1 -.25 2 28.5 -.25 2 28.5 -.25 2.4
4 72 28.5 -.25 2.8 28.5 -.25 2.4 28.9 -.25 2.4 28.9 -.25 2.8
4 72 27.7 -.25 2.8 27.7 -.25 2.4 28.1 -.25 2.4 28.1 -.25 2.8
4 72 29.9 -.25 2.4 29.9 -.25 2 30.3 -.25 2 30.3 -.25 2.4
4 72 30.3 -.25 2.8 30.3 -.25 2.4 30.7 -.25 2.4 30.7 -.25 2.8
4 72 29.5 -.25 2.8 29.5 -.25 2.4 29.9 -.25 2.4 29.9 -.25 2.8
4 72 24.5 -.25 2.4 24.5 -.25 2 24.9 -.25 2 24.9 -.25 2.4
4 72 24.5 -.25 1.6 24.5 -.25 1.2 24.9 -.25 1.2 24.9 -.25 1.6
4 72 24.5 -.25 .8 24.5 -.25 .4 24.9 -.25 .4 24.9 -.25 .8
4 72 24.5 -.25 0 24.5 -.25 -.4 24.9 -.25 -.4 24.9 -.25 0
4 72 24.5 -.25 -.8 24.5 -.25 -1.2 24.9 -.25 -1.2 24.9 -.25 -.8
4 72 24.5 -.25 -1.6 24.5 -.25 -2 24.9 -.25 -2 24.9 -.25 -1.6
4 72 24.9 -.25 2.8 24.9 -.25 2.4 25.3 -.25 2.4 25.3 -.25 2.8
4 72 24.9 -.25 2 24.9 -.25 1.6 25.3 -.25 1.6 25.3 -.25 2
4 72 24.9 -.25 1.2 24.9 -.25 .8 25.3 -.25 .8 25.3 -.25 1.2
4 72 24.9 -.25 .4 24.9 -.25 0 25.3 -.25 0 25.3 -.25 .4
4 72 24.9 -.25 -.4 24.9 -.25 -.8 25.3 -.25 -.8 25.3 -.25 -.4
4 72 24.9 -.25 -1.2 24.9 -.25 -1.6 25.3 -.25 -1.6 25.3 -.25 -1.2
4 72 24.1 -.25 2.8 24.1 -.25 2.4 24.5 -.25 2.4 24.5 -.25 2.8
4 72 24.1 -.25 2 24.1 -.25 1.6 24.5 -.25 1.6 24.5 -.25 2
4 72 24.1 -.25 1.2 24.1 -.25 .8 24.5 -.25 .8 24.5 -.25 1.2
4 72 24.1 -.25 .4 24.1 -.25 0 24.5 -.25 0 24.5 -.25 .4
4 72 24.1 -.25 -.4 24.1 -.25 -.8 24.5 -.25 -.8 24.5 -.25 -.4
4 72 24.1 -.25 -1.2 24.1 -.25 -1.6 24.5 -.25 -1.6 24.5 -.25 -1.2
4 72 24.9 -.25 -2 24.9 -.25 -2.4 25.3 -.25 -2.4 25.3 -.25 -2
4 72 24.1 -.25 -2 24.1 -.25 -2.4 24.5 -.25 -2.4 24.5 -.25 -2
4 72 31.7 -.25 2.4 31.7 -.25 2 32.1 -.25 2 32.1 -.25 2.4
4 72 31.7 -.25 1.6 31.7 -.25 1.2 32.1 -.25 1.2 32.1 -.25 1.6
4 72 31.7 -.25 .8 31.7 -.25 .4 32.1 -.25 .4 32.1 -.25 .8
4 72 31.7 -.25 0 31.7 -.25 -.4 32.1 -.25 -.4 32.1 -.25 0
4 72 31.7 -.25 -.8 31.7 -.25 -1.2 32.1 -.25 -1.2 32.1 -.25 -.8
4 72 31.7 -.25 -1.6 31.7 -.25 -2 32.1 -.25 -2 32.1 -.25 -1.6
4 72 32.1 -.25 2.8 32.1 -.25 2.4 32.5 -.25 2.4 32.5 -.25 2.8
4 72 32.1 -.25 2 32.1 -.25 1.6 32.5 -.25 1.6 32.5 -.25 2
4 72 32.1 -.25 1.2 32.1 -.25 .8 32.5 -.25 .8 32.5 -.25 1.2
4 72 32.1 -.25 .4 32.1 -.25 0 32.5 -.25 0 32.5 -.25 .4
4 72 32.1 -.25 -.4 32.1 -.25 -.8 32.5 -.25 -.8 32.5 -.25 -.4
4 72 32.1 -.25 -1.2 32.1 -.25 -1.6 32.5 -.25 -1.6 32.5 -.25 -1.2
4 72 31.3 -.25 2.8 31.3 -.25 2.4 31.7 -.25 2.4 31.7 -.25 2.8
4 72 31.3 -.25 2 31.3 -.25 1.6 31.7 -.25 1.6 31.7 -.25 2
4 72 31.3 -.25 1.2 31.3 -.25 .8 31.7 -.25 .8 31.7 -.25 1.2
4 72 31.3 -.25 .4 31.3 -.25 0 31.7 -.25 0 31.7 -.25 .4
4 72 31.3 -.25 -.4 31.3 -.25 -.8 31.7 -.25 -.8 31.7 -.25 -.4
4 72 31.3 -.25 -1.2 31.3 -.25 -1.6 31.7 -.25 -1.6 31.7 -.25 -1.2
4 72 32.1 -.25 -2 32.1 -.25 -2.4 32.5 -.25 -2.4 32.5 -.25 -2
4 72 31.3 -.25 -2 31.3 -.25 -2.4 31.7 -.25 -2.4 31.7 -.25 -2
4 72 26.3 -.25 1.6 26.3 -.25 1.2 26.7 -.25 1.2 26.7 -.25 1.6
4 72 26.7 -.25 2 26.7 -.25 1.6 27.1 -.25 1.6 27.1 -.25 2
4 72 25.9 -.25 2 25.9 -.25 1.6 26.3 -.25 1.6 26.3 -.25 2
4 72 28.1 -.25 1.6 28.1 -.25 1.2 28.5 -.25 1.2 28.5 -.25 1.6
4 72 28.5 -.25 2 28.5 -.25 1.6 28.9 -.25 1.6 28.9 -.25 2
4 72 27.7 -.25 2 27.7 -.25 1.6 28.1 -.25 1.6 28.1 -.25 2
4 72 29.9 -.25 1.6 29.9 -.25 1.2 30.3 -.25 1.2 30.3 -.25 1.6
4 72 30.3 -.25 2 30.3 -.25 1.6 30.7 -.25 1.6 30.7 -.25 2
4 72 29.5 -.25 2 29.5 -.25 1.6 29.9 -.25 1.6 29.9 -.25 2
4 72 26.3 -.25 .8 26.3 -.25 .4 26.7 -.25 .4 26.7 -.25 .8
4 72 26.7 -.25 1.2 26.7 -.25 .8 27.1 -.25 .8 27.1 -.25 1.2
4 72 25.9 -.25 1.2 25.9 -.25 .8 26.3 -.25 .8 26.3 -.25 1.2
4 72 28.1 -.25 .8 28.1 -.25 .4 28.5 -.25 .4 28.5 -.25 .8
4 72 28.5 -.25 1.2 28.5 -.25 .8 28.9 -.25 .8 28.9 -.25 1.2
4 72 27.7 -.25 1.2 27.7 -.25 .8 28.1 -.25 .8 28.1 -.25 1.2
4 72 29.9 -.25 .8 29.9 -.25 .4 30.3 -.25 .4 30.3 -.25 .8
4 72 30.3 -.25 1.2 30.3 -.25 .8 30.7 -.25 .8 30.7 -.25 1.2
4 72 29.5 -.25 1.2 29.5 -.25 .8 29.9 -.25 .8 29.9 -.25 1.2
4 72 26.3 -.25 0 26.3 -.25 -.4 26.7 -.25 -.4 26.7 -.25 0
4 72 26.7 -.25 .4 26.7 -.25 0 27.1 -.25 0 27.1 -.25 .4
4 72 25.9 -.25 .4 25.9 -.25 0 26.3 -.25 0 26.3 -.25 .4
4 72 28.1 -.25 0 28.1 -.25 -.4 28.5 -.25 -.4 28.5 -.25 0
4 72 28.5 -.25 .4 28.5 -.25 0 28.9 -.25 0 28.9 -.25 .4
4 72 27.7 -.25 .4 27.7 -.25 0 28.1 -.25 0 28.1 -.25 .4
4 72 29.9 -.25 0 29.9 -.25 -.4 30.3 -.25 -.4 30.3 -.25 0
4 72 30.3 -.25 .4 30.3 -.25 0 30.7 -.25 0 30.7 -.25 .4
4 72 29.5 -.25 .4 29.5 -.25 0 29.9 -.25 0 29.9 -.25 .4
4 72 26.3 -.25 -.8 26.3 -.25 -1.2 26.7 -.25 -1.2 26.7 -.25 -.8
4 72 26.7 -.25 -.4 26.7 -.25 -.8 27.1 -.25 -.8 27.1 -.25 -.4
4 72 25.9 -.25 -.4 25.9 -.25 -.8 26.3 -.25 -.8 26.3 -.25 -.4
4 72 28.1 -.25 -.8 28.1 -.25 -1.2 28.5 -.25 -1.2 28.5 -.25 -.8
4 72 28.5 -.25 -.4 28.5 -.25 -.8 28.9 -.25 -.8 28.9 -.25 -.4
4 72 27.7 -.25 -.4 27.7 -.25 -.8 28.1 -.25 -.8 28.1 -.25 -.4
4 72 29.9 -.25 -.8 29.9 -.25 -1.2 30.3 -.25 -1.2 30.3 -.25 -.8
4 72 30.3 -.25 -.4 30.3 -.25 -.8 30.7 -.25 -.8 30.7 -.25 -.4
4 72 29.5 -.25 -.4 29.5 -.25 -.8 29.9 -.25 -.8 29.9 -.25 -.4
4 72 26.3 -.25 -1.6 26.3 -.25 -2 26.7 -.25 -2 26.7 -.25 -1.6
4 72 26.7 -.25 -1.2 26.7 -.25 -1.6 27.1 -.25 -1.6 27.1 -.25 -1.2
4 72 25.9 -.25 -1.2 25.9 -.25 -1.6 26.3 -.25 -1.6 26.3 -.25 -1.2
4 72 28.1 -.25 -1.6 28.1 -.25 -2 28.5 -.25 -2 28.5 -.25 -1.6
4 72 28.5 -.25 -1.2 28.5 -.25 -1.6 28.9 -.25 -1.6 28.9 -.25 -1.2
4 72 27.7 -.25 -1.2 27.7 -.25 -1.6 28.1 -.25 -1.6 28.1 -.25 -1.2
4 72 29.9 -.25 -1.6 29.9 -.25 -2 30.3 -.25 -2 30.3 -.25 -1.6
4 72 30.3 -.25 -1.2 30.3 -.25 -1.6 30.7 -.25 -1.6 30.7 -.25 -1.2
4 72 29.5 -.25 -1.2 29.5 -.25 -1.6 29.9 -.25 -1.6 29.9 -.25 -1.2
4 72 26.7 -.25 -2 26.7 -.25 -2.4 27.1 -.25 -2.4 27.1 -.25 -2
4 72 25.9 -.25 -2 25.9 -.25 -2.4 26.3 -.25 -2.4 26.3 -.25 -2
4 72 28.5 -.25 -2 28.5 -.25 -2.4 28.9 -.25 -2.4 28.9 -.25 -2
4 72 27.7 -.25 -2 27.7 -.25 -2.4 28.1 -.25 -2.4 28.1 -.25 -2
4 72 30.3 -.25 -2 30.3 -.25 -2.4 30.7 -.25 -2.4 30.7 -.25 -2
4 72 29.5 -.25 -2 29.5 -.25 -2.4 29.9 -.25 -2.4 29.9 -.25 -2
4 71 11.2 -.25 2.4 11.2 -.25 2.8 10.8 -.25 2.8 10.8 -.25 2.4
4 71 11.6 -.25 2 11.6 -.25 2.4 11.2 -.25 2.4 11.2 -.25 2
4 71 10.8 -.25 2 10.8 -.25 2.4 10.4 -.25 2.4 10.4 -.25 2
4 71 13 -.25 2.4 13 -.25 2.8 12.6 -.25 2.8 12.6 -.25 2.4
4 71 13.4 -.25 2 13.4 -.25 2.4 13 -.25 2.4 13 -.25 2
4 71 12.6 -.25 2 12.6 -.25 2.4 12.2 -.25 2.4 12.2 -.25 2
4 71 14.8 -.25 2.4 14.8 -.25 2.8 14.4 -.25 2.8 14.4 -.25 2.4
4 71 15.2 -.25 2 15.2 -.25 2.4 14.8 -.25 2.4 14.8 -.25 2
4 71 14.4 -.25 2 14.4 -.25 2.4 14 -.25 2.4 14 -.25 2
4 71 9.4 -.25 2.4 9.4 -.25 2.8 9 -.25 2.8 9 -.25 2.4
4 71 9.4 -.25 1.6 9.4 -.25 2 9 -.25 2 9 -.25 1.6
4 71 9.4 -.25 .8 9.4 -.25 1.2 9 -.25 1.2 9 -.25 .8
4 71 9.4 -.25 0 9.4 -.25 .4 9 -.25 .4 9 -.25 0
4 71 9.4 -.25 -.8 9.4 -.25 -.4 9 -.25 -.4 9 -.25 -.8
4 71 9.4 -.25 -1.6 9.4 -.25 -1.2 9 -.25 -1.2 9 -.25 -1.6
4 71 9.8 -.25 2 9.8 -.25 2.4 9.4 -.25 2.4 9.4 -.25 2
4 71 9.8 -.25 1.2 9.8 -.25 1.6 9.4 -.25 1.6 9.4 -.25 1.2
4 71 9.8 -.25 .4 9.8 -.25 .8 9.4 -.25 .8 9.4 -.25 .4
4 71 9.8 -.25 -.4 9.8 -.25 0 9.4 -.25 0 9.4 -.25 -.4
4 71 9.8 -.25 -1.2 9.8 -.25 -.8 9.4 -.25 -.8 9.4 -.25 -1.2
4 71 9.8 -.25 -2 9.8 -.25 -1.6 9.4 -.25 -1.6 9.4 -.25 -2
4 71 9 -.25 2 9 -.25 2.4 8.6 -.25 2.4 8.6 -.25 2
4 71 9 -.25 1.2 9 -.25 1.6 8.6 -.25 1.6 8.6 -.25 1.2
4 71 9 -.25 .4 9 -.25 .8 8.6 -.25 .8 8.6 -.25 .4
4 71 9 -.25 -.4 9 -.25 0 8.6 -.25 0 8.6 -.25 -.4
4 71 9 -.25 -1.2 9 -.25 -.8 8.6 -.25 -.8 8.6 -.25 -1.2
4 71 9 -.25 -2 9 -.25 -1.6 8.6 -.25 -1.6 8.6 -.25 -2
4 71 9.4 -.25 -2.4 9.4 -.25 -2 9 -.25 -2 9 -.25 -2.4
4 71 16.6 -.25 2.4 16.6 -.25 2.8 16.2 -.25 2.8 16.2 -.25 2.4
4 71 16.6 -.25 1.6 16.6 -.25 2 16.2 -.25 2 16.2 -.25 1.6
4 71 16.6 -.25 .8 16.6 -.25 1.2 16.2 -.25 1.2 16.2 -.25 .8
4 71 16.6 -.25 0 16.6 -.25 .4 16.2 -.25 .4 16.2 -.25 0
4 71 16.6 -.25 -.8 16.6 -.25 -.4 16.2 -.25 -.4 16.2 -.25 -.8
4 71 16.6 -.25 -1.6 16.6 -.25 -1.2 16.2 -.25 -1.2 16.2 -.25 -1.6
4 71 17 -.25 2 17 -.25 2.4 16.6 -.25 2.4 16.6 -.25 2
4 71 17 -.25 1.2 17 -.25 1.6 16.6 -.25 1.6 16.6 -.25 1.2
4 71 17 -.25 .4 17 -.25 .8 16.6 -.25 .8 16.6 -.25 .4
4 71 17 -.25 -.4 17 -.25 0 16.6 -.25 0 16.6 -.25 -.4
4 71 17 -.25 -1.2 17 -.25 -.8 16.6 -.25 -.8 16.6 -.25 -1.2
4 71 17 -.25 -2 17 -.25 -1.6 16.6 -.25 -1.6 16.6 -.25 -2
4 71 16.2 -.25 2 16.2 -.25 2.4 15.8 -.25 2.4 15.8 -.25 2
4 71 16.2 -.25 1.2 16.2 -.25 1.6 15.8 -.25 1.6 15.8 -.25 1.2
4 71 16.2 -.25 .4 16.2 -.25 .8 15.8 -.25 .8 15.8 -.25 .4
4 71 16.2 -.25 -.4 16.2 -.25 0 15.8 -.25 0 15.8 -.25 -.4
4 71 16.2 -.25 -1.2 16.2 -.25 -.8 15.8 -.25 -.8 15.8 -.25 -1.2
4 71 16.2 -.25 -2 16.2 -.25 -1.6 15.8 -.25 -1.6 15.8 -.25 -2
4 71 16.6 -.25 -2.4 16.6 -.25 -2 16.2 -.25 -2 16.2 -.25 -2.4
4 71 9.8 -.25 2.8 9.9 -.25 3.0833 9.3 -.25 3.0833 9.4 -.25 2.8
4 71 8.8854 -.25 3.0008 9 -.25 2.8 9.4 -.25 2.8 9.3 -.25 3.0833
4 71 8.534 -.25 2.816 8.6 -.25 2.8 9 -.25 2.8 8.8854 -.25 3.0008
4 71 8.2992 -.25 2.4146 8.6 -.25 2.4 8.6 -.25 2.8 8.534 -.25 2.816
4 71 8.2167 -.25 2 8.6 -.25 2 8.6 -.25 2.4 8.2992 -.25 2.4146
4 71 8.6 -.25 -2 8.6 -.25 -1.6 8.2167 -.25 -1.6 8.2992 -.25 -2.0146
4 71 8.6 -.25 -2.4 8.6 -.25 -2 8.2992 -.25 -2.0146 8.534 -.25 -2.416
4 71 8.534 -.25 -2.416 8.8854 -.25 -2.6008 9 -.25 -2.4 8.6 -.25 -2.4
4 71 8.8854 -.25 -2.6008 9.3 -.25 -2.6833 9.4 -.25 -2.4 9 -.25 -2.4
4 71 9.3 -.25 -2.6833 9.9 -.25 -2.6833 9.8 -.25 -2.4 9.4 -.25 -2.4
4 71 16.2 -.25 2.8 16.3 -.25 3.0833 15.7 -.25 3.0833 15.8 -.25 2.8
4 71 16.7146 -.25 3.0008 16.3 -.25 3.0833 16.2 -.25 2.8 16.6 -.25 2.8
4 71 17.066 -.25 2.816 16.7146 -.25 3.0008 16.6 -.25 2.8 17 -.25 2.8
4 71 17.3008 -.25 2.4146 17.066 -.25 2.816 17 -.25 2.8 17 -.25 2.4
4 71 17.3833 -.25 2 17.3008 -.25 2.4146 17 -.25 2.4 17 -.25 2
4 71 15.7 -.25 -2.6833 16.3 -.25 -2.6833 16.2 -.25 -2.4 15.8 -.25 -2.4
4 71 16.3 -.25 -2.6833 16.7146 -.25 -2.6008 16.6 -.25 -2.4 16.2 -.25 -2.4
4 71 17.066 -.25 -2.416 17 -.25 -2.4 16.6 -.25 -2.4 16.7146 -.25 -2.6008
4 71 17 -.25 -2 17 -.25 -2.4 17.066 -.25 -2.416 17.3008 -.25 -2.0146
4 71 17 -.25 -1.6 17 -.25 -2 17.3008 -.25 -2.0146 17.3833 -.25 -1.6
3 71 17.3833 -.25 2 17 -.25 2 17 -.25 1.6
3 71 17.3833 -.25 2 17 -.25 1.6 17 -.25 1.2
3 71 17.3833 -.25 2 17 -.25 1.2 17 -.25 .8
3 71 17.3833 -.25 2 17 -.25 .8 17 -.25 .4
3 71 17.3833 -.25 2 17 -.25 .4 17 -.25 0
4 71 17.3833 -.25 2 17 -.25 0 17 -.25 -.4 17.3833 -.25 -1.6
3 71 17 -.25 -.4 17 -.25 -.8 17.3833 -.25 -1.6
3 71 17 -.25 -.8 17 -.25 -1.2 17.3833 -.25 -1.6
3 71 17 -.25 -1.2 17 -.25 -1.6 17.3833 -.25 -1.6
3 71 8.6 -.25 2 8.2167 -.25 2 8.6 -.25 1.6
3 71 8.2167 -.25 2 8.6 -.25 1.2 8.6 -.25 1.6
3 71 8.2167 -.25 2 8.6 -.25 .8 8.6 -.25 1.2
3 71 8.2167 -.25 2 8.6 -.25 .4 8.6 -.25 .8
4 71 8.2167 -.25 -1.6 8.6 -.25 0 8.6 -.25 .4 8.2167 -.25 2
3 71 8.6 -.25 0 8.2167 -.25 -1.6 8.6 -.25 -.4
3 71 8.6 -.25 -.4 8.2167 -.25 -1.6 8.6 -.25 -.8
3 71 8.6 -.25 -.8 8.2167 -.25 -1.6 8.6 -.25 -1.2
3 71 8.6 -.25 -1.2 8.2167 -.25 -1.6 8.6 -.25 -1.6
4 71 9.9 -.25 2.4 9.9 -.25 2.8 9.8 -.25 2.8 9.8 -.25 2.4
4 71 10.4 -.25 2.4 10.4 -.25 2.8 10.3 -.25 2.8 10.3 -.25 2.4
4 71 11.7 -.25 2.4 11.7 -.25 2.8 11.6 -.25 2.8 11.6 -.25 2.4
4 71 12.2 -.25 2.4 12.2 -.25 2.8 12.1 -.25 2.8 12.1 -.25 2.4
4 71 13.5 -.25 2.4 13.5 -.25 2.8 13.4 -.25 2.8 13.4 -.25 2.4
4 71 14 -.25 2.4 14 -.25 2.8 13.9 -.25 2.8 13.9 -.25 2.4
4 71 15.3 -.25 2.4 15.3 -.25 2.8 15.2 -.25 2.8 15.2 -.25 2.4
4 71 15.8 -.25 2.4 15.8 -.25 2.8 15.7 -.25 2.8 15.7 -.25 2.4
4 71 9.9 -.25 2 9.9 -.25 2.4 9.8 -.25 2.4 9.8 -.25 2
4 71 10.4 -.25 2 10.4 -.25 2.4 10.3 -.25 2.4 10.3 -.25 2
4 71 11.7 -.25 2 11.7 -.25 2.4 11.6 -.25 2.4 11.6 -.25 2
4 71 12.2 -.25 2 12.2 -.25 2.4 12.1 -.25 2.4 12.1 -.25 2
4 71 13.5 -.25 2 13.5 -.25 2.4 13.4 -.25 2.4 13.4 -.25 2
4 71 14 -.25 2 14 -.25 2.4 13.9 -.25 2.4 13.9 -.25 2
4 71 15.3 -.25 2 15.3 -.25 2.4 15.2 -.25 2.4 15.2 -.25 2
4 71 15.8 -.25 2 15.8 -.25 2.4 15.7 -.25 2.4 15.7 -.25 2
4 71 11.2 -.25 1.6 11.2 -.25 2 10.8 -.25 2 10.8 -.25 1.6
4 71 11.6 -.25 1.2 11.6 -.25 1.6 11.2 -.25 1.6 11.2 -.25 1.2
4 71 10.8 -.25 1.2 10.8 -.25 1.6 10.4 -.25 1.6 10.4 -.25 1.2
4 71 13 -.25 1.6 13 -.25 2 12.6 -.25 2 12.6 -.25 1.6
4 71 13.4 -.25 1.2 13.4 -.25 1.6 13 -.25 1.6 13 -.25 1.2
4 71 12.6 -.25 1.2 12.6 -.25 1.6 12.2 -.25 1.6 12.2 -.25 1.2
4 71 14.8 -.25 1.6 14.8 -.25 2 14.4 -.25 2 14.4 -.25 1.6
4 71 15.2 -.25 1.2 15.2 -.25 1.6 14.8 -.25 1.6 14.8 -.25 1.2
4 71 14.4 -.25 1.2 14.4 -.25 1.6 14 -.25 1.6 14 -.25 1.2
4 71 9.9 -.25 1.6 9.9 -.25 2 9.8 -.25 2 9.8 -.25 1.6
4 71 10.4 -.25 1.6 10.4 -.25 2 10.3 -.25 2 10.3 -.25 1.6
4 71 11.7 -.25 1.6 11.7 -.25 2 11.6 -.25 2 11.6 -.25 1.6
4 71 12.2 -.25 1.6 12.2 -.25 2 12.1 -.25 2 12.1 -.25 1.6
4 71 13.5 -.25 1.6 13.5 -.25 2 13.4 -.25 2 13.4 -.25 1.6
4 71 14 -.25 1.6 14 -.25 2 13.9 -.25 2 13.9 -.25 1.6
4 71 15.3 -.25 1.6 15.3 -.25 2 15.2 -.25 2 15.2 -.25 1.6
4 71 15.8 -.25 1.6 15.8 -.25 2 15.7 -.25 2 15.7 -.25 1.6
4 71 9.9 -.25 1.2 9.9 -.25 1.6 9.8 -.25 1.6 9.8 -.25 1.2
4 71 10.4 -.25 1.2 10.4 -.25 1.6 10.3 -.25 1.6 10.3 -.25 1.2
4 71 11.7 -.25 1.2 11.7 -.25 1.6 11.6 -.25 1.6 11.6 -.25 1.2
4 71 12.2 -.25 1.2 12.2 -.25 1.6 12.1 -.25 1.6 12.1 -.25 1.2
4 71 13.5 -.25 1.2 13.5 -.25 1.6 13.4 -.25 1.6 13.4 -.25 1.2
4 71 14 -.25 1.2 14 -.25 1.6 13.9 -.25 1.6 13.9 -.25 1.2
4 71 15.3 -.25 1.2 15.3 -.25 1.6 15.2 -.25 1.6 15.2 -.25 1.2
4 71 15.8 -.25 1.2 15.8 -.25 1.6 15.7 -.25 1.6 15.7 -.25 1.2
4 71 11.2 -.25 .8 11.2 -.25 1.2 10.8 -.25 1.2 10.8 -.25 .8
4 71 11.6 -.25 .4 11.6 -.25 .8 11.2 -.25 .8 11.2 -.25 .4
4 71 10.8 -.25 .4 10.8 -.25 .8 10.4 -.25 .8 10.4 -.25 .4
4 71 12.6 -.25 1.2 12.6 -.25 .8 13 -.25 .8 13 -.25 1.2
4 71 13 -.25 .8 13 -.25 .4 13.4 -.25 .4 13.4 -.25 .8
4 71 12.2 -.25 .8 12.2 -.25 .4 12.6 -.25 .4 12.6 -.25 .8
4 71 14.4 -.25 1.2 14.4 -.25 .8 14.8 -.25 .8 14.8 -.25 1.2
4 71 14.8 -.25 .8 14.8 -.25 .4 15.2 -.25 .4 15.2 -.25 .8
4 71 14 -.25 .8 14 -.25 .4 14.4 -.25 .4 14.4 -.25 .8
4 71 9.8 -.25 1.2 9.8 -.25 .8 9.9 -.25 .8 9.9 -.25 1.2
4 71 10.3 -.25 1.2 10.3 -.25 .8 10.4 -.25 .8 10.4 -.25 1.2
4 71 11.6 -.25 1.2 11.6 -.25 .8 11.7 -.25 .8 11.7 -.25 1.2
4 71 12.1 -.25 1.2 12.1 -.25 .8 12.2 -.25 .8 12.2 -.25 1.2
4 71 13.4 -.25 1.2 13.4 -.25 .8 13.5 -.25 .8 13.5 -.25 1.2
4 71 13.9 -.25 1.2 13.9 -.25 .8 14 -.25 .8 14 -.25 1.2
4 71 15.2 -.25 1.2 15.2 -.25 .8 15.3 -.25 .8 15.3 -.25 1.2
4 71 15.7 -.25 1.2 15.7 -.25 .8 15.8 -.25 .8 15.8 -.25 1.2
4 71 9.8 -.25 .8 9.8 -.25 .4 9.9 -.25 .4 9.9 -.25 .8
4 71 10.3 -.25 .8 10.3 -.25 .4 10.4 -.25 .4 10.4 -.25 .8
4 71 11.6 -.25 .8 11.6 -.25 .4 11.7 -.25 .4 11.7 -.25 .8
4 71 12.1 -.25 .8 12.1 -.25 .4 12.2 -.25 .4 12.2 -.25 .8
4 71 13.4 -.25 .8 13.4 -.25 .4 13.5 -.25 .4 13.5 -.25 .8
4 71 13.9 -.25 .8 13.9 -.25 .4 14 -.25 .4 14 -.25 .8
4 71 15.2 -.25 .8 15.2 -.25 .4 15.3 -.25 .4 15.3 -.25 .8
4 71 15.7 -.25 .8 15.7 -.25 .4 15.8 -.25 .4 15.8 -.25 .8
4 71 10.8 -.25 .4 10.8 -.25 0 11.2 -.25 0 11.2 -.25 .4
4 71 11.2 -.25 0 11.2 -.25 -.4 11.6 -.25 -.4 11.6 -.25 0
4 71 10.4 -.25 0 10.4 -.25 -.4 10.8 -.25 -.4 10.8 -.25 0
4 71 12.6 -.25 .4 12.6 -.25 0 13 -.25 0 13 -.25 .4
4 71 13 -.25 0 13 -.25 -.4 13.4 -.25 -.4 13.4 -.25 0
4 71 12.2 -.25 0 12.2 -.25 -.4 12.6 -.25 -.4 12.6 -.25 0
4 71 14.4 -.25 .4 14.4 -.25 0 14.8 -.25 0 14.8 -.25 .4
4 71 14.8 -.25 0 14.8 -.25 -.4 15.2 -.25 -.4 15.2 -.25 0
4 71 14 -.25 0 14 -.25 -.4 14.4 -.25 -.4 14.4 -.25 0
4 71 9.8 -.25 .4 9.8 -.25 0 9.9 -.25 0 9.9 -.25 .4
4 71 10.3 -.25 .4 10.3 -.25 0 10.4 -.25 0 10.4 -.25 .4
4 71 11.6 -.25 .4 11.6 -.25 0 11.7 -.25 0 11.7 -.25 .4
4 71 12.1 -.25 .4 12.1 -.25 0 12.2 -.25 0 12.2 -.25 .4
4 71 13.4 -.25 .4 13.4 -.25 0 13.5 -.25 0 13.5 -.25 .4
4 71 13.9 -.25 .4 13.9 -.25 0 14 -.25 0 14 -.25 .4
4 71 15.2 -.25 .4 15.2 -.25 0 15.3 -.25 0 15.3 -.25 .4
4 71 15.7 -.25 .4 15.7 -.25 0 15.8 -.25 0 15.8 -.25 .4
4 71 9.8 -.25 0 9.8 -.25 -.4 9.9 -.25 -.4 9.9 -.25 0
4 71 10.3 -.25 0 10.3 -.25 -.4 10.4 -.25 -.4 10.4 -.25 0
4 71 11.6 -.25 0 11.6 -.25 -.4 11.7 -.25 -.4 11.7 -.25 0
4 71 12.1 -.25 0 12.1 -.25 -.4 12.2 -.25 -.4 12.2 -.25 0
4 71 13.4 -.25 0 13.4 -.25 -.4 13.5 -.25 -.4 13.5 -.25 0
4 71 13.9 -.25 0 13.9 -.25 -.4 14 -.25 -.4 14 -.25 0
4 71 15.2 -.25 0 15.2 -.25 -.4 15.3 -.25 -.4 15.3 -.25 0
4 71 15.7 -.25 0 15.7 -.25 -.4 15.8 -.25 -.4 15.8 -.25 0
4 71 10.8 -.25 -.4 10.8 -.25 -.8 11.2 -.25 -.8 11.2 -.25 -.4
4 71 11.2 -.25 -.8 11.2 -.25 -1.2 11.6 -.25 -1.2 11.6 -.25 -.8
4 71 10.4 -.25 -.8 10.4 -.25 -1.2 10.8 -.25 -1.2 10.8 -.25 -.8
4 71 12.6 -.25 -.4 12.6 -.25 -.8 13 -.25 -.8 13 -.25 -.4
4 71 13 -.25 -.8 13 -.25 -1.2 13.4 -.25 -1.2 13.4 -.25 -.8
4 71 12.2 -.25 -.8 12.2 -.25 -1.2 12.6 -.25 -1.2 12.6 -.25 -.8
4 71 14.4 -.25 -.4 14.4 -.25 -.8 14.8 -.25 -.8 14.8 -.25 -.4
4 71 14.8 -.25 -.8 14.8 -.25 -1.2 15.2 -.25 -1.2 15.2 -.25 -.8
4 71 14 -.25 -.8 14 -.25 -1.2 14.4 -.25 -1.2 14.4 -.25 -.8
4 71 9.8 -.25 -.4 9.8 -.25 -.8 9.9 -.25 -.8 9.9 -.25 -.4
4 71 10.3 -.25 -.4 10.3 -.25 -.8 10.4 -.25 -.8 10.4 -.25 -.4
4 71 11.6 -.25 -.4 11.6 -.25 -.8 11.7 -.25 -.8 11.7 -.25 -.4
4 71 12.1 -.25 -.4 12.1 -.25 -.8 12.2 -.25 -.8 12.2 -.25 -.4
4 71 13.4 -.25 -.4 13.4 -.25 -.8 13.5 -.25 -.8 13.5 -.25 -.4
4 71 13.9 -.25 -.4 13.9 -.25 -.8 14 -.25 -.8 14 -.25 -.4
4 71 15.2 -.25 -.4 15.2 -.25 -.8 15.3 -.25 -.8 15.3 -.25 -.4
4 71 15.7 -.25 -.4 15.7 -.25 -.8 15.8 -.25 -.8 15.8 -.25 -.4
4 71 9.8 -.25 -.8 9.8 -.25 -1.2 9.9 -.25 -1.2 9.9 -.25 -.8
4 71 10.3 -.25 -.8 10.3 -.25 -1.2 10.4 -.25 -1.2 10.4 -.25 -.8
4 71 11.6 -.25 -.8 11.6 -.25 -1.2 11.7 -.25 -1.2 11.7 -.25 -.8
4 71 12.1 -.25 -.8 12.1 -.25 -1.2 12.2 -.25 -1.2 12.2 -.25 -.8
4 71 13.4 -.25 -.8 13.4 -.25 -1.2 13.5 -.25 -1.2 13.5 -.25 -.8
4 71 13.9 -.25 -.8 13.9 -.25 -1.2 14 -.25 -1.2 14 -.25 -.8
4 71 15.2 -.25 -.8 15.2 -.25 -1.2 15.3 -.25 -1.2 15.3 -.25 -.8
4 71 15.7 -.25 -.8 15.7 -.25 -1.2 15.8 -.25 -1.2 15.8 -.25 -.8
4 71 10.8 -.25 -1.2 10.8 -.25 -1.6 11.2 -.25 -1.6 11.2 -.25 -1.2
4 71 11.2 -.25 -1.6 11.2 -.25 -2 11.6 -.25 -2 11.6 -.25 -1.6
4 71 10.4 -.25 -1.6 10.4 -.25 -2 10.8 -.25 -2 10.8 -.25 -1.6
4 71 12.6 -.25 -1.2 12.6 -.25 -1.6 13 -.25 -1.6 13 -.25 -1.2
4 71 13 -.25 -1.6 13 -.25 -2 13.4 -.25 -2 13.4 -.25 -1.6
4 71 12.2 -.25 -1.6 12.2 -.25 -2 12.6 -.25 -2 12.6 -.25 -1.6
4 71 14.4 -.25 -1.2 14.4 -.25 -1.6 14.8 -.25 -1.6 14.8 -.25 -1.2
4 71 14.8 -.25 -1.6 14.8 -.25 -2 15.2 -.25 -2 15.2 -.25 -1.6
4 71 14 -.25 -1.6 14 -.25 -2 14.4 -.25 -2 14.4 -.25 -1.6
4 71 9.8 -.25 -1.2 9.8 -.25 -1.6 9.9 -.25 -1.6 9.9 -.25 -1.2
4 71 10.3 -.25 -1.2 10.3 -.25 -1.6 10.4 -.25 -1.6 10.4 -.25 -1.2
4 71 11.6 -.25 -1.2 11.6 -.25 -1.6 11.7 -.25 -1.6 11.7 -.25 -1.2
4 71 12.1 -.25 -1.2 12.1 -.25 -1.6 12.2 -.25 -1.6 12.2 -.25 -1.2
4 71 13.4 -.25 -1.2 13.4 -.25 -1.6 13.5 -.25 -1.6 13.5 -.25 -1.2
4 71 13.9 -.25 -1.2 13.9 -.25 -1.6 14 -.25 -1.6 14 -.25 -1.2
4 71 15.2 -.25 -1.2 15.2 -.25 -1.6 15.3 -.25 -1.6 15.3 -.25 -1.2
4 71 15.7 -.25 -1.2 15.7 -.25 -1.6 15.8 -.25 -1.6 15.8 -.25 -1.2
4 71 9.8 -.25 -1.6 9.8 -.25 -2 9.9 -.25 -2 9.9 -.25 -1.6
4 71 10.3 -.25 -1.6 10.3 -.25 -2 10.4 -.25 -2 10.4 -.25 -1.6
4 71 11.6 -.25 -1.6 11.6 -.25 -2 11.7 -.25 -2 11.7 -.25 -1.6
4 71 12.1 -.25 -1.6 12.1 -.25 -2 12.2 -.25 -2 12.2 -.25 -1.6
4 71 13.4 -.25 -1.6 13.4 -.25 -2 13.5 -.25 -2 13.5 -.25 -1.6
4 71 13.9 -.25 -1.6 13.9 -.25 -2 14 -.25 -2 14 -.25 -1.6
4 71 15.2 -.25 -1.6 15.2 -.25 -2 15.3 -.25 -2 15.3 -.25 -1.6
4 71 15.7 -.25 -1.6 15.7 -.25 -2 15.8 -.25 -2 15.8 -.25 -1.6
4 71 10.8 -.25 -2 10.8 -.25 -2.4 11.2 -.25 -2.4 11.2 -.25 -2
4 71 12.6 -.25 -2 12.6 -.25 -2.4 13 -.25 -2.4 13 -.25 -2
4 71 14.4 -.25 -2 14.4 -.25 -2.4 14.8 -.25 -2.4 14.8 -.25 -2
4 71 9.8 -.25 -2 9.8 -.25 -2.4 9.9 -.25 -2.4 9.9 -.25 -2
4 71 10.3 -.25 -2 10.3 -.25 -2.4 10.4 -.25 -2.4 10.4 -.25 -2
4 71 11.6 -.25 -2 11.6 -.25 -2.4 11.7 -.25 -2.4 11.7 -.25 -2
4 71 12.1 -.25 -2 12.1 -.25 -2.4 12.2 -.25 -2.4 12.2 -.25 -2
4 71 13.4 -.25 -2 13.4 -.25 -2.4 13.5 -.25 -2.4 13.5 -.25 -2
4 71 13.9 -.25 -2 13.9 -.25 -2.4 14 -.25 -2.4 14 -.25 -2
4 71 15.2 -.25 -2 15.2 -.25 -2.4 15.3 -.25 -2.4 15.3 -.25 -2
4 71 15.7 -.25 -2 15.7 -.25 -2.4 15.8 -.25 -2.4 15.8 -.25 -2
3 71 9.9 -.25 3.0833 9.8 -.25 2.8 9.9 -.25 2.8
3 71 10.3 -.25 3.0833 10.3 -.25 2.8 10.4 -.25 2.8
3 71 10.3 -.25 3.0833 10.4 -.25 2.8 10.8 -.25 2.8
4 71 10.8 -.25 2.8 11.2 -.25 2.8 11.7 -.25 3.0833 10.3 -.25 3.0833
3 71 11.7 -.25 3.0833 11.2 -.25 2.8 11.6 -.25 2.8
3 71 11.7 -.25 3.0833 11.6 -.25 2.8 11.7 -.25 2.8
3 71 12.1 -.25 3.0833 12.1 -.25 2.8 12.2 -.25 2.8
3 71 12.1 -.25 3.0833 12.2 -.25 2.8 12.6 -.25 2.8
4 71 12.6 -.25 2.8 13 -.25 2.8 13.5 -.25 3.0833 12.1 -.25 3.0833
3 71 13.5 -.25 3.0833 13 -.25 2.8 13.4 -.25 2.8
3 71 13.5 -.25 3.0833 13.4 -.25 2.8 13.5 -.25 2.8
3 71 13.9 -.25 3.0833 13.9 -.25 2.8 14 -.25 2.8
3 71 13.9 -.25 3.0833 14 -.25 2.8 14.4 -.25 2.8
4 71 14.4 -.25 2.8 14.8 -.25 2.8 15.3 -.25 3.0833 13.9 -.25 3.0833
3 71 15.3 -.25 3.0833 14.8 -.25 2.8 15.2 -.25 2.8
3 71 15.3 -.25 3.0833 15.2 -.25 2.8 15.3 -.25 2.8
3 71 15.7 -.25 3.0833 15.7 -.25 2.8 15.8 -.25 2.8
3 71 9.9 -.25 -2.4 9.8 -.25 -2.4 9.9 -.25 -2.6833
3 71 10.4 -.25 -2.4 10.3 -.25 -2.4 10.3 -.25 -2.6833
4 71 10.4 -.25 -2.4 10.3 -.25 -2.6833 11.7 -.25 -2.6833 10.8 -.25 -2.4
3 71 11.2 -.25 -2.4 10.8 -.25 -2.4 11.7 -.25 -2.6833
3 71 11.6 -.25 -2.4 11.2 -.25 -2.4 11.7 -.25 -2.6833
3 71 11.7 -.25 -2.4 11.6 -.25 -2.4 11.7 -.25 -2.6833
3 71 12.2 -.25 -2.4 12.1 -.25 -2.4 12.1 -.25 -2.6833
3 71 12.6 -.25 -2.4 12.2 -.25 -2.4 12.1 -.25 -2.6833
3 71 13 -.25 -2.4 12.6 -.25 -2.4 12.1 -.25 -2.6833
3 71 13.4 -.25 -2.4 13 -.25 -2.4 12.1 -.25 -2.6833
4 71 12.1 -.25 -2.6833 13.5 -.25 -2.6833 13.5 -.25 -2.4 13.4 -.25 -2.4
3 71 14 -.25 -2.4 13.9 -.25 -2.4 13.9 -.25 -2.6833
3 71 14.4 -.25 -2.4 14 -.25 -2.4 13.9 -.25 -2.6833
4 71 14.4 -.25 -2.4 13.9 -.25 -2.6833 15.3 -.25 -2.6833 14.8 -.25 -2.4
3 71 15.2 -.25 -2.4 14.8 -.25 -2.4 15.3 -.25 -2.6833
3 71 15.3 -.25 -2.4 15.2 -.25 -2.4 15.3 -.25 -2.6833
3 71 15.8 -.25 -2.4 15.7 -.25 -2.4 15.7 -.25 -2.6833
4 71 26.3 -.25 2.8 26.3 -.25 2.4 26.7 -.25 2.4 26.7 -.25 2.8
4 71 26.7 -.25 2.4 26.7 -.25 2 27.1 -.25 2 27.1 -.25 2.4
4 71 25.9 -.25 2.4 25.9 -.25 2 26.3 -.25 2 26.3 -.25 2.4
4 71 28.1 -.25 2.8 28.1 -.25 2.4 28.5 -.25 2.4 28.5 -.25 2.8
4 71 28.5 -.25 2.4 28.5 -.25 2 28.9 -.25 2 28.9 -.25 2.4
4 71 27.7 -.25 2.4 27.7 -.25 2 28.1 -.25 2 28.1 -.25 2.4
4 71 29.9 -.25 2.8 29.9 -.25 2.4 30.3 -.25 2.4 30.3 -.25 2.8
4 71 30.3 -.25 2.4 30.3 -.25 2 30.7 -.25 2 30.7 -.25 2.4
4 71 29.5 -.25 2.4 29.5 -.25 2 29.9 -.25 2 29.9 -.25 2.4
4 71 24.5 -.25 2.8 24.5 -.25 2.4 24.9 -.25 2.4 24.9 -.25 2.8
4 71 24.5 -.25 2 24.5 -.25 1.6 24.9 -.25 1.6 24.9 -.25 2
4 71 24.5 -.25 1.2 24.5 -.25 .8 24.9 -.25 .8 24.9 -.25 1.2
4 71 24.5 -.25 .4 24.5 -.25 0 24.9 -.25 0 24.9 -.25 .4
4 71 24.5 -.25 -.4 24.5 -.25 -.8 24.9 -.25 -.8 24.9 -.25 -.4
4 71 24.5 -.25 -1.2 24.5 -.25 -1.6 24.9 -.25 -1.6 24.9 -.25 -1.2
4 71 24.9 -.25 2.4 24.9 -.25 2 25.3 -.25 2 25.3 -.25 2.4
4 71 24.9 -.25 1.6 24.9 -.25 1.2 25.3 -.25 1.2 25.3 -.25 1.6
4 71 24.9 -.25 .8 24.9 -.25 .4 25.3 -.25 .4 25.3 -.25 .8
4 71 24.9 -.25 0 24.9 -.25 -.4 25.3 -.25 -.4 25.3 -.25 0
4 71 24.9 -.25 -.8 24.9 -.25 -1.2 25.3 -.25 -1.2 25.3 -.25 -.8
4 71 24.9 -.25 -1.6 24.9 -.25 -2 25.3 -.25 -2 25.3 -.25 -1.6
4 71 24.1 -.25 2.4 24.1 -.25 2 24.5 -.25 2 24.5 -.25 2.4
4 71 24.1 -.25 1.6 24.1 -.25 1.2 24.5 -.25 1.2 24.5 -.25 1.6
4 71 24.1 -.25 .8 24.1 -.25 .4 24.5 -.25 .4 24.5 -.25 .8
4 71 24.1 -.25 0 24.1 -.25 -.4 24.5 -.25 -.4 24.5 -.25 0
4 71 24.1 -.25 -.8 24.1 -.25 -1.2 24.5 -.25 -1.2 24.5 -.25 -.8
4 71 24.1 -.25 -1.6 24.1 -.25 -2 24.5 -.25 -2 24.5 -.25 -1.6
4 71 24.5 -.25 -2 24.5 -.25 -2.4 24.9 -.25 -2.4 24.9 -.25 -2
4 71 31.7 -.25 2.8 31.7 -.25 2.4 32.1 -.25 2.4 32.1 -.25 2.8
4 71 31.7 -.25 2 31.7 -.25 1.6 32.1 -.25 1.6 32.1 -.25 2
4 71 31.7 -.25 1.2 31.7 -.25 .8 32.1 -.25 .8 32.1 -.25 1.2
4 71 31.7 -.25 .4 31.7 -.25 0 32.1 -.25 0 32.1 -.25 .4
4 71 31.7 -.25 -.4 31.7 -.25 -.8 32.1 -.25 -.8 32.1 -.25 -.4
4 71 31.7 -.25 -1.2 31.7 -.25 -1.6 32.1 -.25 -1.6 32.1 -.25 -1.2
4 71 32.1 -.25 2.4 32.1 -.25 2 32.5 -.25 2 32.5 -.25 2.4
4 71 32.1 -.25 1.6 32.1 -.25 1.2 32.5 -.25 1.2 32.5 -.25 1.6
4 71 32.1 -.25 .8 32.1 -.25 .4 32.5 -.25 .4 32.5 -.25 .8
4 71 32.1 -.25 0 32.1 -.25 -.4 32.5 -.25 -.4 32.5 -.25 0
4 71 32.1 -.25 -.8 32.1 -.25 -1.2 32.5 -.25 -1.2 32.5 -.25 -.8
4 71 32.1 -.25 -1.6 32.1 -.25 -2 32.5 -.25 -2 32.5 -.25 -1.6
4 71 31.3 -.25 2.4 31.3 -.25 2 31.7 -.25 2 31.7 -.25 2.4
4 71 31.3 -.25 1.6 31.3 -.25 1.2 31.7 -.25 1.2 31.7 -.25 1.6
4 71 31.3 -.25 .8 31.3 -.25 .4 31.7 -.25 .4 31.7 -.25 .8
4 71 31.3 -.25 0 31.3 -.25 -.4 31.7 -.25 -.4 31.7 -.25 0
4 71 31.3 -.25 -.8 31.3 -.25 -1.2 31.7 -.25 -1.2 31.7 -.25 -.8
4 71 31.3 -.25 -1.6 31.3 -.25 -2 31.7 -.25 -2 31.7 -.25 -1.6
4 71 31.7 -.25 -2 31.7 -.25 -2.4 32.1 -.25 -2.4 32.1 -.25 -2
4 71 24.8 -.25 3.0833 24.9 -.25 2.8 25.3 -.25 2.8 25.4 -.25 3.0833
4 71 24.9 -.25 2.8 24.8 -.25 3.0833 24.3854 -.25 3.0008 24.5 -.25 2.8
4 71 24.5 -.25 2.8 24.3854 -.25 3.0008 24.034 -.25 2.816 24.1 -.25 2.8
4 71 24.1 -.25 2.8 24.034 -.25 2.816 23.7992 -.25 2.4146 24.1 -.25 2.4
4 71 24.1 -.25 2.4 23.7992 -.25 2.4146 23.7167 -.25 2 24.1 -.25 2
4 71 23.7167 -.25 -1.6 23.7992 -.25 -2.0146 24.1 -.25 -2 24.1 -.25 -1.6
4 71 23.7992 -.25 -2.0146 24.034 -.25 -2.416 24.1 -.25 -2.4 24.1 -.25 -2
4 71 24.034 -.25 -2.416 24.3854 -.25 -2.6008 24.5 -.25 -2.4 24.1 -.25 -2.4
4 71 24.3854 -.25 -2.6008 24.8 -.25 -2.6833 24.9 -.25 -2.4 24.5 -.25 -2.4
4 71 24.8 -.25 -2.6833 25.4 -.25 -2.6833 25.3 -.25 -2.4 24.9 -.25 -2.4
4 71 31.2 -.25 3.0833 31.3 -.25 2.8 31.7 -.25 2.8 31.8 -.25 3.0833
4 71 31.7 -.25 2.8 32.1 -.25 2.8 32.2146 -.25 3.0008 31.8 -.25 3.0833
4 71 32.1 -.25 2.8 32.5 -.25 2.8 32.566 -.25 2.816 32.2146 -.25 3.0008
4 71 32.5 -.25 2.8 32.5 -.25 2.4 32.8008 -.25 2.4146 32.566 -.25 2.816
4 71 32.5 -.25 2.4 32.5 -.25 2 32.8833 -.25 2 32.8008 -.25 2.4146
4 71 31.2 -.25 -2.6833 31.8 -.25 -2.6833 31.7 -.25 -2.4 31.3 -.25 -2.4
4 71 31.8 -.25 -2.6833 32.2146 -.25 -2.6008 32.1 -.25 -2.4 31.7 -.25 -2.4
4 71 32.1 -.25 -2.4 32.2146 -.25 -2.6008 32.566 -.25 -2.416 32.5 -.25 -2.4
4 71 32.5 -.25 -2 32.5 -.25 -2.4 32.566 -.25 -2.416 32.8008 -.25 -2.0146
4 71 32.8008 -.25 -2.0146 32.8833 -.25 -1.6 32.5 -.25 -1.6 32.5 -.25 -2
3 71 32.8833 -.25 2 32.5 -.25 2 32.5 -.25 1.6
3 71 32.8833 -.25 2 32.5 -.25 1.6 32.5 -.25 1.2
3 71 32.8833 -.25 2 32.5 -.25 1.2 32.5 -.25 .8
3 71 32.8833 -.25 2 32.5 -.25 .8 32.5 -.25 .4
4 71 32.5 -.25 .4 32.5 -.25 0 32.8833 -.25 -1.6 32.8833 -.25 2
3 71 32.5 -.25 0 32.5 -.25 -.4 32.8833 -.25 -1.6
3 71 32.5 -.25 -.4 32.5 -.25 -.8 32.8833 -.25 -1.6
3 71 32.5 -.25 -.8 32.5 -.25 -1.2 32.8833 -.25 -1.6
3 71 32.5 -.25 -1.2 32.5 -.25 -1.6 32.8833 -.25 -1.6
3 71 24.1 -.25 2 23.7167 -.25 2 24.1 -.25 1.6
3 71 23.7167 -.25 2 24.1 -.25 1.2 24.1 -.25 1.6
3 71 23.7167 -.25 2 24.1 -.25 .8 24.1 -.25 1.2
3 71 23.7167 -.25 2 24.1 -.25 .4 24.1 -.25 .8
3 71 23.7167 -.25 2 24.1 -.25 0 24.1 -.25 .4
4 71 23.7167 -.25 2 23.7167 -.25 -1.6 24.1 -.25 -.4 24.1 -.25 0
3 71 24.1 -.25 -.4 23.7167 -.25 -1.6 24.1 -.25 -.8
3 71 24.1 -.25 -.8 23.7167 -.25 -1.6 24.1 -.25 -1.2
3 71 24.1 -.25 -1.2 23.7167 -.25 -1.6 24.1 -.25 -1.6
4 71 25.3 -.25 2.8 25.3 -.25 2.4 25.4 -.25 2.4 25.4 -.25 2.8
4 71 25.8 -.25 2.8 25.8 -.25 2.4 25.9 -.25 2.4 25.9 -.25 2.8
4 71 27.1 -.25 2.8 27.1 -.25 2.4 27.2 -.25 2.4 27.2 -.25 2.8
4 71 27.6 -.25 2.8 27.6 -.25 2.4 27.7 -.25 2.4 27.7 -.25 2.8
4 71 28.9 -.25 2.8 28.9 -.25 2.4 29 -.25 2.4 29 -.25 2.8
4 71 29.4 -.25 2.8 29.4 -.25 2.4 29.5 -.25 2.4 29.5 -.25 2.8
4 71 30.7 -.25 2.8 30.7 -.25 2.4 30.8 -.25 2.4 30.8 -.25 2.8
4 71 31.2 -.25 2.8 31.2 -.25 2.4 31.3 -.25 2.4 31.3 -.25 2.8
4 71 25.3 -.25 2.4 25.3 -.25 2 25.4 -.25 2 25.4 -.25 2.4
4 71 25.8 -.25 2.4 25.8 -.25 2 25.9 -.25 2 25.9 -.25 2.4
4 71 27.1 -.25 2.4 27.1 -.25 2 27.2 -.25 2 27.2 -.25 2.4
4 71 27.6 -.25 2.4 27.6 -.25 2 27.7 -.25 2 27.7 -.25 2.4
4 71 28.9 -.25 2.4 28.9 -.25 2 29 -.25 2 29 -.25 2.4
4 71 29.4 -.25 2.4 29.4 -.25 2 29.5 -.25 2 29.5 -.25 2.4
4 71 30.7 -.25 2.4 30.7 -.25 2 30.8 -.25 2 30.8 -.25 2.4
4 71 31.2 -.25 2.4 31.2 -.25 2 31.3 -.25 2 31.3 -.25 2.4
4 71 26.3 -.25 2 26.3 -.25 1.6 26.7 -.25 1.6 26.7 -.25 2
4 71 26.7 -.25 1.6 26.7 -.25 1.2 27.1 -.25 1.2 27.1 -.25 1.6
4 71 25.9 -.25 1.6 25.9 -.25 1.2 26.3 -.25 1.2 26.3 -.25 1.6
4 71 28.1 -.25 2 28.1 -.25 1.6 28.5 -.25 1.6 28.5 -.25 2
4 71 28.5 -.25 1.6 28.5 -.25 1.2 28.9 -.25 1.2 28.9 -.25 1.6
4 71 27.7 -.25 1.6 27.7 -.25 1.2 28.1 -.25 1.2 28.1 -.25 1.6
4 71 29.9 -.25 2 29.9 -.25 1.6 30.3 -.25 1.6 30.3 -.25 2
4 71 30.3 -.25 1.6 30.3 -.25 1.2 30.7 -.25 1.2 30.7 -.25 1.6
4 71 29.5 -.25 1.6 29.5 -.25 1.2 29.9 -.25 1.2 29.9 -.25 1.6
4 71 25.3 -.25 2 25.3 -.25 1.6 25.4 -.25 1.6 25.4 -.25 2
4 71 25.8 -.25 2 25.8 -.25 1.6 25.9 -.25 1.6 25.9 -.25 2
4 71 27.1 -.25 2 27.1 -.25 1.6 27.2 -.25 1.6 27.2 -.25 2
4 71 27.6 -.25 2 27.6 -.25 1.6 27.7 -.25 1.6 27.7 -.25 2
4 71 28.9 -.25 2 28.9 -.25 1.6 29 -.25 1.6 29 -.25 2
4 71 29.4 -.25 2 29.4 -.25 1.6 29.5 -.25 1.6 29.5 -.25 2
4 71 30.7 -.25 2 30.7 -.25 1.6 30.8 -.25 1.6 30.8 -.25 2
4 71 31.2 -.25 2 31.2 -.25 1.6 31.3 -.25 1.6 31.3 -.25 2
4 71 25.3 -.25 1.6 25.3 -.25 1.2 25.4 -.25 1.2 25.4 -.25 1.6
4 71 25.8 -.25 1.6 25.8 -.25 1.2 25.9 -.25 1.2 25.9 -.25 1.6
4 71 27.1 -.25 1.6 27.1 -.25 1.2 27.2 -.25 1.2 27.2 -.25 1.6
4 71 27.6 -.25 1.6 27.6 -.25 1.2 27.7 -.25 1.2 27.7 -.25 1.6
4 71 28.9 -.25 1.6 28.9 -.25 1.2 29 -.25 1.2 29 -.25 1.6
4 71 29.4 -.25 1.6 29.4 -.25 1.2 29.5 -.25 1.2 29.5 -.25 1.6
4 71 30.7 -.25 1.6 30.7 -.25 1.2 30.8 -.25 1.2 30.8 -.25 1.6
4 71 31.2 -.25 1.6 31.2 -.25 1.2 31.3 -.25 1.2 31.3 -.25 1.6
4 71 26.3 -.25 1.2 26.3 -.25 .8 26.7 -.25 .8 26.7 -.25 1.2
4 71 26.7 -.25 .8 26.7 -.25 .4 27.1 -.25 .4 27.1 -.25 .8
4 71 25.9 -.25 .8 25.9 -.25 .4 26.3 -.25 .4 26.3 -.25 .8
4 71 28.1 -.25 1.2 28.1 -.25 .8 28.5 -.25 .8 28.5 -.25 1.2
4 71 28.5 -.25 .8 28.5 -.25 .4 28.9 -.25 .4 28.9 -.25 .8
4 71 27.7 -.25 .8 27.7 -.25 .4 28.1 -.25 .4 28.1 -.25 .8
4 71 29.9 -.25 1.2 29.9 -.25 .8 30.3 -.25 .8 30.3 -.25 1.2
4 71 30.3 -.25 .8 30.3 -.25 .4 30.7 -.25 .4 30.7 -.25 .8
4 71 29.5 -.25 .8 29.5 -.25 .4 29.9 -.25 .4 29.9 -.25 .8
4 71 25.3 -.25 1.2 25.3 -.25 .8 25.4 -.25 .8 25.4 -.25 1.2
4 71 25.8 -.25 1.2 25.8 -.25 .8 25.9 -.25 .8 25.9 -.25 1.2
4 71 27.1 -.25 1.2 27.1 -.25 .8 27.2 -.25 .8 27.2 -.25 1.2
4 71 27.6 -.25 1.2 27.6 -.25 .8 27.7 -.25 .8 27.7 -.25 1.2
4 71 28.9 -.25 1.2 28.9 -.25 .8 29 -.25 .8 29 -.25 1.2
4 71 29.4 -.25 1.2 29.4 -.25 .8 29.5 -.25 .8 29.5 -.25 1.2
4 71 30.7 -.25 1.2 30.7 -.25 .8 30.8 -.25 .8 30.8 -.25 1.2
4 71 31.2 -.25 1.2 31.2 -.25 .8 31.3 -.25 .8 31.3 -.25 1.2
4 71 25.3 -.25 .8 25.3 -.25 .4 25.4 -.25 .4 25.4 -.25 .8
4 71 25.8 -.25 .8 25.8 -.25 .4 25.9 -.25 .4 25.9 -.25 .8
4 71 27.1 -.25 .8 27.1 -.25 .4 27.2 -.25 .4 27.2 -.25 .8
4 71 27.6 -.25 .8 27.6 -.25 .4 27.7 -.25 .4 27.7 -.25 .8
4 71 28.9 -.25 .8 28.9 -.25 .4 29 -.25 .4 29 -.25 .8
4 71 29.4 -.25 .8 29.4 -.25 .4 29.5 -.25 .4 29.5 -.25 .8
4 71 30.7 -.25 .8 30.7 -.25 .4 30.8 -.25 .4 30.8 -.25 .8
4 71 31.2 -.25 .8 31.2 -.25 .4 31.3 -.25 .4 31.3 -.25 .8
4 71 26.3 -.25 .4 26.3 -.25 0 26.7 -.25 0 26.7 -.25 .4
4 71 26.7 -.25 0 26.7 -.25 -.4 27.1 -.25 -.4 27.1 -.25 0
4 71 25.9 -.25 0 25.9 -.25 -.4 26.3 -.25 -.4 26.3 -.25 0
4 71 28.1 -.25 .4 28.1 -.25 0 28.5 -.25 0 28.5 -.25 .4
4 71 28.5 -.25 0 28.5 -.25 -.4 28.9 -.25 -.4 28.9 -.25 0
4 71 27.7 -.25 0 27.7 -.25 -.4 28.1 -.25 -.4 28.1 -.25 0
4 71 29.9 -.25 .4 29.9 -.25 0 30.3 -.25 0 30.3 -.25 .4
4 71 30.3 -.25 0 30.3 -.25 -.4 30.7 -.25 -.4 30.7 -.25 0
4 71 29.5 -.25 0 29.5 -.25 -.4 29.9 -.25 -.4 29.9 -.25 0
4 71 25.3 -.25 .4 25.3 -.25 0 25.4 -.25 0 25.4 -.25 .4
4 71 25.8 -.25 .4 25.8 -.25 0 25.9 -.25 0 25.9 -.25 .4
4 71 27.1 -.25 .4 27.1 -.25 0 27.2 -.25 0 27.2 -.25 .4
4 71 27.6 -.25 .4 27.6 -.25 0 27.7 -.25 0 27.7 -.25 .4
4 71 28.9 -.25 .4 28.9 -.25 0 29 -.25 0 29 -.25 .4
4 71 29.4 -.25 .4 29.4 -.25 0 29.5 -.25 0 29.5 -.25 .4
4 71 30.7 -.25 .4 30.7 -.25 0 30.8 -.25 0 30.8 -.25 .4
4 71 31.2 -.25 .4 31.2 -.25 0 31.3 -.25 0 31.3 -.25 .4
4 71 25.3 -.25 0 25.3 -.25 -.4 25.4 -.25 -.4 25.4 -.25 0
4 71 25.8 -.25 0 25.8 -.25 -.4 25.9 -.25 -.4 25.9 -.25 0
4 71 27.1 -.25 0 27.1 -.25 -.4 27.2 -.25 -.4 27.2 -.25 0
4 71 27.6 -.25 0 27.6 -.25 -.4 27.7 -.25 -.4 27.7 -.25 0
4 71 28.9 -.25 0 28.9 -.25 -.4 29 -.25 -.4 29 -.25 0
4 71 29.4 -.25 0 29.4 -.25 -.4 29.5 -.25 -.4 29.5 -.25 0
4 71 30.7 -.25 0 30.7 -.25 -.4 30.8 -.25 -.4 30.8 -.25 0
4 71 31.2 -.25 0 31.2 -.25 -.4 31.3 -.25 -.4 31.3 -.25 0
4 71 26.3 -.25 -.4 26.3 -.25 -.8 26.7 -.25 -.8 26.7 -.25 -.4
4 71 26.7 -.25 -.8 26.7 -.25 -1.2 27.1 -.25 -1.2 27.1 -.25 -.8
4 71 25.9 -.25 -.8 25.9 -.25 -1.2 26.3 -.25 -1.2 26.3 -.25 -.8
4 71 28.1 -.25 -.4 28.1 -.25 -.8 28.5 -.25 -.8 28.5 -.25 -.4
4 71 28.5 -.25 -.8 28.5 -.25 -1.2 28.9 -.25 -1.2 28.9 -.25 -.8
4 71 27.7 -.25 -.8 27.7 -.25 -1.2 28.1 -.25 -1.2 28.1 -.25 -.8
4 71 29.9 -.25 -.4 29.9 -.25 -.8 30.3 -.25 -.8 30.3 -.25 -.4
4 71 30.3 -.25 -.8 30.3 -.25 -1.2 30.7 -.25 -1.2 30.7 -.25 -.8
4 71 29.5 -.25 -.8 29.5 -.25 -1.2 29.9 -.25 -1.2 29.9 -.25 -.8
4 71 25.3 -.25 -.4 25.3 -.25 -.8 25.4 -.25 -.8 25.4 -.25 -.4
4 71 25.8 -.25 -.4 25.8 -.25 -.8 25.9 -.25 -.8 25.9 -.25 -.4
4 71 27.1 -.25 -.4 27.1 -.25 -.8 27.2 -.25 -.8 27.2 -.25 -.4
4 71 27.6 -.25 -.4 27.6 -.25 -.8 27.7 -.25 -.8 27.7 -.25 -.4
4 71 28.9 -.25 -.4 28.9 -.25 -.8 29 -.25 -.8 29 -.25 -.4
4 71 29.4 -.25 -.4 29.4 -.25 -.8 29.5 -.25 -.8 29.5 -.25 -.4
4 71 30.7 -.25 -.4 30.7 -.25 -.8 30.8 -.25 -.8 30.8 -.25 -.4
4 71 31.2 -.25 -.4 31.2 -.25 -.8 31.3 -.25 -.8 31.3 -.25 -.4
4 71 25.3 -.25 -.8 25.3 -.25 -1.2 25.4 -.25 -1.2 25.4 -.25 -.8
4 71 25.8 -.25 -.8 25.8 -.25 -1.2 25.9 -.25 -1.2 25.9 -.25 -.8
4 71 27.1 -.25 -.8 27.1 -.25 -1.2 27.2 -.25 -1.2 27.2 -.25 -.8
4 71 27.6 -.25 -.8 27.6 -.25 -1.2 27.7 -.25 -1.2 27.7 -.25 -.8
4 71 28.9 -.25 -.8 28.9 -.25 -1.2 29 -.25 -1.2 29 -.25 -.8
4 71 29.4 -.25 -.8 29.4 -.25 -1.2 29.5 -.25 -1.2 29.5 -.25 -.8
4 71 30.7 -.25 -.8 30.7 -.25 -1.2 30.8 -.25 -1.2 30.8 -.25 -.8
4 71 31.2 -.25 -.8 31.2 -.25 -1.2 31.3 -.25 -1.2 31.3 -.25 -.8
4 71 26.3 -.25 -1.2 26.3 -.25 -1.6 26.7 -.25 -1.6 26.7 -.25 -1.2
4 71 26.7 -.25 -1.6 26.7 -.25 -2 27.1 -.25 -2 27.1 -.25 -1.6
4 71 25.9 -.25 -1.6 25.9 -.25 -2 26.3 -.25 -2 26.3 -.25 -1.6
4 71 28.1 -.25 -1.2 28.1 -.25 -1.6 28.5 -.25 -1.6 28.5 -.25 -1.2
4 71 28.5 -.25 -1.6 28.5 -.25 -2 28.9 -.25 -2 28.9 -.25 -1.6
4 71 27.7 -.25 -1.6 27.7 -.25 -2 28.1 -.25 -2 28.1 -.25 -1.6
4 71 29.9 -.25 -1.2 29.9 -.25 -1.6 30.3 -.25 -1.6 30.3 -.25 -1.2
4 71 30.3 -.25 -1.6 30.3 -.25 -2 30.7 -.25 -2 30.7 -.25 -1.6
4 71 29.5 -.25 -1.6 29.5 -.25 -2 29.9 -.25 -2 29.9 -.25 -1.6
4 71 25.3 -.25 -1.2 25.3 -.25 -1.6 25.4 -.25 -1.6 25.4 -.25 -1.2
4 71 25.8 -.25 -1.2 25.8 -.25 -1.6 25.9 -.25 -1.6 25.9 -.25 -1.2
4 71 27.1 -.25 -1.2 27.1 -.25 -1.6 27.2 -.25 -1.6 27.2 -.25 -1.2
4 71 27.6 -.25 -1.2 27.6 -.25 -1.6 27.7 -.25 -1.6 27.7 -.25 -1.2
4 71 28.9 -.25 -1.2 28.9 -.25 -1.6 29 -.25 -1.6 29 -.25 -1.2
4 71 29.4 -.25 -1.2 29.4 -.25 -1.6 29.5 -.25 -1.6 29.5 -.25 -1.2
4 71 30.7 -.25 -1.2 30.7 -.25 -1.6 30.8 -.25 -1.6 30.8 -.25 -1.2
4 71 31.2 -.25 -1.2 31.2 -.25 -1.6 31.3 -.25 -1.6 31.3 -.25 -1.2
4 71 25.3 -.25 -1.6 25.3 -.25 -2 25.4 -.25 -2 25.4 -.25 -1.6
4 71 25.8 -.25 -1.6 25.8 -.25 -2 25.9 -.25 -2 25.9 -.25 -1.6
4 71 27.1 -.25 -1.6 27.1 -.25 -2 27.2 -.25 -2 27.2 -.25 -1.6
4 71 27.6 -.25 -1.6 27.6 -.25 -2 27.7 -.25 -2 27.7 -.25 -1.6
4 71 28.9 -.25 -1.6 28.9 -.25 -2 29 -.25 -2 29 -.25 -1.6
4 71 29.4 -.25 -1.6 29.4 -.25 -2 29.5 -.25 -2 29.5 -.25 -1.6
4 71 30.7 -.25 -1.6 30.7 -.25 -2 30.8 -.25 -2 30.8 -.25 -1.6
4 71 31.2 -.25 -1.6 31.2 -.25 -2 31.3 -.25 -2 31.3 -.25 -1.6
4 71 26.3 -.25 -2 26.3 -.25 -2.4 26.7 -.25 -2.4 26.7 -.25 -2
4 71 28.1 -.25 -2 28.1 -.25 -2.4 28.5 -.25 -2.4 28.5 -.25 -2
4 71 29.9 -.25 -2 29.9 -.25 -2.4 30.3 -.25 -2.4 30.3 -.25 -2
4 71 25.3 -.25 -2 25.3 -.25 -2.4 25.4 -.25 -2.4 25.4 -.25 -2
4 71 25.8 -.25 -2 25.8 -.25 -2.4 25.9 -.25 -2.4 25.9 -.25 -2
4 71 27.1 -.25 -2 27.1 -.25 -2.4 27.2 -.25 -2.4 27.2 -.25 -2
4 71 27.6 -.25 -2 27.6 -.25 -2.4 27.7 -.25 -2.4 27.7 -.25 -2
4 71 28.9 -.25 -2 28.9 -.25 -2.4 29 -.25 -2.4 29 -.25 -2
4 71 29.4 -.25 -2 29.4 -.25 -2.4 29.5 -.25 -2.4 29.5 -.25 -2
4 71 30.7 -.25 -2 30.7 -.25 -2.4 30.8 -.25 -2.4 30.8 -.25 -2
4 71 31.2 -.25 -2 31.2 -.25 -2.4 31.3 -.25 -2.4 31.3 -.25 -2
3 71 25.4 -.25 3.0833 25.3 -.25 2.8 25.4 -.25 2.8
3 71 25.8 -.25 3.0833 25.8 -.25 2.8 25.9 -.25 2.8
3 71 25.8 -.25 3.0833 25.9 -.25 2.8 26.3 -.25 2.8
4 71 26.3 -.25 2.8 26.7 -.25 2.8 27.2 -.25 3.0833 25.8 -.25 3.0833
3 71 27.2 -.25 3.0833 26.7 -.25 2.8 27.1 -.25 2.8
3 71 27.2 -.25 3.0833 27.1 -.25 2.8 27.2 -.25 2.8
3 71 27.6 -.25 3.0833 27.6 -.25 2.8 27.7 -.25 2.8
3 71 27.6 -.25 3.0833 27.7 -.25 2.8 28.1 -.25 2.8
4 71 28.1 -.25 2.8 28.5 -.25 2.8 29 -.25 3.0833 27.6 -.25 3.0833
3 71 29 -.25 3.0833 28.5 -.25 2.8 28.9 -.25 2.8
3 71 29 -.25 3.0833 28.9 -.25 2.8 29 -.25 2.8
3 71 29.4 -.25 3.0833 29.4 -.25 2.8 29.5 -.25 2.8
3 71 29.4 -.25 3.0833 29.5 -.25 2.8 29.9 -.25 2.8
4 71 29.9 -.25 2.8 30.3 -.25 2.8 30.8 -.25 3.0833 29.4 -.25 3.0833
3 71 30.8 -.25 3.0833 30.3 -.25 2.8 30.7 -.25 2.8
3 71 30.8 -.25 3.0833 30.7 -.25 2.8 30.8 -.25 2.8
3 71 31.2 -.25 3.0833 31.2 -.25 2.8 31.3 -.25 2.8
3 71 25.4 -.25 -2.4 25.3 -.25 -2.4 25.4 -.25 -2.6833
3 71 25.9 -.25 -2.4 25.8 -.25 -2.4 25.8 -.25 -2.6833
3 71 26.3 -.25 -2.4 25.9 -.25 -2.4 25.8 -.25 -2.6833
4 71 25.8 -.25 -2.6833 27.2 -.25 -2.6833 26.7 -.25 -2.4 26.3 -.25 -2.4
3 71 27.1 -.25 -2.4 26.7 -.25 -2.4 27.2 -.25 -2.6833
3 71 27.2 -.25 -2.4 27.1 -.25 -2.4 27.2 -.25 -2.6833
3 71 27.7 -.25 -2.4 27.6 -.25 -2.4 27.6 -.25 -2.6833
3 71 28.1 -.25 -2.4 27.7 -.25 -2.4 27.6 -.25 -2.6833
3 71 28.5 -.25 -2.4 28.1 -.25 -2.4 27.6 -.25 -2.6833
4 71 28.5 -.25 -2.4 27.6 -.25 -2.6833 29 -.25 -2.6833 28.9 -.25 -2.4
3 71 29 -.25 -2.4 28.9 -.25 -2.4 29 -.25 -2.6833
3 71 29.5 -.25 -2.4 29.4 -.25 -2.4 29.4 -.25 -2.6833
3 71 29.9 -.25 -2.4 29.5 -.25 -2.4 29.4 -.25 -2.6833
4 71 29.9 -.25 -2.4 29.4 -.25 -2.6833 30.8 -.25 -2.6833 30.3 -.25 -2.4
3 71 30.7 -.25 -2.4 30.3 -.25 -2.4 30.8 -.25 -2.6833
3 71 30.8 -.25 -2.4 30.7 -.25 -2.4 30.8 -.25 -2.6833
3 71 31.3 -.25 -2.4 31.2 -.25 -2.4 31.2 -.25 -2.6833

1 16 36.5 0 6.5 1 0 0 0 -1 0 0 0 1 1-4chrd.dat
1 16 36.5 0 -6.5 0 0 1 0 -1 0 -1 0 0 1-4chrd.dat
1 16 -36.5 0 -6.5 -1 0 0 0 -1 0 0 0 -1 1-4chrd.dat
1 16 -36.5 0 6.5 0 0 -1 0 -1 0 1 0 0 1-4chrd.dat
4 16 36.5 0 -7.5 -36.5 0 -7.5 -37.5 0 -6.5 37.5 0 -6.5
4 16 37.5 0 6.5 37.5 0 -6.5 -37.5 0 -6.5 -37.5 0 6.5
4 16 37.5 0 6.5 -37.5 0 6.5 -36.5 0 7.5 36.5 0 7.5

1 16 36.5 -.25 6.5 1 0 0 0 .25 0 0 0 1 1-4cyli.dat
1 16 -36.5 -.25 6.5 0 0 -1 0 .25 0 1 0 0 1-4cyli.dat
1 16 -36.5 -.25 -6.5 -1 0 0 0 .25 0 0 0 -1 1-4cyli.dat
1 16 36.5 -.25 -6.5 0 0 1 0 .25 0 -1 0 0 1-4cyli.dat
4 16 36.5 -.25 -7.5 -36.5 -.25 -7.5 -36.5 0 -7.5 36.5 0 -7.5
4 16 37.5 -.25 6.5 37.5 -.25 -6.5 37.5 0 -6.5 37.5 0 6.5
4 16 -36.5 -.25 7.5 36.5 -.25 7.5 36.5 0 7.5 -36.5 0 7.5
4 16 -37.5 -.25 -6.5 -37.5 -.25 6.5 -37.5 0 6.5 -37.5 0 -6.5
