0 Sticker  2.5 x  2.7 with Black Trident, Gold Triangle and Symbols (Formed)
0 Name: 4614385fc01.dat
0 Author: Evert-Jan Boer [ejboer]
0 !LDRAW_ORG Unofficial_Part
0 !LICENSE Licensed under CC BY 4.0 : see CAreadme.txt

0 BFC CERTIFY CCW

0 !KEYWORDS City of Atlantis, Set 7985

3 15 26.8827 -.25 -16.0963 26.5 -.25 -16.0201 27.5 -.25 -17.0214
3 15 27.5 -.25 -17.0214 27.4239 -.25 -16.6382 26.8827 -.25 -16.0963
3 15 27.4239 -.25 -16.6382 27.2071 -.25 -16.3134 26.8827 -.25 -16.0963
4 15 -26.5 -.25 -16.0201 -26.8827 -.25 -16.0963 -27.4239 -.25 -16.6382 -27.5 -.25 -17.0214
3 15 -26.8827 -.25 -16.0963 -27.2071 -.25 -16.3134 -27.4239 -.25 -16.6382
4 15 -26.5 -.25 -16.0201 -27.5 -.25 -17.0214 27.5 -.25 -17.0214 26.5 -.25 -16.0201
3 15 .75 -.25 -27.8 .75 -.25 -30.0378 2.1448 -.25 -30.0378
3 15 -.75 -.25 -27.8 -2.1448 -.25 -30.0378 -.75 -.25 -30.0378
3 15 -16.1103 -.25 -29.3907 -27.5 -.25 -30.0378 -15.0747 -.25 -30.0378
4 15 8.581 -.25 -29.23 8.1 -.25 -29.6 7.9986 -.25 -30.0378 9.0858 -.25 -30.0378
3 15 -16.1103 -.25 -29.3907 -27.5 -.25 -17.0214 -27.5 -.25 -30.0378
3 15 -27.5 -.25 -17.0214 -16.1103 -.25 -29.3907 -10.5196 -.25 -20.4438
4 15 -9.745 -.25 -29.3 -11.5683 -.25 -28.1606 -14.7323 -.25 -29.0725 -13.1875 -.25 -30.0378
3 15 -13.1875 -.25 -30.0378 -10.206 -.25 -30.0378 -9.745 -.25 -29.3
4 15 -11.5683 -.25 -28.1606 -11.0119 -.25 -27.2702 -11.1023 -.25 -23.2634 -14.7323 -.25 -29.0725
3 15 -11.1023 -.25 -23.2634 -11.0119 -.25 -27.2702 -10.6941 -.25 -24.4029
3 15 -10.6941 -.25 -24.4029 -11.0119 -.25 -27.2702 -10.2329 -.25 -25.4575
3 15 -10.2329 -.25 -25.4575 -11.0119 -.25 -27.2702 -9.6234 -.25 -26.3691
3 15 -9.6234 -.25 -26.3691 -11.0119 -.25 -27.2702 -8.9237 -.25 -27.0421
4 15 -8.75 -.25 -27.1638 -8.9237 -.25 -27.0421 -11.0119 -.25 -27.2702 -8.75 -.25 -28.6835
4 15 -5.6428 -.25 -28.6795 -6.1664 -.25 -28.4991 -6.4 -.25 -29.2 -6.2088 -.25 -30.0378
4 15 -.4758 -.25 -22.9692 -5.0599 -.25 -27.7466 -5.6428 -.25 -28.6795 -6.2088 -.25 -30.0378
3 15 -6.2088 -.25 -30.0378 -4.8484 -.25 -30.0378 -.4758 -.25 -22.9692
4 15 0 -.25 -21.05 -8.75 -.25 -23.05 -5.0599 -.25 -27.7466 -.4758 -.25 -22.9692
3 15 -8.75 -.25 -23.05 -5.6747 -.25 -27.5983 -5.0599 -.25 -27.7466
4 15 -6.7416 -.25 -27.2213 -6.4592 -.25 -27.344 -5.6747 -.25 -27.5983 -8.75 -.25 -23.05
4 15 -8.75 -.25 -25.934 -8.75 -.25 -23.05 -9.7666 -.25 -24.3339 -9.2525 -.25 -25.3037
4 15 -9.7666 -.25 -24.3339 -8.75 -.25 -23.05 -10.387 -.25 -21.6468 -10.1484 -.25 -23.152
4 15 -10.387 -.25 -21.6468 -8.75 -.25 -23.05 0 -.25 -21.05 -10.5196 -.25 -20.4438
4 15 10.5196 -.25 -20.4438 -27.5 -.25 -17.0214 -10.5196 -.25 -20.4438 0 -.25 -21.05
3 15 27.5 -.25 -17.0214 -27.5 -.25 -17.0214 10.5196 -.25 -20.4438
3 15 27.5 -.25 -17.0214 10.5196 -.25 -20.4438 16.1103 -.25 -29.3907
4 15 6.4 -.25 -29.2 6.1664 -.25 -28.4991 5.6428 -.25 -28.6795 6.2088 -.25 -30.0378
4 15 5.6428 -.25 -28.6795 5.0599 -.25 -27.7466 .4758 -.25 -22.9692 4.8484 -.25 -30.0378
3 15 4.8484 -.25 -30.0378 6.2088 -.25 -30.0378 5.6428 -.25 -28.6795
4 15 6.4592 -.25 -27.344 8.75 -.25 -23.05 5.0599 -.25 -27.7466 5.6747 -.25 -27.5983
3 15 8.75 -.25 -23.05 6.4592 -.25 -27.344 6.7416 -.25 -27.2213
4 15 5.0599 -.25 -27.7466 8.75 -.25 -23.05 0 -.25 -21.05 .4758 -.25 -22.9692
3 15 10.5196 -.25 -20.4438 0 -.25 -21.05 8.75 -.25 -23.05
4 15 10.5196 -.25 -20.4438 8.75 -.25 -23.05 10.1484 -.25 -23.152 10.387 -.25 -21.6468
4 15 10.1484 -.25 -23.152 8.75 -.25 -23.05 9.2525 -.25 -25.3037 9.7666 -.25 -24.3339
3 15 8.75 -.25 -23.05 8.75 -.25 -25.934 9.2525 -.25 -25.3037
3 15 8.9237 -.25 -27.0421 8.75 -.25 -27.1638 8.75 -.25 -28.6835
4 15 8.75 -.25 -28.6835 11.0119 -.25 -27.2702 9.6234 -.25 -26.3691 8.9237 -.25 -27.0421
3 15 10.2329 -.25 -25.4575 9.6234 -.25 -26.3691 11.0119 -.25 -27.2702
3 15 10.6941 -.25 -24.4029 10.2329 -.25 -25.4575 11.0119 -.25 -27.2702
4 15 10.6941 -.25 -24.4029 11.0119 -.25 -27.2702 14.7323 -.25 -29.0725 11.1023 -.25 -23.2634
3 15 11.0119 -.25 -27.2702 11.5683 -.25 -28.1606 14.7323 -.25 -29.0725
4 15 14.7323 -.25 -29.0725 11.5683 -.25 -28.1606 9.745 -.25 -29.3 10.206 -.25 -30.0378
3 15 10.206 -.25 -30.0378 13.1875 -.25 -30.0378 14.7323 -.25 -29.0725
4 15 -7.9986 -.25 -30.0378 -8.1 -.25 -29.6 -8.581 -.25 -29.23 -9.0858 -.25 -30.0378
4 0 -6.4 -.25 -29.2 -8.1 -.25 -29.6 -7.9986 -.25 -30.0378 -6.2088 -.25 -30.0378
3 0 -.4758 -.25 -22.9692 -1.5 -.25 -27.1 -.75 -.25 -27.8
4 0 .75 -.25 -27.8 .4758 -.25 -22.9692 -.4758 -.25 -22.9692 -.75 -.25 -27.8
4 0 -6.1664 -.25 -28.4991 -6.15 -.25 -28.45 -8.75 -.25 -29.1 -8.581 -.25 -29.23
4 0 -8.1 -.25 -29.6 -6.4 -.25 -29.2 -6.1664 -.25 -28.4991 -8.581 -.25 -29.23
3 0 -8.75 -.25 -23.05 -8.75 -.25 -25.934 -6.7416 -.25 -27.2213
3 0 -8.75 -.25 -25.934 -8.75 -.25 -27.1638 -6.7416 -.25 -27.2213
4 0 -6.7416 -.25 -27.2213 -8.75 -.25 -27.1638 -8.75 -.25 -28.6835 -6.15 -.25 -28.45
3 0 -6.15 -.25 -28.45 -8.75 -.25 -28.6835 -8.75 -.25 -29.1
4 0 8.1 -.25 -29.6 6.4 -.25 -29.2 6.2088 -.25 -30.0378 7.9986 -.25 -30.0378
3 0 .4758 -.25 -22.9692 .75 -.25 -27.8 1.5 -.25 -27.1
4 0 6.1664 -.25 -28.4991 8.581 -.25 -29.23 8.75 -.25 -29.1 6.15 -.25 -28.45
4 0 6.1664 -.25 -28.4991 6.4 -.25 -29.2 8.1 -.25 -29.6 8.581 -.25 -29.23
3 0 8.75 -.25 -23.05 6.7416 -.25 -27.2213 8.75 -.25 -25.934
4 0 6.15 -.25 -28.45 8.75 -.25 -27.1638 8.75 -.25 -25.934 6.7416 -.25 -27.2213
3 0 8.75 -.25 -27.1638 6.15 -.25 -28.45 8.75 -.25 -28.6835
3 0 6.15 -.25 -28.45 8.75 -.25 -29.1 8.75 -.25 -28.6835
3 0 0 -.25 -21.05 -.4758 -.25 -22.9692 .4758 -.25 -22.9692
4 0 .75 -.25 -30.0378 .75 -.25 -27.8 -.75 -.25 -27.8 -.75 -.25 -30.0378
4 82 -.75 -.25 -27.8 -1.5 -.25 -27.1 -4.8484 -.25 -30.0378 -2.1448 -.25 -30.0378
3 82 -4.8484 -.25 -30.0378 -1.5 -.25 -27.1 -.4758 -.25 -22.9692
4 82 -8.75 -.25 -28.6835 -11.0119 -.25 -27.2702 -11.5683 -.25 -28.1606 -9.745 -.25 -29.3
4 82 -14.7323 -.25 -29.0725 -16.1103 -.25 -29.3907 -15.0747 -.25 -30.0378 -13.1875 -.25 -30.0378
4 82 -10.5196 -.25 -20.4438 -16.1103 -.25 -29.3907 -14.7323 -.25 -29.0725 -11.1023 -.25 -23.2634
3 82 -10.5196 -.25 -20.4438 -11.1023 -.25 -23.2634 -10.387 -.25 -21.6468
3 82 -10.387 -.25 -21.6468 -11.1023 -.25 -23.2634 -10.1484 -.25 -23.152
4 82 -9.7666 -.25 -24.3339 -10.1484 -.25 -23.152 -11.1023 -.25 -23.2634 -10.6941 -.25 -24.4029
4 82 -9.2525 -.25 -25.3037 -9.7666 -.25 -24.3339 -10.6941 -.25 -24.4029 -10.2329 -.25 -25.4575
4 82 -8.75 -.25 -25.934 -9.2525 -.25 -25.3037 -10.2329 -.25 -25.4575 -9.6234 -.25 -26.3691
4 82 -6.15 -.25 -28.45 -5.6428 -.25 -28.6795 -5.0599 -.25 -27.7466 -5.6747 -.25 -27.5983
4 82 -8.75 -.25 -27.1638 -8.75 -.25 -25.934 -9.6234 -.25 -26.3691 -8.9237 -.25 -27.0421
3 82 -8.75 -.25 -28.6835 -9.745 -.25 -29.3 -8.75 -.25 -29.1
4 82 -8.581 -.25 -29.23 -8.75 -.25 -29.1 -9.745 -.25 -29.3 -10.206 -.25 -30.0378
3 82 -8.581 -.25 -29.23 -10.206 -.25 -30.0378 -9.0858 -.25 -30.0378
3 82 -6.15 -.25 -28.45 -6.1664 -.25 -28.4991 -5.6428 -.25 -28.6795
3 82 -6.7416 -.25 -27.2213 -6.15 -.25 -28.45 -6.4592 -.25 -27.344
3 82 -6.4592 -.25 -27.344 -6.15 -.25 -28.45 -5.6747 -.25 -27.5983
4 82 1.5 -.25 -27.1 .75 -.25 -27.8 2.1448 -.25 -30.0378 4.8484 -.25 -30.0378
3 82 4.8484 -.25 -30.0378 .4758 -.25 -22.9692 1.5 -.25 -27.1
4 82 8.75 -.25 -28.6835 9.745 -.25 -29.3 11.5683 -.25 -28.1606 11.0119 -.25 -27.2702
4 82 15.0747 -.25 -30.0378 16.1103 -.25 -29.3907 14.7323 -.25 -29.0725 13.1875 -.25 -30.0378
4 82 14.7323 -.25 -29.0725 16.1103 -.25 -29.3907 10.5196 -.25 -20.4438 11.1023 -.25 -23.2634
3 82 10.5196 -.25 -20.4438 10.387 -.25 -21.6468 11.1023 -.25 -23.2634
3 82 10.387 -.25 -21.6468 10.1484 -.25 -23.152 11.1023 -.25 -23.2634
4 82 11.1023 -.25 -23.2634 10.1484 -.25 -23.152 9.7666 -.25 -24.3339 10.6941 -.25 -24.4029
4 82 9.2525 -.25 -25.3037 10.2329 -.25 -25.4575 10.6941 -.25 -24.4029 9.7666 -.25 -24.3339
4 82 6.15 -.25 -28.45 5.6747 -.25 -27.5983 5.0599 -.25 -27.7466 5.6428 -.25 -28.6795
4 82 10.2329 -.25 -25.4575 9.2525 -.25 -25.3037 8.75 -.25 -25.934 9.6234 -.25 -26.3691
4 82 8.75 -.25 -27.1638 8.9237 -.25 -27.0421 9.6234 -.25 -26.3691 8.75 -.25 -25.934
4 82 9.745 -.25 -29.3 8.75 -.25 -28.6835 8.75 -.25 -29.1 10.206 -.25 -30.0378
4 82 8.75 -.25 -29.1 8.581 -.25 -29.23 9.0858 -.25 -30.0378 10.206 -.25 -30.0378
3 82 6.15 -.25 -28.45 5.6428 -.25 -28.6795 6.1664 -.25 -28.4991
3 82 6.7416 -.25 -27.2213 6.4592 -.25 -27.344 6.15 -.25 -28.45
3 82 6.4592 -.25 -27.344 5.6747 -.25 -27.5983 6.15 -.25 -28.45
4 15 -3.3 .6201 -38.75 -4.5 .6001 -38.55 -6.05 .5902 -38.45 -8.3858 .75 -40.0504
3 15 -8.3858 .75 -40.0504 -1.95 .6551 -39.1 -3.3 .6201 -38.75
4 15 -1.15 .685 -39.4 -1.95 .6551 -39.1 -8.3858 .75 -40.0504 -.75 .75 -40.0504
3 15 -.75 .75 -40.0504 -.75 .705 -39.6 -1.15 .685 -39.4
3 15 -8.3858 .75 -40.0504 -6.05 .5902 -38.45 -6.4126 .4338 -36.8847
3 15 1.15 .685 -39.4 .75 .705 -39.6 .75 .75 -40.0504
4 15 1.95 .6551 -39.1 1.15 .685 -39.4 .75 .75 -40.0504 8.3858 .75 -40.0504
3 15 8.3858 .75 -40.0504 3.3 .6201 -38.75 1.95 .6551 -39.1
4 15 6.05 .5902 -38.45 4.5 .6001 -38.55 3.3 .6201 -38.75 8.3858 .75 -40.0504
3 15 8.3858 .75 -40.0504 6.4126 .4338 -36.8847 6.05 .5902 -38.45
4 15 -22.8147 .75 -40.0504 -18.0693 -.0085 -32.4562 -27.5 -.25 -30.0378 -26.5 .75 -40.0504
3 15 27.5 -.25 -30.0378 18.0693 -.0085 -32.4562 22.8147 .75 -40.0504
3 15 22.8147 .75 -40.0504 26.5 .75 -40.0504 27.5 -.25 -30.0378
3 15 .75 -.25 -30.0378 .75 .5003 -37.55 1.9 .4553 -37.1
3 15 .75 -.25 -30.0378 1.9 .4553 -37.1 2.85 .4304 -36.85
4 15 5.1197 .2267 -34.8106 2.1448 -.25 -30.0378 .75 -.25 -30.0378 2.85 .4304 -36.85
3 15 2.85 .4304 -36.85 3.8 .4204 -36.75 5.1197 .2267 -34.8106
3 15 5.1197 .2267 -34.8106 3.8 .4204 -36.75 4.7 .4104 -36.65
3 15 -.75 -.25 -30.0378 -1.9 .4553 -37.1 -.75 .5003 -37.55
3 15 -.75 -.25 -30.0378 -2.85 .4304 -36.85 -1.9 .4553 -37.1
3 15 -.75 -.25 -30.0378 -3.8 .4204 -36.75 -2.85 .4304 -36.85
4 15 -2.1448 -.25 -30.0378 -5.1197 .2267 -34.8106 -4.7 .4104 -36.65 -3.8 .4204 -36.75
3 15 -3.8 .4204 -36.75 -.75 -.25 -30.0378 -2.1448 -.25 -30.0378
4 15 -21.3811 .7093 -39.6433 -17.7401 .542 -37.9681 -17.1837 .4531 -37.0777 -17.7511 .1292 -33.8341
3 15 -17.7401 .542 -37.9681 -21.3811 .7093 -39.6433 -20.178 .6961 -39.5106
3 15 -17.7401 .542 -37.9681 -20.178 .6961 -39.5106 -19.0279 .6913 -39.4628
3 15 -17.7401 .542 -37.9681 -19.0279 .6913 -39.4628 -17.9414 .7061 -39.6111
4 15 -17.7401 .542 -37.9681 -17.9414 .7061 -39.6111 -16.8394 .75 -40.0504 -15.1112 .7061 -39.6109
3 15 -11.0422 .75 -40.0504 -15.1112 .7061 -39.6109 -16.8394 .75 -40.0504
3 15 -12.7266 .325 -35.7947 -15.1112 .7061 -39.6109 -11.0422 .75 -40.0504
4 15 -17.7511 .1292 -33.8341 -17.1837 .4531 -37.0777 -15.3604 .5669 -38.217 -14.0621 .3594 -36.1393
3 15 -12.7266 .325 -35.7947 -10.7676 .0188 -32.7292 -15.0747 -.25 -30.0378
4 15 -7.1404 .12 -33.7429 -10.7676 .0188 -32.7292 -12.7266 .325 -35.7947 -11.0422 .75 -40.0504
4 15 7.9986 -.25 -30.0378 7.1404 .12 -33.7429 10.7676 .0188 -32.7292 9.0858 -.25 -30.0378
3 15 15.0747 -.25 -30.0378 10.7676 .0188 -32.7292 12.7266 .325 -35.7947
3 15 12.7266 .325 -35.7947 18.0693 -.0085 -32.4562 15.0747 -.25 -30.0378
4 15 15.3604 .5669 -38.217 17.1837 .4531 -37.0777 17.7511 .1292 -33.8341 14.0621 .3594 -36.1393
3 15 17.7511 .1292 -33.8341 17.1837 .4531 -37.0777 17.7401 .542 -37.9681
4 15 20.178 .6961 -39.5106 21.3811 .7093 -39.6433 17.7511 .1292 -33.8341 17.7401 .542 -37.9681
3 15 17.7401 .542 -37.9681 19.0279 .6913 -39.4628 20.178 .6961 -39.5106
4 15 15.1112 .7061 -39.6109 17.9414 .7061 -39.6111 19.0279 .6913 -39.4628 17.7401 .542 -37.9681
3 15 15.1112 .7061 -39.6109 16.8394 .75 -40.0504 17.9414 .7061 -39.6111
3 15 16.8394 .75 -40.0504 15.1112 .7061 -39.6109 11.0422 .75 -40.0504
3 15 11.0422 .75 -40.0504 15.1112 .7061 -39.6109 12.7266 .325 -35.7947
4 15 12.7266 .325 -35.7947 10.7676 .0188 -32.7292 7.1404 .12 -33.7429 11.0422 .75 -40.0504
3 15 -11.0433 -.1162 -31.3777 -10.206 -.25 -30.0378 -13.1875 -.25 -30.0378
3 15 -5.8422 -.0896 -31.6443 -4.8484 -.25 -30.0378 -6.2088 -.25 -30.0378
3 15 18.0693 -.0085 -32.4562 27.5 -.25 -30.0378 15.0747 -.25 -30.0378
3 15 5.8422 -.0896 -31.6443 6.2088 -.25 -30.0378 4.8484 -.25 -30.0378
3 15 11.0433 -.1162 -31.3777 13.1875 -.25 -30.0378 10.206 -.25 -30.0378
4 15 -10.7676 .0188 -32.7292 -7.1404 .12 -33.7429 -7.9986 -.25 -30.0378 -9.0858 -.25 -30.0378
4 0 -4.5 .6001 -38.55 -3.8 .4204 -36.75 -4.7 .4104 -36.65 -6.05 .5902 -38.45
4 0 -3.3 .6201 -38.75 -2.85 .4304 -36.85 -3.8 .4204 -36.75 -4.5 .6001 -38.55
4 0 -1.95 .6551 -39.1 -1.9 .4553 -37.1 -2.85 .4304 -36.85 -3.3 .6201 -38.75
4 0 -1.15 .685 -39.4 -.75 .5003 -37.55 -1.9 .4553 -37.1 -1.95 .6551 -39.1
4 0 -7.9986 -.25 -30.0378 -7.1404 .12 -33.7429 -5.8422 -.0896 -31.6443 -6.2088 -.25 -30.0378
4 0 -6.05 .5902 -38.45 -4.7 .4104 -36.65 -5.1197 .2267 -34.8106 -6.4126 .4338 -36.8847
4 0 -6.4126 .4338 -36.8847 -5.1197 .2267 -34.8106 -5.8422 -.0896 -31.6443 -7.1404 .12 -33.7429
4 0 4.5 .6001 -38.55 6.05 .5902 -38.45 4.7 .4104 -36.65 3.8 .4204 -36.75
4 0 3.3 .6201 -38.75 4.5 .6001 -38.55 3.8 .4204 -36.75 2.85 .4304 -36.85
4 0 1.95 .6551 -39.1 3.3 .6201 -38.75 2.85 .4304 -36.85 1.9 .4553 -37.1
4 0 1.9 .4553 -37.1 .75 .5003 -37.55 1.15 .685 -39.4 1.95 .6551 -39.1
4 0 6.2088 -.25 -30.0378 5.8422 -.0896 -31.6443 7.1404 .12 -33.7429 7.9986 -.25 -30.0378
3 0 4.7 .4104 -36.65 6.05 .5902 -38.45 6.4126 .4338 -36.8847
4 0 7.1404 .12 -33.7429 5.1197 .2267 -34.8106 4.7 .4104 -36.65 6.4126 .4338 -36.8847
3 0 5.8422 -.0896 -31.6443 5.1197 .2267 -34.8106 7.1404 .12 -33.7429
4 0 -.75 .5003 -37.55 .75 .5003 -37.55 .75 -.25 -30.0378 -.75 -.25 -30.0378
4 0 -.75 .705 -39.6 .75 .705 -39.6 1.15 .685 -39.4 -1.15 .685 -39.4
4 0 -1.15 .685 -39.4 1.15 .685 -39.4 .75 .5003 -37.55 -.75 .5003 -37.55
4 0 .75 .75 -40.0504 .75 .705 -39.6 -.75 .705 -39.6 -.75 .75 -40.0504
4 82 -8.3858 .75 -40.0504 -6.4126 .4338 -36.8847 -7.1404 .12 -33.7429 -11.0422 .75 -40.0504
4 82 -4.8484 -.25 -30.0378 -5.8422 -.0896 -31.6443 -5.1197 .2267 -34.8106 -2.1448 -.25 -30.0378
4 82 -15.0747 -.25 -30.0378 -10.7676 .0188 -32.7292 -11.0433 -.1162 -31.3777 -13.1875 -.25 -30.0378
4 82 -15.1112 .7061 -39.6109 -15.3604 .5669 -38.217 -17.1837 .4531 -37.0777 -17.7401 .542 -37.9681
4 82 -15.3604 .5669 -38.217 -15.1112 .7061 -39.6109 -12.7266 .325 -35.7947 -14.0621 .3594 -36.1393
4 82 -14.0621 .3594 -36.1393 -12.7266 .325 -35.7947 -18.0693 -.0085 -32.4562 -17.7511 .1292 -33.8341
4 82 -21.3811 .7093 -39.6433 -17.7511 .1292 -33.8341 -18.0693 -.0085 -32.4562 -22.8147 .75 -40.0504
3 82 -20.178 .6961 -39.5106 -21.3811 .7093 -39.6433 -22.8147 .75 -40.0504
4 82 -16.8394 .75 -40.0504 -19.0279 .6913 -39.4628 -20.178 .6961 -39.5106 -22.8147 .75 -40.0504
3 82 -16.8394 .75 -40.0504 -17.9414 .7061 -39.6111 -19.0279 .6913 -39.4628
4 82 -10.206 -.25 -30.0378 -11.0433 -.1162 -31.3777 -10.7676 .0188 -32.7292 -9.0858 -.25 -30.0378
4 82 7.1404 .12 -33.7429 6.4126 .4338 -36.8847 8.3858 .75 -40.0504 11.0422 .75 -40.0504
4 82 2.1448 -.25 -30.0378 5.1197 .2267 -34.8106 5.8422 -.0896 -31.6443 4.8484 -.25 -30.0378
4 82 11.0433 -.1162 -31.3777 10.7676 .0188 -32.7292 15.0747 -.25 -30.0378 13.1875 -.25 -30.0378
4 82 15.1112 .7061 -39.6109 17.7401 .542 -37.9681 17.1837 .4531 -37.0777 15.3604 .5669 -38.217
4 82 12.7266 .325 -35.7947 15.1112 .7061 -39.6109 15.3604 .5669 -38.217 14.0621 .3594 -36.1393
4 82 18.0693 -.0085 -32.4562 12.7266 .325 -35.7947 14.0621 .3594 -36.1393 17.7511 .1292 -33.8341
4 82 18.0693 -.0085 -32.4562 17.7511 .1292 -33.8341 21.3811 .7093 -39.6433 22.8147 .75 -40.0504
3 82 22.8147 .75 -40.0504 21.3811 .7093 -39.6433 20.178 .6961 -39.5106
3 82 20.178 .6961 -39.5106 16.8394 .75 -40.0504 22.8147 .75 -40.0504
3 82 20.178 .6961 -39.5106 19.0279 .6913 -39.4628 16.8394 .75 -40.0504
3 82 16.8394 .75 -40.0504 19.0279 .6913 -39.4628 17.9414 .7061 -39.6111
4 82 9.0858 -.25 -30.0378 10.7676 .0188 -32.7292 11.0433 -.1162 -31.3777 10.206 -.25 -30.0378
1 15 -1 .9017 -41 0 0 -.8 -.12784 1 0 .8 0 0 2-4ndis.dat
1 15 -1 1.3172 -43.6 0 0 -.8 -.12784 1 0 .8 0 0 2-4ndis.dat
1 15 1 1.3172 -43.6 0 0 .8 .12784 1 0 -.8 0 0 2-4ndis.dat
1 15 1 .9017 -41 0 0 .8 .12784 1 0 -.8 0 0 2-4ndis.dat
4 15 9.4843 2.35 -50.063 24.5 2.35 -50.063 16.3 2.1082 -48.55 9.7 2.2441 -49.4
4 15 -10.7343 2.35 -50.063 -10.95 2.2441 -49.4 -16.3 2.1082 -48.55 -24.5 2.35 -50.063
4 15 -10.95 2.2441 -49.4 -9.85 2.2441 -49.4 -.75 2.1082 -48.55 -16.3 2.1082 -48.55
3 15 -.75 2.1082 -48.55 -9.85 2.2441 -49.4 -9.6979 2.35 -50.063
3 15 -.75 2.35 -50.063 -.75 2.1082 -48.55 -9.6979 2.35 -50.063
3 15 .75 2.1082 -48.55 .75 2.35 -50.063 8.4479 2.35 -50.063
3 15 .75 2.1082 -48.55 8.4479 2.35 -50.063 8.6 2.2441 -49.4
4 15 8.6 2.2441 -49.4 9.7 2.2441 -49.4 16.3 2.1082 -48.55 .75 2.1082 -48.55
3 15 -23.6599 .9662 -41.4031 -26.5 .75 -40.0504 -24.5 2.35 -50.063
3 15 -24.5 2.35 -50.063 -16.3 2.1082 -48.55 -23.6599 .9662 -41.4031
3 15 -22.5204 .9009 -40.9949 -23.6599 .9662 -41.4031 -16.3 2.1082 -48.55
4 15 -22.5204 .9009 -40.9949 -16.3 2.1082 -48.55 -19.8334 .8018 -40.3745 -21.063 .8298 -40.5495
4 15 -19.8334 .8018 -40.3745 -16.3 2.1082 -48.55 -17.8565 .839 -40.6075 -18.7363 .8077 -40.4115
3 15 -17.8565 .839 -40.6075 -16.3 2.1082 -48.55 -17.0827 .8975 -40.9732
4 15 -17.0827 .8975 -40.9732 -16.3 2.1082 -48.55 -15.6781 1.066 -42.0277 -16.4466 .961 -41.3706
4 15 -14.7028 1.2387 -43.1088 -15.1056 1.1608 -42.6213 -15.6781 1.066 -42.0277 -16.3 2.1082 -48.55
4 15 15.1056 1.1608 -42.6213 24.5 2.35 -50.063 16.4466 .961 -41.3706 15.6781 1.066 -42.0277
4 15 16.4466 .961 -41.3706 24.5 2.35 -50.063 17.8565 .839 -40.6075 17.0827 .8975 -40.9732
4 15 17.8565 .839 -40.6075 24.5 2.35 -50.063 19.8334 .8018 -40.3745 18.7363 .8077 -40.4115
4 15 22.5204 .9009 -40.9949 21.063 .8298 -40.5495 19.8334 .8018 -40.3745 24.5 2.35 -50.063
3 15 22.5204 .9009 -40.9949 24.5 2.35 -50.063 23.6599 .9662 -41.4031
4 15 15.1056 1.1608 -42.6213 14.7028 1.2387 -43.1088 16.3 2.1082 -48.55 24.5 2.35 -50.063
4 15 -1 1.0296 -41.8 -1.8 1.0296 -41.8 -1.8 1.1894 -42.8 -1 1.1894 -42.8
4 15 -.75 1.1894 -42.8 -.75 1.0296 -41.8 -1 1.0296 -41.8 -1 1.1894 -42.8
4 15 1 1.1894 -42.8 1 1.0296 -41.8 .75 1.0296 -41.8 .75 1.1894 -42.8
4 15 1 1.1894 -42.8 1.8 1.1894 -42.8 1.8 1.0296 -41.8 1 1.0296 -41.8
3 15 -1.8 .7739 -40.2 -8.3858 .75 -40.0504 -12.25 1.7407 -46.25
3 15 -12.25 1.7407 -46.25 -1.8 .9017 -41 -1.8 .7739 -40.2
3 15 -1.8 .9017 -41 -12.25 1.7407 -46.25 -1.8 1.0296 -41.8
3 15 -1.8 1.0296 -41.8 -12.25 1.7407 -46.25 -1.8 1.1894 -42.8
3 15 -1.8 1.1894 -42.8 -12.25 1.7407 -46.25 -1.8 1.3172 -43.6
3 15 -1.8 1.3172 -43.6 -12.25 1.7407 -46.25 -1.8 1.4451 -44.4
4 15 -1 1.4451 -44.4 -1.8 1.4451 -44.4 -12.25 1.7407 -46.25 -.75 1.7407 -46.25
3 15 -.75 1.4451 -44.4 -1 1.4451 -44.4 -.75 1.7407 -46.25
3 15 .75 1.4451 -44.4 .75 1.7407 -46.25 1 1.4451 -44.4
4 15 12.25 1.7407 -46.25 1.8 1.4451 -44.4 1 1.4451 -44.4 .75 1.7407 -46.25
3 15 1.8 1.3172 -43.6 1.8 1.4451 -44.4 12.25 1.7407 -46.25
3 15 1.8 1.1894 -42.8 1.8 1.3172 -43.6 12.25 1.7407 -46.25
3 15 1.8 1.0296 -41.8 1.8 1.1894 -42.8 12.25 1.7407 -46.25
3 15 1.8 .9017 -41 1.8 1.0296 -41.8 12.25 1.7407 -46.25
4 15 -8.3858 .75 -40.0504 -1.8 .7739 -40.2 -1 .7739 -40.2 -.75 .75 -40.0504
3 15 -1 .7739 -40.2 -.75 .7739 -40.2 -.75 .75 -40.0504
3 15 .75 .75 -40.0504 .75 .7739 -40.2 1 .7739 -40.2
4 15 .75 .75 -40.0504 1 .7739 -40.2 1.8 .7739 -40.2 8.3858 .75 -40.0504
4 15 8.3858 .75 -40.0504 1.8 .7739 -40.2 1.8 .9017 -41 12.25 1.7407 -46.25
3 15 -23.6599 .9662 -41.4031 -22.8147 .75 -40.0504 -26.5 .75 -40.0504
3 15 23.6599 .9662 -41.4031 24.5 2.35 -50.063 26.5 .75 -40.0504
3 15 23.6599 .9662 -41.4031 26.5 .75 -40.0504 22.8147 .75 -40.0504
3 15 -16.1976 .8068 -40.406 -11.0422 .75 -40.0504 -16.8394 .75 -40.0504
3 15 -11.0422 .75 -40.0504 -16.1976 .8068 -40.406 -15.3178 .9135 -41.0737
3 15 -11.0422 .75 -40.0504 -15.3178 .9135 -41.0737 -14.5916 1.0143 -41.7043
3 15 -11.0422 .75 -40.0504 -14.5916 1.0143 -41.7043 -14.1199 1.0897 -42.176
4 15 -11.0422 .75 -40.0504 -14.1199 1.0897 -42.176 -14.7028 1.2387 -43.1088 -16.3 2.1082 -48.55
3 15 16.1976 .8068 -40.406 16.8394 .75 -40.0504 11.0422 .75 -40.0504
3 15 11.0422 .75 -40.0504 15.3178 .9135 -41.0737 16.1976 .8068 -40.406
3 15 11.0422 .75 -40.0504 14.5916 1.0143 -41.7043 15.3178 .9135 -41.0737
3 15 14.1199 1.0897 -42.176 14.5916 1.0143 -41.7043 11.0422 .75 -40.0504
3 15 14.1199 1.0897 -42.176 11.0422 .75 -40.0504 16.3 2.1082 -48.55
3 15 16.3 2.1082 -48.55 14.7028 1.2387 -43.1088 14.1199 1.0897 -42.176
1 0 1 .9017 -41 0 0 .8 .12784 1 0 -.8 0 0 2-4chrd.dat
1 0 1 1.3172 -43.6 0 0 .8 .12784 1 0 -.8 0 0 2-4chrd.dat
1 0 -1 1.3172 -43.6 0 0 -.8 -.12784 1 0 .8 0 0 2-4chrd.dat
1 0 -1 .9017 -41 0 0 -.8 -.12784 1 0 .8 0 0 2-4chrd.dat
4 0 -.75 .7739 -40.2 .75 .7739 -40.2 .75 .75 -40.0504 -.75 .75 -40.0504
4 0 .75 1.0296 -41.8 .75 .7739 -40.2 -.75 .7739 -40.2 -.75 1.0296 -41.8
4 0 .75 1.1894 -42.8 .75 1.0296 -41.8 -.75 1.0296 -41.8 -.75 1.1894 -42.8
4 0 .75 1.4451 -44.4 .75 1.1894 -42.8 -.75 1.1894 -42.8 -.75 1.4451 -44.4
4 0 .75 1.7407 -46.25 .75 1.4451 -44.4 -.75 1.4451 -44.4 -.75 1.7407 -46.25
4 0 .75 2.1082 -48.55 .75 1.7407 -46.25 -.75 1.7407 -46.25 -.75 2.1082 -48.55
4 0 .75 2.35 -50.063 .75 2.1082 -48.55 -.75 2.1082 -48.55 -.75 2.35 -50.063
4 0 -1 1.0296 -41.8 -.75 1.0296 -41.8 -.75 .7739 -40.2 -1 .7739 -40.2
4 0 1 .7739 -40.2 .75 .7739 -40.2 .75 1.0296 -41.8 1 1.0296 -41.8
4 0 -.75 1.4451 -44.4 -.75 1.1894 -42.8 -1 1.1894 -42.8 -1 1.4451 -44.4
4 0 1 1.4451 -44.4 1 1.1894 -42.8 .75 1.1894 -42.8 .75 1.4451 -44.4
4 82 -.75 2.1082 -48.55 -.75 1.7407 -46.25 -12.25 1.7407 -46.25 -16.3 2.1082 -48.55
4 82 -16.3 2.1082 -48.55 -12.25 1.7407 -46.25 -8.3858 .75 -40.0504 -11.0422 .75 -40.0504
4 82 -10.95 2.2441 -49.4 -10.7343 2.35 -50.063 -9.6979 2.35 -50.063 -9.85 2.2441 -49.4
3 82 -22.8147 .75 -40.0504 -23.6599 .9662 -41.4031 -22.5204 .9009 -40.9949
3 82 -22.8147 .75 -40.0504 -22.5204 .9009 -40.9949 -21.063 .8298 -40.5495
3 82 -22.8147 .75 -40.0504 -21.063 .8298 -40.5495 -19.8334 .8018 -40.3745
4 82 -19.8334 .8018 -40.3745 -18.7363 .8077 -40.4115 -16.8394 .75 -40.0504 -22.8147 .75 -40.0504
3 82 -18.7363 .8077 -40.4115 -17.8565 .839 -40.6075 -16.8394 .75 -40.0504
3 82 -17.8565 .839 -40.6075 -17.0827 .8975 -40.9732 -16.8394 .75 -40.0504
3 82 -16.8394 .75 -40.0504 -17.0827 .8975 -40.9732 -16.4466 .961 -41.3706
3 82 -16.4466 .961 -41.3706 -16.1976 .8068 -40.406 -16.8394 .75 -40.0504
4 82 -15.6781 1.066 -42.0277 -15.3178 .9135 -41.0737 -16.1976 .8068 -40.406 -16.4466 .961 -41.3706
4 82 -15.1056 1.1608 -42.6213 -14.5916 1.0143 -41.7043 -15.3178 .9135 -41.0737 -15.6781 1.066 -42.0277
4 82 -14.5916 1.0143 -41.7043 -15.1056 1.1608 -42.6213 -14.7028 1.2387 -43.1088 -14.1199 1.0897 -42.176
4 82 .75 2.1082 -48.55 16.3 2.1082 -48.55 12.25 1.7407 -46.25 .75 1.7407 -46.25
4 82 8.3858 .75 -40.0504 12.25 1.7407 -46.25 16.3 2.1082 -48.55 11.0422 .75 -40.0504
4 82 8.4479 2.35 -50.063 9.4843 2.35 -50.063 9.7 2.2441 -49.4 8.6 2.2441 -49.4
3 82 22.8147 .75 -40.0504 22.5204 .9009 -40.9949 23.6599 .9662 -41.4031
3 82 21.063 .8298 -40.5495 22.5204 .9009 -40.9949 22.8147 .75 -40.0504
3 82 16.8394 .75 -40.0504 18.7363 .8077 -40.4115 19.8334 .8018 -40.3745
3 82 17.8565 .839 -40.6075 18.7363 .8077 -40.4115 16.8394 .75 -40.0504
3 82 16.8394 .75 -40.0504 17.0827 .8975 -40.9732 17.8565 .839 -40.6075
3 82 16.8394 .75 -40.0504 16.1976 .8068 -40.406 16.4466 .961 -41.3706
3 82 16.4466 .961 -41.3706 17.0827 .8975 -40.9732 16.8394 .75 -40.0504
4 82 15.6781 1.066 -42.0277 16.4466 .961 -41.3706 16.1976 .8068 -40.406 15.3178 .9135 -41.0737
4 82 15.3178 .9135 -41.0737 14.5916 1.0143 -41.7043 15.1056 1.1608 -42.6213 15.6781 1.066 -42.0277
4 82 14.7028 1.2387 -43.1088 15.1056 1.1608 -42.6213 14.5916 1.0143 -41.7043 14.1199 1.0897 -42.176
3 15 -13.3 4.0488 -57.15 -24.5 2.35 -50.063 -21 4.75 -60.0755
3 15 -21 4.75 -60.0755 -14.25 4.2285 -57.9 -13.3 4.0488 -57.15
3 15 -3.7 4.2285 -57.9 -14.25 4.2285 -57.9 -21 4.75 -60.0755
3 15 -21 4.75 -60.0755 -.75 4.75 -60.0755 -3.7 4.2285 -57.9
4 15 -.75 2.35 -50.063 -3.7 2.7184 -51.6 -3.7 4.2285 -57.9 -.75 4.75 -60.0755
3 15 2.45 2.7184 -51.6 .75 2.35 -50.063 .75 4.75 -60.0755
3 15 .75 4.75 -60.0755 2.45 4.2285 -57.9 2.45 2.7184 -51.6
4 15 21 4.75 -60.0755 13 4.2285 -57.9 2.45 4.2285 -57.9 .75 4.75 -60.0755
4 15 24.5 2.35 -50.063 12.05 4.0488 -57.15 13 4.2285 -57.9 21 4.75 -60.0755
4 15 24.5 2.35 -50.063 10.1 3.5813 -55.2 10.9 3.8091 -56.15 12.05 4.0488 -57.15
4 15 24.5 2.35 -50.063 9.25 3.1499 -53.4 9.55 3.3536 -54.25 10.1 3.5813 -55.2
4 15 24.5 2.35 -50.063 9.15 2.7664 -51.8 9.15 2.9461 -52.55 9.25 3.1499 -53.4
4 15 9.3 2.5267 -50.8 9.15 2.7664 -51.8 24.5 2.35 -50.063 9.4843 2.35 -50.063
3 15 -10.55 2.5267 -50.8 -10.7343 2.35 -50.063 -24.5 2.35 -50.063
3 15 -10.55 2.5267 -50.8 -24.5 2.35 -50.063 -10.4 2.9461 -52.55
3 15 -10.4 2.9461 -52.55 -10.4 2.7664 -51.8 -10.55 2.5267 -50.8
3 15 -24.5 2.35 -50.063 -10.5 3.1499 -53.4 -10.4 2.9461 -52.55
3 15 -10.5 3.1499 -53.4 -24.5 2.35 -50.063 -11.35 3.5813 -55.2
3 15 -11.35 3.5813 -55.2 -10.8 3.3536 -54.25 -10.5 3.1499 -53.4
3 15 -11.35 3.5813 -55.2 -24.5 2.35 -50.063 -13.3 4.0488 -57.15
3 15 -13.3 4.0488 -57.15 -12.15 3.8091 -56.15 -11.35 3.5813 -55.2
4 15 -9.55 2.5746 -51 -8.2 2.7184 -51.6 -.75 2.35 -50.063 -9.6979 2.35 -50.063
3 15 -.75 2.35 -50.063 -8.2 2.7184 -51.6 -3.7 2.7184 -51.6
4 15 -4.7 3.9888 -56.9 -4.7 2.9461 -52.55 -7.15 2.9461 -52.55 -7.15 3.4615 -54.7
3 15 -7.15 3.4615 -54.7 -11.55 3.9888 -56.9 -4.7 3.9888 -56.9
4 15 -7.15 3.4615 -54.7 -8.2 3.4615 -54.7 -10.8 3.7611 -55.95 -11.55 3.9888 -56.9
3 15 -8.2 3.4615 -54.7 -10.15 3.5334 -55 -10.8 3.7611 -55.95
3 15 -9.7 3.2937 -54 -10.15 3.5334 -55 -8.2 3.4615 -54.7
4 15 -9.7 3.2937 -54 -8.2 3.4615 -54.7 -8.2 2.7184 -51.6 -9.5 3.066 -53.05
3 15 -8.2 2.7184 -51.6 -9.45 2.8383 -52.1 -9.5 3.066 -53.05
3 15 -9.55 2.5746 -51 -9.45 2.8383 -52.1 -8.2 2.7184 -51.6
4 15 8.3 2.5746 -51 8.4479 2.35 -50.063 .75 2.35 -50.063 2.45 2.7184 -51.6
3 15 2.45 2.7184 -51.6 6.95 2.7184 -51.6 8.3 2.5746 -51
4 15 3.45 3.9888 -56.9 5.9 3.4615 -54.7 5.9 2.9461 -52.55 3.45 2.9461 -52.55
4 15 9.55 3.7611 -55.95 6.95 3.4615 -54.7 5.9 3.4615 -54.7 3.45 3.9888 -56.9
3 15 9.55 3.7611 -55.95 3.45 3.9888 -56.9 10.3 3.9888 -56.9
3 15 6.95 3.4615 -54.7 9.55 3.7611 -55.95 8.9 3.5334 -55
3 15 8.45 3.2937 -54 6.95 3.4615 -54.7 8.9 3.5334 -55
4 15 6.95 2.7184 -51.6 6.95 3.4615 -54.7 8.45 3.2937 -54 8.25 3.066 -53.05
3 15 8.3 2.5746 -51 6.95 2.7184 -51.6 8.2 2.8383 -52.1
3 15 6.95 2.7184 -51.6 8.25 3.066 -53.05 8.2 2.8383 -52.1
4 0 -.75 4.75 -60.0755 .75 4.75 -60.0755 .75 2.35 -50.063 -.75 2.35 -50.063
4 82 -7.15 3.4615 -54.7 -7.15 2.9461 -52.55 -8.2 2.7184 -51.6 -8.2 3.4615 -54.7
4 82 -7.15 2.9461 -52.55 -4.7 2.9461 -52.55 -3.7 2.7184 -51.6 -8.2 2.7184 -51.6
4 82 -3.7 4.2285 -57.9 -3.7 2.7184 -51.6 -4.7 2.9461 -52.55 -4.7 3.9888 -56.9
4 82 -14.25 4.2285 -57.9 -3.7 4.2285 -57.9 -4.7 3.9888 -56.9 -11.55 3.9888 -56.9
3 82 -11.55 3.9888 -56.9 -13.3 4.0488 -57.15 -14.25 4.2285 -57.9
3 82 -12.15 3.8091 -56.15 -13.3 4.0488 -57.15 -11.55 3.9888 -56.9
4 82 -11.35 3.5813 -55.2 -12.15 3.8091 -56.15 -11.55 3.9888 -56.9 -10.8 3.7611 -55.95
4 82 -10.8 3.7611 -55.95 -10.15 3.5334 -55 -10.8 3.3536 -54.25 -11.35 3.5813 -55.2
4 82 -10.5 3.1499 -53.4 -10.8 3.3536 -54.25 -10.15 3.5334 -55 -9.7 3.2937 -54
4 82 -9.7 3.2937 -54 -9.5 3.066 -53.05 -10.4 2.9461 -52.55 -10.5 3.1499 -53.4
4 82 -10.4 2.7664 -51.8 -10.4 2.9461 -52.55 -9.5 3.066 -53.05 -9.45 2.8383 -52.1
4 82 -9.45 2.8383 -52.1 -9.55 2.5746 -51 -10.55 2.5267 -50.8 -10.4 2.7664 -51.8
4 82 -10.7343 2.35 -50.063 -10.55 2.5267 -50.8 -9.55 2.5746 -51 -9.6979 2.35 -50.063
4 82 5.9 3.4615 -54.7 6.95 3.4615 -54.7 6.95 2.7184 -51.6 5.9 2.9461 -52.55
4 82 5.9 2.9461 -52.55 6.95 2.7184 -51.6 2.45 2.7184 -51.6 3.45 2.9461 -52.55
4 82 2.45 4.2285 -57.9 3.45 3.9888 -56.9 3.45 2.9461 -52.55 2.45 2.7184 -51.6
4 82 3.45 3.9888 -56.9 2.45 4.2285 -57.9 13 4.2285 -57.9 10.3 3.9888 -56.9
3 82 10.3 3.9888 -56.9 13 4.2285 -57.9 12.05 4.0488 -57.15
3 82 10.9 3.8091 -56.15 10.3 3.9888 -56.9 12.05 4.0488 -57.15
4 82 10.3 3.9888 -56.9 10.9 3.8091 -56.15 10.1 3.5813 -55.2 9.55 3.7611 -55.95
4 82 9.55 3.7611 -55.95 10.1 3.5813 -55.2 9.55 3.3536 -54.25 8.9 3.5334 -55
4 82 8.9 3.5334 -55 9.55 3.3536 -54.25 9.25 3.1499 -53.4 8.45 3.2937 -54
4 82 8.45 3.2937 -54 9.25 3.1499 -53.4 9.15 2.9461 -52.55 8.25 3.066 -53.05
4 82 8.25 3.066 -53.05 9.15 2.9461 -52.55 9.15 2.7664 -51.8 8.2 2.8383 -52.1
4 82 8.2 2.8383 -52.1 9.15 2.7664 -51.8 9.3 2.5267 -50.8 8.3 2.5746 -51
4 82 8.4479 2.35 -50.063 8.3 2.5746 -51 9.3 2.5267 -50.8 9.4843 2.35 -50.063
4 15 18.4071 6.9121 -67.2917 18.6239 6.8148 -66.9669 17.7 7 -67.585 18.0827 6.9772 -67.5088
4 15 -18.4071 6.9121 -67.2917 -18.0827 6.9772 -67.5088 -17.7 7 -67.585 -18.6239 6.8148 -66.9669
4 15 17.7 7 -67.585 18.6239 6.8148 -66.9669 -18.6239 6.8148 -66.9669 -17.7 7 -67.585
3 15 -21 4.75 -60.0755 -18.6239 6.8148 -66.9669 -.75 5.7761 -63.5
4 15 18.6239 6.8148 -66.9669 .75 5.7761 -63.5 -.75 5.7761 -63.5 -18.6239 6.8148 -66.9669
3 15 -.75 5.7761 -63.5 -.75 4.75 -60.0755 -21 4.75 -60.0755
3 15 .75 5.7761 -63.5 21 4.75 -60.0755 .75 4.75 -60.0755
3 15 .75 5.7761 -63.5 18.6239 6.8148 -66.9669 21 4.75 -60.0755
4 0 -.75 5.7761 -63.5 .75 5.7761 -63.5 .75 4.75 -60.0755 -.75 4.75 -60.0755
3 15 16.1103 -.25 -29.3907 15.0747 -.25 -30.0378 27.5 -.25 -30.0378
3 15 16.1103 -.25 -29.3907 27.5 -.25 -30.0378 27.5 -.25 -17.0214
3 15 -12.7266 .325 -35.7947 -15.0747 -.25 -30.0378 -18.0693 -.0085 -32.4562
3 15 -18.0693 -.0085 -32.4562 -15.0747 -.25 -30.0378 -27.5 -.25 -30.0378
3 82 21.063 .8298 -40.5495 22.8147 .75 -40.0504 19.8334 .8018 -40.3745
3 82 19.8334 .8018 -40.3745 22.8147 .75 -40.0504 16.8394 .75 -40.0504

5 24 -26.5 .75 -40.0504 26.5 .75 -40.0504 27.5 -.25 -30.0378 -30 2.35 -50.063
5 24 -27.5 -.25 -30.0378 27.5 -.25 -30.0378 30.1 -.25 -16.0201 -26.5 .75 -40.0504

4 16 27.4239 0 -16.6173 27.5 0 -17 26.5 0 -16 26.8827 0 -16.0761
3 16 27.2071 0 -16.2929 27.4239 0 -16.6173 26.8827 0 -16.0761
4 16 -26.8827 0 -16.0761 -26.5 0 -16 -27.5 0 -17 -27.4239 0 -16.6173
3 16 -27.2071 0 -16.2929 -26.8827 0 -16.0761 -27.4239 0 -16.6173
4 16 -26.5 0 -16 26.5 0 -16 27.5 0 -17 -27.5 0 -17
4 16 27.5 0 -17 27.5 0 -30 -27.5 0 -30 -27.5 0 -17
4 16 -27.5 0 -30 27.5 0 -30 26.5 1 -40 -26.5 1 -40
4 16 26.5 1 -40 24.5 2.6 -50 -24.5 2.6 -50 -26.5 1 -40
4 16 24.5 2.6 -50 21 5 -60 -21 5 -60 -24.5 2.6 -50
4 16 17.7 7.25 -67.5 18.6239 7.0648 -66.8827 18.4071 7.1621 -67.2071 18.0827 7.2272 -67.4239
4 16 -17.7 7.25 -67.5 -18.0827 7.2272 -67.4239 -18.4071 7.1621 -67.2071 -18.6239 7.0648 -66.8827
4 16 -21 5 -60 21 5 -60 18.6239 7.0648 -66.8827 -18.6239 7.0648 -66.8827
4 16 -17.7 7.25 -67.5 -18.6239 7.0648 -66.8827 18.6239 7.0648 -66.8827 17.7 7.25 -67.5

5 24 27.5 0 -30 -27.5 0 -30 -27.5 0 -17 26.5 1 -40
5 24 -26.5 1 -40 26.5 1 -40 24.5 2.6 -50 -27.5 0 -30
5 24 -24.5 2.6 -50 24.5 2.6 -50 -26.5 1 -40 21 5 -60
5 24 21 5 -60 -21 5 -60 -24.5 2.6 -50 18.6239 7.0648 -66.8827

4 16 18.0827 6.9772 -67.5088 17.7 7 -67.585 17.7 7.25 -67.5 18.0827 7.2272 -67.4239
4 16 18.4071 6.9121 -67.2917 18.0827 6.9772 -67.5088 18.0827 7.2272 -67.4239 18.4071 7.1621 -67.2071
4 16 18.6239 6.8148 -66.9669 18.4071 6.9121 -67.2917 18.4071 7.1621 -67.2071 18.6239 7.0648 -66.8827
4 16 21 4.75 -60.0755 18.6239 6.8148 -66.9669 18.6239 7.0648 -66.8827 21 5 -60
4 16 24.5 2.35 -50.063 21 4.75 -60.0755 21 5 -60 24.5 2.6 -50
4 16 26.5 .75 -40.0504 24.5 2.35 -50.063 24.5 2.6 -50 26.5 1 -40
4 16 27.5 -.25 -30.0378 26.5 .75 -40.0504 26.5 1 -40 27.5 0 -30
4 16 27.5 -.25 -17.0214 27.5 -.25 -30.0378 27.5 0 -30 27.5 0 -17
4 16 27.4239 0 -16.6173 27.4239 -.25 -16.6382 27.5 -.25 -17.0214 27.5 0 -17
4 16 27.2071 0 -16.2929 27.2071 -.25 -16.3134 27.4239 -.25 -16.6382 27.4239 0 -16.6173
4 16 26.8827 0 -16.0761 26.8827 -.25 -16.0963 27.2071 -.25 -16.3134 27.2071 0 -16.2929
4 16 26.5 0 -16 26.5 -.25 -16.0201 26.8827 -.25 -16.0963 26.8827 0 -16.0761
4 16 -26.5 -.25 -16.0201 26.5 -.25 -16.0201 26.5 0 -16 -26.5 0 -16
4 16 -26.8827 0 -16.0761 -26.8827 -.25 -16.0963 -26.5 -.25 -16.0201 -26.5 0 -16
4 16 -27.2071 0 -16.2929 -27.2071 -.25 -16.3134 -26.8827 -.25 -16.0963 -26.8827 0 -16.0761
4 16 -27.4239 0 -16.6173 -27.4239 -.25 -16.6382 -27.2071 -.25 -16.3134 -27.2071 0 -16.2929
4 16 -27.5 0 -17 -27.5 -.25 -17.0214 -27.4239 -.25 -16.6382 -27.4239 0 -16.6173
4 16 -27.4981 -.25 -30.0378 -27.5 -.25 -17.0214 -27.5 0 -17 -27.5 0 -30
4 16 -26.5 .75 -40.0504 -27.4981 -.25 -30.0378 -27.5 0 -30 -26.5 1 -40
4 16 -24.5 2.35 -50.063 -26.5 .75 -40.0504 -26.5 1 -40 -24.5 2.6 -50
4 16 -21 4.75 -60.0755 -24.5 2.35 -50.063 -24.5 2.6 -50 -21 5 -60
4 16 -18.6239 6.8148 -66.9669 -21 4.75 -60.0755 -21 5 -60 -18.6239 7.0648 -66.8827
4 16 -18.4071 6.9121 -67.2917 -18.6239 6.8148 -66.9669 -18.6239 7.0648 -66.8827 -18.4071 7.1621 -67.2071
4 16 -18.0827 6.9772 -67.5088 -18.4071 6.9121 -67.2917 -18.4071 7.1621 -67.2071 -18.0827 7.2272 -67.4239
4 16 -18.0827 7.2272 -67.4239 -18.0827 6.9772 -67.5088 -17.7 7 -67.585 -17.7 7.25 -67.5
4 16 17.7 7.25 -67.5 17.7 7 -67.585 -17.7 7 -67.585 -17.7 7.25 -67.5

5 24 24.5 2.35 -50.063 24.5 2.6 -50 21 4.75 -60.0755 26.5 1 -40
5 24 -24.5 2.35 -50.063 -24.5 2.6 -50 -26.5 .75 -40.0504 -21 5 -60
5 24 27.4239 -.25 -16.6382 27.4239 0 -16.6173 27.5 -.25 -17.0214 27.2071 0 -16.2929
5 24 -27.5 -.25 -17.0214 -27.5 0 -17 -27.5 0 -30 -27.4239 -.25 -16.6382
5 24 18.4071 7.1621 -67.2071 18.4071 6.9121 -67.2917 18.6239 7.0648 -66.8827 18.0827 6.9772 -67.5088
5 24 26.5 1 -40 26.5 .75 -40.0504 27.5 0 -30 24.5 2.35 -50.063
5 24 21 4.75 -60.0755 21 5 -60 18.6239 6.8148 -66.9669 24.5 2.6 -50
5 24 27.2071 0 -16.2929 27.2071 -.25 -16.3134 27.4239 -.25 -16.6382 26.8827 0 -16.0761
5 24 -27.4239 0 -16.6173 -27.4239 -.25 -16.6382 -27.5 0 -17 -27.2071 -.25 -16.3134
5 24 -27.5 0 -30 -27.4981 -.25 -30.0378 -26.5 1 -40 -27.5 -.25 -17.0214
5 24 -18.0827 7.2272 -67.4239 -18.0827 6.9772 -67.5088 -18.4071 6.9121 -67.2917 -17.7 7 -67.585
5 24 -21 4.75 -60.0755 -21 5 -60 -24.5 2.35 -50.063 -18.6239 7.0648 -66.8827
5 24 -26.5 .75 -40.0504 -26.5 1 -40 -27.4981 -.25 -30.0378 -24.5 2.6 -50
5 24 -18.6239 7.0648 -66.8827 -18.6239 6.8148 -66.9669 -18.4071 7.1621 -67.2071 -21 4.75 -60.0755
5 24 -27.2071 -.25 -16.3134 -27.2071 0 -16.2929 -26.8827 -.25 -16.0963 -27.4239 0 -16.6173
5 24 18.6239 6.8148 -66.9669 18.6239 7.0648 -66.8827 18.4071 6.9121 -67.2917 21 5 -60
5 24 27.5 -.25 -30.0378 27.5 0 -30 26.5 .75 -40.0504 27.5 0 -17
5 24 27.5 0 -17 27.5 -.25 -17.0214 27.5 -.25 -30.0378 27.4239 0 -16.6173
5 24 -26.8827 0 -16.0761 -26.8827 -.25 -16.0963 -26.5 -.25 -16.0201 -27.2071 0 -16.2929
5 24 26.5 -.25 -16.0201 26.5 0 -16 26.8827 -.25 -16.0963 -26.5 0 -16
5 24 18.0827 6.9772 -67.5088 18.0827 7.2272 -67.4239 17.7 7 -67.585 18.4071 7.1621 -67.2071
5 24 -26.5 -.25 -16.0201 -26.5 0 -16 26.5 -.25 -16.0201 -26.8827 0 -16.0761
5 24 26.8827 -.25 -16.0963 26.8827 0 -16.0761 27.2071 -.25 -16.3134 26.5 0 -16
5 24 -18.4071 6.9121 -67.2917 -18.4071 7.1621 -67.2071 -18.6239 6.8148 -66.9669 -18.0827 7.2272 -67.4239
5 24 17.7 7 -67.585 17.7 7.25 -67.5 -17.7 7 -67.585 18.0827 7.2272 -67.4239
5 24 -17.7 7 -67.585 -17.7 7.25 -67.5 17.7 7.25 -67.5 -18.0827 7.2272 -67.4239

5 24 -27.4981 -.25 -30.0378 27.5 -.25 -30.0378 27.5 -.25 -17.0214 -26.5 .75 -40.0504
5 24 -21 4.75 -60.0755 21 4.75 -60.0755 24.5 2.35 -50.063 -18.6239 6.8148 -66.9669
5 24 -24.5 2.35 -50.063 24.5 2.35 -50.063 26.5 .75 -40.0504 -21 4.75 -60.0755
