0 Sticker  0.7 x  1.7 with Bolted Panel and Keyhole
0 Name: 4614385k.dat
0 Author: Evert-Jan Boer [ejboer]
0 !LDRAW_ORG Unofficial_Part
0 !LICENSE Licensed under CC BY 4.0 : see CAreadme.txt

0 BFC CERTIFY CCW

0 !KEYWORDS City of Atlantis, Set 7985

1 71 16.5 -.25 6.5 1 0 0 0 1 0 0 0 1 1-4chrd.dat
1 71 16.5 -.25 -6.5 0 0 1 0 1 0 -1 0 0 1-4chrd.dat
1 71 -16.5 -.25 -6.5 -1 0 0 0 1 0 0 0 -1 1-4chrd.dat
1 71 -16.5 -.25 6.5 0 0 -1 0 1 0 1 0 0 1-4chrd.dat
3 71 0 -.25 7.5 -7.8 -.25 5.1 -5.5 -.25 5.1
3 71 0 -.25 7.5 -5.5 -.25 5.1 -2.2 -.25 5
3 71 0 -.25 7.5 -2.2 -.25 5 .1 -.25 4.9
4 71 5.7 -.25 4.7 0 -.25 7.5 .1 -.25 4.9 2.8 -.25 4.8
4 71 -17.5 -.25 6.5 -17.5 -.25 0 -15.4 -.25 2.8 -15.6 -.25 3.5
4 71 -15.3 -.25 0 -15.3 -.25 1.6 -15.4 -.25 2.8 -17.5 -.25 0
4 71 -15.4 -.25 -3.1 -15.3 -.25 -1.4 -15.3 -.25 0 -17.5 -.25 0
4 71 -17.5 -.25 -6.5 -15.6 -.25 -4.1 -15.4 -.25 -3.1 -17.5 -.25 0
4 71 -2.6 -.25 -6 -6.1 -.25 -5.8 -7.9 -.25 -6 0 -.25 -7.5
3 71 -2.6 -.25 -6 0 -.25 -7.5 -1.7 -.25 -6.1
3 71 0 -.25 -6.1 -1.7 -.25 -6.1 0 -.25 -7.5
3 71 -3.7 -.25 -5.7 -6.1 -.25 -5.8 -2.6 -.25 -6
4 71 17.5 -.25 6.5 15 -.25 3.4 14.9 -.25 2.4 17.5 -.25 0
4 71 14.6 -.25 -.5 17.5 -.25 0 14.9 -.25 2.4 14.6 -.25 .6
3 71 17.5 -.25 0 14.6 -.25 -.5 14.8 -.25 -2.5
4 71 17.5 -.25 -6.5 17.5 -.25 0 14.8 -.25 -2.5 14.9 -.25 -3.9
3 71 6.7 -.25 -6.1 4.3 -.25 -6.1 0 -.25 -7.5
4 71 4.3 -.25 -6.1 2.3 -.25 -6 0 -.25 -6.1 0 -.25 -7.5
4 71 -10.91 -.25 3.19 -11.23 -.25 3.4 -11.6 -.25 3.48 -11.6 -.25 2.5
4 71 -10.62 -.25 2.5 -10.7 -.25 2.87 -10.91 -.25 3.19 -11.6 -.25 2.5
4 71 -10.91 -.25 1.81 -10.7 -.25 2.13 -10.62 -.25 2.5 -11.6 -.25 2.5
4 71 -10.91 -.25 1.81 -11.6 -.25 2.5 -11.6 -.25 1.52 -11.23 -.25 1.6
4 71 -11.6 -.25 1.52 -11.6 -.25 2.5 -12.29 -.25 1.81 -11.97 -.25 1.6
4 71 -12.29 -.25 1.81 -11.6 -.25 2.5 -12.58 -.25 2.5 -12.5 -.25 2.13
4 71 -12.58 -.25 2.5 -11.6 -.25 2.5 -12.29 -.25 3.19 -12.5 -.25 2.87
4 71 -12.29 -.25 3.19 -11.6 -.25 2.5 -11.6 -.25 3.48 -11.97 -.25 3.4
4 71 -10.91 -.25 -1.91 -11.23 -.25 -1.7 -11.6 -.25 -1.62 -11.6 -.25 -2.6
4 71 -10.62 -.25 -2.6 -10.7 -.25 -2.23 -10.91 -.25 -1.91 -11.6 -.25 -2.6
4 71 -10.91 -.25 -3.29 -10.7 -.25 -2.97 -10.62 -.25 -2.6 -11.6 -.25 -2.6
4 71 -10.91 -.25 -3.29 -11.6 -.25 -2.6 -11.6 -.25 -3.58 -11.23 -.25 -3.5
4 71 -11.6 -.25 -3.58 -11.6 -.25 -2.6 -12.29 -.25 -3.29 -11.97 -.25 -3.5
4 71 -12.29 -.25 -3.29 -11.6 -.25 -2.6 -12.58 -.25 -2.6 -12.5 -.25 -2.97
4 71 -12.58 -.25 -2.6 -11.6 -.25 -2.6 -12.29 -.25 -1.91 -12.5 -.25 -2.23
4 71 -12.29 -.25 -1.91 -11.6 -.25 -2.6 -11.6 -.25 -1.62 -11.97 -.25 -1.7
4 71 12.79 -.25 -2.21 12.47 -.25 -2 12.1 -.25 -1.92 12.1 -.25 -2.9
4 71 13.08 -.25 -2.9 13 -.25 -2.53 12.79 -.25 -2.21 12.1 -.25 -2.9
4 71 12.79 -.25 -3.59 13 -.25 -3.27 13.08 -.25 -2.9 12.1 -.25 -2.9
4 71 12.79 -.25 -3.59 12.1 -.25 -2.9 12.1 -.25 -3.88 12.47 -.25 -3.8
4 71 12.1 -.25 -3.88 12.1 -.25 -2.9 11.41 -.25 -3.59 11.73 -.25 -3.8
4 71 11.41 -.25 -3.59 12.1 -.25 -2.9 11.12 -.25 -2.9 11.2 -.25 -3.27
4 71 11.12 -.25 -2.9 12.1 -.25 -2.9 11.41 -.25 -2.21 11.2 -.25 -2.53
4 71 11.41 -.25 -2.21 12.1 -.25 -2.9 12.1 -.25 -1.92 11.73 -.25 -2
4 71 12.89 -.25 2.69 12.57 -.25 2.9 12.2 -.25 2.98 12.2 -.25 2
4 71 13.18 -.25 2 13.1 -.25 2.37 12.89 -.25 2.69 12.2 -.25 2
4 71 12.89 -.25 1.31 13.1 -.25 1.63 13.18 -.25 2 12.2 -.25 2
4 71 12.89 -.25 1.31 12.2 -.25 2 12.2 -.25 1.02 12.57 -.25 1.1
4 71 12.2 -.25 1.02 12.2 -.25 2 11.51 -.25 1.31 11.83 -.25 1.1
4 71 11.51 -.25 1.31 12.2 -.25 2 11.22 -.25 2 11.3 -.25 1.63
4 71 11.22 -.25 2 12.2 -.25 2 11.51 -.25 2.69 11.3 -.25 2.37
4 71 11.51 -.25 2.69 12.2 -.25 2 12.2 -.25 2.98 11.83 -.25 2.9
3 71 -17.5 -.25 6.5 -15.6 -.25 3.5 -15.5 -.25 4
4 71 -15.2 -.25 4.6 -16.5 -.25 7.5 -17.5 -.25 6.5 -15.5 -.25 4
3 71 -16.5 -.25 7.5 -15.2 -.25 4.6 -14.5 -.25 4.9
3 71 -16.5 -.25 7.5 -14.5 -.25 4.9 -13.5 -.25 5
3 71 -16.5 -.25 7.5 -13.5 -.25 5 -11.8 -.25 5.1
3 71 -16.5 -.25 7.5 -11.8 -.25 5.1 -9.7 -.25 5.1
4 71 -7.8 -.25 5.1 0 -.25 7.5 -16.5 -.25 7.5 -9.7 -.25 5.1
4 71 5.7 -.25 4.7 10.2 -.25 4.7 16.5 -.25 7.5 0 -.25 7.5
3 71 16.5 -.25 7.5 10.2 -.25 4.7 12.6 -.25 4.8
4 71 17.5 -.25 6.5 16.5 -.25 7.5 12.6 -.25 4.8 13.9 -.25 4.7
3 71 17.5 -.25 6.5 13.9 -.25 4.7 14.7 -.25 4.2
3 71 17.5 -.25 6.5 14.7 -.25 4.2 15 -.25 3.4
3 71 -15.6 -.25 -4.1 -17.5 -.25 -6.5 -15.5 -.25 -5.1
4 71 -17.5 -.25 -6.5 -16.5 -.25 -7.5 -15.1 -.25 -5.7 -15.5 -.25 -5.1
3 71 -15.1 -.25 -5.7 -16.5 -.25 -7.5 -14.3 -.25 -6
3 71 -10.1 -.25 -6 -14.3 -.25 -6 -16.5 -.25 -7.5
4 71 -7.9 -.25 -6 -10.1 -.25 -6 -16.5 -.25 -7.5 0 -.25 -7.5
3 71 8.4 -.25 -6 6.7 -.25 -6.1 0 -.25 -7.5
4 71 16.5 -.25 -7.5 11.7 -.25 -6 8.4 -.25 -6 0 -.25 -7.5
3 71 14 -.25 -5.9 11.7 -.25 -6 16.5 -.25 -7.5
3 71 14.6 -.25 -5.7 14 -.25 -5.9 16.5 -.25 -7.5
4 71 16.5 -.25 -7.5 17.5 -.25 -6.5 14.9 -.25 -5.1 14.6 -.25 -5.7
3 71 14.9 -.25 -3.9 14.9 -.25 -5.1 17.5 -.25 -6.5
4 0 -13.39 -.25 2.5 -12.58 -.25 2.5 -12.5 -.25 2.87 -13.25 -.25 3.19
4 0 -13.25 -.25 1.81 -12.5 -.25 2.13 -12.58 -.25 2.5 -13.39 -.25 2.5
4 0 -12.87 -.25 1.23 -12.29 -.25 1.81 -12.5 -.25 2.13 -13.25 -.25 1.81
4 0 -12.29 -.25 .85 -11.97 -.25 1.6 -12.29 -.25 1.81 -12.87 -.25 1.23
4 0 -11.6 -.25 .71 -11.6 -.25 1.52 -11.97 -.25 1.6 -12.29 -.25 .85
4 0 -10.91 -.25 .85 -11.23 -.25 1.6 -11.6 -.25 1.52 -11.6 -.25 .71
4 0 -10.33 -.25 1.23 -10.91 -.25 1.81 -11.23 -.25 1.6 -10.91 -.25 .85
4 0 -10.91 -.25 1.81 -10.33 -.25 1.23 -9.95 -.25 1.81 -10.7 -.25 2.13
4 0 -10.7 -.25 2.13 -9.95 -.25 1.81 -9.81 -.25 2.5 -10.62 -.25 2.5
4 0 -10.62 -.25 2.5 -9.81 -.25 2.5 -9.95 -.25 3.19 -10.7 -.25 2.87
4 0 -10.7 -.25 2.87 -9.95 -.25 3.19 -10.33 -.25 3.77 -10.91 -.25 3.19
4 0 -10.91 -.25 4.15 -11.23 -.25 3.4 -10.91 -.25 3.19 -10.33 -.25 3.77
4 0 -11.23 -.25 3.4 -10.91 -.25 4.15 -11.6 -.25 4.29 -11.6 -.25 3.48
4 0 -12.29 -.25 4.15 -11.97 -.25 3.4 -11.6 -.25 3.48 -11.6 -.25 4.29
4 0 -12.87 -.25 3.77 -12.29 -.25 3.19 -11.97 -.25 3.4 -12.29 -.25 4.15
4 0 -12.29 -.25 3.19 -12.87 -.25 3.77 -13.25 -.25 3.19 -12.5 -.25 2.87
4 0 -13.39 -.25 -2.6 -12.58 -.25 -2.6 -12.5 -.25 -2.23 -13.25 -.25 -1.91
4 0 -13.25 -.25 -3.29 -12.5 -.25 -2.97 -12.58 -.25 -2.6 -13.39 -.25 -2.6
4 0 -12.87 -.25 -3.87 -12.29 -.25 -3.29 -12.5 -.25 -2.97 -13.25 -.25 -3.29
4 0 -12.29 -.25 -4.25 -11.97 -.25 -3.5 -12.29 -.25 -3.29 -12.87 -.25 -3.87
4 0 -11.6 -.25 -4.39 -11.6 -.25 -3.58 -11.97 -.25 -3.5 -12.29 -.25 -4.25
4 0 -10.91 -.25 -4.25 -11.23 -.25 -3.5 -11.6 -.25 -3.58 -11.6 -.25 -4.39
4 0 -10.33 -.25 -3.87 -10.91 -.25 -3.29 -11.23 -.25 -3.5 -10.91 -.25 -4.25
4 0 -10.91 -.25 -3.29 -10.33 -.25 -3.87 -9.95 -.25 -3.29 -10.7 -.25 -2.97
4 0 -10.7 -.25 -2.97 -9.95 -.25 -3.29 -9.81 -.25 -2.6 -10.62 -.25 -2.6
4 0 -10.62 -.25 -2.6 -9.81 -.25 -2.6 -9.95 -.25 -1.91 -10.7 -.25 -2.23
4 0 -10.7 -.25 -2.23 -9.95 -.25 -1.91 -10.33 -.25 -1.33 -10.91 -.25 -1.91
4 0 -10.91 -.25 -.95 -11.23 -.25 -1.7 -10.91 -.25 -1.91 -10.33 -.25 -1.33
4 0 -11.23 -.25 -1.7 -10.91 -.25 -.95 -11.6 -.25 -.81 -11.6 -.25 -1.62
4 0 -12.29 -.25 -.95 -11.97 -.25 -1.7 -11.6 -.25 -1.62 -11.6 -.25 -.81
4 0 -12.87 -.25 -1.33 -12.29 -.25 -1.91 -11.97 -.25 -1.7 -12.29 -.25 -.95
4 0 -12.29 -.25 -1.91 -12.87 -.25 -1.33 -13.25 -.25 -1.91 -12.5 -.25 -2.23
4 0 10.31 -.25 -2.9 11.12 -.25 -2.9 11.2 -.25 -2.53 10.45 -.25 -2.21
4 0 10.45 -.25 -3.59 11.2 -.25 -3.27 11.12 -.25 -2.9 10.31 -.25 -2.9
4 0 10.83 -.25 -4.17 11.41 -.25 -3.59 11.2 -.25 -3.27 10.45 -.25 -3.59
4 0 11.41 -.25 -4.55 11.73 -.25 -3.8 11.41 -.25 -3.59 10.83 -.25 -4.17
4 0 12.1 -.25 -4.69 12.1 -.25 -3.88 11.73 -.25 -3.8 11.41 -.25 -4.55
4 0 12.79 -.25 -4.55 12.47 -.25 -3.8 12.1 -.25 -3.88 12.1 -.25 -4.69
4 0 13.37 -.25 -4.17 12.79 -.25 -3.59 12.47 -.25 -3.8 12.79 -.25 -4.55
4 0 12.79 -.25 -3.59 13.37 -.25 -4.17 13.75 -.25 -3.59 13 -.25 -3.27
4 0 13 -.25 -3.27 13.75 -.25 -3.59 13.89 -.25 -2.9 13.08 -.25 -2.9
4 0 13.08 -.25 -2.9 13.89 -.25 -2.9 13.75 -.25 -2.21 13 -.25 -2.53
4 0 13 -.25 -2.53 13.75 -.25 -2.21 13.37 -.25 -1.63 12.79 -.25 -2.21
4 0 12.79 -.25 -1.25 12.47 -.25 -2 12.79 -.25 -2.21 13.37 -.25 -1.63
4 0 12.47 -.25 -2 12.79 -.25 -1.25 12.1 -.25 -1.11 12.1 -.25 -1.92
4 0 11.41 -.25 -1.25 11.73 -.25 -2 12.1 -.25 -1.92 12.1 -.25 -1.11
4 0 10.83 -.25 -1.63 11.41 -.25 -2.21 11.73 -.25 -2 11.41 -.25 -1.25
4 0 11.41 -.25 -2.21 10.83 -.25 -1.63 10.45 -.25 -2.21 11.2 -.25 -2.53
4 0 10.41 -.25 2 11.22 -.25 2 11.3 -.25 2.37 10.55 -.25 2.69
4 0 10.55 -.25 1.31 11.3 -.25 1.63 11.22 -.25 2 10.41 -.25 2
4 0 10.93 -.25 .73 11.51 -.25 1.31 11.3 -.25 1.63 10.55 -.25 1.31
4 0 11.51 -.25 .35 11.83 -.25 1.1 11.51 -.25 1.31 10.93 -.25 .73
4 0 12.2 -.25 .21 12.2 -.25 1.02 11.83 -.25 1.1 11.51 -.25 .35
4 0 12.89 -.25 .35 12.57 -.25 1.1 12.2 -.25 1.02 12.2 -.25 .21
4 0 13.47 -.25 .73 12.89 -.25 1.31 12.57 -.25 1.1 12.89 -.25 .35
4 0 12.89 -.25 1.31 13.47 -.25 .73 13.85 -.25 1.31 13.1 -.25 1.63
4 0 13.1 -.25 1.63 13.85 -.25 1.31 13.99 -.25 2 13.18 -.25 2
4 0 13.18 -.25 2 13.99 -.25 2 13.85 -.25 2.69 13.1 -.25 2.37
4 0 13.1 -.25 2.37 13.85 -.25 2.69 13.47 -.25 3.27 12.89 -.25 2.69
4 0 12.89 -.25 3.65 12.57 -.25 2.9 12.89 -.25 2.69 13.47 -.25 3.27
4 0 12.57 -.25 2.9 12.89 -.25 3.65 12.2 -.25 3.79 12.2 -.25 2.98
4 0 11.51 -.25 3.65 11.83 -.25 2.9 12.2 -.25 2.98 12.2 -.25 3.79
4 0 10.93 -.25 3.27 11.51 -.25 2.69 11.83 -.25 2.9 11.51 -.25 3.65
4 0 11.51 -.25 2.69 10.93 -.25 3.27 10.55 -.25 2.69 11.3 -.25 2.37
4 0 -8.9 -.25 2.6 -7.9 -.25 3.3 -8.4 -.25 3.8 -9.3 -.25 3.2
4 0 -7.2 -.25 1.5 -8 -.25 2.3 -8.6 -.25 2 -7.8 -.25 1.1
4 0 -6.7 -.25 2.2 -6.3 -.25 2.5 -7.2 -.25 3.4 -7.5 -.25 2.8
4 0 -5.8 -.25 4.1 -6.1 -.25 3.6 -4.7 -.25 3.2 -5.3 -.25 4.1
4 0 -4.1 -.25 3.1 -3.4 -.25 3.8 -3.8 -.25 4.1 -4.5 -.25 3.9
4 0 -6.5 -.25 1.6 -6.9 -.25 1.2 -6.5 -.25 .7 -6 -.25 1.3
3 0 -5.5 -.25 2.6 -6 -.25 2.2 -5.1 -.25 1.9
4 0 -4.4 -.25 1.1 -3.8 -.25 1.5 -4.3 -.25 2 -4.8 -.25 1.4
4 0 -2.9 -.25 3.1 -3.7 -.25 2.7 -3.4 -.25 2 -2.7 -.25 2.3
4 0 -3.8 -.25 .2 -3.1 -.25 .7 -3.5 -.25 1.1 -4.4 -.25 .4
4 0 -6.3 -.25 -.8 -5.7 -.25 -.9 -5.9 -.25 .2 -6.6 -.25 -.1
4 0 -7.2 -.25 -1.9 -6.7 -.25 -1.3 -7.1 -.25 -.8 -7.9 -.25 -1.4
4 0 -7.8 -.25 -.6 -7.2 -.25 -.1 -7.8 -.25 .5 -8.4 -.25 -.1
4 0 -10 -.25 -.1 -9.3 -.25 .3 -10.1 -.25 1 -10.5 -.25 .6
4 0 -10.1 -.25 -1.1 -9.4 -.25 -.9 -9.6 -.25 -.4 -10.4 -.25 -.7
4 0 -9.1 -.25 -1.8 -8.2 -.25 -1.9 -8.3 -.25 -.9 -8.9 -.25 -1
4 0 -7.6 -.25 -2.2 -8.4 -.25 -2.5 -7.8 -.25 -3.2 -7.2 -.25 -2.6
4 0 -6.1 -.25 -3 -5.7 -.25 -2.6 -6 -.25 -2 -6.8 -.25 -2.3
4 0 -4.7 -.25 -1.7 -5.2 -.25 -1.2 -5.7 -.25 -1.7 -5.3 -.25 -2.3
3 0 -3.9 -.25 -.2 -4.9 -.25 -.2 -4.1 -.25 -1
4 0 -2.8 -.25 -1 -2.4 -.25 -.7 -3.1 -.25 -.2 -3.5 -.25 -.7
4 0 -2 -.25 -.1 -1.5 -.25 .2 -2.3 -.25 .9 -2.6 -.25 .4
4 0 -2.5 -.25 -2.7 -2.4 -.25 -1.6 -3.1 -.25 -1.8 -2.9 -.25 -2.8
4 0 -4 -.25 -3.2 -3.5 -.25 -2.9 -4 -.25 -1.8 -4.4 -.25 -2.2
4 0 -3.1 -.25 -3.5 -3.9 -.25 -3.7 -3.8 -.25 -4.3 -3.2 -.25 -4.3
4 0 -5.3 -.25 -4 -4.8 -.25 -3.4 -5.1 -.25 -2.8 -5.8 -.25 -3.6
4 0 -6.7 -.25 -4.2 -6.4 -.25 -3.5 -7 -.25 -3.1 -7.6 -.25 -3.6
3 0 -9.6 -.25 -3.6 -10 -.25 -4.2 -9.1 -.25 -4.3
3 0 -9.2 -.25 -2.3 -9.4 -.25 -3 -8.7 -.25 -2.9
4 0 -11.1 -.25 -.4 -11.1 -.25 .2 -12 -.25 .3 -12.1 -.25 -.3
4 0 -13.3 -.25 -.9 -12.7 -.25 -.3 -13.2 -.25 .1 -13.9 -.25 -.5
4 0 -13.8 -.25 -2.1 -13.3 -.25 -1.4 -13.9 -.25 -1.1 -14.3 -.25 -1.7
4 0 -13.8 -.25 -3.9 -13.3 -.25 -3.6 -13.8 -.25 -2.9 -14.3 -.25 -3.3
4 0 -13.9 -.25 1.5 -13.4 -.25 .6 -13.2 -.25 1 -13.4 -.25 1.5
4 0 -13.6 -.25 3.2 -13.3 -.25 3.8 -13.8 -.25 3.9 -14.2 -.25 3.4
3 0 -1.8 -.25 4 -2.8 -.25 3.9 -2.2 -.25 3.3
4 0 -14.5 -.25 -1.7 -14.4 -.25 0 -15.3 -.25 0 -15.3 -.25 -1.4
4 0 -14.6 -.25 -3.1 -14.5 -.25 -1.7 -15.3 -.25 -1.4 -15.4 -.25 -3.1
4 0 -14.7 -.25 -4.3 -14.6 -.25 -3.1 -15.4 -.25 -3.1 -15.6 -.25 -4.1
4 0 -14.5 -.25 -4.7 -14.7 -.25 -4.3 -15.6 -.25 -4.1 -15.5 -.25 -5.1
4 0 -14.2 -.25 -5 -14.5 -.25 -4.7 -15.5 -.25 -5.1 -15.1 -.25 -5.7
3 0 -11.4 -.25 -5.2 -10.1 -.25 -6 -9.4 -.25 -5.3
4 0 -10.1 -.25 -6 -7.9 -.25 -6 -7.3 -.25 -5.2 -9.4 -.25 -5.3
4 0 -7.9 -.25 -6 -6.1 -.25 -5.8 -5.2 -.25 -5 -7.3 -.25 -5.2
4 0 -3.1 -.25 -5.1 -5.2 -.25 -5 -6.1 -.25 -5.8 -3.7 -.25 -5.7
3 0 -3.1 -.25 -5.1 -3.7 -.25 -5.7 -2 -.25 -5.3
4 0 -1.7 -.25 -6.1 -2 -.25 -5.3 -3.7 -.25 -5.7 -2.6 -.25 -6
4 0 0 -.25 -6.1 0 -.25 -5.4 -2 -.25 -5.3 -1.7 -.25 -6.1
4 0 -15.3 -.25 0 -14.4 -.25 0 -14.5 -.25 2.2 -15.3 -.25 1.6
4 0 -15.3 -.25 1.6 -14.5 -.25 2.2 -14.6 -.25 3.4 -15.4 -.25 2.8
3 0 -15.6 -.25 3.5 -15.4 -.25 2.8 -14.6 -.25 3.4
4 0 -15.6 -.25 3.5 -14.6 -.25 3.4 -15.2 -.25 4.6 -15.5 -.25 4
4 0 -14.6 -.25 3.4 -14.4 -.25 3.9 -14.5 -.25 4.9 -15.2 -.25 4.6
4 0 -14.4 -.25 3.9 -14 -.25 4.2 -13.5 -.25 5 -14.5 -.25 4.9
3 0 -13.5 -.25 5 -14 -.25 4.2 -12.7 -.25 4.2
4 0 -11.6 -.25 4.29 -11.8 -.25 5.1 -13.5 -.25 5 -12.7 -.25 4.2
4 0 -10 -.25 4.4 -9.7 -.25 5.1 -11.8 -.25 5.1 -11.6 -.25 4.29
3 0 -9.7 -.25 5.1 -10 -.25 4.4 -9.4 -.25 3.8
4 0 -9.4 -.25 3.8 -8.9 -.25 4.1 -7.8 -.25 5.1 -9.7 -.25 5.1
3 0 -7.8 -.25 5.1 -8.9 -.25 4.1 -7.5 -.25 4.3
4 0 -7.8 -.25 5.1 -7.5 -.25 4.3 -5.3 -.25 4.4 -5.5 -.25 5.1
4 0 -2.2 -.25 5 -5.5 -.25 5.1 -5.3 -.25 4.4 -3.8 -.25 4.4
3 0 -2.2 -.25 5 -3.8 -.25 4.4 -2 -.25 4.4
4 0 -.6 -.25 4.3 .1 -.25 4.9 -2.2 -.25 5 -2 -.25 4.4
3 0 .1 -.25 4.9 -.6 -.25 4.3 -.3 -.25 3.8
4 0 2.2 -.25 2.8 2.1 -.25 4 .1 -.25 4.9 -.3 -.25 3.8
4 0 3 -.25 4 2.8 -.25 4.8 .1 -.25 4.9 2.1 -.25 4
4 0 -.8 -.25 3.5 2.1 -.25 1.5 2.2 -.25 2.8 -.3 -.25 3.8
4 0 -1.1 -.25 1.1 2.1 -.25 1.5 -.8 -.25 3.5 -1.4 -.25 1.8
4 0 -1.1 -.25 1.1 -.5 -.25 .5 1.6 -.25 .9 2.1 -.25 1.5
4 0 1.9 -.25 .1 1.6 -.25 .9 -.5 -.25 .5 -.5 -.25 -.4
4 0 2.3 -.25 .2 3.3 -.25 .3 2.1 -.25 1.5 1.6 -.25 .9
4 0 -1.4 -.25 1.8 -.8 -.25 3.5 -1 -.25 3.9 -1.8 -.25 2.9
4 0 2.2 -.25 -.5 1.9 -.25 .1 -.5 -.25 -.4 -.8 -.25 -1.1
4 0 2.8 -.25 -.6 2.2 -.25 -.5 -.8 -.25 -1.1 -1.1 -.25 -2.1
4 0 2.1 -.25 -1.8 2.7 -.25 -1.2 2.8 -.25 -.6 -1.1 -.25 -2.1
4 0 2.1 -.25 -2.8 2.1 -.25 -1.8 -1.1 -.25 -2.1 -.9 -.25 -2.5
4 0 -.9 -.25 -2.5 -1.3 -.25 -3.4 2 -.25 -3.9 2.1 -.25 -2.8
4 0 .1 -.25 -4.5 1.5 -.25 -4.3 2 -.25 -3.9 -1.3 -.25 -3.4
4 0 -1.8 -.25 -3.6 -1.9 -.25 -4.4 .1 -.25 -4.5 -1.3 -.25 -3.4
3 0 -1.2 -.25 -.5 -1.8 -.25 -1 -1.4 -.25 -1.6
4 0 5.8 -.25 4 5.7 -.25 4.7 2.8 -.25 4.8 3 -.25 4
4 0 5.7 -.25 4.7 5.8 -.25 4 10.5 -.25 4 10.2 -.25 4.7
4 0 10.2 -.25 4.7 10.5 -.25 4 12.7 -.25 4.1 12.6 -.25 4.8
4 0 13.7 -.25 3.8 13.9 -.25 4.7 12.6 -.25 4.8 12.7 -.25 4.1
3 0 13.9 -.25 4.7 13.7 -.25 3.8 14.7 -.25 4.2
4 0 13.7 -.25 3.8 14.3 -.25 3.3 15 -.25 3.4 14.7 -.25 4.2
4 0 14.9 -.25 2.4 15 -.25 3.4 14.3 -.25 3.3 14.3 -.25 2.8
3 0 14.3 -.25 2.8 13.99 -.25 2 14.9 -.25 2.4
4 0 14 -.25 .5 14.6 -.25 .6 14.9 -.25 2.4 13.99 -.25 2
4 0 14 -.25 -.5 14.6 -.25 -.5 14.6 -.25 .6 14 -.25 .5
4 0 14 -.25 -.5 14.1 -.25 -2.4 14.8 -.25 -2.5 14.6 -.25 -.5
4 0 14.9 -.25 -3.9 14.8 -.25 -2.5 14.1 -.25 -2.4 14.1 -.25 -3.7
4 0 14.9 -.25 -5.1 14.9 -.25 -3.9 14.1 -.25 -3.7 14.2 -.25 -4.5
4 0 14.9 -.25 -5.1 14.2 -.25 -4.5 14 -.25 -5 14.6 -.25 -5.7
4 0 14.6 -.25 -5.7 14 -.25 -5 13.3 -.25 -5.2 14 -.25 -5.9
4 0 14 -.25 -5.9 13.3 -.25 -5.2 10.7 -.25 -5.2 11.7 -.25 -6
4 0 11.7 -.25 -6 10.7 -.25 -5.2 8.1 -.25 -5.3 8.4 -.25 -6
4 0 8.4 -.25 -6 8.1 -.25 -5.3 5.5 -.25 -5.4 6.7 -.25 -6.1
4 0 4.2 -.25 -5.2 4.3 -.25 -6.1 6.7 -.25 -6.1 5.5 -.25 -5.4
4 0 4.3 -.25 -6.1 4.2 -.25 -5.2 1.5 -.25 -5.3 2.3 -.25 -6
4 0 2.3 -.25 -6 1.5 -.25 -5.3 0 -.25 -5.4 0 -.25 -6.1
4 0 3.7 -.25 -3.8 2.9 -.25 -3.1 2.6 -.25 -3.6 3.2 -.25 -4.3
4 0 4.7 -.25 -4.2 4.8 -.25 -3.2 4.1 -.25 -3.4 4.2 -.25 -4.2
4 0 6.1 -.25 -3.5 5.5 -.25 -4 5.9 -.25 -4.6 6.5 -.25 -4.1
4 0 7.5 -.25 -4.4 7.9 -.25 -3.8 7.5 -.25 -3.3 6.9 -.25 -3.7
4 0 9.4 -.25 -4.6 9.8 -.25 -3.8 9.2 -.25 -3.3 8.7 -.25 -3.6
4 0 8.9 -.25 -2 8.2 -.25 -2.4 8.8 -.25 -3 9.2 -.25 -2.3
3 0 10.2 -.25 -1.7 9.5 -.25 -2.2 10 -.25 -2.9
4 0 8.9 -.25 -.7 9.4 -.25 -1.3 10.3 -.25 -.9 9.6 -.25 -.1
4 0 10.6 -.25 -.4 11.2 -.25 -.2 10.3 -.25 .6 10 -.25 .2
3 0 14 -.25 .5 12.7 -.25 -.4 14 -.25 -.5
3 0 14.1 -.25 -3.7 13.7 -.25 -4.5 14.2 -.25 -4.5
4 0 9.8 -.25 3.6 10.2 -.25 3.1 10.9 -.25 3.6 10.5 -.25 4
4 0 4.7 -.25 2.4 3.9 -.25 1.9 4.9 -.25 1.2 5.4 -.25 1.5
4 0 6.2 -.25 1.4 6.8 -.25 1.9 6.2 -.25 2.5 5.7 -.25 1.9
4 0 7.9 -.25 1.4 8.4 -.25 1.8 7.5 -.25 2.7 7.3 -.25 1.9
4 0 9.3 -.25 .5 9.6 -.25 .7 8.9 -.25 1.6 8.6 -.25 1.3
4 0 7 -.25 .5 7.5 -.25 0 8.4 -.25 .2 7.9 -.25 1
4 0 8.1 -.25 -1.6 8.7 -.25 -1.4 8 -.25 -.3 7.5 -.25 -.6
4 0 7.4 -.25 -2.4 7.8 -.25 -2 7.4 -.25 -1.5 6.8 -.25 -1.8
4 0 6.2 -.25 -2.9 7 -.25 -2.7 6.1 -.25 -1.9 5.7 -.25 -2.4
4 0 5.4 -.25 -2.1 6.4 -.25 -1.1 5.8 -.25 -.8 4.8 -.25 -1.5
4 0 6.9 -.25 -1.2 7.1 -.25 -.2 6.7 -.25 .1 6.1 -.25 -.3
4 0 5 -.25 -.4 5.8 -.25 .2 5.6 -.25 .5 4.5 -.25 .1
3 0 4 -.25 .2 3.3 -.25 -.5 3.9 -.25 -.8
3 0 4.5 -.25 -1 3.8 -.25 -1.4 4.3 -.25 -2.1
4 0 3.5 -.25 -2.9 4 -.25 -2.4 3.2 -.25 -1.5 2.7 -.25 -2
3 0 3.1 -.25 2.5 2.7 -.25 2.3 3.3 -.25 1.6
3 0 4.7 -.25 3.3 3.6 -.25 3.2 4 -.25 2.7
4 0 5.9 -.25 2.8 6.5 -.25 3.1 6 -.25 3.6 5.3 -.25 3.3
3 0 7.4 -.25 3.7 7 -.25 3.3 8.2 -.25 3.2
3 0 9.3 -.25 3.7 8.5 -.25 3.5 8.7 -.25 2.8
4 0 9.6 -.25 3.1 9.2 -.25 2.7 9.8 -.25 1.9 10.2 -.25 2.7
3 0 12 -.25 -.2 11.5 -.25 -.7 12.2 -.25 -.8
4 0 -15.1 -.25 -5.7 -14.3 -.25 -6 -13.1 -.25 -5.2 -14.2 -.25 -5
4 0 -13.1 -.25 -5.2 -14.3 -.25 -6 -10.1 -.25 -6 -11.4 -.25 -5.2
3 72 -11.6 -.25 4.29 -12.7 -.25 4.2 -12.29 -.25 4.15
4 72 -13.3 -.25 3.8 -12.87 -.25 3.77 -12.29 -.25 4.15 -12.7 -.25 4.2
4 72 -14 -.25 4.2 -13.8 -.25 3.9 -13.3 -.25 3.8 -12.7 -.25 4.2
4 72 -14 -.25 4.2 -14.4 -.25 3.9 -14.2 -.25 3.4 -13.8 -.25 3.9
3 72 -14.4 -.25 3.9 -14.6 -.25 3.4 -14.2 -.25 3.4
4 72 -13.6 -.25 3.2 -14.2 -.25 3.4 -14.6 -.25 3.4 -14.5 -.25 2.2
4 72 -12.87 -.25 3.77 -13.3 -.25 3.8 -13.6 -.25 3.2 -13.25 -.25 3.19
3 72 -13.6 -.25 3.2 -13.39 -.25 2.5 -13.25 -.25 3.19
4 72 -13.25 -.25 1.81 -13.39 -.25 2.5 -13.6 -.25 3.2 -14.5 -.25 2.2
4 72 -13.4 -.25 1.5 -13.25 -.25 1.81 -14.5 -.25 2.2 -13.9 -.25 1.5
4 72 -12.87 -.25 1.23 -13.25 -.25 1.81 -13.4 -.25 1.5 -13.2 -.25 1
3 72 -12.87 -.25 1.23 -13.2 -.25 1 -12.29 -.25 .85
4 72 -13.2 -.25 .1 -12.29 -.25 .85 -13.2 -.25 1 -13.4 -.25 .6
4 72 -12.29 -.25 .85 -12 -.25 .3 -11.1 -.25 .2 -11.6 -.25 .71
4 72 -10.5 -.25 .6 -10.91 -.25 .85 -11.6 -.25 .71 -11.1 -.25 .2
4 72 -10.1 -.25 1 -10.33 -.25 1.23 -10.91 -.25 .85 -10.5 -.25 .6
4 72 -14.5 -.25 2.2 -14.4 -.25 0 -13.4 -.25 .6 -13.9 -.25 1.5
4 72 -13.9 -.25 -.5 -13.2 -.25 .1 -13.4 -.25 .6 -14.4 -.25 0
4 72 -14.3 -.25 -1.7 -13.9 -.25 -1.1 -13.9 -.25 -.5 -14.4 -.25 0
3 72 -14.4 -.25 0 -14.5 -.25 -1.7 -14.3 -.25 -1.7
4 72 -13.3 -.25 -1.4 -13.3 -.25 -.9 -13.9 -.25 -.5 -13.9 -.25 -1.1
4 72 -13.3 -.25 -1.4 -12.87 -.25 -1.33 -12.7 -.25 -.3 -13.3 -.25 -.9
4 72 -12.87 -.25 -1.33 -12.29 -.25 -.95 -12.1 -.25 -.3 -12.7 -.25 -.3
3 72 -13.2 -.25 .1 -12.7 -.25 -.3 -12.1 -.25 -.3
4 72 -12.29 -.25 .85 -13.2 -.25 .1 -12.1 -.25 -.3 -12 -.25 .3
4 72 -12.29 -.25 -.95 -11.6 -.25 -.81 -11.1 -.25 -.4 -12.1 -.25 -.3
3 72 -11.1 -.25 -.4 -11.6 -.25 -.81 -10.91 -.25 -.95
4 72 -10.91 -.25 -.95 -10.4 -.25 -.7 -10 -.25 -.1 -11.1 -.25 -.4
4 72 -11.1 -.25 .2 -11.1 -.25 -.4 -10 -.25 -.1 -10.5 -.25 .6
4 72 -10.4 -.25 -.7 -9.6 -.25 -.4 -9.3 -.25 .3 -10 -.25 -.1
4 72 -8.9 -.25 -1 -8.4 -.25 -.1 -9.3 -.25 .3 -9.6 -.25 -.4
4 72 -7.8 -.25 1.1 -9.3 -.25 .3 -8.4 -.25 -.1 -7.8 -.25 .5
4 72 -7.8 -.25 1.1 -8.6 -.25 2 -10.1 -.25 1 -9.3 -.25 .3
4 72 -10.1 -.25 1 -8.6 -.25 2 -9.95 -.25 1.81 -10.33 -.25 1.23
4 72 -8.6 -.25 2 -8.9 -.25 2.6 -9.81 -.25 2.5 -9.95 -.25 1.81
3 72 -9.3 -.25 3.2 -9.81 -.25 2.5 -8.9 -.25 2.6
4 72 -9.81 -.25 2.5 -9.3 -.25 3.2 -9.4 -.25 3.8 -9.95 -.25 3.19
4 72 -10 -.25 4.4 -10.33 -.25 3.77 -9.95 -.25 3.19 -9.4 -.25 3.8
3 72 -10 -.25 4.4 -10.91 -.25 4.15 -10.33 -.25 3.77
3 72 -10 -.25 4.4 -11.6 -.25 4.29 -10.91 -.25 4.15
4 72 -8.4 -.25 3.8 -8.9 -.25 4.1 -9.4 -.25 3.8 -9.3 -.25 3.2
3 72 -7.5 -.25 4.3 -8.9 -.25 4.1 -8.4 -.25 3.8
4 72 -8.4 -.25 3.8 -7.9 -.25 3.3 -7.2 -.25 3.4 -7.5 -.25 4.3
4 72 -8 -.25 2.3 -7.5 -.25 2.8 -7.2 -.25 3.4 -7.9 -.25 3.3
4 72 -8.6 -.25 2 -8 -.25 2.3 -7.9 -.25 3.3 -8.9 -.25 2.6
4 72 -7.2 -.25 1.5 -6.7 -.25 2.2 -7.5 -.25 2.8 -8 -.25 2.3
4 72 -6.9 -.25 1.2 -6.5 -.25 1.6 -6.7 -.25 2.2 -7.2 -.25 1.5
4 72 -7.8 -.25 .5 -6.9 -.25 1.2 -7.2 -.25 1.5 -7.8 -.25 1.1
4 72 -6.6 -.25 -.1 -6.5 -.25 .7 -6.9 -.25 1.2 -7.8 -.25 .5
3 72 -9.6 -.25 -.4 -9.4 -.25 -.9 -8.9 -.25 -1
4 72 -8.9 -.25 -1 -8.3 -.25 -.9 -7.8 -.25 -.6 -8.4 -.25 -.1
4 72 -10.33 -.25 -1.33 -10.1 -.25 -1.1 -10.4 -.25 -.7 -10.91 -.25 -.95
3 72 -10.1 -.25 -1.1 -10.33 -.25 -1.33 -9.95 -.25 -1.91
4 72 -8.9 -.25 -1 -9.4 -.25 -.9 -10.1 -.25 -1.1 -9.95 -.25 -1.91
3 72 -8.9 -.25 -1 -9.95 -.25 -1.91 -9.1 -.25 -1.8
4 72 -9.81 -.25 -2.6 -9.2 -.25 -2.3 -9.1 -.25 -1.8 -9.95 -.25 -1.91
3 72 -9.2 -.25 -2.3 -9.81 -.25 -2.6 -9.4 -.25 -3
4 72 -9.6 -.25 -3.6 -9.4 -.25 -3 -9.81 -.25 -2.6 -9.95 -.25 -3.29
4 72 -9.95 -.25 -3.29 -10.33 -.25 -3.87 -10 -.25 -4.2 -9.6 -.25 -3.6
3 72 -10.33 -.25 -3.87 -10.91 -.25 -4.25 -10 -.25 -4.2
4 72 -10 -.25 -4.2 -10.91 -.25 -4.25 -11.4 -.25 -5.2 -9.4 -.25 -5.3
3 72 -10.91 -.25 -4.25 -11.6 -.25 -4.39 -11.4 -.25 -5.2
4 72 -11.4 -.25 -5.2 -11.6 -.25 -4.39 -12.29 -.25 -4.25 -13.1 -.25 -5.2
4 72 -14.2 -.25 -5 -13.1 -.25 -5.2 -12.29 -.25 -4.25 -12.87 -.25 -3.87
4 72 -14.2 -.25 -5 -12.87 -.25 -3.87 -13.3 -.25 -3.6 -13.8 -.25 -3.9
4 72 -13.8 -.25 -2.9 -13.3 -.25 -3.6 -12.87 -.25 -3.87 -13.25 -.25 -3.29
3 72 -13.39 -.25 -2.6 -13.8 -.25 -2.9 -13.25 -.25 -3.29
4 72 -13.8 -.25 -2.9 -13.39 -.25 -2.6 -13.25 -.25 -1.91 -13.8 -.25 -2.1
4 72 -13.8 -.25 -2.1 -13.25 -.25 -1.91 -12.87 -.25 -1.33 -13.3 -.25 -1.4
3 72 -14.3 -.25 -1.7 -14.5 -.25 -1.7 -13.8 -.25 -2.1
4 72 -14.5 -.25 -1.7 -14.6 -.25 -3.1 -13.8 -.25 -2.9 -13.8 -.25 -2.1
3 72 -13.8 -.25 -2.9 -14.6 -.25 -3.1 -14.3 -.25 -3.3
4 72 -13.8 -.25 -3.9 -14.3 -.25 -3.3 -14.6 -.25 -3.1 -14.7 -.25 -4.3
4 72 -14.7 -.25 -4.3 -14.5 -.25 -4.7 -14.2 -.25 -5 -13.8 -.25 -3.9
3 72 -10 -.25 -4.2 -9.4 -.25 -5.3 -9.1 -.25 -4.3
4 72 -9.4 -.25 -5.3 -7.3 -.25 -5.2 -7.6 -.25 -3.6 -9.1 -.25 -4.3
4 72 -9.1 -.25 -4.3 -7.6 -.25 -3.6 -7.8 -.25 -3.2 -9.6 -.25 -3.6
4 72 -9.4 -.25 -3 -9.6 -.25 -3.6 -7.8 -.25 -3.2 -8.7 -.25 -2.9
4 72 -7.8 -.25 -3.2 -8.4 -.25 -2.5 -9.2 -.25 -2.3 -8.7 -.25 -2.9
4 72 -9.1 -.25 -1.8 -9.2 -.25 -2.3 -8.4 -.25 -2.5 -8.2 -.25 -1.9
3 72 -8.2 -.25 -1.9 -8.4 -.25 -2.5 -7.6 -.25 -2.2
4 72 -8.2 -.25 -1.9 -7.6 -.25 -2.2 -7.2 -.25 -1.9 -7.9 -.25 -1.4
3 72 -8.3 -.25 -.9 -8.2 -.25 -1.9 -7.9 -.25 -1.4
4 72 -8.3 -.25 -.9 -7.9 -.25 -1.4 -7.1 -.25 -.8 -7.8 -.25 -.6
4 72 -7.8 -.25 -.6 -7.1 -.25 -.8 -6.6 -.25 -.1 -7.2 -.25 -.1
4 72 -6.7 -.25 -1.3 -6.3 -.25 -.8 -6.6 -.25 -.1 -7.1 -.25 -.8
4 72 -6.3 -.25 -.8 -5.7 -.25 -1.7 -5.2 -.25 -1.2 -5.7 -.25 -.9
4 72 -6 -.25 -2 -6.7 -.25 -1.3 -7.2 -.25 -1.9 -6.8 -.25 -2.3
4 72 -6.3 -.25 -.8 -6.7 -.25 -1.3 -6 -.25 -2 -5.7 -.25 -1.7
4 72 -6 -.25 -2 -5.7 -.25 -2.6 -5.3 -.25 -2.3 -5.7 -.25 -1.7
4 72 -7.6 -.25 -2.2 -7.2 -.25 -2.6 -6.8 -.25 -2.3 -7.2 -.25 -1.9
4 72 -7.8 -.25 -3.2 -7 -.25 -3.1 -6.8 -.25 -2.3 -7.2 -.25 -2.6
4 72 -6.4 -.25 -3.5 -6.1 -.25 -3 -6.8 -.25 -2.3 -7 -.25 -3.1
3 72 -7 -.25 -3.1 -7.8 -.25 -3.2 -7.6 -.25 -3.6
3 72 -7.6 -.25 -3.6 -7.3 -.25 -5.2 -6.7 -.25 -4.2
4 72 -7.3 -.25 -5.2 -5.2 -.25 -5 -5.3 -.25 -4 -6.7 -.25 -4.2
4 72 -5.3 -.25 -4 -5.8 -.25 -3.6 -6.4 -.25 -3.5 -6.7 -.25 -4.2
4 72 -6.4 -.25 -3.5 -5.8 -.25 -3.6 -5.7 -.25 -2.6 -6.1 -.25 -3
4 72 -5.8 -.25 -3.6 -5.1 -.25 -2.8 -5.3 -.25 -2.3 -5.7 -.25 -2.6
3 72 -4.4 -.25 -2.2 -5.1 -.25 -2.8 -4.8 -.25 -3.4
4 72 -3.9 -.25 -3.7 -4 -.25 -3.2 -4.4 -.25 -2.2 -4.8 -.25 -3.4
4 72 -4.8 -.25 -3.4 -5.3 -.25 -4 -3.8 -.25 -4.3 -3.9 -.25 -3.7
3 72 -5.3 -.25 -4 -5.2 -.25 -5 -3.8 -.25 -4.3
4 72 -5.2 -.25 -5 -3.1 -.25 -5.1 -3.2 -.25 -4.3 -3.8 -.25 -4.3
4 72 -2 -.25 -5.3 -1.9 -.25 -4.4 -3.2 -.25 -4.3 -3.1 -.25 -5.1
4 72 -1.9 -.25 -4.4 -2 -.25 -5.3 0 -.25 -5.4 .1 -.25 -4.5
4 72 -3.2 -.25 -4.3 -1.9 -.25 -4.4 -1.8 -.25 -3.6 -3.1 -.25 -3.5
4 72 -3.9 -.25 -3.7 -3.1 -.25 -3.5 -3.5 -.25 -2.9 -4 -.25 -3.2
4 72 -1.8 -.25 -3.6 -2.9 -.25 -2.8 -3.5 -.25 -2.9 -3.1 -.25 -3.5
4 72 -3.5 -.25 -2.9 -2.9 -.25 -2.8 -3.1 -.25 -1.8 -4 -.25 -1.8
3 72 -2.5 -.25 -2.7 -2.9 -.25 -2.8 -1.8 -.25 -3.6
4 72 -1.8 -.25 -3.6 -1.3 -.25 -3.4 -.9 -.25 -2.5 -2.5 -.25 -2.7
4 72 -2.4 -.25 -1.6 -2.5 -.25 -2.7 -.9 -.25 -2.5 -1.1 -.25 -2.1
4 72 -1.1 -.25 -2.1 -1.4 -.25 -1.6 -1.8 -.25 -1 -2.4 -.25 -1.6
4 72 -1.4 -.25 -1.6 -1.1 -.25 -2.1 -.8 -.25 -1.1 -1.2 -.25 -.5
3 72 -.5 -.25 -.4 -1.2 -.25 -.5 -.8 -.25 -1.1
4 72 -1.2 -.25 -.5 -.5 -.25 -.4 -.5 -.25 .5 -1.5 -.25 .2
3 72 -1.1 -.25 1.1 -1.5 -.25 .2 -.5 -.25 .5
4 72 -1.4 -.25 1.8 -2.3 -.25 .9 -1.5 -.25 .2 -1.1 -.25 1.1
4 72 -1.8 -.25 -1 -1.2 -.25 -.5 -1.5 -.25 .2 -2 -.25 -.1
4 72 -2.8 -.25 -1 -2.4 -.25 -1.6 -1.8 -.25 -1 -2.4 -.25 -.7
3 72 -2 -.25 -.1 -2.4 -.25 -.7 -1.8 -.25 -1
4 72 -2 -.25 -.1 -2.6 -.25 .4 -3.1 -.25 -.2 -2.4 -.25 -.7
4 72 -3.5 -.25 -.7 -3.1 -.25 -1.8 -2.4 -.25 -1.6 -2.8 -.25 -1
4 72 -4 -.25 -1.8 -3.1 -.25 -1.8 -3.5 -.25 -.7 -4.1 -.25 -1
4 72 -5.1 -.25 -2.8 -4.4 -.25 -2.2 -4.7 -.25 -1.7 -5.3 -.25 -2.3
4 72 -4.4 -.25 -2.2 -4 -.25 -1.8 -4.1 -.25 -1 -4.7 -.25 -1.7
4 72 -4.9 -.25 -.2 -5.2 -.25 -1.2 -4.7 -.25 -1.7 -4.1 -.25 -1
4 72 -4.9 -.25 -.2 -5.9 -.25 .2 -5.7 -.25 -.9 -5.2 -.25 -1.2
3 72 -7.8 -.25 .5 -7.2 -.25 -.1 -6.6 -.25 -.1
4 72 -6.6 -.25 -.1 -5.9 -.25 .2 -6 -.25 1.3 -6.5 -.25 .7
4 72 -5.9 -.25 .2 -4.9 -.25 -.2 -4.4 -.25 .4 -4.8 -.25 1.4
3 72 -4.8 -.25 1.4 -4.4 -.25 .4 -4.4 -.25 1.1
4 72 -3.8 -.25 .2 -4.4 -.25 .4 -4.9 -.25 -.2 -3.9 -.25 -.2
4 72 -2.6 -.25 .4 -3.8 -.25 .2 -3.9 -.25 -.2 -3.1 -.25 -.2
4 72 -4.1 -.25 -1 -3.5 -.25 -.7 -3.1 -.25 -.2 -3.9 -.25 -.2
3 72 -3.1 -.25 .7 -3.8 -.25 .2 -2.6 -.25 .4
4 72 -3.5 -.25 1.1 -3.1 -.25 .7 -2.6 -.25 .4 -2.3 -.25 .9
4 72 -2.3 -.25 .9 -1.4 -.25 1.8 -2.7 -.25 2.3 -3.5 -.25 1.1
4 72 -3.4 -.25 2 -3.8 -.25 1.5 -3.5 -.25 1.1 -2.7 -.25 2.3
4 72 -3.8 -.25 1.5 -3.4 -.25 2 -3.7 -.25 2.7 -4.3 -.25 2
4 72 -3.5 -.25 1.1 -3.8 -.25 1.5 -4.4 -.25 1.1 -4.4 -.25 .4
4 72 -6.5 -.25 1.6 -6 -.25 1.3 -5.1 -.25 1.9 -6 -.25 2.2
4 72 -5.9 -.25 .2 -4.8 -.25 1.4 -5.1 -.25 1.9 -6 -.25 1.3
4 72 -5.5 -.25 2.6 -5.1 -.25 1.9 -4.8 -.25 1.4 -4.3 -.25 2
4 72 -3.7 -.25 2.7 -4.1 -.25 3.1 -4.7 -.25 3.2 -4.3 -.25 2
4 72 -6.3 -.25 2.5 -6.7 -.25 2.2 -6.5 -.25 1.6 -6 -.25 2.2
4 72 -6.1 -.25 3.6 -6.3 -.25 2.5 -6 -.25 2.2 -5.5 -.25 2.6
3 72 -6.1 -.25 3.6 -7.2 -.25 3.4 -6.3 -.25 2.5
4 72 -7.2 -.25 3.4 -6.1 -.25 3.6 -5.8 -.25 4.1 -7.5 -.25 4.3
4 72 -7.5 -.25 4.3 -5.8 -.25 4.1 -5.3 -.25 4.1 -5.3 -.25 4.4
4 72 -5.3 -.25 4.1 -4.5 -.25 3.9 -3.8 -.25 4.4 -5.3 -.25 4.4
3 72 -3.8 -.25 4.4 -4.5 -.25 3.9 -3.8 -.25 4.1
4 72 -4.3 -.25 2 -4.7 -.25 3.2 -6.1 -.25 3.6 -5.5 -.25 2.6
4 72 -4.1 -.25 3.1 -4.5 -.25 3.9 -5.3 -.25 4.1 -4.7 -.25 3.2
4 72 -3.8 -.25 4.1 -3.4 -.25 3.8 -2.8 -.25 3.9 -3.8 -.25 4.4
4 72 -3.8 -.25 4.4 -2.8 -.25 3.9 -1.8 -.25 4 -2 -.25 4.4
4 72 -1.8 -.25 4 -1 -.25 3.9 -.6 -.25 4.3 -2 -.25 4.4
4 72 -1 -.25 3.9 -.8 -.25 3.5 -.3 -.25 3.8 -.6 -.25 4.3
4 72 -2.2 -.25 3.3 -1.8 -.25 2.9 -1 -.25 3.9 -1.8 -.25 4
4 72 -2.9 -.25 3.1 -2.7 -.25 2.3 -1.8 -.25 2.9 -2.2 -.25 3.3
3 72 -1.8 -.25 2.9 -2.7 -.25 2.3 -1.4 -.25 1.8
4 72 -3.4 -.25 3.8 -2.9 -.25 3.1 -2.2 -.25 3.3 -2.8 -.25 3.9
4 72 -3.4 -.25 3.8 -4.1 -.25 3.1 -3.7 -.25 2.7 -2.9 -.25 3.1
4 72 0 -.25 -5.4 1.5 -.25 -5.3 1.5 -.25 -4.3 .1 -.25 -4.5
4 72 1.6 -.25 .9 1.9 -.25 .1 2.2 -.25 -.5 2.3 -.25 .2
3 72 2.3 -.25 .2 2.2 -.25 -.5 2.8 -.25 -.6
4 72 2.3 -.25 .2 2.8 -.25 -.6 3.3 -.25 -.5 3.3 -.25 .3
3 72 3.3 -.25 .3 3.3 -.25 -.5 4 -.25 .2
3 72 2.2 -.25 2.8 2.1 -.25 1.5 2.7 -.25 2.3
4 72 3.3 -.25 .3 3.3 -.25 1.6 2.7 -.25 2.3 2.1 -.25 1.5
3 72 3.3 -.25 1.6 3.3 -.25 .3 4 -.25 .2
4 72 3.3 -.25 1.6 3.9 -.25 1.9 4 -.25 2.7 3.1 -.25 2.5
3 72 3.6 -.25 3.2 3.1 -.25 2.5 4 -.25 2.7
3 72 3 -.25 4 3.1 -.25 2.5 3.6 -.25 3.2
4 72 2.7 -.25 2.3 3.1 -.25 2.5 3 -.25 4 2.2 -.25 2.8
3 72 3 -.25 4 2.1 -.25 4 2.2 -.25 2.8
3 72 3 -.25 4 3.6 -.25 3.2 4.7 -.25 3.3
4 72 4.7 -.25 3.3 5.3 -.25 3.3 5.8 -.25 4 3 -.25 4
3 72 5.8 -.25 4 5.3 -.25 3.3 6 -.25 3.6
4 72 10.5 -.25 4 5.8 -.25 4 6 -.25 3.6 7.4 -.25 3.7
4 72 6.5 -.25 3.1 7 -.25 3.3 7.4 -.25 3.7 6 -.25 3.6
4 72 6.2 -.25 2.5 7.5 -.25 2.7 7 -.25 3.3 6.5 -.25 3.1
4 72 6.2 -.25 2.5 6.8 -.25 1.9 7.3 -.25 1.9 7.5 -.25 2.7
4 72 5.7 -.25 1.9 6.2 -.25 2.5 6.5 -.25 3.1 5.9 -.25 2.8
4 72 5.3 -.25 3.3 4.7 -.25 2.4 5.7 -.25 1.9 5.9 -.25 2.8
3 72 5.3 -.25 3.3 4.7 -.25 3.3 4.7 -.25 2.4
4 72 3.9 -.25 1.9 4.7 -.25 2.4 4.7 -.25 3.3 4 -.25 2.7
4 72 4.7 -.25 2.4 5.4 -.25 1.5 6.2 -.25 1.4 5.7 -.25 1.9
4 72 4.9 -.25 1.2 5.6 -.25 .5 6.2 -.25 1.4 5.4 -.25 1.5
4 72 4 -.25 .2 4.5 -.25 .1 5.6 -.25 .5 4.9 -.25 1.2
4 72 3.3 -.25 1.6 4 -.25 .2 4.9 -.25 1.2 3.9 -.25 1.9
3 72 4 -.25 .2 3.9 -.25 -.8 4.5 -.25 .1
4 72 5 -.25 -.4 4.5 -.25 .1 3.9 -.25 -.8 4.5 -.25 -1
4 72 2.8 -.25 -.6 2.7 -.25 -1.2 3.9 -.25 -.8 3.3 -.25 -.5
4 72 2.7 -.25 -1.2 3.2 -.25 -1.5 3.8 -.25 -1.4 3.9 -.25 -.8
3 72 3.9 -.25 -.8 3.8 -.25 -1.4 4.5 -.25 -1
4 72 4 -.25 -2.4 4.3 -.25 -2.1 3.8 -.25 -1.4 3.2 -.25 -1.5
4 72 3.2 -.25 -1.5 2.7 -.25 -1.2 2.1 -.25 -1.8 2.7 -.25 -2
3 72 2.1 -.25 -1.8 2.1 -.25 -2.8 2.7 -.25 -2
4 72 2.1 -.25 -2.8 2.9 -.25 -3.1 3.5 -.25 -2.9 2.7 -.25 -2
4 72 2 -.25 -3.9 2.6 -.25 -3.6 2.9 -.25 -3.1 2.1 -.25 -2.8
4 72 1.5 -.25 -4.3 3.2 -.25 -4.3 2.6 -.25 -3.6 2 -.25 -3.9
4 72 4.2 -.25 -5.2 3.2 -.25 -4.3 1.5 -.25 -4.3 1.5 -.25 -5.3
4 72 3.7 -.25 -3.8 3.2 -.25 -4.3 4.2 -.25 -5.2 4.2 -.25 -4.2
3 72 4.1 -.25 -3.4 3.7 -.25 -3.8 4.2 -.25 -4.2
4 72 2.9 -.25 -3.1 3.7 -.25 -3.8 4.1 -.25 -3.4 3.5 -.25 -2.9
4 72 3.5 -.25 -2.9 4.1 -.25 -3.4 4.8 -.25 -3.2 4 -.25 -2.4
3 72 5.4 -.25 -2.1 4.3 -.25 -2.1 4 -.25 -2.4
4 72 4 -.25 -2.4 4.8 -.25 -3.2 5.7 -.25 -2.4 5.4 -.25 -2.1
4 72 4.7 -.25 -4.2 5.5 -.25 -4 6.1 -.25 -3.5 4.8 -.25 -3.2
4 72 6.1 -.25 -3.5 6.2 -.25 -2.9 5.7 -.25 -2.4 4.8 -.25 -3.2
4 72 5.9 -.25 -4.6 5.5 -.25 -4 4.7 -.25 -4.2 5.5 -.25 -5.4
4 72 5.5 -.25 -5.4 4.7 -.25 -4.2 4.2 -.25 -4.2 4.2 -.25 -5.2
3 72 5.9 -.25 -4.6 5.5 -.25 -5.4 8.1 -.25 -5.3
4 72 6.5 -.25 -4.1 5.9 -.25 -4.6 8.1 -.25 -5.3 7.5 -.25 -4.4
4 72 6.1 -.25 -3.5 6.5 -.25 -4.1 7.5 -.25 -4.4 6.9 -.25 -3.7
4 72 6.1 -.25 -3.5 6.9 -.25 -3.7 7 -.25 -2.7 6.2 -.25 -2.9
3 72 7 -.25 -2.7 6.9 -.25 -3.7 7.5 -.25 -3.3
3 72 8.7 -.25 -3.6 7.9 -.25 -3.8 7.5 -.25 -4.4
4 72 8.1 -.25 -5.3 9.4 -.25 -4.6 8.7 -.25 -3.6 7.5 -.25 -4.4
3 72 9.4 -.25 -4.6 8.1 -.25 -5.3 10.7 -.25 -5.2
4 72 9.4 -.25 -4.6 10.7 -.25 -5.2 10.45 -.25 -3.59 9.8 -.25 -3.8
3 72 10.83 -.25 -4.17 10.7 -.25 -5.2 11.41 -.25 -4.55
3 72 11.41 -.25 -4.55 10.7 -.25 -5.2 12.1 -.25 -4.69
4 72 10.7 -.25 -5.2 13.3 -.25 -5.2 12.79 -.25 -4.55 12.1 -.25 -4.69
4 72 13.37 -.25 -4.17 12.79 -.25 -4.55 13.3 -.25 -5.2 13.7 -.25 -4.5
4 72 13.75 -.25 -3.59 13.37 -.25 -4.17 13.7 -.25 -4.5 14.1 -.25 -3.7
3 72 13.89 -.25 -2.9 13.75 -.25 -3.59 14.1 -.25 -3.7
4 72 14.1 -.25 -3.7 14.1 -.25 -2.4 13.75 -.25 -2.21 13.89 -.25 -2.9
4 72 13.3 -.25 -5.2 14 -.25 -5 14.2 -.25 -4.5 13.7 -.25 -4.5
4 72 13.75 -.25 -2.21 14.1 -.25 -2.4 14 -.25 -.5 13.37 -.25 -1.63
4 72 12.7 -.25 -.4 12.79 -.25 -1.25 13.37 -.25 -1.63 14 -.25 -.5
4 72 12.1 -.25 -1.11 12.79 -.25 -1.25 12.7 -.25 -.4 12.2 -.25 -.8
4 72 12.2 -.25 -.8 12.7 -.25 -.4 12.2 -.25 .21 12 -.25 -.2
3 72 12.89 -.25 .35 12.2 -.25 .21 12.7 -.25 -.4
4 72 13.47 -.25 .73 12.89 -.25 .35 12.7 -.25 -.4 14 -.25 .5
3 72 13.85 -.25 1.31 13.47 -.25 .73 14 -.25 .5
3 72 13.99 -.25 2 13.85 -.25 1.31 14 -.25 .5
3 72 14.3 -.25 2.8 13.85 -.25 2.69 13.99 -.25 2
4 72 13.47 -.25 3.27 13.85 -.25 2.69 14.3 -.25 2.8 14.3 -.25 3.3
3 72 13.7 -.25 3.8 13.47 -.25 3.27 14.3 -.25 3.3
4 72 12.7 -.25 4.1 12.89 -.25 3.65 13.47 -.25 3.27 13.7 -.25 3.8
3 72 12.7 -.25 4.1 12.2 -.25 3.79 12.89 -.25 3.65
3 72 12.7 -.25 4.1 11.51 -.25 3.65 12.2 -.25 3.79
4 72 11.51 -.25 3.65 12.7 -.25 4.1 10.5 -.25 4 10.9 -.25 3.6
3 72 11.51 -.25 3.65 10.9 -.25 3.6 10.93 -.25 3.27
4 72 10.2 -.25 3.1 10.55 -.25 2.69 10.93 -.25 3.27 10.9 -.25 3.6
4 72 9.6 -.25 3.1 10.2 -.25 2.7 10.55 -.25 2.69 10.2 -.25 3.1
3 72 9.8 -.25 3.6 9.6 -.25 3.1 10.2 -.25 3.1
4 72 10.55 -.25 2.69 10.2 -.25 2.7 9.8 -.25 1.9 10.41 -.25 2
3 72 10.41 -.25 2 9.8 -.25 1.9 10.55 -.25 1.31
4 72 8.9 -.25 1.6 9.6 -.25 .7 10.55 -.25 1.31 9.8 -.25 1.9
4 72 9.6 -.25 .7 10.3 -.25 .6 10.93 -.25 .73 10.55 -.25 1.31
4 72 10.3 -.25 .6 11.2 -.25 -.2 11.51 -.25 .35 10.93 -.25 .73
4 72 11.2 -.25 -.2 12 -.25 -.2 12.2 -.25 .21 11.51 -.25 .35
4 72 10.6 -.25 -.4 11.5 -.25 -.7 12 -.25 -.2 11.2 -.25 -.2
4 72 12.2 -.25 -.8 11.5 -.25 -.7 11.41 -.25 -1.25 12.1 -.25 -1.11
4 72 10.3 -.25 -.9 10.6 -.25 -.4 10 -.25 .2 9.6 -.25 -.1
4 72 10.2 -.25 -1.7 10.83 -.25 -1.63 10.6 -.25 -.4 10.3 -.25 -.9
4 72 11.5 -.25 -.7 10.6 -.25 -.4 10.83 -.25 -1.63 11.41 -.25 -1.25
3 72 10.83 -.25 -1.63 10.2 -.25 -1.7 10.45 -.25 -2.21
4 72 10.2 -.25 -1.7 10 -.25 -2.9 10.31 -.25 -2.9 10.45 -.25 -2.21
4 72 9.8 -.25 -3.8 10.45 -.25 -3.59 10.31 -.25 -2.9 10 -.25 -2.9
3 72 10.45 -.25 -3.59 10.7 -.25 -5.2 10.83 -.25 -4.17
4 72 9.2 -.25 -2.3 9.5 -.25 -2.2 10.2 -.25 -1.7 8.9 -.25 -2
4 72 8.9 -.25 -2 10.2 -.25 -1.7 10.3 -.25 -.9 9.4 -.25 -1.3
3 72 9.6 -.25 .7 10 -.25 .2 10.3 -.25 .6
4 72 9.6 -.25 .7 9.3 -.25 .5 9.6 -.25 -.1 10 -.25 .2
4 72 8.9 -.25 -.7 9.6 -.25 -.1 9.3 -.25 .5 8.4 -.25 .2
4 72 8.7 -.25 -1.4 8.9 -.25 -.7 8.4 -.25 .2 8 -.25 -.3
4 72 8.4 -.25 .2 9.3 -.25 .5 8.6 -.25 1.3 7.9 -.25 1
4 72 7.9 -.25 1 8.6 -.25 1.3 8.4 -.25 1.8 7.9 -.25 1.4
4 72 9.8 -.25 3.6 8.7 -.25 2.8 9.2 -.25 2.7 9.6 -.25 3.1
3 72 9.3 -.25 3.7 8.7 -.25 2.8 9.8 -.25 3.6
3 72 10.5 -.25 4 9.3 -.25 3.7 9.8 -.25 3.6
3 72 10.5 -.25 4 7.4 -.25 3.7 9.3 -.25 3.7
3 72 9.3 -.25 3.7 7.4 -.25 3.7 8.5 -.25 3.5
3 72 7.4 -.25 3.7 8.2 -.25 3.2 8.5 -.25 3.5
3 72 8.5 -.25 3.5 8.2 -.25 3.2 8.7 -.25 2.8
4 72 7 -.25 3.3 7.5 -.25 2.7 8.7 -.25 2.8 8.2 -.25 3.2
4 72 7.5 -.25 2.7 8.4 -.25 1.8 9.2 -.25 2.7 8.7 -.25 2.8
4 72 8.6 -.25 1.3 8.9 -.25 1.6 9.2 -.25 2.7 8.4 -.25 1.8
3 72 9.2 -.25 2.7 8.9 -.25 1.6 9.8 -.25 1.9
4 72 6.8 -.25 1.9 7.9 -.25 1 7.9 -.25 1.4 7.3 -.25 1.9
4 72 6.2 -.25 1.4 7 -.25 .5 7.9 -.25 1 6.8 -.25 1.9
4 72 5.6 -.25 .5 6.7 -.25 .1 7 -.25 .5 6.2 -.25 1.4
3 72 5.6 -.25 .5 5.8 -.25 .2 6.7 -.25 .1
3 72 5.8 -.25 .2 6.1 -.25 -.3 6.7 -.25 .1
4 72 5.8 -.25 -.8 6.1 -.25 -.3 5.8 -.25 .2 5 -.25 -.4
4 72 6.7 -.25 .1 7.1 -.25 -.2 7.5 -.25 0 7 -.25 .5
4 72 7.1 -.25 -.2 7.5 -.25 -.6 8 -.25 -.3 7.5 -.25 0
3 72 8.4 -.25 .2 7.5 -.25 0 8 -.25 -.3
4 72 8.9 -.25 -2 9.4 -.25 -1.3 8.9 -.25 -.7 8.7 -.25 -1.4
4 72 8.2 -.25 -2.4 8.9 -.25 -2 8.7 -.25 -1.4 8.1 -.25 -1.6
4 72 7.4 -.25 -1.5 7.8 -.25 -2 8.2 -.25 -2.4 8.1 -.25 -1.6
3 72 7.5 -.25 -.6 7.4 -.25 -1.5 8.1 -.25 -1.6
4 72 7.4 -.25 -1.5 7.5 -.25 -.6 7.1 -.25 -.2 6.9 -.25 -1.2
4 72 6.4 -.25 -1.1 6.9 -.25 -1.2 6.1 -.25 -.3 5.8 -.25 -.8
4 72 4.8 -.25 -1.5 5.8 -.25 -.8 5 -.25 -.4 4.5 -.25 -1
3 72 4.5 -.25 -1 4.3 -.25 -2.1 4.8 -.25 -1.5
3 72 4.8 -.25 -1.5 4.3 -.25 -2.1 5.4 -.25 -2.1
4 72 5.7 -.25 -2.4 6.1 -.25 -1.9 6.4 -.25 -1.1 5.4 -.25 -2.1
3 72 6.4 -.25 -1.1 6.1 -.25 -1.9 6.8 -.25 -1.8
4 72 7.4 -.25 -1.5 6.9 -.25 -1.2 6.4 -.25 -1.1 6.8 -.25 -1.8
4 72 6.1 -.25 -1.9 7 -.25 -2.7 7.4 -.25 -2.4 6.8 -.25 -1.8
3 72 7.8 -.25 -2 7.4 -.25 -2.4 8.2 -.25 -2.4
4 72 7 -.25 -2.7 7.5 -.25 -3.3 8.2 -.25 -2.4 7.4 -.25 -2.4
4 72 7.9 -.25 -3.8 8.7 -.25 -3.6 8.8 -.25 -3 7.5 -.25 -3.3
3 72 8.2 -.25 -2.4 7.5 -.25 -3.3 8.8 -.25 -3
3 72 8.8 -.25 -3 8.7 -.25 -3.6 9.2 -.25 -3.3
4 72 8.8 -.25 -3 9.2 -.25 -3.3 9.5 -.25 -2.2 9.2 -.25 -2.3
4 72 9.8 -.25 -3.8 10 -.25 -2.9 9.5 -.25 -2.2 9.2 -.25 -3.3

1 16 16.5 0 6.5 1 0 0 0 -1 0 0 0 1 1-4chrd.dat
1 16 16.5 0 -6.5 0 0 1 0 -1 0 -1 0 0 1-4chrd.dat
1 16 -16.5 0 -6.5 -1 0 0 0 -1 0 0 0 -1 1-4chrd.dat
1 16 -16.5 0 6.5 0 0 -1 0 -1 0 1 0 0 1-4chrd.dat
4 16 16.5 0 -7.5 -16.5 0 -7.5 -17.5 0 -6.5 17.5 0 -6.5
4 16 17.5 0 6.5 17.5 0 -6.5 -17.5 0 -6.5 -17.5 0 6.5
4 16 17.5 0 6.5 -17.5 0 6.5 -16.5 0 7.5 16.5 0 7.5

1 16 16.5 -.25 6.5 1 0 0 0 .25 0 0 0 1 1-4cyli.dat
1 16 -16.5 -.25 6.5 0 0 -1 0 .25 0 1 0 0 1-4cyli.dat
1 16 -16.5 -.25 -6.5 -1 0 0 0 .25 0 0 0 -1 1-4cyli.dat
1 16 16.5 -.25 -6.5 0 0 1 0 .25 0 -1 0 0 1-4cyli.dat
4 16 16.5 -.25 -7.5 -16.5 -.25 -7.5 -16.5 0 -7.5 16.5 0 -7.5
4 16 17.5 -.25 6.5 17.5 -.25 -6.5 17.5 0 -6.5 17.5 0 6.5
4 16 -16.5 -.25 7.5 16.5 -.25 7.5 16.5 0 7.5 -16.5 0 7.5
4 16 -17.5 -.25 -6.5 -17.5 -.25 6.5 -17.5 0 6.5 -17.5 0 -6.5
