0 Sticker  0.7 x  3.7 with Black "THE ARTIMUS" and Diagonal Vent Grille Right
0 Name: 4614385d.dat
0 Author: Evert-Jan Boer [ejboer]
0 !LDRAW_ORG Unofficial_Part
0 !LICENSE Licensed under CC BY 4.0 : see CAreadme.txt

0 BFC CERTIFY CCW

0 !KEYWORDS City of Atlantis, Set 7985

1 4 -36.5 -.25 6.5 0 0 -1 0 1 0 1 0 0 1-4chrd.dat
1 4 -36.5 -.25 -6.5 -1 0 0 0 1 0 0 0 -1 1-4chrd.dat
1 4 36.5 -.25 -6.5 0 0 1 0 1 0 -1 0 0 1-4chrd.dat
1 4 36.5 -.25 6.5 1 0 0 0 1 0 0 0 1 1-4chrd.dat
1 4 34 -.25 4 0 0 1.5 0 1 0 1.5 0 0 1-4ndis.dat
1 4 34 -.25 -4 1.5 0 0 0 1 0 0 0 -1.5 1-4ndis.dat
1 4 34 -.25 4 0 0 .5 0 1 0 .5 0 0 1-4chrd.dat
1 4 34 -.25 -4 .5 0 0 0 1 0 0 0 -.5 1-4chrd.dat
1 4 29.95 -.25 2.35 .92388 0 -.38269 0 1 0 .38269 0 .92388 2-4ndis.dat
1 4 32.05 -.25 -2.15 -.92388 0 .38269 0 1 0 -.38269 0 -.92388 2-4ndis.dat
1 4 26.55 -.25 2.35 .92388 0 -.38269 0 1 0 .38269 0 .92388 2-4ndis.dat
1 4 23.15 -.25 2.35 .92388 0 -.38269 0 1 0 .38269 0 .92388 2-4ndis.dat
1 4 28.65 -.25 -2.15 -.92388 0 .38269 0 1 0 -.38269 0 -.92388 2-4ndis.dat
1 4 25.25 -.25 -2.15 -.92388 0 .38269 0 1 0 -.38269 0 -.92388 2-4ndis.dat
4 4 -36.5 -.25 7.5 -37.5 -.25 5.5 -23 -.25 5.5 -23 -.25 7.5
4 4 -23 -.25 5.5 0 -.25 5.5 0 -.25 7.5 -23 -.25 7.5
4 4 -36.5 -.25 -7.5 -23 -.25 -7.5 -23 -.25 -5.5 -37.5 -.25 -5.5
4 4 -23 -.25 -7.5 0 -.25 -7.5 0 -.25 -5.5 -23 -.25 -5.5
4 4 -12.3 -.25 -2.1 -11.2 -.25 1.9 -11.2 -.25 2.5 -14 -.25 2.5
4 4 1.8 -.25 1.9 1.8 -.25 2.5 1.2 -.25 2.5 1.2 -.25 1.9
4 4 0 -.25 4.5 -8.1 -.25 2.5 -7.7 -.25 2.35 -6.2 -.25 2.5
4 4 5.1 -.25 -1 6.1 -.25 2 6.1 -.25 2.5 3.9 -.25 2.5
4 4 -28.7 -.25 2.5 -29.6 -.25 2.5 -29.6 -.25 1.5 -28.7 -.25 2
4 4 -26.5 -.25 2.5 -26.5 -.25 2 -25.5 -.25 2 -25.5 -.25 2.5
4 4 -22.6 -.25 2 -22.6 -.25 2.5 -23.3 -.25 2.5 -23.3 -.25 2
4 4 7.7 -.25 2.5 7.7 -.25 2 8.6 -.25 2 8.6 -.25 2.5
4 4 12.5 -.25 2 12.5 -.25 2.5 10.9 -.25 2.5 10.9 -.25 2
4 4 -2 -.25 1.5 -1.3 -.25 1.9 -1.3 -.25 2.5 -2 -.25 2.5
4 4 -32.2 -.25 -2.1 -32.2 -.25 2 -33.5 -.25 2 -33.5 -.25 1.5
3 4 -29.9 -.25 2 -31.2 -.25 2 -29.9 -.25 1.5
4 4 -30.5 -.25 -2.1 -29.9 -.25 1.5 -31.2 -.25 2 -31.2 -.25 -2.1
3 4 -19.2 -.25 2 -20.8 -.25 2 -19.2 -.25 1.5
4 4 -5.9 -.25 2 -5.9 -.25 1.5 -4.6 -.25 -2.1 -4.6 -.25 2
4 4 -3.6 -.25 -2.1 -2.3 -.25 1.5 -2.3 -.25 2 -3.6 -.25 2
4 4 -19.5 -.25 .9 -19.1 -.25 .9 -18.7 -.25 1.5 -19.2 -.25 1.5
3 4 -26.5 -.25 2 -26.9 -.25 2 -26.9 -.25 .5
3 4 -25.1 -.25 2 -25.5 -.25 2 -25.1 -.25 .5
4 4 -26.5 -.25 2 -26.9 -.25 .5 -25.1 -.25 .5 -25.5 -.25 2
4 4 -19.2 -.25 1.5 -20.8 -.25 2 -20.8 -.25 .4 -19.5 -.25 .9
3 4 -19.5 -.25 .9 -20.8 -.25 .4 -19.5 -.25 .4
3 4 6.4 -.25 2 6.1 -.25 2 5.1 -.25 -1
4 4 -20.8 -.25 -2.1 -19.5 -.25 -1.2 -19.5 -.25 -.7 -20.8 -.25 -.7
4 4 7.8 -.25 -2.1 9.1 -.25 -1.3 7.7 -.25 2 7.4 -.25 2
3 4 8.6 -.25 2 7.7 -.25 2 9.1 -.25 -1.3
3 4 9.1 -.25 2 8.6 -.25 2 9.1 -.25 -1.3
4 4 -18.7 -.25 -1.6 -19.1 -.25 -1.2 -19.5 -.25 -1.2 -19.2 -.25 -1.6
4 4 -19.1 -.25 .9 -19.1 -.25 -1.2 -18.7 -.25 -1.6 -18.7 -.25 1.5
4 4 -34.4 -.25 -.5 -32.9 -.25 -2.1 -33.8 -.25 1.5 -34.4 -.25 .5
4 4 -32.2 -.25 -2.1 -33.5 -.25 1.5 -33.8 -.25 1.5 -32.9 -.25 -2.1
4 4 -30.5 -.25 -2.1 -28.7 -.25 -2.1 -29.6 -.25 1.5 -29.9 -.25 1.5
4 4 -29.6 -.25 1.5 -28.3 -.25 -2.1 -28.3 -.25 2 -28.7 -.25 2
3 4 -29.6 -.25 1.5 -28.7 -.25 -2.1 -28.3 -.25 -2.1
3 4 -26.9 -.25 -.4 -26.9 -.25 -2.1 -26.5 -.25 -2.1
4 4 -25.5 -.25 -2.1 -25.1 -.25 -.4 -26.9 -.25 -.4 -26.5 -.25 -2.1
3 4 -25.1 -.25 -.4 -25.5 -.25 -2.1 -25.1 -.25 -2.1
4 4 -23.3 -.25 -2.1 -23.3 -.25 2 -23.7 -.25 2 -23.7 -.25 -2.1
4 4 -22.6 -.25 -2.1 -22.6 -.25 2 -23.3 -.25 2 -23.3 -.25 -2.1
4 4 -22.6 -.25 2 -22.6 -.25 -2.1 -22.2 -.25 -2.1 -22.2 -.25 2
4 4 -19.5 -.25 -1.2 -20.8 -.25 -2.1 -19.2 -.25 -2.1 -19.2 -.25 -1.6
4 4 -16.3 -.25 -2.1 -14.6 -.25 2.5 -18.7 -.25 1.5 -16.8 -.25 -2.1
3 4 -11.2 -.25 1.9 -12.3 -.25 -2.1 -11.9 -.25 -2.1
4 4 -11.2 -.25 -2.1 -10.8 -.25 1.9 -11.2 -.25 1.9 -11.9 -.25 -2.1
3 4 -10.8 -.25 1.9 -11.2 -.25 -2.1 -10.8 -.25 -2.1
4 4 -9.6 -.25 -2.1 -9.1 -.25 -2.1 -8.7 -.25 -.6 -9.6 -.25 -.6
3 4 -8.7 -.25 -.6 -9.1 -.25 -2.1 -8.1 -.25 -2.1
3 4 -8.7 -.25 -.6 -8.1 -.25 -2.1 -7.8 -.25 -2.1
4 4 -5.3 -.25 -2.1 -4.6 -.25 -2.1 -5.9 -.25 1.5 -6.2 -.25 1.5
3 4 -2.3 -.25 1.5 -3.6 -.25 -2.1 -2.9 -.25 -2.1
4 4 -1.1 -.25 -2.1 -2 -.25 1.5 -2.3 -.25 1.5 -2.9 -.25 -2.1
3 4 -1.3 -.25 1.9 -2 -.25 1.5 -1.1 -.25 -2.1
4 4 -.4 -.25 -2.1 -.4 -.25 1.9 -1.3 -.25 1.9 -1.1 -.25 -2.1
4 4 1.2 -.25 -2.1 1.2 -.25 1.9 .4 -.25 1.9 .4 -.25 -2.1
4 4 1.2 -.25 1.9 1.2 -.25 -2.1 1.8 -.25 -2.1 1.8 -.25 1.9
4 4 1.8 -.25 1.9 1.8 -.25 -2.1 2.2 -.25 -2.1 2.2 -.25 1.9
3 4 3.281 -.25 .299 3.281 -.25 -2.1 3.5 -.25 -2.1
3 4 6.4 -.25 .9 6.1 -.25 -2.1 6.4 -.25 -2.1
3 4 7.4 -.25 2 7.4 -.25 -2.1 7.8 -.25 -2.1
3 4 -34.4 -.25 -.5 -32.9 -.25 -2.6 -32.9 -.25 -2.1
4 4 -35.5 -.25 -.5 -37.5 -.25 -4.5 -32.9 -.25 -2.6 -34.4 -.25 -.5
4 4 -28.7 -.25 -2.6 -28.7 -.25 -2.1 -30.5 -.25 -2.1 -30.5 -.25 -2.6
4 4 -25.5 -.25 -2.6 -25.5 -.25 -2.1 -26.5 -.25 -2.1 -26.5 -.25 -2.6
4 4 -22.6 -.25 -2.6 -22.6 -.25 -2.1 -23.3 -.25 -2.1 -23.3 -.25 -2.6
4 4 -15.2 -.25 -2.6 -13.9 -.25 -2.6 -13.9 -.25 -2.1 -15.2 -.25 -2.1
4 4 -11.9 -.25 -2.1 -11.9 -.25 -2.6 -11.2 -.25 -2.6 -11.2 -.25 -2.1
4 4 -9.1 -.25 -2.1 -9.1 -.25 -2.6 -8.1 -.25 -2.6 -8.1 -.25 -2.1
4 4 -5.3 -.25 -2.6 -5.3 -.25 -2.1 -6.6 -.25 -2.1 -6.6 -.25 -2.6
4 4 -1.1 -.25 -2.6 -1.1 -.25 -2.1 -2.9 -.25 -2.1 -2.9 -.25 -2.6
4 4 1.8 -.25 -2.6 1.8 -.25 -2.1 1.2 -.25 -2.1 1.2 -.25 -2.6
3 4 3.281 -.25 .299 3.5 -.25 -2.1 4.4 -.25 -2.6
3 4 3.5 -.25 -2.1 3.5 -.25 -2.6 4.4 -.25 -2.6
3 4 6.1 -.25 -2.1 5.1 -.25 -2.6 6.1 -.25 -2.6
3 4 6.4 -.25 .9 5.1 -.25 -2.6 6.1 -.25 -2.1
4 4 7.8 -.25 -2.1 7.8 -.25 -2.6 9.175 -.25 -1.7 9.1 -.25 -1.3
3 4 -15.2355 -.25 -.9 -15.7 -.25 -2.1 -15.2 -.25 -2.1
4 4 -13.9 -.25 -2.1 -13.8871 -.25 -.9 -15.2355 -.25 -.9 -15.2 -.25 -2.1
3 4 -13.8871 -.25 -.9 -13.9 -.25 -2.1 -13.5 -.25 -2.1
3 4 -14.5 -.25 1 -15.0032 -.25 -.3 -14.0807 -.25 -.3
4 4 -8.15 -.25 1.6 -8.3 -.25 1.8 -8.5 -.25 1.9 -9.6 -.25 1.9
4 4 -8.15 -.25 1.6 -9.6 -.25 1.9 -8.1 -.25 1 -8.1 -.25 1.35
4 4 -8.1 -.25 1 -9.6 -.25 1.9 -8.3 -.25 .4 -8.15 -.25 .7
3 4 -9.6 -.25 1.9 -8.5 -.25 .2 -8.3 -.25 .4
4 4 -9.6 -.25 .1 -8.8 -.25 .1 -8.5 -.25 .2 -9.6 -.25 1.9
3 4 -6.2 -.25 2.5 -7.7 -.25 2.35 -7.5 -.25 2.15
3 4 -6.2 -.25 2.5 -7.5 -.25 2.15 -7.35 -.25 1.9
3 4 -6.2 -.25 2.5 -7.35 -.25 1.9 -7.25 -.25 1.6
4 4 -7.2 -.25 1.25 -6.2 -.25 1.5 -6.2 -.25 2.5 -7.25 -.25 1.6
3 4 -6.2 -.25 1.5 -7.2 -.25 1.25 -7.2 -.25 .9
3 4 -6.2 -.25 1.5 -7.2 -.25 .9 -7.3 -.25 .55
4 4 -7.5 -.25 .2 -5.3 -.25 -2.1 -6.2 -.25 1.5 -7.3 -.25 .55
3 4 -7.5 -.25 .2 -7.7 -.25 -.05 -5.3 -.25 -2.1
4 4 -7.7 -.25 -.05 -8 -.25 -.3 -6.6 -.25 -2.1 -5.3 -.25 -2.1
3 4 -8 -.25 -.3 -6.9 -.25 -2.1 -6.6 -.25 -2.1
3 4 9.4 -.25 -2.1 7.8 -.25 -2.6 9.8 -.25 -2.4
3 4 9.175 -.25 -1.7 7.8 -.25 -2.6 9.4 -.25 -2.1
4 4 14.3 -.25 -2 14.3 -.25 -.9 13.5 -.25 -1.1 13.475 -.25 -1.45
3 4 13.475 -.25 -1.45 13.425 -.25 -1.8 14.3 -.25 -2
3 4 13.425 -.25 -1.8 13.3 -.25 -2.05 14.3 -.25 -2
3 4 14.3 -.25 -2 13.3 -.25 -2.05 13.15 -.25 -2.25
4 4 13.15 -.25 -2.25 12.85 -.25 -2.45 15 -.25 -2.2 14.3 -.25 -2
3 4 10.9 -.25 2 10.3 -.25 2 10.3 -.25 -1.1
4 4 10.325 -.25 -1.4 12.5 -.25 2 10.9 -.25 2 10.3 -.25 -1.1
4 4 10.325 -.25 -1.4 10.5 -.25 -1.7 10.8 -.25 -1.9 12.5 -.25 2
4 4 11.7 -.25 -2.05 12.5 -.25 2 10.8 -.25 -1.9 11.1 -.25 -2
4 4 12.6 -.25 -1.9 12.5 -.25 2 11.7 -.25 -2.05 12.3 -.25 -2
4 4 12.975 -.25 -1.35 12.5 -.25 2 12.6 -.25 -1.9 12.85 -.25 -1.675
4 4 12.975 -.25 -1.35 13 -.25 -1.1 13 -.25 2 12.5 -.25 2
4 4 15.2 -.25 1.1 15.4 -.25 .8 17.4 -.25 .9 17.4 -.25 1.2
3 4 15.2 -.25 1.4 15.2 -.25 1.1 17.4 -.25 1.2
4 4 17.4 -.25 1.2 16.95 -.25 1.7 15.3 -.25 1.7 15.2 -.25 1.4
4 4 15.3 -.25 1.7 16.95 -.25 1.7 16.65 -.25 1.9 15.45 -.25 1.85
4 4 15.45 -.25 1.85 16.65 -.25 1.9 16.2 -.25 2.05 15.85 -.25 2.05
4 4 16.7 -.25 -.8 14.7 -.25 -1.15 16.9 -.25 -1.4 16.9 -.25 -1.05
4 4 15.05 -.25 -1.7 16.8 -.25 -1.7 16.9 -.25 -1.4 14.7 -.25 -1.15
4 4 15.35 -.25 -1.95 16.65 -.25 -1.9 16.8 -.25 -1.7 15.05 -.25 -1.7
4 4 15.85 -.25 -2.1 16.2 -.25 -2.1 16.65 -.25 -1.9 15.35 -.25 -1.95
3 4 14.8 -.25 .1 14.3 -.25 -.9 14.7 -.25 -.9
4 4 14.7 -.25 -1.15 16.7 -.25 -.8 14.8 -.25 .1 14.7 -.25 -.9
4 4 14.5 -.25 .4 13.5 -.25 -1.1 14.3 -.25 -.9 14.8 -.25 .1
3 4 14.35 -.25 .7 13.5 -.25 -1.1 14.5 -.25 .4
4 4 13.5 -.25 2 13.5 -.25 -1.1 14.35 -.25 .7 14.3 -.25 1.05
3 4 13.5 -.25 2 14.3 -.25 1.05 14.3 -.25 1.4
4 4 13.5 -.25 2 14.3 -.25 1.4 14.45 -.25 1.8 14 -.25 2
4 4 14 -.25 2.5 14 -.25 2 14.45 -.25 1.8 14.7 -.25 2.1
3 4 14 -.25 2.5 14.7 -.25 2.1 15.1 -.25 2.35
3 4 15.65 -.25 2.5 14 -.25 2.5 15.1 -.25 2.35
3 4 17.1 -.25 2.15 17.4 -.25 1.8 17.4 -.25 2
3 4 17.1 -.25 2.15 17.4 -.25 2 17.8 -.25 2
3 4 17.4 -.25 .9 15.4 -.25 .8 17.3 -.25 -.1
4 4 18.6 -.25 .5 17.8 -.25 .9 17.4 -.25 .9 17.3 -.25 -.1
3 4 18.6 -.25 .5 17.3 -.25 -.1 17.6 -.25 -.4
4 4 17.75 -.25 -.7 18.6 -.25 -.5 18.6 -.25 .5 17.6 -.25 -.4
3 4 18.6 -.25 -.5 17.75 -.25 -.7 17.8 -.25 -1.1
3 4 18.6 -.25 -.5 17.8 -.25 -1.1 17.8 -.25 -1.5
4 4 19.7 -.25 -.5 18.6 -.25 -.5 17.8 -.25 -1.5 23 -.25 -4.5
4 4 12.45 -.25 -2.55 15.7 -.25 -2.6 15.3 -.25 -2.45 12.85 -.25 -2.45
3 4 15 -.25 -2.2 12.85 -.25 -2.45 15.3 -.25 -2.45
3 4 14.7 -.25 -2 14.3 -.25 -2 15 -.25 -2.2
3 4 14.7 -.25 -1.8 14.7 -.25 -2 15 -.25 -2.2
4 4 -16.8 -.25 -2.6 -16.8 -.25 -2.1 -18.7 -.25 -1.6 -18.7 -.25 -2.6
4 4 23 -.25 5.5 23 -.25 7.5 0 -.25 7.5 0 -.25 5.5
4 4 23 -.25 -7.5 23 -.25 -5.5 0 -.25 -5.5 0 -.25 -7.5
4 4 -37.5 -.25 -4.5 -35.5 -.25 -.5 -35.5 -.25 .5 -37.5 -.25 4.5
3 4 -37.5 -.25 4.5 -35.5 -.25 .5 -34.4 -.25 .5
4 4 -33.8 -.25 2.5 -37.5 -.25 4.5 -34.4 -.25 .5 -33.8 -.25 1.5
3 4 -37.5 -.25 4.5 -33.8 -.25 2.5 -29.6 -.25 2.5
3 4 -37.5 -.25 4.5 -29.6 -.25 2.5 -28.7 -.25 2.5
3 4 -37.5 -.25 4.5 -28.7 -.25 2.5 -26.5 -.25 2.5
4 4 -37.5 -.25 4.5 -26.5 -.25 2.5 -25.5 -.25 2.5 -23 -.25 4.5
3 4 -23 -.25 4.5 -25.5 -.25 2.5 -23.3 -.25 2.5
3 4 -23 -.25 4.5 -23.3 -.25 2.5 -22.6 -.25 2.5
3 4 -30.5 -.25 -2.6 -32.9 -.25 -2.6 -37.5 -.25 -4.5
3 4 -28.7 -.25 -2.6 -30.5 -.25 -2.6 -37.5 -.25 -4.5
3 4 -26.5 -.25 -2.6 -28.7 -.25 -2.6 -37.5 -.25 -4.5
4 4 -37.5 -.25 -4.5 -23 -.25 -4.5 -25.5 -.25 -2.6 -26.5 -.25 -2.6
3 4 -23.3 -.25 -2.6 -25.5 -.25 -2.6 -23 -.25 -4.5
3 4 -22.6 -.25 -2.6 -23.3 -.25 -2.6 -23 -.25 -4.5
3 4 -18.7 -.25 -2.6 -22.6 -.25 -2.6 -23 -.25 -4.5
3 4 -23 -.25 4.5 -22.6 -.25 2.5 -18.7 -.25 2.5
3 4 -23 -.25 4.5 -18.7 -.25 2.5 -14.6 -.25 2.5
3 4 -23 -.25 4.5 -14.6 -.25 2.5 -14 -.25 2.5
3 4 -23 -.25 4.5 -14 -.25 2.5 -11.2 -.25 2.5
3 4 -14.6 -.25 2.5 -18.7 -.25 2.5 -18.7 -.25 1.5
3 4 -18.7 -.25 1.5 -18.7 -.25 -1.6 -16.8 -.25 -2.1
3 4 -16.8 -.25 -2.6 -18.7 -.25 -2.6 -23 -.25 -4.5
3 4 -15.2 -.25 -2.6 -16.8 -.25 -2.6 -23 -.25 -4.5
3 4 -13.9 -.25 -2.6 -15.2 -.25 -2.6 -23 -.25 -4.5
3 4 -11.9 -.25 -2.6 -13.9 -.25 -2.6 -23 -.25 -4.5
3 4 -11.2 -.25 -2.6 -11.9 -.25 -2.6 -23 -.25 -4.5
4 4 -23 -.25 -4.5 0 -.25 -4.5 -9.1 -.25 -2.6 -11.2 -.25 -2.6
3 4 -8.1 -.25 -2.6 -9.1 -.25 -2.6 0 -.25 -4.5
3 4 -6.6 -.25 -2.6 -8.1 -.25 -2.6 0 -.25 -4.5
3 4 -5.3 -.25 -2.6 -6.6 -.25 -2.6 0 -.25 -4.5
3 4 -2.9 -.25 -2.6 -5.3 -.25 -2.6 0 -.25 -4.5
3 4 -1.1 -.25 -2.6 -2.9 -.25 -2.6 0 -.25 -4.5
4 4 -11.2 -.25 2.5 -8.1 -.25 2.5 0 -.25 4.5 -23 -.25 4.5
3 4 0 -.25 4.5 -6.2 -.25 2.5 -2 -.25 2.5
3 4 0 -.25 4.5 -2 -.25 2.5 -1.3 -.25 2.5
3 4 0 -.25 4.5 -1.3 -.25 2.5 1.2 -.25 2.5
3 4 0 -.25 4.5 1.2 -.25 2.5 1.8 -.25 2.5
3 4 0 -.25 4.5 1.8 -.25 2.5 3.9 -.25 2.5
3 4 1.2 -.25 -2.6 -1.1 -.25 -2.6 0 -.25 -4.5
3 4 1.8 -.25 -2.6 1.2 -.25 -2.6 0 -.25 -4.5
3 4 3.5 -.25 -2.6 1.8 -.25 -2.6 0 -.25 -4.5
3 4 4.4 -.25 -2.6 3.5 -.25 -2.6 0 -.25 -4.5
3 4 5.1 -.25 -2.6 4.4 -.25 -2.6 0 -.25 -4.5
3 4 6.1 -.25 -2.6 5.1 -.25 -2.6 0 -.25 -4.5
3 4 7.8 -.25 -2.6 6.1 -.25 -2.6 0 -.25 -4.5
3 4 0 -.25 4.5 3.9 -.25 2.5 6.1 -.25 2.5
3 4 0 -.25 4.5 6.1 -.25 2.5 7.7 -.25 2.5
3 4 0 -.25 4.5 7.7 -.25 2.5 8.6 -.25 2.5
3 4 0 -.25 4.5 8.6 -.25 2.5 10.9 -.25 2.5
4 4 10.9 -.25 2.5 12.5 -.25 2.5 23 -.25 4.5 0 -.25 4.5
3 4 23 -.25 4.5 16.8 -.25 2.35 17.1 -.25 2.15
3 4 23 -.25 4.5 16.4 -.25 2.5 16.8 -.25 2.35
3 4 23 -.25 4.5 15.65 -.25 2.5 16.4 -.25 2.5
3 4 23 -.25 4.5 14 -.25 2.5 15.65 -.25 2.5
3 4 23 -.25 4.5 12.5 -.25 2.5 14 -.25 2.5
4 4 17.8 -.25 .9 18.6 -.25 .5 19.7 -.25 .5 17.8 -.25 2
3 4 17.8 -.25 -1.5 17.65 -.25 -1.85 23 -.25 -4.5
3 4 17.65 -.25 -1.85 17.45 -.25 -2.15 23 -.25 -4.5
3 4 17.45 -.25 -2.15 17 -.25 -2.45 23 -.25 -4.5
3 4 17 -.25 -2.45 16.4 -.25 -2.6 23 -.25 -4.5
4 4 7.8 -.25 -2.6 0 -.25 -4.5 10.35 -.25 -2.55 9.8 -.25 -2.4
3 4 10.35 -.25 -2.55 0 -.25 -4.5 10.85 -.25 -2.6
3 4 11.3 -.25 -2.6 10.85 -.25 -2.6 0 -.25 -4.5
4 4 11.9 -.25 -2.6 11.3 -.25 -2.6 0 -.25 -4.5 23 -.25 -4.5
3 4 16.4 -.25 -2.6 15.7 -.25 -2.6 23 -.25 -4.5
4 4 11.9 -.25 -2.6 23 -.25 -4.5 15.7 -.25 -2.6 12.45 -.25 -2.55
3 4 -36.5 -.25 7.5 -37.5 -.25 6.5 -37.5 -.25 5.5
3 4 -37.5 -.25 -5.5 -37.5 -.25 -6.5 -36.5 -.25 -7.5
4 4 23 -.25 5.5 30 -.25 5.5 36.5 -.25 7.5 23 -.25 7.5
3 4 36.5 -.25 7.5 30 -.25 5.5 34 -.25 5.5
4 4 34 -.25 5.5 35.5 -.25 5.5 37.5 -.25 6.5 36.5 -.25 7.5
3 4 37.5 -.25 6.5 35.5 -.25 5.5 35.5 -.25 4
4 4 35.5 -.25 -4 37.5 -.25 -6.5 37.5 -.25 6.5 35.5 -.25 4
4 4 36.5 -.25 -7.5 37.5 -.25 -6.5 35.5 -.25 -4 35.5 -.25 -5.5
3 4 35.5 -.25 -5.5 34 -.25 -5.5 36.5 -.25 -7.5
3 4 34 -.25 -5.5 30 -.25 -5.5 36.5 -.25 -7.5
4 4 23 -.25 -5.5 23 -.25 -7.5 36.5 -.25 -7.5 30 -.25 -5.5
4 4 19.7 -.25 .5 22.2261 -.25 1.9673 21.8434 -.25 2.8912 17.8 -.25 2
4 4 17.1 -.25 2.15 17.8 -.25 2 21.8434 -.25 2.8912 23 -.25 4.5
4 4 26.1673 -.25 3.2739 23 -.25 4.5 23.6912 -.25 3.6566 25.2434 -.25 2.8912
3 4 23 -.25 4.5 26.1673 -.25 3.2739 27.0912 -.25 3.6566
3 4 23 -.25 4.5 21.8434 -.25 2.8912 22.7673 -.25 3.2739
3 4 23 -.25 4.5 22.7673 -.25 3.2739 23.6912 -.25 3.6566
3 4 30 -.25 4.5 23 -.25 4.5 27.0912 -.25 3.6566
4 4 29.5673 -.25 3.2739 30 -.25 4.5 27.0912 -.25 3.6566 28.6434 -.25 2.8912
3 4 30 -.25 4.5 29.5673 -.25 3.2739 30.4912 -.25 3.6566
3 4 34 -.25 4.5 30 -.25 4.5 30.4912 -.25 3.6566
3 4 34 -.25 4.5 30.4912 -.25 3.6566 30.8739 -.25 2.7327
4 4 34 -.25 4.5 30.8739 -.25 2.7327 32.9739 -.25 -1.7673 34.5 -.25 4
4 4 32.9739 -.25 -1.7673 33.3566 -.25 -2.6912 34.5 -.25 -4 34.5 -.25 4
4 4 23 -.25 -4.5 28.1088 -.25 -3.4566 25.6327 -.25 -3.0739 24.7088 -.25 -3.4566
3 4 26.5566 -.25 -2.6912 25.6327 -.25 -3.0739 28.1088 -.25 -3.4566
4 4 28.1088 -.25 -3.4566 27.7261 -.25 -2.5327 26.1739 -.25 -1.7673 26.5566 -.25 -2.6912
4 4 24.0739 -.25 2.7327 26.1739 -.25 -1.7673 27.7261 -.25 -2.5327 25.6261 -.25 1.9673
4 4 25.6261 -.25 1.9673 25.2434 -.25 2.8912 23.6912 -.25 3.6566 24.0739 -.25 2.7327
4 4 19.7 -.25 -.5 24.3261 -.25 -2.5327 22.2261 -.25 1.9673 19.7 -.25 .5
4 4 24.3261 -.25 -2.5327 19.7 -.25 -.5 23 -.25 -4.5 24.7088 -.25 -3.4566
3 4 28.1088 -.25 -3.4566 23 -.25 -4.5 30 -.25 -4.5
3 4 29.0327 -.25 -3.0739 28.1088 -.25 -3.4566 30 -.25 -4.5
3 4 29.9566 -.25 -2.6912 29.0327 -.25 -3.0739 30 -.25 -4.5
4 4 29.9566 -.25 -2.6912 30 -.25 -4.5 31.5088 -.25 -3.4566 31.1261 -.25 -2.5327
4 4 30 -.25 -4.5 34 -.25 -4.5 32.4327 -.25 -3.0739 31.5088 -.25 -3.4566
4 4 34 -.25 -4.5 34.5 -.25 -4 33.3566 -.25 -2.6912 32.4327 -.25 -3.0739
4 4 29.0261 -.25 1.9673 28.6434 -.25 2.8912 27.0912 -.25 3.6566 27.4739 -.25 2.7327
4 4 31.1261 -.25 -2.5327 29.0261 -.25 1.9673 27.4739 -.25 2.7327 29.5739 -.25 -1.7673
3 4 29.5739 -.25 -1.7673 29.9566 -.25 -2.6912 31.1261 -.25 -2.5327
1 15 34 -.25 4 0 0 .5 0 1 0 .5 0 0 1-4ring1.dat
1 15 34 -.25 -4 .5 0 0 0 1 0 0 0 -.5 1-4ring1.dat
1 15 34 -.25 -4 .5 0 0 0 1 0 0 0 -.5 1-4ring2.dat
1 15 34 -.25 4 0 0 .5 0 1 0 .5 0 0 1-4ring2.dat
4 15 -37.5 -.25 5.5 -37.5 -.25 4.5 -23 -.25 4.5 -23 -.25 5.5
4 15 -23 -.25 4.5 0 -.25 4.5 0 -.25 5.5 -23 -.25 5.5
4 15 -37.5 -.25 -4.5 -37.5 -.25 -5.5 -23 -.25 -5.5 -23 -.25 -4.5
4 15 0 -.25 -4.5 -23 -.25 -4.5 -23 -.25 -5.5 0 -.25 -5.5
4 15 23 -.25 4.5 30 -.25 4.5 30 -.25 5.5 23 -.25 5.5
4 15 23 -.25 4.5 23 -.25 5.5 0 -.25 5.5 0 -.25 4.5
4 15 23 -.25 -5.5 30 -.25 -5.5 30 -.25 -4.5 23 -.25 -4.5
4 15 23 -.25 -5.5 23 -.25 -4.5 0 -.25 -4.5 0 -.25 -5.5
4 15 30 -.25 5.5 30 -.25 4.5 34 -.25 5 34 -.25 5.5
3 15 34 -.25 5 30 -.25 4.5 34 -.25 4.5
4 15 30 -.25 -5.5 34 -.25 -5.5 34 -.25 -5 30 -.25 -4.5
3 15 34 -.25 -4.5 30 -.25 -4.5 34 -.25 -5
4 15 34.5 -.25 -4 35 -.25 -4 35 -.25 4 34.5 -.25 4
4 15 35 -.25 4 35 -.25 -4 35.5 -.25 -4 35.5 -.25 4
1 0 23.15 -.25 2.35 .23097 0 -.09567 0 1 0 .09567 0 .23097 2-4ring3.dat
1 0 26.55 -.25 2.35 .23097 0 -.09567 0 1 0 .09567 0 .23097 2-4ring3.dat
1 0 29.95 -.25 2.35 .23097 0 -.09567 0 1 0 .09567 0 .23097 2-4ring3.dat
1 0 25.25 -.25 -2.15 -.23097 0 .09567 0 1 0 -.09567 0 -.23097 2-4ring3.dat
1 0 28.65 -.25 -2.15 -.23097 0 .09567 0 1 0 -.09567 0 -.23097 2-4ring3.dat
1 0 32.05 -.25 -2.15 -.23097 0 .09567 0 1 0 -.09567 0 -.23097 2-4ring3.dat
1 0 23.15 -.25 2.35 .13858 0 -.0574 0 1 0 .0574 0 .13858 2-4ring4.dat
1 0 26.55 -.25 2.35 .13858 0 -.0574 0 1 0 .0574 0 .13858 2-4ring4.dat
1 0 29.95 -.25 2.35 .13858 0 -.0574 0 1 0 .0574 0 .13858 2-4ring4.dat
1 0 25.25 -.25 -2.15 -.13858 0 .0574 0 1 0 -.0574 0 -.13858 2-4ring4.dat
1 0 28.65 -.25 -2.15 -.13858 0 .0574 0 1 0 -.0574 0 -.13858 2-4ring4.dat
1 0 32.05 -.25 -2.15 -.13858 0 .0574 0 1 0 -.0574 0 -.13858 2-4ring4.dat
3 0 -33.8 -.25 2.5 -33.5 -.25 2 -32.2 -.25 2
3 0 -29.6 -.25 2.5 -31.2 -.25 2 -29.9 -.25 2
3 0 -28.7 -.25 2.5 -28.7 -.25 2 -28.3 -.25 2
4 0 -26.9 -.25 2 -26.5 -.25 2.5 -28.7 -.25 2.5 -28.3 -.25 2
3 0 -26.5 -.25 2.5 -26.9 -.25 2 -26.5 -.25 2
3 0 -25.5 -.25 2.5 -25.5 -.25 2 -25.1 -.25 2
4 0 -25.1 -.25 2 -23.7 -.25 2 -23.3 -.25 2.5 -25.5 -.25 2.5
3 0 -23.3 -.25 2.5 -23.7 -.25 2 -23.3 -.25 2
3 0 -22.6 -.25 2.5 -22.6 -.25 2 -22.2 -.25 2
4 0 -22.6 -.25 2.5 -22.2 -.25 2 -20.8 -.25 2 -18.7 -.25 2.5
3 0 -18.7 -.25 2.5 -20.8 -.25 2 -19.2 -.25 2
3 0 -6.2 -.25 2.5 -5.9 -.25 2 -4.6 -.25 2
3 0 -2 -.25 2.5 -3.6 -.25 2 -2.3 -.25 2
4 0 -4.6 -.25 2 -3.6 -.25 2 -2 -.25 2.5 -6.2 -.25 2.5
3 0 6.1 -.25 2.5 6.1 -.25 2 6.4 -.25 2
3 0 6.1 -.25 2.5 6.4 -.25 2 7.4 -.25 2
4 0 7.7 -.25 2 7.7 -.25 2.5 6.1 -.25 2.5 7.4 -.25 2
3 0 8.6 -.25 2.5 8.6 -.25 2 9.1 -.25 2
3 0 10.9 -.25 2.5 10.3 -.25 2 10.9 -.25 2
3 0 12.5 -.25 2.5 12.5 -.25 2 13 -.25 2
4 0 13 -.25 2 13.5 -.25 2 14 -.25 2.5 12.5 -.25 2.5
3 0 14 -.25 2.5 13.5 -.25 2 14 -.25 2
3 0 -11.2 -.25 2.5 -11.2 -.25 1.9 -10.8 -.25 1.9
4 0 -10.8 -.25 1.9 -9.6 -.25 1.9 -8.1 -.25 2.5 -11.2 -.25 2.5
3 0 -8.1 -.25 2.5 -9.6 -.25 1.9 -8.5 -.25 1.9
3 0 -1.3 -.25 2.5 -1.3 -.25 1.9 -.4 -.25 1.9
4 0 .4 -.25 1.9 1.2 -.25 2.5 -1.3 -.25 2.5 -.4 -.25 1.9
3 0 1.2 -.25 2.5 .4 -.25 1.9 1.2 -.25 1.9
3 0 1.8 -.25 2.5 1.8 -.25 1.9 2.2 -.25 1.9
4 0 3.281 -.25 .299 3.9 -.25 2.5 1.8 -.25 2.5 2.2 -.25 1.9
3 0 17.8 -.25 2 17.4 -.25 2 17.4 -.25 1.8
4 0 -33.5 -.25 2 -33.8 -.25 2.5 -33.8 -.25 1.5 -33.5 -.25 1.5
4 0 -29.6 -.25 1.5 -29.6 -.25 2.5 -29.9 -.25 2 -29.9 -.25 1.5
4 0 -5.9 -.25 2 -6.2 -.25 2.5 -6.2 -.25 1.5 -5.9 -.25 1.5
4 0 -2.3 -.25 2 -2.3 -.25 1.5 -2 -.25 1.5 -2 -.25 2.5
3 0 17.8 -.25 2 17.4 -.25 1.8 17.4 -.25 1.2
4 0 -14.0807 -.25 -.3 -14 -.25 2.5 -14.6 -.25 2.5 -14.5 -.25 1
4 0 -16.3 -.25 -2.1 -15.0032 -.25 -.3 -14.5 -.25 1 -14.6 -.25 2.5
3 0 7.4 -.25 2 6.4 -.25 2 6.4 -.25 .9
4 0 6.4 -.25 -2.1 7.4 -.25 -2.1 7.4 -.25 2 6.4 -.25 .9
4 0 17.4 -.25 1.2 17.4 -.25 .9 17.8 -.25 .9 17.8 -.25 2
3 0 -26.9 -.25 2 -28.3 -.25 2 -26.9 -.25 .5
3 0 -23.7 -.25 2 -25.1 -.25 2 -25.1 -.25 .5
3 0 -9.6 -.25 1.9 -10.8 -.25 1.9 -9.6 -.25 .1
4 0 -26.9 -.25 .5 -28.3 -.25 2 -28.3 -.25 -2.1 -26.9 -.25 -.4
4 0 -25.1 -.25 .5 -25.1 -.25 -.4 -23.7 -.25 -2.1 -23.7 -.25 2
4 0 -35.5 -.25 -.5 -34.4 -.25 -.5 -34.4 -.25 .5 -35.5 -.25 .5
4 0 -9.6 -.25 .1 -10.8 -.25 1.9 -10.8 -.25 -2.1 -9.6 -.25 -.6
4 0 -9.6 -.25 .1 -9.6 -.25 -.6 -8.7 -.25 -.6 -8.8 -.25 .1
4 0 -8.5 -.25 .2 -8.8 -.25 .1 -8.7 -.25 -.6 -8 -.25 -.3
4 0 -6.9 -.25 -2.1 -8 -.25 -.3 -8.7 -.25 -.6 -7.8 -.25 -2.1
4 0 13 -.25 -1.1 13.5 -.25 -1.1 13.5 -.25 2 13 -.25 2
3 0 3.9 -.25 2.5 3.281 -.25 .299 5.1 -.25 -1
4 0 5.1 -.25 -2.6 5.1 -.25 -1 3.281 -.25 .299 4.4 -.25 -2.6
4 0 5.1 -.25 -2.6 6.4 -.25 .9 6.4 -.25 2 5.1 -.25 -1
4 0 9.1 -.25 2 9.1 -.25 -1.3 10.3 -.25 -1.1 10.3 -.25 2
4 0 14.7 -.25 -1.15 14.7 -.25 -.9 14.3 -.25 -.9 14.3 -.25 -2
3 0 14.7 -.25 -1.8 14.3 -.25 -2 14.7 -.25 -2
3 0 14.7 -.25 -1.15 14.3 -.25 -2 14.7 -.25 -1.8
3 0 -26.9 -.25 -.4 -28.3 -.25 -2.1 -26.9 -.25 -2.1
3 0 -25.1 -.25 -.4 -25.1 -.25 -2.1 -23.7 -.25 -2.1
3 0 -9.6 -.25 -.6 -10.8 -.25 -2.1 -9.6 -.25 -2.1
4 0 .4 -.25 -2.1 .4 -.25 1.9 -.4 -.25 1.9 -.4 -.25 -2.1
3 0 -32.2 -.25 -2.1 -32.9 -.25 -2.1 -32.9 -.25 -2.6
3 0 -30.5 -.25 -2.1 -31.2 -.25 -2.1 -30.5 -.25 -2.6
3 0 -28.3 -.25 -2.1 -28.7 -.25 -2.1 -28.7 -.25 -2.6
4 0 -28.7 -.25 -2.6 -26.5 -.25 -2.6 -26.9 -.25 -2.1 -28.3 -.25 -2.1
3 0 -26.5 -.25 -2.1 -26.9 -.25 -2.1 -26.5 -.25 -2.6
3 0 -25.1 -.25 -2.1 -25.5 -.25 -2.1 -25.5 -.25 -2.6
3 0 -23.7 -.25 -2.1 -25.1 -.25 -2.1 -25.5 -.25 -2.6
4 0 -25.5 -.25 -2.6 -23.3 -.25 -2.6 -23.3 -.25 -2.1 -23.7 -.25 -2.1
3 0 -22.2 -.25 -2.1 -22.6 -.25 -2.1 -22.6 -.25 -2.6
4 0 -22.6 -.25 -2.6 -18.7 -.25 -2.6 -20.8 -.25 -2.1 -22.2 -.25 -2.1
3 0 -19.2 -.25 -2.1 -20.8 -.25 -2.1 -18.7 -.25 -2.6
3 0 -16.3 -.25 -2.1 -16.8 -.25 -2.1 -16.8 -.25 -2.6
3 0 -15.2 -.25 -2.1 -15.7 -.25 -2.1 -15.2 -.25 -2.6
4 0 -16.8 -.25 -2.6 -15.2 -.25 -2.6 -15.7 -.25 -2.1 -16.3 -.25 -2.1
4 0 -11.9 -.25 -2.6 -13.5 -.25 -2.1 -13.9 -.25 -2.1 -13.9 -.25 -2.6
4 0 -11.9 -.25 -2.6 -12.3 -.25 -2.1 -13.8871 -.25 -.9 -13.5 -.25 -2.1
3 0 -11.9 -.25 -2.1 -12.3 -.25 -2.1 -11.9 -.25 -2.6
3 0 -10.8 -.25 -2.1 -11.2 -.25 -2.1 -11.2 -.25 -2.6
3 0 -7.8 -.25 -2.1 -8.1 -.25 -2.1 -8.1 -.25 -2.6
3 0 -6.9 -.25 -2.1 -7.8 -.25 -2.1 -8.1 -.25 -2.6
4 0 -8.1 -.25 -2.6 -6.6 -.25 -2.6 -6.6 -.25 -2.1 -6.9 -.25 -2.1
3 0 -4.6 -.25 -2.1 -5.3 -.25 -2.1 -5.3 -.25 -2.6
3 0 -2.9 -.25 -2.1 -3.6 -.25 -2.1 -2.9 -.25 -2.6
3 0 -.4 -.25 -2.1 -1.1 -.25 -2.1 -1.1 -.25 -2.6
4 0 -1.1 -.25 -2.6 1.2 -.25 -2.6 .4 -.25 -2.1 -.4 -.25 -2.1
3 0 1.2 -.25 -2.1 .4 -.25 -2.1 1.2 -.25 -2.6
3 0 2.2 -.25 -2.1 1.8 -.25 -2.1 1.8 -.25 -2.6
3 0 3.5 -.25 -2.1 3.281 -.25 -2.1 3.5 -.25 -2.6
3 0 6.4 -.25 -2.1 6.1 -.25 -2.1 6.1 -.25 -2.6
3 0 7.4 -.25 -2.1 6.4 -.25 -2.1 6.1 -.25 -2.6
4 0 6.1 -.25 -2.6 7.8 -.25 -2.6 7.8 -.25 -2.1 7.4 -.25 -2.1
4 0 -32.9 -.25 -2.6 -30.5 -.25 -2.6 -31.2 -.25 -2.1 -32.2 -.25 -2.1
4 0 -31.2 -.25 -2.1 -31.2 -.25 2 -32.2 -.25 2 -32.2 -.25 -2.1
4 0 -29.6 -.25 2.5 -33.8 -.25 2.5 -32.2 -.25 2 -31.2 -.25 2
4 0 -26.9 -.25 .5 -26.9 -.25 -.4 -25.1 -.25 -.4 -25.1 -.25 .5
4 0 -19.2 -.25 -1.6 -19.2 -.25 -2.1 -18.7 -.25 -2.6 -18.7 -.25 -1.6
4 0 -19.2 -.25 1.5 -18.7 -.25 1.5 -18.7 -.25 2.5 -19.2 -.25 2
3 0 -20.8 -.25 2 -22.2 -.25 2 -20.8 -.25 .4
4 0 -22.2 -.25 -2.1 -20.8 -.25 -.7 -20.8 -.25 .4 -22.2 -.25 2
3 0 -20.8 -.25 -.7 -22.2 -.25 -2.1 -20.8 -.25 -2.1
4 0 -20.8 -.25 .4 -20.8 -.25 -.7 -19.5 -.25 -.7 -19.5 -.25 .4
3 0 -19.1 -.25 .9 -19.5 -.25 .9 -19.5 -.25 .4
4 0 -19.5 -.25 -.7 -19.1 -.25 -1.2 -19.1 -.25 .9 -19.5 -.25 .4
3 0 -19.5 -.25 -.7 -19.5 -.25 -1.2 -19.1 -.25 -1.2
4 0 -15.2355 -.25 -.9 -13.8871 -.25 -.9 -14.0807 -.25 -.3 -15.0032 -.25 -.3
3 0 -15.2355 -.25 -.9 -16.3 -.25 -2.1 -15.7 -.25 -2.1
3 0 -15.0032 -.25 -.3 -16.3 -.25 -2.1 -15.2355 -.25 -.9
4 0 -14 -.25 2.5 -14.0807 -.25 -.3 -13.8871 -.25 -.9 -12.3 -.25 -2.1
3 0 -9.6 -.25 -2.1 -10.8 -.25 -2.1 -11.2 -.25 -2.6
4 0 -11.2 -.25 -2.6 -9.1 -.25 -2.6 -9.1 -.25 -2.1 -9.6 -.25 -2.1
4 0 -8.5 -.25 1.9 -8.3 -.25 1.8 -7.7 -.25 2.35 -8.1 -.25 2.5
4 0 -8.3 -.25 1.8 -8.15 -.25 1.6 -7.5 -.25 2.15 -7.7 -.25 2.35
3 0 -7.5 -.25 2.15 -8.15 -.25 1.6 -7.35 -.25 1.9
4 0 -8.15 -.25 1.6 -8.1 -.25 1.35 -7.25 -.25 1.6 -7.35 -.25 1.9
4 0 -8.1 -.25 1 -7.2 -.25 1.25 -7.25 -.25 1.6 -8.1 -.25 1.35
3 0 -7.2 -.25 1.25 -8.1 -.25 1 -7.2 -.25 .9
4 0 -7.3 -.25 .55 -7.2 -.25 .9 -8.1 -.25 1 -8.15 -.25 .7
3 0 -8.15 -.25 .7 -7.5 -.25 .2 -7.3 -.25 .55
4 0 -7.7 -.25 -.05 -7.5 -.25 .2 -8.15 -.25 .7 -8.3 -.25 .4
4 0 -8 -.25 -.3 -7.7 -.25 -.05 -8.3 -.25 .4 -8.5 -.25 .2
4 0 -3.6 -.25 -2.1 -3.6 -.25 2 -4.6 -.25 2 -4.6 -.25 -2.1
4 0 -5.3 -.25 -2.6 -2.9 -.25 -2.6 -3.6 -.25 -2.1 -4.6 -.25 -2.1
4 0 3.281 -.25 -2.1 3.281 -.25 .299 2.2 -.25 1.9 2.2 -.25 -2.1
4 0 3.5 -.25 -2.6 3.281 -.25 -2.1 2.2 -.25 -2.1 1.8 -.25 -2.6
4 0 10.9 -.25 2.5 8.6 -.25 2.5 9.1 -.25 2 10.3 -.25 2
3 0 10.3 -.25 -1.1 9.1 -.25 -1.3 9.175 -.25 -1.7
4 0 9.4 -.25 -2.1 10.325 -.25 -1.4 10.3 -.25 -1.1 9.175 -.25 -1.7
4 0 9.8 -.25 -2.4 10.5 -.25 -1.7 10.325 -.25 -1.4 9.4 -.25 -2.1
4 0 10.5 -.25 -1.7 9.8 -.25 -2.4 10.35 -.25 -2.55 10.8 -.25 -1.9
3 0 10.8 -.25 -1.9 10.35 -.25 -2.55 10.85 -.25 -2.6
4 0 11.3 -.25 -2.6 11.1 -.25 -2 10.8 -.25 -1.9 10.85 -.25 -2.6
4 0 11.1 -.25 -2 11.3 -.25 -2.6 11.9 -.25 -2.6 11.7 -.25 -2.05
4 0 12.45 -.25 -2.55 12.3 -.25 -2 11.7 -.25 -2.05 11.9 -.25 -2.6
4 0 12.45 -.25 -2.55 12.85 -.25 -2.45 12.6 -.25 -1.9 12.3 -.25 -2
3 0 12.6 -.25 -1.9 12.85 -.25 -2.45 13.15 -.25 -2.25
4 0 12.6 -.25 -1.9 13.15 -.25 -2.25 13.3 -.25 -2.05 12.85 -.25 -1.675
3 0 12.975 -.25 -1.35 12.85 -.25 -1.675 13.3 -.25 -2.05
4 0 13.3 -.25 -2.05 13.425 -.25 -1.8 13.475 -.25 -1.45 12.975 -.25 -1.35
4 0 12.975 -.25 -1.35 13.475 -.25 -1.45 13.5 -.25 -1.1 13 -.25 -1.1
4 0 17.3 -.25 -.1 15.4 -.25 .8 14.8 -.25 .1 16.7 -.25 -.8
3 0 15.4 -.25 .8 14.5 -.25 .4 14.8 -.25 .1
4 0 15.2 -.25 1.1 14.35 -.25 .7 14.5 -.25 .4 15.4 -.25 .8
4 0 15.2 -.25 1.4 14.3 -.25 1.05 14.35 -.25 .7 15.2 -.25 1.1
4 0 14.3 -.25 1.05 15.2 -.25 1.4 14.45 -.25 1.8 14.3 -.25 1.4
4 0 15.2 -.25 1.4 15.3 -.25 1.7 14.7 -.25 2.1 14.45 -.25 1.8
4 0 15.3 -.25 1.7 15.45 -.25 1.85 15.1 -.25 2.35 14.7 -.25 2.1
4 0 15.45 -.25 1.85 15.85 -.25 2.05 15.65 -.25 2.5 15.1 -.25 2.35
4 0 15.65 -.25 2.5 15.85 -.25 2.05 16.2 -.25 2.05 16.4 -.25 2.5
4 0 16.65 -.25 1.9 16.8 -.25 2.35 16.4 -.25 2.5 16.2 -.25 2.05
4 0 16.95 -.25 1.7 17.1 -.25 2.15 16.8 -.25 2.35 16.65 -.25 1.9
4 0 17.4 -.25 1.2 17.4 -.25 1.8 17.1 -.25 2.15 16.95 -.25 1.7
3 0 17.3 -.25 -.1 16.7 -.25 -.8 17.6 -.25 -.4
4 0 17.6 -.25 -.4 16.7 -.25 -.8 16.9 -.25 -1.05 17.75 -.25 -.7
3 0 17.75 -.25 -.7 16.9 -.25 -1.05 17.8 -.25 -1.1
4 0 17.8 -.25 -1.5 17.8 -.25 -1.1 16.9 -.25 -1.05 16.9 -.25 -1.4
3 0 16.9 -.25 -1.4 17.65 -.25 -1.85 17.8 -.25 -1.5
4 0 17.45 -.25 -2.15 17.65 -.25 -1.85 16.9 -.25 -1.4 16.8 -.25 -1.7
4 0 17 -.25 -2.45 17.45 -.25 -2.15 16.8 -.25 -1.7 16.65 -.25 -1.9
4 0 16.4 -.25 -2.6 17 -.25 -2.45 16.65 -.25 -1.9 16.2 -.25 -2.1
4 0 15.7 -.25 -2.6 16.4 -.25 -2.6 16.2 -.25 -2.1 15.85 -.25 -2.1
4 0 15.7 -.25 -2.6 15.85 -.25 -2.1 15.35 -.25 -1.95 15.3 -.25 -2.45
4 0 15.05 -.25 -1.7 15 -.25 -2.2 15.3 -.25 -2.45 15.35 -.25 -1.95
4 0 15 -.25 -2.2 15.05 -.25 -1.7 14.7 -.25 -1.15 14.7 -.25 -1.8
4 0 18.6 -.25 .5 18.6 -.25 -.5 19.7 -.25 -.5 19.7 -.25 .5
4 0 22.2261 -.25 1.9673 24.3261 -.25 -2.5327 24.5571 -.25 -2.437 22.4571 -.25 2.063
4 0 24.5571 -.25 -2.437 24.6957 -.25 -2.3796 22.5957 -.25 2.1204 22.4571 -.25 2.063
4 0 25.9429 -.25 -1.863 23.8429 -.25 2.637 23.70432 -.25 2.5796 25.80433 -.25 -1.92039
4 0 25.9429 -.25 -1.863 26.1739 -.25 -1.7673 24.0739 -.25 2.7327 23.8429 -.25 2.637
4 0 27.9571 -.25 -2.437 25.8571 -.25 2.063 25.6261 -.25 1.9673 27.7261 -.25 -2.5327
4 0 27.9571 -.25 -2.437 28.0957 -.25 -2.3796 25.9957 -.25 2.1204 25.8571 -.25 2.063
4 0 29.3429 -.25 -1.863 27.2429 -.25 2.637 27.10433 -.25 2.57961 29.20433 -.25 -1.92039
4 0 29.3429 -.25 -1.863 29.5739 -.25 -1.7673 27.4739 -.25 2.7327 27.2429 -.25 2.637
4 0 29.0261 -.25 1.9673 31.1261 -.25 -2.5327 31.3571 -.25 -2.437 29.2571 -.25 2.063
4 0 31.3571 -.25 -2.437 31.4957 -.25 -2.3796 29.3957 -.25 2.1204 29.2571 -.25 2.063
4 0 32.7429 -.25 -1.863 30.6429 -.25 2.637 30.50433 -.25 2.57961 32.60433 -.25 -1.92039
4 0 32.7429 -.25 -1.863 32.9739 -.25 -1.7673 30.8739 -.25 2.7327 30.6429 -.25 2.637
1 71 23.15 -.25 2.35 .55433 0 -.22961 0 1 0 .22961 0 .55433 2-4chrd.dat
1 71 26.55 -.25 2.35 .55433 0 -.22961 0 1 0 .22961 0 .55433 2-4chrd.dat
1 71 29.95 -.25 2.35 .55433 0 -.22961 0 1 0 .22961 0 .55433 2-4chrd.dat
1 71 25.25 -.25 -2.15 -.55433 0 .22961 0 1 0 -.22961 0 -.55433 2-4chrd.dat
1 71 28.65 -.25 -2.15 -.55433 0 .22961 0 1 0 -.22961 0 -.55433 2-4chrd.dat
1 71 32.05 -.25 -2.15 -.55433 0 .22961 0 1 0 -.22961 0 -.55433 2-4chrd.dat
4 71 25.80433 -.25 -1.92039 23.70432 -.25 2.5796 22.5957 -.25 2.1204 24.6957 -.25 -2.3796
4 71 29.20433 -.25 -1.92039 27.10433 -.25 2.57961 25.9957 -.25 2.1204 28.0957 -.25 -2.3796
4 71 29.3957 -.25 2.1204 31.4957 -.25 -2.3796 32.60433 -.25 -1.92039 30.50433 -.25 2.57961

1 16 36.5 0 6.5 1 0 0 0 -1 0 0 0 1 1-4chrd.dat
1 16 36.5 0 -6.5 0 0 1 0 -1 0 -1 0 0 1-4chrd.dat
1 16 -36.5 0 -6.5 -1 0 0 0 -1 0 0 0 -1 1-4chrd.dat
1 16 -36.5 0 6.5 0 0 -1 0 -1 0 1 0 0 1-4chrd.dat
4 16 36.5 0 -7.5 -36.5 0 -7.5 -37.5 0 -6.5 37.5 0 -6.5
4 16 37.5 0 6.5 37.5 0 -6.5 -37.5 0 -6.5 -37.5 0 6.5
4 16 37.5 0 6.5 -37.5 0 6.5 -36.5 0 7.5 36.5 0 7.5

1 16 36.5 -.25 6.5 1 0 0 0 .25 0 0 0 1 1-4cyli.dat
1 16 -36.5 -.25 6.5 0 0 -1 0 .25 0 1 0 0 1-4cyli.dat
1 16 -36.5 -.25 -6.5 -1 0 0 0 .25 0 0 0 -1 1-4cyli.dat
1 16 36.5 -.25 -6.5 0 0 1 0 .25 0 -1 0 0 1-4cyli.dat
4 16 36.5 -.25 -7.5 -36.5 -.25 -7.5 -36.5 0 -7.5 36.5 0 -7.5
4 16 37.5 -.25 6.5 37.5 -.25 -6.5 37.5 0 -6.5 37.5 0 6.5
4 16 -36.5 -.25 7.5 36.5 -.25 7.5 36.5 0 7.5 -36.5 0 7.5
4 16 -37.5 -.25 -6.5 -37.5 -.25 6.5 -37.5 0 6.5 -37.5 0 -6.5
