0 Sticker  2.5 x  2.7 with Black Trident, Gold Triangle and Symbols
0 Name: 4614385f.dat
0 Author: Evert-Jan Boer [ejboer]
0 !LDRAW_ORG Unofficial_Part
0 !LICENSE Licensed under CC BY 4.0 : see CAreadme.txt

0 BFC CERTIFY CCW

0 !KEYWORDS City of Atlantis, Set 7985

1 15 26.5 -.25 23 1 0 0 0 -1 0 0 0 1 1-4chrd.dat
1 15 -26.5 -.25 23 0 0 -1 0 -1 0 1 0 0 1-4chrd.dat
1 15 17.7 -.25 -26.5 0 0 1 0 -1 0 -1 0 0 3-16chrd.dat
1 15 -17.7 -.25 -26.5 0 0 -1 0 -1 0 -1 0 0 3-16chrd.dat
1 15 -1 -.25 -1 0 0 -.8 0 1 0 .8 0 0 2-4ndis.dat
1 15 -1 -.25 -3.6 0 0 -.8 0 1 0 .8 0 0 2-4ndis.dat
1 15 1 -.25 -3.6 0 0 .8 0 1 0 -.8 0 0 2-4ndis.dat
1 15 1 -.25 -1 0 0 .8 0 1 0 -.8 0 0 2-4ndis.dat
4 15 -27.5 -.25 23 27.5 -.25 23 26.5 -.25 24 -26.5 -.25 24
4 15 17.7 -.25 -27.5 18.6239 -.25 -26.8827 -18.6239 -.25 -26.8827 -17.7 -.25 -27.5
3 15 -21 -.25 -20 -18.6239 -.25 -26.8827 -.75 -.25 -23.5
4 15 18.6239 -.25 -26.8827 .75 -.25 -23.5 -.75 -.25 -23.5 -18.6239 -.25 -26.8827
4 15 -13.3 -.25 -17.15 -24.5 -.25 -10 -21 -.25 -20 -14.25 -.25 -17.9
4 15 -21 -.25 -20 -.75 -.25 -23.5 -3.7 -.25 -17.9 -14.25 -.25 -17.9
4 15 -.75 -.25 -8.55 -3.7 -.25 -11.6 -3.7 -.25 -17.9 -.75 -.25 -23.5
4 15 .75 -.25 -8.55 .75 -.25 -23.5 2.45 -.25 -17.9 2.45 -.25 -11.6
3 15 13 -.25 -17.9 2.45 -.25 -17.9 .75 -.25 -23.5
4 15 18.6239 -.25 -26.8827 21 -.25 -20 13 -.25 -17.9 .75 -.25 -23.5
4 15 21 -.25 -20 24.5 -.25 -10 12.05 -.25 -17.15 13 -.25 -17.9
4 15 12.05 -.25 -17.15 24.5 -.25 -10 10.1 -.25 -15.2 10.9 -.25 -16.15
4 15 10.1 -.25 -15.2 24.5 -.25 -10 9.25 -.25 -13.4 9.55 -.25 -14.25
4 15 9.25 -.25 -13.4 24.5 -.25 -10 9.15 -.25 -11.8 9.15 -.25 -12.55
4 15 9.15 -.25 -11.8 24.5 -.25 -10 9.5 -.25 -10 9.3 -.25 -10.8
4 15 9.5 -.25 -10 24.5 -.25 -10 16.3 -.25 -8.55 9.7 -.25 -9.4
4 15 -10.75 -.25 -10 -10.95 -.25 -9.4 -16.3 -.25 -8.55 -24.5 -.25 -10
3 15 -10.75 -.25 -10 -24.5 -.25 -10 -10.55 -.25 -10.8
4 15 -10.4 -.25 -12.55 -10.4 -.25 -11.8 -10.55 -.25 -10.8 -24.5 -.25 -10
3 15 -24.5 -.25 -10 -10.5 -.25 -13.4 -10.4 -.25 -12.55
4 15 -11.35 -.25 -15.2 -10.8 -.25 -14.25 -10.5 -.25 -13.4 -24.5 -.25 -10
4 15 -13.3 -.25 -17.15 -12.15 -.25 -16.15 -11.35 -.25 -15.2 -24.5 -.25 -10
4 15 -10.95 -.25 -9.4 -9.85 -.25 -9.4 -.75 -.25 -8.55 -16.3 -.25 -8.55
3 15 -.75 -.25 -8.55 -9.85 -.25 -9.4 -9.7 -.25 -10.05
4 15 -8.2 -.25 -11.6 -.75 -.25 -8.55 -9.7 -.25 -10.05 -9.55 -.25 -11
3 15 -.75 -.25 -8.55 -8.2 -.25 -11.6 -3.7 -.25 -11.6
4 15 -4.7 -.25 -16.9 -4.7 -.25 -12.55 -7.15 -.25 -12.55 -7.15 -.25 -14.7
3 15 -7.15 -.25 -14.7 -11.55 -.25 -16.9 -4.7 -.25 -16.9
4 15 -7.15 -.25 -14.7 -8.2 -.25 -14.7 -10.8 -.25 -15.95 -11.55 -.25 -16.9
3 15 -8.2 -.25 -14.7 -10.15 -.25 -15 -10.8 -.25 -15.95
3 15 -9.7 -.25 -14 -10.15 -.25 -15 -8.2 -.25 -14.7
4 15 -9.7 -.25 -14 -8.2 -.25 -14.7 -8.2 -.25 -11.6 -9.5 -.25 -13.05
3 15 -8.2 -.25 -11.6 -9.45 -.25 -12.1 -9.5 -.25 -13.05
3 15 -9.55 -.25 -11 -9.45 -.25 -12.1 -8.2 -.25 -11.6
4 15 8.3 -.25 -11 .75 -.25 -8.55 2.45 -.25 -11.6 6.95 -.25 -11.6
3 15 .75 -.25 -8.55 8.3 -.25 -11 8.45 -.25 -10.05
3 15 .75 -.25 -8.55 8.45 -.25 -10.05 8.6 -.25 -9.4
4 15 8.6 -.25 -9.4 9.7 -.25 -9.4 16.3 -.25 -8.55 .75 -.25 -8.55
4 15 3.45 -.25 -16.9 5.9 -.25 -14.7 5.9 -.25 -12.55 3.45 -.25 -12.55
4 15 9.55 -.25 -15.95 6.95 -.25 -14.7 5.9 -.25 -14.7 3.45 -.25 -16.9
3 15 9.55 -.25 -15.95 3.45 -.25 -16.9 10.3 -.25 -16.9
3 15 6.95 -.25 -14.7 9.55 -.25 -15.95 8.9 -.25 -15
3 15 8.45 -.25 -14 6.95 -.25 -14.7 8.9 -.25 -15
4 15 6.95 -.25 -11.6 6.95 -.25 -14.7 8.45 -.25 -14 8.25 -.25 -13.05
3 15 8.3 -.25 -11 6.95 -.25 -11.6 8.2 -.25 -12.1
3 15 6.95 -.25 -11.6 8.25 -.25 -13.05 8.2 -.25 -12.1
4 15 -16.3 -.25 -8.55 -23.6599 -.25 -1.4031 -26.5 -.25 0 -24.5 -.25 -10
3 15 -22.5204 -.25 -.9949 -23.6599 -.25 -1.4031 -16.3 -.25 -8.55
4 15 -22.5204 -.25 -.9949 -16.3 -.25 -8.55 -19.8334 -.25 -.3745 -21.063 -.25 -.5495
4 15 -19.8334 -.25 -.3745 -16.3 -.25 -8.55 -17.8565 -.25 -.6075 -18.7363 -.25 -.4115
3 15 -17.8565 -.25 -.6075 -16.3 -.25 -8.55 -17.0827 -.25 -.9732
4 15 -17.0827 -.25 -.9732 -16.3 -.25 -8.55 -15.6781 -.25 -2.0277 -16.4466 -.25 -1.3706
4 15 -14.7028 -.25 -3.1088 -15.1056 -.25 -2.6213 -15.6781 -.25 -2.0277 -16.3 -.25 -8.55
4 15 15.1056 -.25 -2.6213 24.5 -.25 -10 16.4466 -.25 -1.3706 15.6781 -.25 -2.0277
4 15 16.4466 -.25 -1.3706 24.5 -.25 -10 17.8565 -.25 -.6075 17.0827 -.25 -.9732
4 15 17.8565 -.25 -.6075 24.5 -.25 -10 19.8334 -.25 -.3745 18.7363 -.25 -.4115
4 15 22.5204 -.25 -.9949 21.063 -.25 -.5495 19.8334 -.25 -.3745 24.5 -.25 -10
3 15 22.5204 -.25 -.9949 24.5 -.25 -10 23.6599 -.25 -1.4031
4 15 15.1056 -.25 -2.6213 14.7028 -.25 -3.1088 16.3 -.25 -8.55 24.5 -.25 -10
4 15 -1 -.25 -1.8 -1.8 -.25 -1.8 -1.8 -.25 -2.8 -1 -.25 -2.8
4 15 -.75 -.25 -2.8 -.75 -.25 -1.8 -1 -.25 -1.8 -1 -.25 -2.8
4 15 1 -.25 -2.8 1 -.25 -1.8 .75 -.25 -1.8 .75 -.25 -2.8
4 15 1 -.25 -2.8 1.8 -.25 -2.8 1.8 -.25 -1.8 1 -.25 -1.8
4 15 -1.95 -.25 .9 -12.25 -.25 -6.25 -1.8 -.25 -1 -1.8 -.25 -.2
3 15 -1.8 -.25 -1 -12.25 -.25 -6.25 -1.8 -.25 -1.8
3 15 -1.8 -.25 -1.8 -12.25 -.25 -6.25 -1.8 -.25 -2.8
3 15 -1.8 -.25 -2.8 -12.25 -.25 -6.25 -1.8 -.25 -3.6
3 15 -1.8 -.25 -3.6 -12.25 -.25 -6.25 -1.8 -.25 -4.4
4 15 -1 -.25 -4.4 -1.8 -.25 -4.4 -12.25 -.25 -6.25 -.75 -.25 -6.25
3 15 -.75 -.25 -4.4 -1 -.25 -4.4 -.75 -.25 -6.25
3 15 .75 -.25 -4.4 .75 -.25 -6.25 1 -.25 -4.4
4 15 12.25 -.25 -6.25 1.8 -.25 -4.4 1 -.25 -4.4 .75 -.25 -6.25
3 15 1.8 -.25 -3.6 1.8 -.25 -4.4 12.25 -.25 -6.25
3 15 1.8 -.25 -2.8 1.8 -.25 -3.6 12.25 -.25 -6.25
3 15 1.8 -.25 -1.8 1.8 -.25 -2.8 12.25 -.25 -6.25
3 15 1.8 -.25 -1 1.8 -.25 -1.8 12.25 -.25 -6.25
4 15 -6.05 -.25 1.55 -12.25 -.25 -6.25 -3.3 -.25 1.25 -4.5 -.25 1.45
3 15 -3.3 -.25 1.25 -12.25 -.25 -6.25 -1.95 -.25 .9
4 15 -1.95 -.25 .9 -1.8 -.25 -.2 -1 -.25 -.2 -1.15 -.25 .6
4 15 -.75 -.25 -.2 -.75 -.25 .4 -1.15 -.25 .6 -1 -.25 -.2
3 15 -6.4126 -.25 3.1153 -12.25 -.25 -6.25 -6.05 -.25 1.55
4 15 .75 -.25 -.2 1 -.25 -.2 1.15 -.25 .6 .75 -.25 .4
4 15 1 -.25 -.2 1.8 -.25 -.2 1.95 -.25 .9 1.15 -.25 .6
4 15 1.8 -.25 -1 12.25 -.25 -6.25 1.95 -.25 .9 1.8 -.25 -.2
3 15 3.3 -.25 1.25 1.95 -.25 .9 12.25 -.25 -6.25
4 15 3.3 -.25 1.25 12.25 -.25 -6.25 6.05 -.25 1.55 4.5 -.25 1.45
3 15 6.4126 -.25 3.1153 6.05 -.25 1.55 12.25 -.25 -6.25
4 15 -18.0693 -.25 7.5438 -27.5 -.25 10 -26.5 -.25 0 -23.6599 -.25 -1.4031
4 15 24.5 -.25 -10 26.5 -.25 0 27.5 -.25 10 23.6599 -.25 -1.4031
3 15 27.5 -.25 10 18.0693 -.25 7.5438 23.6599 -.25 -1.4031
3 15 .75 -.25 12.2 .75 -.25 2.45 1.9 -.25 2.9
3 15 .75 -.25 12.2 1.9 -.25 2.9 2.85 -.25 3.15
4 15 5.1197 -.25 5.1894 .75 -.25 12.2 2.85 -.25 3.15 3.8 -.25 3.25
3 15 5.1197 -.25 5.1894 3.8 -.25 3.25 4.7 -.25 3.35
3 15 -.75 -.25 12.2 -1.9 -.25 2.9 -.75 -.25 2.45
3 15 -.75 -.25 12.2 -2.85 -.25 3.15 -1.9 -.25 2.9
3 15 -.75 -.25 12.2 -3.8 -.25 3.25 -2.85 -.25 3.15
4 15 -4.7 -.25 3.35 -3.8 -.25 3.25 -.75 -.25 12.2 -5.1197 -.25 5.1894
4 15 -21.3811 -.25 .3567 -17.7401 -.25 2.0319 -17.1837 -.25 2.9223 -17.7511 -.25 6.1659
3 15 -17.7401 -.25 2.0319 -21.3811 -.25 .3567 -20.178 -.25 .4894
3 15 -17.7401 -.25 2.0319 -20.178 -.25 .4894 -19.0279 -.25 .5372
3 15 -17.7401 -.25 2.0319 -19.0279 -.25 .5372 -17.9414 -.25 .3889
4 15 -17.7401 -.25 2.0319 -17.9414 -.25 .3889 -17.0298 -.25 .0551 -15.1112 -.25 .3891
3 15 -15.1112 -.25 .3891 -17.0298 -.25 .0551 -16.1976 -.25 -.406
3 15 -15.1112 -.25 .3891 -16.1976 -.25 -.406 -15.3178 -.25 -1.0737
3 15 -15.1112 -.25 .3891 -15.3178 -.25 -1.0737 -14.5916 -.25 -1.7043
4 15 -14.5916 -.25 -1.7043 -14.1199 -.25 -2.176 -12.7266 -.25 4.2053 -15.1112 -.25 .3891
4 15 -17.7511 -.25 6.1659 -17.1837 -.25 2.9223 -15.3604 -.25 1.783 -14.0621 -.25 3.8607
4 15 -16.1103 -.25 10.6093 -18.0693 -.25 7.5438 -12.7266 -.25 4.2053 -10.7676 -.25 7.2708
4 15 -14.1199 -.25 -2.176 -7.1404 -.25 6.2571 -10.7676 -.25 7.2708 -12.7266 -.25 4.2053
4 15 -14.7028 -.25 -3.1088 -16.3 -.25 -8.55 -7.1404 -.25 6.2571 -14.1199 -.25 -2.176
4 15 7.1404 -.25 6.2571 10.7676 -.25 7.2708 8.581 -.25 10.77 8.1 -.25 10.4
4 15 18.0693 -.25 7.5438 16.1103 -.25 10.6093 10.7676 -.25 7.2708 12.7266 -.25 4.2053
4 15 15.3604 -.25 1.783 17.1837 -.25 2.9223 17.7511 -.25 6.1659 14.0621 -.25 3.8607
3 15 17.7511 -.25 6.1659 17.1837 -.25 2.9223 17.7401 -.25 2.0319
4 15 20.178 -.25 .4894 21.3811 -.25 .3567 17.7511 -.25 6.1659 17.7401 -.25 2.0319
3 15 17.7401 -.25 2.0319 19.0279 -.25 .5372 20.178 -.25 .4894
4 15 15.1112 -.25 .3891 17.9414 -.25 .3889 19.0279 -.25 .5372 17.7401 -.25 2.0319
3 15 15.1112 -.25 .3891 17.0298 -.25 .0551 17.9414 -.25 .3889
3 15 15.1112 -.25 .3891 16.1976 -.25 -.406 17.0298 -.25 .0551
3 15 15.1112 -.25 .3891 15.3178 -.25 -1.0737 16.1976 -.25 -.406
3 15 15.1112 -.25 .3891 14.5916 -.25 -1.7043 15.3178 -.25 -1.0737
4 15 14.5916 -.25 -1.7043 15.1112 -.25 .3891 12.7266 -.25 4.2053 14.1199 -.25 -2.176
4 15 10.7676 -.25 7.2708 7.1404 -.25 6.2571 14.1199 -.25 -2.176 12.7266 -.25 4.2053
4 15 14.7028 -.25 -3.1088 14.1199 -.25 -2.176 7.1404 -.25 6.2571 16.3 -.25 -8.55
4 15 -18.0693 -.25 7.5438 -16.1103 -.25 10.6093 -27.5 -.25 23 -27.5 -.25 10
3 15 -27.5 -.25 23 -16.1103 -.25 10.6093 -10.5196 -.25 19.5562
4 15 -14.7323 -.25 10.9275 -11.0433 -.25 8.6223 -9.745 -.25 10.7 -11.5683 -.25 11.8394
4 15 -11.5683 -.25 11.8394 -11.0119 -.25 12.7298 -11.1023 -.25 16.7366 -14.7323 -.25 10.9275
3 15 -11.1023 -.25 16.7366 -11.0119 -.25 12.7298 -10.6941 -.25 15.5971
3 15 -10.6941 -.25 15.5971 -11.0119 -.25 12.7298 -10.2329 -.25 14.5425
3 15 -10.2329 -.25 14.5425 -11.0119 -.25 12.7298 -9.6234 -.25 13.6309
3 15 -9.6234 -.25 13.6309 -11.0119 -.25 12.7298 -8.9237 -.25 12.9579
4 15 -8.75 -.25 12.8362 -8.9237 -.25 12.9579 -11.0119 -.25 12.7298 -8.75 -.25 11.3165
4 15 -5.8422 -.25 8.3557 -5.6428 -.25 11.3205 -6.1664 -.25 11.5009 -6.4 -.25 10.8
4 15 -5.6428 -.25 11.3205 -5.8422 -.25 8.3557 -.4758 -.25 17.0308 -5.0599 -.25 12.2534
4 15 0 -.25 18.95 -8.75 -.25 16.95 -5.0599 -.25 12.2534 -.4758 -.25 17.0308
3 15 -8.75 -.25 16.95 -5.6747 -.25 12.4017 -5.0599 -.25 12.2534
4 15 -6.7416 -.25 12.7787 -6.4592 -.25 12.656 -5.6747 -.25 12.4017 -8.75 -.25 16.95
4 15 -8.75 -.25 14.066 -8.75 -.25 16.95 -9.7666 -.25 15.6661 -9.2525 -.25 14.6963
4 15 -9.7666 -.25 15.6661 -8.75 -.25 16.95 -10.387 -.25 18.3532 -10.1484 -.25 16.848
4 15 -10.387 -.25 18.3532 -8.75 -.25 16.95 0 -.25 18.95 -10.5196 -.25 19.5562
4 15 10.5196 -.25 19.5562 -27.5 -.25 23 -10.5196 -.25 19.5562 0 -.25 18.95
3 15 27.5 -.25 23 -27.5 -.25 23 10.5196 -.25 19.5562
3 15 27.5 -.25 23 10.5196 -.25 19.5562 16.1103 -.25 10.6093
4 15 18.0693 -.25 7.5438 27.5 -.25 10 27.5 -.25 23 16.1103 -.25 10.6093
4 15 5.8422 -.25 8.3557 6.4 -.25 10.8 6.1664 -.25 11.5009 5.6428 -.25 11.3205
4 15 .4758 -.25 17.0308 5.8422 -.25 8.3557 5.6428 -.25 11.3205 5.0599 -.25 12.2534
4 15 6.4592 -.25 12.656 8.75 -.25 16.95 5.0599 -.25 12.2534 5.6747 -.25 12.4017
3 15 8.75 -.25 16.95 6.4592 -.25 12.656 6.7416 -.25 12.7787
4 15 5.0599 -.25 12.2534 8.75 -.25 16.95 0 -.25 18.95 .4758 -.25 17.0308
3 15 10.5196 -.25 19.5562 0 -.25 18.95 8.75 -.25 16.95
4 15 10.5196 -.25 19.5562 8.75 -.25 16.95 10.1484 -.25 16.848 10.387 -.25 18.3532
4 15 10.1484 -.25 16.848 8.75 -.25 16.95 9.2525 -.25 14.6963 9.7666 -.25 15.6661
3 15 8.75 -.25 16.95 8.75 -.25 14.066 9.2525 -.25 14.6963
3 15 8.9237 -.25 12.9579 8.75 -.25 12.8362 8.75 -.25 11.3165
4 15 8.75 -.25 11.3165 11.0119 -.25 12.7298 9.6234 -.25 13.6309 8.9237 -.25 12.9579
3 15 10.2329 -.25 14.5425 9.6234 -.25 13.6309 11.0119 -.25 12.7298
3 15 10.6941 -.25 15.5971 10.2329 -.25 14.5425 11.0119 -.25 12.7298
4 15 10.6941 -.25 15.5971 11.0119 -.25 12.7298 14.7323 -.25 10.9275 11.1023 -.25 16.7366
3 15 11.0119 -.25 12.7298 11.5683 -.25 11.8394 14.7323 -.25 10.9275
4 15 14.7323 -.25 10.9275 11.5683 -.25 11.8394 9.745 -.25 10.7 11.0433 -.25 8.6223
4 15 -7.1404 -.25 6.2571 -8.1 -.25 10.4 -8.581 -.25 10.77 -10.7676 -.25 7.2708
1 0 1 -.25 -1 0 0 .8 0 1 0 -.8 0 0 2-4chrd.dat
1 0 1 -.25 -3.6 0 0 .8 0 1 0 -.8 0 0 2-4chrd.dat
1 0 -1 -.25 -3.6 0 0 -.8 0 1 0 .8 0 0 2-4chrd.dat
1 0 -1 -.25 -1 0 0 -.8 0 1 0 .8 0 0 2-4chrd.dat
4 0 -4.5 -.25 1.45 -3.8 -.25 3.25 -4.7 -.25 3.35 -6.05 -.25 1.55
4 0 -3.3 -.25 1.25 -2.85 -.25 3.15 -3.8 -.25 3.25 -4.5 -.25 1.45
4 0 -1.95 -.25 .9 -1.9 -.25 2.9 -2.85 -.25 3.15 -3.3 -.25 1.25
4 0 -1.15 -.25 .6 -.75 -.25 2.45 -1.9 -.25 2.9 -1.95 -.25 .9
4 0 -8.1 -.25 10.4 -7.1404 -.25 6.2571 -5.8422 -.25 8.3557 -6.4 -.25 10.8
4 0 -6.05 -.25 1.55 -4.7 -.25 3.35 -5.1197 -.25 5.1894 -6.4126 -.25 3.1153
3 0 -.4758 -.25 17.0308 -1.5 -.25 12.9 -.75 -.25 12.2
4 0 .75 -.25 12.2 .4758 -.25 17.0308 -.4758 -.25 17.0308 -.75 -.25 12.2
4 0 -6.4126 -.25 3.1153 -5.1197 -.25 5.1894 -5.8422 -.25 8.3557 -7.1404 -.25 6.2571
4 0 -6.1664 -.25 11.5009 -6.15 -.25 11.55 -8.75 -.25 10.9 -8.581 -.25 10.77
4 0 -8.1 -.25 10.4 -6.4 -.25 10.8 -6.1664 -.25 11.5009 -8.581 -.25 10.77
3 0 -8.75 -.25 16.95 -8.75 -.25 14.066 -6.7416 -.25 12.7787
3 0 -8.75 -.25 14.066 -8.75 -.25 12.8362 -6.7416 -.25 12.7787
4 0 -6.7416 -.25 12.7787 -8.75 -.25 12.8362 -8.75 -.25 11.3165 -6.15 -.25 11.55
3 0 -6.15 -.25 11.55 -8.75 -.25 11.3165 -8.75 -.25 10.9
4 0 4.5 -.25 1.45 6.05 -.25 1.55 4.7 -.25 3.35 3.8 -.25 3.25
4 0 3.3 -.25 1.25 4.5 -.25 1.45 3.8 -.25 3.25 2.85 -.25 3.15
4 0 1.95 -.25 .9 3.3 -.25 1.25 2.85 -.25 3.15 1.9 -.25 2.9
4 0 1.9 -.25 2.9 .75 -.25 2.45 1.15 -.25 .6 1.95 -.25 .9
4 0 5.8422 -.25 8.3557 7.1404 -.25 6.2571 8.1 -.25 10.4 6.4 -.25 10.8
3 0 4.7 -.25 3.35 6.05 -.25 1.55 6.4126 -.25 3.1153
4 0 7.1404 -.25 6.2571 5.1197 -.25 5.1894 4.7 -.25 3.35 6.4126 -.25 3.1153
3 0 .4758 -.25 17.0308 .75 -.25 12.2 1.5 -.25 12.9
3 0 5.8422 -.25 8.3557 5.1197 -.25 5.1894 7.1404 -.25 6.2571
4 0 6.1664 -.25 11.5009 8.581 -.25 10.77 8.75 -.25 10.9 6.15 -.25 11.55
4 0 6.1664 -.25 11.5009 6.4 -.25 10.8 8.1 -.25 10.4 8.581 -.25 10.77
3 0 8.75 -.25 16.95 6.7416 -.25 12.7787 8.75 -.25 14.066
4 0 6.15 -.25 11.55 8.75 -.25 12.8362 8.75 -.25 14.066 6.7416 -.25 12.7787
3 0 8.75 -.25 12.8362 6.15 -.25 11.55 8.75 -.25 11.3165
3 0 6.15 -.25 11.55 8.75 -.25 10.9 8.75 -.25 11.3165
3 0 0 -.25 18.95 -.4758 -.25 17.0308 .4758 -.25 17.0308
4 0 .75 -.25 2.45 .75 -.25 12.2 -.75 -.25 12.2 -.75 -.25 2.45
4 0 -.75 -.25 .4 .75 -.25 .4 1.15 -.25 .6 -1.15 -.25 .6
4 0 -1.15 -.25 .6 1.15 -.25 .6 .75 -.25 2.45 -.75 -.25 2.45
4 0 .75 -.25 -.2 .75 -.25 .4 -.75 -.25 .4 -.75 -.25 -.2
4 0 .75 -.25 -1.8 .75 -.25 -.2 -.75 -.25 -.2 -.75 -.25 -1.8
4 0 .75 -.25 -2.8 .75 -.25 -1.8 -.75 -.25 -1.8 -.75 -.25 -2.8
4 0 .75 -.25 -4.4 .75 -.25 -2.8 -.75 -.25 -2.8 -.75 -.25 -4.4
4 0 .75 -.25 -6.25 .75 -.25 -4.4 -.75 -.25 -4.4 -.75 -.25 -6.25
4 0 .75 -.25 -8.55 .75 -.25 -6.25 -.75 -.25 -6.25 -.75 -.25 -8.55
4 0 .75 -.25 -23.5 .75 -.25 -8.55 -.75 -.25 -8.55 -.75 -.25 -23.5
4 0 -1 -.25 -1.8 -.75 -.25 -1.8 -.75 -.25 -.2 -1 -.25 -.2
4 0 1 -.25 -.2 .75 -.25 -.2 .75 -.25 -1.8 1 -.25 -1.8
4 0 -.75 -.25 -4.4 -.75 -.25 -2.8 -1 -.25 -2.8 -1 -.25 -4.4
4 0 1 -.25 -4.4 1 -.25 -2.8 .75 -.25 -2.8 .75 -.25 -4.4
4 82 -.75 -.25 -8.55 -.75 -.25 -6.25 -12.25 -.25 -6.25 -16.3 -.25 -8.55
4 82 -12.25 -.25 -6.25 -6.4126 -.25 3.1153 -7.1404 -.25 6.2571 -16.3 -.25 -8.55
4 82 -1.5 -.25 12.9 -5.8422 -.25 8.3557 -5.1197 -.25 5.1894 -.75 -.25 12.2
3 82 -.4758 -.25 17.0308 -5.8422 -.25 8.3557 -1.5 -.25 12.9
4 82 -7.15 -.25 -14.7 -7.15 -.25 -12.55 -8.2 -.25 -11.6 -8.2 -.25 -14.7
4 82 -7.15 -.25 -12.55 -4.7 -.25 -12.55 -3.7 -.25 -11.6 -8.2 -.25 -11.6
4 82 -3.7 -.25 -17.9 -3.7 -.25 -11.6 -4.7 -.25 -12.55 -4.7 -.25 -16.9
4 82 -14.25 -.25 -17.9 -3.7 -.25 -17.9 -4.7 -.25 -16.9 -11.55 -.25 -16.9
3 82 -11.55 -.25 -16.9 -13.3 -.25 -17.15 -14.25 -.25 -17.9
3 82 -12.15 -.25 -16.15 -13.3 -.25 -17.15 -11.55 -.25 -16.9
4 82 -11.35 -.25 -15.2 -12.15 -.25 -16.15 -11.55 -.25 -16.9 -10.8 -.25 -15.95
4 82 -10.8 -.25 -15.95 -10.15 -.25 -15 -10.8 -.25 -14.25 -11.35 -.25 -15.2
4 82 -10.5 -.25 -13.4 -10.8 -.25 -14.25 -10.15 -.25 -15 -9.7 -.25 -14
4 82 -9.7 -.25 -14 -9.5 -.25 -13.05 -10.4 -.25 -12.55 -10.5 -.25 -13.4
4 82 -10.4 -.25 -11.8 -10.4 -.25 -12.55 -9.5 -.25 -13.05 -9.45 -.25 -12.1
4 82 -9.45 -.25 -12.1 -9.55 -.25 -11 -10.55 -.25 -10.8 -10.4 -.25 -11.8
4 82 -10.75 -.25 -10 -10.55 -.25 -10.8 -9.55 -.25 -11 -9.7 -.25 -10.05
4 82 -10.95 -.25 -9.4 -10.75 -.25 -10 -9.7 -.25 -10.05 -9.85 -.25 -9.4
4 82 -8.75 -.25 11.3165 -11.0119 -.25 12.7298 -11.5683 -.25 11.8394 -9.745 -.25 10.7
4 82 -16.1103 -.25 10.6093 -10.7676 -.25 7.2708 -11.0433 -.25 8.6223 -14.7323 -.25 10.9275
4 82 -10.5196 -.25 19.5562 -16.1103 -.25 10.6093 -14.7323 -.25 10.9275 -11.1023 -.25 16.7366
3 82 -10.5196 -.25 19.5562 -11.1023 -.25 16.7366 -10.387 -.25 18.3532
3 82 -10.387 -.25 18.3532 -11.1023 -.25 16.7366 -10.1484 -.25 16.848
4 82 -9.7666 -.25 15.6661 -10.1484 -.25 16.848 -11.1023 -.25 16.7366 -10.6941 -.25 15.5971
4 82 -9.2525 -.25 14.6963 -9.7666 -.25 15.6661 -10.6941 -.25 15.5971 -10.2329 -.25 14.5425
4 82 -8.75 -.25 14.066 -9.2525 -.25 14.6963 -10.2329 -.25 14.5425 -9.6234 -.25 13.6309
4 82 -6.15 -.25 11.55 -5.6428 -.25 11.3205 -5.0599 -.25 12.2534 -5.6747 -.25 12.4017
4 82 -15.1112 -.25 .3891 -15.3604 -.25 1.783 -17.1837 -.25 2.9223 -17.7401 -.25 2.0319
4 82 -15.3604 -.25 1.783 -15.1112 -.25 .3891 -12.7266 -.25 4.2053 -14.0621 -.25 3.8607
4 82 -14.0621 -.25 3.8607 -12.7266 -.25 4.2053 -18.0693 -.25 7.5438 -17.7511 -.25 6.1659
4 82 -17.7511 -.25 6.1659 -18.0693 -.25 7.5438 -23.6599 -.25 -1.4031 -21.3811 -.25 .3567
3 82 -21.3811 -.25 .3567 -23.6599 -.25 -1.4031 -22.5204 -.25 -.9949
3 82 -21.3811 -.25 .3567 -22.5204 -.25 -.9949 -21.063 -.25 -.5495
4 82 -21.3811 -.25 .3567 -21.063 -.25 -.5495 -19.8334 -.25 -.3745 -20.178 -.25 .4894
4 82 -18.7363 -.25 -.4115 -19.0279 -.25 .5372 -20.178 -.25 .4894 -19.8334 -.25 -.3745
4 82 -17.8565 -.25 -.6075 -17.9414 -.25 .3889 -19.0279 -.25 .5372 -18.7363 -.25 -.4115
4 82 -17.0827 -.25 -.9732 -17.0298 -.25 .0551 -17.9414 -.25 .3889 -17.8565 -.25 -.6075
4 82 -16.4466 -.25 -1.3706 -16.1976 -.25 -.406 -17.0298 -.25 .0551 -17.0827 -.25 -.9732
4 82 -15.6781 -.25 -2.0277 -15.3178 -.25 -1.0737 -16.1976 -.25 -.406 -16.4466 -.25 -1.3706
4 82 -15.1056 -.25 -2.6213 -14.5916 -.25 -1.7043 -15.3178 -.25 -1.0737 -15.6781 -.25 -2.0277
4 82 -14.5916 -.25 -1.7043 -15.1056 -.25 -2.6213 -14.7028 -.25 -3.1088 -14.1199 -.25 -2.176
4 82 -8.75 -.25 12.8362 -8.75 -.25 14.066 -9.6234 -.25 13.6309 -8.9237 -.25 12.9579
3 82 -8.75 -.25 11.3165 -9.745 -.25 10.7 -8.75 -.25 10.9
4 82 -8.581 -.25 10.77 -8.75 -.25 10.9 -9.745 -.25 10.7 -11.0433 -.25 8.6223
3 82 -8.581 -.25 10.77 -11.0433 -.25 8.6223 -10.7676 -.25 7.2708
3 82 -6.15 -.25 11.55 -6.1664 -.25 11.5009 -5.6428 -.25 11.3205
3 82 -6.7416 -.25 12.7787 -6.15 -.25 11.55 -6.4592 -.25 12.656
3 82 -6.4592 -.25 12.656 -6.15 -.25 11.55 -5.6747 -.25 12.4017
4 82 .75 -.25 -8.55 16.3 -.25 -8.55 12.25 -.25 -6.25 .75 -.25 -6.25
4 82 12.25 -.25 -6.25 16.3 -.25 -8.55 7.1404 -.25 6.2571 6.4126 -.25 3.1153
4 82 5.1197 -.25 5.1894 5.8422 -.25 8.3557 1.5 -.25 12.9 .75 -.25 12.2
3 82 .4758 -.25 17.0308 1.5 -.25 12.9 5.8422 -.25 8.3557
4 82 5.9 -.25 -14.7 6.95 -.25 -14.7 6.95 -.25 -11.6 5.9 -.25 -12.55
4 82 5.9 -.25 -12.55 6.95 -.25 -11.6 2.45 -.25 -11.6 3.45 -.25 -12.55
4 82 2.45 -.25 -17.9 3.45 -.25 -16.9 3.45 -.25 -12.55 2.45 -.25 -11.6
4 82 3.45 -.25 -16.9 2.45 -.25 -17.9 13 -.25 -17.9 10.3 -.25 -16.9
3 82 10.3 -.25 -16.9 13 -.25 -17.9 12.05 -.25 -17.15
3 82 10.9 -.25 -16.15 10.3 -.25 -16.9 12.05 -.25 -17.15
4 82 10.3 -.25 -16.9 10.9 -.25 -16.15 10.1 -.25 -15.2 9.55 -.25 -15.95
4 82 9.55 -.25 -15.95 10.1 -.25 -15.2 9.55 -.25 -14.25 8.9 -.25 -15
4 82 8.9 -.25 -15 9.55 -.25 -14.25 9.25 -.25 -13.4 8.45 -.25 -14
4 82 8.45 -.25 -14 9.25 -.25 -13.4 9.15 -.25 -12.55 8.25 -.25 -13.05
4 82 8.25 -.25 -13.05 9.15 -.25 -12.55 9.15 -.25 -11.8 8.2 -.25 -12.1
4 82 8.2 -.25 -12.1 9.15 -.25 -11.8 9.3 -.25 -10.8 8.3 -.25 -11
4 82 8.3 -.25 -11 9.3 -.25 -10.8 9.5 -.25 -10 8.45 -.25 -10.05
4 82 8.45 -.25 -10.05 9.5 -.25 -10 9.7 -.25 -9.4 8.6 -.25 -9.4
4 82 8.75 -.25 11.3165 9.745 -.25 10.7 11.5683 -.25 11.8394 11.0119 -.25 12.7298
4 82 16.1103 -.25 10.6093 14.7323 -.25 10.9275 11.0433 -.25 8.6223 10.7676 -.25 7.2708
4 82 14.7323 -.25 10.9275 16.1103 -.25 10.6093 10.5196 -.25 19.5562 11.1023 -.25 16.7366
3 82 10.5196 -.25 19.5562 10.387 -.25 18.3532 11.1023 -.25 16.7366
3 82 10.387 -.25 18.3532 10.1484 -.25 16.848 11.1023 -.25 16.7366
4 82 11.1023 -.25 16.7366 10.1484 -.25 16.848 9.7666 -.25 15.6661 10.6941 -.25 15.5971
4 82 9.2525 -.25 14.6963 10.2329 -.25 14.5425 10.6941 -.25 15.5971 9.7666 -.25 15.6661
4 82 6.15 -.25 11.55 5.6747 -.25 12.4017 5.0599 -.25 12.2534 5.6428 -.25 11.3205
4 82 15.1112 -.25 .3891 17.7401 -.25 2.0319 17.1837 -.25 2.9223 15.3604 -.25 1.783
4 82 12.7266 -.25 4.2053 15.1112 -.25 .3891 15.3604 -.25 1.783 14.0621 -.25 3.8607
4 82 18.0693 -.25 7.5438 12.7266 -.25 4.2053 14.0621 -.25 3.8607 17.7511 -.25 6.1659
4 82 23.6599 -.25 -1.4031 18.0693 -.25 7.5438 17.7511 -.25 6.1659 21.3811 -.25 .3567
3 82 21.3811 -.25 .3567 22.5204 -.25 -.9949 23.6599 -.25 -1.4031
4 82 22.5204 -.25 -.9949 21.3811 -.25 .3567 20.178 -.25 .4894 21.063 -.25 -.5495
3 82 20.178 -.25 .4894 19.8334 -.25 -.3745 21.063 -.25 -.5495
4 82 18.7363 -.25 -.4115 19.8334 -.25 -.3745 20.178 -.25 .4894 19.0279 -.25 .5372
4 82 19.0279 -.25 .5372 17.9414 -.25 .3889 17.8565 -.25 -.6075 18.7363 -.25 -.4115
4 82 17.0827 -.25 -.9732 17.8565 -.25 -.6075 17.9414 -.25 .3889 17.0298 -.25 .0551
4 82 16.4466 -.25 -1.3706 17.0827 -.25 -.9732 17.0298 -.25 .0551 16.1976 -.25 -.406
4 82 15.6781 -.25 -2.0277 16.4466 -.25 -1.3706 16.1976 -.25 -.406 15.3178 -.25 -1.0737
4 82 15.3178 -.25 -1.0737 14.5916 -.25 -1.7043 15.1056 -.25 -2.6213 15.6781 -.25 -2.0277
4 82 14.7028 -.25 -3.1088 15.1056 -.25 -2.6213 14.5916 -.25 -1.7043 14.1199 -.25 -2.176
4 82 10.2329 -.25 14.5425 9.2525 -.25 14.6963 8.75 -.25 14.066 9.6234 -.25 13.6309
4 82 8.75 -.25 12.8362 8.9237 -.25 12.9579 9.6234 -.25 13.6309 8.75 -.25 14.066
4 82 8.75 -.25 11.3165 8.75 -.25 10.9 11.0433 -.25 8.6223 9.745 -.25 10.7
4 82 10.7676 -.25 7.2708 11.0433 -.25 8.6223 8.75 -.25 10.9 8.581 -.25 10.77
3 82 6.15 -.25 11.55 5.6428 -.25 11.3205 6.1664 -.25 11.5009
3 82 6.7416 -.25 12.7787 6.4592 -.25 12.656 6.15 -.25 11.55
3 82 6.4592 -.25 12.656 5.6747 -.25 12.4017 6.15 -.25 11.55

1 16 26.5 0 23 1 0 0 0 -1 0 0 0 1 1-4chrd.dat
1 16 -26.5 0 23 0 0 -1 0 -1 0 1 0 0 1-4chrd.dat
1 16 17.7 0 -26.5 0 0 1 0 -1 0 -1 0 0 3-16chrd.dat
1 16 -17.7 0 -26.5 0 0 -1 0 -1 0 -1 0 0 3-16chrd.dat
4 16 -26.5 0 24 26.5 0 24 27.5 0 23 -27.5 0 23
4 16 27.5 0 23 27.5 0 10 -27.5 0 10 -27.5 0 23
4 16 -27.5 0 10 27.5 0 10 26.5 0 0 -26.5 0 0
4 16 26.5 0 0 24.5 0 -10 -24.5 0 -10 -26.5 0 0
4 16 24.5 0 -10 21 0 -20 -21 0 -20 -24.5 0 -10
4 16 -21 0 -20 21 0 -20 18.6239 0 -26.8827 -18.6239 0 -26.8827
4 16 -17.7 0 -27.5 -18.6239 0 -26.8827 18.6239 0 -26.8827 17.7 0 -27.5

1 16 26.5 -.25 23 1 0 0 0 .25 0 0 0 1 1-4cyli.dat
1 16 -26.5 -.25 23 0 0 -1 0 .25 0 1 0 0 1-4cyli.dat
1 16 17.7 -.25 -26.5 0 0 1 0 .25 0 -1 0 0 3-16cyli.dat
1 16 -17.7 -.25 -26.5 0 0 -1 0 .25 0 -1 0 0 3-16cyli.dat
4 16 17.7 0 -27.5 17.7 -.25 -27.5 -17.7 -.25 -27.5 -17.7 0 -27.5
4 16 -18.6239 -.25 -26.8827 -21 -.25 -20 -21 0 -20 -18.6239 0 -26.8827
4 16 -21 -.25 -20 -24.5 -.25 -10 -24.5 0 -10 -21 0 -20
4 16 -24.5 -.25 -10 -26.5 -.25 0 -26.5 0 0 -24.5 0 -10
4 16 -26.5 -.25 0 -27.5 -.25 10 -27.5 0 10 -26.5 0 0
4 16 -27.5 -.25 10 -27.5 -.25 23 -27.5 0 23 -27.5 0 10
4 16 26.5 0 24 -26.5 0 24 -26.5 -.25 24 26.5 -.25 24
4 16 27.5 0 10 27.5 0 23 27.5 -.25 23 27.5 -.25 10
4 16 27.5 0 10 27.5 -.25 10 26.5 -.25 0 26.5 0 0
4 16 26.5 -.25 0 24.5 -.25 -10 24.5 0 -10 26.5 0 0
4 16 24.5 -.25 -10 21 -.25 -20 21 0 -20 24.5 0 -10
4 16 21 -.25 -20 18.6239 -.25 -26.8827 18.6239 0 -26.8827 21 0 -20
5 24 27.5 0 10 27.5 -.25 10 27.5 0 23 26.5 -.25 0
5 24 24.5 0 -10 24.5 -.25 -10 21 -.25 -20 26.5 0 0
5 24 21 0 -20 21 -.25 -20 24.5 0 -10 18.6239 -.25 -26.8827
5 24 -21 0 -20 -21 -.25 -20 -18.6239 0 -26.8827 -24.5 -.25 -10
5 24 -24.5 0 -10 -24.5 -.25 -10 -26.5 -.25 0 -21 0 -20
5 24 -27.5 0 10 -27.5 -.25 10 -27.5 -.25 23 -26.5 0 0
5 24 -26.5 0 0 -26.5 -.25 0 -27.5 -.25 10 -24.5 0 -10
5 24 26.5 0 0 26.5 -.25 0 24.5 -.25 -10 27.5 0 10
