0 Sticker  0.7 x  3.7 with White "7985" and Double Grille Left (Formed)
0 Name: 4614385ac01.dat
0 Author: Evert-Jan Boer [ejboer]
0 !LDRAW_ORG Unofficial_Part
0 !LICENSE Licensed under CC BY 4.0 : see CAreadme.txt

0 BFC CERTIFY CCW

0 !KEYWORDS City of Atlantis, Set 7985

3 16 -6.8827 .1584 37.4239 -6.5 .1537 37.5 -7.5 .2152 36.5
4 16 -7.2071 .1717 37.2071 -6.8827 .1584 37.4239 -7.5 .2152 36.5 -7.4239 .1916 36.8827
4 16 6.5 .1537 37.5 6.8827 .1584 37.4239 7.2071 .1717 37.2071 7.4239 .1916 36.8827
3 16 7.5 .2152 36.5 6.5 .1537 37.5 7.4239 .1916 36.8827
4 16 6.5 .1537 37.5 -7.5 1.2836 19.12 -7.5 .2152 36.5 -6.5 .1537 37.5
4 16 -7.5 1.2836 19.12 6.5 .1537 37.5 7.5 .2152 36.5 7.5 1.2836 19.12
4 16 -7.5 1.2836 19.12 7.5 1.2836 19.12 7.5 5.0895 -1.408 -7.5 5.0895 -1.408
4 16 7.5 11.3582 -21.232 -7.5 11.3582 -21.232 -7.5 5.0895 -1.408 7.5 5.0895 -1.408
4 16 7.5 18.3883 -36.5 7.4239 18.5645 -36.8827 7.2071 18.7139 -37.2071 6.8827 18.8137 -37.4239
4 16 -6.5 18.8488 -37.5 -6.8827 18.8137 -37.4239 -7.2071 18.7139 -37.2071 -7.4239 18.5645 -36.8827
4 16 -7.4239 18.5645 -36.8827 -7.5 18.3883 -36.5 -7.5 11.3582 -21.232 -6.5 18.8488 -37.5
4 16 7.5 11.3582 -21.232 7.5 18.3883 -36.5 6.8827 18.8137 -37.4239 6.5 18.8488 -37.5
4 16 7.5 11.3582 -21.232 6.5 18.8488 -37.5 -6.5 18.8488 -37.5 -7.5 11.3582 -21.232
5 24 -7.5 1.2836 19.12 7.5 1.2836 19.12 -7.5 5.0895 -1.408 7.5 .2152 36.5
5 24 7.5 11.3582 -21.232 -7.5 11.3582 -21.232 7.5 5.0895 -1.408 -6.5 18.8488 -37.5
5 24 -7.5 5.0895 -1.408 7.5 5.0895 -1.408 -7.5 11.3582 -21.232 7.5 1.2836 19.12

4 16 6.8827 18.609 -37.61 6.5 18.6441 -37.6863 6.5 18.8488 -37.5 6.8827 18.8137 -37.4239
4 16 7.2071 18.5089 -37.3927 6.8827 18.609 -37.61 6.8827 18.8137 -37.4239 7.2071 18.7139 -37.2071
4 16 7.4239 18.3592 -37.0675 7.2071 18.5089 -37.3927 7.2071 18.7139 -37.2071 7.4239 18.5645 -36.8827
4 16 7.5 18.1825 -36.6839 7.4239 18.3592 -37.0675 7.4239 18.5645 -36.8827 7.5 18.3883 -36.5
4 16 7.5 11.1355 -21.3792 7.5 18.1825 -36.6839 7.5 18.3883 -36.5 7.5 11.3582 -21.232
4 16 7.5 4.8517 -1.5075 7.5 11.1355 -21.3792 7.5 11.3582 -21.232 7.5 5.0895 -1.408
4 16 7.5 1.0367 19.0698 7.5 4.8517 -1.5075 7.5 5.0895 -1.408 7.5 1.2836 19.12
4 16 7.5 -.0343 36.4916 7.5 1.0367 19.0698 7.5 1.2836 19.12 7.5 .2152 36.5
4 16 7.4239 .1916 36.8827 7.4239 -.0579 36.8752 7.5 -.0343 36.4916 7.5 .2152 36.5
4 16 7.2071 .1717 37.2071 7.2071 -.0779 37.2004 7.4239 -.0579 36.8752 7.4239 .1916 36.8827
4 16 6.8827 .1584 37.4239 6.8827 -.0913 37.4177 7.2071 -.0779 37.2004 7.2071 .1717 37.2071
4 16 6.5 .1537 37.5 6.5 -.0959 37.494 6.8827 -.0913 37.4177 6.8827 .1584 37.4239
4 16 -6.5 -.0959 37.494 6.5 -.0959 37.494 6.5 .1537 37.5 -6.5 .1537 37.5
4 16 -6.8827 .1584 37.4239 -6.8827 -.0913 37.4177 -6.5 -.0959 37.494 -6.5 .1537 37.5
4 16 -7.2071 .1717 37.2071 -7.2071 -.0779 37.2004 -6.8827 -.0913 37.4177 -6.8827 .1584 37.4239
4 16 -7.4239 .1916 36.8827 -7.4239 -.0579 36.8752 -7.2071 -.0779 37.2004 -7.2071 .1717 37.2071
4 16 -7.5 .2152 36.5 -7.5 -.0343 36.4916 -7.4239 -.0579 36.8752 -7.4239 .1916 36.8827
4 16 -7.5 1.0367 19.0698 -7.5 -.0343 36.4916 -7.5 .2152 36.5 -7.5 1.2836 19.12
4 16 -7.5 4.8517 -1.5075 -7.5 1.0367 19.0698 -7.5 1.2836 19.12 -7.5 5.0895 -1.408
4 16 -7.5 11.1355 -21.3792 -7.5 4.8517 -1.5075 -7.5 5.0895 -1.408 -7.5 11.3582 -21.232
4 16 -7.5 18.1825 -36.6839 -7.5 11.1355 -21.3792 -7.5 11.3582 -21.232 -7.5 18.3883 -36.5
4 16 -7.4239 18.3592 -37.0675 -7.5 18.1825 -36.6839 -7.5 18.3883 -36.5 -7.4239 18.5645 -36.8827
4 16 -7.2071 18.5089 -37.3927 -7.4239 18.3592 -37.0675 -7.4239 18.5645 -36.8827 -7.2071 18.7139 -37.2071
4 16 -6.8827 18.609 -37.61 -7.2071 18.5089 -37.3927 -7.2071 18.7139 -37.2071 -6.8827 18.8137 -37.4239
4 16 -6.5 18.6441 -37.6863 -6.8827 18.609 -37.61 -6.8827 18.8137 -37.4239 -6.5 18.8488 -37.5
4 16 6.5 18.6441 -37.6863 -6.5 18.6441 -37.6863 -6.5 18.8488 -37.5 6.5 18.8488 -37.5
5 24 7.2071 18.5089 -37.3927 7.2071 18.7139 -37.2071 6.8827 18.609 -37.61 7.4239 18.5645 -36.8827
5 24 6.5 18.6441 -37.6863 6.5 18.8488 -37.5 6.8827 18.8137 -37.4239 -6.5 18.6441 -37.6863
5 24 6.8827 18.8137 -37.4239 6.8827 18.609 -37.61 6.5 18.6441 -37.6863 7.2071 18.7139 -37.2071
5 24 -7.4239 18.3592 -37.0675 -7.4239 18.5645 -36.8827 -7.5 18.1825 -36.6839 -7.2071 18.7139 -37.2071
5 24 7.4239 18.5645 -36.8827 7.4239 18.3592 -37.0675 7.5 18.3883 -36.5 7.2071 18.5089 -37.3927
5 24 -6.8827 -.0913 37.4177 -6.8827 .1584 37.4239 -6.5 -.0959 37.494 -7.2071 .1717 37.2071
5 24 -7.2071 .1717 37.2071 -7.2071 -.0779 37.2004 -6.8827 -.0913 37.4177 -7.4239 .1916 36.8827
5 24 7.5 18.1825 -36.6839 7.5 18.3883 -36.5 7.4239 18.3592 -37.0675 7.5 11.3582 -21.232
5 24 -7.5 .2152 36.5 -7.5 -.0343 36.4916 -7.5 1.2836 19.12 -7.4239 -.0579 36.8752
5 24 7.5 -.0343 36.4916 7.5 .2152 36.5 7.4239 .1916 36.8827 7.5 1.0367 19.0698
5 24 -7.5 18.3883 -36.5 -7.5 18.1825 -36.6839 -7.5 11.1355 -21.3792 -7.4239 18.5645 -36.8827
5 24 -6.5 .1537 37.5 -6.5 -.0959 37.494 6.5 -.0959 37.494 -6.8827 .1584 37.4239
5 24 -6.5 18.8488 -37.5 -6.5 18.6441 -37.6863 -6.8827 18.609 -37.61 6.5 18.8488 -37.5
5 24 -7.2071 18.7139 -37.2071 -7.2071 18.5089 -37.3927 -6.8827 18.8137 -37.4239 -7.4239 18.3592 -37.0675
5 24 -7.4239 -.0579 36.8752 -7.4239 .1916 36.8827 -7.2071 -.0779 37.2004 -7.5 .2152 36.5
5 24 7.2071 -.0779 37.2004 7.2071 .1717 37.2071 7.4239 -.0579 36.8752 6.8827 .1584 37.4239
5 24 6.8827 .1584 37.4239 6.8827 -.0913 37.4177 7.2071 -.0779 37.2004 6.5 .1537 37.5
5 24 6.5 -.0959 37.494 6.5 .1537 37.5 -6.5 .1537 37.5 6.8827 -.0913 37.4177
5 24 -6.8827 18.609 -37.61 -6.8827 18.8137 -37.4239 -7.2071 18.5089 -37.3927 -6.5 18.8488 -37.5
5 24 7.4239 .1916 36.8827 7.4239 -.0579 36.8752 7.2071 .1717 37.2071 7.5 -.0343 36.4916

4 4 -7.4239 -.0579 36.8752 -7.5 -.0343 36.4916 -6.5 -.0959 37.494 -6.8827 -.0913 37.4177
3 4 -6.8827 -.0913 37.4177 -7.2071 -.0779 37.2004 -7.4239 -.0579 36.8752
4 4 7.2071 -.0779 37.2004 6.8827 -.0913 37.4177 6.5 -.0959 37.494 7.4239 -.0579 36.8752
4 4 5.5 -.0959 37.494 7.5 -.0343 36.4916 7.4239 -.0579 36.8752 6.5 -.0959 37.494
4 4 -1.6 .1574 33.3721 2 .1574 33.3721 4.5 -.0959 37.494 -4.5 -.0959 37.494
3 4 4.5 -.0959 37.494 2 .1574 33.3721 2.6077 .1649 33.2509
3 4 4.5 -.0959 37.494 2.6077 .1649 33.2509 3.1229 .1861 32.9059
3 4 4.5 -.0959 37.494 3.1229 .1861 32.9059 3.4671 .2179 32.3894
3 4 4.5 -.0959 37.494 3.4671 .2179 32.3894 3.588 .2553 31.7803
3 4 3.588 .6867 24.7635 3.4671 .7241 24.1543 4.5 1.0367 19.0698
3 4 3.4671 .7241 24.1543 3.1229 .7558 23.6379 4.5 1.0367 19.0698
3 4 3.1229 .7558 23.6379 2.6077 .7771 23.2928 4.5 1.0367 19.0698
3 4 2.6077 .7771 23.2928 2 .7845 23.1716 4.5 1.0367 19.0698
4 4 -1.6 .7845 23.1716 -4.5 1.0367 19.0698 4.5 1.0367 19.0698 2 .7845 23.1716
3 4 -2.2077 .7771 23.2928 -4.5 1.0367 19.0698 -1.6 .7845 23.1716
3 4 -2.7229 .7558 23.6379 -4.5 1.0367 19.0698 -2.2077 .7771 23.2928
3 4 -3.0671 .7241 24.1543 -4.5 1.0367 19.0698 -2.7229 .7558 23.6379
3 4 -3.188 .6867 24.7635 -4.5 1.0367 19.0698 -3.0671 .7241 24.1543
3 4 -4.5 -.0959 37.494 -3.188 .2553 31.7803 -3.0671 .2179 32.3894
3 4 -4.5 -.0959 37.494 -3.0671 .2179 32.3894 -2.7229 .1861 32.9059
3 4 -4.5 -.0959 37.494 -2.7229 .1861 32.9059 -2.2077 .1649 33.2509
3 4 -4.5 -.0959 37.494 -2.2077 .1649 33.2509 -1.6 .1574 33.3721
3 4 -4.5 -.0959 37.494 -3.188 .2923 31.1788 -3.188 .2553 31.7803
3 4 -4.5 -.0959 37.494 -3.188 .3169 30.7779 -3.188 .2923 31.1788
3 4 -4.5 -.0959 37.494 -3.188 .4032 29.3745 -3.188 .3169 30.7779
3 4 -4.5 -.0959 37.494 -3.188 .4278 28.9736 -3.188 .4032 29.3745
3 4 -4.5 -.0959 37.494 -3.188 .5141 27.5702 -3.188 .4278 28.9736
4 4 -4.5 -.0959 37.494 -4.5 1.0367 19.0698 -3.188 .5388 27.1692 -3.188 .5141 27.5702
3 4 -3.188 .5388 27.1692 -4.5 1.0367 19.0698 -3.188 .625 25.7659
3 4 -3.188 .625 25.7659 -4.5 1.0367 19.0698 -3.188 .6497 25.3649
3 4 -3.188 .6497 25.3649 -4.5 1.0367 19.0698 -3.188 .6867 24.7635
3 4 4.5 -.0959 37.494 3.588 .2553 31.7803 3.588 .2923 31.1788
3 4 4.5 -.0959 37.494 3.588 .2923 31.1788 3.588 .3169 30.7779
3 4 4.5 -.0959 37.494 3.588 .3169 30.7779 3.588 .4032 29.3745
3 4 4.5 -.0959 37.494 3.588 .4032 29.3745 3.588 .4278 28.9736
3 4 4.5 -.0959 37.494 3.588 .4278 28.9736 3.588 .5141 27.5702
4 4 3.588 .5388 27.1692 4.5 1.0367 19.0698 4.5 -.0959 37.494 3.588 .5141 27.5702
3 4 3.588 .5388 27.1692 3.588 .625 25.7659 4.5 1.0367 19.0698
3 4 3.588 .625 25.7659 3.588 .6497 25.3649 4.5 1.0367 19.0698
3 4 3.588 .6497 25.3649 3.588 .6867 24.7635 4.5 1.0367 19.0698
3 4 -5.5 -.0959 37.494 -6.5 -.0959 37.494 -7.5 -.0343 36.4916
3 4 3.588 2.8617 9.2262 3.4671 2.9746 8.617 4.5 4.8518 -1.5075
4 4 3.4671 2.9746 8.617 3.1229 3.0704 8.1006 2.8 4.2184 1.9087 4.5 4.8518 -1.5075
3 4 3.1229 3.0704 8.1006 2.6077 3.1344 7.7556 2.8 4.2184 1.9087
4 4 2 3.1568 7.6344 1.5 4.2184 1.9087 2.8 4.2184 1.9087 2.6077 3.1344 7.7556
4 4 -1.6 3.1568 7.6344 -4.5 4.8518 -1.5075 1.5 4.2184 1.9087 2 3.1568 7.6344
3 4 -3.188 2.8617 9.2262 -4.5 4.8518 -1.5075 -3.0671 2.9746 8.617
3 4 -3.0671 2.9746 8.617 -4.5 4.8518 -1.5075 -2.7229 3.0704 8.1006
3 4 -2.7229 3.0704 8.1006 -4.5 4.8518 -1.5075 -2.2077 3.1344 7.7556
3 4 -2.2077 3.1344 7.7556 -4.5 4.8518 -1.5075 -1.6 3.1568 7.6344
3 4 3.588 2.6759 10.2286 3.588 2.7502 9.8276 4.5 4.8518 -1.5075
3 4 3.588 2.7502 9.8276 3.588 2.8617 9.2262 4.5 4.8518 -1.5075
3 4 -3.188 2.4157 11.632 -4.5 4.8518 -1.5075 -3.188 2.6759 10.2286
3 4 -3.188 2.6759 10.2286 -4.5 4.8518 -1.5075 -3.188 2.7502 9.8276
3 4 -3.188 2.7502 9.8276 -4.5 4.8518 -1.5075 -3.188 2.8617 9.2262
4 4 -4.5 4.8518 -1.5075 -3.188 2.4157 11.632 -3.188 2.3413 12.0329 -4.5 1.0367 19.0698
3 4 -4.5 1.0367 19.0698 -3.188 2.3413 12.0329 -3.188 2.0811 13.4363
3 4 -4.5 1.0367 19.0698 -3.188 2.0811 13.4363 -3.188 2.0068 13.8373
3 4 -4.5 1.0367 19.0698 -3.188 2.0068 13.8373 -3.188 1.7466 15.2406
3 4 -4.5 1.0367 19.0698 -3.188 1.7466 15.2406 -3.188 1.6723 15.6416
3 4 -4.5 1.0367 19.0698 -3.188 1.6723 15.6416 -3.188 1.5608 16.243
3 4 -4.5 1.0367 19.0698 -3.188 1.5608 16.243 -3.0671 1.4478 16.8522
3 4 -4.5 1.0367 19.0698 -3.0671 1.4478 16.8522 -2.7229 1.3521 17.3686
3 4 -4.5 1.0367 19.0698 -2.7229 1.3521 17.3686 -2.2077 1.2881 17.7137
3 4 -4.5 1.0367 19.0698 -2.2077 1.2881 17.7137 -1.6 1.2656 17.8348
4 4 -1.6 1.2656 17.8348 2 1.2656 17.8348 4.5 1.0367 19.0698 -4.5 1.0367 19.0698
3 4 4.5 1.0367 19.0698 2 1.2656 17.8348 2.6077 1.2881 17.7137
3 4 4.5 1.0367 19.0698 2.6077 1.2881 17.7137 3.1229 1.3521 17.3686
3 4 4.5 1.0367 19.0698 3.1229 1.3521 17.3686 3.4671 1.4478 16.8522
3 4 4.5 1.0367 19.0698 3.4671 1.4478 16.8522 3.588 1.5608 16.243
3 4 4.5 1.0367 19.0698 3.588 1.5608 16.243 3.588 1.6723 15.6416
3 4 4.5 1.0367 19.0698 3.588 1.6723 15.6416 3.588 1.7466 15.2406
3 4 4.5 1.0367 19.0698 3.588 1.7466 15.2406 3.588 2.0068 13.8373
3 4 4.5 1.0367 19.0698 3.588 2.0068 13.8373 3.588 2.0811 13.4363
3 4 4.5 1.0367 19.0698 3.588 2.0811 13.4363 3.588 2.3413 12.0329
3 4 4.5 1.0367 19.0698 3.588 2.3413 12.0329 3.588 2.4157 11.632
4 4 3.588 2.6759 10.2286 4.5 4.8518 -1.5075 4.5 1.0367 19.0698 3.588 2.4157 11.632
1 4 1.8 6.6877 -7.3135 1 0 0 0 1 -.31697 0 0 1.0024 1-4ndis.dat
1 4 .8 6.6877 -7.3135 0 0 -1 -.31697 1 0 1.0024 0 0 1-4ndis.dat
1 4 1.8 8.5261 -13.1274 0 0 1 .31697 1 0 -1.0024 0 0 1-4ndis.dat
1 4 -1.3 8.5261 -13.1274 -1 0 0 0 1 .31697 0 0 -1.0024 1-4ndis.dat
1 4 1.8 9.4454 -16.0344 1 0 0 0 1 -.31697 0 0 1.0024 1-4ndis.dat
1 4 -1.3 9.4454 -16.0344 0 0 -1 -.31697 1 0 1.0024 0 0 1-4ndis.dat
1 4 1.5 9.4454 -16.0344 0 0 -1 -.31697 1 0 1.0024 0 0 3-16ndis.dat
1 4 -.6 9.4454 -16.0344 0 0 1 -.31697 1 0 1.0024 0 0 3-16ndis.dat
4 4 1.5 8.1775 -12.0248 1.5 7.068 -8.5163 1.1 7.068 -8.5163 1.1 8.1775 -12.0248
3 4 -7.5 11.0619 -21.1466 -7.5 11.1355 -21.3792 -7.4859 11.1355 -21.3792
3 4 2.8 6.0854 -5.4089 1.8 6.3707 -6.3111 2.8 6.3707 -6.3111
4 4 1.8 6.3707 -6.3111 2.8 6.0854 -5.4089 -2.3 6.0854 -5.4089 .8 6.3707 -6.3111
3 4 -2.3 6.0854 -5.4089 -.2 6.3707 -6.3111 .8 6.3707 -6.3111
4 4 -1.1 6.4024 -6.4113 -.2 6.3707 -6.3111 -2.3 6.0854 -5.4089 -2.3 6.4024 -6.4113
4 4 -1.1 6.4024 -6.4113 -1.1 8.1775 -12.0248 -.2 6.6877 -7.3135 -.2 6.3707 -6.3111
3 4 -.2 6.6877 -7.3135 -1.1 8.1775 -12.0248 -.2 8.1775 -12.0248
3 4 -2.3 8.5261 -13.1274 -4.5 11.1355 -21.3792 -2.3 8.8431 -14.1298
4 4 .5761 9.324 -15.6508 .5 9.1284 -15.032 .4 9.1284 -15.032 .3239 9.324 -15.6508
4 4 2.8 9.1284 -15.032 2.8 8.8431 -14.1298 1.8 8.8431 -14.1298 1.8 9.1284 -15.032
3 4 1.8 8.8431 -14.1298 1.5 9.1284 -15.032 1.8 9.1284 -15.032
3 4 1.8 8.8431 -14.1298 .5 9.1284 -15.032 1.5 9.1284 -15.032
4 4 .4 9.1284 -15.032 .5 9.1284 -15.032 1.8 8.8431 -14.1298 -1.3 8.8431 -14.1298
3 4 -1.3 8.8431 -14.1298 -.6 9.1284 -15.032 .4 9.1284 -15.032
4 4 -1.3 8.8431 -14.1298 -2.3 8.8431 -14.1298 -1.3 9.1284 -15.032 -.6 9.1284 -15.032
3 4 -2.3 8.8431 -14.1298 -2.3 9.1284 -15.032 -1.3 9.1284 -15.032
3 4 -2.3 8.8431 -14.1298 -4.5 11.1355 -21.3792 -2.3 9.1284 -15.032
3 4 2.8 8.8431 -14.1298 2.8 9.1284 -15.032 4.5 11.1355 -21.3792
3 4 2.8 9.1284 -15.032 2.8 9.4454 -16.0344 4.5 11.1355 -21.3792
4 4 -1 9.6672 -16.7361 -1 10.9034 -20.6454 -.2 10.9034 -20.6454 -.2 9.6672 -16.7361
4 4 1 9.6672 -16.7361 1 10.9034 -20.6454 1.5 10.9034 -20.6454 1.5 9.6672 -16.7361
3 4 2.8 9.4454 -16.0344 2.8 11.1355 -21.3792 4.5 11.1355 -21.3792
3 4 -2.3 9.1284 -15.032 -4.5 11.1355 -21.3792 -2.3 9.4454 -16.0344
3 4 -2.3 9.4454 -16.0344 -4.5 11.1355 -21.3792 -2.3 11.1355 -21.3792
4 4 -2.3 5.4515 -3.4041 1.5 5.4515 -3.4041 1.5 4.8518 -1.5075 -4.5 4.8518 -1.5075
3 4 4.5 4.8518 -1.5075 2.8 4.8518 -1.5075 2.8 6.0854 -5.4089
3 4 -4.5 4.8518 -1.5075 -2.3 6.0854 -5.4089 -2.3 5.4515 -3.4041
3 4 -4.5 4.8518 -1.5075 -2.3 6.4024 -6.4113 -2.3 6.0854 -5.4089
4 4 -4.5 11.1355 -21.3792 -2.3 8.5261 -13.1274 -2.3 6.4024 -6.4113 -4.5 4.8518 -1.5075
3 4 4.5 4.8518 -1.5075 2.8 6.0854 -5.4089 2.8 6.3707 -6.3111
3 4 4.5 4.8518 -1.5075 2.8 6.3707 -6.3111 2.8 6.6877 -7.3135
3 4 4.5 4.8518 -1.5075 2.8 6.6877 -7.3135 2.8 8.5261 -13.1274
4 4 2.8 8.8431 -14.1298 4.5 11.1355 -21.3792 4.5 4.8518 -1.5075 2.8 8.5261 -13.1274
1 4 -1.3 11.1668 -21.4474 -1 0 0 0 1 .46156 0 0 -1.0024 1-4ndis.dat
1 4 1.8 11.1668 -21.4474 0 0 1 .46156 1 0 -1.0024 0 0 1-4ndis.dat
1 4 -.6 11.1668 -21.4474 0 0 1 .46156 1 0 -1.0024 0 0 3-16ndis.dat
1 4 1.5 11.1668 -21.4474 0 0 -1 .46156 1 0 -1.0024 0 0 3-16ndis.dat
1 4 -.3 15.1362 -30.068 0 0 1 .46156 1 0 -1.0024 0 0 1-4ndis.dat
1 4 -1.3 15.1362 -30.068 -1 0 0 0 1 .46156 0 0 -1.0024 1-4ndis.dat
1 4 .7 12.69 -24.7553 0 0 -1 -.46156 1 0 1.0024 0 0 1-4ndis.dat
4 4 7.5 11.1355 -21.3792 6.5 18.6441 -37.6863 6.8827 18.609 -37.61 7.5 18.1825 -36.6839
4 4 7.5 18.1825 -36.6839 6.8827 18.609 -37.61 7.2071 18.5089 -37.3927 7.4239 18.3592 -37.0675
4 4 -6.8827 18.609 -37.61 -6.5 18.6441 -37.6863 -7.5 18.1825 -36.6839 -7.4239 18.3592 -37.0675
3 4 -7.4239 18.3592 -37.0675 -7.2071 18.5089 -37.3927 -6.8827 18.609 -37.61
4 4 -7.5 18.1825 -36.6839 -6.5 18.6441 -37.6863 -7.4859 11.1355 -21.3792 -7.5 11.1355 -21.3792
4 4 -5.5 18.6441 -37.6863 -5.5 11.1355 -21.3792 -7.4859 11.1355 -21.3792 -6.5 18.6441 -37.6863
4 4 .5 11.6284 -22.4498 .5761 11.3435 -21.831 .3239 11.3435 -21.831 .4 11.6284 -22.4498
3 4 2.8 11.6284 -22.4498 1.8 11.6284 -22.4498 2.8 12.2284 -23.7529
4 4 1.5 11.6284 -22.4498 .7 12.2284 -23.7529 2.8 12.2284 -23.7529 1.8 11.6284 -22.4498
4 4 1.5 11.6284 -22.4498 .5 11.6284 -22.4498 -.3 12.2284 -23.7529 .7 12.2284 -23.7529
4 4 -1.1 12.2284 -23.7529 -.3 12.2284 -23.7529 .5 11.6284 -22.4498 .4 11.6284 -22.4498
3 4 .4 11.6284 -22.4498 -.6 11.6284 -22.4498 -1.1 12.2284 -23.7529
4 4 -1.3 11.6284 -22.4498 -2.3 12.2284 -23.7529 -1.1 12.2284 -23.7529 -.6 11.6284 -22.4498
3 4 -1.3 11.6284 -22.4498 -2.3 11.6284 -22.4498 -2.3 12.2284 -23.7529
4 4 -1.1 12.2284 -23.7529 -1.1 14.6747 -29.0656 -.3 12.69 -24.7553 -.3 12.2284 -23.7529
3 4 -.3 12.69 -24.7553 -1.1 14.6747 -29.0656 -.3 14.6747 -29.0656
4 4 .7 15.1362 -30.068 1.9 15.5978 -31.0704 1.9 13.1054 -25.6574 .7 13.1054 -25.6574
3 4 .7 15.1362 -30.068 .7 15.5978 -31.0704 1.9 15.5978 -31.0704
4 4 -4.5 11.1355 -21.3792 -4.5 18.6441 -37.6863 -2.3 15.5978 -31.0704 -2.3 15.1362 -30.068
3 4 -1.3 15.5978 -31.0704 -2.3 15.5978 -31.0704 -4.5 18.6441 -37.6863
3 4 -.3 15.5978 -31.0704 -1.3 15.5978 -31.0704 -4.5 18.6441 -37.6863
3 4 .7 15.5978 -31.0704 -.3 15.5978 -31.0704 -4.5 18.6441 -37.6863
3 4 1.9 15.5978 -31.0704 .7 15.5978 -31.0704 -4.5 18.6441 -37.6863
4 4 1.9 15.5978 -31.0704 -4.5 18.6441 -37.6863 4.5 18.6441 -37.6863 2.8 15.5978 -31.0704
3 4 -2.3 11.1355 -21.3792 -4.5 11.1355 -21.3792 -2.3 11.1668 -21.4474
3 4 -4.5 11.1355 -21.3792 -2.3 11.6284 -22.4498 -2.3 11.1668 -21.4474
3 4 -4.5 11.1355 -21.3792 -2.3 12.2284 -23.7529 -2.3 11.6284 -22.4498
3 4 -4.5 11.1355 -21.3792 -2.3 15.1362 -30.068 -2.3 12.2284 -23.7529
3 4 4.5 11.1355 -21.3792 2.8 11.1355 -21.3792 2.8 11.1668 -21.4474
3 4 4.5 11.1355 -21.3792 2.8 11.1668 -21.4474 2.8 11.6284 -22.4498
3 4 4.5 11.1355 -21.3792 2.8 11.6284 -22.4498 2.8 12.2284 -23.7529
4 4 2.8 12.2284 -23.7529 2.8 15.5978 -31.0704 4.5 18.6441 -37.6863 4.5 11.1355 -21.3792
3 4 -5.5 -.0959 37.494 -7.5 -.0343 36.4916 -5.5 1.0367 19.0698
3 4 -5.5 1.0367 19.0698 -7.5 -.0343 36.4916 -7.5 1.0367 19.0698
4 4 -5.5 4.8518 -1.5075 -5.5 1.0367 19.0698 -7.5 1.0367 19.0698 -7.5 4.8517 -1.5075
4 4 -7.5 4.8517 -1.5075 -7.5 11.1355 -21.3792 -5.5 11.1355 -21.3792 -5.5 4.8518 -1.5075
4 4 5.5 4.8518 -1.5075 5.5 11.1355 -21.3792 7.5 11.1355 -21.3792 7.5 4.8517 -1.5075
4 4 5.5 1.0367 19.0698 5.5 4.8518 -1.5075 7.5 4.8517 -1.5075 7.5 1.0367 19.0698
3 4 5.5 1.0367 19.0698 7.5 1.0367 19.0698 5.5 -.0959 37.494
3 4 5.5 -.0959 37.494 7.5 1.0367 19.0698 7.5 -.0343 36.4916
3 4 1.5 4.2184 1.9087 -4.5 4.8518 -1.5075 1.5 4.8518 -1.5075
3 4 2.8 4.2184 1.9087 2.8 4.8518 -1.5075 4.5 4.8518 -1.5075
3 4 7.5 11.1355 -21.3792 5.5 11.1355 -21.3792 5.5 18.6441 -37.6863
3 4 7.5 11.1355 -21.3792 5.5 18.6441 -37.6863 6.5 18.6441 -37.6863
4 0 2 .7845 23.1716 2.6077 .7771 23.2928 2.4146 .7483 23.7603 2 .7534 23.6776
4 0 2.6077 .7771 23.2928 3.1229 .7558 23.6379 2.816 .7339 23.9956 2.4146 .7483 23.7603
4 0 3.0008 .7122 24.3479 2.816 .7339 23.9956 3.1229 .7558 23.6379 3.4671 .7241 24.1543
4 0 3.4671 .7241 24.1543 3.588 .6867 24.7635 3.0833 .6867 24.7635 3.0008 .7122 24.3479
4 0 2 .1885 32.8662 2.4146 .1936 32.7835 2.6077 .1649 33.2509 2 .1574 33.3721
4 0 3.0008 .2298 32.1959 3.0833 .2553 31.7803 3.588 .2553 31.7803 3.4671 .2179 32.3894
4 0 2.816 .2081 32.5481 3.0008 .2298 32.1959 3.4671 .2179 32.3894 3.1229 .1861 32.9059
4 0 3.1229 .1861 32.9059 2.6077 .1649 33.2509 2.4146 .1936 32.7835 2.816 .2081 32.5481
4 0 -2.0146 .1936 32.7835 -1.6 .1885 32.8662 -1.6 .1574 33.3721 -2.2077 .1649 33.2509
4 0 -2.2077 .1649 33.2509 -2.7229 .1861 32.9059 -2.416 .2081 32.5481 -2.0146 .1936 32.7835
4 0 -2.7229 .1861 32.9059 -3.0671 .2179 32.3894 -2.6008 .2298 32.1959 -2.416 .2081 32.5481
4 0 -2.6833 .2553 31.7803 -2.6008 .2298 32.1959 -3.0671 .2179 32.3894 -3.188 .2553 31.7803
4 0 -2.6008 .7122 24.3479 -2.6833 .6867 24.7635 -3.188 .6867 24.7635 -3.0671 .7241 24.1543
4 0 -2.416 .7339 23.9956 -2.6008 .7122 24.3479 -3.0671 .7241 24.1543 -2.7229 .7558 23.6379
4 0 -2.0146 .7483 23.7603 -2.416 .7339 23.9956 -2.7229 .7558 23.6379 -2.2077 .7771 23.2928
4 0 -2.2077 .7771 23.2928 -1.6 .7845 23.1716 -1.6 .7534 23.6776 -2.0146 .7483 23.7603
4 0 3.0833 .2923 31.1788 3.0833 .3169 30.7779 3.588 .3169 30.7779 3.588 .2923 31.1788
4 0 3.0833 .4032 29.3745 3.0833 .4278 28.9736 3.588 .4278 28.9736 3.588 .4032 29.3745
4 0 3.588 .5388 27.1692 3.588 .5141 27.5702 3.0833 .5141 27.5702 3.0833 .5388 27.1692
4 0 3.0833 .625 25.7659 3.0833 .6497 25.3649 3.588 .6497 25.3649 3.588 .625 25.7659
4 0 3.588 .2923 31.1788 3.588 .2553 31.7803 3.0833 .2553 31.7803 3.0833 .2923 31.1788
4 0 3.588 .4032 29.3745 3.588 .3169 30.7779 3.0833 .3169 30.7779 3.0833 .4032 29.3745
4 0 3.588 .5141 27.5702 3.588 .4278 28.9736 3.0833 .4278 28.9736 3.0833 .5141 27.5702
4 0 3.0833 .5388 27.1692 3.0833 .625 25.7659 3.588 .625 25.7659 3.588 .5388 27.1692
4 0 3.0833 .6497 25.3649 3.0833 .6867 24.7635 3.588 .6867 24.7635 3.588 .6497 25.3649
4 0 -3.188 .2553 31.7803 -3.188 .2923 31.1788 -2.6833 .2923 31.1788 -2.6833 .2553 31.7803
4 0 -2.6833 .3169 30.7779 -2.6833 .2923 31.1788 -3.188 .2923 31.1788 -3.188 .3169 30.7779
4 0 -3.188 .3169 30.7779 -3.188 .4032 29.3745 -2.6833 .4032 29.3745 -2.6833 .3169 30.7779
4 0 -2.6833 .4278 28.9736 -2.6833 .4032 29.3745 -3.188 .4032 29.3745 -3.188 .4278 28.9736
4 0 -2.6833 .5141 27.5702 -2.6833 .4278 28.9736 -3.188 .4278 28.9736 -3.188 .5141 27.5702
4 0 -2.6833 .5388 27.1692 -2.6833 .5141 27.5702 -3.188 .5141 27.5702 -3.188 .5388 27.1692
4 0 -3.188 .5388 27.1692 -3.188 .625 25.7659 -2.6833 .625 25.7659 -2.6833 .5388 27.1692
4 0 -3.188 .625 25.7659 -3.188 .6497 25.3649 -2.6833 .6497 25.3649 -2.6833 .625 25.7659
4 0 -3.188 .6497 25.3649 -3.188 .6867 24.7635 -2.6833 .6867 24.7635 -2.6833 .6497 25.3649
4 0 2 .7845 23.1716 2 .7534 23.6776 -1.6 .7534 23.6776 -1.6 .7845 23.1716
4 0 -1.6 .1574 33.3721 -1.6 .1885 32.8662 2 .1885 32.8662 2 .1574 33.3721
4 0 2.8 .3169 30.7779 2.8 .2923 31.1788 2.4 .2923 31.1788 2.4 .3169 30.7779
4 0 2.8 .4278 28.9736 2.8 .4032 29.3745 2.4 .4032 29.3745 2.4 .4278 28.9736
4 0 2.4 .5141 27.5702 2.4 .5388 27.1692 2.8 .5388 27.1692 2.8 .5141 27.5702
4 0 2.8 .6497 25.3649 2.8 .625 25.7659 2.4 .625 25.7659 2.4 .6497 25.3649
4 0 2.4 .3169 30.7779 2.4 .2923 31.1788 2 .2923 31.1788 2 .3169 30.7779
4 0 2.4 .4278 28.9736 2.4 .4032 29.3745 2 .4032 29.3745 2 .4278 28.9736
4 0 2 .5141 27.5702 2 .5388 27.1692 2.4 .5388 27.1692 2.4 .5141 27.5702
4 0 2.4 .6497 25.3649 2.4 .625 25.7659 2 .625 25.7659 2 .6497 25.3649
4 0 1.6 .2923 31.1788 1.6 .3169 30.7779 2 .3169 30.7779 2 .2923 31.1788
4 0 2 .4278 28.9736 2 .4032 29.3745 1.6 .4032 29.3745 1.6 .4278 28.9736
4 0 2 .5388 27.1692 2 .5141 27.5702 1.6 .5141 27.5702 1.6 .5388 27.1692
4 0 2 .6497 25.3649 2 .625 25.7659 1.6 .625 25.7659 1.6 .6497 25.3649
4 0 1.6 .3169 30.7779 1.6 .2923 31.1788 1.2 .2923 31.1788 1.2 .3169 30.7779
4 0 1.6 .4278 28.9736 1.6 .4032 29.3745 1.2 .4032 29.3745 1.2 .4278 28.9736
4 0 1.6 .5388 27.1692 1.6 .5141 27.5702 1.2 .5141 27.5702 1.2 .5388 27.1692
4 0 1.6 .6497 25.3649 1.6 .625 25.7659 1.2 .625 25.7659 1.2 .6497 25.3649
4 0 1.2 .3169 30.7779 1.2 .2923 31.1788 .8 .2923 31.1788 .8 .3169 30.7779
4 0 1.2 .4278 28.9736 1.2 .4032 29.3745 .8 .4032 29.3745 .8 .4278 28.9736
4 0 1.2 .5388 27.1692 1.2 .5141 27.5702 .8 .5141 27.5702 .8 .5388 27.1692
4 0 1.2 .6497 25.3649 1.2 .625 25.7659 .8 .625 25.7659 .8 .6497 25.3649
4 0 .8 .3169 30.7779 .8 .2923 31.1788 .4 .2923 31.1788 .4 .3169 30.7779
4 0 .8 .4278 28.9736 .8 .4032 29.3745 .4 .4032 29.3745 .4 .4278 28.9736
4 0 .8 .5388 27.1692 .8 .5141 27.5702 .4 .5141 27.5702 .4 .5388 27.1692
4 0 .8 .6497 25.3649 .8 .625 25.7659 .4 .625 25.7659 .4 .6497 25.3649
4 0 .4 .3169 30.7779 .4 .2923 31.1788 0 .2923 31.1788 0 .3169 30.7779
4 0 .4 .4278 28.9736 .4 .4032 29.3745 0 .4032 29.3745 0 .4278 28.9736
4 0 .4 .5388 27.1692 .4 .5141 27.5702 0 .5141 27.5702 0 .5388 27.1692
4 0 .4 .6497 25.3649 .4 .625 25.7659 0 .625 25.7659 0 .6497 25.3649
4 0 -.4 .2923 31.1788 -.4 .3169 30.7779 0 .3169 30.7779 0 .2923 31.1788
4 0 0 .4278 28.9736 0 .4032 29.3745 -.4 .4032 29.3745 -.4 .4278 28.9736
4 0 0 .5388 27.1692 0 .5141 27.5702 -.4 .5141 27.5702 -.4 .5388 27.1692
4 0 0 .6497 25.3649 0 .625 25.7659 -.4 .625 25.7659 -.4 .6497 25.3649
4 0 -.4 .3169 30.7779 -.4 .2923 31.1788 -.8 .2923 31.1788 -.8 .3169 30.7779
4 0 -.4 .4278 28.9736 -.4 .4032 29.3745 -.8 .4032 29.3745 -.8 .4278 28.9736
4 0 -.8 .5141 27.5702 -.8 .5388 27.1692 -.4 .5388 27.1692 -.4 .5141 27.5702
4 0 -.4 .6497 25.3649 -.4 .625 25.7659 -.8 .625 25.7659 -.8 .6497 25.3649
4 0 -.8 .3169 30.7779 -.8 .2923 31.1788 -1.2 .2923 31.1788 -1.2 .3169 30.7779
4 0 -.8 .4278 28.9736 -.8 .4032 29.3745 -1.2 .4032 29.3745 -1.2 .4278 28.9736
4 0 -1.2 .5141 27.5702 -1.2 .5388 27.1692 -.8 .5388 27.1692 -.8 .5141 27.5702
4 0 -.8 .6497 25.3649 -.8 .625 25.7659 -1.2 .625 25.7659 -1.2 .6497 25.3649
4 0 -1.6 .2923 31.1788 -1.6 .3169 30.7779 -1.2 .3169 30.7779 -1.2 .2923 31.1788
4 0 -1.2 .4278 28.9736 -1.2 .4032 29.3745 -1.6 .4032 29.3745 -1.6 .4278 28.9736
4 0 -1.2 .5388 27.1692 -1.2 .5141 27.5702 -1.6 .5141 27.5702 -1.6 .5388 27.1692
4 0 -1.2 .6497 25.3649 -1.2 .625 25.7659 -1.6 .625 25.7659 -1.6 .6497 25.3649
4 0 -1.6 .3169 30.7779 -1.6 .2923 31.1788 -2 .2923 31.1788 -2 .3169 30.7779
4 0 -1.6 .4278 28.9736 -1.6 .4032 29.3745 -2 .4032 29.3745 -2 .4278 28.9736
4 0 -1.6 .5388 27.1692 -1.6 .5141 27.5702 -2 .5141 27.5702 -2 .5388 27.1692
4 0 -1.6 .6497 25.3649 -1.6 .625 25.7659 -2 .625 25.7659 -2 .6497 25.3649
4 0 -2 .3169 30.7779 -2 .2923 31.1788 -2.4 .2923 31.1788 -2.4 .3169 30.7779
4 0 -2 .4278 28.9736 -2 .4032 29.3745 -2.4 .4032 29.3745 -2.4 .4278 28.9736
4 0 -2 .5388 27.1692 -2 .5141 27.5702 -2.4 .5141 27.5702 -2.4 .5388 27.1692
4 0 -2 .6497 25.3649 -2 .625 25.7659 -2.4 .625 25.7659 -2.4 .6497 25.3649
4 0 3.0833 .3169 30.7779 3.0833 .2923 31.1788 2.8 .2923 31.1788 2.8 .3169 30.7779
4 0 2.8 .4032 29.3745 2.8 .4278 28.9736 3.0833 .4278 28.9736 3.0833 .4032 29.3745
4 0 3.0833 .5388 27.1692 3.0833 .5141 27.5702 2.8 .5141 27.5702 2.8 .5388 27.1692
4 0 2.8 .625 25.7659 2.8 .6497 25.3649 3.0833 .6497 25.3649 3.0833 .625 25.7659
4 0 -2.4 .3169 30.7779 -2.4 .2923 31.1788 -2.6833 .2923 31.1788 -2.6833 .3169 30.7779
4 0 -2.4 .4278 28.9736 -2.4 .4032 29.3745 -2.6833 .4032 29.3745 -2.6833 .4278 28.9736
4 0 -2.4 .5388 27.1692 -2.4 .5141 27.5702 -2.6833 .5141 27.5702 -2.6833 .5388 27.1692
4 0 -2.4 .6497 25.3649 -2.4 .625 25.7659 -2.6833 .625 25.7659 -2.6833 .6497 25.3649
4 0 2 3.1568 7.6344 2.6077 3.1344 7.7556 2.4146 3.0477 8.223 2 3.063 8.1403
4 0 2.6077 3.1344 7.7556 3.1229 3.0704 8.1006 2.816 3.0041 8.4584 2.4146 3.0477 8.223
4 0 3.1229 3.0704 8.1006 3.4671 2.9746 8.617 3.0008 2.9388 8.8106 2.816 3.0041 8.4584
4 0 3.4671 2.9746 8.617 3.588 2.8617 9.2262 3.0833 2.8617 9.2262 3.0008 2.9388 8.8106
4 0 2 1.3594 17.3289 2.4146 1.3748 17.2462 2.6077 1.2881 17.7137 2 1.2656 17.8348
4 0 3.0008 1.4837 16.6586 3.0833 1.5608 16.243 3.588 1.5608 16.243 3.4671 1.4478 16.8522
4 0 2.816 1.4184 17.0109 3.0008 1.4837 16.6586 3.4671 1.4478 16.8522 3.1229 1.3521 17.3686
4 0 2.4146 1.3748 17.2462 2.816 1.4184 17.0109 3.1229 1.3521 17.3686 2.6077 1.2881 17.7137
4 0 -2.0146 1.3748 17.2462 -1.6 1.3594 17.3289 -1.6 1.2656 17.8348 -2.2077 1.2881 17.7137
4 0 -2.416 1.4184 17.0109 -2.0146 1.3748 17.2462 -2.2077 1.2881 17.7137 -2.7229 1.3521 17.3686
4 0 -2.6008 1.4837 16.6586 -2.416 1.4184 17.0109 -2.7229 1.3521 17.3686 -3.0671 1.4478 16.8522
4 0 -2.6833 1.5608 16.243 -2.6008 1.4837 16.6586 -3.0671 1.4478 16.8522 -3.188 1.5608 16.243
4 0 -2.6008 2.9388 8.8106 -2.6833 2.8617 9.2262 -3.188 2.8617 9.2262 -3.0671 2.9746 8.617
4 0 -2.416 3.0041 8.4584 -2.6008 2.9388 8.8106 -3.0671 2.9746 8.617 -2.7229 3.0704 8.1006
4 0 -2.0146 3.0477 8.223 -2.416 3.0041 8.4584 -2.7229 3.0704 8.1006 -2.2077 3.1344 7.7556
4 0 -2.2077 3.1344 7.7556 -1.6 3.1568 7.6344 -1.6 3.063 8.1403 -2.0146 3.0477 8.223
4 0 3.588 1.7466 15.2406 3.588 1.6723 15.6416 3.0833 1.6723 15.6416 3.0833 1.7466 15.2406
4 0 3.588 2.0811 13.4363 3.588 2.0068 13.8373 3.0833 2.0068 13.8373 3.0833 2.0811 13.4363
4 0 3.588 2.4157 11.632 3.588 2.3413 12.0329 3.0833 2.3413 12.0329 3.0833 2.4157 11.632
4 0 3.0833 2.6759 10.2286 3.0833 2.7502 9.8276 3.588 2.7502 9.8276 3.588 2.6759 10.2286
4 0 3.588 1.6723 15.6416 3.588 1.5608 16.243 3.0833 1.5608 16.243 3.0833 1.6723 15.6416
4 0 3.588 2.0068 13.8373 3.588 1.7466 15.2406 3.0833 1.7466 15.2406 3.0833 2.0068 13.8373
4 0 3.588 2.3413 12.0329 3.588 2.0811 13.4363 3.0833 2.0811 13.4363 3.0833 2.3413 12.0329
4 0 3.588 2.6759 10.2286 3.588 2.4157 11.632 3.0833 2.4157 11.632 3.0833 2.6759 10.2286
4 0 3.588 2.8617 9.2262 3.588 2.7502 9.8276 3.0833 2.7502 9.8276 3.0833 2.8617 9.2262
4 0 -2.6833 1.6723 15.6416 -2.6833 1.5608 16.243 -3.188 1.5608 16.243 -3.188 1.6723 15.6416
4 0 -2.6833 1.7466 15.2406 -2.6833 1.6723 15.6416 -3.188 1.6723 15.6416 -3.188 1.7466 15.2406
4 0 -3.188 1.7466 15.2406 -3.188 2.0068 13.8373 -2.6833 2.0068 13.8373 -2.6833 1.7466 15.2406
4 0 -2.6833 2.0811 13.4363 -2.6833 2.0068 13.8373 -3.188 2.0068 13.8373 -3.188 2.0811 13.4363
4 0 -2.6833 2.3413 12.0329 -2.6833 2.0811 13.4363 -3.188 2.0811 13.4363 -3.188 2.3413 12.0329
4 0 -2.6833 2.4157 11.632 -2.6833 2.3413 12.0329 -3.188 2.3413 12.0329 -3.188 2.4157 11.632
4 0 -2.6833 2.6759 10.2286 -2.6833 2.4157 11.632 -3.188 2.4157 11.632 -3.188 2.6759 10.2286
4 0 -2.6833 2.7502 9.8276 -2.6833 2.6759 10.2286 -3.188 2.6759 10.2286 -3.188 2.7502 9.8276
4 0 -2.6833 2.8617 9.2262 -2.6833 2.7502 9.8276 -3.188 2.7502 9.8276 -3.188 2.8617 9.2262
4 0 2 3.1568 7.6344 2 3.063 8.1403 -1.6 3.063 8.1403 -1.6 3.1568 7.6344
4 0 -1.6 1.2656 17.8348 -1.6 1.3594 17.3289 2 1.3594 17.3289 2 1.2656 17.8348
4 0 2.4 1.6723 15.6416 2.4 1.7466 15.2406 2.8 1.7466 15.2406 2.8 1.6723 15.6416
4 0 2.8 2.0811 13.4363 2.8 2.0068 13.8373 2.4 2.0068 13.8373 2.4 2.0811 13.4363
4 0 2.4 2.3413 12.0329 2.4 2.4157 11.632 2.8 2.4157 11.632 2.8 2.3413 12.0329
4 0 2.4 2.6759 10.2286 2.4 2.7502 9.8276 2.8 2.7502 9.8276 2.8 2.6759 10.2286
4 0 2 1.6723 15.6416 2 1.7466 15.2406 2.4 1.7466 15.2406 2.4 1.6723 15.6416
4 0 2 2.0068 13.8373 2 2.0811 13.4363 2.4 2.0811 13.4363 2.4 2.0068 13.8373
4 0 2 2.3413 12.0329 2 2.4157 11.632 2.4 2.4157 11.632 2.4 2.3413 12.0329
4 0 2 2.6759 10.2286 2 2.7502 9.8276 2.4 2.7502 9.8276 2.4 2.6759 10.2286
4 0 1.6 1.6723 15.6416 1.6 1.7466 15.2406 2 1.7466 15.2406 2 1.6723 15.6416
4 0 1.6 2.0068 13.8373 1.6 2.0811 13.4363 2 2.0811 13.4363 2 2.0068 13.8373
4 0 1.6 2.3413 12.0329 1.6 2.4157 11.632 2 2.4157 11.632 2 2.3413 12.0329
4 0 1.6 2.6759 10.2286 1.6 2.7502 9.8276 2 2.7502 9.8276 2 2.6759 10.2286
4 0 1.2 1.6723 15.6416 1.2 1.7466 15.2406 1.6 1.7466 15.2406 1.6 1.6723 15.6416
4 0 1.6 2.0811 13.4363 1.6 2.0068 13.8373 1.2 2.0068 13.8373 1.2 2.0811 13.4363
4 0 1.2 2.3413 12.0329 1.2 2.4157 11.632 1.6 2.4157 11.632 1.6 2.3413 12.0329
4 0 1.2 2.6759 10.2286 1.2 2.7502 9.8276 1.6 2.7502 9.8276 1.6 2.6759 10.2286
4 0 .8 1.6723 15.6416 .8 1.7466 15.2406 1.2 1.7466 15.2406 1.2 1.6723 15.6416
4 0 .8 2.0068 13.8373 .8 2.0811 13.4363 1.2 2.0811 13.4363 1.2 2.0068 13.8373
4 0 .8 2.3413 12.0329 .8 2.4157 11.632 1.2 2.4157 11.632 1.2 2.3413 12.0329
4 0 .8 2.6759 10.2286 .8 2.7502 9.8276 1.2 2.7502 9.8276 1.2 2.6759 10.2286
4 0 .4 1.6723 15.6416 .4 1.7466 15.2406 .8 1.7466 15.2406 .8 1.6723 15.6416
4 0 .4 2.0068 13.8373 .4 2.0811 13.4363 .8 2.0811 13.4363 .8 2.0068 13.8373
4 0 .4 2.3413 12.0329 .4 2.4157 11.632 .8 2.4157 11.632 .8 2.3413 12.0329
4 0 .8 2.7502 9.8276 .8 2.6759 10.2286 .4 2.6759 10.2286 .4 2.7502 9.8276
4 0 0 1.6723 15.6416 0 1.7466 15.2406 .4 1.7466 15.2406 .4 1.6723 15.6416
4 0 0 2.0068 13.8373 0 2.0811 13.4363 .4 2.0811 13.4363 .4 2.0068 13.8373
4 0 0 2.3413 12.0329 0 2.4157 11.632 .4 2.4157 11.632 .4 2.3413 12.0329
4 0 .4 2.7502 9.8276 .4 2.6759 10.2286 0 2.6759 10.2286 0 2.7502 9.8276
4 0 -.4 1.6723 15.6416 -.4 1.7466 15.2406 0 1.7466 15.2406 0 1.6723 15.6416
4 0 -.4 2.0068 13.8373 -.4 2.0811 13.4363 0 2.0811 13.4363 0 2.0068 13.8373
4 0 -.4 2.3413 12.0329 -.4 2.4157 11.632 0 2.4157 11.632 0 2.3413 12.0329
4 0 -.4 2.6759 10.2286 -.4 2.7502 9.8276 0 2.7502 9.8276 0 2.6759 10.2286
4 0 -.8 1.6723 15.6416 -.8 1.7466 15.2406 -.4 1.7466 15.2406 -.4 1.6723 15.6416
4 0 -.4 2.0811 13.4363 -.4 2.0068 13.8373 -.8 2.0068 13.8373 -.8 2.0811 13.4363
4 0 -.8 2.3413 12.0329 -.8 2.4157 11.632 -.4 2.4157 11.632 -.4 2.3413 12.0329
4 0 -.8 2.6759 10.2286 -.8 2.7502 9.8276 -.4 2.7502 9.8276 -.4 2.6759 10.2286
4 0 -1.2 1.6723 15.6416 -1.2 1.7466 15.2406 -.8 1.7466 15.2406 -.8 1.6723 15.6416
4 0 -1.2 2.0068 13.8373 -1.2 2.0811 13.4363 -.8 2.0811 13.4363 -.8 2.0068 13.8373
4 0 -1.2 2.3413 12.0329 -1.2 2.4157 11.632 -.8 2.4157 11.632 -.8 2.3413 12.0329
4 0 -1.2 2.6759 10.2286 -1.2 2.7502 9.8276 -.8 2.7502 9.8276 -.8 2.6759 10.2286
4 0 -1.6 1.6723 15.6416 -1.6 1.7466 15.2406 -1.2 1.7466 15.2406 -1.2 1.6723 15.6416
4 0 -1.6 2.0068 13.8373 -1.6 2.0811 13.4363 -1.2 2.0811 13.4363 -1.2 2.0068 13.8373
4 0 -1.6 2.3413 12.0329 -1.6 2.4157 11.632 -1.2 2.4157 11.632 -1.2 2.3413 12.0329
4 0 -1.6 2.6759 10.2286 -1.6 2.7502 9.8276 -1.2 2.7502 9.8276 -1.2 2.6759 10.2286
4 0 -2 1.6723 15.6416 -2 1.7466 15.2406 -1.6 1.7466 15.2406 -1.6 1.6723 15.6416
4 0 -1.6 2.0811 13.4363 -1.6 2.0068 13.8373 -2 2.0068 13.8373 -2 2.0811 13.4363
4 0 -2 2.3413 12.0329 -2 2.4157 11.632 -1.6 2.4157 11.632 -1.6 2.3413 12.0329
4 0 -2 2.6759 10.2286 -2 2.7502 9.8276 -1.6 2.7502 9.8276 -1.6 2.6759 10.2286
4 0 -2.4 1.6723 15.6416 -2.4 1.7466 15.2406 -2 1.7466 15.2406 -2 1.6723 15.6416
4 0 -2.4 2.0068 13.8373 -2.4 2.0811 13.4363 -2 2.0811 13.4363 -2 2.0068 13.8373
4 0 -2.4 2.3413 12.0329 -2.4 2.4157 11.632 -2 2.4157 11.632 -2 2.3413 12.0329
4 0 -2.4 2.6759 10.2286 -2.4 2.7502 9.8276 -2 2.7502 9.8276 -2 2.6759 10.2286
4 0 2.8 1.6723 15.6416 2.8 1.7466 15.2406 3.0833 1.7466 15.2406 3.0833 1.6723 15.6416
4 0 2.8 2.0068 13.8373 2.8 2.0811 13.4363 3.0833 2.0811 13.4363 3.0833 2.0068 13.8373
4 0 2.8 2.3413 12.0329 2.8 2.4157 11.632 3.0833 2.4157 11.632 3.0833 2.3413 12.0329
4 0 2.8 2.6759 10.2286 2.8 2.7502 9.8276 3.0833 2.7502 9.8276 3.0833 2.6759 10.2286
4 0 -2.6833 1.6723 15.6416 -2.6833 1.7466 15.2406 -2.4 1.7466 15.2406 -2.4 1.6723 15.6416
4 0 -2.6833 2.0068 13.8373 -2.6833 2.0811 13.4363 -2.4 2.0811 13.4363 -2.4 2.0068 13.8373
4 0 -2.6833 2.3413 12.0329 -2.6833 2.4157 11.632 -2.4 2.4157 11.632 -2.4 2.3413 12.0329
4 0 -2.6833 2.6759 10.2286 -2.6833 2.7502 9.8276 -2.4 2.7502 9.8276 -2.4 2.6759 10.2286
4 72 2.4 .3724 29.8757 2.4 .3477 30.2767 2 .3477 30.2767 2 .3724 29.8757
4 72 2.8 .397 29.4748 2.8 .3724 29.8757 2.4 .3724 29.8757 2.4 .397 29.4748
4 72 2.8 .3477 30.2767 2.8 .3231 30.6776 2.4 .3231 30.6776 2.4 .3477 30.2767
4 72 2.4 .4833 28.0714 2.4 .4587 28.4724 2 .4587 28.4724 2 .4833 28.0714
4 72 2.4 .4833 28.0714 2.4 .508 27.6704 2.8 .508 27.6704 2.8 .4833 28.0714
4 72 2.8 .4587 28.4724 2.8 .434 28.8733 2.4 .434 28.8733 2.4 .4587 28.4724
4 72 2 .5696 26.668 2 .5942 26.2671 2.4 .5942 26.2671 2.4 .5696 26.668
4 72 2.4 .5942 26.2671 2.4 .6189 25.8661 2.8 .6189 25.8661 2.8 .5942 26.2671
4 72 2.8 .5696 26.668 2.8 .5449 27.069 2.4 .5449 27.069 2.4 .5696 26.668
4 72 2.4 .2615 31.68 2.4 .2368 32.081 2 .2368 32.081 2 .2615 31.68
4 72 1.2 .2368 32.081 1.2 .2615 31.68 1.6 .2615 31.68 1.6 .2368 32.081
4 72 .4 .2368 32.081 .4 .2615 31.68 .8 .2615 31.68 .8 .2368 32.081
4 72 -.4 .2368 32.081 -.4 .2615 31.68 0 .2615 31.68 0 .2368 32.081
4 72 -.8 .2615 31.68 -.8 .2368 32.081 -1.2 .2368 32.081 -1.2 .2615 31.68
4 72 -2 .2368 32.081 -2 .2615 31.68 -1.6 .2615 31.68 -1.6 .2368 32.081
4 72 2.8 .2861 31.2791 2.8 .2615 31.68 2.4 .2615 31.68 2.4 .2861 31.2791
4 72 2 .2861 31.2791 2 .2615 31.68 1.6 .2615 31.68 1.6 .2861 31.2791
4 72 1.2 .2861 31.2791 1.2 .2615 31.68 .8 .2615 31.68 .8 .2861 31.2791
4 72 0 .2615 31.68 0 .2861 31.2791 .4 .2861 31.2791 .4 .2615 31.68
4 72 -.8 .2615 31.68 -.8 .2861 31.2791 -.4 .2861 31.2791 -.4 .2615 31.68
4 72 -1.6 .2615 31.68 -1.6 .2861 31.2791 -1.2 .2861 31.2791 -1.2 .2615 31.68
4 72 2.8 .2368 32.081 2.8 .2122 32.482 2.4 .2122 32.482 2.4 .2368 32.081
4 72 1.6 .2122 32.482 1.6 .2368 32.081 2 .2368 32.081 2 .2122 32.482
4 72 1.2 .2368 32.081 1.2 .2122 32.482 .8 .2122 32.482 .8 .2368 32.081
4 72 .4 .2368 32.081 .4 .2122 32.482 0 .2122 32.482 0 .2368 32.081
4 72 -.4 .2368 32.081 -.4 .2122 32.482 -.8 .2122 32.482 -.8 .2368 32.081
4 72 -1.6 .2122 32.482 -1.6 .2368 32.081 -1.2 .2368 32.081 -1.2 .2122 32.482
4 72 -2 .2861 31.2791 -2 .2615 31.68 -2.4 .2615 31.68 -2.4 .2861 31.2791
4 72 -2.4 .2122 32.482 -2.4 .2368 32.081 -2 .2368 32.081 -2 .2122 32.482
4 72 2.4 .7051 24.4627 2.4 .6805 24.8637 2 .6805 24.8637 2 .7051 24.4627
4 72 1.6 .7051 24.4627 1.6 .6805 24.8637 1.2 .6805 24.8637 1.2 .7051 24.4627
4 72 .4 .6805 24.8637 .4 .7051 24.4627 .8 .7051 24.4627 .8 .6805 24.8637
4 72 -.4 .6805 24.8637 -.4 .7051 24.4627 0 .7051 24.4627 0 .6805 24.8637
4 72 -1.2 .6805 24.8637 -1.2 .7051 24.4627 -.8 .7051 24.4627 -.8 .6805 24.8637
4 72 -1.6 .7051 24.4627 -1.6 .6805 24.8637 -2 .6805 24.8637 -2 .7051 24.4627
4 72 2.4 .7051 24.4627 2.4 .7298 24.0618 2.8 .7298 24.0618 2.8 .7051 24.4627
4 72 2 .7298 24.0618 2 .7051 24.4627 1.6 .7051 24.4627 1.6 .7298 24.0618
4 72 1.2 .7298 24.0618 1.2 .7051 24.4627 .8 .7051 24.4627 .8 .7298 24.0618
4 72 .4 .7298 24.0618 .4 .7051 24.4627 0 .7051 24.4627 0 .7298 24.0618
4 72 -.8 .7051 24.4627 -.8 .7298 24.0618 -.4 .7298 24.0618 -.4 .7051 24.4627
4 72 -1.6 .7051 24.4627 -1.6 .7298 24.0618 -1.2 .7298 24.0618 -1.2 .7051 24.4627
4 72 2.4 .6558 25.2647 2.4 .6805 24.8637 2.8 .6805 24.8637 2.8 .6558 25.2647
4 72 2 .6805 24.8637 2 .6558 25.2647 1.6 .6558 25.2647 1.6 .6805 24.8637
4 72 .8 .6558 25.2647 .8 .6805 24.8637 1.2 .6805 24.8637 1.2 .6558 25.2647
4 72 .4 .6805 24.8637 .4 .6558 25.2647 0 .6558 25.2647 0 .6805 24.8637
4 72 -.4 .6805 24.8637 -.4 .6558 25.2647 -.8 .6558 25.2647 -.8 .6805 24.8637
4 72 -1.2 .6805 24.8637 -1.2 .6558 25.2647 -1.6 .6558 25.2647 -1.6 .6805 24.8637
4 72 -2.4 .7051 24.4627 -2.4 .7298 24.0618 -2 .7298 24.0618 -2 .7051 24.4627
4 72 -2 .6805 24.8637 -2 .6558 25.2647 -2.4 .6558 25.2647 -2.4 .6805 24.8637
4 72 1.6 .3724 29.8757 1.6 .3477 30.2767 1.2 .3477 30.2767 1.2 .3724 29.8757
4 72 2 .397 29.4748 2 .3724 29.8757 1.6 .3724 29.8757 1.6 .397 29.4748
4 72 1.6 .3231 30.6776 1.6 .3477 30.2767 2 .3477 30.2767 2 .3231 30.6776
4 72 1.6 .4833 28.0714 1.6 .4587 28.4724 1.2 .4587 28.4724 1.2 .4833 28.0714
4 72 2 .508 27.6704 2 .4833 28.0714 1.6 .4833 28.0714 1.6 .508 27.6704
4 72 2 .4587 28.4724 2 .434 28.8733 1.6 .434 28.8733 1.6 .4587 28.4724
4 72 1.6 .5942 26.2671 1.6 .5696 26.668 1.2 .5696 26.668 1.2 .5942 26.2671
4 72 2 .6189 25.8661 2 .5942 26.2671 1.6 .5942 26.2671 1.6 .6189 25.8661
4 72 2 .5696 26.668 2 .5449 27.069 1.6 .5449 27.069 1.6 .5696 26.668
4 72 .4 .3477 30.2767 .4 .3724 29.8757 .8 .3724 29.8757 .8 .3477 30.2767
4 72 1.2 .397 29.4748 1.2 .3724 29.8757 .8 .3724 29.8757 .8 .397 29.4748
4 72 1.2 .3477 30.2767 1.2 .3231 30.6776 .8 .3231 30.6776 .8 .3477 30.2767
4 72 .8 .4833 28.0714 .8 .4587 28.4724 .4 .4587 28.4724 .4 .4833 28.0714
4 72 1.2 .508 27.6704 1.2 .4833 28.0714 .8 .4833 28.0714 .8 .508 27.6704
4 72 .8 .434 28.8733 .8 .4587 28.4724 1.2 .4587 28.4724 1.2 .434 28.8733
4 72 .8 .5942 26.2671 .8 .5696 26.668 .4 .5696 26.668 .4 .5942 26.2671
4 72 1.2 .6189 25.8661 1.2 .5942 26.2671 .8 .5942 26.2671 .8 .6189 25.8661
4 72 1.2 .5696 26.668 1.2 .5449 27.069 .8 .5449 27.069 .8 .5696 26.668
4 72 0 .3724 29.8757 0 .3477 30.2767 -.4 .3477 30.2767 -.4 .3724 29.8757
4 72 .4 .397 29.4748 .4 .3724 29.8757 0 .3724 29.8757 0 .397 29.4748
4 72 .4 .3477 30.2767 .4 .3231 30.6776 0 .3231 30.6776 0 .3477 30.2767
4 72 -.4 .4587 28.4724 -.4 .4833 28.0714 0 .4833 28.0714 0 .4587 28.4724
4 72 .4 .508 27.6704 .4 .4833 28.0714 0 .4833 28.0714 0 .508 27.6704
4 72 .4 .4587 28.4724 .4 .434 28.8733 0 .434 28.8733 0 .4587 28.4724
4 72 0 .5942 26.2671 0 .5696 26.668 -.4 .5696 26.668 -.4 .5942 26.2671
4 72 .4 .6189 25.8661 .4 .5942 26.2671 0 .5942 26.2671 0 .6189 25.8661
4 72 0 .5449 27.069 0 .5696 26.668 .4 .5696 26.668 .4 .5449 27.069
4 72 -.8 .3724 29.8757 -.8 .3477 30.2767 -1.2 .3477 30.2767 -1.2 .3724 29.8757
4 72 -.4 .397 29.4748 -.4 .3724 29.8757 -.8 .3724 29.8757 -.8 .397 29.4748
4 72 -.4 .3477 30.2767 -.4 .3231 30.6776 -.8 .3231 30.6776 -.8 .3477 30.2767
4 72 -.8 .4833 28.0714 -.8 .4587 28.4724 -1.2 .4587 28.4724 -1.2 .4833 28.0714
4 72 -.4 .508 27.6704 -.4 .4833 28.0714 -.8 .4833 28.0714 -.8 .508 27.6704
4 72 -.4 .4587 28.4724 -.4 .434 28.8733 -.8 .434 28.8733 -.8 .4587 28.4724
4 72 -1.2 .5696 26.668 -1.2 .5942 26.2671 -.8 .5942 26.2671 -.8 .5696 26.668
4 72 -.4 .6189 25.8661 -.4 .5942 26.2671 -.8 .5942 26.2671 -.8 .6189 25.8661
4 72 -.4 .5696 26.668 -.4 .5449 27.069 -.8 .5449 27.069 -.8 .5696 26.668
4 72 -1.6 .3724 29.8757 -1.6 .3477 30.2767 -2 .3477 30.2767 -2 .3724 29.8757
4 72 -1.2 .397 29.4748 -1.2 .3724 29.8757 -1.6 .3724 29.8757 -1.6 .397 29.4748
4 72 -1.6 .3231 30.6776 -1.6 .3477 30.2767 -1.2 .3477 30.2767 -1.2 .3231 30.6776
4 72 -1.6 .4833 28.0714 -1.6 .4587 28.4724 -2 .4587 28.4724 -2 .4833 28.0714
4 72 -1.2 .508 27.6704 -1.2 .4833 28.0714 -1.6 .4833 28.0714 -1.6 .508 27.6704
4 72 -1.2 .4587 28.4724 -1.2 .434 28.8733 -1.6 .434 28.8733 -1.6 .4587 28.4724
4 72 -1.6 .5942 26.2671 -1.6 .5696 26.668 -2 .5696 26.668 -2 .5942 26.2671
4 72 -1.2 .6189 25.8661 -1.2 .5942 26.2671 -1.6 .5942 26.2671 -1.6 .6189 25.8661
4 72 -1.2 .5696 26.668 -1.2 .5449 27.069 -1.6 .5449 27.069 -1.6 .5696 26.668
4 72 -2.4 .3724 29.8757 -2.4 .397 29.4748 -2 .397 29.4748 -2 .3724 29.8757
4 72 -2 .3477 30.2767 -2 .3231 30.6776 -2.4 .3231 30.6776 -2.4 .3477 30.2767
4 72 -2 .508 27.6704 -2 .4833 28.0714 -2.4 .4833 28.0714 -2.4 .508 27.6704
4 72 -2 .4587 28.4724 -2 .434 28.8733 -2.4 .434 28.8733 -2.4 .4587 28.4724
4 72 -2 .6189 25.8661 -2 .5942 26.2671 -2.4 .5942 26.2671 -2.4 .6189 25.8661
4 72 -2 .5696 26.668 -2 .5449 27.069 -2.4 .5449 27.069 -2.4 .5696 26.668
4 72 2.4 1.9139 14.3385 2.4 1.8395 14.7394 2 1.8395 14.7394 2 1.9139 14.3385
4 72 2.8 1.9882 13.9375 2.8 1.9139 14.3385 2.4 1.9139 14.3385 2.4 1.9882 13.9375
4 72 2.8 1.8395 14.7394 2.8 1.7652 15.1404 2.4 1.7652 15.1404 2.4 1.8395 14.7394
4 72 2.4 2.2484 12.5341 2.4 2.1741 12.9351 2 2.1741 12.9351 2 2.2484 12.5341
4 72 2.4 2.2484 12.5341 2.4 2.3227 12.1332 2.8 2.3227 12.1332 2.8 2.2484 12.5341
4 72 2.8 2.1741 12.9351 2.8 2.0997 13.3361 2.4 2.0997 13.3361 2.4 2.1741 12.9351
4 72 2.4 2.5829 10.7298 2.4 2.5086 11.1308 2 2.5086 11.1308 2 2.5829 10.7298
4 72 2.8 2.6573 10.3288 2.8 2.5829 10.7298 2.4 2.5829 10.7298 2.4 2.6573 10.3288
4 72 2.8 2.5086 11.1308 2.8 2.4342 11.5317 2.4 2.4342 11.5317 2.4 2.5086 11.1308
4 72 2.4 1.5793 16.1428 2.4 1.505 16.5438 2 1.505 16.5438 2 1.5793 16.1428
4 72 1.6 1.5793 16.1428 1.6 1.505 16.5438 1.2 1.505 16.5438 1.2 1.5793 16.1428
4 72 .8 1.5793 16.1428 .8 1.505 16.5438 .4 1.505 16.5438 .4 1.5793 16.1428
4 72 0 1.5793 16.1428 0 1.505 16.5438 -.4 1.505 16.5438 -.4 1.5793 16.1428
4 72 -.8 1.5793 16.1428 -.8 1.505 16.5438 -1.2 1.505 16.5438 -1.2 1.5793 16.1428
4 72 -2 1.505 16.5438 -2 1.5793 16.1428 -1.6 1.5793 16.1428 -1.6 1.505 16.5438
4 72 2.8 1.6537 15.7418 2.8 1.5793 16.1428 2.4 1.5793 16.1428 2.4 1.6537 15.7418
4 72 2 1.6537 15.7418 2 1.5793 16.1428 1.6 1.5793 16.1428 1.6 1.6537 15.7418
4 72 1.2 1.6537 15.7418 1.2 1.5793 16.1428 .8 1.5793 16.1428 .8 1.6537 15.7418
4 72 .4 1.6537 15.7418 .4 1.5793 16.1428 0 1.5793 16.1428 0 1.6537 15.7418
4 72 -.4 1.6537 15.7418 -.4 1.5793 16.1428 -.8 1.5793 16.1428 -.8 1.6537 15.7418
4 72 -1.2 1.6537 15.7418 -1.2 1.5793 16.1428 -1.6 1.5793 16.1428 -1.6 1.6537 15.7418
4 72 2.8 1.505 16.5438 2.8 1.4307 16.9447 2.4 1.4307 16.9447 2.4 1.505 16.5438
4 72 1.6 1.4307 16.9447 1.6 1.505 16.5438 2 1.505 16.5438 2 1.4307 16.9447
4 72 1.2 1.505 16.5438 1.2 1.4307 16.9447 .8 1.4307 16.9447 .8 1.505 16.5438
4 72 .4 1.505 16.5438 .4 1.4307 16.9447 0 1.4307 16.9447 0 1.505 16.5438
4 72 -.4 1.505 16.5438 -.4 1.4307 16.9447 -.8 1.4307 16.9447 -.8 1.505 16.5438
4 72 -1.2 1.505 16.5438 -1.2 1.4307 16.9447 -1.6 1.4307 16.9447 -1.6 1.505 16.5438
4 72 -2.4 1.5793 16.1428 -2.4 1.6537 15.7418 -2 1.6537 15.7418 -2 1.5793 16.1428
4 72 -2 1.505 16.5438 -2 1.4307 16.9447 -2.4 1.4307 16.9447 -2.4 1.505 16.5438
4 72 2 2.8431 9.3264 2 2.9175 8.9255 2.4 2.9175 8.9255 2.4 2.8431 9.3264
4 72 1.2 2.8431 9.3264 1.2 2.9175 8.9255 1.6 2.9175 8.9255 1.6 2.8431 9.3264
4 72 .4 2.8431 9.3264 .4 2.9175 8.9255 .8 2.9175 8.9255 .8 2.8431 9.3264
4 72 -.4 2.8431 9.3264 -.4 2.9175 8.9255 0 2.9175 8.9255 0 2.8431 9.3264
4 72 -1.2 2.8431 9.3264 -1.2 2.9175 8.9255 -.8 2.9175 8.9255 -.8 2.8431 9.3264
4 72 -2 2.8431 9.3264 -2 2.9175 8.9255 -1.6 2.9175 8.9255 -1.6 2.8431 9.3264
4 72 2.8 2.9918 8.5245 2.8 2.9175 8.9255 2.4 2.9175 8.9255 2.4 2.9918 8.5245
4 72 1.6 2.9175 8.9255 1.6 2.9918 8.5245 2 2.9918 8.5245 2 2.9175 8.9255
4 72 .8 2.9175 8.9255 .8 2.9918 8.5245 1.2 2.9918 8.5245 1.2 2.9175 8.9255
4 72 0 2.9175 8.9255 0 2.9918 8.5245 .4 2.9918 8.5245 .4 2.9175 8.9255
4 72 -.8 2.9175 8.9255 -.8 2.9918 8.5245 -.4 2.9918 8.5245 -.4 2.9175 8.9255
4 72 -1.6 2.9175 8.9255 -1.6 2.9918 8.5245 -1.2 2.9918 8.5245 -1.2 2.9175 8.9255
4 72 2.4 2.7688 9.7274 2.4 2.8431 9.3264 2.8 2.8431 9.3264 2.8 2.7688 9.7274
4 72 1.6 2.7688 9.7274 1.6 2.8431 9.3264 2 2.8431 9.3264 2 2.7688 9.7274
4 72 1.2 2.8431 9.3264 1.2 2.7688 9.7274 .8 2.7688 9.7274 .8 2.8431 9.3264
4 72 0 2.7688 9.7274 0 2.8431 9.3264 .4 2.8431 9.3264 .4 2.7688 9.7274
4 72 -.8 2.7688 9.7274 -.8 2.8431 9.3264 -.4 2.8431 9.3264 -.4 2.7688 9.7274
4 72 -1.6 2.7688 9.7274 -1.6 2.8431 9.3264 -1.2 2.8431 9.3264 -1.2 2.7688 9.7274
4 72 -2.4 2.9175 8.9255 -2.4 2.9918 8.5245 -2 2.9918 8.5245 -2 2.9175 8.9255
4 72 -2.4 2.7688 9.7274 -2.4 2.8431 9.3264 -2 2.8431 9.3264 -2 2.7688 9.7274
4 72 1.2 1.8395 14.7394 1.2 1.9139 14.3385 1.6 1.9139 14.3385 1.6 1.8395 14.7394
4 72 2 1.9882 13.9375 2 1.9139 14.3385 1.6 1.9139 14.3385 1.6 1.9882 13.9375
4 72 1.6 1.7652 15.1404 1.6 1.8395 14.7394 2 1.8395 14.7394 2 1.7652 15.1404
4 72 1.2 2.1741 12.9351 1.2 2.2484 12.5341 1.6 2.2484 12.5341 1.6 2.1741 12.9351
4 72 1.6 2.2484 12.5341 1.6 2.3227 12.1332 2 2.3227 12.1332 2 2.2484 12.5341
4 72 1.6 2.0997 13.3361 1.6 2.1741 12.9351 2 2.1741 12.9351 2 2.0997 13.3361
4 72 1.2 2.5086 11.1308 1.2 2.5829 10.7298 1.6 2.5829 10.7298 1.6 2.5086 11.1308
4 72 1.6 2.5829 10.7298 1.6 2.6573 10.3288 2 2.6573 10.3288 2 2.5829 10.7298
4 72 1.6 2.4342 11.5317 1.6 2.5086 11.1308 2 2.5086 11.1308 2 2.4342 11.5317
4 72 .4 1.8395 14.7394 .4 1.9139 14.3385 .8 1.9139 14.3385 .8 1.8395 14.7394
4 72 .8 1.9139 14.3385 .8 1.9882 13.9375 1.2 1.9882 13.9375 1.2 1.9139 14.3385
4 72 .8 1.7652 15.1404 .8 1.8395 14.7394 1.2 1.8395 14.7394 1.2 1.7652 15.1404
4 72 .4 2.1741 12.9351 .4 2.2484 12.5341 .8 2.2484 12.5341 .8 2.1741 12.9351
4 72 1.2 2.3227 12.1332 1.2 2.2484 12.5341 .8 2.2484 12.5341 .8 2.3227 12.1332
4 72 .8 2.0997 13.3361 .8 2.1741 12.9351 1.2 2.1741 12.9351 1.2 2.0997 13.3361
4 72 .4 2.5086 11.1308 .4 2.5829 10.7298 .8 2.5829 10.7298 .8 2.5086 11.1308
4 72 .8 2.5829 10.7298 .8 2.6573 10.3288 1.2 2.6573 10.3288 1.2 2.5829 10.7298
4 72 .8 2.4342 11.5317 .8 2.5086 11.1308 1.2 2.5086 11.1308 1.2 2.4342 11.5317
4 72 -.4 1.8395 14.7394 -.4 1.9139 14.3385 0 1.9139 14.3385 0 1.8395 14.7394
4 72 0 1.9139 14.3385 0 1.9882 13.9375 .4 1.9882 13.9375 .4 1.9139 14.3385
4 72 0 1.7652 15.1404 0 1.8395 14.7394 .4 1.8395 14.7394 .4 1.7652 15.1404
4 72 -.4 2.1741 12.9351 -.4 2.2484 12.5341 0 2.2484 12.5341 0 2.1741 12.9351
4 72 0 2.2484 12.5341 0 2.3227 12.1332 .4 2.3227 12.1332 .4 2.2484 12.5341
4 72 0 2.0997 13.3361 0 2.1741 12.9351 .4 2.1741 12.9351 .4 2.0997 13.3361
4 72 -.4 2.5086 11.1308 -.4 2.5829 10.7298 0 2.5829 10.7298 0 2.5086 11.1308
4 72 .4 2.6573 10.3288 .4 2.5829 10.7298 0 2.5829 10.7298 0 2.6573 10.3288
4 72 0 2.4342 11.5317 0 2.5086 11.1308 .4 2.5086 11.1308 .4 2.4342 11.5317
4 72 -1.2 1.8395 14.7394 -1.2 1.9139 14.3385 -.8 1.9139 14.3385 -.8 1.8395 14.7394
4 72 -.8 1.9139 14.3385 -.8 1.9882 13.9375 -.4 1.9882 13.9375 -.4 1.9139 14.3385
4 72 -.8 1.7652 15.1404 -.8 1.8395 14.7394 -.4 1.8395 14.7394 -.4 1.7652 15.1404
4 72 -1.2 2.1741 12.9351 -1.2 2.2484 12.5341 -.8 2.2484 12.5341 -.8 2.1741 12.9351
4 72 -.8 2.2484 12.5341 -.8 2.3227 12.1332 -.4 2.3227 12.1332 -.4 2.2484 12.5341
4 72 -.8 2.0997 13.3361 -.8 2.1741 12.9351 -.4 2.1741 12.9351 -.4 2.0997 13.3361
4 72 -1.2 2.5086 11.1308 -1.2 2.5829 10.7298 -.8 2.5829 10.7298 -.8 2.5086 11.1308
4 72 -.8 2.5829 10.7298 -.8 2.6573 10.3288 -.4 2.6573 10.3288 -.4 2.5829 10.7298
4 72 -.8 2.4342 11.5317 -.8 2.5086 11.1308 -.4 2.5086 11.1308 -.4 2.4342 11.5317
4 72 -2 1.8395 14.7394 -2 1.9139 14.3385 -1.6 1.9139 14.3385 -1.6 1.8395 14.7394
4 72 -1.2 1.9882 13.9375 -1.2 1.9139 14.3385 -1.6 1.9139 14.3385 -1.6 1.9882 13.9375
4 72 -1.6 1.7652 15.1404 -1.6 1.8395 14.7394 -1.2 1.8395 14.7394 -1.2 1.7652 15.1404
4 72 -2 2.1741 12.9351 -2 2.2484 12.5341 -1.6 2.2484 12.5341 -1.6 2.1741 12.9351
4 72 -1.6 2.2484 12.5341 -1.6 2.3227 12.1332 -1.2 2.3227 12.1332 -1.2 2.2484 12.5341
4 72 -1.6 2.0997 13.3361 -1.6 2.1741 12.9351 -1.2 2.1741 12.9351 -1.2 2.0997 13.3361
4 72 -2 2.5086 11.1308 -2 2.5829 10.7298 -1.6 2.5829 10.7298 -1.6 2.5086 11.1308
4 72 -1.6 2.5829 10.7298 -1.6 2.6573 10.3288 -1.2 2.6573 10.3288 -1.2 2.5829 10.7298
4 72 -1.6 2.4342 11.5317 -1.6 2.5086 11.1308 -1.2 2.5086 11.1308 -1.2 2.4342 11.5317
4 72 -2.4 1.9139 14.3385 -2.4 1.9882 13.9375 -2 1.9882 13.9375 -2 1.9139 14.3385
4 72 -2.4 1.7652 15.1404 -2.4 1.8395 14.7394 -2 1.8395 14.7394 -2 1.7652 15.1404
4 72 -2.4 2.2484 12.5341 -2.4 2.3227 12.1332 -2 2.3227 12.1332 -2 2.2484 12.5341
4 72 -2.4 2.0997 13.3361 -2.4 2.1741 12.9351 -2 2.1741 12.9351 -2 2.0997 13.3361
4 72 -2.4 2.5829 10.7298 -2.4 2.6573 10.3288 -2 2.6573 10.3288 -2 2.5829 10.7298
4 72 -2 2.5086 11.1308 -2 2.4342 11.5317 -2.4 2.4342 11.5317 -2.4 2.5086 11.1308
4 71 2.4 .3477 30.2767 2.4 .3724 29.8757 2.8 .3724 29.8757 2.8 .3477 30.2767
4 71 2 .3724 29.8757 2 .397 29.4748 2.4 .397 29.4748 2.4 .3724 29.8757
4 71 2 .3231 30.6776 2 .3477 30.2767 2.4 .3477 30.2767 2.4 .3231 30.6776
4 71 2.8 .4833 28.0714 2.8 .4587 28.4724 2.4 .4587 28.4724 2.4 .4833 28.0714
4 71 2.4 .508 27.6704 2.4 .4833 28.0714 2 .4833 28.0714 2 .508 27.6704
4 71 2 .434 28.8733 2 .4587 28.4724 2.4 .4587 28.4724 2.4 .434 28.8733
4 71 2.4 .5696 26.668 2.4 .5942 26.2671 2.8 .5942 26.2671 2.8 .5696 26.668
4 71 2.4 .6189 25.8661 2.4 .5942 26.2671 2 .5942 26.2671 2 .6189 25.8661
4 71 2.4 .5696 26.668 2.4 .5449 27.069 2 .5449 27.069 2 .5696 26.668
4 71 2.4 .2368 32.081 2.4 .2615 31.68 2.8 .2615 31.68 2.8 .2368 32.081
4 71 1.6 .2368 32.081 1.6 .2615 31.68 2 .2615 31.68 2 .2368 32.081
4 71 1.2 .2615 31.68 1.2 .2368 32.081 .8 .2368 32.081 .8 .2615 31.68
4 71 0 .2368 32.081 0 .2615 31.68 .4 .2615 31.68 .4 .2368 32.081
4 71 -.4 .2615 31.68 -.4 .2368 32.081 -.8 .2368 32.081 -.8 .2615 31.68
4 71 -1.2 .2615 31.68 -1.2 .2368 32.081 -1.6 .2368 32.081 -1.6 .2615 31.68
4 71 2.4 .2861 31.2791 2.4 .2615 31.68 2 .2615 31.68 2 .2861 31.2791
4 71 1.2 .2615 31.68 1.2 .2861 31.2791 1.6 .2861 31.2791 1.6 .2615 31.68
4 71 .4 .2615 31.68 .4 .2861 31.2791 .8 .2861 31.2791 .8 .2615 31.68
4 71 -.4 .2615 31.68 -.4 .2861 31.2791 0 .2861 31.2791 0 .2615 31.68
4 71 -.8 .2861 31.2791 -.8 .2615 31.68 -1.2 .2615 31.68 -1.2 .2861 31.2791
4 71 -2 .2615 31.68 -2 .2861 31.2791 -1.6 .2861 31.2791 -1.6 .2615 31.68
4 71 2.4 .2368 32.081 2.4 .2122 32.482 2 .2122 32.482 2 .2368 32.081
4 71 1.6 .2368 32.081 1.6 .2122 32.482 1.2 .2122 32.482 1.2 .2368 32.081
4 71 .8 .2368 32.081 .8 .2122 32.482 .4 .2122 32.482 .4 .2368 32.081
4 71 -.4 .2122 32.482 -.4 .2368 32.081 0 .2368 32.081 0 .2122 32.482
4 71 -1.2 .2122 32.482 -1.2 .2368 32.081 -.8 .2368 32.081 -.8 .2122 32.482
4 71 -2 .2122 32.482 -2 .2368 32.081 -1.6 .2368 32.081 -1.6 .2122 32.482
4 71 -2 .2615 31.68 -2 .2368 32.081 -2.4 .2368 32.081 -2.4 .2615 31.68
4 71 2.4 .6805 24.8637 2.4 .7051 24.4627 2.8 .7051 24.4627 2.8 .6805 24.8637
4 71 1.6 .6805 24.8637 1.6 .7051 24.4627 2 .7051 24.4627 2 .6805 24.8637
4 71 .8 .6805 24.8637 .8 .7051 24.4627 1.2 .7051 24.4627 1.2 .6805 24.8637
4 71 .4 .7051 24.4627 .4 .6805 24.8637 0 .6805 24.8637 0 .7051 24.4627
4 71 -.8 .6805 24.8637 -.8 .7051 24.4627 -.4 .7051 24.4627 -.4 .6805 24.8637
4 71 -1.2 .7051 24.4627 -1.2 .6805 24.8637 -1.6 .6805 24.8637 -1.6 .7051 24.4627
4 71 2.4 .7298 24.0618 2.4 .7051 24.4627 2 .7051 24.4627 2 .7298 24.0618
4 71 1.6 .7298 24.0618 1.6 .7051 24.4627 1.2 .7051 24.4627 1.2 .7298 24.0618
4 71 .4 .7051 24.4627 .4 .7298 24.0618 .8 .7298 24.0618 .8 .7051 24.4627
4 71 -.4 .7051 24.4627 -.4 .7298 24.0618 0 .7298 24.0618 0 .7051 24.4627
4 71 -1.2 .7051 24.4627 -1.2 .7298 24.0618 -.8 .7298 24.0618 -.8 .7051 24.4627
4 71 -1.6 .7298 24.0618 -1.6 .7051 24.4627 -2 .7051 24.4627 -2 .7298 24.0618
4 71 2 .6558 25.2647 2 .6805 24.8637 2.4 .6805 24.8637 2.4 .6558 25.2647
4 71 1.6 .6805 24.8637 1.6 .6558 25.2647 1.2 .6558 25.2647 1.2 .6805 24.8637
4 71 .8 .6805 24.8637 .8 .6558 25.2647 .4 .6558 25.2647 .4 .6805 24.8637
4 71 0 .6805 24.8637 0 .6558 25.2647 -.4 .6558 25.2647 -.4 .6805 24.8637
4 71 -1.2 .6558 25.2647 -1.2 .6805 24.8637 -.8 .6805 24.8637 -.8 .6558 25.2647
4 71 -2 .6558 25.2647 -2 .6805 24.8637 -1.6 .6805 24.8637 -1.6 .6558 25.2647
4 71 -2.4 .6805 24.8637 -2.4 .7051 24.4627 -2 .7051 24.4627 -2 .6805 24.8637
4 71 3.0833 .2923 31.1788 3.0833 .2553 31.7803 2.8 .2615 31.68 2.8 .2861 31.2791
4 71 2.8 .2368 32.081 2.8 .2615 31.68 3.0833 .2553 31.7803 3.0008 .2298 32.1959
4 71 2.8 .2122 32.482 2.8 .2368 32.081 3.0008 .2298 32.1959 2.816 .2081 32.5481
4 71 2.816 .2081 32.5481 2.4146 .1936 32.7835 2.4 .2122 32.482 2.8 .2122 32.482
4 71 2.4146 .1936 32.7835 2 .1885 32.8662 2 .2122 32.482 2.4 .2122 32.482
4 71 -2.0146 .1936 32.7835 -2 .2122 32.482 -1.6 .2122 32.482 -1.6 .1885 32.8662
4 71 -2 .2122 32.482 -2.0146 .1936 32.7835 -2.416 .2081 32.5481 -2.4 .2122 32.482
4 71 -2.6008 .2298 32.1959 -2.4 .2368 32.081 -2.4 .2122 32.482 -2.416 .2081 32.5481
4 71 -2.6833 .2553 31.7803 -2.4 .2615 31.68 -2.4 .2368 32.081 -2.6008 .2298 32.1959
4 71 -2.6833 .2923 31.1788 -2.4 .2861 31.2791 -2.4 .2615 31.68 -2.6833 .2553 31.7803
4 71 3.0833 .6867 24.7635 3.0833 .6497 25.3649 2.8 .6558 25.2647 2.8 .6805 24.8637
4 71 2.8 .7051 24.4627 3.0008 .7122 24.3479 3.0833 .6867 24.7635 2.8 .6805 24.8637
4 71 2.8 .7298 24.0618 2.816 .7339 23.9956 3.0008 .7122 24.3479 2.8 .7051 24.4627
4 71 2.4 .7298 24.0618 2.4146 .7483 23.7603 2.816 .7339 23.9956 2.8 .7298 24.0618
4 71 2.4146 .7483 23.7603 2.4 .7298 24.0618 2 .7298 24.0618 2 .7534 23.6776
4 71 -2.6833 .6867 24.7635 -2.4 .6805 24.8637 -2.4 .6558 25.2647 -2.6833 .6497 25.3649
4 71 -2.6008 .7122 24.3479 -2.4 .7051 24.4627 -2.4 .6805 24.8637 -2.6833 .6867 24.7635
4 71 -2.4 .7298 24.0618 -2.4 .7051 24.4627 -2.6008 .7122 24.3479 -2.416 .7339 23.9956
4 71 -2.0146 .7483 23.7603 -2 .7298 24.0618 -2.4 .7298 24.0618 -2.416 .7339 23.9956
4 71 -1.6 .7534 23.6776 -1.6 .7298 24.0618 -2 .7298 24.0618 -2.0146 .7483 23.7603
3 71 2 .7298 24.0618 1.6 .7298 24.0618 2 .7534 23.6776
3 71 1.6 .7298 24.0618 1.2 .7298 24.0618 2 .7534 23.6776
3 71 1.2 .7298 24.0618 .8 .7298 24.0618 2 .7534 23.6776
3 71 .8 .7298 24.0618 .4 .7298 24.0618 2 .7534 23.6776
4 71 2 .7534 23.6776 .4 .7298 24.0618 0 .7298 24.0618 -1.6 .7534 23.6776
3 71 0 .7298 24.0618 -.4 .7298 24.0618 -1.6 .7534 23.6776
3 71 -.4 .7298 24.0618 -.8 .7298 24.0618 -1.6 .7534 23.6776
3 71 -.8 .7298 24.0618 -1.2 .7298 24.0618 -1.6 .7534 23.6776
3 71 -1.2 .7298 24.0618 -1.6 .7298 24.0618 -1.6 .7534 23.6776
3 71 2 .1885 32.8662 1.6 .2122 32.482 2 .2122 32.482
3 71 2 .1885 32.8662 1.2 .2122 32.482 1.6 .2122 32.482
3 71 2 .1885 32.8662 .8 .2122 32.482 1.2 .2122 32.482
3 71 -1.6 .1885 32.8662 0 .2122 32.482 .4 .2122 32.482
4 71 .8 .2122 32.482 2 .1885 32.8662 -1.6 .1885 32.8662 .4 .2122 32.482
3 71 -1.6 .1885 32.8662 -.4 .2122 32.482 0 .2122 32.482
3 71 -1.6 .1885 32.8662 -.8 .2122 32.482 -.4 .2122 32.482
3 71 -1.6 .1885 32.8662 -1.2 .2122 32.482 -.8 .2122 32.482
3 71 -1.6 .1885 32.8662 -1.6 .2122 32.482 -1.2 .2122 32.482
4 71 2.8 .2923 31.1788 2.8 .2861 31.2791 2.4 .2861 31.2791 2.4 .2923 31.1788
4 71 2.8 .3231 30.6776 2.8 .3169 30.7779 2.4 .3169 30.7779 2.4 .3231 30.6776
4 71 2.8 .4032 29.3745 2.8 .397 29.4748 2.4 .397 29.4748 2.4 .4032 29.3745
4 71 2.8 .434 28.8733 2.8 .4278 28.9736 2.4 .4278 28.9736 2.4 .434 28.8733
4 71 2.8 .5141 27.5702 2.8 .508 27.6704 2.4 .508 27.6704 2.4 .5141 27.5702
4 71 2.8 .5449 27.069 2.8 .5388 27.1692 2.4 .5388 27.1692 2.4 .5449 27.069
4 71 2.4 .6189 25.8661 2.4 .625 25.7659 2.8 .625 25.7659 2.8 .6189 25.8661
4 71 2.8 .6558 25.2647 2.8 .6497 25.3649 2.4 .6497 25.3649 2.4 .6558 25.2647
4 71 2.4 .2923 31.1788 2.4 .2861 31.2791 2 .2861 31.2791 2 .2923 31.1788
4 71 2.4 .3231 30.6776 2.4 .3169 30.7779 2 .3169 30.7779 2 .3231 30.6776
4 71 2.4 .4032 29.3745 2.4 .397 29.4748 2 .397 29.4748 2 .4032 29.3745
4 71 2.4 .434 28.8733 2.4 .4278 28.9736 2 .4278 28.9736 2 .434 28.8733
4 71 2.4 .5141 27.5702 2.4 .508 27.6704 2 .508 27.6704 2 .5141 27.5702
4 71 2.4 .5449 27.069 2.4 .5388 27.1692 2 .5388 27.1692 2 .5449 27.069
4 71 2.4 .625 25.7659 2.4 .6189 25.8661 2 .6189 25.8661 2 .625 25.7659
4 71 2.4 .6558 25.2647 2.4 .6497 25.3649 2 .6497 25.3649 2 .6558 25.2647
4 71 2 .3724 29.8757 2 .3477 30.2767 1.6 .3477 30.2767 1.6 .3724 29.8757
4 71 1.6 .397 29.4748 1.6 .3724 29.8757 1.2 .3724 29.8757 1.2 .397 29.4748
4 71 1.6 .3477 30.2767 1.6 .3231 30.6776 1.2 .3231 30.6776 1.2 .3477 30.2767
4 71 2 .4833 28.0714 2 .4587 28.4724 1.6 .4587 28.4724 1.6 .4833 28.0714
4 71 1.2 .4833 28.0714 1.2 .508 27.6704 1.6 .508 27.6704 1.6 .4833 28.0714
4 71 1.6 .4587 28.4724 1.6 .434 28.8733 1.2 .434 28.8733 1.2 .4587 28.4724
4 71 2 .5942 26.2671 2 .5696 26.668 1.6 .5696 26.668 1.6 .5942 26.2671
4 71 1.6 .6189 25.8661 1.6 .5942 26.2671 1.2 .5942 26.2671 1.2 .6189 25.8661
4 71 1.6 .5696 26.668 1.6 .5449 27.069 1.2 .5449 27.069 1.2 .5696 26.668
4 71 2 .2923 31.1788 2 .2861 31.2791 1.6 .2861 31.2791 1.6 .2923 31.1788
4 71 2 .3231 30.6776 2 .3169 30.7779 1.6 .3169 30.7779 1.6 .3231 30.6776
4 71 2 .4032 29.3745 2 .397 29.4748 1.6 .397 29.4748 1.6 .4032 29.3745
4 71 2 .434 28.8733 2 .4278 28.9736 1.6 .4278 28.9736 1.6 .434 28.8733
4 71 1.6 .508 27.6704 1.6 .5141 27.5702 2 .5141 27.5702 2 .508 27.6704
4 71 2 .5449 27.069 2 .5388 27.1692 1.6 .5388 27.1692 1.6 .5449 27.069
4 71 2 .625 25.7659 2 .6189 25.8661 1.6 .6189 25.8661 1.6 .625 25.7659
4 71 2 .6558 25.2647 2 .6497 25.3649 1.6 .6497 25.3649 1.6 .6558 25.2647
4 71 1.6 .2923 31.1788 1.6 .2861 31.2791 1.2 .2861 31.2791 1.2 .2923 31.1788
4 71 1.6 .3231 30.6776 1.6 .3169 30.7779 1.2 .3169 30.7779 1.2 .3231 30.6776
4 71 1.2 .397 29.4748 1.2 .4032 29.3745 1.6 .4032 29.3745 1.6 .397 29.4748
4 71 1.6 .434 28.8733 1.6 .4278 28.9736 1.2 .4278 28.9736 1.2 .434 28.8733
4 71 1.6 .5141 27.5702 1.6 .508 27.6704 1.2 .508 27.6704 1.2 .5141 27.5702
4 71 1.6 .5449 27.069 1.6 .5388 27.1692 1.2 .5388 27.1692 1.2 .5449 27.069
4 71 1.6 .625 25.7659 1.6 .6189 25.8661 1.2 .6189 25.8661 1.2 .625 25.7659
4 71 1.6 .6558 25.2647 1.6 .6497 25.3649 1.2 .6497 25.3649 1.2 .6558 25.2647
4 71 1.2 .3724 29.8757 1.2 .3477 30.2767 .8 .3477 30.2767 .8 .3724 29.8757
4 71 .8 .397 29.4748 .8 .3724 29.8757 .4 .3724 29.8757 .4 .397 29.4748
4 71 .8 .3477 30.2767 .8 .3231 30.6776 .4 .3231 30.6776 .4 .3477 30.2767
4 71 1.2 .4833 28.0714 1.2 .4587 28.4724 .8 .4587 28.4724 .8 .4833 28.0714
4 71 .8 .508 27.6704 .8 .4833 28.0714 .4 .4833 28.0714 .4 .508 27.6704
4 71 .8 .4587 28.4724 .8 .434 28.8733 .4 .434 28.8733 .4 .4587 28.4724
4 71 1.2 .5942 26.2671 1.2 .5696 26.668 .8 .5696 26.668 .8 .5942 26.2671
4 71 .4 .5942 26.2671 .4 .6189 25.8661 .8 .6189 25.8661 .8 .5942 26.2671
4 71 .8 .5696 26.668 .8 .5449 27.069 .4 .5449 27.069 .4 .5696 26.668
4 71 1.2 .2923 31.1788 1.2 .2861 31.2791 .8 .2861 31.2791 .8 .2923 31.1788
4 71 1.2 .3231 30.6776 1.2 .3169 30.7779 .8 .3169 30.7779 .8 .3231 30.6776
4 71 .8 .397 29.4748 .8 .4032 29.3745 1.2 .4032 29.3745 1.2 .397 29.4748
4 71 1.2 .434 28.8733 1.2 .4278 28.9736 .8 .4278 28.9736 .8 .434 28.8733
4 71 1.2 .5141 27.5702 1.2 .508 27.6704 .8 .508 27.6704 .8 .5141 27.5702
4 71 1.2 .5449 27.069 1.2 .5388 27.1692 .8 .5388 27.1692 .8 .5449 27.069
4 71 1.2 .625 25.7659 1.2 .6189 25.8661 .8 .6189 25.8661 .8 .625 25.7659
4 71 1.2 .6558 25.2647 1.2 .6497 25.3649 .8 .6497 25.3649 .8 .6558 25.2647
4 71 .8 .2923 31.1788 .8 .2861 31.2791 .4 .2861 31.2791 .4 .2923 31.1788
4 71 .4 .3169 30.7779 .4 .3231 30.6776 .8 .3231 30.6776 .8 .3169 30.7779
4 71 .8 .4032 29.3745 .8 .397 29.4748 .4 .397 29.4748 .4 .4032 29.3745
4 71 .8 .434 28.8733 .8 .4278 28.9736 .4 .4278 28.9736 .4 .434 28.8733
4 71 .8 .5141 27.5702 .8 .508 27.6704 .4 .508 27.6704 .4 .5141 27.5702
4 71 .8 .5449 27.069 .8 .5388 27.1692 .4 .5388 27.1692 .4 .5449 27.069
4 71 .4 .6189 25.8661 .4 .625 25.7659 .8 .625 25.7659 .8 .6189 25.8661
4 71 .8 .6558 25.2647 .8 .6497 25.3649 .4 .6497 25.3649 .4 .6558 25.2647
4 71 .4 .3724 29.8757 .4 .3477 30.2767 0 .3477 30.2767 0 .3724 29.8757
4 71 0 .397 29.4748 0 .3724 29.8757 -.4 .3724 29.8757 -.4 .397 29.4748
4 71 0 .3477 30.2767 0 .3231 30.6776 -.4 .3231 30.6776 -.4 .3477 30.2767
4 71 .4 .4833 28.0714 .4 .4587 28.4724 0 .4587 28.4724 0 .4833 28.0714
4 71 0 .508 27.6704 0 .4833 28.0714 -.4 .4833 28.0714 -.4 .508 27.6704
4 71 0 .4587 28.4724 0 .434 28.8733 -.4 .434 28.8733 -.4 .4587 28.4724
4 71 .4 .5942 26.2671 .4 .5696 26.668 0 .5696 26.668 0 .5942 26.2671
4 71 0 .6189 25.8661 0 .5942 26.2671 -.4 .5942 26.2671 -.4 .6189 25.8661
4 71 0 .5696 26.668 0 .5449 27.069 -.4 .5449 27.069 -.4 .5696 26.668
4 71 0 .2861 31.2791 0 .2923 31.1788 .4 .2923 31.1788 .4 .2861 31.2791
4 71 .4 .3231 30.6776 .4 .3169 30.7779 0 .3169 30.7779 0 .3231 30.6776
4 71 .4 .4032 29.3745 .4 .397 29.4748 0 .397 29.4748 0 .4032 29.3745
4 71 .4 .434 28.8733 .4 .4278 28.9736 0 .4278 28.9736 0 .434 28.8733
4 71 .4 .5141 27.5702 .4 .508 27.6704 0 .508 27.6704 0 .5141 27.5702
4 71 .4 .5449 27.069 .4 .5388 27.1692 0 .5388 27.1692 0 .5449 27.069
4 71 .4 .625 25.7659 .4 .6189 25.8661 0 .6189 25.8661 0 .625 25.7659
4 71 .4 .6558 25.2647 .4 .6497 25.3649 0 .6497 25.3649 0 .6558 25.2647
4 71 0 .2923 31.1788 0 .2861 31.2791 -.4 .2861 31.2791 -.4 .2923 31.1788
4 71 0 .3231 30.6776 0 .3169 30.7779 -.4 .3169 30.7779 -.4 .3231 30.6776
4 71 0 .4032 29.3745 0 .397 29.4748 -.4 .397 29.4748 -.4 .4032 29.3745
4 71 0 .434 28.8733 0 .4278 28.9736 -.4 .4278 28.9736 -.4 .434 28.8733
4 71 0 .5141 27.5702 0 .508 27.6704 -.4 .508 27.6704 -.4 .5141 27.5702
4 71 -.4 .5388 27.1692 -.4 .5449 27.069 0 .5449 27.069 0 .5388 27.1692
4 71 0 .625 25.7659 0 .6189 25.8661 -.4 .6189 25.8661 -.4 .625 25.7659
4 71 0 .6558 25.2647 0 .6497 25.3649 -.4 .6497 25.3649 -.4 .6558 25.2647
4 71 -.4 .3724 29.8757 -.4 .3477 30.2767 -.8 .3477 30.2767 -.8 .3724 29.8757
4 71 -1.2 .3724 29.8757 -1.2 .397 29.4748 -.8 .397 29.4748 -.8 .3724 29.8757
4 71 -.8 .3477 30.2767 -.8 .3231 30.6776 -1.2 .3231 30.6776 -1.2 .3477 30.2767
4 71 -.4 .4833 28.0714 -.4 .4587 28.4724 -.8 .4587 28.4724 -.8 .4833 28.0714
4 71 -.8 .508 27.6704 -.8 .4833 28.0714 -1.2 .4833 28.0714 -1.2 .508 27.6704
4 71 -.8 .4587 28.4724 -.8 .434 28.8733 -1.2 .434 28.8733 -1.2 .4587 28.4724
4 71 -.4 .5942 26.2671 -.4 .5696 26.668 -.8 .5696 26.668 -.8 .5942 26.2671
4 71 -.8 .6189 25.8661 -.8 .5942 26.2671 -1.2 .5942 26.2671 -1.2 .6189 25.8661
4 71 -.8 .5696 26.668 -.8 .5449 27.069 -1.2 .5449 27.069 -1.2 .5696 26.668
4 71 -.4 .2923 31.1788 -.4 .2861 31.2791 -.8 .2861 31.2791 -.8 .2923 31.1788
4 71 -.4 .3231 30.6776 -.4 .3169 30.7779 -.8 .3169 30.7779 -.8 .3231 30.6776
4 71 -.4 .4032 29.3745 -.4 .397 29.4748 -.8 .397 29.4748 -.8 .4032 29.3745
4 71 -.4 .434 28.8733 -.4 .4278 28.9736 -.8 .4278 28.9736 -.8 .434 28.8733
4 71 -.4 .5141 27.5702 -.4 .508 27.6704 -.8 .508 27.6704 -.8 .5141 27.5702
4 71 -.4 .5449 27.069 -.4 .5388 27.1692 -.8 .5388 27.1692 -.8 .5449 27.069
4 71 -.8 .6189 25.8661 -.8 .625 25.7659 -.4 .625 25.7659 -.4 .6189 25.8661
4 71 -.4 .6558 25.2647 -.4 .6497 25.3649 -.8 .6497 25.3649 -.8 .6558 25.2647
4 71 -.8 .2923 31.1788 -.8 .2861 31.2791 -1.2 .2861 31.2791 -1.2 .2923 31.1788
4 71 -.8 .3231 30.6776 -.8 .3169 30.7779 -1.2 .3169 30.7779 -1.2 .3231 30.6776
4 71 -.8 .4032 29.3745 -.8 .397 29.4748 -1.2 .397 29.4748 -1.2 .4032 29.3745
4 71 -.8 .434 28.8733 -.8 .4278 28.9736 -1.2 .4278 28.9736 -1.2 .434 28.8733
4 71 -.8 .5141 27.5702 -.8 .508 27.6704 -1.2 .508 27.6704 -1.2 .5141 27.5702
4 71 -.8 .5449 27.069 -.8 .5388 27.1692 -1.2 .5388 27.1692 -1.2 .5449 27.069
4 71 -.8 .625 25.7659 -.8 .6189 25.8661 -1.2 .6189 25.8661 -1.2 .625 25.7659
4 71 -.8 .6558 25.2647 -.8 .6497 25.3649 -1.2 .6497 25.3649 -1.2 .6558 25.2647
4 71 -1.2 .3724 29.8757 -1.2 .3477 30.2767 -1.6 .3477 30.2767 -1.6 .3724 29.8757
4 71 -1.6 .397 29.4748 -1.6 .3724 29.8757 -2 .3724 29.8757 -2 .397 29.4748
4 71 -1.6 .3477 30.2767 -1.6 .3231 30.6776 -2 .3231 30.6776 -2 .3477 30.2767
4 71 -1.2 .4833 28.0714 -1.2 .4587 28.4724 -1.6 .4587 28.4724 -1.6 .4833 28.0714
4 71 -2 .4833 28.0714 -2 .508 27.6704 -1.6 .508 27.6704 -1.6 .4833 28.0714
4 71 -1.6 .4587 28.4724 -1.6 .434 28.8733 -2 .434 28.8733 -2 .4587 28.4724
4 71 -1.2 .5942 26.2671 -1.2 .5696 26.668 -1.6 .5696 26.668 -1.6 .5942 26.2671
4 71 -1.6 .6189 25.8661 -1.6 .5942 26.2671 -2 .5942 26.2671 -2 .6189 25.8661
4 71 -1.6 .5696 26.668 -1.6 .5449 27.069 -2 .5449 27.069 -2 .5696 26.668
4 71 -1.2 .2923 31.1788 -1.2 .2861 31.2791 -1.6 .2861 31.2791 -1.6 .2923 31.1788
4 71 -1.2 .3231 30.6776 -1.2 .3169 30.7779 -1.6 .3169 30.7779 -1.6 .3231 30.6776
4 71 -1.2 .4032 29.3745 -1.2 .397 29.4748 -1.6 .397 29.4748 -1.6 .4032 29.3745
4 71 -1.2 .434 28.8733 -1.2 .4278 28.9736 -1.6 .4278 28.9736 -1.6 .434 28.8733
4 71 -1.6 .508 27.6704 -1.6 .5141 27.5702 -1.2 .5141 27.5702 -1.2 .508 27.6704
4 71 -1.2 .5449 27.069 -1.2 .5388 27.1692 -1.6 .5388 27.1692 -1.6 .5449 27.069
4 71 -1.2 .625 25.7659 -1.2 .6189 25.8661 -1.6 .6189 25.8661 -1.6 .625 25.7659
4 71 -1.2 .6558 25.2647 -1.2 .6497 25.3649 -1.6 .6497 25.3649 -1.6 .6558 25.2647
4 71 -1.6 .2923 31.1788 -1.6 .2861 31.2791 -2 .2861 31.2791 -2 .2923 31.1788
4 71 -1.6 .3231 30.6776 -1.6 .3169 30.7779 -2 .3169 30.7779 -2 .3231 30.6776
4 71 -2 .397 29.4748 -2 .4032 29.3745 -1.6 .4032 29.3745 -1.6 .397 29.4748
4 71 -1.6 .434 28.8733 -1.6 .4278 28.9736 -2 .4278 28.9736 -2 .434 28.8733
4 71 -1.6 .5141 27.5702 -1.6 .508 27.6704 -2 .508 27.6704 -2 .5141 27.5702
4 71 -1.6 .5449 27.069 -1.6 .5388 27.1692 -2 .5388 27.1692 -2 .5449 27.069
4 71 -1.6 .625 25.7659 -1.6 .6189 25.8661 -2 .6189 25.8661 -2 .625 25.7659
4 71 -1.6 .6558 25.2647 -1.6 .6497 25.3649 -2 .6497 25.3649 -2 .6558 25.2647
4 71 -2 .3724 29.8757 -2 .3477 30.2767 -2.4 .3477 30.2767 -2.4 .3724 29.8757
4 71 -2 .4833 28.0714 -2 .4587 28.4724 -2.4 .4587 28.4724 -2.4 .4833 28.0714
4 71 -2.4 .5696 26.668 -2.4 .5942 26.2671 -2 .5942 26.2671 -2 .5696 26.668
4 71 -2 .2923 31.1788 -2 .2861 31.2791 -2.4 .2861 31.2791 -2.4 .2923 31.1788
4 71 -2 .3231 30.6776 -2 .3169 30.7779 -2.4 .3169 30.7779 -2.4 .3231 30.6776
4 71 -2 .4032 29.3745 -2 .397 29.4748 -2.4 .397 29.4748 -2.4 .4032 29.3745
4 71 -2.4 .4278 28.9736 -2.4 .434 28.8733 -2 .434 28.8733 -2 .4278 28.9736
4 71 -2 .5141 27.5702 -2 .508 27.6704 -2.4 .508 27.6704 -2.4 .5141 27.5702
4 71 -2 .5449 27.069 -2 .5388 27.1692 -2.4 .5388 27.1692 -2.4 .5449 27.069
4 71 -2 .625 25.7659 -2 .6189 25.8661 -2.4 .6189 25.8661 -2.4 .625 25.7659
4 71 -2 .6558 25.2647 -2 .6497 25.3649 -2.4 .6497 25.3649 -2.4 .6558 25.2647
3 71 2.8 .2861 31.2791 2.8 .2923 31.1788 3.0833 .2923 31.1788
3 71 3.0833 .3169 30.7779 2.8 .3169 30.7779 2.8 .3231 30.6776
3 71 2.8 .3477 30.2767 2.8 .3724 29.8757 3.0833 .4032 29.3745
4 71 2.8 .3231 30.6776 2.8 .3477 30.2767 3.0833 .4032 29.3745 3.0833 .3169 30.7779
3 71 2.8 .3724 29.8757 2.8 .397 29.4748 3.0833 .4032 29.3745
3 71 2.8 .397 29.4748 2.8 .4032 29.3745 3.0833 .4032 29.3745
3 71 3.0833 .4278 28.9736 2.8 .4278 28.9736 2.8 .434 28.8733
3 71 2.8 .4587 28.4724 2.8 .4833 28.0714 3.0833 .5141 27.5702
4 71 2.8 .434 28.8733 2.8 .4587 28.4724 3.0833 .5141 27.5702 3.0833 .4278 28.9736
3 71 2.8 .4833 28.0714 2.8 .508 27.6704 3.0833 .5141 27.5702
3 71 2.8 .508 27.6704 2.8 .5141 27.5702 3.0833 .5141 27.5702
3 71 3.0833 .5388 27.1692 2.8 .5388 27.1692 2.8 .5449 27.069
3 71 2.8 .5696 26.668 2.8 .5942 26.2671 3.0833 .625 25.7659
4 71 2.8 .5449 27.069 2.8 .5696 26.668 3.0833 .625 25.7659 3.0833 .5388 27.1692
3 71 2.8 .5942 26.2671 2.8 .6189 25.8661 3.0833 .625 25.7659
3 71 2.8 .6189 25.8661 2.8 .625 25.7659 3.0833 .625 25.7659
3 71 3.0833 .6497 25.3649 2.8 .6497 25.3649 2.8 .6558 25.2647
3 71 -2.4 .2861 31.2791 -2.6833 .2923 31.1788 -2.4 .2923 31.1788
3 71 -2.4 .3169 30.7779 -2.6833 .3169 30.7779 -2.4 .3231 30.6776
4 71 -2.6833 .3169 30.7779 -2.6833 .4032 29.3745 -2.4 .3477 30.2767 -2.4 .3231 30.6776
3 71 -2.4 .3477 30.2767 -2.6833 .4032 29.3745 -2.4 .3724 29.8757
3 71 -2.4 .3724 29.8757 -2.6833 .4032 29.3745 -2.4 .397 29.4748
3 71 -2.4 .397 29.4748 -2.6833 .4032 29.3745 -2.4 .4032 29.3745
3 71 -2.4 .4278 28.9736 -2.6833 .4278 28.9736 -2.4 .434 28.8733
3 71 -2.6833 .4278 28.9736 -2.4 .4587 28.4724 -2.4 .434 28.8733
3 71 -2.4 .4833 28.0714 -2.6833 .5141 27.5702 -2.4 .508 27.6704
4 71 -2.4 .4587 28.4724 -2.6833 .4278 28.9736 -2.6833 .5141 27.5702 -2.4 .4833 28.0714
3 71 -2.4 .508 27.6704 -2.6833 .5141 27.5702 -2.4 .5141 27.5702
3 71 -2.4 .5388 27.1692 -2.6833 .5388 27.1692 -2.4 .5449 27.069
3 71 -2.6833 .5388 27.1692 -2.4 .5696 26.668 -2.4 .5449 27.069
4 71 -2.6833 .5388 27.1692 -2.6833 .625 25.7659 -2.4 .5942 26.2671 -2.4 .5696 26.668
3 71 -2.4 .5942 26.2671 -2.6833 .625 25.7659 -2.4 .6189 25.8661
3 71 -2.4 .6189 25.8661 -2.6833 .625 25.7659 -2.4 .625 25.7659
3 71 -2.4 .6497 25.3649 -2.6833 .6497 25.3649 -2.4 .6558 25.2647
4 71 2.8 1.9139 14.3385 2.8 1.8395 14.7394 2.4 1.8395 14.7394 2.4 1.9139 14.3385
4 71 2.4 1.9882 13.9375 2.4 1.9139 14.3385 2 1.9139 14.3385 2 1.9882 13.9375
4 71 2.4 1.8395 14.7394 2.4 1.7652 15.1404 2 1.7652 15.1404 2 1.8395 14.7394
4 71 2.8 2.2484 12.5341 2.8 2.1741 12.9351 2.4 2.1741 12.9351 2.4 2.2484 12.5341
4 71 2.4 2.3227 12.1332 2.4 2.2484 12.5341 2 2.2484 12.5341 2 2.3227 12.1332
4 71 2.4 2.1741 12.9351 2.4 2.0997 13.3361 2 2.0997 13.3361 2 2.1741 12.9351
4 71 2.4 2.5086 11.1308 2.4 2.5829 10.7298 2.8 2.5829 10.7298 2.8 2.5086 11.1308
4 71 2.4 2.6573 10.3288 2.4 2.5829 10.7298 2 2.5829 10.7298 2 2.6573 10.3288
4 71 2.4 2.5086 11.1308 2.4 2.4342 11.5317 2 2.4342 11.5317 2 2.5086 11.1308
4 71 2.8 1.5793 16.1428 2.8 1.505 16.5438 2.4 1.505 16.5438 2.4 1.5793 16.1428
4 71 2 1.5793 16.1428 2 1.505 16.5438 1.6 1.505 16.5438 1.6 1.5793 16.1428
4 71 1.2 1.5793 16.1428 1.2 1.505 16.5438 .8 1.505 16.5438 .8 1.5793 16.1428
4 71 0 1.505 16.5438 0 1.5793 16.1428 .4 1.5793 16.1428 .4 1.505 16.5438
4 71 -.4 1.5793 16.1428 -.4 1.505 16.5438 -.8 1.505 16.5438 -.8 1.5793 16.1428
4 71 -1.2 1.5793 16.1428 -1.2 1.505 16.5438 -1.6 1.505 16.5438 -1.6 1.5793 16.1428
4 71 2.4 1.6537 15.7418 2.4 1.5793 16.1428 2 1.5793 16.1428 2 1.6537 15.7418
4 71 1.6 1.6537 15.7418 1.6 1.5793 16.1428 1.2 1.5793 16.1428 1.2 1.6537 15.7418
4 71 .8 1.6537 15.7418 .8 1.5793 16.1428 .4 1.5793 16.1428 .4 1.6537 15.7418
4 71 0 1.6537 15.7418 0 1.5793 16.1428 -.4 1.5793 16.1428 -.4 1.6537 15.7418
4 71 -.8 1.6537 15.7418 -.8 1.5793 16.1428 -1.2 1.5793 16.1428 -1.2 1.6537 15.7418
4 71 -2 1.5793 16.1428 -2 1.6537 15.7418 -1.6 1.6537 15.7418 -1.6 1.5793 16.1428
4 71 2.4 1.505 16.5438 2.4 1.4307 16.9447 2 1.4307 16.9447 2 1.505 16.5438
4 71 1.6 1.505 16.5438 1.6 1.4307 16.9447 1.2 1.4307 16.9447 1.2 1.505 16.5438
4 71 .4 1.4307 16.9447 .4 1.505 16.5438 .8 1.505 16.5438 .8 1.4307 16.9447
4 71 -.4 1.4307 16.9447 -.4 1.505 16.5438 0 1.505 16.5438 0 1.4307 16.9447
4 71 -1.2 1.4307 16.9447 -1.2 1.505 16.5438 -.8 1.505 16.5438 -.8 1.4307 16.9447
4 71 -2 1.4307 16.9447 -2 1.505 16.5438 -1.6 1.505 16.5438 -1.6 1.4307 16.9447
4 71 -2.4 1.505 16.5438 -2.4 1.5793 16.1428 -2 1.5793 16.1428 -2 1.505 16.5438
4 71 2.4 2.8431 9.3264 2.4 2.9175 8.9255 2.8 2.9175 8.9255 2.8 2.8431 9.3264
4 71 1.6 2.8431 9.3264 1.6 2.9175 8.9255 2 2.9175 8.9255 2 2.8431 9.3264
4 71 .8 2.8431 9.3264 .8 2.9175 8.9255 1.2 2.9175 8.9255 1.2 2.8431 9.3264
4 71 0 2.8431 9.3264 0 2.9175 8.9255 .4 2.9175 8.9255 .4 2.8431 9.3264
4 71 -.4 2.9175 8.9255 -.4 2.8431 9.3264 -.8 2.8431 9.3264 -.8 2.9175 8.9255
4 71 -1.6 2.8431 9.3264 -1.6 2.9175 8.9255 -1.2 2.9175 8.9255 -1.2 2.8431 9.3264
4 71 2 2.9175 8.9255 2 2.9918 8.5245 2.4 2.9918 8.5245 2.4 2.9175 8.9255
4 71 1.2 2.9175 8.9255 1.2 2.9918 8.5245 1.6 2.9918 8.5245 1.6 2.9175 8.9255
4 71 .4 2.9175 8.9255 .4 2.9918 8.5245 .8 2.9918 8.5245 .8 2.9175 8.9255
4 71 -.4 2.9175 8.9255 -.4 2.9918 8.5245 0 2.9918 8.5245 0 2.9175 8.9255
4 71 -1.2 2.9175 8.9255 -1.2 2.9918 8.5245 -.8 2.9918 8.5245 -.8 2.9175 8.9255
4 71 -2 2.9175 8.9255 -2 2.9918 8.5245 -1.6 2.9918 8.5245 -1.6 2.9175 8.9255
4 71 2.4 2.8431 9.3264 2.4 2.7688 9.7274 2 2.7688 9.7274 2 2.8431 9.3264
4 71 1.2 2.7688 9.7274 1.2 2.8431 9.3264 1.6 2.8431 9.3264 1.6 2.7688 9.7274
4 71 .4 2.7688 9.7274 .4 2.8431 9.3264 .8 2.8431 9.3264 .8 2.7688 9.7274
4 71 -.4 2.7688 9.7274 -.4 2.8431 9.3264 0 2.8431 9.3264 0 2.7688 9.7274
4 71 -1.2 2.7688 9.7274 -1.2 2.8431 9.3264 -.8 2.8431 9.3264 -.8 2.7688 9.7274
4 71 -2 2.7688 9.7274 -2 2.8431 9.3264 -1.6 2.8431 9.3264 -1.6 2.7688 9.7274
4 71 -2 2.9175 8.9255 -2 2.8431 9.3264 -2.4 2.8431 9.3264 -2.4 2.9175 8.9255
4 71 2.8 1.5793 16.1428 2.8 1.6537 15.7418 3.0833 1.6723 15.6416 3.0833 1.5608 16.243
4 71 3.0833 1.5608 16.243 3.0008 1.4837 16.6586 2.8 1.505 16.5438 2.8 1.5793 16.1428
4 71 3.0008 1.4837 16.6586 2.816 1.4184 17.0109 2.8 1.4307 16.9447 2.8 1.505 16.5438
4 71 2.816 1.4184 17.0109 2.4146 1.3748 17.2462 2.4 1.4307 16.9447 2.8 1.4307 16.9447
4 71 2.4146 1.3748 17.2462 2 1.3594 17.3289 2 1.4307 16.9447 2.4 1.4307 16.9447
4 71 -2.0146 1.3748 17.2462 -2 1.4307 16.9447 -1.6 1.4307 16.9447 -1.6 1.3594 17.3289
4 71 -2.416 1.4184 17.0109 -2.4 1.4307 16.9447 -2 1.4307 16.9447 -2.0146 1.3748 17.2462
4 71 -2.4 1.4307 16.9447 -2.416 1.4184 17.0109 -2.6008 1.4837 16.6586 -2.4 1.505 16.5438
4 71 -2.6833 1.5608 16.243 -2.4 1.5793 16.1428 -2.4 1.505 16.5438 -2.6008 1.4837 16.6586
4 71 -2.6833 1.6723 15.6416 -2.4 1.6537 15.7418 -2.4 1.5793 16.1428 -2.6833 1.5608 16.243
4 71 2.8 2.7688 9.7274 2.8 2.8431 9.3264 3.0833 2.8617 9.2262 3.0833 2.7502 9.8276
4 71 2.8 2.9175 8.9255 3.0008 2.9388 8.8106 3.0833 2.8617 9.2262 2.8 2.8431 9.3264
4 71 2.8 2.9918 8.5245 2.816 3.0041 8.4584 3.0008 2.9388 8.8106 2.8 2.9175 8.9255
4 71 2.4 2.9918 8.5245 2.4146 3.0477 8.223 2.816 3.0041 8.4584 2.8 2.9918 8.5245
4 71 2 2.9918 8.5245 2 3.063 8.1403 2.4146 3.0477 8.223 2.4 2.9918 8.5245
4 71 -2.4 2.7688 9.7274 -2.6833 2.7502 9.8276 -2.6833 2.8617 9.2262 -2.4 2.8431 9.3264
4 71 -2.6008 2.9388 8.8106 -2.4 2.9175 8.9255 -2.4 2.8431 9.3264 -2.6833 2.8617 9.2262
4 71 -2.6008 2.9388 8.8106 -2.416 3.0041 8.4584 -2.4 2.9918 8.5245 -2.4 2.9175 8.9255
4 71 -2.0146 3.0477 8.223 -2 2.9918 8.5245 -2.4 2.9918 8.5245 -2.416 3.0041 8.4584
4 71 -1.6 3.063 8.1403 -1.6 2.9918 8.5245 -2 2.9918 8.5245 -2.0146 3.0477 8.223
3 71 2 2.9918 8.5245 1.6 2.9918 8.5245 2 3.063 8.1403
3 71 1.6 2.9918 8.5245 1.2 2.9918 8.5245 2 3.063 8.1403
3 71 1.2 2.9918 8.5245 .8 2.9918 8.5245 2 3.063 8.1403
3 71 .4 2.9918 8.5245 0 2.9918 8.5245 -1.6 3.063 8.1403
4 71 .8 2.9918 8.5245 .4 2.9918 8.5245 -1.6 3.063 8.1403 2 3.063 8.1403
3 71 0 2.9918 8.5245 -.4 2.9918 8.5245 -1.6 3.063 8.1403
3 71 -.4 2.9918 8.5245 -.8 2.9918 8.5245 -1.6 3.063 8.1403
3 71 -.8 2.9918 8.5245 -1.2 2.9918 8.5245 -1.6 3.063 8.1403
3 71 -1.2 2.9918 8.5245 -1.6 2.9918 8.5245 -1.6 3.063 8.1403
3 71 2 1.3594 17.3289 1.6 1.4307 16.9447 2 1.4307 16.9447
3 71 2 1.3594 17.3289 1.2 1.4307 16.9447 1.6 1.4307 16.9447
3 71 2 1.3594 17.3289 .8 1.4307 16.9447 1.2 1.4307 16.9447
3 71 2 1.3594 17.3289 .4 1.4307 16.9447 .8 1.4307 16.9447
4 71 2 1.3594 17.3289 -1.6 1.3594 17.3289 0 1.4307 16.9447 .4 1.4307 16.9447
3 71 -1.6 1.3594 17.3289 -.4 1.4307 16.9447 0 1.4307 16.9447
3 71 -1.6 1.3594 17.3289 -.8 1.4307 16.9447 -.4 1.4307 16.9447
3 71 -1.6 1.3594 17.3289 -1.2 1.4307 16.9447 -.8 1.4307 16.9447
3 71 -1.6 1.3594 17.3289 -1.6 1.4307 16.9447 -1.2 1.4307 16.9447
4 71 2.4 1.6537 15.7418 2.4 1.6723 15.6416 2.8 1.6723 15.6416 2.8 1.6537 15.7418
4 71 2.4 1.7466 15.2406 2.4 1.7652 15.1404 2.8 1.7652 15.1404 2.8 1.7466 15.2406
4 71 2.4 1.9882 13.9375 2.4 2.0068 13.8373 2.8 2.0068 13.8373 2.8 1.9882 13.9375
4 71 2.4 2.0811 13.4363 2.4 2.0997 13.3361 2.8 2.0997 13.3361 2.8 2.0811 13.4363
4 71 2.4 2.3227 12.1332 2.4 2.3413 12.0329 2.8 2.3413 12.0329 2.8 2.3227 12.1332
4 71 2.8 2.4342 11.5317 2.8 2.4157 11.632 2.4 2.4157 11.632 2.4 2.4342 11.5317
4 71 2.4 2.6573 10.3288 2.4 2.6759 10.2286 2.8 2.6759 10.2286 2.8 2.6573 10.3288
4 71 2.4 2.7502 9.8276 2.4 2.7688 9.7274 2.8 2.7688 9.7274 2.8 2.7502 9.8276
4 71 2 1.6537 15.7418 2 1.6723 15.6416 2.4 1.6723 15.6416 2.4 1.6537 15.7418
4 71 2 1.7466 15.2406 2 1.7652 15.1404 2.4 1.7652 15.1404 2.4 1.7466 15.2406
4 71 2 1.9882 13.9375 2 2.0068 13.8373 2.4 2.0068 13.8373 2.4 1.9882 13.9375
4 71 2.4 2.0997 13.3361 2.4 2.0811 13.4363 2 2.0811 13.4363 2 2.0997 13.3361
4 71 2 2.3227 12.1332 2 2.3413 12.0329 2.4 2.3413 12.0329 2.4 2.3227 12.1332
4 71 2 2.4157 11.632 2 2.4342 11.5317 2.4 2.4342 11.5317 2.4 2.4157 11.632
4 71 2 2.6573 10.3288 2 2.6759 10.2286 2.4 2.6759 10.2286 2.4 2.6573 10.3288
4 71 2 2.7502 9.8276 2 2.7688 9.7274 2.4 2.7688 9.7274 2.4 2.7502 9.8276
4 71 1.6 1.8395 14.7394 1.6 1.9139 14.3385 2 1.9139 14.3385 2 1.8395 14.7394
4 71 1.2 1.9139 14.3385 1.2 1.9882 13.9375 1.6 1.9882 13.9375 1.6 1.9139 14.3385
4 71 1.2 1.7652 15.1404 1.2 1.8395 14.7394 1.6 1.8395 14.7394 1.6 1.7652 15.1404
4 71 2 2.2484 12.5341 2 2.1741 12.9351 1.6 2.1741 12.9351 1.6 2.2484 12.5341
4 71 1.2 2.2484 12.5341 1.2 2.3227 12.1332 1.6 2.3227 12.1332 1.6 2.2484 12.5341
4 71 1.2 2.0997 13.3361 1.2 2.1741 12.9351 1.6 2.1741 12.9351 1.6 2.0997 13.3361
4 71 1.6 2.5086 11.1308 1.6 2.5829 10.7298 2 2.5829 10.7298 2 2.5086 11.1308
4 71 1.2 2.5829 10.7298 1.2 2.6573 10.3288 1.6 2.6573 10.3288 1.6 2.5829 10.7298
4 71 1.6 2.5086 11.1308 1.6 2.4342 11.5317 1.2 2.4342 11.5317 1.2 2.5086 11.1308
4 71 1.6 1.6537 15.7418 1.6 1.6723 15.6416 2 1.6723 15.6416 2 1.6537 15.7418
4 71 1.6 1.7466 15.2406 1.6 1.7652 15.1404 2 1.7652 15.1404 2 1.7466 15.2406
4 71 1.6 1.9882 13.9375 1.6 2.0068 13.8373 2 2.0068 13.8373 2 1.9882 13.9375
4 71 2 2.0997 13.3361 2 2.0811 13.4363 1.6 2.0811 13.4363 1.6 2.0997 13.3361
4 71 1.6 2.3227 12.1332 1.6 2.3413 12.0329 2 2.3413 12.0329 2 2.3227 12.1332
4 71 1.6 2.4157 11.632 1.6 2.4342 11.5317 2 2.4342 11.5317 2 2.4157 11.632
4 71 1.6 2.6573 10.3288 1.6 2.6759 10.2286 2 2.6759 10.2286 2 2.6573 10.3288
4 71 1.6 2.7502 9.8276 1.6 2.7688 9.7274 2 2.7688 9.7274 2 2.7502 9.8276
4 71 1.2 1.6537 15.7418 1.2 1.6723 15.6416 1.6 1.6723 15.6416 1.6 1.6537 15.7418
4 71 1.2 1.7466 15.2406 1.2 1.7652 15.1404 1.6 1.7652 15.1404 1.6 1.7466 15.2406
4 71 1.2 1.9882 13.9375 1.2 2.0068 13.8373 1.6 2.0068 13.8373 1.6 1.9882 13.9375
4 71 1.2 2.0811 13.4363 1.2 2.0997 13.3361 1.6 2.0997 13.3361 1.6 2.0811 13.4363
4 71 1.2 2.3227 12.1332 1.2 2.3413 12.0329 1.6 2.3413 12.0329 1.6 2.3227 12.1332
4 71 1.2 2.4157 11.632 1.2 2.4342 11.5317 1.6 2.4342 11.5317 1.6 2.4157 11.632
4 71 1.2 2.6573 10.3288 1.2 2.6759 10.2286 1.6 2.6759 10.2286 1.6 2.6573 10.3288
4 71 1.6 2.7688 9.7274 1.6 2.7502 9.8276 1.2 2.7502 9.8276 1.2 2.7688 9.7274
4 71 .8 1.8395 14.7394 .8 1.9139 14.3385 1.2 1.9139 14.3385 1.2 1.8395 14.7394
4 71 .4 1.9139 14.3385 .4 1.9882 13.9375 .8 1.9882 13.9375 .8 1.9139 14.3385
4 71 .4 1.7652 15.1404 .4 1.8395 14.7394 .8 1.8395 14.7394 .8 1.7652 15.1404
4 71 .8 2.1741 12.9351 .8 2.2484 12.5341 1.2 2.2484 12.5341 1.2 2.1741 12.9351
4 71 .4 2.2484 12.5341 .4 2.3227 12.1332 .8 2.3227 12.1332 .8 2.2484 12.5341
4 71 .4 2.0997 13.3361 .4 2.1741 12.9351 .8 2.1741 12.9351 .8 2.0997 13.3361
4 71 1.2 2.5829 10.7298 1.2 2.5086 11.1308 .8 2.5086 11.1308 .8 2.5829 10.7298
4 71 .4 2.5829 10.7298 .4 2.6573 10.3288 .8 2.6573 10.3288 .8 2.5829 10.7298
4 71 .4 2.4342 11.5317 .4 2.5086 11.1308 .8 2.5086 11.1308 .8 2.4342 11.5317
4 71 .8 1.6537 15.7418 .8 1.6723 15.6416 1.2 1.6723 15.6416 1.2 1.6537 15.7418
4 71 1.2 1.7652 15.1404 1.2 1.7466 15.2406 .8 1.7466 15.2406 .8 1.7652 15.1404
4 71 .8 1.9882 13.9375 .8 2.0068 13.8373 1.2 2.0068 13.8373 1.2 1.9882 13.9375
4 71 .8 2.0811 13.4363 .8 2.0997 13.3361 1.2 2.0997 13.3361 1.2 2.0811 13.4363
4 71 .8 2.3227 12.1332 .8 2.3413 12.0329 1.2 2.3413 12.0329 1.2 2.3227 12.1332
4 71 .8 2.4157 11.632 .8 2.4342 11.5317 1.2 2.4342 11.5317 1.2 2.4157 11.632
4 71 .8 2.6573 10.3288 .8 2.6759 10.2286 1.2 2.6759 10.2286 1.2 2.6573 10.3288
4 71 .8 2.7502 9.8276 .8 2.7688 9.7274 1.2 2.7688 9.7274 1.2 2.7502 9.8276
4 71 .8 1.6723 15.6416 .8 1.6537 15.7418 .4 1.6537 15.7418 .4 1.6723 15.6416
4 71 .4 1.7466 15.2406 .4 1.7652 15.1404 .8 1.7652 15.1404 .8 1.7466 15.2406
4 71 .4 1.9882 13.9375 .4 2.0068 13.8373 .8 2.0068 13.8373 .8 1.9882 13.9375
4 71 .4 2.0811 13.4363 .4 2.0997 13.3361 .8 2.0997 13.3361 .8 2.0811 13.4363
4 71 .4 2.3227 12.1332 .4 2.3413 12.0329 .8 2.3413 12.0329 .8 2.3227 12.1332
4 71 .4 2.4157 11.632 .4 2.4342 11.5317 .8 2.4342 11.5317 .8 2.4157 11.632
4 71 .4 2.6573 10.3288 .4 2.6759 10.2286 .8 2.6759 10.2286 .8 2.6573 10.3288
4 71 .4 2.7502 9.8276 .4 2.7688 9.7274 .8 2.7688 9.7274 .8 2.7502 9.8276
4 71 0 1.8395 14.7394 0 1.9139 14.3385 .4 1.9139 14.3385 .4 1.8395 14.7394
4 71 -.4 1.9139 14.3385 -.4 1.9882 13.9375 0 1.9882 13.9375 0 1.9139 14.3385
4 71 0 1.8395 14.7394 0 1.7652 15.1404 -.4 1.7652 15.1404 -.4 1.8395 14.7394
4 71 0 2.1741 12.9351 0 2.2484 12.5341 .4 2.2484 12.5341 .4 2.1741 12.9351
4 71 -.4 2.2484 12.5341 -.4 2.3227 12.1332 0 2.3227 12.1332 0 2.2484 12.5341
4 71 -.4 2.0997 13.3361 -.4 2.1741 12.9351 0 2.1741 12.9351 0 2.0997 13.3361
4 71 0 2.5086 11.1308 0 2.5829 10.7298 .4 2.5829 10.7298 .4 2.5086 11.1308
4 71 -.4 2.5829 10.7298 -.4 2.6573 10.3288 0 2.6573 10.3288 0 2.5829 10.7298
4 71 -.4 2.4342 11.5317 -.4 2.5086 11.1308 0 2.5086 11.1308 0 2.4342 11.5317
4 71 0 1.6537 15.7418 0 1.6723 15.6416 .4 1.6723 15.6416 .4 1.6537 15.7418
4 71 0 1.7466 15.2406 0 1.7652 15.1404 .4 1.7652 15.1404 .4 1.7466 15.2406
4 71 0 1.9882 13.9375 0 2.0068 13.8373 .4 2.0068 13.8373 .4 1.9882 13.9375
4 71 0 2.0811 13.4363 0 2.0997 13.3361 .4 2.0997 13.3361 .4 2.0811 13.4363
4 71 0 2.3227 12.1332 0 2.3413 12.0329 .4 2.3413 12.0329 .4 2.3227 12.1332
4 71 0 2.4157 11.632 0 2.4342 11.5317 .4 2.4342 11.5317 .4 2.4157 11.632
4 71 0 2.6573 10.3288 0 2.6759 10.2286 .4 2.6759 10.2286 .4 2.6573 10.3288
4 71 .4 2.7688 9.7274 .4 2.7502 9.8276 0 2.7502 9.8276 0 2.7688 9.7274
4 71 -.4 1.6537 15.7418 -.4 1.6723 15.6416 0 1.6723 15.6416 0 1.6537 15.7418
4 71 -.4 1.7466 15.2406 -.4 1.7652 15.1404 0 1.7652 15.1404 0 1.7466 15.2406
4 71 -.4 1.9882 13.9375 -.4 2.0068 13.8373 0 2.0068 13.8373 0 1.9882 13.9375
4 71 -.4 2.0811 13.4363 -.4 2.0997 13.3361 0 2.0997 13.3361 0 2.0811 13.4363
4 71 0 2.3413 12.0329 0 2.3227 12.1332 -.4 2.3227 12.1332 -.4 2.3413 12.0329
4 71 -.4 2.4157 11.632 -.4 2.4342 11.5317 0 2.4342 11.5317 0 2.4157 11.632
4 71 -.4 2.6573 10.3288 -.4 2.6759 10.2286 0 2.6759 10.2286 0 2.6573 10.3288
4 71 -.4 2.7502 9.8276 -.4 2.7688 9.7274 0 2.7688 9.7274 0 2.7502 9.8276
4 71 -.4 1.9139 14.3385 -.4 1.8395 14.7394 -.8 1.8395 14.7394 -.8 1.9139 14.3385
4 71 -1.2 1.9139 14.3385 -1.2 1.9882 13.9375 -.8 1.9882 13.9375 -.8 1.9139 14.3385
4 71 -1.2 1.7652 15.1404 -1.2 1.8395 14.7394 -.8 1.8395 14.7394 -.8 1.7652 15.1404
4 71 -.8 2.1741 12.9351 -.8 2.2484 12.5341 -.4 2.2484 12.5341 -.4 2.1741 12.9351
4 71 -1.2 2.2484 12.5341 -1.2 2.3227 12.1332 -.8 2.3227 12.1332 -.8 2.2484 12.5341
4 71 -.8 2.1741 12.9351 -.8 2.0997 13.3361 -1.2 2.0997 13.3361 -1.2 2.1741 12.9351
4 71 -.8 2.5086 11.1308 -.8 2.5829 10.7298 -.4 2.5829 10.7298 -.4 2.5086 11.1308
4 71 -1.2 2.5829 10.7298 -1.2 2.6573 10.3288 -.8 2.6573 10.3288 -.8 2.5829 10.7298
4 71 -1.2 2.4342 11.5317 -1.2 2.5086 11.1308 -.8 2.5086 11.1308 -.8 2.4342 11.5317
4 71 -.8 1.6537 15.7418 -.8 1.6723 15.6416 -.4 1.6723 15.6416 -.4 1.6537 15.7418
4 71 -.8 1.7466 15.2406 -.8 1.7652 15.1404 -.4 1.7652 15.1404 -.4 1.7466 15.2406
4 71 -.8 1.9882 13.9375 -.8 2.0068 13.8373 -.4 2.0068 13.8373 -.4 1.9882 13.9375
4 71 -.8 2.0811 13.4363 -.8 2.0997 13.3361 -.4 2.0997 13.3361 -.4 2.0811 13.4363
4 71 -.8 2.3227 12.1332 -.8 2.3413 12.0329 -.4 2.3413 12.0329 -.4 2.3227 12.1332
4 71 -.4 2.4342 11.5317 -.4 2.4157 11.632 -.8 2.4157 11.632 -.8 2.4342 11.5317
4 71 -.8 2.6573 10.3288 -.8 2.6759 10.2286 -.4 2.6759 10.2286 -.4 2.6573 10.3288
4 71 -.8 2.7502 9.8276 -.8 2.7688 9.7274 -.4 2.7688 9.7274 -.4 2.7502 9.8276
4 71 -1.2 1.6537 15.7418 -1.2 1.6723 15.6416 -.8 1.6723 15.6416 -.8 1.6537 15.7418
4 71 -1.2 1.7466 15.2406 -1.2 1.7652 15.1404 -.8 1.7652 15.1404 -.8 1.7466 15.2406
4 71 -1.2 1.9882 13.9375 -1.2 2.0068 13.8373 -.8 2.0068 13.8373 -.8 1.9882 13.9375
4 71 -.8 2.0997 13.3361 -.8 2.0811 13.4363 -1.2 2.0811 13.4363 -1.2 2.0997 13.3361
4 71 -1.2 2.3227 12.1332 -1.2 2.3413 12.0329 -.8 2.3413 12.0329 -.8 2.3227 12.1332
4 71 -1.2 2.4157 11.632 -1.2 2.4342 11.5317 -.8 2.4342 11.5317 -.8 2.4157 11.632
4 71 -1.2 2.6573 10.3288 -1.2 2.6759 10.2286 -.8 2.6759 10.2286 -.8 2.6573 10.3288
4 71 -1.2 2.7502 9.8276 -1.2 2.7688 9.7274 -.8 2.7688 9.7274 -.8 2.7502 9.8276
4 71 -1.6 1.8395 14.7394 -1.6 1.9139 14.3385 -1.2 1.9139 14.3385 -1.2 1.8395 14.7394
4 71 -2 1.9139 14.3385 -2 1.9882 13.9375 -1.6 1.9882 13.9375 -1.6 1.9139 14.3385
4 71 -2 1.7652 15.1404 -2 1.8395 14.7394 -1.6 1.8395 14.7394 -1.6 1.7652 15.1404
4 71 -1.2 2.2484 12.5341 -1.2 2.1741 12.9351 -1.6 2.1741 12.9351 -1.6 2.2484 12.5341
4 71 -2 2.2484 12.5341 -2 2.3227 12.1332 -1.6 2.3227 12.1332 -1.6 2.2484 12.5341
4 71 -2 2.0997 13.3361 -2 2.1741 12.9351 -1.6 2.1741 12.9351 -1.6 2.0997 13.3361
4 71 -1.6 2.5086 11.1308 -1.6 2.5829 10.7298 -1.2 2.5829 10.7298 -1.2 2.5086 11.1308
4 71 -2 2.5829 10.7298 -2 2.6573 10.3288 -1.6 2.6573 10.3288 -1.6 2.5829 10.7298
4 71 -1.6 2.5086 11.1308 -1.6 2.4342 11.5317 -2 2.4342 11.5317 -2 2.5086 11.1308
4 71 -1.6 1.6537 15.7418 -1.6 1.6723 15.6416 -1.2 1.6723 15.6416 -1.2 1.6537 15.7418
4 71 -1.6 1.7466 15.2406 -1.6 1.7652 15.1404 -1.2 1.7652 15.1404 -1.2 1.7466 15.2406
4 71 -1.6 1.9882 13.9375 -1.6 2.0068 13.8373 -1.2 2.0068 13.8373 -1.2 1.9882 13.9375
4 71 -1.2 2.0997 13.3361 -1.2 2.0811 13.4363 -1.6 2.0811 13.4363 -1.6 2.0997 13.3361
4 71 -1.6 2.3227 12.1332 -1.6 2.3413 12.0329 -1.2 2.3413 12.0329 -1.2 2.3227 12.1332
4 71 -1.6 2.4157 11.632 -1.6 2.4342 11.5317 -1.2 2.4342 11.5317 -1.2 2.4157 11.632
4 71 -1.6 2.6573 10.3288 -1.6 2.6759 10.2286 -1.2 2.6759 10.2286 -1.2 2.6573 10.3288
4 71 -1.6 2.7502 9.8276 -1.6 2.7688 9.7274 -1.2 2.7688 9.7274 -1.2 2.7502 9.8276
4 71 -2 1.6537 15.7418 -2 1.6723 15.6416 -1.6 1.6723 15.6416 -1.6 1.6537 15.7418
4 71 -2 1.7466 15.2406 -2 1.7652 15.1404 -1.6 1.7652 15.1404 -1.6 1.7466 15.2406
4 71 -2 1.9882 13.9375 -2 2.0068 13.8373 -1.6 2.0068 13.8373 -1.6 1.9882 13.9375
4 71 -2 2.0811 13.4363 -2 2.0997 13.3361 -1.6 2.0997 13.3361 -1.6 2.0811 13.4363
4 71 -2 2.3227 12.1332 -2 2.3413 12.0329 -1.6 2.3413 12.0329 -1.6 2.3227 12.1332
4 71 -2 2.4157 11.632 -2 2.4342 11.5317 -1.6 2.4342 11.5317 -1.6 2.4157 11.632
4 71 -2 2.6573 10.3288 -2 2.6759 10.2286 -1.6 2.6759 10.2286 -1.6 2.6573 10.3288
4 71 -1.6 2.7688 9.7274 -1.6 2.7502 9.8276 -2 2.7502 9.8276 -2 2.7688 9.7274
4 71 -2.4 1.8395 14.7394 -2.4 1.9139 14.3385 -2 1.9139 14.3385 -2 1.8395 14.7394
4 71 -2.4 2.1741 12.9351 -2.4 2.2484 12.5341 -2 2.2484 12.5341 -2 2.1741 12.9351
4 71 -2.4 2.5086 11.1308 -2.4 2.5829 10.7298 -2 2.5829 10.7298 -2 2.5086 11.1308
4 71 -2.4 1.6537 15.7418 -2.4 1.6723 15.6416 -2 1.6723 15.6416 -2 1.6537 15.7418
4 71 -2.4 1.7466 15.2406 -2.4 1.7652 15.1404 -2 1.7652 15.1404 -2 1.7466 15.2406
4 71 -2 2.0068 13.8373 -2 1.9882 13.9375 -2.4 1.9882 13.9375 -2.4 2.0068 13.8373
4 71 -2.4 2.0811 13.4363 -2.4 2.0997 13.3361 -2 2.0997 13.3361 -2 2.0811 13.4363
4 71 -2.4 2.3227 12.1332 -2.4 2.3413 12.0329 -2 2.3413 12.0329 -2 2.3227 12.1332
4 71 -2.4 2.4157 11.632 -2.4 2.4342 11.5317 -2 2.4342 11.5317 -2 2.4157 11.632
4 71 -2.4 2.6573 10.3288 -2.4 2.6759 10.2286 -2 2.6759 10.2286 -2 2.6573 10.3288
4 71 -2.4 2.7502 9.8276 -2.4 2.7688 9.7274 -2 2.7688 9.7274 -2 2.7502 9.8276
3 71 2.8 1.6537 15.7418 2.8 1.6723 15.6416 3.0833 1.6723 15.6416
3 71 3.0833 1.7466 15.2406 2.8 1.7466 15.2406 2.8 1.7652 15.1404
3 71 3.0833 1.7466 15.2406 2.8 1.7652 15.1404 2.8 1.8395 14.7394
4 71 2.8 1.9139 14.3385 3.0833 2.0068 13.8373 3.0833 1.7466 15.2406 2.8 1.8395 14.7394
3 71 2.8 1.9139 14.3385 2.8 1.9882 13.9375 3.0833 2.0068 13.8373
3 71 2.8 1.9882 13.9375 2.8 2.0068 13.8373 3.0833 2.0068 13.8373
3 71 3.0833 2.0811 13.4363 2.8 2.0811 13.4363 2.8 2.0997 13.3361
3 71 3.0833 2.0811 13.4363 2.8 2.0997 13.3361 2.8 2.1741 12.9351
4 71 2.8 2.2484 12.5341 3.0833 2.3413 12.0329 3.0833 2.0811 13.4363 2.8 2.1741 12.9351
3 71 2.8 2.2484 12.5341 2.8 2.3227 12.1332 3.0833 2.3413 12.0329
3 71 2.8 2.3227 12.1332 2.8 2.3413 12.0329 3.0833 2.3413 12.0329
3 71 3.0833 2.4157 11.632 2.8 2.4157 11.632 2.8 2.4342 11.5317
3 71 3.0833 2.4157 11.632 2.8 2.4342 11.5317 2.8 2.5086 11.1308
4 71 2.8 2.5829 10.7298 3.0833 2.6759 10.2286 3.0833 2.4157 11.632 2.8 2.5086 11.1308
3 71 2.8 2.5829 10.7298 2.8 2.6573 10.3288 3.0833 2.6759 10.2286
3 71 2.8 2.6573 10.3288 2.8 2.6759 10.2286 3.0833 2.6759 10.2286
3 71 3.0833 2.7502 9.8276 2.8 2.7502 9.8276 2.8 2.7688 9.7274
3 71 -2.4 1.6537 15.7418 -2.6833 1.6723 15.6416 -2.4 1.6723 15.6416
3 71 -2.4 1.7466 15.2406 -2.6833 1.7466 15.2406 -2.4 1.7652 15.1404
4 71 -2.6833 1.7466 15.2406 -2.6833 2.0068 13.8373 -2.4 1.8395 14.7394 -2.4 1.7652 15.1404
3 71 -2.4 1.8395 14.7394 -2.6833 2.0068 13.8373 -2.4 1.9139 14.3385
3 71 -2.4 1.9139 14.3385 -2.6833 2.0068 13.8373 -2.4 1.9882 13.9375
3 71 -2.4 1.9882 13.9375 -2.6833 2.0068 13.8373 -2.4 2.0068 13.8373
3 71 -2.4 2.0811 13.4363 -2.6833 2.0811 13.4363 -2.4 2.0997 13.3361
3 71 -2.6833 2.0811 13.4363 -2.4 2.1741 12.9351 -2.4 2.0997 13.3361
4 71 -2.6833 2.3413 12.0329 -2.4 2.2484 12.5341 -2.4 2.1741 12.9351 -2.6833 2.0811 13.4363
3 71 -2.4 2.2484 12.5341 -2.6833 2.3413 12.0329 -2.4 2.3227 12.1332
3 71 -2.4 2.3227 12.1332 -2.6833 2.3413 12.0329 -2.4 2.3413 12.0329
3 71 -2.4 2.4157 11.632 -2.6833 2.4157 11.632 -2.4 2.4342 11.5317
3 71 -2.6833 2.4157 11.632 -2.4 2.5086 11.1308 -2.4 2.4342 11.5317
4 71 -2.6833 2.4157 11.632 -2.6833 2.6759 10.2286 -2.4 2.5829 10.7298 -2.4 2.5086 11.1308
3 71 -2.4 2.5829 10.7298 -2.6833 2.6759 10.2286 -2.4 2.6573 10.3288
3 71 -2.4 2.6573 10.3288 -2.6833 2.6759 10.2286 -2.4 2.6759 10.2286
3 71 -2.4 2.7502 9.8276 -2.6833 2.7502 9.8276 -2.4 2.7688 9.7274
1 15 1.8 6.6877 -7.3135 1 0 0 0 1 -.31697 0 0 1.0024 1-4chrd.dat
1 15 .8 6.6877 -7.3135 0 0 -1 -.31697 1 0 1.0024 0 0 1-4chrd.dat
1 15 1.8 8.5261 -13.1274 0 0 1 .31697 1 0 -1.0024 0 0 1-4chrd.dat
1 15 -1.3 8.5261 -13.1274 -1 0 0 0 1 .31697 0 0 -1.0024 1-4chrd.dat
1 15 1.8 9.4454 -16.0344 1 0 0 0 1 -.31697 0 0 1.0024 1-4chrd.dat
1 15 -1.3 9.4454 -16.0344 0 0 -1 -.31697 1 0 1.0024 0 0 1-4chrd.dat
1 15 1.5 9.4454 -16.0344 0 0 -1 -.31697 1 0 1.0024 0 0 3-16chrd.dat
1 15 -.6 9.4454 -16.0344 0 0 1 -.31697 1 0 1.0024 0 0 3-16chrd.dat
4 15 2.8 6.0854 -5.4089 2.8 4.8518 -1.5075 1.5 4.8518 -1.5075 1.5 5.4515 -3.4041
4 15 -2.3 6.0854 -5.4089 2.8 6.0854 -5.4089 1.5 5.4515 -3.4041 -2.3 5.4515 -3.4041
4 15 1.5 7.068 -8.5163 1.8 6.3707 -6.3111 .8 6.3707 -6.3111 1.1 7.068 -8.5163
4 15 -.2 6.6877 -7.3135 1.1 8.1775 -12.0248 1.1 7.068 -8.5163 .8 6.3707 -6.3111
3 15 -.2 6.6877 -7.3135 -.2 8.1775 -12.0248 1.1 8.1775 -12.0248
3 15 1.8 6.3707 -6.3111 1.5 7.068 -8.5163 1.5 8.1775 -12.0248
4 15 1.8 6.3707 -6.3111 1.5 8.1775 -12.0248 1.8 8.8431 -14.1298 2.8 6.6877 -7.3135
3 15 2.8 6.6877 -7.3135 1.8 8.8431 -14.1298 2.8 8.5261 -13.1274
3 15 1.5 8.1775 -12.0248 1.1 8.1775 -12.0248 1.8 8.8431 -14.1298
4 15 1.8 8.8431 -14.1298 1.1 8.1775 -12.0248 -.2 8.1775 -12.0248 -1.3 8.8431 -14.1298
4 15 -1.1 8.1775 -12.0248 -2.3 8.5261 -13.1274 -1.3 8.8431 -14.1298 -.2 8.1775 -12.0248
4 15 -2.3 6.4024 -6.4113 -2.3 8.5261 -13.1274 -1.1 8.1775 -12.0248 -1.1 6.4024 -6.4113
3 15 1.8 9.1284 -15.032 1.5 9.1284 -15.032 .5761 9.324 -15.6508
4 15 1.8 9.1284 -15.032 .5761 9.324 -15.6508 1 9.6672 -16.7361 2.8 9.4454 -16.0344
3 15 2.8 9.4454 -16.0344 1 9.6672 -16.7361 1.5 9.6672 -16.7361
4 15 1 9.6672 -16.7361 .5761 9.324 -15.6508 .3239 9.324 -15.6508 -.2 9.6672 -16.7361
4 15 .3239 9.324 -15.6508 -.6 9.1284 -15.032 -1 9.6672 -16.7361 -.2 9.6672 -16.7361
4 15 -1.3 9.1284 -15.032 -2.3 9.4454 -16.0344 -1 9.6672 -16.7361 -.6 9.1284 -15.032
3 15 1.5 10.9034 -20.6454 1 10.9034 -20.6454 -2.3 11.1355 -21.3792
3 15 1 10.9034 -20.6454 -.2 10.9034 -20.6454 -2.3 11.1355 -21.3792
3 15 -.2 10.9034 -20.6454 -1 10.9034 -20.6454 -2.3 11.1355 -21.3792
4 15 1.5 10.9034 -20.6454 2.8 11.1355 -21.3792 2.8 9.4454 -16.0344 1.5 9.6672 -16.7361
4 15 -.2 9.6672 -16.7361 -.2 10.9034 -20.6454 1 10.9034 -20.6454 1 9.6672 -16.7361
4 15 -2.3 9.4454 -16.0344 -2.3 11.1355 -21.3792 -1 10.9034 -20.6454 -1 9.6672 -16.7361
1 15 1.8 11.1668 -21.4474 0 0 1 .46156 1 0 -1.0024 0 0 1-4chrd.dat
1 15 -1.3 11.1668 -21.4474 -1 0 0 0 1 .46156 0 0 -1.0024 1-4chrd.dat
1 15 1.5 11.1668 -21.4474 0 0 -1 .46156 1 0 -1.0024 0 0 3-16chrd.dat
1 15 -.6 11.1668 -21.4474 0 0 1 .46156 1 0 -1.0024 0 0 3-16chrd.dat
1 15 .7 12.69 -24.7553 0 0 -1 -.46156 1 0 1.0024 0 0 1-4chrd.dat
1 15 -.3 15.1362 -30.068 0 0 1 .46156 1 0 -1.0024 0 0 1-4chrd.dat
1 15 -1.3 15.1362 -30.068 -1 0 0 0 1 .46156 0 0 -1.0024 1-4chrd.dat
4 15 4.5 18.6441 -37.6863 5.5 18.6441 -37.6863 5.5 11.1355 -21.3792 4.5 11.1355 -21.3792
4 15 -4.5 18.6441 -37.6863 -4.5 11.1355 -21.3792 -5.5 11.1355 -21.3792 -5.5 18.6441 -37.6863
4 15 -1.1 14.6747 -29.0656 -1.1 12.2284 -23.7529 -2.3 12.2284 -23.7529 -2.3 15.1362 -30.068
4 15 2.8 15.5978 -31.0704 2.8 12.2284 -23.7529 1.9 13.1054 -25.6574 1.9 15.5978 -31.0704
4 15 .5761 11.3435 -21.831 1.5 11.6284 -22.4498 1.8 11.6284 -22.4498 2.8 11.1668 -21.4474
4 15 .7 12.2284 -23.7529 .7 13.1054 -25.6574 1.9 13.1054 -25.6574 2.8 12.2284 -23.7529
4 15 -.3 12.69 -24.7553 -.3 14.6747 -29.0656 .7 13.1054 -25.6574 .7 12.2284 -23.7529
4 15 -.3 14.6747 -29.0656 -.3 15.5978 -31.0704 .7 15.1362 -30.068 .7 13.1054 -25.6574
3 15 -.3 14.6747 -29.0656 -1.1 14.6747 -29.0656 -.3 15.5978 -31.0704
4 15 -.3 15.5978 -31.0704 -1.1 14.6747 -29.0656 -2.3 15.1362 -30.068 -1.3 15.5978 -31.0704
4 15 -2.3 11.1355 -21.3792 -2.3 11.1668 -21.4474 2.8 11.1668 -21.4474 2.8 11.1355 -21.3792
4 15 -1.3 11.6284 -22.4498 -.6 11.6284 -22.4498 .3239 11.3435 -21.831 -2.3 11.1668 -21.4474
4 15 .3239 11.3435 -21.831 .5761 11.3435 -21.831 2.8 11.1668 -21.4474 -2.3 11.1668 -21.4474
4 15 -4.5 -.0959 37.494 -5.5 -.0959 37.494 -5.5 1.0367 19.0698 -4.5 1.0367 19.0698
4 15 5.5 -.0959 37.494 4.5 -.0959 37.494 4.5 1.0367 19.0698 5.5 1.0367 19.0698
4 15 2.8 4.2184 1.9087 1.5 4.2184 1.9087 1.5 4.8518 -1.5075 2.8 4.8518 -1.5075
4 15 -4.5 1.0367 19.0698 -5.5 1.0367 19.0698 -5.5 4.8518 -1.5075 -4.5 4.8518 -1.5075
4 15 5.5 1.0367 19.0698 4.5 1.0367 19.0698 4.5 4.8518 -1.5075 5.5 4.8518 -1.5075
4 15 5.5 4.8518 -1.5075 4.5 4.8518 -1.5075 4.5 11.1355 -21.3792 5.5 11.1355 -21.3792
4 15 -4.5 4.8518 -1.5075 -5.5 4.8518 -1.5075 -5.5 11.1355 -21.3792 -4.5 11.1355 -21.3792
3 15 1.5 10.9034 -20.6454 -2.3 11.1355 -21.3792 2.8 11.1355 -21.3792

5 24 -7.5 1.0367 19.0698 7.5 1.0367 19.0698 -7.5 4.8517 -1.5075 7.5 -.0343 36.4916
5 24 7.5 11.1355 -21.3792 -7.5 11.1355 -21.3792 7.5 4.8517 -1.5075 -6.5 18.6441 -37.6863
5 24 -7.5 4.8517 -1.5075 7.5 4.8517 -1.5075 -7.5 11.1355 -21.3792 7.5 1.0367 19.0698
