0 Sticker  0.7 x  3.7 with Black "THE ARTIMUS" and Diagonal Vent Grille Left
0 Name: 4614385c.dat
0 Author: Evert-Jan Boer [ejboer]
0 !LDRAW_ORG Unofficial_Part
0 !LICENSE Licensed under CC BY 4.0 : see CAreadme.txt

0 BFC CERTIFY CCW

0 !KEYWORDS City of Atlantis, Set 7985

1 4 -36.5 -.25 6.5 0 0 -1 0 1 0 1 0 0 1-4chrd.dat
1 4 -36.5 -.25 -6.5 -1 0 0 0 1 0 0 0 -1 1-4chrd.dat
1 4 36.5 -.25 -6.5 0 0 1 0 1 0 -1 0 0 1-4chrd.dat
1 4 36.5 -.25 6.5 1 0 0 0 1 0 0 0 1 1-4chrd.dat
1 4 -34 -.25 4 0 0 -1.5 0 1 0 1.5 0 0 1-4ndis.dat
1 4 -34 -.25 -4 -1.5 0 0 0 1 0 0 0 -1.5 1-4ndis.dat
1 4 -34 -.25 4 0 0 -.5 0 1 0 .5 0 0 1-4chrd.dat
1 4 -34 -.25 -4 -.5 0 0 0 1 0 0 0 -.5 1-4chrd.dat
1 4 -29.75 -.25 2.35 .92388 0 .38268 0 1 0 -.38268 0 .92388 2-4ndis.dat
1 4 -31.85 -.25 -2.15 -.92388 0 -.38268 0 1 0 .38268 0 -.92388 2-4ndis.dat
1 4 -26.35 -.25 2.35 .92388 0 .38268 0 1 0 -.38268 0 .92388 2-4ndis.dat
1 4 -22.95 -.25 2.35 .92388 0 .38268 0 1 0 -.38268 0 .92388 2-4ndis.dat
1 4 -28.45 -.25 -2.15 -.92388 0 -.38268 0 1 0 .38268 0 -.92388 2-4ndis.dat
1 4 -25.05 -.25 -2.15 -.92388 0 -.38268 0 1 0 .38268 0 -.92388 2-4ndis.dat
4 4 -36.5 -.25 7.5 -30 -.25 5.5 -23 -.25 5.5 -23 -.25 7.5
4 4 -23 -.25 5.5 -2 -.25 5.5 -2 -.25 7.5 -23 -.25 7.5
4 4 -2 -.25 5.5 19 -.25 5.5 19 -.25 7.5 -2 -.25 7.5
3 4 -2 -.25 4.5 -12.9 -.25 2.5 -10.7 -.25 2.5
3 4 -2 -.25 4.5 -13.8 -.25 2.5 -12.9 -.25 2.5
3 4 -2 -.25 4.5 -6.8 -.25 2.5 -2.9 -.25 2.5
3 4 -2 -.25 4.5 -7.5 -.25 2.5 -6.8 -.25 2.5
3 4 -2 -.25 4.5 -9.7 -.25 2.5 -7.5 -.25 2.5
3 4 -2 -.25 4.5 -10.7 -.25 2.5 -9.7 -.25 2.5
4 4 -23 -.25 4.5 -18 -.25 2.5 -13.8 -.25 2.5 -2 -.25 4.5
3 4 -2 -.25 4.5 1.2 -.25 2.5 1.8 -.25 2.5
4 4 -2 -.25 4.5 1.8 -.25 2.5 4.6 -.25 1.9 4.6 -.25 2.5
3 4 -2 -.25 4.5 4.6 -.25 2.5 7.7 -.25 2.5
4 4 9.6 -.25 2.5 19 -.25 4.5 -2 -.25 4.5 7.7 -.25 2.5
4 4 19 -.25 4.5 17 -.25 2.5 17 -.25 1.9 17.6 -.25 2.5
3 4 19 -.25 4.5 14.5 -.25 2.5 17 -.25 2.5
3 4 9.6 -.25 2.5 7.7 -.25 2.5 8.1 -.25 2.35
3 4 19 -.25 4.5 13.8 -.25 2.5 14.5 -.25 2.5
3 4 19 -.25 4.5 19.7 -.25 2.5 21.9 -.25 2.5
3 4 19 -.25 4.5 21.9 -.25 2.5 23.5 -.25 2.5
3 4 19 -.25 4.5 23.5 -.25 2.5 24.4 -.25 2.5
3 4 19 -.25 4.5 26.7 -.25 2.5 28.3 -.25 2.5
4 4 28.3 -.25 2.5 29.8 -.25 2.5 37.5 -.25 4.5 19 -.25 4.5
4 4 -12.9 -.25 2.5 -13.8 -.25 2.5 -13.8 -.25 1.5 -12.9 -.25 2
4 4 -9.7 -.25 2 -9.7 -.25 2.5 -10.7 -.25 2.5 -10.7 -.25 2
4 4 -6.8 -.25 2 -6.8 -.25 2.5 -7.5 -.25 2.5 -7.5 -.25 2
4 4 24.4 -.25 2 24.4 -.25 2.5 23.5 -.25 2.5 23.5 -.25 2
4 4 26.7 -.25 2.5 26.7 -.25 2 28.3 -.25 2 28.3 -.25 2.5
4 4 14.5 -.25 2.5 13.8 -.25 2.5 13.8 -.25 1.5 14.5 -.25 1.9
3 4 17.6 -.25 2.5 17 -.25 1.9 17.6 -.25 1.9
4 4 -21.6434 -.25 2.8912 -18 -.25 1.5 -18 -.25 2.5 -23 -.25 4.5
3 4 -16.4 -.25 2 -17.7 -.25 2 -17.7 -.25 1.5
4 4 -14.1 -.25 2 -15.4 -.25 2 -15.4 -.25 -2.1 -14.1 -.25 1.5
4 4 -3.4 -.25 2 -5 -.25 2 -3.7 -.25 .9 -3.4 -.25 1.5
4 4 9.9 -.25 2 9.9 -.25 1.5 11.2 -.25 -2.1 11.2 -.25 2
3 4 13.5 -.25 2 12.2 -.25 2 13.5 -.25 1.5
4 4 12.9 -.25 -2.1 13.5 -.25 1.5 12.2 -.25 2 12.2 -.25 -2.1
4 4 -3.7 -.25 .9 -3.3 -.25 .9 -2.9 -.25 1.5 -3.4 -.25 1.5
3 4 37.5 -.25 4.5 33.6 -.25 2 33.6 -.25 .9
3 4 -10.7 -.25 2 -11.1 -.25 2 -11.1 -.25 .5
3 4 -9.3 -.25 2 -9.7 -.25 2 -9.3 -.25 .5
4 4 -10.7 -.25 2 -11.1 -.25 .5 -9.3 -.25 .5 -9.7 -.25 2
4 4 -3.7 -.25 .4 -3.7 -.25 .9 -5 -.25 2 -5 -.25 .4
4 4 35.5 -.25 .5 35.5 -.25 -.5 37.5 -.25 -4.5 37.5 -.25 4.5
4 4 21.9 -.25 2.5 19.7 -.25 2.5 20.9 -.25 -1 21.9 -.25 2
3 4 22.2 -.25 2 21.9 -.25 2 20.9 -.25 -1
3 4 -3.7 -.25 -.7 -5 -.25 -.7 -3.7 -.25 -1.2
4 4 -3.4 -.25 -1.6 -3.7 -.25 -1.2 -5 -.25 -.7 -5 -.25 -2.1
4 4 23.5 -.25 2 23.2 -.25 2 23.6 -.25 -2.1 24.9 -.25 -1.3
3 4 24.4 -.25 2 23.5 -.25 2 24.9 -.25 -1.3
3 4 24.9 -.25 2 24.4 -.25 2 24.9 -.25 -1.3
4 4 -3.7 -.25 -1.2 -3.4 -.25 -1.6 -2.9 -.25 -1.6 -3.3 -.25 -1.2
4 4 -3.3 -.25 .9 -3.3 -.25 -1.2 -2.9 -.25 -1.6 -2.9 -.25 1.5
4 4 -18.6 -.25 -.5 -17.1 -.25 -2.1 -18 -.25 1.5 -18.6 -.25 .5
3 4 -17.7 -.25 1.5 -18 -.25 1.5 -17.1 -.25 -2.1
4 4 -16.4 -.25 2 -17.7 -.25 1.5 -17.1 -.25 -2.1 -16.4 -.25 -2.1
3 4 -14.1 -.25 1.5 -15.4 -.25 -2.1 -14.7 -.25 -2.1
4 4 -14.7 -.25 -2.1 -12.9 -.25 -2.1 -13.8 -.25 1.5 -14.1 -.25 1.5
4 4 -12.9 -.25 -2.1 -12.5 -.25 -2.1 -12.9 -.25 2 -13.8 -.25 1.5
3 4 -12.5 -.25 2 -12.9 -.25 2 -12.5 -.25 -2.1
3 4 -11.1 -.25 -.4 -11.1 -.25 -2.1 -10.7 -.25 -2.1
4 4 -9.7 -.25 -2.1 -9.3 -.25 -.4 -11.1 -.25 -.4 -10.7 -.25 -2.1
3 4 -9.3 -.25 -.4 -9.7 -.25 -2.1 -9.3 -.25 -2.1
4 4 -7.9 -.25 2 -7.9 -.25 -2.1 -7.5 -.25 -2.1 -7.5 -.25 2
4 4 -6.8 -.25 -2.1 -6.8 -.25 2 -7.5 -.25 2 -7.5 -.25 -2.1
4 4 -6.4 -.25 -2.1 -6.4 -.25 2 -6.8 -.25 2 -6.8 -.25 -2.1
3 4 -3.4 -.25 -1.6 -5 -.25 -2.1 -3.4 -.25 -2.1
4 4 -.5 -.25 -2.1 1.2 -.25 2.5 -2 -.25 4.5 -1 -.25 -2.1
3 4 1.8 -.25 2.5 3.5 -.25 -2.1 4.6 -.25 1.9
3 4 5 -.25 1.9 4.6 -.25 -2.1 5 -.25 -2.1
4 4 3.9 -.25 -2.6 4.6 -.25 -2.1 5 -.25 1.9 3.9 -.25 -2.1
4 4 3.5 -.25 -2.1 3.9 -.25 -2.1 5 -.25 1.9 4.6 -.25 1.9
3 4 6.2 -.25 -.6 6.2 -.25 -2.1 6.7 -.25 -2.1
4 4 6.2 -.25 -.6 6.7 -.25 -2.1 7.7 -.25 -2.1 7.1 -.25 -.6
3 4 7.1 -.25 -.6 7.7 -.25 -2.1 8 -.25 -2.1
3 4 9.9 -.25 1.5 9.6 -.25 1.5 11.2 -.25 -2.1
4 4 13.5 -.25 1.5 12.9 -.25 -2.1 14.7 -.25 -2.1 13.8 -.25 1.5
3 4 14.5 -.25 1.9 13.8 -.25 1.5 14.7 -.25 -2.1
4 4 15.4 -.25 -2.1 15.4 -.25 1.9 14.5 -.25 1.9 14.7 -.25 -2.1
4 4 16.2 -.25 1.9 16.2 -.25 -2.1 17 -.25 -2.1 17 -.25 1.9
4 4 17 -.25 1.9 17 -.25 -2.1 17.6 -.25 -2.1 17.6 -.25 1.9
4 4 17.6 -.25 1.9 17.6 -.25 -2.1 18 -.25 -2.1 18 -.25 1.9
3 4 19.081 -.25 .299 19.081 -.25 -2.1 19.3 -.25 -2.1
3 4 22.2 -.25 .9 21.9 -.25 -2.1 22.2 -.25 -2.1
3 4 23.2 -.25 2 23.2 -.25 -2.1 23.6 -.25 -2.1
3 4 -18.6 -.25 -.5 -17.1 -.25 -2.6 -17.1 -.25 -2.1
4 4 -14.7 -.25 -2.1 -14.7 -.25 -2.6 -12.9 -.25 -2.6 -12.9 -.25 -2.1
4 4 -9.7 -.25 -2.6 -9.7 -.25 -2.1 -10.7 -.25 -2.1 -10.7 -.25 -2.6
4 4 -7.5 -.25 -2.1 -7.5 -.25 -2.6 -6.8 -.25 -2.6 -6.8 -.25 -2.1
4 4 .6 -.25 -2.6 1.9 -.25 -2.6 1.9 -.25 -2.1 .6 -.25 -2.1
3 4 4.6 -.25 -2.1 3.9 -.25 -2.6 4.6 -.25 -2.6
4 4 6.7 -.25 -2.1 6.7 -.25 -2.6 7.7 -.25 -2.6 7.7 -.25 -2.1
4 4 9.2 -.25 -2.1 9.2 -.25 -2.6 10.5 -.25 -2.6 10.5 -.25 -2.1
4 4 12.9 -.25 -2.1 12.9 -.25 -2.6 14.7 -.25 -2.6 14.7 -.25 -2.1
4 4 17.6 -.25 -2.6 17.6 -.25 -2.1 17 -.25 -2.1 17 -.25 -2.6
3 4 19.081 -.25 .299 19.3 -.25 -2.1 20.2 -.25 -2.6
3 4 19.3 -.25 -2.1 19.3 -.25 -2.6 20.2 -.25 -2.6
4 4 21.9 -.25 -2.1 20.9 -.25 -2.6 19 -.25 -4.5 21.9 -.25 -2.6
3 4 22.2 -.25 .9 20.9 -.25 -2.6 21.9 -.25 -2.1
4 4 23.6 -.25 -2.1 23.6 -.25 -2.6 24.975 -.25 -1.7 24.9 -.25 -1.3
4 4 -17.1 -.25 -2.6 -18.6 -.25 -.5 -19.7 -.25 -.5 -23 -.25 -4.5
3 4 -12.9 -.25 -2.6 -14.7 -.25 -2.6 -23 -.25 -4.5
4 4 -12.9 -.25 -2.6 -23 -.25 -4.5 -2 -.25 -4.5 -10.7 -.25 -2.6
3 4 -6.8 -.25 -2.6 -7.5 -.25 -2.6 -2 -.25 -4.5
3 4 -7.5 -.25 -2.6 -9.7 -.25 -2.6 -2 -.25 -4.5
3 4 -9.7 -.25 -2.6 -10.7 -.25 -2.6 -2 -.25 -4.5
3 4 -2.9 -.25 -2.6 -6.8 -.25 -2.6 -2 -.25 -4.5
4 4 -1 -.25 -2.6 -1 -.25 -2.1 -2 -.25 4.5 -2 -.25 -4.5
3 4 .6 -.25 -2.6 -1 -.25 -2.6 -2 -.25 -4.5
3 4 1.9 -.25 -2.6 .6 -.25 -2.6 -2 -.25 -4.5
3 4 3.9 -.25 -2.6 1.9 -.25 -2.6 -2 -.25 -4.5
3 4 4.6 -.25 -2.6 3.9 -.25 -2.6 -2 -.25 -4.5
3 4 7.7 -.25 -2.6 6.7 -.25 -2.6 -2 -.25 -4.5
4 4 9.2 -.25 -2.6 7.7 -.25 -2.6 -2 -.25 -4.5 19 -.25 -4.5
3 4 14.7 -.25 -2.6 12.9 -.25 -2.6 19 -.25 -4.5
3 4 17 -.25 -2.6 14.7 -.25 -2.6 19 -.25 -4.5
3 4 17.6 -.25 -2.6 17 -.25 -2.6 19 -.25 -4.5
3 4 10.5 -.25 -2.6 9.2 -.25 -2.6 19 -.25 -4.5
3 4 20.2 -.25 -2.6 19.3 -.25 -2.6 19 -.25 -4.5
3 4 20.9 -.25 -2.6 20.2 -.25 -2.6 19 -.25 -4.5
3 4 23.6 -.25 -2.6 21.9 -.25 -2.6 19 -.25 -4.5
4 4 -36.5 -.25 -7.5 -23 -.25 -7.5 -23 -.25 -5.5 -30 -.25 -5.5
4 4 -23 -.25 -7.5 -2 -.25 -7.5 -2 -.25 -5.5 -23 -.25 -5.5
4 4 -2 -.25 -7.5 19 -.25 -7.5 19 -.25 -5.5 -2 -.25 -5.5
3 4 -14.7 -.25 -2.6 -17.1 -.25 -2.6 -23 -.25 -4.5
3 4 -2 -.25 4.5 -2.9 -.25 2.5 -2.9 -.25 1.5
3 4 -2.9 -.25 -1.6 -2.9 -.25 -2.6 -2 -.25 -4.5
4 4 -2.9 -.25 1.5 -2.9 -.25 -1.6 -2 -.25 -4.5 -2 -.25 4.5
3 4 .5645 -.25 -.9 .1 -.25 -2.1 .6 -.25 -2.1
4 4 1.9 -.25 -2.1 1.9129 -.25 -.9 .5645 -.25 -.9 .6 -.25 -2.1
3 4 1.9129 -.25 -.9 1.9 -.25 -2.1 2.3 -.25 -2.1
3 4 1.3 -.25 1 .7968 -.25 -.3 1.7194 -.25 -.3
3 4 6.7 -.25 -2.6 4.6 -.25 -2.6 -2 -.25 -4.5
4 4 7.3 -.25 1.9 6.2 -.25 1.9 7.65 -.25 1.6 7.5 -.25 1.8
3 4 6.2 -.25 1.9 7.7 -.25 1.35 7.65 -.25 1.6
4 4 7.7 -.25 1.35 6.2 -.25 1.9 7.65 -.25 .7 7.7 -.25 1
4 4 7.65 -.25 .7 6.2 -.25 1.9 7.3 -.25 .2 7.5 -.25 .4
4 4 7.3 -.25 .2 6.2 -.25 1.9 6.2 -.25 .1 7 -.25 .1
3 4 9.6 -.25 2.5 8.1 -.25 2.35 8.3 -.25 2.15
3 4 9.6 -.25 2.5 8.3 -.25 2.15 8.45 -.25 1.9
4 4 8.45 -.25 1.9 8.55 -.25 1.6 9.6 -.25 1.5 9.6 -.25 2.5
3 4 8.55 -.25 1.6 8.6 -.25 1.25 9.6 -.25 1.5
3 4 9.6 -.25 1.5 8.6 -.25 1.25 8.6 -.25 .9
3 4 9.6 -.25 1.5 8.6 -.25 .9 8.5 -.25 .55
4 4 11.2 -.25 -2.1 9.6 -.25 1.5 8.5 -.25 .55 10.5 -.25 -2.1
3 4 8.5 -.25 .55 8.3 -.25 .2 10.5 -.25 -2.1
3 4 8.3 -.25 .2 8.1 -.25 -.05 10.5 -.25 -2.1
4 4 9.2 -.25 -2.1 10.5 -.25 -2.1 8.1 -.25 -.05 7.8 -.25 -.3
3 4 7.8 -.25 -.3 8.9 -.25 -2.1 9.2 -.25 -2.1
3 4 12.9 -.25 -2.6 10.5 -.25 -2.6 19 -.25 -4.5
3 4 19 -.25 4.5 9.6 -.25 2.5 13.8 -.25 2.5
3 4 19.3 -.25 -2.6 17.6 -.25 -2.6 19 -.25 -4.5
3 4 19 -.25 4.5 17.6 -.25 2.5 19.7 -.25 2.5
3 4 19 -.25 4.5 24.4 -.25 2.5 26.7 -.25 2.5
4 4 26.15 -.25 -2.55 25.6 -.25 -2.4 23.6 -.25 -2.6 19 -.25 -4.5
3 4 25.2 -.25 -2.1 23.6 -.25 -2.6 25.6 -.25 -2.4
3 4 24.975 -.25 -1.7 23.6 -.25 -2.6 25.2 -.25 -2.1
3 4 26.15 -.25 -2.55 19 -.25 -4.5 26.65 -.25 -2.6
3 4 27.1 -.25 -2.6 26.65 -.25 -2.6 19 -.25 -4.5
4 4 29.3 -.25 -1.1 29.275 -.25 -1.45 30.1 -.25 -2 30.1 -.25 -.9
3 4 29.275 -.25 -1.45 29.225 -.25 -1.8 30.1 -.25 -2
3 4 29.225 -.25 -1.8 29.1 -.25 -2.05 30.1 -.25 -2
3 4 30.1 -.25 -2 29.1 -.25 -2.05 28.95 -.25 -2.25
4 4 28.95 -.25 -2.25 28.65 -.25 -2.45 30.8 -.25 -2.2 30.1 -.25 -2
4 4 27.7 -.25 -2.6 37.5 -.25 -4.5 31.5 -.25 -2.6 28.25 -.25 -2.55
4 4 19 -.25 -4.5 37.5 -.25 -4.5 27.7 -.25 -2.6 27.1 -.25 -2.6
3 4 26.7 -.25 2 26.1 -.25 2 26.1 -.25 -1.1
3 4 28.3 -.25 2 26.7 -.25 2 26.1 -.25 -1.1
4 4 26.1 -.25 -1.1 26.125 -.25 -1.4 26.3 -.25 -1.7 28.3 -.25 2
4 4 26.3 -.25 -1.7 26.6 -.25 -1.9 26.9 -.25 -2 28.3 -.25 2
4 4 26.9 -.25 -2 27.5 -.25 -2.05 28.1 -.25 -2 28.3 -.25 2
3 4 28.3 -.25 2 28.1 -.25 -2 28.4 -.25 -1.9
4 4 28.775 -.25 -1.35 28.3 -.25 2 28.4 -.25 -1.9 28.65 -.25 -1.675
4 4 28.775 -.25 -1.35 28.8 -.25 -1.1 28.8 -.25 2 28.3 -.25 2
4 4 31 -.25 1.1 31.2 -.25 .8 33.2 -.25 .9 33.2 -.25 1.2
4 4 31 -.25 1.1 33.2 -.25 1.2 32.75 -.25 1.7 31 -.25 1.4
4 4 31 -.25 1.4 32.75 -.25 1.7 31.25 -.25 1.85 31.1 -.25 1.7
4 4 31.65 -.25 2.05 31.25 -.25 1.85 32.75 -.25 1.7 32.45 -.25 1.9
3 4 32 -.25 2.05 31.65 -.25 2.05 32.45 -.25 1.9
4 4 30.5 -.25 -.9 30.5 -.25 -1.15 32.7 -.25 -1.05 32.5 -.25 -.8
3 4 32.7 -.25 -1.05 30.5 -.25 -1.15 32.7 -.25 -1.4
4 4 30.85 -.25 -1.7 32.6 -.25 -1.7 32.7 -.25 -1.4 30.5 -.25 -1.15
4 4 32.6 -.25 -1.7 30.85 -.25 -1.7 31.15 -.25 -1.95 32.45 -.25 -1.9
4 4 31.65 -.25 -2.1 32 -.25 -2.1 32.45 -.25 -1.9 31.15 -.25 -1.95
4 4 30.1 -.25 -.9 30.5 -.25 -.9 32.5 -.25 -.8 30.6 -.25 .1
4 4 30.1 -.25 -.9 30.6 -.25 .1 30.3 -.25 .4 29.3 -.25 -1.1
3 4 30.15 -.25 .7 29.3 -.25 -1.1 30.3 -.25 .4
4 4 30.15 -.25 .7 30.1 -.25 1.05 29.3 -.25 2 29.3 -.25 -1.1
4 4 30.1 -.25 1.05 30.1 -.25 1.4 29.8 -.25 2 29.3 -.25 2
3 4 29.8 -.25 2 30.1 -.25 1.4 30.25 -.25 1.8
3 4 30.5 -.25 2.1 29.8 -.25 2 30.25 -.25 1.8
4 4 29.8 -.25 2 30.5 -.25 2.1 30.9 -.25 2.35 29.8 -.25 2.5
4 4 30.9 -.25 2.35 31.45 -.25 2.5 37.5 -.25 4.5 29.8 -.25 2.5
3 4 32.9 -.25 2.15 33.2 -.25 1.8 33.2 -.25 2
4 4 33.2 -.25 2 33.6 -.25 2 37.5 -.25 4.5 32.9 -.25 2.15
3 4 37.5 -.25 4.5 32.6 -.25 2.35 32.9 -.25 2.15
3 4 37.5 -.25 4.5 32.2 -.25 2.5 32.6 -.25 2.35
3 4 37.5 -.25 4.5 31.45 -.25 2.5 32.2 -.25 2.5
3 4 33.2 -.25 .9 31.2 -.25 .8 33.1 -.25 -.1
4 4 34.4 -.25 .5 33.6 -.25 .9 33.2 -.25 .9 33.1 -.25 -.1
4 4 33.1 -.25 -.1 33.4 -.25 -.4 34.4 -.25 -.5 34.4 -.25 .5
3 4 33.4 -.25 -.4 33.55 -.25 -.7 34.4 -.25 -.5
3 4 34.4 -.25 -.5 33.55 -.25 -.7 33.6 -.25 -1.1
4 4 33.6 -.25 -1.1 33.6 -.25 -1.5 37.5 -.25 -4.5 34.4 -.25 -.5
3 4 33.6 -.25 -1.5 33.45 -.25 -1.85 37.5 -.25 -4.5
3 4 33.45 -.25 -1.85 33.25 -.25 -2.15 37.5 -.25 -4.5
3 4 33.25 -.25 -2.15 32.8 -.25 -2.45 37.5 -.25 -4.5
3 4 32.8 -.25 -2.45 32.2 -.25 -2.6 37.5 -.25 -4.5
3 4 32.2 -.25 -2.6 31.5 -.25 -2.6 37.5 -.25 -4.5
4 4 28.25 -.25 -2.55 31.5 -.25 -2.6 31.1 -.25 -2.45 28.65 -.25 -2.45
3 4 30.8 -.25 -2.2 28.65 -.25 -2.45 31.1 -.25 -2.45
3 4 30.5 -.25 -2 30.1 -.25 -2 30.8 -.25 -2.2
3 4 30.5 -.25 -1.8 30.5 -.25 -2 30.8 -.25 -2.2
4 4 33.6 -.25 .9 34.4 -.25 .5 35.5 -.25 .5 37.5 -.25 4.5
3 4 35.5 -.25 -.5 34.4 -.25 -.5 37.5 -.25 -4.5
4 4 -35.5 -.25 4 -35.5 -.25 5.5 -36.5 -.25 7.5 -37.5 -.25 6.5
4 4 -35.5 -.25 4 -37.5 -.25 6.5 -37.5 -.25 -6.5 -35.5 -.25 -4
3 4 -35.5 -.25 -4 -37.5 -.25 -6.5 -35.5 -.25 -5.5
4 4 -37.5 -.25 -6.5 -36.5 -.25 -7.5 -34 -.25 -5.5 -35.5 -.25 -5.5
3 4 -30 -.25 -5.5 -34 -.25 -5.5 -36.5 -.25 -7.5
3 4 -36.5 -.25 7.5 -35.5 -.25 5.5 -34 -.25 5.5
3 4 -36.5 -.25 7.5 -34 -.25 5.5 -30 -.25 5.5
3 4 19 -.25 -5.5 19 -.25 -7.5 36.5 -.25 -7.5
4 4 36.5 -.25 -7.5 37.5 -.25 -6.5 37.5 -.25 -5.5 19 -.25 -5.5
3 4 36.5 -.25 7.5 19 -.25 7.5 37.5 -.25 6.5
4 4 19 -.25 5.5 37.5 -.25 5.5 37.5 -.25 6.5 19 -.25 7.5
4 4 -30.6739 -.25 2.7327 -30.2912 -.25 3.6566 -34 -.25 4.5 -34.5 -.25 4
4 4 -34.5 -.25 -4 -34 -.25 -4.5 -32.2327 -.25 -3.0739 -33.1566 -.25 -2.6912
4 4 -30 -.25 -4.5 -31.3088 -.25 -3.4566 -32.2327 -.25 -3.0739 -34 -.25 -4.5
4 4 -28.8327 -.25 -3.0739 -29.7566 -.25 -2.6912 -31.3088 -.25 -3.4566 -30 -.25 -4.5
4 4 -31.3088 -.25 -3.4566 -29.7566 -.25 -2.6912 -29.3739 -.25 -1.7673 -30.9261 -.25 -2.5327
4 4 -30.9261 -.25 -2.5327 -29.3739 -.25 -1.7673 -27.2739 -.25 2.7327 -28.8261 -.25 1.9673
3 4 -28.4434 -.25 2.8912 -28.8261 -.25 1.9673 -27.2739 -.25 2.7327
4 4 -29.3673 -.25 3.2739 -28.4434 -.25 2.8912 -27.2739 -.25 2.7327 -26.8912 -.25 3.6566
3 4 -30 -.25 4.5 -34 -.25 4.5 -30.2912 -.25 3.6566
4 4 -30.2912 -.25 3.6566 -29.3673 -.25 3.2739 -26.8912 -.25 3.6566 -30 -.25 4.5
3 4 -23 -.25 4.5 -30 -.25 4.5 -26.8912 -.25 3.6566
3 4 -23 -.25 4.5 -26.8912 -.25 3.6566 -25.9673 -.25 3.2739
4 4 -25.9673 -.25 3.2739 -25.0434 -.25 2.8912 -23.4912 -.25 3.6566 -23 -.25 4.5
3 4 -23 -.25 4.5 -23.4912 -.25 3.6566 -22.5673 -.25 3.2739
3 4 -23 -.25 4.5 -22.5673 -.25 3.2739 -21.6434 -.25 2.8912
3 4 -18 -.25 1.5 -19.7 -.25 .5 -18.6 -.25 .5
4 4 -18 -.25 1.5 -21.6434 -.25 2.8912 -22.0261 -.25 1.9673 -19.7 -.25 .5
4 4 -19.7 -.25 .5 -22.0261 -.25 1.9673 -24.1261 -.25 -2.5327 -19.7 -.25 -.5
4 4 -24.5088 -.25 -3.4566 -23 -.25 -4.5 -19.7 -.25 -.5 -24.1261 -.25 -2.5327
4 4 -23.4912 -.25 3.6566 -25.0434 -.25 2.8912 -25.4261 -.25 1.9673 -23.8739 -.25 2.7327
4 4 -27.5261 -.25 -2.5327 -25.9739 -.25 -1.7673 -23.8739 -.25 2.7327 -25.4261 -.25 1.9673
3 4 -25.9739 -.25 -1.7673 -27.5261 -.25 -2.5327 -26.3566 -.25 -2.6912
3 4 -28.8327 -.25 -3.0739 -30 -.25 -4.5 -27.9088 -.25 -3.4566
3 4 -27.9088 -.25 -3.4566 -30 -.25 -4.5 -23 -.25 -4.5
4 4 -23 -.25 -4.5 -24.5088 -.25 -3.4566 -25.4327 -.25 -3.0739 -27.9088 -.25 -3.4566
4 4 -27.5261 -.25 -2.5327 -27.9088 -.25 -3.4566 -25.4327 -.25 -3.0739 -26.3566 -.25 -2.6912
4 4 -34.5 -.25 -4 -33.1566 -.25 -2.6912 -32.7739 -.25 -1.7673 -34.5 -.25 4
3 4 -34.5 -.25 4 -32.7739 -.25 -1.7673 -30.6739 -.25 2.7327
1 15 -34 -.25 4 0 0 -.5 0 1 0 .5 0 0 1-4ring1.dat
1 15 -34 -.25 -4 -.5 0 0 0 1 0 0 0 -.5 1-4ring1.dat
1 15 -34 -.25 -4 -.5 0 0 0 1 0 0 0 -.5 1-4ring2.dat
1 15 -34 -.25 4 0 0 -.5 0 1 0 .5 0 0 1-4ring2.dat
4 15 -30 -.25 5.5 -30 -.25 4.5 -23 -.25 4.5 -23 -.25 5.5
4 15 -23 -.25 4.5 -2 -.25 4.5 -2 -.25 5.5 -23 -.25 5.5
4 15 -2 -.25 4.5 19 -.25 4.5 19 -.25 5.5 -2 -.25 5.5
4 15 37.5 -.25 5.5 19 -.25 5.5 19 -.25 4.5 37.5 -.25 4.5
4 15 -30 -.25 -4.5 -30 -.25 -5.5 -23 -.25 -5.5 -23 -.25 -4.5
4 15 -23 -.25 -5.5 -2 -.25 -5.5 -2 -.25 -4.5 -23 -.25 -4.5
4 15 -2 -.25 -5.5 19 -.25 -5.5 19 -.25 -4.5 -2 -.25 -4.5
4 15 37.5 -.25 -4.5 19 -.25 -4.5 19 -.25 -5.5 37.5 -.25 -5.5
4 15 -34 -.25 5.5 -34 -.25 5 -30 -.25 4.5 -30 -.25 5.5
3 15 -34 -.25 5 -34 -.25 4.5 -30 -.25 4.5
4 15 -35.5 -.25 4 -35.5 -.25 -4 -35 -.25 -4 -35 -.25 4
4 15 -35 -.25 -4 -34.5 -.25 -4 -34.5 -.25 4 -35 -.25 4
4 15 -34 -.25 -4.5 -34 -.25 -5 -30 -.25 -5.5 -30 -.25 -4.5
3 15 -34 -.25 -5 -34 -.25 -5.5 -30 -.25 -5.5
1 71 -29.75 -.25 2.35 .55433 0 .22961 0 1 0 -.22961 0 .55433 2-4chrd.dat
1 71 -31.85 -.25 -2.15 -.55433 0 -.22961 0 1 0 .22961 0 -.55433 2-4chrd.dat
1 71 -26.35 -.25 2.35 .55433 0 .22961 0 1 0 -.22961 0 .55433 2-4chrd.dat
1 71 -22.95 -.25 2.35 .55433 0 .22961 0 1 0 -.22961 0 .55433 2-4chrd.dat
1 71 -28.45 -.25 -2.15 -.55433 0 -.22961 0 1 0 .22961 0 -.55433 2-4chrd.dat
1 71 -25.05 -.25 -2.15 -.55433 0 -.22961 0 1 0 .22961 0 -.55433 2-4chrd.dat
4 71 -32.4043 -.25 -1.9204 -31.29567 -.25 -2.37961 -29.19567 -.25 2.12039 -30.3043 -.25 2.5796
4 71 -29.0043 -.25 -1.9204 -27.89567 -.25 -2.37961 -25.79567 -.25 2.12039 -26.9043 -.25 2.5796
4 71 -25.6043 -.25 -1.9204 -24.49567 -.25 -2.37961 -22.39567 -.25 2.12039 -23.5043 -.25 2.5796
1 0 -29.75 -.25 2.35 .13858 0 .0574 0 1 0 -.0574 0 .13858 2-4ring4.dat
1 0 -29.75 -.25 2.35 .23097 0 .09567 0 1 0 -.09567 0 .23097 2-4ring3.dat
1 0 -31.85 -.25 -2.15 -.23097 0 -.09567 0 1 0 .09567 0 -.23097 2-4ring3.dat
1 0 -31.85 -.25 -2.15 -.13858 0 -.0574 0 1 0 .0574 0 -.13858 2-4ring4.dat
1 0 -26.35 -.25 2.35 .23097 0 .09567 0 1 0 -.09567 0 .23097 2-4ring3.dat
1 0 -22.95 -.25 2.35 .23097 0 .09567 0 1 0 -.09567 0 .23097 2-4ring3.dat
1 0 -26.35 -.25 2.35 .13858 0 .0574 0 1 0 -.0574 0 .13858 2-4ring4.dat
1 0 -22.95 -.25 2.35 .13858 0 .0574 0 1 0 -.0574 0 .13858 2-4ring4.dat
1 0 -28.45 -.25 -2.15 -.13858 0 -.0574 0 1 0 .0574 0 -.13858 2-4ring4.dat
1 0 -25.05 -.25 -2.15 -.13858 0 -.0574 0 1 0 .0574 0 -.13858 2-4ring4.dat
1 0 -28.45 -.25 -2.15 -.23097 0 -.09567 0 1 0 .09567 0 -.23097 2-4ring3.dat
1 0 -25.05 -.25 -2.15 -.23097 0 -.09567 0 1 0 .09567 0 -.23097 2-4ring3.dat
3 0 -18 -.25 2.5 -17.7 -.25 2 -16.4 -.25 2
3 0 -13.8 -.25 2.5 -15.4 -.25 2 -14.1 -.25 2
4 0 -16.4 -.25 2 -15.4 -.25 2 -13.8 -.25 2.5 -18 -.25 2.5
3 0 -12.9 -.25 2.5 -12.9 -.25 2 -12.5 -.25 2
4 0 -12.9 -.25 2.5 -12.5 -.25 2 -11.1 -.25 2 -10.7 -.25 2.5
3 0 -10.7 -.25 2.5 -11.1 -.25 2 -10.7 -.25 2
3 0 -9.7 -.25 2.5 -9.7 -.25 2 -9.3 -.25 2
3 0 -9.7 -.25 2.5 -9.3 -.25 2 -7.9 -.25 2
4 0 -9.7 -.25 2.5 -7.9 -.25 2 -7.5 -.25 2 -7.5 -.25 2.5
3 0 -6.8 -.25 2.5 -6.8 -.25 2 -6.4 -.25 2
4 0 -6.8 -.25 2.5 -6.4 -.25 2 -5 -.25 2 -2.9 -.25 2.5
3 0 -2.9 -.25 2.5 -5 -.25 2 -3.4 -.25 2
3 0 9.6 -.25 2.5 9.9 -.25 2 11.2 -.25 2
3 0 13.8 -.25 2.5 12.2 -.25 2 13.5 -.25 2
3 0 21.9 -.25 2.5 21.9 -.25 2 22.2 -.25 2
3 0 21.9 -.25 2.5 22.2 -.25 2 23.2 -.25 2
4 0 21.9 -.25 2.5 23.2 -.25 2 23.5 -.25 2 23.5 -.25 2.5
3 0 24.4 -.25 2.5 24.4 -.25 2 24.9 -.25 2
4 0 26.7 -.25 2 26.7 -.25 2.5 24.4 -.25 2.5 26.1 -.25 2
3 0 28.3 -.25 2.5 28.3 -.25 2 28.8 -.25 2
3 0 28.3 -.25 2.5 28.8 -.25 2 29.3 -.25 2
4 0 29.8 -.25 2 29.8 -.25 2.5 28.3 -.25 2.5 29.3 -.25 2
3 0 4.6 -.25 2.5 4.6 -.25 1.9 5 -.25 1.9
3 0 4.6 -.25 2.5 5 -.25 1.9 6.2 -.25 1.9
4 0 7.3 -.25 1.9 7.7 -.25 2.5 4.6 -.25 2.5 6.2 -.25 1.9
3 0 14.5 -.25 2.5 14.5 -.25 1.9 15.4 -.25 1.9
4 0 14.5 -.25 2.5 15.4 -.25 1.9 16.2 -.25 1.9 17 -.25 2.5
3 0 17 -.25 2.5 16.2 -.25 1.9 17 -.25 1.9
4 0 17.6 -.25 1.9 18 -.25 1.9 19.7 -.25 2.5 17.6 -.25 2.5
3 0 33.6 -.25 2 33.2 -.25 2 33.2 -.25 1.8
4 0 -18 -.25 1.5 -17.7 -.25 1.5 -17.7 -.25 2 -18 -.25 2.5
4 0 -14.1 -.25 2 -14.1 -.25 1.5 -13.8 -.25 1.5 -13.8 -.25 2.5
4 0 9.9 -.25 2 9.6 -.25 2.5 9.6 -.25 1.5 9.9 -.25 1.5
4 0 13.8 -.25 1.5 13.8 -.25 2.5 13.5 -.25 2 13.5 -.25 1.5
3 0 33.6 -.25 2 33.2 -.25 1.8 33.2 -.25 1.2
3 0 23.2 -.25 2 22.2 -.25 2 22.2 -.25 .9
4 0 22.2 -.25 -2.1 23.2 -.25 -2.1 23.2 -.25 2 22.2 -.25 .9
4 0 33.2 -.25 1.2 33.2 -.25 .9 33.6 -.25 .9 33.6 -.25 2
3 0 -11.1 -.25 2 -12.5 -.25 2 -11.1 -.25 .5
3 0 -7.9 -.25 2 -9.3 -.25 2 -9.3 -.25 .5
3 0 6.2 -.25 1.9 5 -.25 1.9 6.2 -.25 .1
4 0 -11.1 -.25 .5 -12.5 -.25 2 -12.5 -.25 -2.1 -11.1 -.25 -.4
4 0 -9.3 -.25 .5 -9.3 -.25 -.4 -7.9 -.25 -2.1 -7.9 -.25 2
4 0 -19.7 -.25 -.5 -18.6 -.25 -.5 -18.6 -.25 .5 -19.7 -.25 .5
4 0 6.2 -.25 .1 5 -.25 1.9 5 -.25 -2.1 6.2 -.25 -.6
4 0 6.2 -.25 .1 6.2 -.25 -.6 7.1 -.25 -.6 7 -.25 .1
4 0 8.9 -.25 -2.1 7.8 -.25 -.3 7.1 -.25 -.6 8 -.25 -2.1
4 0 28.8 -.25 -1.1 29.3 -.25 -1.1 29.3 -.25 2 28.8 -.25 2
4 0 22.2 -.25 2 20.9 -.25 -1 20.9 -.25 -2.6 22.2 -.25 .9
4 0 24.9 -.25 2 24.9 -.25 -1.3 26.1 -.25 -1.1 26.1 -.25 2
4 0 30.1 -.25 -.9 30.1 -.25 -2 30.5 -.25 -1.15 30.5 -.25 -.9
3 0 30.5 -.25 -1.8 30.1 -.25 -2 30.5 -.25 -2
3 0 30.5 -.25 -1.15 30.1 -.25 -2 30.5 -.25 -1.8
3 0 -11.1 -.25 -.4 -12.5 -.25 -2.1 -11.1 -.25 -2.1
3 0 -9.3 -.25 -.4 -9.3 -.25 -2.1 -7.9 -.25 -2.1
3 0 6.2 -.25 -.6 5 -.25 -2.1 6.2 -.25 -2.1
4 0 16.2 -.25 -2.1 16.2 -.25 1.9 15.4 -.25 1.9 15.4 -.25 -2.1
3 0 -16.4 -.25 -2.1 -17.1 -.25 -2.1 -17.1 -.25 -2.6
3 0 -14.7 -.25 -2.1 -15.4 -.25 -2.1 -14.7 -.25 -2.6
3 0 -12.5 -.25 -2.1 -12.9 -.25 -2.1 -12.9 -.25 -2.6
4 0 -12.9 -.25 -2.6 -10.7 -.25 -2.6 -11.1 -.25 -2.1 -12.5 -.25 -2.1
3 0 -10.7 -.25 -2.1 -11.1 -.25 -2.1 -10.7 -.25 -2.6
3 0 -9.3 -.25 -2.1 -9.7 -.25 -2.1 -9.7 -.25 -2.6
3 0 -7.9 -.25 -2.1 -9.3 -.25 -2.1 -9.7 -.25 -2.6
4 0 -9.7 -.25 -2.6 -7.5 -.25 -2.6 -7.5 -.25 -2.1 -7.9 -.25 -2.1
3 0 -6.4 -.25 -2.1 -6.8 -.25 -2.1 -6.8 -.25 -2.6
4 0 -6.8 -.25 -2.6 -2.9 -.25 -2.6 -5 -.25 -2.1 -6.4 -.25 -2.1
3 0 -3.4 -.25 -2.1 -5 -.25 -2.1 -2.9 -.25 -2.6
3 0 -.5 -.25 -2.1 -1 -.25 -2.1 -1 -.25 -2.6
3 0 .6 -.25 -2.1 .1 -.25 -2.1 .6 -.25 -2.6
4 0 -1 -.25 -2.6 .6 -.25 -2.6 .1 -.25 -2.1 -.5 -.25 -2.1
4 0 1.9 -.25 -2.1 1.9 -.25 -2.6 3.9 -.25 -2.6 2.3 -.25 -2.1
4 0 3.9 -.25 -2.6 3.5 -.25 -2.1 1.9129 -.25 -.9 2.3 -.25 -2.1
3 0 3.9 -.25 -2.1 3.5 -.25 -2.1 3.9 -.25 -2.6
3 0 5 -.25 -2.1 4.6 -.25 -2.1 4.6 -.25 -2.6
3 0 8 -.25 -2.1 7.7 -.25 -2.1 7.7 -.25 -2.6
3 0 8.9 -.25 -2.1 8 -.25 -2.1 7.7 -.25 -2.6
4 0 7.7 -.25 -2.6 9.2 -.25 -2.6 9.2 -.25 -2.1 8.9 -.25 -2.1
3 0 11.2 -.25 -2.1 10.5 -.25 -2.1 10.5 -.25 -2.6
4 0 12.2 -.25 -2.1 11.2 -.25 -2.1 10.5 -.25 -2.6 12.9 -.25 -2.6
3 0 12.9 -.25 -2.1 12.2 -.25 -2.1 12.9 -.25 -2.6
4 0 14.7 -.25 -2.1 14.7 -.25 -2.6 17 -.25 -2.6 15.4 -.25 -2.1
3 0 16.2 -.25 -2.1 15.4 -.25 -2.1 17 -.25 -2.6
3 0 17 -.25 -2.1 16.2 -.25 -2.1 17 -.25 -2.6
3 0 18 -.25 -2.1 17.6 -.25 -2.1 17.6 -.25 -2.6
3 0 19.3 -.25 -2.1 19.081 -.25 -2.1 19.3 -.25 -2.6
4 0 18 -.25 -2.1 17.6 -.25 -2.6 19.3 -.25 -2.6 19.081 -.25 -2.1
4 0 19.081 -.25 .299 20.2 -.25 -2.6 20.9 -.25 -2.6 20.9 -.25 -1
3 0 22.2 -.25 -2.1 21.9 -.25 -2.1 21.9 -.25 -2.6
4 0 22.2 -.25 -2.1 21.9 -.25 -2.6 23.6 -.25 -2.6 23.2 -.25 -2.1
3 0 23.6 -.25 -2.1 23.2 -.25 -2.1 23.6 -.25 -2.6
4 0 -17.1 -.25 -2.6 -14.7 -.25 -2.6 -15.4 -.25 -2.1 -16.4 -.25 -2.1
4 0 -16.4 -.25 2 -16.4 -.25 -2.1 -15.4 -.25 -2.1 -15.4 -.25 2
4 0 -11.1 -.25 .5 -11.1 -.25 -.4 -9.3 -.25 -.4 -9.3 -.25 .5
4 0 -3.4 -.25 -1.6 -3.4 -.25 -2.1 -2.9 -.25 -2.6 -2.9 -.25 -1.6
4 0 -3.4 -.25 1.5 -2.9 -.25 1.5 -2.9 -.25 2.5 -3.4 -.25 2
3 0 -5 -.25 2 -6.4 -.25 2 -5 -.25 .4
4 0 -5 -.25 .4 -6.4 -.25 2 -6.4 -.25 -2.1 -5 -.25 -.7
3 0 -5 -.25 -.7 -6.4 -.25 -2.1 -5 -.25 -2.1
4 0 -5 -.25 .4 -5 -.25 -.7 -3.7 -.25 -.7 -3.7 -.25 .4
3 0 -3.3 -.25 .9 -3.7 -.25 .9 -3.7 -.25 .4
4 0 -3.7 -.25 -.7 -3.3 -.25 -1.2 -3.3 -.25 .9 -3.7 -.25 .4
3 0 -3.7 -.25 -.7 -3.7 -.25 -1.2 -3.3 -.25 -1.2
4 0 .5645 -.25 -.9 1.9129 -.25 -.9 1.7194 -.25 -.3 .7968 -.25 -.3
3 0 .5645 -.25 -.9 -.5 -.25 -2.1 .1 -.25 -2.1
3 0 .7968 -.25 -.3 -.5 -.25 -2.1 .5645 -.25 -.9
4 0 1.3 -.25 1 1.2 -.25 2.5 -.5 -.25 -2.1 .7968 -.25 -.3
4 0 1.2 -.25 2.5 1.3 -.25 1 1.7194 -.25 -.3 1.8 -.25 2.5
4 0 1.9129 -.25 -.9 3.5 -.25 -2.1 1.8 -.25 2.5 1.7194 -.25 -.3
3 0 6.2 -.25 -2.1 5 -.25 -2.1 4.6 -.25 -2.6
4 0 4.6 -.25 -2.6 6.7 -.25 -2.6 6.7 -.25 -2.1 6.2 -.25 -2.1
4 0 8.1 -.25 2.35 7.7 -.25 2.5 7.3 -.25 1.9 7.5 -.25 1.8
4 0 7.5 -.25 1.8 7.65 -.25 1.6 8.3 -.25 2.15 8.1 -.25 2.35
3 0 8.3 -.25 2.15 7.65 -.25 1.6 8.45 -.25 1.9
4 0 7.65 -.25 1.6 7.7 -.25 1.35 8.55 -.25 1.6 8.45 -.25 1.9
3 0 8.55 -.25 1.6 7.7 -.25 1.35 8.6 -.25 1.25
4 0 8.6 -.25 .9 8.6 -.25 1.25 7.7 -.25 1.35 7.7 -.25 1
4 0 7.7 -.25 1 7.65 -.25 .7 8.5 -.25 .55 8.6 -.25 .9
3 0 7.65 -.25 .7 8.3 -.25 .2 8.5 -.25 .55
4 0 7.65 -.25 .7 7.5 -.25 .4 8.1 -.25 -.05 8.3 -.25 .2
4 0 7.5 -.25 .4 7.3 -.25 .2 7.8 -.25 -.3 8.1 -.25 -.05
4 0 7.1 -.25 -.6 7.8 -.25 -.3 7.3 -.25 .2 7 -.25 .1
4 0 13.8 -.25 2.5 9.6 -.25 2.5 11.2 -.25 2 12.2 -.25 2
4 0 11.2 -.25 2 11.2 -.25 -2.1 12.2 -.25 -2.1 12.2 -.25 2
4 0 20.9 -.25 -1 19.7 -.25 2.5 18 -.25 1.9 19.081 -.25 .299
4 0 18 -.25 1.9 18 -.25 -2.1 19.081 -.25 -2.1 19.081 -.25 .299
3 0 24.4 -.25 2.5 24.9 -.25 2 26.1 -.25 2
4 0 24.9 -.25 -1.3 24.975 -.25 -1.7 26.125 -.25 -1.4 26.1 -.25 -1.1
3 0 26.125 -.25 -1.4 24.975 -.25 -1.7 25.2 -.25 -2.1
4 0 25.6 -.25 -2.4 26.3 -.25 -1.7 26.125 -.25 -1.4 25.2 -.25 -2.1
3 0 26.3 -.25 -1.7 25.6 -.25 -2.4 26.6 -.25 -1.9
4 0 25.6 -.25 -2.4 26.15 -.25 -2.55 26.65 -.25 -2.6 26.6 -.25 -1.9
4 0 26.6 -.25 -1.9 26.65 -.25 -2.6 27.1 -.25 -2.6 26.9 -.25 -2
4 0 27.7 -.25 -2.6 27.5 -.25 -2.05 26.9 -.25 -2 27.1 -.25 -2.6
4 0 27.5 -.25 -2.05 27.7 -.25 -2.6 28.25 -.25 -2.55 28.1 -.25 -2
4 0 28.25 -.25 -2.55 28.65 -.25 -2.45 28.4 -.25 -1.9 28.1 -.25 -2
4 0 28.65 -.25 -2.45 28.95 -.25 -2.25 28.65 -.25 -1.675 28.4 -.25 -1.9
4 0 28.95 -.25 -2.25 29.1 -.25 -2.05 28.775 -.25 -1.35 28.65 -.25 -1.675
4 0 29.1 -.25 -2.05 29.225 -.25 -1.8 29.275 -.25 -1.45 28.775 -.25 -1.35
4 0 28.775 -.25 -1.35 29.275 -.25 -1.45 29.3 -.25 -1.1 28.8 -.25 -1.1
4 0 30.6 -.25 .1 32.5 -.25 -.8 33.1 -.25 -.1 31.2 -.25 .8
4 0 30.6 -.25 .1 31.2 -.25 .8 30.15 -.25 .7 30.3 -.25 .4
4 0 30.1 -.25 1.05 30.15 -.25 .7 31.2 -.25 .8 31 -.25 1.1
4 0 31 -.25 1.1 31 -.25 1.4 30.1 -.25 1.4 30.1 -.25 1.05
3 0 30.25 -.25 1.8 30.1 -.25 1.4 31 -.25 1.4
4 0 31 -.25 1.4 31.1 -.25 1.7 30.5 -.25 2.1 30.25 -.25 1.8
4 0 31.1 -.25 1.7 31.25 -.25 1.85 30.9 -.25 2.35 30.5 -.25 2.1
4 0 31.25 -.25 1.85 31.65 -.25 2.05 31.45 -.25 2.5 30.9 -.25 2.35
4 0 31.45 -.25 2.5 31.65 -.25 2.05 32 -.25 2.05 32.2 -.25 2.5
4 0 32.2 -.25 2.5 32 -.25 2.05 32.45 -.25 1.9 32.6 -.25 2.35
4 0 32.6 -.25 2.35 32.45 -.25 1.9 32.75 -.25 1.7 32.9 -.25 2.15
4 0 33.2 -.25 1.2 33.2 -.25 1.8 32.9 -.25 2.15 32.75 -.25 1.7
3 0 33.1 -.25 -.1 32.5 -.25 -.8 33.4 -.25 -.4
4 0 32.7 -.25 -1.05 33.55 -.25 -.7 33.4 -.25 -.4 32.5 -.25 -.8
4 0 33.55 -.25 -.7 32.7 -.25 -1.05 32.7 -.25 -1.4 33.6 -.25 -1.1
4 0 33.45 -.25 -1.85 33.6 -.25 -1.5 33.6 -.25 -1.1 32.7 -.25 -1.4
4 0 32.7 -.25 -1.4 32.6 -.25 -1.7 33.25 -.25 -2.15 33.45 -.25 -1.85
4 0 32.6 -.25 -1.7 32.45 -.25 -1.9 32.8 -.25 -2.45 33.25 -.25 -2.15
4 0 32.45 -.25 -1.9 32 -.25 -2.1 32.2 -.25 -2.6 32.8 -.25 -2.45
4 0 31.5 -.25 -2.6 32.2 -.25 -2.6 32 -.25 -2.1 31.65 -.25 -2.1
4 0 31.15 -.25 -1.95 31.1 -.25 -2.45 31.5 -.25 -2.6 31.65 -.25 -2.1
3 0 31.15 -.25 -1.95 30.8 -.25 -2.2 31.1 -.25 -2.45
4 0 31.15 -.25 -1.95 30.85 -.25 -1.7 30.5 -.25 -1.8 30.8 -.25 -2.2
3 0 30.5 -.25 -1.15 30.5 -.25 -1.8 30.85 -.25 -1.7
4 0 34.4 -.25 .5 34.4 -.25 -.5 35.5 -.25 -.5 35.5 -.25 .5
4 0 -32.7739 -.25 -1.7673 -32.5429 -.25 -1.863 -30.4429 -.25 2.637 -30.6739 -.25 2.7327
4 0 -30.4429 -.25 2.637 -32.5429 -.25 -1.863 -32.4043 -.25 -1.9204 -30.3043 -.25 2.5796
4 0 -31.29567 -.25 -2.37961 -31.1571 -.25 -2.437 -29.0571 -.25 2.063 -29.19567 -.25 2.12039
4 0 -29.0571 -.25 2.063 -31.1571 -.25 -2.437 -30.9261 -.25 -2.5327 -28.8261 -.25 1.9673
4 0 -29.3739 -.25 -1.7673 -29.1429 -.25 -1.863 -27.0429 -.25 2.637 -27.2739 -.25 2.7327
4 0 -27.0429 -.25 2.637 -29.1429 -.25 -1.863 -29.0043 -.25 -1.9204 -26.9043 -.25 2.5796
4 0 -27.89567 -.25 -2.37961 -27.7571 -.25 -2.437 -25.6571 -.25 2.063 -25.79567 -.25 2.12039
4 0 -25.6571 -.25 2.063 -27.7571 -.25 -2.437 -27.5261 -.25 -2.5327 -25.4261 -.25 1.9673
4 0 -25.9739 -.25 -1.7673 -25.7429 -.25 -1.863 -23.6429 -.25 2.637 -23.8739 -.25 2.7327
4 0 -23.6429 -.25 2.637 -25.7429 -.25 -1.863 -25.6043 -.25 -1.9204 -23.5043 -.25 2.5796
4 0 -24.49567 -.25 -2.37961 -24.3571 -.25 -2.437 -22.2571 -.25 2.063 -22.39567 -.25 2.12039
4 0 -22.2571 -.25 2.063 -24.3571 -.25 -2.437 -24.1261 -.25 -2.5327 -22.0261 -.25 1.9673

1 16 36.5 0 6.5 1 0 0 0 -1 0 0 0 1 1-4chrd.dat
1 16 36.5 0 -6.5 0 0 1 0 -1 0 -1 0 0 1-4chrd.dat
1 16 -36.5 0 -6.5 -1 0 0 0 -1 0 0 0 -1 1-4chrd.dat
1 16 -36.5 0 6.5 0 0 -1 0 -1 0 1 0 0 1-4chrd.dat
4 16 36.5 0 -7.5 -36.5 0 -7.5 -37.5 0 -6.5 37.5 0 -6.5
4 16 37.5 0 6.5 37.5 0 -6.5 -37.5 0 -6.5 -37.5 0 6.5
4 16 37.5 0 6.5 -37.5 0 6.5 -36.5 0 7.5 36.5 0 7.5

1 16 36.5 -.25 6.5 1 0 0 0 .25 0 0 0 1 1-4cyli.dat
1 16 -36.5 -.25 6.5 0 0 -1 0 .25 0 1 0 0 1-4cyli.dat
1 16 -36.5 -.25 -6.5 -1 0 0 0 .25 0 0 0 -1 1-4cyli.dat
1 16 36.5 -.25 -6.5 0 0 1 0 .25 0 -1 0 0 1-4cyli.dat
4 16 36.5 -.25 -7.5 -36.5 -.25 -7.5 -36.5 0 -7.5 36.5 0 -7.5
4 16 37.5 -.25 6.5 37.5 -.25 -6.5 37.5 0 -6.5 37.5 0 6.5
4 16 -36.5 -.25 7.5 36.5 -.25 7.5 36.5 0 7.5 -36.5 0 7.5
4 16 -37.5 -.25 -6.5 -37.5 -.25 6.5 -37.5 0 6.5 -37.5 0 -6.5
