0 Sticker  1.8 x  0.7 with White Surface
0 Name: 4622098c.dat
0 Author: Gabriel Läufer [Dr.Bricktacular]
0 !LDRAW_ORG Unofficial_Part
0 !LICENSE Licensed under CC BY 4.0 : see CAreadme.txt

0 BFC CERTIFY CCW

0 !KEYWORDS Anakin's & Sebulba's Podracers, Bricklink 7962stk01, Set 7962
0 !KEYWORDS Star Wars

0 // Sticker-Bottom
1 16 6.5 0 17.75 1 0 0 0 -1 0 0 0 1 1-4chrd.dat
1 16 6.5 0 -17.75 0 0 1 0 -1 0 -1 0 0 1-4chrd.dat
1 16 -6.5 0 -17.75 -1 0 0 0 -1 0 0 0 -1 1-4chrd.dat
1 16 -6.5 0 17.75 0 0 -1 0 -1 0 1 0 0 1-4chrd.dat
4 16 6.5 0 -18.75 -6.5 0 -18.75 -7.5 0 -17.75 7.5 0 -17.75
4 16 7.5 0 17.75 7.5 0 -17.75 -7.5 0 -17.75 -7.5 0 17.75
4 16 7.5 0 17.75 -7.5 0 17.75 -6.5 0 18.75 6.5 0 18.75

0 // Sticker-Side
1 16 6.5 -.25 17.75 1 0 0 0 .25 0 0 0 1 1-4cyli.dat
1 16 -6.5 -.25 17.75 0 0 -1 0 .25 0 1 0 0 1-4cyli.dat
1 16 -6.5 -.25 -17.75 -1 0 0 0 .25 0 0 0 -1 1-4cyli.dat
1 16 6.5 -.25 -17.75 0 0 1 0 .25 0 -1 0 0 1-4cyli.dat
4 16 6.5 -.25 -18.75 -6.5 -.25 -18.75 -6.5 0 -18.75 6.5 0 -18.75
4 16 7.5 -.25 17.75 7.5 -.25 -17.75 7.5 0 -17.75 7.5 0 17.75
4 16 -6.5 -.25 18.75 6.5 -.25 18.75 6.5 0 18.75 -6.5 0 18.75
4 16 -7.5 -.25 -17.75 -7.5 -.25 17.75 -7.5 0 17.75 -7.5 0 -17.75

0 // Sticker-Front
1 15 6.5 -.25 17.75 1 0 0 0 1 0 0 0 1 1-4chrd.dat
1 15 6.5 -.25 -17.75 0 0 1 0 1 0 -1 0 0 1-4chrd.dat
1 15 -6.5 -.25 -17.75 -1 0 0 0 1 0 0 0 -1 1-4chrd.dat
1 15 -6.5 -.25 17.75 0 0 -1 0 1 0 1 0 0 1-4chrd.dat
4 15 7.5 -.25 -17.75 -7.5 -.25 -17.75 -6.5 -.25 -18.75 6.5 -.25 -18.75
4 15 7.5 -.25 17.75 6.5 -.25 18.75 -6.5 -.25 18.75 -7.5 -.25 17.75
4 15 -7.5 -.25 17.75 -7.5 -.25 -17.75 7.5 -.25 -17.76 7.5 -.25 17.75
