0 ~Electric Switch: Key Right
0 Name: 4708.dat
0 Author: Javier Orquera [kuramapika1]
0 !LDRAW_ORG Unofficial_Part
0 !LICENSE Licensed under CC BY 4.0 : see CAreadme.txt

0 !HELP to put this part into a pressed-down state, rotate it 4.3 degrees
0 !HELP around the x-axis

0 BFC CERTIFY CCW

0 !KEYWORDS control, dacta, Technic, Train

1 16 0 0 0 -1 0 0 0 1 0 0 0 1 s\4709s01.dat
4 16 -4.5 -7 -4.25 -4.5 -5.5 -4.25 -4.5 -5.5 -5.25 -4.5 -7 -5.25
4 16 -4.5 -7 -5.25 -4.5 -5.5 -5.25 -14.5 -5.5 -5.25 -14.5 -7 -5.25
2 24 -4.5 -5.5 -5.25 -4.5 -7 -5.25
2 24 -4.5 -7 -5.25 -4.5 -7 -4.25
4 16 11.5 -23 -100 11.5 -20 -100 20.5 -20 -100 20.5 -23 -100
4 16 11.5 -20 -96 11.5 -23 -96 20.5 -23 -96 20.5 -20 -96
4 16 11.5 -20 -100 11.5 -23 -100 11.5 -23 -96 11.5 -20 -96
4 16 20.5 -23 -96 20.5 -23 -100 20.5 -20 -100 20.5 -20 -96
1 16 11.5 -20 -98 0 9 0 0 0 2 2 0 0 2-4cylo.dat
1 16 11.5 -20 -98 0 1 0 0 0 2 2 0 0 2-4chrd.dat
1 16 20.5 -20 -98 0 -1 0 0 0 2 2 0 0 2-4chrd.dat
2 24 20.5 -20 -100 20.5 -23 -100
2 24 11.5 -23 -96 11.5 -23 -100
2 24 11.5 -20 -100 11.5 -23 -100
2 24 20.5 -23 -96 20.5 -20 -96
2 24 11.5 -23 -100 20.5 -23 -100
2 24 20.5 -23 -96 11.5 -23 -96
2 24 20.5 -23 -100 20.5 -23 -96
2 24 11.5 -23 -96 11.5 -20 -96
4 16 -20.5 -27 -5.25 -20.5 -27 -165.25 59.5 -27 -165.25 59.5 -27 -5.25
