0 ~Electric Switch: Cover Female Plugs Part with Eigth Holes
0 Name: 4710a.dat
0 Author: Javier Orquera [kuramapika1]
0 !LDRAW_ORG Unofficial_Part
0 !LICENSE Licensed under CC BY 4.0 : see CAreadme.txt

0 BFC CERTIFY CCW

0 !HISTORY 2025-04-24 [kuramapika1] Added new subfile and changed number

1 16 0 0 0 1 0 0 0 1 0 0 0 1 s\4113s01.dat
1 16 0 0 0 1 0 0 0 1 0 0 0 1 s\4710s01.dat
1 16 -50 17 18 4 0 0 0 0 -4 0 1 0 4-4ndis.dat
0 BFC INVERTNEXT
1 16 -50 17 20 4 0 0 0 0 4 0 -2 0 4-4cylo.dat
1 16 -50 17 20 4 0 0 0 0 4 0 -1 0 4-4ndis.dat
1 16 -40 17 18 3.5 0 0 0 0 3.5 0 1 0 4-4ndis.dat
0 BFC INVERTNEXT
1 16 -40 17 20 3.5 0 0 0 0 3.5 0 -2 0 4-4cylo.dat
1 16 -40 17 20 3.5 0 0 0 0 3.5 0 -1 0 4-4ndis.dat
1 16 -30 17 18 4 0 0 0 0 -4 0 1 0 4-4ndis.dat
0 BFC INVERTNEXT
1 16 -30 17 20 4 0 0 0 0 4 0 -2 0 4-4cylo.dat
1 16 -30 17 20 4 0 0 0 0 4 0 -1 0 4-4ndis.dat
1 16 -20 17 18 3.5 0 0 0 0 3.5 0 1 0 4-4ndis.dat
0 BFC INVERTNEXT
1 16 -20 17 20 3.5 0 0 0 0 3.5 0 -2 0 4-4cylo.dat
1 16 -20 17 20 3.5 0 0 0 0 3.5 0 -1 0 4-4ndis.dat
1 16 -10 17 18 4 0 0 0 0 -4 0 1 0 4-4ndis.dat
0 BFC INVERTNEXT
1 16 -10 17 20 4 0 0 0 0 4 0 -2 0 4-4cylo.dat
1 16 -10 17 20 4 0 0 0 0 4 0 -1 0 4-4ndis.dat
1 16 30 17 18 4 0 0 0 0 -4 0 1 0 4-4ndis.dat
0 BFC INVERTNEXT
1 16 30 17 20 4 0 0 0 0 4 0 -2 0 4-4cylo.dat
1 16 30 17 20 4 0 0 0 0 4 0 -1 0 4-4ndis.dat
1 16 40 17 18 3.5 0 0 0 0 3.5 0 1 0 4-4ndis.dat
0 BFC INVERTNEXT
1 16 40 17 20 3.5 0 0 0 0 3.5 0 -2 0 4-4cylo.dat
1 16 40 17 20 3.5 0 0 0 0 3.5 0 -1 0 4-4ndis.dat
1 16 50 17 18 4 0 0 0 0 -4 0 1 0 4-4ndis.dat
0 BFC INVERTNEXT
1 16 50 17 20 4 0 0 0 0 4 0 -2 0 4-4cylo.dat
1 16 50 17 20 4 0 0 0 0 4 0 -1 0 4-4ndis.dat
4 16 40 13.5 20 36.5 13.5 20 34 13 20 46 13 20
3 16 43.5 13.5 20 40 13.5 20 46 13 20
4 16 46 21 20 43.5 20.5 20 43.5 17 20 46 17 20
4 16 46 13 20 46 17 20 43.5 17 20 43.5 13.5 20
4 16 36.5 20.5 20 34 21 20 34 17 20 36.5 17 20
4 16 36.5 13.5 20 36.5 17 20 34 17 20 34 13 20
3 16 43.5 20.5 20 46 21 20 40 20.5 20
4 16 36.5 20.5 20 40 20.5 20 46 21 20 34 21 20
4 16 -34 13 20 -36.5 13.5 20 -40 13.5 20 -46 13 20
3 16 -40 13.5 20 -43.5 13.5 20 -46 13 20
4 16 -26 13 20 -14 13 20 -16.5 13.5 20 -20 13.5 20
3 16 -20 13.5 20 -23.5 13.5 20 -26 13 20
4 16 -16.5 13.5 20 -14 13 20 -14 17 20 -16.5 17 20
4 16 -16.5 17 20 -14 17 20 -14 21 20 -16.5 20.5 20
4 16 -26 17 20 -26 13 20 -23.5 13.5 20 -23.5 17 20
4 16 -26 17 20 -23.5 17 20 -23.5 20.5 20 -26 21 20
3 16 -26 21 20 -23.5 20.5 20 -20 20.5 20
4 16 -26 21 20 -20 20.5 20 -16.5 20.5 20 -14 21 20
4 16 -36.5 17 20 -36.5 13.5 20 -34 13 20 -34 17 20
4 16 -36.5 17 20 -34 17 20 -34 21 20 -36.5 20.5 20
4 16 -40 20.5 20 -36.5 20.5 20 -34 21 20 -46 21 20
3 16 -43.5 20.5 20 -40 20.5 20 -46 21 20
4 16 -46 17 20 -46 13 20 -43.5 13.5 20 -43.5 17 20
4 16 -46 17 20 -43.5 17 20 -43.5 20.5 20 -46 21 20
4 16 34 13 18 36.5 13.5 18 40 13.5 18 46 13 18
3 16 40 13.5 18 43.5 13.5 18 46 13 18
4 16 43.5 17 18 43.5 20.5 18 46 21 18 46 17 18
4 16 43.5 17 18 46 17 18 46 13 18 43.5 13.5 18
4 16 34 17 18 34 21 18 36.5 20.5 18 36.5 17 18
4 16 34 17 18 36.5 17 18 36.5 13.5 18 34 13 18
3 16 46 21 18 43.5 20.5 18 40 20.5 18
4 16 46 21 18 40 20.5 18 36.5 20.5 18 34 21 18
4 16 -40 13.5 18 -36.5 13.5 18 -34 13 18 -46 13 18
3 16 -43.5 13.5 18 -40 13.5 18 -46 13 18
4 16 -16.5 13.5 18 -14 13 18 -26 13 18 -20 13.5 18
3 16 -23.5 13.5 18 -20 13.5 18 -26 13 18
4 16 -14 17 18 -14 13 18 -16.5 13.5 18 -16.5 17 18
4 16 -14 21 18 -14 17 18 -16.5 17 18 -16.5 20.5 18
4 16 -23.5 13.5 18 -26 13 18 -26 17 18 -23.5 17 18
4 16 -23.5 20.5 18 -23.5 17 18 -26 17 18 -26 21 18
3 16 -23.5 20.5 18 -26 21 18 -20 20.5 18
4 16 -16.5 20.5 18 -20 20.5 18 -26 21 18 -14 21 18
4 16 -34 13 18 -36.5 13.5 18 -36.5 17 18 -34 17 18
4 16 -34 21 18 -34 17 18 -36.5 17 18 -36.5 20.5 18
4 16 -34 21 18 -36.5 20.5 18 -40 20.5 18 -46 21 18
3 16 -40 20.5 18 -43.5 20.5 18 -46 21 18
4 16 -43.5 13.5 18 -46 13 18 -46 17 18 -43.5 17 18
4 16 -43.5 20.5 18 -43.5 17 18 -46 17 18 -46 21 18
4 16 54 17 20 54 13 20 54.6 12.6 20 54.6 21.6 20
3 16 54 17 20 54.6 21.6 20 54 21 20
4 16 54.6 12.6 20 46 13 20 34 13 20 25.6 12.6 20
3 16 54.6 12.6 20 54 13 20 50 13 20
3 16 54.6 12.6 20 50 13 20 46 13 20
3 16 34 13 20 30 13 20 25.6 12.6 20
3 16 25.6 12.6 20 30 13 20 26 13 20
4 16 25.6 12.6 20 26 13 20 26 17 20 25.6 21.6 20
3 16 25.6 21.6 20 26 17 20 26 21 20
4 16 34 21 20 46 21 20 54.6 21.6 20 25.6 21.6 20
3 16 54 21 20 54.6 21.6 20 50 21 20
3 16 50 21 20 54.6 21.6 20 46 21 20
3 16 25.6 21.6 20 26 21 20 30 21 20
3 16 25.6 21.6 20 30 21 20 34 21 20
4 16 -30 13 20 -34 13 20 -54.6 12.6 20 -5.6 12.6 20
3 16 -26 13 20 -30 13 20 -5.6 12.6 20
3 16 -14 13 20 -26 13 20 -5.6 12.6 20
3 16 -14 13 20 -5.6 12.6 20 -10 13 20
3 16 -10 13 20 -5.6 12.6 20 -6 13 20
3 16 -34 13 20 -46 13 20 -54.6 12.6 20
3 16 -54.6 12.6 20 -46 13 20 -50 13 20
3 16 -54.6 12.6 20 -50 13 20 -54 13 20
4 16 -54.6 12.6 20 -54 13 20 -54 17 20 -54.6 21.6 20
3 16 -54 17 20 -54 21 20 -54.6 21.6 20
4 16 -6 17 20 -6 13 20 -5.6 12.6 20 -5.6 21.6 20
3 16 -6 17 20 -5.6 21.6 20 -6 21 20
4 16 -54.6 21.6 20 -34 21 20 -30 21 20 -5.6 21.6 20
3 16 -30 21 20 -26 21 20 -5.6 21.6 20
3 16 -5.6 21.6 20 -26 21 20 -14 21 20
3 16 -5.6 21.6 20 -14 21 20 -10 21 20
3 16 -5.6 21.6 20 -10 21 20 -6 21 20
3 16 -46 21 20 -34 21 20 -54.6 21.6 20
3 16 -46 21 20 -54.6 21.6 20 -50 21 20
3 16 -50 21 20 -54.6 21.6 20 -54 21 20
4 16 54.6 12.6 18 54 13 18 54 17 18 54.6 21.6 18
3 16 54.6 21.6 18 54 17 18 54 21 18
4 16 34 13 18 46 13 18 54.6 12.6 18 25.6 12.6 18
3 16 54 13 18 54.6 12.6 18 50 13 18
3 16 50 13 18 54.6 12.6 18 46 13 18
3 16 30 13 18 34 13 18 25.6 12.6 18
3 16 30 13 18 25.6 12.6 18 26 13 18
4 16 26 17 18 26 13 18 25.6 12.6 18 25.6 21.6 18
3 16 26 17 18 25.6 21.6 18 26 21 18
4 16 54.6 21.6 18 46 21 18 34 21 18 25.6 21.6 18
3 16 54.6 21.6 18 54 21 18 50 21 18
3 16 54.6 21.6 18 50 21 18 46 21 18
3 16 26 21 18 25.6 21.6 18 30 21 18
3 16 30 21 18 25.6 21.6 18 34 21 18
4 16 -54.6 12.6 18 -34 13 18 -30 13 18 -5.6 12.6 18
3 16 -30 13 18 -26 13 18 -5.6 12.6 18
3 16 -26 13 18 -14 13 18 -5.6 12.6 18
3 16 -5.6 12.6 18 -14 13 18 -10 13 18
3 16 -5.6 12.6 18 -10 13 18 -6 13 18
3 16 -46 13 18 -34 13 18 -54.6 12.6 18
3 16 -46 13 18 -54.6 12.6 18 -50 13 18
3 16 -50 13 18 -54.6 12.6 18 -54 13 18
4 16 -54 17 18 -54 13 18 -54.6 12.6 18 -54.6 21.6 18
3 16 -54 21 18 -54 17 18 -54.6 21.6 18
4 16 -5.6 12.6 18 -6 13 18 -6 17 18 -5.6 21.6 18
3 16 -5.6 21.6 18 -6 17 18 -6 21 18
4 16 -30 21 18 -34 21 18 -54.6 21.6 18 -5.6 21.6 18
3 16 -26 21 18 -30 21 18 -5.6 21.6 18
3 16 -26 21 18 -5.6 21.6 18 -14 21 18
3 16 -14 21 18 -5.6 21.6 18 -10 21 18
3 16 -10 21 18 -5.6 21.6 18 -6 21 18
3 16 -34 21 18 -46 21 18 -54.6 21.6 18
3 16 -54.6 21.6 18 -46 21 18 -50 21 18
3 16 -54.6 21.6 18 -50 21 18 -54 21 18