0 Duplo Toilet
0 Name: 4911.dat
0 Author: Peter Blomberg [WUIt]
0 !LDRAW_ORG Unofficial_Part
0 !LICENSE Licensed under CC BY 4.0 : see CAreadme.txt

0 !HELP Seat 4912 is to be placed with sentre at y=32 z=-25
0 !HELP Horizontal with 1 16 0 32 -25 1 0 0 0 1 0 0 0 1 4912.dat
0 !HELP Perpendicular with 1 16 0 32 -25 1 0 0 0 0 1 0 -1 0 4912.dat

0 BFC CERTIFY CCW

0 !KEYWORDS Furniture

0 // top
1 16 0 0 0 1 0 0 0 2.75 0 0 0 1 stug7-1x2.dat
4 16 -40 0 -20 40 0 -20 40 0 20 -40 0 20

0 // back
1 16 0 36 20 40 0 0 0 0 36 0 -1 0 rect.dat

0 // outside surfaces
2 24 40 0 20 40 0 -20
2 24 -40 0 20 -40 0 -20
4 16 40 0 -20 40 37 -20 40 72 20 40 0 20
4 16 -40 72 20 -40 37 -20 -40 0 -20 -40 0 20
4 16 40 72 -60 40 72 20 40 37 -20 40 44 -60
4 16 -40 37 -20 -40 72 20 -40 72 -60 -40 44 -60
3 16 -40 44 -60 -40 37 -60 -40 37 -20
4 16 -40 72 -60 -8 72 -60 -8 60 -60 -30 60 -60
3 16 -30 60 -60 -39 60 -60 -40 72 -60
4 16 -40 72 -60 -39 60 -60 -39 44 -60 -40 44 -60

0 // Bottom protrusion
0 BFC INVERTNEXT
1 16 0 72 -73.5 4 0 0 0 -12 0 0 0 -4 2-4cylo.dat
1 16 0 72 -73.5 8 0 0 0 -12 0 0 0 -8 2-4cylo.dat
4 16 -8 72 -60 -8 72 -73.5 -8 60 -73.5 -8 60 -60
4 16 4 60 -60 4 72 -60 4 72 -73.5 4 60 -73.5
4 16 -4 72 -73.5 -4 72 -60 -4 60 -60 -4 60 -73.5
4 16 8 60 -73.5 8 72 -73.5 8 72 -60 8 60 -60

0 // bowl
1 16 0 37 -60 4 0 0 0 1 0 0 0 -4 48\2-4ring9.dat
1 16 0 37 -60 2 0 0 0 1 0 0 0 -2 48\2-4ring17.dat
1 16 0 37 -60 40 0 0 0 7 0 0 0 -40 48\2-4cylo.dat
1 16 0 37 -60 34 0 0 0 1 0 0 0 -34 48\2-4edge.dat
1 16 0 44 -60 39 0 0 0 1 0 0 0 -39 48\2-4edge.dat
1 16 0 44 -60 1 0 0 0 -1 0 0 0 -1 48\2-4ring39.dat
1 16 0 44 -60 30 0 0 0 53.3333 0 0 0 -30 48\tm04o3000.dat
1 16 0 44 -60 -30 0 0 0 53.3333 0 0 0 -30 48\tm04o3000.dat
1 16 30 44 -60 9 0 0 0 0 16 0 1 0 1-4ndis.dat
1 16 30 44 -60 9 0 0 0 0 16 0 1 0 1-4edge.dat
1 16 -30 44 -60 -9 0 0 0 0 16 0 1 0 1-4ndis.dat
1 16 -30 44 -60 -9 0 0 0 0 16 0 1 0 1-4edge.dat
1 16 0 60 -60 30 0 0 0 -1 0 0 0 -30 48\2-4chrd.dat
1 16 0 60 -60 30 0 0 0 1 0 0 0 -30 48\2-4edge.dat
3 16 40 37 -60 40 44 -60 40 37 -20
2 24 39 44 -60 40 44 -60
2 24 40 44 -60 40 72 -60
2 24 40 72 -60 40 72 20
2 24 30 60 -60 8 60 -60
2 24 -39 44 -60 -40 44 -60
2 24 -40 44 -60 -40 72 -60
2 24 -40 72 -60 -40 72 20
2 24 -30 60 -60 -8 60 -60
2 24 8 60 -60 8 72 -60
4 16 8 60 -60 8 72 -60 40 72 -60 30 60 -60
3 16 39 60 -60 30 60 -60 40 72 -60
4 16 39 44 -60 39 60 -60 40 72 -60 40 44 -60
2 24 4 60 -60 -4 60 -60
2 24 -4 60 -60 -4 72 -60
2 24 4 60 -60 4 72 -60
2 24 -8 60 -60 -8 72 -60
2 24 8 60 -60 8 60 -73.5
2 24 -4 60 -60 -4 60 -73.5
2 24 4 60 -60 4 60 -73.5
2 24 -8 60 -60 -8 60 -73.5
4 16 -4 72 -60 4 72 -60 4 60 -60 -4 60 -60
4 16 34 37 -32 34 37 -60 40 37 -60 36 37 -32
0 BFC INVERTNEXT
1 16 -40 32 -25 0 24 0 5 0 0 0 0 5 1-4cylo.dat
0 BFC INVERTNEXT
1 16 40 32 -25 0 -24 0 5 0 0 0 0 5 1-4cylo.dat
1 16 -40 32 -25 0 1 0 5 0 0 0 0 5 1-4ndis.dat
1 16 40 32 -25 0 -1 0 5 0 0 0 0 5 1-4ndis.dat

0 // inside bowl
0 BFC INVERTNEXT
1 16 0 37 -60 22.6667 0 0 0 38 0 0 0 -22.6667 48\tm04o5000.dat
0 BFC INVERTNEXT
1 16 0 37 -60 -22.6667 0 0 0 38 0 0 0 -22.6667 48\tm04o5000.dat
1 16 0 56 -60 22.6667 0 0 0 1 0 0 0 -22.6667 48\2-4chrd.dat
4 16 -22.6667 56 -60 22.6667 56 -60 22.6667 56 -32 -22.6667 56 -32
2 24 -22.6667 56 -32 22.6667 56 -32
2 24 -28.5 37 -32 28.5 37 -32
2 24 -34 37 -32 -34 37 -60
2 24 34 37 -60 34 37 -32
0 BFC INVERTNEXT
1 16 -22.6667 37 -32 -11.3334 0 0 0 0 19 0 -28 0 1-4cyli.dat
1 16 -22.6667 37 -32 -11.3334 0 0 0 0 19 0 1 0 1-4edge.dat
1 16 -22.6667 37 -32 -11.3334 0 0 0 0 19 0 1 0 1-4chrd.dat
0 BFC INVERTNEXT
1 16 22.6667 37 -32 11.3334 0 0 0 0 19 0 -28 0 1-4cyli.dat
1 16 22.6667 37 -32 11.3334 0 0 0 0 19 0 1 0 1-4edge.dat
1 16 22.6667 37 -32 11.3334 0 0 0 0 19 0 1 0 1-4chrd.dat
4 16 -28.5 37 -32 -22.6667 56 -32 22.6667 56 -32 28.5 37 -32

0 // underside box
2 24 -36 60 -28 -36 60 -56
2 24 36 60 -56 36 60 -28
2 24 -36 60 -56 36 60 -56
4 16 -36 60 -28 36 60 -28 36 60 -56 -36 60 -56
2 24 36 60 -56 36 72 -56
2 24 -36 60 -56 -36 72 -56
2 24 -36 72 -56 36 72 -56
4 16 -36 72 -56 -36 60 -56 36 60 -56 36 72 -56
1 16 0 4 0 36 0 0 0 -1 0 0 0 16 rect.dat
1 16 0 38 16 36 0 0 0 0 34 0 1 0 rect3.dat

0 // notches
1 16 -34 4 0 0 0 2 0 67 0 1.5 0 0 box4-1.dat
1 16 34 4 0 0 0 -2 0 67 0 1.5 0 0 box4-1.dat
1 16 20 4 14 1.5 0 0 0 67 0 0 0 -2 box4-1.dat
1 16 -20 4 14 1.5 0 0 0 67 0 0 0 -2 box4-1.dat
1 16 -20 60 -54 1.5 0 0 0 11 0 0 0 2 box4-1.dat
1 16 20 60 -54 1.5 0 0 0 11 0 0 0 2 box4-1.dat
1 16 -34 60 -40 0 0 2 0 11 0 1.5 0 0 box4-1.dat
1 16 34 60 -40 0 0 -2 0 11 0 1.5 0 0 box4-1.dat

0 // bottom hem
4 16 -40 72 -60 -40 72 20 -36 72 16 -36 72 -56
4 16 36 72 16 -36 72 16 -40 72 20 40 72 20
4 16 36 72 16 40 72 20 40 72 -60 36 72 -56
1 16 0 72 -73.5 4 0 0 0 -1 0 0 0 -4 2-4ring1.dat
4 16 -8 72 -60 -4 72 -60 -4 72 -73.5 -8 72 -73.5
4 16 4 72 -73.5 4 72 -60 8 72 -60 8 72 -73.5
4 16 -4 72 -60 -36 72 -56 36 72 -56 4 72 -60
3 16 8 72 -60 4 72 -60 36 72 -56
3 16 8 72 -60 36 72 -56 40 72 -60
3 16 -4 72 -60 -8 72 -60 -36 72 -56
3 16 -36 72 -56 -8 72 -60 -40 72 -60

2 24 8 72 -60 8 72 -73.5
2 24 -8 72 -60 -8 72 -73.5
2 24 4 72 -60 4 72 -73.5
2 24 -4 72 -60 -4 72 -73.5
2 24 -4 72 -60 4 72 -60
2 24 -8 72 -60 -40 72 -60
2 24 8 72 -60 40 72 -60

2 24 -40 32 -20 -40 0 -20
2 24 -40 0 -20 40 0 -20
2 24 40 0 -20 40 32 -20
2 24 40 37 -60 40 37 -25
2 24 -40 37 -60 -40 37 -25
4 16 16 29 -20 16 32 -20 40 32 -20 40 0 -20

2 24 -16 37 -28 16 37 -28
2 24 -16 37 -28 -16 37 -25
2 24 16 37 -28 16 37 -25
2 24 -16 37 -28 -16 41 -28
2 24 16 37 -28 16 41 -28
2 24 -16 41 -28 -36 41 -28
2 24 16 41 -28 36 41 -28
4 16 16 37 -28 -16 37 -28 -28.5 37 -32 28.5 37 -32

2 24 -16 29 -20 16 29 -20
4 16 -40 32 -20 -16 32 -20 -16 29 -20 -40 0 -20

0 BFC INVERTNEXT
1 16 36 32 -25 0 -7.5 0 5 0 0 0 0 -5 1-4cylo.dat
1 16 36 32 -25 0 -1 0 5 0 0 0 0 -5 1-4ndis.dat
1 16 28.5 32 -25 0 1 0 5 0 0 0 0 -5 1-4ndis.dat

0 BFC INVERTNEXT
1 16 -36 32 -25 0 7.5 0 5 0 0 0 0 -5 1-4cylo.dat
1 16 -36 32 -25 0 1 0 5 0 0 0 0 -5 1-4ndis.dat
1 16 -28.5 32 -25 0 -1 0 5 0 0 0 0 -5 1-4ndis.dat
1 16 32.25 37 -31 0 0 3.75 0 -5 0 1 0 0 box3u5p.dat

2 24 28.5 32 -30 36 32 -30
2 24 34 37 -32 36 37 -32
2 24 28.5 37 -30 28.5 37 -25
4 16 28.5 32 -32 28.5 37 -32 34 37 -32 36 32 -32
4 16 36 37 -25 36 37 -32 40 37 -60 40 37 -25
2 24 36 37 -30 36 37 -25
4 16 28.5 37 -25 16 37 -25 16 37 -28 28.5 37 -32
4 16 -40 37 -60 -34 37 -60 -34 37 -32 -36 37 -32
4 16 -40 37 -60 -36 37 -32 -36 37 -25 -40 37 -25
4 16 -16 37 -28 -16 37 -25 -28.5 37 -25 -28.5 37 -32
3 16 34 37 -32 36 37 -32 36 32 -32
3 16 28.5 37 -32 22.6667 56 -32 34 37 -32
4 16 -34 37 -32 -28.5 37 -32 -28.5 32 -32 -36 32 -32
3 16 -36 37 -32 -34 37 -32 -36 32 -32
3 16 -22.6667 56 -32 -28.5 37 -32 -34 37 -32
1 16 -32.25 37 -31 0 0 3.75 0 -5 0 1 0 0 box3u5p.dat
4 16 -16 41 -28 -16 37 -28 16 37 -28 16 41 -28
2 24 36 4 -16 36 32 -16
2 24 -36 4 -16 -36 32 -16
4 16 -36 4 -16 -36 41 -16 -36 72 16 -36 4 16
4 16 36 72 16 36 41 -16 36 4 -16 36 4 16
2 24 -16 29 -16 16 29 -16
2 24 16 29 -20 16 29 -16
2 24 -16 29 -20 -16 29 -16
4 16 -16 29 -16 16 29 -16 16 29 -20 -16 29 -20
4 16 36 4 -16 16 29 -16 -16 29 -16 -36 4 -16
2 24 16 41 -28 16 41 -25
2 24 -16 41 -28 -16 41 -25
1 16 36 32 -25 0 -20 0 9 0 0 0 0 9 1-4cylo.dat
1 16 36 32 -25 0 1 0 9 0 0 0 0 9 1-4ndis.dat
1 16 -36 32 -25 0 20 0 9 0 0 0 0 9 1-4cylo.dat
1 16 -36 32 -25 0 -1 0 9 0 0 0 0 9 1-4ndis.dat
1 16 -16 32 -25 0 -1 0 2.5 0 0 0 0 2.5 1-4ring2.dat
1 16 -16 32 -25 0 -1 0 1.5 0 0 0 0 1.5 1-4ring5.dat
1 16 16 32 -25 0 1 0 2.5 0 0 0 0 2.5 1-4ring2.dat
1 16 16 32 -25 0 1 0 1.5 0 0 0 0 1.5 1-4ring5.dat
4 16 16 41 -28 16 37 -28 16 37 -25 16 39.5 -25
4 16 16 32 -20 16 29 -20 16 29 -16 16 32 -17.5
4 16 -16 37 -25 -16 37 -28 -16 41 -28 -16 39.5 -25
4 16 -16 29 -16 -16 29 -20 -16 32 -20 -16 32 -17.5
3 16 -16 29 -16 -16 32 -17.5 -16 32 -16
3 16 -16 41 -28 -16 41 -25 -16 39.5 -25
3 16 16 32 -17.5 16 29 -16 16 32 -16
3 16 16 41 -25 16 41 -28 16 39.5 -25
2 24 16 29 -20 16 32 -20
2 24 16 29 -16 16 32 -16
4 16 36 32 -16 16 32 -16 16 29 -16 36 4 -16
2 24 -16 32 -20 -16 29 -20
2 24 -16 32 -16 -16 29 -16

2 24 36 41 -28 36 41 -25
4 16 36 41 -28 16 41 -28 16 41 -25 36 41 -25
2 24 -36 41 -28 -36 41 -25
4 16 -36 41 -28 -36 41 -25 -16 41 -25 -16 41 -28
4 16 -16 29 -16 -16 32 -16 -36 32 -16 -36 4 -16
4 16 -16 41 -28 16 41 -28 36 60 -28 -36 60 -28
2 24 -36 60 -28 36 60 -28
2 24 36 60 -28 36 41 -28
2 24 -36 60 -28 -36 41 -28
3 16 -36 60 -28 -36 41 -28 -16 41 -28
3 16 16 41 -28 36 41 -28 36 60 -28
4 16 36 60 -28 36 41 -25 36 41 -16 36 72 16
2 24 36 72 -56 36 72 16
2 24 -36 72 -56 -36 72 16
4 16 36 72 -56 36 60 -56 36 60 -28 36 72 16
3 16 36 60 -28 36 41 -28 36 41 -25
3 16 -36 41 -28 -36 60 -28 -36 41 -25
4 16 -36 41 -16 -36 41 -25 -36 60 -28 -36 72 16
4 16 -36 60 -28 -36 60 -56 -36 72 -56 -36 72 16

0 // lip
2 24 14 29 -20 12 20 -20
2 24 -12 20 -20 12 20 -20
2 24 -14 29 -20 -12 20 -20
2 24 -12 20 -20 0 27 -22
2 24 12 20 -20 0 27 -22
2 24 -14 29 -20 0 27 -22
2 24 0 27 -22 14 29 -20
3 16 -12 20 -20 -14 29 -20 0 27 -22
3 16 -12 20 -20 0 27 -22 12 20 -20
3 16 12 20 -20 0 27 -22 14 29 -20
3 16 14 29 -20 0 27 -22 -14 29 -20
4 16 12 20 -20 14 29 -20 16 29 -20 40 0 -20
4 16 -16 29 -20 -14 29 -20 -12 20 -20 -40 0 -20
4 16 -40 0 -20 -12 20 -20 12 20 -20 40 0 -20
2 24 -36 37 -25 -36 37 -30
2 24 -36 37 -32 -34 37 -32
2 24 -28.5 37 -25 -28.5 37 -30
2 24 -36 32 -30 -28.5 32 -30