0 Duplo Wall  1 x  8 x  6 Hinge on Left with Door Opening
0 Name: 51261.dat
0 Author: Peter Blomberg [WUIt]
0 !LDRAW_ORG Unofficial_Part
0 !LICENSE Licensed under CC BY 4.0 : see CAreadme.txt

0 !HELP Place Door with 1 12 -65 176 -16.5 1 0 0 0 1 0 0 0 1 51288.dat
0 !HELP Place Door with 1 12 -65 176 -16.5 -1 0 0 0 1 0 0 0 1 31023.dat

0 BFC CERTIFY CCW

1 16 0 0 0 1 0 0 0 2.75 0 0 0 1 stug7-1x8.dat

0 // frame shared with 51695
1 16 0 0 0 1 0 0 0 1 0 0 0 1 s\51695s01.dat

0 // front inset for patterning
4 16 74 264 -18 156 264 -18 156 4 -18 74 80 -18
1 16 0 186 -18 0 0 140 -125 0 0 0 1 0 48\1-12tndis.dat
1 16 0 186 -18 0 0 -140 -125 0 0 0 1 0 48\1-12tndis.dat
4 16 70 61 -18 70 77.75 -18 74 80 -18 156 4 -18
4 16 -74 80 -18 -70 77.75 -18 -70 61 -18 -120 4 -18
4 16 -120 4 -18 -70 61 -18 0 61 -18 156 4 -18
3 16 70 61 -18 156 4 -18 0 61 -18
4 16 -74 80 -18 -120 4 -18 -120 264 -18 -74 264 -18

0 // other
4 16 -140 0 -20 -120 4 -20 156 4 -20 160 0 -20
4 16 160 288 -20 160 0 -20 156 4 -20 156 264 -20
4 16 160 288 -20 156 264 -20 74 264 -20 69 268 -20
4 16 69 82.8879 -20 69 268 -20 74 264 -20 74 80 -20
4 16 -48.5 88 -14 -34.938 70.092 -14 -51.6645 75.132 -14 -53.5 88 -14
4 16 -34.938 70.092 -14 -48.5 88 -14 -8.829 66.252 -14 -17.6175 67.032 -14
4 16 34.938 70.092 -14 17.6175 67.032 -14 8.829 66.252 -14 59.5 88 -14
4 16 34.938 70.092 -14 59.5 88 -14 62.3295 79.56 -14 51.6645 75.132 -14
2 24 -74 264 -20 -74 80 -20
2 24 69 268 -20 69 82.8879 -20
2 24 74 264 -20 74 80 -20
2 24 -69 111 -20 -69 82.8879 -20
2 24 -51.6645 75.132 -20 -34.938 70.092 -20
2 24 -34.938 70.092 -20 -17.6175 67.032 -20
2 24 -51.6645 75.132 -14 -34.938 70.092 -14
2 24 -34.938 70.092 -14 -17.6175 67.032 -14
2 24 17.6175 67.032 -14 34.938 70.092 -14
2 24 34.938 70.092 -14 51.6645 75.132 -14
2 24 17.6175 67.032 -20 34.938 70.092 -20
2 24 34.938 70.092 -20 51.6645 75.132 -20
2 24 74 264 -20 156 264 -20
2 24 156 264 -20 156 4 -20
2 24 156 4 -20 -120 4 -20
2 24 74 264 -18 156 264 -18
2 24 73 264 -14 156 264 -14
2 24 74 264 -18 74 80 -18
2 24 74 264 -20 74 264 -18
2 24 156 264 -18 156 4 -18
2 24 156 4 -18 -120 4 -18
2 24 156 264 -14 156 4 -14
4 16 -74 80 -18 -74 264 -18 -74 264 -20 -74 80 -20
4 16 74 264 -20 74 264 -18 74 80 -18 74 80 -20
4 16 156 264 -18 74 264 -18 74 264 -20 156 264 -20
4 16 156 4 -18 156 264 -18 156 264 -20 156 4 -20
4 16 -69 108 -15.8 -69 108 -14 -69 82.8879 -14 -69 82.8879 -20
3 16 -69 108 -15.8 -69 82.8879 -20 -69 111 -20
2 24 156 4 -14 156 4 20
2 24 156 4 20 156 264 20
4 16 156 4 -18 156 4 -20 -120 4 -20 -120 4 -18
4 16 156 264 20 156 264 -14 156 4 -14 156 4 20
2 24 156 4 -20 156 4 -18
2 24 156 264 -14 156 264 20
4 16 34.938 70.092 -14 51.6645 75.132 -14 51.6645 75.132 -20 34.938 70.092 -20
4 16 17.6175 67.032 -14 34.938 70.092 -14 34.938 70.092 -20 17.6175 67.032 -20
4 16 -34.938 70.092 -14 -17.6175 67.032 -14 -17.6175 67.032 -20 -34.938 70.092 -20
4 16 -51.6645 75.132 -14 -34.938 70.092 -14 -34.938 70.092 -20 -51.6645 75.132 -20
1 16 0 186 -20 0 0 140 -125 0 0 0 2 0 48\1-12cylo.dat
1 16 0 186 -20 0 0 -140 -125 0 0 0 2 0 48\1-12cylo.dat
2 24 74 80 -18 70 77.75 -18
2 24 74 80 -18 74 80 -20
2 24 74 80 -20 70 77.75 -20
2 24 -70 77.75 -18 -74 80 -18
2 24 -74 80 -18 -74 80 -20
2 24 -74 80 -20 -70 77.75 -20
4 16 70 77.75 -18 70 77.75 -20 74 80 -20 74 80 -18
4 16 -74 80 -18 -74 80 -20 -70 77.75 -20 -70 77.75 -18
4 16 -74 80 -20 -69 82.8879 -20 -62.3295 79.56 -20 -70 77.75 -20
4 16 -53.578 70.5125 -20 -70 77.75 -20 -62.3295 79.56 -20 -51.6645 75.132 -20
4 16 -36.232 65.2625 -20 -53.578 70.5125 -20 -51.6645 75.132 -20 -34.938 70.092 -20
4 16 -18.27 62.075 -20 -36.232 65.2625 -20 -34.938 70.092 -20 -17.6175 67.032 -20
4 16 36.232 65.2625 -20 18.27 62.075 -20 17.6175 67.032 -20 34.938 70.092 -20
4 16 53.578 70.5125 -20 36.232 65.2625 -20 34.938 70.092 -20 51.6645 75.132 -20
4 16 70 77.75 -20 53.578 70.5125 -20 51.6645 75.132 -20 62.3295 79.56 -20
4 16 74 80 -20 70 77.75 -20 62.3295 79.56 -20 69 82.8879 -20
3 16 0 66 -20 0 61 -20 -8.829 66.252 -20
3 16 0 61 -20 0 66 -20 8.829 66.252 -20
4 16 -17.6175 67.032 -20 -8.829 66.252 -20 0 61 -20 -18.27 62.075 -20
4 16 0 61 -20 8.829 66.252 -20 17.6175 67.032 -20 18.27 62.075 -20
4 16 -120 264 -18 -120 264 -20 -74 264 -20 -74 264 -18
4 16 -120 264 -20 -120 264 -18 -120 4 -18 -120 4 -20
2 24 156 264 -20 156 264 -18
2 24 -74 264 -18 -74 80 -18
2 24 -120 264 -20 -120 264 -18
2 24 -120 264 -18 -74 264 -18
2 24 -74 264 -20 -74 264 -18
2 24 -120 264 -18 -120 4 -18
2 24 -120 4 -20 -120 4 -18
2 24 73 264 -14 73 264 -8
4 16 73 264 -8 73 264 -14 156 264 -14 156 264 20

0 BFC INVERTNEXT
1 16 59.5 93 -14 5 0 0 0 0 -5 0 6 0 1-4cylo.dat
0 BFC INVERTNEXT
1 16 -48.5 93 -14 -5 0 0 0 0 -5 0 6 0 1-4cylo.dat
0 BFC INVERTNEXT
1 16 -48.5 259 -14 -5 0 0 0 0 5 0 18 0 1-4cyli.dat
0 BFC INVERTNEXT
1 16 -48.5 259 4 0 0 -5 -5 0 0 0 5 0 1-4cyls2.dat
1 16 -48.5 259 4 -5 0 0 0 0 5 0 -5 5 1-4ndis.dat
1 16 -48.5 259 4 -5 0 0 0 0 5 0 -5 5 1-4edge.dat
3 16 -53.5 259 4 -53.5 264 9 -57.5 264 9
0 BFC INVERTNEXT
1 16 59.5 259 -14 5 0 0 0 0 5 0 18 0 1-4cyli.dat
0 BFC INVERTNEXT
1 16 59.5 259 4 0 0 5 -5 0 0 0 5 0 1-4cyls2.dat
1 16 59.5 259 4 5 0 0 0 0 5 0 -5 5 1-4ndis.dat
1 16 59.5 259 4 5 0 0 0 0 5 0 -5 5 1-4edge.dat
3 16 64.5 264 9 64.5 259 4 68.5 264 9
2 24 -53.5 247 -8 -53.5 93 -8
4 16 -53.5 93 -14 -53.5 259 -14 -53.5 247 -8 -53.5 93 -8
2 24 64.5 247 -8 64.5 93 -8
4 16 64.5 247 -8 64.5 259 -14 64.5 93 -14 64.5 93 -8
2 24 59.5 88 -8 -48.5 88 -8
4 16 -48.5 88 -8 59.5 88 -8 59.5 88 -14 -48.5 88 -14
2 24 68.5 182 -8 68.5 170 -8
2 24 73 264 -8 68.5 264 -8
2 24 68.5 264 -8 68.5 264 9
2 24 68.5 264 -8 68.5 247 -8
2 24 68.5 247 -8 68.5 264 9
2 24 68.5 247 -8 64.5 247 -8
3 16 68.5 247 -8 68.5 264 -8 68.5 264 9
4 16 73 264 -8 68.5 264 -8 68.5 247 -8 73 182 -8
4 16 73 182 -8 68.5 247 -8 64.5 247 -8 68.5 182 -8
4 16 156 264 20 68.5 264 9 68.5 264 -8 73 264 -8
4 16 73 264 -14 73 264 -8 73 182 -8 73 182 -14
4 16 73 80.6994 -8 73 80.6994 -14 73 170 -14 73 170 -8
2 24 73 182 -14 73 170 -14
2 24 73 170 -14 73 80.6994 -14
2 24 73 80.6994 -14 73 80.6994 -8
2 24 73 170 -14 73 170 -8
2 24 73 182 -14 73 182 -8
2 24 73 182 -14 73 264 -14
3 16 73 80.6994 -14 156 4 -14 73 170 -14
4 16 156 264 -14 73 182 -14 73 170 -14 156 4 -14
3 16 73 182 -14 156 264 -14 73 264 -14
3 16 -57.5 264 -8 -57.5 247 -8 -57.5 264 9
3 16 -53.5 259 -14 -53.5 259 4 -53.5 247 -8
4 16 -53.5 247 -8 -53.5 259 4 -57.5 264 9 -57.5 247 -8
2 24 -53.5 247 -8 -53.5 259 4
2 24 -57.5 264 9 -57.5 247 -8
4 16 -48.5 264 4 -48.5 264 -14 59.5 264 -14 59.5 264 4
4 16 59.5 264 9 -48.5 264 9 -48.5 264 4 59.5 264 4
4 16 64.5 259 4 64.5 247 -8 68.5 247 -8 68.5 264 9
3 16 64.5 259 4 64.5 259 -14 64.5 247 -8
2 24 64.5 259 4 64.5 247 -8
2 24 -57.5 264 9 -57.5 264 -8
4 16 -110.5 264 16 -57.5 264 9 68.5 264 9 156 264 20
2 24 -110.5 264 -12 -110.5 264 -14
2 24 -110.5 264 -14 -73 264 -14
2 24 -73 264 -14 -73 264 -8
2 24 -73 264 -8 -57.5 264 -8
2 24 -53.5 247 -8 -57.5 247 -8
2 24 -57.5 247 -8 -57.5 264 -8
2 24 -73 264 -8 -73 80.6994 -8
2 24 -73 264 -14 -73 80.6994 -14
2 24 -110.5 264 -14 -110.5 4 -14
2 24 -110.5 4 -14 -110.5 4 -12
4 16 -110.5 264 -14 -110.5 264 -12 -110.5 4 -12 -110.5 4 -14
4 16 -110.5 264 -12 -110.5 264 -14 -73 264 -14 -73 264 -8
4 16 -73 264 -8 -57.5 264 -8 -57.5 264 9 -110.5 264 16
3 16 -110.5 264 -12 -73 264 -8 -110.5 264 4
3 16 -110.5 264 4 -73 264 -8 -110.5 264 16
4 16 -73 80.6994 -8 -73 264 -8 -73 264 -14 -73 80.6994 -14
4 16 -73 80.6994 -14 -73 264 -14 -110.5 264 -14 -110.5 4 -14

1 16 -57.5 4 -14 0 4 0 17 0 0 0 0 17 tri3u1.dat
1 16 64.5 4 -14 0 4 0 17 0 0 0 0 17 tri3u1.dat

4 16 68.5 4 -14 68.5 4 3 156 4 20 156 4 -14
4 16 -53.5 4 3 64.5 4 3 64.5 4 -14 -53.5 4 -14
4 16 -57.5 4 -14 -110.5 4 -14 -110.5 4 -12 -57.5 4 3
3 16 -110.5 4 -12 -110.5 4 4 -57.5 4 3
3 16 -57.5 4 3 -110.5 4 4 -110.5 4 16
4 16 -113.5 4 16 -140 4 20 156 4 20 -110.5 4 16
4 16 -57.5 4 3 -110.5 4 16 156 4 20 68.5 4 3
4 16 -69.5 62 -14 -110.5 4 -14 -57.5 4 -14 -57.5 21 -14
4 16 64.5 21 -14 -53.5 21 -14 -53.5 4 -14 64.5 4 -14

1 16 0 186 -14 0 0 139 -124 0 0 0 6 0 48\1-12cylo.dat
1 16 0 186 -14 0 0 -139 -124 0 0 0 6 0 48\1-12cylo.dat
1 16 0 186 -14 0 0 139 -124 0 0 0 -1 0 48\1-12tndis.dat
1 16 0 186 -14 0 0 -139 -124 0 0 0 -1 0 48\1-12tndis.dat
4 16 69.5 78.616 -8 69.5 78.616 -14 73 80.6994 -14 73 80.6994 -8
2 24 69.5 78.616 -14 73 80.6994 -14
2 24 69.5 78.616 -8 73 80.6994 -8
2 24 -73 80.6994 -14 -73 80.6994 -8
2 24 -73 80.6994 -14 -69.5 78.616 -14
2 24 -73 80.6994 -8 -69.5 78.616 -8
4 16 -69.5 78.616 -14 -69.5 78.616 -8 -73 80.6994 -8 -73 80.6994 -14
4 16 -69.5 78.616 -14 -73 80.6994 -14 -110.5 4 -14 -69.5 62 -14
4 16 0 62 -14 -69.5 62 -14 -57.5 21 -14 -53.5 21 -14
4 16 0 62 -14 64.5 21 -14 68.5 21 -14 69.5 62 -14
3 16 0 62 -14 -53.5 21 -14 64.5 21 -14
4 16 68.5 4 -14 156 4 -14 69.5 62 -14 68.5 21 -14
4 16 73 80.6994 -14 69.5 78.616 -14 69.5 62 -14 156 4 -14

2 24 156 4 -14 68.5 4 -14
2 24 64.5 4 -14 -53.5 4 -14
2 24 -57.5 4 -14 -110.5 4 -14

3 16 -57.5 73.3319 -8 -53.5 71.5706 -8 -53.5 85 -8
3 16 -57.5 73.3319 -8 -53.5 85 -8 -53.5 88 -8
3 16 -57.5 73.3319 -8 -53.5 88 -8 -53.5 93 -8
4 16 -53.5 93 -8 -53.5 247 -8 -57.5 247 -8 -57.5 73.3319 -8
3 16 -48.5 88 -8 -53.5 88 -8 -53.5 85 -8
4 16 -53.5 85 -8 64.5 85 -8 59.5 88 -8 -48.5 88 -8
4 16 73 80.6994 -8 64.5 88 -8 59.5 88 -8 64.5 85 -8
4 16 73 80.6994 -8 64.5 85 -8 64.5 76.4143 -8 69.5 78.616 -8
3 16 64.5 88 -8 73 80.6994 -8 64.5 93 -8
4 16 68.5 170 -8 64.5 93 -8 73 80.6994 -8 73 170 -8
4 16 64.5 247 -8 64.5 93 -8 68.5 170 -8 68.5 182 -8

1 16 59.5 93 -8 5 0 0 0 0 -5 0 -1 0 1-4ndis.dat
1 16 -48.5 93 -8 -5 0 0 0 0 -5 0 -1 0 1-4ndis.dat
4 16 156 264 20 -140 264 20 -113.5 264 16 -110.5 264 16

2 24 -113.5 4 -14 -113.5 4 -12
2 24 -113.5 4 -14 -124 4 -14
2 24 -113.5 264 -14 -113.5 264 -12
2 24 -113.5 264 -14 -124 264 -14
2 24 -124 264 -16 -124 264 -14
2 24 -113.5 244 -14 -124 244 -14
2 24 -124 244 -16 -124 244 -14
2 24 -113.5 240 -14 -126 240 -14
2 24 -124 264 -14 -124 244 -14
2 24 -113.5 44 -14 -113.5 4 -14
2 24 -113.5 240 -14 -113.5 48 -14
2 24 -113.5 244 -14 -113.5 264 -14
4 16 -124 264 -12 -124 264 -14 -113.5 264 -14 -113.5 264 -12
4 16 -124 264 -16 -124 244 -16 -124 244 -14 -124 264 -14
4 16 -113.5 244 -14 -124 244 -14 -124 244 -12 -120 244 -12
4 16 -120 240 -12 -124 240 -12 -126 240 -14 -113.5 240 -14
4 16 -124 264 -14 -124 244 -14 -113.5 244 -14 -113.5 264 -14
4 16 -113.5 4 -12 -113.5 44 -12 -113.5 44 -14 -113.5 4 -14
4 16 -113.5 48 -12 -113.5 240 -12 -113.5 240 -14 -113.5 48 -14
4 16 -113.5 244 -12 -113.5 264 -12 -113.5 264 -14 -113.5 244 -14

2 24 -128 240 -16 -126 240 -14
2 24 -113.5 48 -14 -126 48 -14
2 24 -128 48 -16 -126 48 -14
2 24 -124 4 -16 -124 4 -14
2 24 -124 4 -14 -124 44 -14
2 24 -124 44 -14 -113.5 44 -14
2 24 -124 44 -14 -124 44 -16
4 16 -113.5 48 -14 -126 48 -14 -124 48 -12 -120 48 -12
4 16 -113.5 44 -14 -120 44 -12 -124 44 -12 -124 44 -14
4 16 -124 44 -14 -124 44 -16 -124 4 -16 -124 4 -14
4 16 -113.5 4 -14 -124 4 -14 -124 4 -12 -113.5 4 -12
4 16 -113.5 44 -14 -124 44 -14 -124 4 -14 -113.5 4 -14
4 16 -126 48 -14 -126 240 -14 -128 240 -16 -128 48 -16
4 16 -126 240 -14 -126 48 -14 -113.5 48 -14 -113.5 240 -14

3 16 -126 48 -14 -128 48 -16 -140 48 20
3 16 -126 48 -14 -140 48 20 -124 48 -12
3 16 -128 240 -16 -126 240 -14 -140 240 20
3 16 -140 240 20 -126 240 -14 -124 240 -12
2 24 -126 240 -14 -126 48 -14
2 24 -57.5 264 9 -48.5 264 9
2 24 59.5 264 9 68.5 264 9

2 24 -120 44 -4 -113.5 44 -4
4 16 -113.5 44 -14 -113.5 44 -4 -120 44 -4 -120 44 -12
2 24 -113.5 48 -4 -120 48 -4
4 16 -120 48 -12 -120 48 -4 -113.5 48 -4 -113.5 48 -14
2 24 -113.5 48 -4 -113.5 44 -4
4 16 -120 48 -4 -120 44 -4 -113.5 44 -4 -113.5 48 -4
2 24 -113.5 48 -14 -113.5 48 -4
2 24 -113.5 44 -14 -113.5 44 -4

2 24 -120 240 -4 -113.5 240 -4
4 16 -113.5 240 -14 -113.5 240 -4 -120 240 -4 -120 240 -12
2 24 -113.5 244 -4 -120 244 -4
4 16 -120 244 -12 -120 244 -4 -113.5 244 -4 -113.5 244 -14
2 24 -113.5 244 -4 -113.5 240 -4
4 16 -120 244 -4 -120 240 -4 -113.5 240 -4 -113.5 244 -4
2 24 -113.5 244 -14 -113.5 244 -4
2 24 -113.5 240 -14 -113.5 240 -4

2 24 -120 240 -4 -120 240 0
2 24 -120 244 -4 -120 244 0
2 24 -120 244 -4 -120 240 -4
4 16 -120 240 0 -120 240 -4 -120 244 -4 -120 244 0
2 24 -120 44 -4 -120 44 0
2 24 -120 48 -4 -120 48 0
2 24 -120 48 -4 -120 44 -4
4 16 -120 44 0 -120 44 -4 -120 48 -4 -120 48 0

2 24 73 170 -18 73 170 -14
2 24 73 182 -18 73 182 -14
4 16 73 182 -18 73 170 -18 73 170 -14 73 182 -14
4 16 69 82.8879 -14 69 170 -14 69 170 -18 69 82.8879 -20
4 16 69 82.8879 -20 69 170 -18 69 182 -18 69 268 -20

3 16 -69 82.8879 -20 -74 80 -20 -69 111 -20
3 16 -69 111 -20 -74 80 -20 -69 117 -20
3 16 -69 117 -20 -74 80 -20 -69 173 -20
3 16 -74 264 -20 -69 235 -20 -69 179 -20
4 16 -69 179 -20 -69 173 -20 -74 80 -20 -74 264 -20