0 Plate  1 x  1 Round with Hollow Stud and Underside Clip
0 Name: 5264.dat
0 Author: Gerald Lasser [GeraldLasser]
0 !LDRAW_ORG Unofficial_Part
0 !LICENSE Licensed under CC BY 4.0 : see CAreadme.txt

0 BFC CERTIFY CCW

1 16 0 3 0 10 0 0 0 -3 0 0 0 10 4-4cylc.dat
1 16 0 0 0 2 0 0 0 1 0 0 0 2 4-4ring4.dat
1 16 0 0 0 2 0 0 0 1 0 0 0 2 4-4ring3.dat
1 16 0 0 0 4 0 0 0 1 0 0 0 4 4-4disc.dat
1 16 0 0 0 4 0 0 0 1 0 0 0 4 4-4edge.dat
1 16 0 0 0 6 0 0 0 1 0 0 0 6 4-4edge.dat
1 16 0 0 0 1 0 0 0 1 0 0 0 1 stud2a.dat

1 16 0 3 0 0 0 4 0 .768 0 4.2265 0 0 box4o4a.dat
2 24 -4 3.768 -4.2265 4 3.768 -4.2265
2 24 4 3.768 4.2265 -4 3.768 4.2265
4 16 4 3.768 -4.2265 -4 3.768 -4.2265 -4 5.8035 -6.3256 4 5.8035 -6.3256
4 16 -4 3.768 4.2265 4 3.768 4.2265 4 5.8035 6.3256 -4 5.8035 6.3256
2 24 4 3.768 4.2265 4 5.8035 6.3256
2 24 -4 3.768 4.2265 -4 5.8035 6.3256
2 24 4 3.768 -4.2265 4 5.8035 -6.3256
2 24 -4 5.8035 -6.3256 -4 3.768 -4.2265
5 24 4 5.8035 -6.3256 -4 5.8035 -6.3256 4 3.768 -4.2265 4 8.4628 -7.4612
5 24 4 5.8035 6.3256 -4 5.8035 6.3256 -4 8.4628 7.4612 -4 3.768 4.2265
4 16 4 5.8035 6.3256 4 3.768 4.2265 4 3.768 -4.2265 4 5.8035 -6.3256
4 16 -4 3.768 -4.2265 -4 3.768 4.2265 -4 5.8035 6.3256 -4 5.8035 -6.3256

1 16 0 10 0 0 -1 0 0 0 -1 1 0 0 clip13.dat
