0 Duplo Wall  1 x  8 x  6 Hinge on Left with Window Opening
0 Name: 53916.dat
0 Author: Peter Blomberg [WUIt]
0 !LDRAW_ORG Unofficial_Part
0 !LICENSE Licensed under CC BY 4.0 : see CAreadme.txt

0 !HELP Place Window with 1 1 65.5 146 -16.5 1 0 0 0 1 0 0 0 1 31022.dat

0 BFC CERTIFY CCW

1 16 0 0 0 1 0 0 0 2.75 0 0 0 1 stug7-1x8.dat

0 // window subfiled for reuse in 51260
1 16 0 0 0 1 0 0 0 1 0 0 0 1 s\53916s01.dat

0 // frame shared with 51261
1 16 0 0 0 1 0 0 0 1 0 0 0 1 s\51261s01.dat
0 BFC INVERTNEXT
1 16 60 288 0 18 0 0 0 -20 0 0 0 16 box5.dat
1 16 60 268 14 1.5 0 0 0 19 0 0 0 -2 box4-1.dat
1 16 60 268 -14 1.5 0 0 0 19 0 0 0 2 box4-1.dat
1 16 45 268 0 0 0 3 0 19 0 1.5 0 0 box4-1.dat
1 16 75 268 0 0 0 -3 0 19 0 1.5 0 0 box4-1.dat
0 BFC INVERTNEXT
1 16 -60 288 0 18 0 0 0 -20 0 0 0 16 box5.dat
1 16 -60 268 14 1.5 0 0 0 19 0 0 0 -2 box4-1.dat
1 16 -60 268 -14 1.5 0 0 0 19 0 0 0 2 box4-1.dat
1 16 -75 268 0 0 0 3 0 19 0 1.5 0 0 box4-1.dat
1 16 -45 268 0 0 0 -3 0 19 0 1.5 0 0 box4-1.dat
0 BFC INVERTNEXT
1 16 20 288 0 18 0 0 0 -20 0 0 0 16 box5.dat
1 16 20 268 14 1.5 0 0 0 19 0 0 0 -2 box4-1.dat
1 16 20 268 -14 1.5 0 0 0 19 0 0 0 2 box4-1.dat
1 16 5 268 0 0 0 3 0 19 0 1.5 0 0 box4-1.dat
1 16 35 268 0 0 0 -3 0 19 0 1.5 0 0 box4-1.dat
0 BFC INVERTNEXT
1 16 -20 288 0 18 0 0 0 -20 0 0 0 16 box5.dat
1 16 -20 268 14 1.5 0 0 0 19 0 0 0 -2 box4-1.dat
1 16 -20 268 -14 1.5 0 0 0 19 0 0 0 2 box4-1.dat
1 16 -35 268 0 0 0 3 0 19 0 1.5 0 0 box4-1.dat
1 16 -5 268 0 0 0 -3 0 19 0 1.5 0 0 box4-1.dat

0 // front perifery
4 16 -140 0 -20 -120 4 -20 156 4 -20 160 0 -20
4 16 160 288 -20 160 0 -20 156 4 -20 156 264 -20
4 16 156 264 -20 -120 264 -20 -140 288 -20 160 288 -20
3 16 -120 264 -20 -140 284 -20 -140 288 -20

0 // front thin boundary
1 16 18 264 -19 138 0 0 0 1 0 0 0 1 rect2p.dat

0 // front large surface
4 16 74.25 210.25 -18 156 264 -18 156 4 -18 74.25 81.399 -18
4 16 -120 4 -18 -74.25 61.5 -18 0 61.5 -18 156 4 -18
3 16 74.25 61.5 -18 156 4 -18 0 61.5 -18
4 16 -74.25 81.399 -18 -120 4 -18 -120 264 -18 -74.25 210.25 -18
4 16 74.25 210.25 -18 -74.25 210.25 -18 -120 264 -18 156 264 -18
3 16 74.25 61.5 -18 74.25 81.399 -18 156 4 -18
3 16 -74.25 81.399 -18 -74.25 61.5 -18 -120 4 -18

0 // back large surface
4 16 -72.5 80.93 -14 -72.5 209 -14 -110.5 264 -14 -110.5 4 -14
4 16 -72.5 61.5 -14 -110.5 4 -14 -69 4 -14 -69 21 -14
4 16 -69 247 -14 -69 264 -14 -110.5 264 -14 -72.5 209 -14
4 16 57 264 -14 57 247 -14 72.5 209 -14 156 264 -14
4 16 156 4 -14 156 264 -14 72.5 209 -14 72.5 80.93 -14
3 16 57 21 -14 57 4 -14 156 4 -14
3 16 57 21 -14 156 4 -14 72.5 61.5 -14
3 16 72.5 61.5 -14 156 4 -14 72.5 80.93 -14
3 16 -72.5 80.93 -14 -110.5 4 -14 -72.5 61.5 -14

0 // back inside floor
4 16 57 264 -14 156 264 -14 156 264 20 57 264 3
4 16 53 264 -14 53 264 3 -65 264 3 -65 264 -14
4 16 -110.5 264 -14 -69 264 -14 -69 264 3 -110.5 264 -12
3 16 -110.5 264 -12 -69 264 3 -110.5 264 4
3 16 -110.5 264 4 -69 264 3 -110.5 264 16
3 16 -110.5 264 16 -69 264 3 -65 264 3
3 16 57 264 3 156 264 20 53 264 3
4 16 -65 264 3 53 264 3 156 264 20 -110.5 264 16
4 16 156 264 20 -140 264 20 -113.5 264 16 -110.5 264 16
2 24 -110.5 264 -14 -69 264 -14
2 24 53 264 -14 -65 264 -14
2 24 57 264 -14 156 264 -14

0 // back inside ceiling
4 16 57 4 -14 57 4 3 156 4 20 156 4 -14
4 16 -65 4 3 53 4 3 53 4 -14 -65 4 -14
4 16 -69 4 -14 -110.5 4 -14 -110.5 4 -12 -69 4 3
3 16 -110.5 4 -12 -110.5 4 4 -69 4 3
3 16 -69 4 3 -110.5 4 4 -110.5 4 16
4 16 -113.5 4 16 -140 4 20 156 4 20 -110.5 4 16
4 16 -69 4 3 -110.5 4 16 156 4 20 57 4 3
2 24 156 4 -14 57 4 -14
2 24 53 4 -14 -65 4 -14
2 24 -69 4 -14 -110.5 4 -14

0 // patches to subparted frame
2 24 156 264 -20 156 4 -20
2 24 156 4 -20 -120 4 -20
2 24 156 264 -18 156 4 -18
2 24 156 4 -18 -120 4 -18
2 24 156 264 -14 156 4 -14
4 16 156 4 -18 156 264 -18 156 264 -20 156 4 -20
2 24 156 4 -14 156 4 20
2 24 156 4 20 156 264 20
4 16 156 4 -18 156 4 -20 -120 4 -20 -120 4 -18
4 16 156 264 20 156 264 -14 156 4 -14 156 4 20
2 24 156 4 -20 156 4 -18
2 24 156 264 -14 156 264 20

4 16 -120 264 -20 -120 264 -18 -120 4 -18 -120 4 -20
2 24 156 264 -20 156 264 -18
2 24 -120 264 -20 -120 264 -18
2 24 -120 264 -18 -120 4 -18
2 24 -120 4 -20 -120 4 -18

2 24 -110.5 264 -12 -110.5 264 -14
2 24 -110.5 264 -14 -110.5 4 -14
2 24 -110.5 4 -14 -110.5 4 -12
4 16 -110.5 264 -14 -110.5 264 -12 -110.5 4 -12 -110.5 4 -14

2 24 -113.5 4 -14 -113.5 4 -12
2 24 -113.5 4 -14 -124 4 -14
2 24 -113.5 264 -14 -113.5 264 -12
2 24 -113.5 264 -14 -124 264 -14
2 24 -124 264 -16 -124 264 -14
2 24 -113.5 244 -14 -124 244 -14
2 24 -124 244 -16 -124 244 -14
2 24 -113.5 240 -14 -126 240 -14
2 24 -124 264 -14 -124 244 -14
2 24 -113.5 44 -14 -113.5 4 -14
2 24 -113.5 240 -14 -113.5 48 -14
2 24 -113.5 244 -14 -113.5 264 -14
4 16 -124 264 -12 -124 264 -14 -113.5 264 -14 -113.5 264 -12
4 16 -124 264 -16 -124 244 -16 -124 244 -14 -124 264 -14
4 16 -113.5 244 -14 -124 244 -14 -124 244 -12 -120 244 -12
4 16 -120 240 -12 -124 240 -12 -126 240 -14 -113.5 240 -14
4 16 -124 264 -14 -124 244 -14 -113.5 244 -14 -113.5 264 -14
4 16 -113.5 4 -12 -113.5 44 -12 -113.5 44 -14 -113.5 4 -14
4 16 -113.5 48 -12 -113.5 240 -12 -113.5 240 -14 -113.5 48 -14
4 16 -113.5 244 -12 -113.5 264 -12 -113.5 264 -14 -113.5 244 -14

2 24 -128 240 -16 -126 240 -14
2 24 -113.5 48 -14 -126 48 -14
2 24 -128 48 -16 -126 48 -14
2 24 -124 4 -16 -124 4 -14
2 24 -124 4 -14 -124 44 -14
2 24 -124 44 -14 -113.5 44 -14
2 24 -124 44 -14 -124 44 -16
4 16 -113.5 48 -14 -126 48 -14 -124 48 -12 -120 48 -12
4 16 -113.5 44 -14 -120 44 -12 -124 44 -12 -124 44 -14
4 16 -124 44 -14 -124 44 -16 -124 4 -16 -124 4 -14
4 16 -113.5 4 -14 -124 4 -14 -124 4 -12 -113.5 4 -12
4 16 -113.5 44 -14 -124 44 -14 -124 4 -14 -113.5 4 -14
4 16 -126 48 -14 -126 240 -14 -128 240 -16 -128 48 -16
4 16 -126 240 -14 -126 48 -14 -113.5 48 -14 -113.5 240 -14

3 16 -126 48 -14 -128 48 -16 -140 48 20
3 16 -126 48 -14 -140 48 20 -124 48 -12
3 16 -128 240 -16 -126 240 -14 -140 240 20
3 16 -140 240 20 -126 240 -14 -124 240 -12
2 24 -126 240 -14 -126 48 -14

2 24 -120 44 -4 -113.5 44 -4
4 16 -113.5 44 -14 -113.5 44 -4 -120 44 -4 -120 44 -12
2 24 -113.5 48 -4 -120 48 -4
4 16 -120 48 -12 -120 48 -4 -113.5 48 -4 -113.5 48 -14
2 24 -113.5 48 -4 -113.5 44 -4
4 16 -120 48 -4 -120 44 -4 -113.5 44 -4 -113.5 48 -4
2 24 -113.5 48 -14 -113.5 48 -4
2 24 -113.5 44 -14 -113.5 44 -4

2 24 -120 240 -4 -113.5 240 -4
4 16 -113.5 240 -14 -113.5 240 -4 -120 240 -4 -120 240 -12
2 24 -113.5 244 -4 -120 244 -4
4 16 -120 244 -12 -120 244 -4 -113.5 244 -4 -113.5 244 -14
2 24 -113.5 244 -4 -113.5 240 -4
4 16 -120 244 -4 -120 240 -4 -113.5 240 -4 -113.5 244 -4
2 24 -113.5 244 -14 -113.5 244 -4
2 24 -113.5 240 -14 -113.5 240 -4

2 24 -120 240 -4 -120 240 0
2 24 -120 244 -4 -120 244 0
2 24 -120 244 -4 -120 240 -4
4 16 -120 240 0 -120 240 -4 -120 244 -4 -120 244 0
2 24 -120 44 -4 -120 44 0
2 24 -120 48 -4 -120 48 0
2 24 -120 48 -4 -120 44 -4
4 16 -120 44 0 -120 44 -4 -120 48 -4 -120 48 0