0 Sticker  1.9 x  3.9 with Medium Azure Flower and White Swirls on Lavender Background (Formed)
0 Name: 6037726ac01.dat
0 Author: Takeshi Takahashi [RainbowDolphin]
0 !LDRAW_ORG Unofficial_Part
0 !LICENSE Licensed under CC BY 4.0 : see CAreadme.txt

0 BFC CERTIFY CCW

0 !KEYWORDS Emma, Friends, Set 41013, Sports car, Vehicle

3 15 -29.7 -13.58541 .19423 -39 -13.32307 -.87403 -27.97895 -13.53771 0
3 15 31.9 -13.27537 -1.06826 29.7 -13.65696 .48557 26.5 -13.32307 -.87403
3 15 2 -13.70465 .6798 1.1 -13.9193 1.55383 .27 -13.62357 .34961
3 31 .27 -13.78574 1.00999 -3.1 -13.96699 1.74806 .2 -13.70465 .6798
3 31 .46 -13.85729 1.30133 -3.1 -13.96699 1.74806 .27 -13.78574 1.00999
3 15 1.44 -13.9026 1.48585 1.1 -13.9193 1.55383 1.74 -13.85729 1.30133
3 31 36.4 -13.8239 1.16537 34 -14.03854 2.0394 31.9 -13.27537 -1.06826
3 322 -14.9 -14.06239 2.13652 -16.6 -14.08624 2.23363 -15 -13.75235 .87403
3 31 1.1 -13.9193 1.55383 -.5 -14.18163 2.62209 .76 -13.9026 1.48585
3 31 2.4 -14.25318 2.91344 1.44 -13.9026 1.48585 1.74 -13.85729 1.30133
3 31 -36.64 -14.50574 3.94188 -36.83 -14.57753 4.23419 -39 -13.89545 1.45672
3 31 -35.66 -14.46067 3.75833 -36 -14.44397 3.69035 -36.5 -14.13394 2.42786
3 31 -36 -14.44397 3.69035 -36.34 -14.46067 3.75833 -36.5 -14.13394 2.42786
4 15 -10.9 -14.854 5.36 -14.9 -14.06239 2.13652 -15 -13.75235 .87403 -10.9 -14.22933 2.81632
4 31 -39 -14.854 5.36 -39 -13.89545 1.45672 -36.83 -14.57753 4.23419 -36.9 -14.65862 4.56438
3 31 -33.16 -14.46067 3.75833 -33.5 -14.44397 3.69035 -32.7 -14.22933 2.81632
3 31 -33.84 -14.46067 3.75833 -34.14 -14.50574 3.94188 -34.4 -14.22933 2.81632
3 31 -32.86 -14.50574 3.94188 -33.16 -14.46067 3.75833 -32.7 -14.22933 2.81632
4 16 38.1 -14.40862 4.56438 -39 -12.883 -1.648 -39 -14.604 5.36 38.27147 -14.604 5.36
3 15 -16.6 -14.08624 2.23363 -16.86769 -14.854 5.36 -18.5 -14.01469 1.94229
3 31 38.1 -14.65862 4.56438 35 -14.73016 4.85572 36.4 -13.8239 1.16537
3 15 13.8 -14.46782 3.78747 12.7 -14.77786 5.04995 11.1 -14.13394 2.42786
3 322 -24.6 -14.56322 4.17592 -26.3 -14.82556 5.24418 -27.3 -14.46782 3.78747
4 31 -21.6 -14.73016 4.85572 -21 -14.20548 2.71921 -19.3 -14.61092 4.37015 -20.5 -14.77786 5.04995
3 15 -31.9 -14.53937 4.07881 -32.86 -14.81125 5.18591 -32.86 -14.50574 3.94188
4 15 -33.85696 -14.854 5.36 -34.14 -14.81125 5.18591 -34.33 -14.7397 4.89457 -34.4 -14.65862 4.56438
3 31 12.7 -14.77786 5.04995 7.5 -14.68246 4.6615 10.4 -14.65862 4.56438
4 15 -35.36 -14.81125 5.18591 -35.64304 -14.854 5.36 -35.1 -14.65862 4.56438 -35.17 -14.7397 4.89457
4 15 -36.83 -14.7397 4.89457 -35.1 -14.65862 4.56438 -35.64304 -14.854 5.36 -36.35696 -14.854 5.36
3 15 -19.86148 -14.854 5.36 -20.65963 -14.854 5.36 -20.5 -14.77786 5.04995
3 31 -6.24614 -14.854 5.36 -8.67211 -14.854 5.36 -6.9 -14.80171 5.14707
3 31 -36.35696 -14.854 5.36 -39 -14.854 5.36 -36.64 -14.81125 5.18591
3 31 -32.80257 -14.854 5.36 -32.83898 -14.854 5.36 -32.86 -14.81125 5.18591
3 31 -32.83898 -14.854 5.36 -33.14304 -14.854 5.36 -32.86 -14.81125 5.18591
3 31 -33.85696 -14.854 5.36 -35.64304 -14.854 5.36 -34.14 -14.81125 5.18591
3 15 -21.94617 -14.854 5.36 -30.42095 -14.854 5.36 -26.3 -14.82556 5.24418
4 15 15.7 -15.00849 6.42964 14.7 -14.96561 6.13272 13.28047 -14.854 5.36 15.41926 -14.854 5.36
3 31 13.28047 -14.854 5.36 14.7 -14.96561 6.13272 4.80278 -14.854 5.36
4 31 -14.9 -15.10856 7.12245 -17.9 -14.9942 6.33067 -19.86148 -14.854 5.36 -16.86769 -14.854 5.36
4 31 -34.14 -15.01707 6.48903 -35.64304 -14.854 5.36 -33.85696 -14.854 5.36 -33.84 -14.98991 6.30098
3 31 -6.24614 -14.854 5.36 -8.6 -14.92272 5.8358 -8.67211 -14.854 5.36
3 31 -20.65963 -14.854 5.36 -21.5 -15.09426 7.02348 -21.94617 -14.854 5.36
4 15 -1 -14.95131 6.03375 -2.8 -14.95131 6.03375 -6.24614 -14.854 5.36 4.80278 -14.854 5.36
3 15 -8.67211 -14.854 5.36 -9.8 -15.10856 7.12245 -9.8 -14.854 5.36
3 15 -31.59217 -14.854 5.36 -32.2 -15.12285 7.22143 -32.80257 -14.854 5.36
3 15 -3.5 -14.95131 6.03375 -4.4 -15.07997 6.92451 -5.23 -14.90271 5.69724
3 31 -32.80257 -14.854 5.36 -32.67 -15.05995 6.78595 -32.83898 -14.854 5.36
3 15 35.01403 -14.854 5.36 35.1 -15.30868 8.50808 33.70843 -14.854 5.36
3 15 -4.059 -15.06996 6.85523 -4.4 -15.07997 6.92451 -3.76 -15.0428 6.66718
3 15 -1.56 -15.06996 6.85523 -1.9 -15.07997 6.92451 -1.26 -15.0428 6.66718
3 15 -1.9 -15.07997 6.92451 -2.24 -15.06996 6.85523 -2.54 -15.0428 6.66718
3 31 -4.74 -15.06996 6.85523 -8.8 -15.23721 8.01321 -5.04 -15.0428 6.66718
3 31 -4.4 -15.07997 6.92451 -8.8 -15.23721 8.01321 -4.74 -15.06996 6.85523
3 31 -32.2 -15.12285 7.22143 -32.67 -15.15716 7.45896 -32.6 -15.10856 7.12245
3 15 -19.36 -15.2272 7.94393 -19.7 -15.23721 8.01321 -19.06 -15.20004 7.75588
4 31 -36 -14.86554 5.43991 -39 -15.902 12.616 -39 -14.854 5.36 -36.35696 -14.854 5.36
3 31 -20.34 -15.20004 7.75588 -22.5 -15.46593 9.59678 -20.53 -15.15716 7.45896
3 31 -16.56 -15.36015 8.86438 -16.86 -15.33299 8.67633 -15.6 -15.22291 7.91424
3 31 -31 -15.5374 10.09164 -33.16 -15.2272 7.94393 -32.86 -15.20004 7.75588
3 31 -16.37 -15.40303 9.1613 -16.56 -15.36015 8.86438 -15.6 -15.22291 7.91424
3 16 38.27147 -14.604 5.36 39 -15.652 12.616 39 -15.10157 8.80499
4 31 33.70843 -14.854 5.36 35.1 -15.30868 8.50808 15.7 -15.00849 6.42964 15.41926 -14.854 5.36
3 31 -20.6 -15.45163 9.49781 -22.5 -15.46593 9.59678 -20.53 -15.40303 9.1613
4 31 39 -15.902 12.616 -8.8 -15.23721 8.01321 -4.4 -15.07997 6.92451 -1.9 -15.07997 6.92451
3 31 -20.53 -15.50024 9.83431 -22.5 -15.46593 9.59678 -20.6 -15.45163 9.49781
3 31 -33.5 -15.23721 8.01321 -39 -15.902 12.616 -33.84 -15.2272 7.94393
4 31 -25.4 -15.78042 11.77418 -19.7 -15.58029 10.38856 -19.36 -15.57028 10.31928 -17.2 -15.58029 10.38856
4 31 -8.8 -15.23721 8.01321 39 -15.902 12.616 -16.3 -15.45163 9.49781 -11.9 -15.28009 8.31013
3 31 -20.04 -15.57028 10.31928 -25.4 -15.78042 11.77418 -20.34 -15.54312 10.13123
3 31 -28.1 -15.59458 10.48754 -28.4 -15.8233 12.0711 -29.9 -15.50881 9.8937
3 31 -19.7 -15.58029 10.38856 -25.4 -15.78042 11.77418 -20.04 -15.57028 10.31928
3 31 -29.2465 -15.902 12.616 -39 -15.902 12.616 -31 -15.5374 10.09164
4 31 -16.86 -15.57028 10.31928 39 -15.902 12.616 -27.32792 -15.902 12.616 -17.2 -15.58029 10.38856
3 15 -25.4 -15.78042 11.77418 -28.4 -15.8233 12.0711 -25.6 -15.62317 10.68548
3 15 -27.32792 -15.902 12.616 -28.8 -15.93257 13.26473 -29.2465 -15.902 12.616
3 31 39 -15.902 12.616 -28.8 -15.93257 13.26473 -27.32792 -15.902 12.616
3 31 -3.1 -13.96699 1.74806 -6.4 -13.53771 0 -2.5 -13.44231 -.38846
3 31 11.1 -14.13394 2.42786 6.2 -13.7762 .97115 26.5 -13.32307 -.87403
4 322 -22.2 -13.89545 1.45672 -27.97895 -13.53771 0 -27.62169 -13.133 -1.648 -21.57931 -13.53771 0
3 322 -27.62169 -13.133 -1.648 -15.52264 -13.133 -1.648 -21.57931 -13.53771 0
3 15 -11.35098 -13.133 -1.648 -8.09697 -13.133 -1.648 -10.9 -13.29922 -.97115
4 15 -15.2 -13.39462 -.58269 -15.52264 -13.133 -1.648 -12.66619 -13.133 -1.648 -12.3 -13.25152 -1.16537
3 31 -5.3 -13.03096 -1.93334 -4.76969 -13.133 -1.648 -8.09697 -13.133 -1.648
3 322 -23.15 -12.91311 -2.2629 -22.76 -13.00066 -2.01808 -27.62169 -13.133 -1.648
3 322 -23.41 -12.7818 -2.63013 -23.15 -12.91311 -2.2629 -27.62169 -13.133 -1.648
3 15 -15.7 -12.92995 -2.21582 -12.66619 -13.133 -1.648 -15.52264 -13.133 -1.648
3 15 -12 -12.79526 -2.59246 -8.09697 -13.133 -1.648 -11.35098 -13.133 -1.648
3 322 -26.76 -12.63027 -3.05385 -26.3 -12.66058 -2.96911 -27.62169 -13.133 -1.648
3 322 -27.15 -12.54273 -3.29867 -26.76 -12.63027 -3.05385 -27.62169 -13.133 -1.648
3 322 -21.19 -12.7818 -2.63013 -16.7 -12.39121 -3.72239 -21.45 -12.91311 -2.2629
3 322 -27.41 -12.41141 -3.6659 -27.15 -12.54273 -3.29867 -27.62169 -13.133 -1.648
3 322 -21.1 -12.62691 -3.06327 -16.7 -12.39121 -3.72239 -21.19 -12.7818 -2.63013
3 322 -21.19 -12.47202 -3.49641 -16.7 -12.39121 -3.72239 -21.1 -12.62691 -3.06327
3 322 -21.3 -11.81879 -5.32312 -20.84 -11.78849 -5.40787 -21.45 -12.3407 -3.86363
3 322 -20.84 -11.78849 -5.40787 -20.45 -11.70094 -5.65269 -16.7 -12.39121 -3.72239
3 322 -22.15 -11.70094 -5.65269 -21.76 -11.78849 -5.40787 -21.84 -12.25315 -4.10845
3 322 -30.1 -11.14537 -7.20634 -27.41 -12.10163 -4.53217 -27.5 -12.25652 -4.09904
3 31 -39 -11.54942 -6.07641 -37.4 -11.54942 -6.07641 -39 -12.15551 -4.38152
3 322 -30.1 -11.14537 -7.20634 -27.15 -11.97031 -4.8994 -27.41 -12.10163 -4.53217
4 15 -4.93659 -10.76 -8.284 -1.4 -11.31372 -6.73553 -5.3 -13.03096 -1.93334 -7.8 -12.22285 -4.1932
4 31 16.99885 -10.76 -8.284 19.7 -10.90967 -7.86546 25 -12.02082 -4.75816 19.6 -11.85247 -5.22896
4 322 -20.45 -11.70094 -5.65269 -20.19 -11.56963 -6.01991 -12.60286 -10.76 -8.284 -16.7 -12.39121 -3.72239
4 15 -6.4 -11.04435 -7.48882 -4.93659 -10.76 -8.284 -7.8 -12.22285 -4.1932 -8 -11.78512 -5.41729
3 322 -26.51 -10.88946 -7.92196 -26.6 -11.04435 -7.48882 -30.1 -11.14537 -7.20634
3 31 -37.5 -11.07802 -7.39466 -33.8 -10.84232 -8.05378 -35.7 -11.14537 -7.20634
4 322 -26.51 -10.88946 -7.92196 -30.1 -11.14537 -7.20634 -31.06842 -10.76 -8.284 -26.25367 -10.76 -8.284
3 31 -39 -10.76 -8.284 -37.83327 -10.76 -8.284 -39 -11.07802 -7.39466
3 15 -37.83327 -10.76 -8.284 -35.95447 -10.76 -8.284 -37.5 -11.07802 -7.39466
3 15 -5.95765 -10.76 -8.284 -4.93659 -10.76 -8.284 -6.4 -11.04435 -7.48882
3 15 -12.60286 -10.76 -8.284 -7.31331 -10.76 -8.284 -12 -10.87599 -7.95962
3 15 -33.9921 -10.76 -8.284 -31.06842 -10.76 -8.284 -33.8 -10.84232 -8.05378
3 31 -35.7 -10.69232 -8.42401 -33.9921 -10.76 -8.284 -35.95447 -10.76 -8.284
3 322 -19.3 -10.43117 -8.9642 -12.60286 -10.76 -8.284 -24.54633 -10.76 -8.284
3 16 -39 -10.51 -8.284 16.99885 -10.51 -8.284 11.8 -10.13765 -9.05423
3 15 -36.9 -10.43117 -8.9642 -35.95447 -10.76 -8.284 -37.83327 -10.76 -8.284
3 31 -4.24 -10.40071 -9.02722 -3.9 -10.43117 -8.9642 -4.93659 -10.76 -8.284
4 322 -26.5 -9.12545 -11.66514 -25.2 -9.64774 -10.58476 -26.25367 -10.76 -8.284 -31.06842 -10.76 -8.284
3 31 -4.54 -10.31801 -9.19828 -4.24 -10.40071 -9.02722 -4.93659 -10.76 -8.284
4 15 -31.9 -9.95241 -9.95454 -31.06842 -10.76 -8.284 -33.9921 -10.76 -8.284 -34.9 -10.25708 -9.32432
3 15 -14.1 -10.38765 -9.05423 -7.31331 -10.76 -8.284 -12.60286 -10.76 -8.284
3 322 -25.2 -9.64774 -10.58476 -25.4 -10.60527 -8.60407 -25.86 -10.64444 -8.52304
3 322 -25.4 -10.60527 -8.60407 -25.2 -9.64774 -10.58476 -24.94 -10.64444 -8.52304
3 31 .37 -10.18744 -9.46837 .56 -10.31801 -9.19828 -.76 -10.31801 -9.19828
3 15 -19 -9.64774 -10.58476 -17.7 -10.17003 -9.50438 -19.3 -10.43117 -8.9642
3 15 -37.3 -9.3866 -11.12495 -36.5 -10.1265 -9.59442 -36.9 -10.43117 -8.9642
3 31 2.029 -9.89148 -10.08059 6.5 -9.64774 -10.58476 2.1 -10.03946 -9.77448
3 31 1.84 -9.7609 -10.35068 6.5 -9.64774 -10.58476 2.029 -9.89148 -10.08059
3 31 1.54 -9.67821 -10.52174 6.5 -9.64774 -10.58476 1.84 -9.7609 -10.35068
3 31 -6.16 -9.35613 -11.18797 -5.86 -9.27343 -11.35903 -4.73 -9.89148 -10.08059
3 15 -26.5 -9.12545 -11.66514 -24.9 -8.90783 -12.1153 -25.2 -9.64774 -10.58476
3 15 -36.5 -8.42907 -13.10564 -32.2 -9.25603 -11.39504 -31.9 -9.95241 -9.95454
3 31 -.7 -8.21145 -13.5558 1.2 -9.64774 -10.58476 .86 -9.67821 -10.52174
3 15 -7.33 -9.14286 -11.62913 -5.6 -8.99488 -11.93523 -6.16 -9.35613 -11.18797
3 15 -9.64 -8.71633 -12.51143 -8.1 -8.99488 -11.93523 -10.4 -9.03841 -11.8452
3 15 -9 -8.60317 -12.74552 -8.17 -8.8469 -12.24134 -8.1 -8.99488 -11.93523
3 322 -32.2 -8.60317 -12.74552 -30.5 -8.55964 -12.83555 -32.2 -9.25603 -11.39504
4 15 -36.54235 -7.784 -14.44 -32.2 -8.60317 -12.74552 -32.2 -9.25603 -11.39504 -36.5 -8.42907 -13.10564
3 31 -3.26 -8.71633 -12.51143 -.7 -8.21145 -13.5558 -3.07 -8.8469 -12.24134
3 31 -6.16 -8.35508 -13.2587 -5.86 -8.27238 -13.42976 -5.86 -8.71633 -12.51143
3 31 -17 -8.51612 -12.92558 -16 -8.73374 -12.47542 -17.5 -9.3866 -11.12495
3 31 -13.46 -8.31155 -13.34873 -13.16 -8.22886 -13.51979 -11.4 -8.38555 -13.19567
3 31 -15 -8.2985 -13.37574 -14.44 -8.22886 -13.51979 -14.14 -8.31155 -13.34873
3 31 -14.63 -8.09829 -13.78988 -14.44 -8.22886 -13.51979 -15 -8.2985 -13.37574
4 15 -16.82294 -7.784 -14.44 -17 -8.51612 -12.92558 -19.1 -8.86431 -12.20533 -19.6 -7.95031 -14.09599
4 31 -2.33684 -7.784 -14.44 -3.9 -8.60317 -12.74552 -4.24 -8.63363 -12.68249 -5.6 -7.99383 -14.00596
4 322 -22.62697 -7.784 -14.44 -19.6 -7.95031 -14.09599 -19.1 -8.86431 -12.20533 -23.9 -8.2985 -13.37574
4 31 -14.92612 -7.784 -14.44 -14.7 -7.95031 -14.09599 -14.63 -8.09829 -13.78988 -15 -8.2985 -13.37574
3 15 -14.44 -8.22886 -13.51979 -12.99667 -7.784 -14.44 -14.14 -8.31155 -13.34873
3 31 -27.89128 -7.784 -14.44 -26.11044 -7.784 -14.44 -26.5 -8.25497 -13.46577
3 15 -38.71795 -7.784 -14.44 -37.7 -7.784 -14.44 -37.7 -8.1244 -13.73586
3 15 -14.7 -7.95031 -14.09599 -14.60334 -7.784 -14.44 -14.63 -8.09829 -13.78988
3 322 -22.62697 -7.784 -14.44 -19.88658 -7.784 -14.44 -19.6 -7.95031 -14.09599
3 15 -19.88658 -7.784 -14.44 -16.82294 -7.784 -14.44 -19.6 -7.95031 -14.09599
3 31 -5.76 -7.784 -14.44 -2.33684 -7.784 -14.44 -5.67 -7.84585 -14.31206
3 31 -15.7 -7.55983 -14.79268 -15.74822 -7.784 -14.44 -16.82294 -7.784 -14.44
4 31 -14.44 -7.64566 -14.65765 -14.60334 -7.784 -14.44 -14.92612 -7.784 -14.44 -14.9 -7.55983 -14.79268
3 15 -13.8 -7.50619 -14.87708 -12.99667 -7.784 -14.44 -14.60334 -7.784 -14.44
3 16 -39 -7.534 -14.44 -2.33684 -7.534 -14.44 -3.7 -7.09526 -15.13026
3 31 -28.3 -7.61347 -14.70829 -26.11044 -7.784 -14.44 -27.89128 -7.784 -14.44
3 15 -20.8 -7.13069 -15.46784 -16.82294 -7.784 -14.44 -19.88658 -7.784 -14.44
3 31 -8.66 -7.59738 -14.73361 -7.5 -5.95056 -17.32453 -8.36 -7.6993 -14.57326
3 31 -6.5 -7.55983 -14.79268 -7.5 -5.95056 -17.32453 -6.16 -7.59738 -14.73361
3 31 -7.5 -5.95056 -17.32453 -6.5 -7.55983 -14.79268 -6.84 -7.59738 -14.73361
3 31 -9 -7.55983 -14.79268 -7.5 -5.95056 -17.32453 -8.66 -7.59738 -14.73361
3 15 -38.8 -6.96976 -15.72103 -37.7 -7.784 -14.44 -38.71795 -7.784 -14.44
3 31 -39 -5.95056 -17.32453 -38.7 -5.95056 -17.32453 -38.8 -6.96976 -15.72103
3 31 -17.9 -5.95056 -17.32453 -16.7 -5.95056 -17.32453 -17.2 -6.70155 -16.143
3 31 -28.9 -6.11149 -17.07135 -27.1 -5.95056 -17.32453 -27.6 -6.48698 -16.48058
3 15 -38.7 -5.95056 -17.32453 -34.3 -6.0042 -17.24014 -37.7 -6.11149 -17.07135
3 31 -30.2 -5.95056 -17.32453 -27.1 -5.95056 -17.32453 -28.9 -6.11149 -17.07135
3 15 -38.7 -5.95056 -17.32453 -30.2 -5.95056 -17.32453 -34.3 -6.0042 -17.24014
3 16 -39 -12.883 -1.648 -39 -13.32307 -.87403 -39 -13.63311 .38846
3 15 -39 -13.32307 -.87403 -29.7 -13.58541 .19423 -31.7 -13.70465 .6798
4 15 6.2 -13.7762 .97115 2 -13.70465 .6798 .27 -13.62357 .34961 -2.5 -13.44231 -.38846
4 15 -39 -13.32307 -.87403 -31.7 -13.70465 .6798 -33.9 -13.7285 .77692 -36.3 -13.58541 .19423
4 31 -39 -13.32307 -.87403 -36.3 -13.58541 .19423 -36.4 -13.89545 1.45672 -39 -13.63311 .38846
4 31 -2.5 -13.44231 -.38846 .27 -13.62357 .34961 .2 -13.70465 .6798 -3.1 -13.96699 1.74806
3 322 -15.2 -13.39462 -.58269 -18.5 -14.01469 1.94229 -20.4 -13.8239 1.16537
4 15 -15.2 -13.39462 -.58269 -11.5 -13.7285 .77692 -10.9 -14.22933 2.81632 -15 -13.75235 .87403
4 15 1.1 -13.9193 1.55383 .27 -13.78574 1.00999 .2 -13.70465 .6798 .27 -13.62357 .34961
4 16 -39 -12.883 -1.648 -39 -13.63311 .38846 -39 -13.89545 1.45672 -39 -14.604 5.36
3 31 6.2 -13.7762 .97115 11.1 -14.13394 2.42786 8.1 -14.08624 2.23363
4 322 -15.2 -13.39462 -.58269 -15 -13.75235 .87403 -16.6 -14.08624 2.23363 -18.5 -14.01469 1.94229
4 15 31.9 -13.27537 -1.06826 34 -14.03854 2.0394 32.2 -14.25318 2.91344 29.7 -13.65696 .48557
4 31 -33.9 -13.7285 .77692 -33.9 -14.01469 1.94229 -36.4 -13.89545 1.45672 -36.3 -13.58541 .19423
4 15 1.93 -13.78574 1.00999 1.74 -13.85729 1.30133 1.1 -13.9193 1.55383 2 -13.70465 .6798
4 15 -27.9 -14.03854 2.0394 -30.5 -14.13394 2.42786 -29.7 -13.58541 .19423 -27.97895 -13.53771 0
4 31 -30.5 -14.13394 2.42786 -31.7 -13.99084 1.84518 -31.7 -13.70465 .6798 -29.7 -13.58541 .19423
4 31 -31.7 -13.99084 1.84518 -33.9 -14.01469 1.94229 -33.9 -13.7285 .77692 -31.7 -13.70465 .6798
4 31 6.2 -13.7762 .97115 5.3 -14.18163 2.62209 1.93 -13.78574 1.00999 2 -13.70465 .6798
4 15 1.1 -13.9193 1.55383 .76 -13.9026 1.48585 .46 -13.85729 1.30133 .27 -13.78574 1.00999
4 31 26.5 -13.32307 -.87403 29.7 -13.65696 .48557 13.8 -14.46782 3.78747 11.1 -14.13394 2.42786
4 15 -36.4 -13.89545 1.45672 -36.5 -14.13394 2.42786 -39 -13.89545 1.45672 -39 -13.63311 .38846
3 31 8.1 -14.08624 2.23363 5.3 -14.18163 2.62209 6.2 -13.7762 .97115
4 15 -6.4 -13.53771 0 -8.9 -14.49167 3.88458 -9.8 -14.32473 3.20478 -10.4 -13.70465 .6798
3 31 36.4 -13.8239 1.16537 35 -14.73016 4.85572 34 -14.03854 2.0394
4 322 -22.2 -13.89545 1.45672 -23.2 -14.27703 3.01055 -27.9 -14.03854 2.0394 -27.97895 -13.53771 0
4 15 -21.57931 -13.53771 0 -20.4 -13.8239 1.16537 -19.3 -14.61092 4.37015 -21 -14.20548 2.71921
4 31 .76 -13.9026 1.48585 -.5 -14.18163 2.62209 -3.1 -13.96699 1.74806 .46 -13.85729 1.30133
4 15 -21.57931 -13.53771 0 -21 -14.20548 2.71921 -21.6 -14.73016 4.85572 -22.2 -13.89545 1.45672
4 31 -9.8 -14.32473 3.20478 -10.9 -14.22933 2.81632 -11.5 -13.7285 .77692 -10.4 -13.70465 .6798
4 31 5.3 -14.18163 2.62209 2.4 -14.25318 2.91344 1.74 -13.85729 1.30133 1.93 -13.78574 1.00999
4 31 2.4 -14.25318 2.91344 -.5 -14.18163 2.62209 1.1 -13.9193 1.55383 1.44 -13.9026 1.48585
4 15 -33.9 -14.01469 1.94229 -34.4 -14.22933 2.81632 -36.5 -14.13394 2.42786 -36.4 -13.89545 1.45672
3 15 -6.4 -13.53771 0 -6.9 -14.80171 5.14707 -8.9 -14.49167 3.88458
4 15 -32.7 -14.22933 2.81632 -34.4 -14.22933 2.81632 -33.9 -14.01469 1.94229 -31.7 -13.99084 1.84518
4 16 36.4 -13.8239 1.16537 36.4 -13.5739 1.16537 38.1 -14.40862 4.56438 38.1 -14.65862 4.56438
4 31 -36.5 -14.13394 2.42786 -36.34 -14.46067 3.75833 -36.64 -14.50574 3.94188 -39 -13.89545 1.45672
4 31 32.2 -14.25318 2.91344 33.7 -14.84941 5.3413 13.8 -14.46782 3.78747 29.7 -13.65696 .48557
4 15 -31.9 -14.53937 4.07881 -32.86 -14.50574 3.94188 -32.7 -14.22933 2.81632 -31.7 -13.99084 1.84518
4 15 -18.5 -14.01469 1.94229 -16.86769 -14.854 5.36 -19.3 -14.61092 4.37015 -20.4 -13.8239 1.16537
4 31 -34.4 -14.22933 2.81632 -35.36 -14.50574 3.94188 -35.66 -14.46067 3.75833 -36.5 -14.13394 2.42786
4 322 -23.2 -14.27703 3.01055 -24.6 -14.56322 4.17592 -27.3 -14.46782 3.78747 -27.9 -14.03854 2.0394
4 31 -32.7 -14.22933 2.81632 -33.5 -14.44397 3.69035 -33.84 -14.46067 3.75833 -34.4 -14.22933 2.81632
4 15 -27.3 -14.46782 3.78747 -30.6 -14.73016 4.85572 -30.5 -14.13394 2.42786 -27.9 -14.03854 2.0394
4 31 -30.5 -14.13394 2.42786 -30.6 -14.73016 4.85572 -31.9 -14.53937 4.07881 -31.7 -13.99084 1.84518
3 16 -39 -14.604 5.36 -39 -13.89545 1.45672 -39 -14.854 5.36
4 15 10.4 -14.65862 4.56438 7.5 -14.68246 4.6615 5.3 -14.18163 2.62209 8.1 -14.08624 2.23363
4 15 -6.4 -13.53771 0 -3.1 -13.96699 1.74806 -6.24614 -14.854 5.36 -6.9 -14.80171 5.14707
4 15 11.1 -14.13394 2.42786 12.7 -14.77786 5.04995 10.4 -14.65862 4.56438 8.1 -14.08624 2.23363
4 31 -34.14 -14.50574 3.94188 -35.17 -14.57753 4.23419 -35.36 -14.50574 3.94188 -34.4 -14.22933 2.81632
4 15 -10.9 -14.854 5.36 -16.86769 -14.854 5.36 -16.6 -14.08624 2.23363 -14.9 -14.06239 2.13652
4 15 -6.24614 -14.854 5.36 -3.1 -13.96699 1.74806 -.5 -14.18163 2.62209 4.80278 -14.854 5.36
4 15 35 -14.73016 4.85572 33.7 -14.84941 5.3413 32.2 -14.25318 2.91344 34 -14.03854 2.0394
4 15 -33.16 -14.46067 3.75833 -34.4 -14.65862 4.56438 -33.84 -14.46067 3.75833 -33.5 -14.44397 3.69035
4 15 -35.66 -14.46067 3.75833 -35.1 -14.65862 4.56438 -36.34 -14.46067 3.75833 -36 -14.44397 3.69035
4 15 -22.2 -13.89545 1.45672 -21.6 -14.73016 4.85572 -21.94617 -14.854 5.36 -23.2 -14.27703 3.01055
3 15 2.4 -14.25318 2.91344 4.80278 -14.854 5.36 -.5 -14.18163 2.62209
4 15 -35.1 -14.65862 4.56438 -36.83 -14.57753 4.23419 -36.64 -14.50574 3.94188 -36.34 -14.46067 3.75833
4 15 -35.36 -14.50574 3.94188 -35.17 -14.57753 4.23419 -35.1 -14.65862 4.56438 -35.66 -14.46067 3.75833
4 15 -34.4 -14.65862 4.56438 -34.33 -14.57753 4.23419 -34.14 -14.50574 3.94188 -33.84 -14.46067 3.75833
4 15 5.3 -14.18163 2.62209 7.5 -14.68246 4.6615 4.80278 -14.854 5.36 2.4 -14.25318 2.91344
4 31 -9.8 -14.32473 3.20478 -9.8 -14.854 5.36 -10.9 -14.854 5.36 -10.9 -14.22933 2.81632
4 31 -34.33 -14.57753 4.23419 -35.1 -14.65862 4.56438 -35.17 -14.57753 4.23419 -34.14 -14.50574 3.94188
4 31 38.1 -14.65862 4.56438 38.27147 -14.854 5.36 35.01403 -14.854 5.36 35 -14.73016 4.85572
3 31 -36.9 -14.65862 4.56438 -36.83 -14.7397 4.89457 -39 -14.854 5.36
4 15 -32.86 -14.50574 3.94188 -32.86 -14.81125 5.18591 -34.4 -14.65862 4.56438 -33.16 -14.46067 3.75833
4 15 13.8 -14.46782 3.78747 15.41926 -14.854 5.36 13.28047 -14.854 5.36 12.7 -14.77786 5.04995
4 15 -8.9 -14.49167 3.88458 -8.67211 -14.854 5.36 -9.8 -14.854 5.36 -9.8 -14.32473 3.20478
3 15 -21.94617 -14.854 5.36 -24.6 -14.56322 4.17592 -23.2 -14.27703 3.01055
4 15 -35.1 -14.65862 4.56438 -36.83 -14.7397 4.89457 -36.9 -14.65862 4.56438 -36.83 -14.57753 4.23419
4 31 -34.4 -14.65862 4.56438 -35.17 -14.7397 4.89457 -35.1 -14.65862 4.56438 -34.33 -14.57753 4.23419
4 31 -19.3 -14.61092 4.37015 -16.86769 -14.854 5.36 -19.86148 -14.854 5.36 -20.5 -14.77786 5.04995
4 31 -20.5 -14.77786 5.04995 -20.65963 -14.854 5.36 -21.94617 -14.854 5.36 -21.6 -14.73016 4.85572
4 15 -31.9 -14.53937 4.07881 -31.59217 -14.854 5.36 -32.80257 -14.854 5.36 -32.86 -14.81125 5.18591
4 31 -34.33 -14.7397 4.89457 -35.36 -14.81125 5.18591 -35.17 -14.7397 4.89457 -34.4 -14.65862 4.56438
4 31 -30.6 -14.73016 4.85572 -30.42095 -14.854 5.36 -31.59217 -14.854 5.36 -31.9 -14.53937 4.07881
4 15 -27.3 -14.46782 3.78747 -26.3 -14.82556 5.24418 -30.42095 -14.854 5.36 -30.6 -14.73016 4.85572
3 31 -6.9 -14.80171 5.14707 -8.67211 -14.854 5.36 -8.9 -14.49167 3.88458
4 31 33.7 -14.84941 5.3413 33.70843 -14.854 5.36 15.41926 -14.854 5.36 13.8 -14.46782 3.78747
4 16 38.1 -14.65862 4.56438 38.1 -14.40862 4.56438 38.27147 -14.604 5.36 38.27147 -14.854 5.36
4 31 12.7 -14.77786 5.04995 13.28047 -14.854 5.36 4.80278 -14.854 5.36 7.5 -14.68246 4.6615
3 15 -21.94617 -14.854 5.36 -26.3 -14.82556 5.24418 -24.6 -14.56322 4.17592
3 15 -36.35696 -14.854 5.36 -36.64 -14.81125 5.18591 -36.83 -14.7397 4.89457
4 15 -32.86 -14.81125 5.18591 -33.14304 -14.854 5.36 -33.85696 -14.854 5.36 -34.4 -14.65862 4.56438
3 31 -36.64 -14.81125 5.18591 -39 -14.854 5.36 -36.83 -14.7397 4.89457
4 31 -35.36 -14.81125 5.18591 -34.33 -14.7397 4.89457 -34.14 -14.81125 5.18591 -35.64304 -14.854 5.36
4 15 35.01403 -14.854 5.36 33.70843 -14.854 5.36 33.7 -14.84941 5.3413 35 -14.73016 4.85572
3 15 -35.64304 -14.854 5.36 -36 -14.86554 5.43991 -36.35696 -14.854 5.36
3 15 -33.14304 -14.854 5.36 -33.5 -14.86554 5.43991 -33.85696 -14.854 5.36
3 31 -6.24614 -14.854 5.36 -5.23 -14.90271 5.69724 -5.3 -14.95131 6.03375
3 15 4.80278 -14.854 5.36 1.4 -14.95131 6.03375 -1 -14.95131 6.03375
4 15 -6.24614 -14.854 5.36 -2.8 -14.95131 6.03375 -3.5 -14.95131 6.03375 -5.23 -14.90271 5.69724
4 15 -10.9 -14.854 5.36 -10.9 -14.96561 6.13272 -14.4 -14.95131 6.03375 -16.86769 -14.854 5.36
3 31 -33.85696 -14.854 5.36 -33.5 -14.9799 6.2317 -33.84 -14.98991 6.30098
4 31 -6.24614 -14.854 5.36 -5.3 -14.95131 6.03375 -5.23 -14.99991 6.37026 -8.6 -14.92272 5.8358
4 31 -33.5 -14.86554 5.43991 -33.16 -14.98991 6.30098 -33.5 -14.9799 6.2317 -33.85696 -14.854 5.36
4 31 -32.83898 -14.854 5.36 -32.67 -15.05995 6.78595 -32.86 -15.01707 6.48903 -33.14304 -14.854 5.36
4 31 -32.86 -15.01707 6.48903 -33.16 -14.98991 6.30098 -33.5 -14.86554 5.43991 -33.14304 -14.854 5.36
3 15 -1 -14.95131 6.03375 -1.9 -15.07997 6.92451 -2.8 -14.95131 6.03375
4 31 -9.8 -14.854 5.36 -9.8 -15.10856 7.12245 -10.9 -14.96561 6.13272 -10.9 -14.854 5.36
3 31 -35.64304 -14.854 5.36 -34.14 -15.01707 6.48903 -34.33 -15.05995 6.78595
4 31 -36 -14.86554 5.43991 -35.64304 -14.854 5.36 -34.33 -15.05995 6.78595 -34.4 -15.10856 7.12245
3 15 -19.86148 -14.854 5.36 -17.9 -14.9942 6.33067 -18.8 -15.10856 7.12245
4 31 -2.8 -14.95131 6.03375 -2.73 -14.99991 6.37026 -3.57 -14.99991 6.37026 -3.5 -14.95131 6.03375
4 31 -16.86769 -14.854 5.36 -14.4 -14.95131 6.03375 -12.4 -15.12285 7.22143 -14.9 -15.10856 7.12245
4 15 -4.4 -15.07997 6.92451 -5.23 -14.99991 6.37026 -5.3 -14.95131 6.03375 -5.23 -14.90271 5.69724
4 15 -19.86148 -14.854 5.36 -20.53 -15.15716 7.45896 -21.5 -15.09426 7.02348 -20.65963 -14.854 5.36
4 15 -8.67211 -14.854 5.36 -8.6 -14.92272 5.8358 -8.8 -15.23721 8.01321 -9.8 -15.10856 7.12245
4 31 -30.42095 -14.854 5.36 -29.6 -15.19432 7.71629 -31.2 -15.09426 7.02348 -31.59217 -14.854 5.36
4 31 -32.80257 -14.854 5.36 -32.2 -15.12285 7.22143 -32.6 -15.10856 7.12245 -32.67 -15.05995 6.78595
4 15 -33.16 -14.98991 6.30098 -34.4 -15.10856 7.12245 -33.84 -14.98991 6.30098 -33.5 -14.9799 6.2317
4 15 -1.9 -15.07997 6.92451 -2.54 -15.0428 6.66718 -2.73 -14.99991 6.37026 -2.8 -14.95131 6.03375
4 15 -3.57 -14.99991 6.37026 -3.76 -15.0428 6.66718 -4.4 -15.07997 6.92451 -3.5 -14.95131 6.03375
4 15 -1.07 -14.99991 6.37026 -1.26 -15.0428 6.66718 -1.9 -15.07997 6.92451 -1 -14.95131 6.03375
4 31 -2.73 -14.99991 6.37026 -2.54 -15.0428 6.66718 -3.76 -15.0428 6.66718 -3.57 -14.99991 6.37026
4 31 -10.9 -14.96561 6.13272 -9.8 -15.10856 7.12245 -12.4 -15.12285 7.22143 -14.4 -14.95131 6.03375
4 15 -19.86148 -14.854 5.36 -18.8 -15.10856 7.12245 -19.7 -15.23721 8.01321 -20.53 -15.15716 7.45896
4 15 -34.4 -15.10856 7.12245 -34.33 -15.05995 6.78595 -34.14 -15.01707 6.48903 -33.84 -14.98991 6.30098
4 15 -32.86 -15.01707 6.48903 -32.67 -15.05995 6.78595 -34.4 -15.10856 7.12245 -33.16 -14.98991 6.30098
4 15 -4.4 -15.07997 6.92451 -4.74 -15.06996 6.85523 -5.04 -15.0428 6.66718 -5.23 -14.99991 6.37026
4 31 -5.23 -14.99991 6.37026 -5.04 -15.0428 6.66718 -8.8 -15.23721 8.01321 -8.6 -14.92272 5.8358
4 31 -2.54 -15.0428 6.66718 -2.24 -15.06996 6.85523 -4.059 -15.06996 6.85523 -3.76 -15.0428 6.66718
4 31 -21.94617 -14.854 5.36 -21.5 -15.09426 7.02348 -23.2 -15.38016 9.00294 -23.2 -15.12285 7.22143
4 31 -2.24 -15.06996 6.85523 -1.9 -15.07997 6.92451 -4.4 -15.07997 6.92451 -4.059 -15.06996 6.85523
4 15 -31.59217 -14.854 5.36 -31.2 -15.09426 7.02348 -31 -15.5374 10.09164 -32.2 -15.12285 7.22143
4 16 38.27147 -14.854 5.36 38.27147 -14.604 5.36 39 -15.10157 8.80499 39 -15.35157 8.80499
4 15 -32.6 -15.10856 7.12245 -32.67 -15.15716 7.45896 -34.4 -15.10856 7.12245 -32.67 -15.05995 6.78595
4 15 -14.9 -15.10856 7.12245 -15.6 -15.22291 7.91424 -18.8 -15.10856 7.12245 -17.9 -14.9942 6.33067
4 15 -21.94617 -14.854 5.36 -28.1 -15.59458 10.48754 -29.6 -15.19432 7.71629 -30.42095 -14.854 5.36
4 15 -32.67 -15.15716 7.45896 -32.86 -15.20004 7.75588 -33.16 -15.2272 7.94393 -34.4 -15.10856 7.12245
4 15 -33.84 -15.2272 7.94393 -34.14 -15.20004 7.75588 -34.33 -15.15716 7.45896 -34.4 -15.10856 7.12245
4 15 -23.2 -15.12285 7.22143 -25.5 -15.39445 9.10191 -28.1 -15.59458 10.48754 -21.94617 -14.854 5.36
4 15 -18.87 -15.15716 7.45896 -19.06 -15.20004 7.75588 -19.7 -15.23721 8.01321 -18.8 -15.10856 7.12245
4 15 -12.4 -15.12285 7.22143 -11.9 -15.28009 8.31013 -15.6 -15.22291 7.91424 -14.9 -15.10856 7.12245
4 15 -8.8 -15.23721 8.01321 -11.9 -15.28009 8.31013 -12.4 -15.12285 7.22143 -9.8 -15.10856 7.12245
4 15 -33.16 -15.2272 7.94393 -33.5 -15.23721 8.01321 -33.84 -15.2272 7.94393 -34.4 -15.10856 7.12245
4 15 -19.7 -15.23721 8.01321 -20.04 -15.2272 7.94393 -20.34 -15.20004 7.75588 -20.53 -15.15716 7.45896
4 31 -17.2 -15.32298 8.60705 -17.54 -15.33299 8.67633 -18.87 -15.15716 7.45896 -18.8 -15.10856 7.12245
4 31 -15.6 -15.22291 7.91424 -16.86 -15.33299 8.67633 -17.2 -15.32298 8.60705 -18.8 -15.10856 7.12245
4 31 -31 -15.5374 10.09164 -32.86 -15.20004 7.75588 -32.67 -15.15716 7.45896 -32.2 -15.12285 7.22143
4 31 -17.54 -15.33299 8.67633 -17.84 -15.36015 8.86438 -19.06 -15.20004 7.75588 -18.87 -15.15716 7.45896
4 15 -20.53 -15.15716 7.45896 -22.5 -15.46593 9.59678 -23.2 -15.38016 9.00294 -21.5 -15.09426 7.02348
4 31 -20.04 -15.2272 7.94393 -20.04 -15.33299 8.67633 -20.34 -15.36015 8.86438 -20.34 -15.20004 7.75588
4 31 -19.7 -15.23721 8.01321 -19.7 -15.32298 8.60705 -20.04 -15.33299 8.67633 -20.04 -15.2272 7.94393
4 31 -19.36 -15.33299 8.67633 -19.7 -15.32298 8.60705 -19.7 -15.23721 8.01321 -19.36 -15.2272 7.94393
4 31 -19.06 -15.36015 8.86438 -19.36 -15.33299 8.67633 -19.36 -15.2272 7.94393 -19.06 -15.20004 7.75588
4 31 -17.84 -15.36015 8.86438 -18.03 -15.40303 9.1613 -19.06 -15.36015 8.86438 -19.06 -15.20004 7.75588
4 31 -11.9 -15.28009 8.31013 -16.3 -15.45163 9.49781 -16.37 -15.40303 9.1613 -15.6 -15.22291 7.91424
4 31 -1 -14.95131 6.03375 1.4 -14.95131 6.03375 39 -15.902 12.616 -1.07 -14.99991 6.37026
4 31 -29.6 -15.19432 7.71629 -28.1 -15.59458 10.48754 -29.9 -15.50881 9.8937 -31.2 -15.09426 7.02348
4 31 -20.34 -15.36015 8.86438 -20.53 -15.40303 9.1613 -22.5 -15.46593 9.59678 -20.34 -15.20004 7.75588
3 31 39 -15.35157 8.80499 39 -15.902 12.616 35.1 -15.30868 8.50808
4 31 35.01403 -14.854 5.36 38.27147 -14.854 5.36 39 -15.35157 8.80499 35.1 -15.30868 8.50808
4 16 38.27147 -14.604 5.36 -39 -14.604 5.36 -39 -15.652 12.616 39 -15.652 12.616
4 16 -39 -14.604 5.36 -39 -14.854 5.36 -39 -15.902 12.616 -39 -15.652 12.616
4 31 -23.2 -15.38016 9.00294 -25.6 -15.62317 10.68548 -25.5 -15.39445 9.10191 -23.2 -15.12285 7.22143
4 15 -19.36 -15.33299 8.67633 -19.7 -15.58029 10.38856 -20.04 -15.33299 8.67633 -19.7 -15.32298 8.60705
4 15 -16.86 -15.33299 8.67633 -17.2 -15.58029 10.38856 -17.54 -15.33299 8.67633 -17.2 -15.32298 8.60705
3 31 35.1 -15.30868 8.50808 39 -15.902 12.616 15.7 -15.00849 6.42964
4 31 -18.03 -15.40303 9.1613 -18.1 -15.45163 9.49781 -18.87 -15.40303 9.1613 -19.06 -15.36015 8.86438
4 31 14.7 -14.96561 6.13272 39 -15.902 12.616 1.4 -14.95131 6.03375 4.80278 -14.854 5.36
4 15 -19.7 -15.58029 10.38856 -20.53 -15.40303 9.1613 -20.34 -15.36015 8.86438 -20.04 -15.33299 8.67633
4 15 -19.06 -15.36015 8.86438 -18.87 -15.40303 9.1613 -19.7 -15.58029 10.38856 -19.36 -15.33299 8.67633
4 15 -17.2 -15.58029 10.38856 -18.03 -15.40303 9.1613 -17.84 -15.36015 8.86438 -17.54 -15.33299 8.67633
4 15 -16.56 -15.36015 8.86438 -16.37 -15.40303 9.1613 -17.2 -15.58029 10.38856 -16.86 -15.33299 8.67633
3 31 15.7 -15.00849 6.42964 39 -15.902 12.616 14.7 -14.96561 6.13272
4 31 -18.1 -15.45163 9.49781 -18.03 -15.50024 9.83431 -18.8 -15.45163 9.49781 -18.87 -15.40303 9.1613
3 31 39 -15.902 12.616 -1.26 -15.0428 6.66718 -1.07 -14.99991 6.37026
3 31 39 -15.902 12.616 -1.56 -15.06996 6.85523 -1.26 -15.0428 6.66718
4 15 -18.8 -15.45163 9.49781 -18.87 -15.50024 9.83431 -19.7 -15.58029 10.38856 -18.87 -15.40303 9.1613
4 15 -16.3 -15.45163 9.49781 -16.37 -15.50024 9.83431 -17.2 -15.58029 10.38856 -16.37 -15.40303 9.1613
4 15 -19.7 -15.58029 10.38856 -20.53 -15.50024 9.83431 -20.6 -15.45163 9.49781 -20.53 -15.40303 9.1613
4 15 -17.2 -15.58029 10.38856 -18.03 -15.50024 9.83431 -18.1 -15.45163 9.49781 -18.03 -15.40303 9.1613
3 31 39 -15.902 12.616 -1.9 -15.07997 6.92451 -1.56 -15.06996 6.85523
4 31 -18.03 -15.50024 9.83431 -17.84 -15.54312 10.13123 -18.87 -15.50024 9.83431 -18.8 -15.45163 9.49781
4 31 -36 -14.86554 5.43991 -34.4 -15.10856 7.12245 -34.33 -15.15716 7.45896 -39 -15.902 12.616
4 31 -17.84 -15.54312 10.13123 -17.54 -15.57028 10.31928 -19.06 -15.54312 10.13123 -18.87 -15.50024 9.83431
3 31 -34.14 -15.20004 7.75588 -39 -15.902 12.616 -34.33 -15.15716 7.45896
4 15 -19.06 -15.54312 10.13123 -19.36 -15.57028 10.31928 -19.7 -15.58029 10.38856 -18.87 -15.50024 9.83431
4 15 -19.7 -15.58029 10.38856 -20.04 -15.57028 10.31928 -20.34 -15.54312 10.13123 -20.53 -15.50024 9.83431
4 15 -16.56 -15.54312 10.13123 -16.86 -15.57028 10.31928 -17.2 -15.58029 10.38856 -16.37 -15.50024 9.83431
4 15 -17.2 -15.58029 10.38856 -17.54 -15.57028 10.31928 -17.84 -15.54312 10.13123 -18.03 -15.50024 9.83431
3 31 -33.84 -15.2272 7.94393 -39 -15.902 12.616 -34.14 -15.20004 7.75588
4 31 -33.16 -15.2272 7.94393 -31 -15.5374 10.09164 -39 -15.902 12.616 -33.5 -15.23721 8.01321
4 15 -22.5 -15.46593 9.59678 -25.4 -15.78042 11.77418 -25.6 -15.62317 10.68548 -23.2 -15.38016 9.00294
4 31 -17.54 -15.57028 10.31928 -17.2 -15.58029 10.38856 -19.36 -15.57028 10.31928 -19.06 -15.54312 10.13123
4 31 -20.53 -15.50024 9.83431 -20.34 -15.54312 10.13123 -25.4 -15.78042 11.77418 -22.5 -15.46593 9.59678
4 15 -31.2 -15.09426 7.02348 -29.9 -15.50881 9.8937 -29.2465 -15.902 12.616 -31 -15.5374 10.09164
3 31 39 -15.902 12.616 -16.37 -15.50024 9.83431 -16.3 -15.45163 9.49781
4 31 -25.6 -15.62317 10.68548 -28.4 -15.8233 12.0711 -28.1 -15.59458 10.48754 -25.5 -15.39445 9.10191
4 16 39 -15.35157 8.80499 39 -15.10157 8.80499 39 -15.652 12.616 39 -15.902 12.616
3 31 39 -15.902 12.616 -16.56 -15.54312 10.13123 -16.37 -15.50024 9.83431
3 31 39 -15.902 12.616 -16.86 -15.57028 10.31928 -16.56 -15.54312 10.13123
3 31 -17.2 -15.58029 10.38856 -27.32792 -15.902 12.616 -25.4 -15.78042 11.77418
3 15 -28.4 -15.8233 12.0711 -29.2465 -15.902 12.616 -29.9 -15.50881 9.8937
4 15 -25.4 -15.78042 11.77418 -27.32792 -15.902 12.616 -29.2465 -15.902 12.616 -28.4 -15.8233 12.0711
4 31 -29.2465 -15.902 12.616 -28.8 -15.93257 13.26473 -39 -16.1915 18.75863 -39 -15.902 12.616
4 31 39 -15.902 12.616 39 -16.1915 18.75863 -39 -16.1915 18.75863 -28.8 -15.93257 13.26473
4 16 -39 -15.652 12.616 -39 -15.902 12.616 -39 -16.1915 18.75863 -39 -15.9415 18.75863
4 16 39 -15.902 12.616 39 -15.652 12.616 39 -15.9415 18.75863 39 -16.1915 18.75863
4 16 -39 -15.652 12.616 -39 -15.9415 18.75863 39 -15.9415 18.75863 39 -15.652 12.616
4 16 -39 -15.9415 18.75863 -39 -16.1915 18.75863 39 -16.1915 18.75863 39 -15.9415 18.75863
4 31 -12.3 -13.25152 -1.16537 -10.9 -13.29922 -.97115 -10.4 -13.70465 .6798 -11.5 -13.7285 .77692
4 31 17.1 -13.29922 -.97115 22.3 -13.25152 -1.16537 26.5 -13.32307 -.87403 6.2 -13.7762 .97115
4 322 -20.4 -13.8239 1.16537 -21.57931 -13.53771 0 -15.52264 -13.133 -1.648 -15.2 -13.39462 -.58269
4 15 -31.97474 -13.133 -1.648 -29.7 -13.20382 -1.3596 -27.97895 -13.53771 0 -39 -13.32307 -.87403
4 31 -8.09697 -13.133 -1.648 -4.76969 -13.133 -1.648 -2.5 -13.44231 -.38846 -6.4 -13.53771 0
4 16 38.1 -14.40862 4.56438 36.4 -13.5739 1.16537 33.98586 -12.883 -1.648 -39 -12.883 -1.648
4 16 36.4 -13.5739 1.16537 36.4 -13.8239 1.16537 33.98586 -13.133 -1.648 33.98586 -12.883 -1.648
3 15 -39 -13.32307 -.87403 -39 -13.133 -1.648 -31.97474 -13.133 -1.648
3 15 -15.2 -13.39462 -.58269 -12.3 -13.25152 -1.16537 -11.5 -13.7285 .77692
4 15 -10.4 -13.70465 .6798 -10.9 -13.29922 -.97115 -8.09697 -13.133 -1.648 -6.4 -13.53771 0
4 15 -2.5 -13.44231 -.38846 -4.76969 -13.133 -1.648 17.1 -13.29922 -.97115 6.2 -13.7762 .97115
4 31 33.98586 -13.133 -1.648 36.4 -13.8239 1.16537 31.9 -13.27537 -1.06826 31.18364 -13.133 -1.648
4 15 22.3 -13.25152 -1.16537 31.18364 -13.133 -1.648 31.9 -13.27537 -1.06826 26.5 -13.32307 -.87403
3 15 -29.7 -13.20382 -1.3596 -27.62169 -13.133 -1.648 -27.97895 -13.53771 0
4 31 -12.3 -13.25152 -1.16537 -12.66619 -13.133 -1.648 -11.35098 -13.133 -1.648 -10.9 -13.29922 -.97115
4 15 -4.76969 -13.133 -1.648 31.18364 -13.133 -1.648 22.3 -13.25152 -1.16537 17.1 -13.29922 -.97115
3 322 -31.97474 -13.133 -1.648 -27.62169 -13.133 -1.648 -29.7 -13.20382 -1.3596
3 322 -27.62169 -13.133 -1.648 -22.76 -13.00066 -2.01808 -22.3 -13.03096 -1.93334
3 322 -22.3 -13.03096 -1.93334 -15.52264 -13.133 -1.648 -27.62169 -13.133 -1.648
3 322 -22.3 -13.03096 -1.93334 -21.84 -13.00066 -2.01808 -15.52264 -13.133 -1.648
4 16 33.98586 -12.883 -1.648 33.98586 -13.133 -1.648 33.4 -12.89628 -2.30998 33.4 -12.64628 -2.30998
3 15 -39 -13.133 -1.648 -34.8 -12.62691 -3.06327 -33.4 -12.96362 -2.12166
3 15 -33.4 -12.96362 -2.12166 -31.97474 -13.133 -1.648 -39 -13.133 -1.648
4 31 -13.7 -12.66058 -2.96911 -12 -12.79526 -2.59246 -11.35098 -13.133 -1.648 -12.66619 -13.133 -1.648
4 322 -21.84 -13.00066 -2.01808 -21.45 -12.91311 -2.2629 -16.7 -12.39121 -3.72239 -15.52264 -13.133 -1.648
3 322 -16.7 -12.39121 -3.72239 -15.7 -12.92995 -2.21582 -15.52264 -13.133 -1.648
4 15 -15.7 -12.92995 -2.21582 -16.7 -12.39121 -3.72239 -13.7 -12.66058 -2.96911 -12.66619 -13.133 -1.648
4 15 -12 -12.79526 -2.59246 -10.1 -12.49222 -3.43991 -9.5 -12.66058 -2.96911 -8.09697 -13.133 -1.648
4 31 -9.5 -12.66058 -2.96911 -7.8 -12.22285 -4.1932 -5.3 -13.03096 -1.93334 -8.09697 -13.133 -1.648
4 15 -22.76 -13.00066 -2.01808 -22.3 -12.22285 -4.1932 -21.84 -13.00066 -2.01808 -22.3 -13.03096 -1.93334
4 322 -26.3 -12.66058 -2.96911 -25.84 -12.63027 -3.05385 -23.41 -12.7818 -2.63013 -27.62169 -13.133 -1.648
4 31 33.98586 -13.133 -1.648 31.18364 -13.133 -1.648 30 -11.95348 -4.94648 33.4 -12.89628 -2.30998
4 322 -33.4 -12.96362 -2.12166 -34.8 -12.62691 -3.06327 -33.2 -11.81879 -5.32312 -31.97474 -13.133 -1.648
4 15 -22.3 -12.22285 -4.1932 -21.19 -12.7818 -2.63013 -21.45 -12.91311 -2.2629 -21.84 -13.00066 -2.01808
4 15 -23.15 -12.91311 -2.2629 -23.41 -12.7818 -2.63013 -22.3 -12.22285 -4.1932 -22.76 -13.00066 -2.01808
3 15 25 -12.02082 -4.75816 28.9 -12.49222 -3.43991 31.18364 -13.133 -1.648
4 322 -25.84 -12.63027 -3.05385 -25.45 -12.54273 -3.29867 -23.5 -12.62691 -3.06327 -23.41 -12.7818 -2.63013
4 16 -39 -13.32307 -.87403 -39 -12.883 -1.648 -39 -12.15551 -4.38152 -39 -13.133 -1.648
4 31 -13.7 -12.66058 -2.96911 -11.7 -12.35754 -3.81655 -10.1 -12.49222 -3.43991 -12 -12.79526 -2.59246
4 15 -26.76 -12.63027 -3.05385 -25.1 -12.25652 -4.09904 -25.84 -12.63027 -3.05385 -26.3 -12.66058 -2.96911
4 15 19.6 -11.85247 -5.22896 25 -12.02082 -4.75816 31.18364 -13.133 -1.648 -4.76969 -13.133 -1.648
4 15 -23.5 -12.62691 -3.06327 -23.41 -12.47202 -3.49641 -22.3 -12.22285 -4.1932 -23.41 -12.7818 -2.63013
4 15 -22.3 -12.22285 -4.1932 -21.19 -12.47202 -3.49641 -21.1 -12.62691 -3.06327 -21.19 -12.7818 -2.63013
4 15 -39 -12.15551 -4.38152 -37.4 -11.54942 -6.07641 -34.8 -12.62691 -3.06327 -39 -13.133 -1.648
3 15 11.5 -11.95348 -4.94648 19.6 -11.85247 -5.22896 -4.76969 -13.133 -1.648
3 15 6.2 -11.85247 -5.22896 11.5 -11.95348 -4.94648 -4.76969 -13.133 -1.648
4 322 -25.45 -12.54273 -3.29867 -25.19 -12.41141 -3.6659 -23.41 -12.47202 -3.49641 -23.5 -12.62691 -3.06327
4 15 -25.1 -12.25652 -4.09904 -25.19 -12.41141 -3.6659 -25.45 -12.54273 -3.29867 -25.84 -12.63027 -3.05385
4 15 -27.15 -12.54273 -3.29867 -27.41 -12.41141 -3.6659 -25.1 -12.25652 -4.09904 -26.76 -12.63027 -3.05385
4 15 -5.3 -13.03096 -1.93334 -1.4 -11.31372 -6.73553 1.8 -11.65044 -5.79393 -4.76969 -13.133 -1.648
3 15 1.8 -11.65044 -5.79393 6.2 -11.85247 -5.22896 -4.76969 -13.133 -1.648
4 16 33.4 -12.64628 -2.30998 33.4 -12.89628 -2.30998 30 -11.95348 -4.94648 30 -11.70348 -4.94648
4 31 28.9 -12.49222 -3.43991 25.7 -11.31372 -6.73553 30 -11.95348 -4.94648 31.18364 -13.133 -1.648
4 16 33.4 -12.64628 -2.30998 30 -11.70348 -4.94648 25.7 -11.06372 -6.73553 33.98586 -12.883 -1.648
3 322 -31.8 -11.38107 -6.54721 -30.1 -11.14537 -7.20634 -27.62169 -13.133 -1.648
4 322 -25.19 -12.41141 -3.6659 -25.1 -12.25652 -4.09904 -23.15 -12.3407 -3.86363 -23.41 -12.47202 -3.49641
4 322 -33.2 -11.81879 -5.32312 -31.8 -11.38107 -6.54721 -27.62169 -13.133 -1.648 -31.97474 -13.133 -1.648
4 15 -16.7 -12.39121 -3.72239 -14.9 -12.02082 -4.75816 -11.7 -12.35754 -3.81655 -13.7 -12.66058 -2.96911
4 15 -23.15 -12.3407 -3.86363 -22.76 -12.25315 -4.10845 -22.3 -12.22285 -4.1932 -23.41 -12.47202 -3.49641
4 15 -22.3 -12.22285 -4.1932 -21.84 -12.25315 -4.10845 -21.45 -12.3407 -3.86363 -21.19 -12.47202 -3.49641
4 15 -10.1 -12.49222 -3.43991 -8 -11.78512 -5.41729 -7.8 -12.22285 -4.1932 -9.5 -12.66058 -2.96911
4 15 -27.5 -12.25652 -4.09904 -27.41 -12.10163 -4.53217 -25.1 -12.25652 -4.09904 -27.41 -12.41141 -3.6659
4 322 -21.45 -12.3407 -3.86363 -20.84 -11.78849 -5.40787 -16.7 -12.39121 -3.72239 -21.19 -12.47202 -3.49641
4 322 -25.1 -12.25652 -4.09904 -25.19 -12.10163 -4.53217 -22.76 -12.25315 -4.10845 -23.15 -12.3407 -3.86363
4 322 -30.1 -11.14537 -7.20634 -27.5 -12.25652 -4.09904 -27.41 -12.41141 -3.6659 -27.62169 -13.133 -1.648
4 31 -11.7 -12.35754 -3.81655 -9.9 -11.85247 -5.22896 -8 -11.78512 -5.41729 -10.1 -12.49222 -3.43991
4 15 -25.84 -11.88277 -5.14422 -25.45 -11.97031 -4.8994 -25.19 -12.10163 -4.53217 -25.1 -12.25652 -4.09904
4 15 -27.41 -12.10163 -4.53217 -27.15 -11.97031 -4.8994 -26.76 -11.88277 -5.14422 -25.1 -12.25652 -4.09904
4 322 -21.84 -12.25315 -4.10845 -21.76 -11.78849 -5.40787 -21.3 -11.81879 -5.32312 -21.45 -12.3407 -3.86363
4 15 -14.9 -12.02082 -4.75816 -13.7 -11.68411 -5.69977 -9.9 -11.85247 -5.22896 -11.7 -12.35754 -3.81655
4 15 -26.76 -11.88277 -5.14422 -26.3 -11.85247 -5.22896 -25.84 -11.88277 -5.14422 -25.1 -12.25652 -4.09904
4 16 16.99885 -10.51 -8.284 -39 -10.51 -8.284 -39 -12.883 -1.648 33.98586 -12.883 -1.648
4 322 -22.3 -12.22285 -4.1932 -22.41 -11.56963 -6.01991 -22.15 -11.70094 -5.65269 -21.84 -12.25315 -4.10845
4 322 -25.19 -12.10163 -4.53217 -25.45 -11.97031 -4.8994 -24.94 -11.4181 -6.44364 -22.76 -12.25315 -4.10845
4 322 -24.94 -11.4181 -6.44364 -22.41 -11.56963 -6.01991 -22.3 -12.22285 -4.1932 -22.76 -12.25315 -4.10845
3 16 -39 -12.15551 -4.38152 -39 -12.883 -1.648 -39 -11.54942 -6.07641
4 15 -37.4 -11.54942 -6.07641 -35.7 -11.14537 -7.20634 -33.2 -11.81879 -5.32312 -34.8 -12.62691 -3.06327
4 16 25.7 -11.06372 -6.73553 19.7 -10.65967 -7.86546 16.99885 -10.51 -8.284 33.98586 -12.883 -1.648
4 15 -21.76 -11.78849 -5.40787 -22.5 -11.41474 -6.45305 -20.84 -11.78849 -5.40787 -21.3 -11.81879 -5.32312
4 31 25 -12.02082 -4.75816 19.7 -10.90967 -7.86546 25.7 -11.31372 -6.73553 28.9 -12.49222 -3.43991
4 322 -25.84 -11.88277 -5.14422 -25.4 -11.44841 -6.35889 -24.94 -11.4181 -6.44364 -25.45 -11.97031 -4.8994
4 322 -26.3 -11.85247 -5.22896 -25.86 -11.4181 -6.44364 -25.4 -11.44841 -6.35889 -25.84 -11.88277 -5.14422
4 16 30 -11.70348 -4.94648 30 -11.95348 -4.94648 25.7 -11.31372 -6.73553 25.7 -11.06372 -6.73553
4 322 -26.25 -11.33056 -6.68845 -25.86 -11.4181 -6.44364 -26.3 -11.85247 -5.22896 -26.76 -11.88277 -5.14422
4 15 -22.5 -11.41474 -6.45305 -20.19 -11.56963 -6.01991 -20.45 -11.70094 -5.65269 -20.84 -11.78849 -5.40787
4 15 -22.15 -11.70094 -5.65269 -22.41 -11.56963 -6.01991 -22.5 -11.41474 -6.45305 -21.76 -11.78849 -5.40787
4 322 -26.51 -11.19924 -7.05568 -26.25 -11.33056 -6.68845 -26.76 -11.88277 -5.14422 -27.15 -11.97031 -4.8994
4 15 -13.7 -11.68411 -5.69977 -12.7 -11.28005 -6.8297 -8.3 -11.31372 -6.73553 -9.9 -11.85247 -5.22896
4 31 -8.3 -11.31372 -6.73553 -6.4 -11.04435 -7.48882 -8 -11.78512 -5.41729 -9.9 -11.85247 -5.22896
4 322 -13.7 -11.68411 -5.69977 -14.9 -12.02082 -4.75816 -16.7 -12.39121 -3.72239 -12.60286 -10.76 -8.284
4 322 -24.94 -11.4181 -6.44364 -24.55 -11.33056 -6.68845 -22.5 -11.41474 -6.45305 -22.41 -11.56963 -6.01991
4 15 -22.5 -11.41474 -6.45305 -20.19 -11.25985 -6.88619 -20.1 -11.41474 -6.45305 -20.19 -11.56963 -6.01991
3 322 -20.19 -11.56963 -6.01991 -20.1 -11.41474 -6.45305 -12.60286 -10.76 -8.284
4 15 -24.29 -11.19924 -7.05568 -24.55 -11.33056 -6.68845 -24.94 -11.4181 -6.44364 -25.4 -11.44841 -6.35889
4 15 -25.86 -11.4181 -6.44364 -26.25 -11.33056 -6.68845 -26.51 -11.19924 -7.05568 -25.4 -11.44841 -6.35889
4 322 -30.1 -11.14537 -7.20634 -26.6 -11.04435 -7.48882 -26.51 -11.19924 -7.05568 -27.15 -11.97031 -4.8994
4 31 19.6 -11.85247 -5.22896 11.5 -11.95348 -4.94648 6.2 -11.85247 -5.22896 16.99885 -10.76 -8.284
4 31 -37.5 -11.07802 -7.39466 -35.7 -11.14537 -7.20634 -37.4 -11.54942 -6.07641 -39 -11.54942 -6.07641
3 16 -39 -11.54942 -6.07641 -39 -12.883 -1.648 -39 -11.07802 -7.39466
4 322 -24.55 -11.33056 -6.68845 -24.29 -11.19924 -7.05568 -22.41 -11.25985 -6.88619 -22.5 -11.41474 -6.45305
4 15 -35.7 -11.14537 -7.20634 -33.8 -10.84232 -8.05378 -31.8 -11.38107 -6.54721 -33.2 -11.81879 -5.32312
3 31 1.8 -11.65044 -5.79393 16.99885 -10.76 -8.284 6.2 -11.85247 -5.22896
4 15 -22.41 -11.25985 -6.88619 -22.15 -11.12853 -7.25342 -21.76 -11.04098 -7.49824 -22.5 -11.41474 -6.45305
4 15 -20.84 -11.04098 -7.49824 -20.45 -11.12853 -7.25342 -20.19 -11.25985 -6.88619 -22.5 -11.41474 -6.45305
4 322 -24.29 -11.19924 -7.05568 -24.2 -11.04435 -7.48882 -22.15 -11.12853 -7.25342 -22.41 -11.25985 -6.88619
4 15 -26.51 -11.19924 -7.05568 -26.6 -11.04435 -7.48882 -26.51 -10.88946 -7.92196 -25.4 -11.44841 -6.35889
4 15 -24.29 -10.88946 -7.92196 -24.2 -11.04435 -7.48882 -24.29 -11.19924 -7.05568 -25.4 -11.44841 -6.35889
4 15 -21.76 -11.04098 -7.49824 -21.3 -11.01068 -7.58298 -20.84 -11.04098 -7.49824 -22.5 -11.41474 -6.45305
4 31 -1.4 -11.31372 -6.73553 -4.93659 -10.76 -8.284 16.99885 -10.76 -8.284 1.8 -11.65044 -5.79393
4 16 25.7 -11.06372 -6.73553 25.7 -11.31372 -6.73553 19.7 -10.90967 -7.86546 19.7 -10.65967 -7.86546
3 322 -20.19 -11.25985 -6.88619 -12.60286 -10.76 -8.284 -20.1 -11.41474 -6.45305
4 15 -39 -11.54942 -6.07641 -39 -11.07802 -7.39466 -37.83327 -10.76 -8.284 -37.5 -11.07802 -7.39466
4 322 -24.2 -11.04435 -7.48882 -24.29 -10.88946 -7.92196 -21.76 -11.04098 -7.49824 -22.15 -11.12853 -7.25342
4 15 -8.3 -11.31372 -6.73553 -12.7 -11.28005 -6.8297 -12 -10.87599 -7.95962 -7.31331 -10.76 -8.284
4 15 -31.8 -11.38107 -6.54721 -33.8 -10.84232 -8.05378 -31.06842 -10.76 -8.284 -30.1 -11.14537 -7.20634
3 322 -20.45 -11.12853 -7.25342 -12.60286 -10.76 -8.284 -20.19 -11.25985 -6.88619
4 31 -7.31331 -10.76 -8.284 -5.95765 -10.76 -8.284 -6.4 -11.04435 -7.48882 -8.3 -11.31372 -6.73553
3 15 -26.51 -10.88946 -7.92196 -26.25367 -10.76 -8.284 -25.4 -11.44841 -6.35889
4 15 -26.25367 -10.76 -8.284 -24.54633 -10.76 -8.284 -24.29 -10.88946 -7.92196 -25.4 -11.44841 -6.35889
3 322 -20.84 -11.04098 -7.49824 -12.60286 -10.76 -8.284 -20.45 -11.12853 -7.25342
4 322 -13.7 -11.68411 -5.69977 -12.60286 -10.76 -8.284 -12 -10.87599 -7.95962 -12.7 -11.28005 -6.8297
4 16 -39 -11.07802 -7.39466 -39 -12.883 -1.648 -39 -10.51 -8.284 -39 -10.76 -8.284
4 31 -37.5 -11.07802 -7.39466 -35.95447 -10.76 -8.284 -33.9921 -10.76 -8.284 -33.8 -10.84232 -8.05378
4 322 -21.3 -11.01068 -7.58298 -24.54633 -10.76 -8.284 -12.60286 -10.76 -8.284 -20.84 -11.04098 -7.49824
4 322 -24.29 -10.88946 -7.92196 -24.54633 -10.76 -8.284 -21.3 -11.01068 -7.58298 -21.76 -11.04098 -7.49824
4 16 19.7 -10.65967 -7.86546 19.7 -10.90967 -7.86546 16.99885 -10.76 -8.284 16.99885 -10.51 -8.284
3 15 -24.94 -10.64444 -8.52304 -24.54633 -10.76 -8.284 -26.25367 -10.76 -8.284
4 15 -25.86 -10.64444 -8.52304 -25.4 -10.60527 -8.60407 -24.94 -10.64444 -8.52304 -26.25367 -10.76 -8.284
4 31 -1.74 -10.40071 -9.02722 -4.93659 -10.76 -8.284 -3.9 -10.43117 -8.9642 -3.56 -10.40071 -9.02722
4 31 -37.9 -10.43117 -8.9642 -36.9 -10.43117 -8.9642 -37.83327 -10.76 -8.284 -39 -10.76 -8.284
3 31 1.2 -10.43117 -8.9642 1.54 -10.40071 -9.02722 16.99885 -10.76 -8.284
4 31 1.2 -10.43117 -8.9642 -1.4 -10.43117 -8.9642 -1.06 -10.40071 -9.02722 .86 -10.40071 -9.02722
3 31 -4.93659 -10.76 -8.284 -1.74 -10.40071 -9.02722 -1.4 -10.43117 -8.9642
4 31 -1.4 -10.43117 -8.9642 1.2 -10.43117 -8.9642 16.99885 -10.76 -8.284 -4.93659 -10.76 -8.284
3 31 -39 -10.34412 -9.14426 -37.9 -10.43117 -8.9642 -39 -10.76 -8.284
4 16 16.99885 -10.51 -8.284 16.99885 -10.76 -8.284 11.8 -10.38765 -9.05423 11.8 -10.13765 -9.05423
3 31 1.54 -10.40071 -9.02722 1.84 -10.31801 -9.19828 16.99885 -10.76 -8.284
4 15 -5.95765 -10.76 -8.284 -5.3 -10.21355 -9.41435 -4.54 -10.31801 -9.19828 -4.93659 -10.76 -8.284
4 15 -36.9 -10.43117 -8.9642 -36.5 -10.1265 -9.59442 -35.7 -10.69232 -8.42401 -35.95447 -10.76 -8.284
3 16 -39 -10.76 -8.284 -39 -10.51 -8.284 -39 -10.34412 -9.14426
4 322 -16 -10.17003 -9.50438 -12.60286 -10.76 -8.284 -19.3 -10.43117 -8.9642 -17.7 -10.17003 -9.50438
4 31 -6.8 -10.38765 -9.05423 -5.3 -10.21355 -9.41435 -5.95765 -10.76 -8.284 -7.31331 -10.76 -8.284
3 322 -16 -10.17003 -9.50438 -14.1 -10.38765 -9.05423 -12.60286 -10.76 -8.284
4 31 -35.7 -10.69232 -8.42401 -36.5 -10.1265 -9.59442 -34.9 -10.25708 -9.32432 -33.9921 -10.76 -8.284
4 322 -19.3 -10.43117 -8.9642 -24.54633 -10.76 -8.284 -24.94 -10.64444 -8.52304 -25.2 -9.64774 -10.58476
3 322 -25.2 -9.64774 -10.58476 -25.86 -10.64444 -8.52304 -26.25367 -10.76 -8.284
4 31 -1.06 -10.40071 -9.02722 -.76 -10.31801 -9.19828 .56 -10.31801 -9.19828 .86 -10.40071 -9.02722
4 31 -3.56 -10.40071 -9.02722 -3.26 -10.31801 -9.19828 -2.04 -10.31801 -9.19828 -1.74 -10.40071 -9.02722
4 15 -14.1 -10.38765 -9.05423 -9.6 -9.69126 -10.49473 -6.8 -10.38765 -9.05423 -7.31331 -10.76 -8.284
3 16 -39 -10.51 -8.284 11.8 -10.13765 -9.05423 6.5 -9.39774 -10.58476
4 31 1.84 -10.31801 -9.19828 2.029 -10.18744 -9.46837 11.8 -10.38765 -9.05423 16.99885 -10.76 -8.284
4 15 -4.24 -10.40071 -9.02722 -3 -10.03946 -9.77448 -3.56 -10.40071 -9.02722 -3.9 -10.43117 -8.9642
4 15 -1.74 -10.40071 -9.02722 -.5 -10.03946 -9.77448 -1.06 -10.40071 -9.02722 -1.4 -10.43117 -8.9642
4 15 .86 -10.40071 -9.02722 2.1 -10.03946 -9.77448 1.54 -10.40071 -9.02722 1.2 -10.43117 -8.9642
4 31 11.8 -10.38765 -9.05423 2.029 -10.18744 -9.46837 2.1 -10.03946 -9.77448 6.5 -9.64774 -10.58476
4 31 -3.07 -10.18744 -9.46837 -2.23 -10.18744 -9.46837 -2.04 -10.31801 -9.19828 -3.26 -10.31801 -9.19828
4 15 -3 -10.03946 -9.77448 -3.07 -10.18744 -9.46837 -3.26 -10.31801 -9.19828 -3.56 -10.40071 -9.02722
4 15 -.5 -10.03946 -9.77448 -.57 -10.18744 -9.46837 -.76 -10.31801 -9.19828 -1.06 -10.40071 -9.02722
4 15 -2.04 -10.31801 -9.19828 -2.23 -10.18744 -9.46837 -.5 -10.03946 -9.77448 -1.74 -10.40071 -9.02722
4 15 2.1 -10.03946 -9.77448 2.029 -10.18744 -9.46837 1.84 -10.31801 -9.19828 1.54 -10.40071 -9.02722
4 15 .56 -10.31801 -9.19828 .37 -10.18744 -9.46837 2.1 -10.03946 -9.77448 .86 -10.40071 -9.02722
4 31 -.57 -10.18744 -9.46837 .3 -10.03946 -9.77448 .37 -10.18744 -9.46837 -.76 -10.31801 -9.19828
4 15 -4.54 -10.31801 -9.19828 -4.73 -9.89148 -10.08059 -3 -10.03946 -9.77448 -4.24 -10.40071 -9.02722
4 15 -39 -10.34412 -9.14426 -37.3 -9.3866 -11.12495 -36.9 -10.43117 -8.9642 -37.9 -10.43117 -8.9642
4 31 -3 -10.03946 -9.77448 -2.3 -10.03946 -9.77448 -2.23 -10.18744 -9.46837 -3.07 -10.18744 -9.46837
4 15 -2.3 -10.03946 -9.77448 -2.23 -9.89148 -10.08059 -.5 -10.03946 -9.77448 -2.23 -10.18744 -9.46837
4 15 .3 -10.03946 -9.77448 .37 -9.89148 -10.08059 2.1 -10.03946 -9.77448 .37 -10.18744 -9.46837
4 31 -.5 -10.03946 -9.77448 .37 -9.89148 -10.08059 .3 -10.03946 -9.77448 -.57 -10.18744 -9.46837
4 16 11.8 -10.13765 -9.05423 11.8 -10.38765 -9.05423 6.5 -9.64774 -10.58476 6.5 -9.39774 -10.58476
4 31 -3.07 -9.89148 -10.08059 -2.23 -9.89148 -10.08059 -2.3 -10.03946 -9.77448 -3 -10.03946 -9.77448
4 15 -5.3 -10.21355 -9.41435 -6.16 -9.35613 -11.18797 -4.73 -9.89148 -10.08059 -4.54 -10.31801 -9.19828
4 31 -9.6 -9.69126 -10.49473 -8.3 -9.43012 -11.03492 -5.3 -10.21355 -9.41435 -6.8 -10.38765 -9.05423
4 31 -.57 -9.89148 -10.08059 .56 -9.7609 -10.35068 .37 -9.89148 -10.08059 -.5 -10.03946 -9.77448
4 15 -16 -10.17003 -9.50438 -12.4 -9.25603 -11.39504 -9.6 -9.69126 -10.49473 -14.1 -10.38765 -9.05423
3 16 -39 -10.51 -8.284 6.5 -9.39774 -10.58476 -.7 -7.96145 -13.5558
4 15 -19 -9.64774 -10.58476 -17.5 -9.3866 -11.12495 -16 -10.17003 -9.50438 -17.7 -10.17003 -9.50438
4 15 -3.56 -9.67821 -10.52174 -3.26 -9.7609 -10.35068 -3.07 -9.89148 -10.08059 -3 -10.03946 -9.77448
4 15 -1.06 -9.67821 -10.52174 -.76 -9.7609 -10.35068 -.57 -9.89148 -10.08059 -.5 -10.03946 -9.77448
4 15 1.54 -9.67821 -10.52174 1.84 -9.7609 -10.35068 2.029 -9.89148 -10.08059 2.1 -10.03946 -9.77448
4 15 -4.73 -9.89148 -10.08059 -4.54 -9.7609 -10.35068 -4.24 -9.67821 -10.52174 -3 -10.03946 -9.77448
4 15 -2.23 -9.89148 -10.08059 -2.04 -9.7609 -10.35068 -1.74 -9.67821 -10.52174 -.5 -10.03946 -9.77448
4 15 .37 -9.89148 -10.08059 .56 -9.7609 -10.35068 .86 -9.67821 -10.52174 2.1 -10.03946 -9.77448
4 31 -3.26 -9.7609 -10.35068 -2.04 -9.7609 -10.35068 -2.23 -9.89148 -10.08059 -3.07 -9.89148 -10.08059
4 31 -36.5 -10.1265 -9.59442 -37.3 -9.3866 -11.12495 -35.9 -9.47364 -10.94489 -34.9 -10.25708 -9.32432
4 31 -.76 -9.7609 -10.35068 .86 -9.67821 -10.52174 .56 -9.7609 -10.35068 -.57 -9.89148 -10.08059
4 15 -4.24 -9.67821 -10.52174 -3.9 -9.64774 -10.58476 -3.56 -9.67821 -10.52174 -3 -10.03946 -9.77448
4 15 -1.74 -9.67821 -10.52174 -1.4 -9.64774 -10.58476 -1.06 -9.67821 -10.52174 -.5 -10.03946 -9.77448
4 15 .86 -9.67821 -10.52174 1.2 -9.64774 -10.58476 1.54 -9.67821 -10.52174 2.1 -10.03946 -9.77448
4 322 -25.2 -9.64774 -10.58476 -24.9 -8.90783 -12.1153 -19 -9.64774 -10.58476 -19.3 -10.43117 -8.9642
4 322 -31.9 -9.95241 -9.95454 -28 -8.73374 -12.47542 -26.5 -9.12545 -11.66514 -31.06842 -10.76 -8.284
4 16 -39 -10.34412 -9.14426 -39 -10.51 -8.284 -39 -7.534 -14.44 -39 -8.77726 -12.38539
4 15 -8.3 -9.43012 -11.03492 -7.33 -9.14286 -11.62913 -6.16 -9.35613 -11.18797 -5.3 -10.21355 -9.41435
4 15 -35.9 -9.47364 -10.94489 -36.5 -8.42907 -13.10564 -31.9 -9.95241 -9.95454 -34.9 -10.25708 -9.32432
4 31 -3.56 -9.67821 -10.52174 -3.56 -9.35613 -11.18797 -3.26 -9.27343 -11.35903 -3.26 -9.7609 -10.35068
4 31 -3.9 -9.64774 -10.58476 -3.9 -9.3866 -11.12495 -3.56 -9.35613 -11.18797 -3.56 -9.67821 -10.52174
4 31 -4.24 -9.35613 -11.18797 -3.9 -9.3866 -11.12495 -3.9 -9.64774 -10.58476 -4.24 -9.67821 -10.52174
4 31 -4.73 -9.14286 -11.62913 -4.54 -9.27343 -11.35903 -4.54 -9.7609 -10.35068 -4.73 -9.89148 -10.08059
4 31 -4.54 -9.27343 -11.35903 -4.24 -9.35613 -11.18797 -4.24 -9.67821 -10.52174 -4.54 -9.7609 -10.35068
4 15 -17.5 -9.3866 -11.12495 -15 -9.2125 -11.48508 -12.4 -9.25603 -11.39504 -16 -10.17003 -9.50438
4 31 -3.26 -9.27343 -11.35903 -3.07 -9.14286 -11.62913 -2.04 -9.7609 -10.35068 -3.26 -9.7609 -10.35068
4 31 -3.07 -9.14286 -11.62913 -3 -8.99488 -11.93523 -1.74 -9.67821 -10.52174 -2.04 -9.7609 -10.35068
4 31 -5.86 -9.27343 -11.35903 -5.67 -9.14286 -11.62913 -4.73 -9.14286 -11.62913 -4.73 -9.89148 -10.08059
4 31 -12.4 -9.25603 -11.39504 -10.4 -9.03841 -11.8452 -8.3 -9.43012 -11.03492 -9.6 -9.69126 -10.49473
4 31 -1.06 -9.67821 -10.52174 -.7 -8.21145 -13.5558 .86 -9.67821 -10.52174 -.76 -9.7609 -10.35068
4 15 -39 -8.77726 -12.38539 -38.6 -8.73374 -12.47542 -37.3 -9.3866 -11.12495 -39 -10.34412 -9.14426
4 31 1.2 -9.64774 -10.58476 -.7 -8.21145 -13.5558 6.5 -9.64774 -10.58476 1.54 -9.67821 -10.52174
4 31 -3 -8.99488 -11.93523 -3.07 -8.8469 -12.24134 -1.4 -9.64774 -10.58476 -1.74 -9.67821 -10.52174
4 15 -4.24 -9.35613 -11.18797 -3 -8.99488 -11.93523 -3.56 -9.35613 -11.18797 -3.9 -9.3866 -11.12495
4 15 -5.6 -8.99488 -11.93523 -5.67 -9.14286 -11.62913 -5.86 -9.27343 -11.35903 -6.16 -9.35613 -11.18797
4 15 -3 -8.99488 -11.93523 -3.07 -9.14286 -11.62913 -3.26 -9.27343 -11.35903 -3.56 -9.35613 -11.18797
4 15 -4.54 -9.27343 -11.35903 -4.73 -9.14286 -11.62913 -3 -8.99488 -11.93523 -4.24 -9.35613 -11.18797
4 15 -10.4 -9.03841 -11.8452 -8.1 -8.99488 -11.93523 -7.33 -9.14286 -11.62913 -8.3 -9.43012 -11.03492
4 322 -32.2 -9.25603 -11.39504 -30.5 -8.55964 -12.83555 -28 -8.73374 -12.47542 -31.9 -9.95241 -9.95454
4 15 -19.1 -8.86431 -12.20533 -17 -8.51612 -12.92558 -17.5 -9.3866 -11.12495 -19 -9.64774 -10.58476
4 31 -1.4 -9.64774 -10.58476 -3.07 -8.8469 -12.24134 -.7 -8.21145 -13.5558 -1.06 -9.67821 -10.52174
4 31 -5.6 -8.99488 -11.93523 -4.8 -8.99488 -11.93523 -4.73 -9.14286 -11.62913 -5.67 -9.14286 -11.62913
4 31 -15 -9.2125 -11.48508 -12.9 -8.73374 -12.47542 -10.4 -9.03841 -11.8452 -12.4 -9.25603 -11.39504
4 16 -39 -10.51 -8.284 -.7 -7.96145 -13.5558 -2.33684 -7.534 -14.44 -39 -7.534 -14.44
4 31 -16 -8.73374 -12.47542 -12.9 -8.73374 -12.47542 -15 -9.2125 -11.48508 -17.5 -9.3866 -11.12495
4 15 -7.4 -8.99488 -11.93523 -7.33 -8.8469 -12.24134 -5.6 -8.99488 -11.93523 -7.33 -9.14286 -11.62913
4 15 -4.8 -8.99488 -11.93523 -4.73 -8.8469 -12.24134 -3 -8.99488 -11.93523 -4.73 -9.14286 -11.62913
4 31 -8.1 -8.99488 -11.93523 -8.17 -8.8469 -12.24134 -7.4 -8.99488 -11.93523 -7.33 -9.14286 -11.62913
4 322 -24.9 -8.90783 -12.1153 -23.9 -8.2985 -13.37574 -19.1 -8.86431 -12.20533 -19 -9.64774 -10.58476
4 16 6.5 -9.39774 -10.58476 6.5 -9.64774 -10.58476 -.7 -8.21145 -13.5558 -.7 -7.96145 -13.5558
4 31 -5.67 -8.8469 -12.24134 -4.73 -8.8469 -12.24134 -4.8 -8.99488 -11.93523 -5.6 -8.99488 -11.93523
4 31 -37.3 -9.3866 -11.12495 -37.7 -8.1244 -13.73586 -36.5 -8.42907 -13.10564 -35.9 -9.47364 -10.94489
4 31 -8.17 -8.8469 -12.24134 -8.36 -8.71633 -12.51143 -7.33 -8.8469 -12.24134 -7.4 -8.99488 -11.93523
4 15 -7.33 -8.8469 -12.24134 -7.14 -8.71633 -12.51143 -6.84 -8.63363 -12.68249 -5.6 -8.99488 -11.93523
4 15 -4.73 -8.8469 -12.24134 -4.54 -8.71633 -12.51143 -4.24 -8.63363 -12.68249 -3 -8.99488 -11.93523
4 15 -6.16 -8.63363 -12.68249 -5.86 -8.71633 -12.51143 -5.67 -8.8469 -12.24134 -5.6 -8.99488 -11.93523
4 15 -3.56 -8.63363 -12.68249 -3.26 -8.71633 -12.51143 -3.07 -8.8469 -12.24134 -3 -8.99488 -11.93523
4 31 -5.86 -8.71633 -12.51143 -4.54 -8.71633 -12.51143 -4.73 -8.8469 -12.24134 -5.67 -8.8469 -12.24134
4 15 -9.64 -8.71633 -12.51143 -9.34 -8.63363 -12.68249 -9 -8.60317 -12.74552 -8.1 -8.99488 -11.93523
4 15 -12.9 -8.73374 -12.47542 -11.4 -8.38555 -13.19567 -9.64 -8.71633 -12.51143 -10.4 -9.03841 -11.8452
4 15 -6.84 -8.63363 -12.68249 -6.5 -8.60317 -12.74552 -6.16 -8.63363 -12.68249 -5.6 -8.99488 -11.93523
4 15 -4.24 -8.63363 -12.68249 -3.9 -8.60317 -12.74552 -3.56 -8.63363 -12.68249 -3 -8.99488 -11.93523
4 15 -9 -8.60317 -12.74552 -8.66 -8.63363 -12.68249 -8.36 -8.71633 -12.51143 -8.17 -8.8469 -12.24134
4 15 -26.5 -8.25497 -13.46577 -23.9 -8.2985 -13.37574 -24.9 -8.90783 -12.1153 -26.5 -9.12545 -11.66514
4 31 -8.36 -8.71633 -12.51143 -8.36 -8.27238 -13.42976 -7.14 -8.71633 -12.51143 -7.33 -8.8469 -12.24134
4 31 -6.16 -8.63363 -12.68249 -6.5 -8.38555 -13.19567 -6.16 -8.35508 -13.2587 -5.86 -8.71633 -12.51143
4 15 -15 -8.2985 -13.37574 -14.14 -8.31155 -13.34873 -12.9 -8.73374 -12.47542 -16 -8.73374 -12.47542
4 31 -6.5 -8.60317 -12.74552 -6.84 -8.35508 -13.2587 -6.5 -8.38555 -13.19567 -6.16 -8.63363 -12.68249
4 31 -8.66 -8.63363 -12.68249 -8.66 -8.35508 -13.2587 -8.36 -8.27238 -13.42976 -8.36 -8.71633 -12.51143
4 31 -9 -8.60317 -12.74552 -9 -8.38555 -13.19567 -8.66 -8.35508 -13.2587 -8.66 -8.63363 -12.68249
4 31 -9.34 -8.35508 -13.2587 -9 -8.38555 -13.19567 -9 -8.60317 -12.74552 -9.34 -8.63363 -12.68249
4 31 -9.64 -8.27238 -13.42976 -9.34 -8.35508 -13.2587 -9.34 -8.63363 -12.68249 -9.64 -8.71633 -12.51143
4 31 -8.36 -8.27238 -13.42976 -7.14 -8.27238 -13.42976 -6.84 -8.63363 -12.68249 -7.14 -8.71633 -12.51143
4 31 -7.14 -8.27238 -13.42976 -6.84 -8.35508 -13.2587 -6.5 -8.60317 -12.74552 -6.84 -8.63363 -12.68249
4 31 -5.86 -8.27238 -13.42976 -5.67 -8.14181 -13.69985 -4.54 -8.71633 -12.51143 -5.86 -8.71633 -12.51143
4 31 -17 -8.51612 -12.92558 -16.82294 -7.784 -14.44 -15.74822 -7.784 -14.44 -16 -8.73374 -12.47542
4 15 -14.14 -8.31155 -13.34873 -13.46 -8.31155 -13.34873 -11.4 -8.38555 -13.19567 -12.9 -8.73374 -12.47542
4 31 -11.4 -8.38555 -13.19567 -9.83 -8.14181 -13.69985 -9.64 -8.27238 -13.42976 -9.64 -8.71633 -12.51143
4 31 -5.67 -8.14181 -13.69985 -5.6 -7.99383 -14.00596 -4.24 -8.63363 -12.68249 -4.54 -8.71633 -12.51143
4 15 -37.3 -9.3866 -11.12495 -38.6 -8.73374 -12.47542 -38.71795 -7.784 -14.44 -37.7 -8.1244 -13.73586
4 15 -26.5 -9.12545 -11.66514 -28 -8.73374 -12.47542 -27.89128 -7.784 -14.44 -26.5 -8.25497 -13.46577
3 16 -39 -8.77726 -12.38539 -39 -7.534 -14.44 -39 -7.784 -14.44
4 15 -9.34 -8.35508 -13.2587 -8.1 -7.99383 -14.00596 -8.66 -8.35508 -13.2587 -9 -8.38555 -13.19567
4 15 -6.84 -8.35508 -13.2587 -5.6 -7.99383 -14.00596 -6.16 -8.35508 -13.2587 -6.5 -8.38555 -13.19567
4 31 -39 -7.784 -14.44 -38.71795 -7.784 -14.44 -38.6 -8.73374 -12.47542 -39 -8.77726 -12.38539
4 31 -3.26 -8.71633 -12.51143 -3.56 -8.63363 -12.68249 -2.33684 -7.784 -14.44 -.7 -8.21145 -13.5558
3 15 -30.5 -8.55964 -12.83555 -27.89128 -7.784 -14.44 -28 -8.73374 -12.47542
4 31 -13.16 -8.22886 -13.51979 -12.97 -8.09829 -13.78988 -9.83 -8.14181 -13.69985 -11.4 -8.38555 -13.19567
4 31 -8.17 -8.14181 -13.69985 -7.33 -8.14181 -13.69985 -7.14 -8.27238 -13.42976 -8.36 -8.27238 -13.42976
3 31 -3.9 -8.60317 -12.74552 -2.33684 -7.784 -14.44 -3.56 -8.63363 -12.68249
4 15 -9.64 -8.27238 -13.42976 -9.83 -8.14181 -13.69985 -8.1 -7.99383 -14.00596 -9.34 -8.35508 -13.2587
4 15 -7.14 -8.27238 -13.42976 -7.33 -8.14181 -13.69985 -5.6 -7.99383 -14.00596 -6.84 -8.35508 -13.2587
4 15 -8.1 -7.99383 -14.00596 -8.17 -8.14181 -13.69985 -8.36 -8.27238 -13.42976 -8.66 -8.35508 -13.2587
4 15 -5.6 -7.99383 -14.00596 -5.67 -8.14181 -13.69985 -5.86 -8.27238 -13.42976 -6.16 -8.35508 -13.2587
4 15 -36.54235 -7.784 -14.44 -27.89128 -7.784 -14.44 -30.5 -8.55964 -12.83555 -32.2 -8.60317 -12.74552
4 15 -15.74822 -7.784 -14.44 -14.92612 -7.784 -14.44 -15 -8.2985 -13.37574 -16 -8.73374 -12.47542
4 31 -8.1 -7.99383 -14.00596 -7.4 -7.99383 -14.00596 -7.33 -8.14181 -13.69985 -8.17 -8.14181 -13.69985
4 15 -13.16 -8.22886 -13.51979 -13.46 -8.31155 -13.34873 -14.14 -8.31155 -13.34873 -12.99667 -7.784 -14.44
4 31 -12.97 -8.09829 -13.78988 -12.9 -7.95031 -14.09599 -9.9 -7.99383 -14.00596 -9.83 -8.14181 -13.69985
4 15 -14.44 -8.22886 -13.51979 -14.63 -8.09829 -13.78988 -14.60334 -7.784 -14.44 -12.99667 -7.784 -14.44
4 15 -12.9 -7.95031 -14.09599 -12.97 -8.09829 -13.78988 -13.16 -8.22886 -13.51979 -12.99667 -7.784 -14.44
4 15 -26.5 -8.25497 -13.46577 -26.11044 -7.784 -14.44 -22.62697 -7.784 -14.44 -23.9 -8.2985 -13.37574
4 31 -37.7 -8.1244 -13.73586 -37.7 -7.784 -14.44 -36.54235 -7.784 -14.44 -36.5 -8.42907 -13.10564
4 16 -.7 -7.96145 -13.5558 -.7 -8.21145 -13.5558 -2.33684 -7.784 -14.44 -2.33684 -7.534 -14.44
4 15 -9.9 -7.99383 -14.00596 -9.83 -7.84585 -14.31206 -8.1 -7.99383 -14.00596 -9.83 -8.14181 -13.69985
4 15 -7.4 -7.99383 -14.00596 -7.33 -7.84585 -14.31206 -5.6 -7.99383 -14.00596 -7.33 -8.14181 -13.69985
3 31 -14.92612 -7.784 -14.44 -14.60334 -7.784 -14.44 -14.7 -7.95031 -14.09599
4 31 -8.17 -7.84585 -14.31206 -7.33 -7.84585 -14.31206 -7.4 -7.99383 -14.00596 -8.1 -7.99383 -14.00596
4 31 -12.9 -7.95031 -14.09599 -12.99667 -7.784 -14.44 -9.83 -7.84585 -14.31206 -9.9 -7.99383 -14.00596
3 31 -5.67 -7.84585 -14.31206 -2.33684 -7.784 -14.44 -5.6 -7.99383 -14.00596
3 15 -9.83 -7.84585 -14.31206 -9.74 -7.784 -14.44 -8.1 -7.99383 -14.00596
4 15 -9.74 -7.784 -14.44 -8.26 -7.784 -14.44 -8.17 -7.84585 -14.31206 -8.1 -7.99383 -14.00596
3 15 -7.33 -7.84585 -14.31206 -7.24 -7.784 -14.44 -5.6 -7.99383 -14.00596
4 15 -7.24 -7.784 -14.44 -5.76 -7.784 -14.44 -5.67 -7.84585 -14.31206 -5.6 -7.99383 -14.00596
4 31 -8.26 -7.784 -14.44 -7.24 -7.784 -14.44 -7.33 -7.84585 -14.31206 -8.17 -7.84585 -14.31206
3 31 -12.99667 -7.784 -14.44 -9.74 -7.784 -14.44 -9.83 -7.84585 -14.31206
4 31 -8.36 -7.6993 -14.57326 -7.14 -7.6993 -14.57326 -7.24 -7.784 -14.44 -8.26 -7.784 -14.44
4 31 -13.16 -7.64566 -14.65765 -9.64 -7.6993 -14.57326 -9.74 -7.784 -14.44 -12.99667 -7.784 -14.44
3 15 -9.64 -7.6993 -14.57326 -9.34 -7.59738 -14.73361 -9.74 -7.784 -14.44
4 15 -8.66 -7.59738 -14.73361 -8.36 -7.6993 -14.57326 -8.26 -7.784 -14.44 -9.74 -7.784 -14.44
3 15 -7.14 -7.6993 -14.57326 -6.84 -7.59738 -14.73361 -7.24 -7.784 -14.44
4 15 -6.16 -7.59738 -14.73361 -5.86 -7.6993 -14.57326 -5.76 -7.784 -14.44 -7.24 -7.784 -14.44
4 15 -15.7 -7.55983 -14.79268 -14.9 -7.55983 -14.79268 -14.92612 -7.784 -14.44 -15.74822 -7.784 -14.44
4 15 -9.34 -7.59738 -14.73361 -9 -7.55983 -14.79268 -8.66 -7.59738 -14.73361 -9.74 -7.784 -14.44
4 15 -6.84 -7.59738 -14.73361 -6.5 -7.55983 -14.79268 -6.16 -7.59738 -14.73361 -7.24 -7.784 -14.44
4 31 -5.86 -7.6993 -14.57326 -3.7 -7.34526 -15.13026 -2.33684 -7.784 -14.44 -5.76 -7.784 -14.44
4 15 -14.44 -7.64566 -14.65765 -14.14 -7.54374 -14.818 -13.8 -7.50619 -14.87708 -14.60334 -7.784 -14.44
4 15 -13.8 -7.50619 -14.87708 -13.46 -7.54374 -14.818 -13.16 -7.64566 -14.65765 -12.99667 -7.784 -14.44
4 31 -13.16 -7.64566 -14.65765 -13.46 -7.54374 -14.818 -9.34 -7.59738 -14.73361 -9.64 -7.6993 -14.57326
3 322 -22.62697 -7.784 -14.44 -20.8 -7.13069 -15.46784 -19.88658 -7.784 -14.44
3 15 -25.6 -7.02341 -15.63663 -22.62697 -7.784 -14.44 -26.11044 -7.784 -14.44
4 16 -2.33684 -7.534 -14.44 -2.33684 -7.784 -14.44 -3.7 -7.34526 -15.13026 -3.7 -7.09526 -15.13026
3 15 -30.7 -6.96976 -15.72103 -28.3 -7.61347 -14.70829 -27.89128 -7.784 -14.44
4 31 -16.8 -7.66711 -14.62389 -16.1 -6.64791 -16.2274 -15.7 -7.55983 -14.79268 -16.82294 -7.784 -14.44
4 31 -28.3 -7.61347 -14.70829 -28.7 -6.75519 -16.05861 -27 -7.34526 -15.13026 -26.11044 -7.784 -14.44
4 15 -20.8 -7.13069 -15.46784 -17.2 -6.70155 -16.143 -16.8 -7.66711 -14.62389 -16.82294 -7.784 -14.44
4 31 -14.9 -7.55983 -14.79268 -15.1 -6.59427 -16.31179 -14.14 -7.54374 -14.818 -14.44 -7.64566 -14.65765
4 31 -27 -7.34526 -15.13026 -26.6 -6.70155 -16.143 -25.6 -7.02341 -15.63663 -26.11044 -7.784 -14.44
4 15 -33.5 -6.64791 -16.2274 -30.7 -6.96976 -15.72103 -27.89128 -7.784 -14.44 -36.54235 -7.784 -14.44
4 31 -7.5 -5.95056 -17.32453 -6.84 -7.59738 -14.73361 -7.14 -7.6993 -14.57326 -8.36 -7.6993 -14.57326
3 15 -36.6 -6.70155 -16.143 -33.5 -6.64791 -16.2274 -36.54235 -7.784 -14.44
4 31 -13.46 -7.54374 -14.818 -7.5 -5.95056 -17.32453 -9 -7.55983 -14.79268 -9.34 -7.59738 -14.73361
4 31 -6.16 -7.59738 -14.73361 -7.5 -5.95056 -17.32453 -3.7 -7.34526 -15.13026 -5.86 -7.6993 -14.57326
4 31 -39 -5.95056 -17.32453 -38.8 -6.96976 -15.72103 -38.71795 -7.784 -14.44 -39 -7.784 -14.44
4 31 -37.7 -6.11149 -17.07135 -36.6 -6.70155 -16.143 -36.54235 -7.784 -14.44 -37.7 -7.784 -14.44
4 15 -16.1 -6.64791 -16.2274 -15.1 -6.59427 -16.31179 -14.9 -7.55983 -14.79268 -15.7 -7.55983 -14.79268
4 15 -25.6 -7.02341 -15.63663 -24.4 -5.95056 -17.32453 -20.8 -7.13069 -15.46784 -22.62697 -7.784 -14.44
4 15 -38.8 -6.96976 -15.72103 -38.7 -5.95056 -17.32453 -37.7 -6.11149 -17.07135 -37.7 -7.784 -14.44
4 31 -15.1 -6.59427 -16.31179 -15.5 -5.95056 -17.32453 -13.8 -7.50619 -14.87708 -14.14 -7.54374 -14.818
4 31 -30.7 -6.96976 -15.72103 -31.1 -6.21877 -16.90256 -28.7 -6.75519 -16.05861 -28.3 -7.61347 -14.70829
4 16 -3.7 -7.09526 -15.13026 -7.5 -5.70056 -17.32453 -39 -5.70056 -17.32453 -39 -7.534 -14.44
4 16 -39 -7.784 -14.44 -39 -7.534 -14.44 -39 -5.70056 -17.32453 -39 -5.95056 -17.32453
4 15 -28.7 -6.75519 -16.05861 -27.6 -6.48698 -16.48058 -26.6 -6.70155 -16.143 -27 -7.34526 -15.13026
4 31 -17.2 -6.70155 -16.143 -16.7 -5.95056 -17.32453 -16.1 -6.64791 -16.2274 -16.8 -7.66711 -14.62389
4 31 -13.8 -7.50619 -14.87708 -15.5 -5.95056 -17.32453 -7.5 -5.95056 -17.32453 -13.46 -7.54374 -14.818
4 16 -3.7 -7.09526 -15.13026 -3.7 -7.34526 -15.13026 -7.5 -5.95056 -17.32453 -7.5 -5.70056 -17.32453
4 31 -33.5 -6.64791 -16.2274 -34.3 -6.0042 -17.24014 -31.1 -6.21877 -16.90256 -30.7 -6.96976 -15.72103
4 15 -24.4 -5.95056 -17.32453 -17.9 -5.95056 -17.32453 -17.2 -6.70155 -16.143 -20.8 -7.13069 -15.46784
4 31 -26.6 -6.70155 -16.143 -25.7 -5.95056 -17.32453 -24.4 -5.95056 -17.32453 -25.6 -7.02341 -15.63663
4 15 -31.1 -6.21877 -16.90256 -28.9 -6.11149 -17.07135 -27.6 -6.48698 -16.48058 -28.7 -6.75519 -16.05861
4 31 -37.7 -6.11149 -17.07135 -34.3 -6.0042 -17.24014 -33.5 -6.64791 -16.2274 -36.6 -6.70155 -16.143
4 15 -16.7 -5.95056 -17.32453 -15.5 -5.95056 -17.32453 -15.1 -6.59427 -16.31179 -16.1 -6.64791 -16.2274
4 15 -27.6 -6.48698 -16.48058 -27.1 -5.95056 -17.32453 -25.7 -5.95056 -17.32453 -26.6 -6.70155 -16.143
4 15 -34.3 -6.0042 -17.24014 -30.2 -5.95056 -17.32453 -28.9 -6.11149 -17.07135 -31.1 -6.21877 -16.90256
4 16 -39 -5.95056 -17.32453 -39 -5.70056 -17.32453 -7.5 -5.70056 -17.32453 -7.5 -5.95056 -17.32453
5 24 39 -15.652 12.616 -39 -15.652 12.616 -39 -14.604 5.36 -39 -15.9415 18.75863
5 24 38.27147 -14.604 5.36 -39 -14.604 5.36 -39 -12.883 -1.648 -39 -15.652 12.616
5 24 33.98586 -12.883 -1.648 -39 -12.883 -1.648 -39 -10.51 -8.284 -39 -14.604 5.36
5 24 16.99885 -10.51 -8.284 -39 -10.51 -8.284 -39 -7.534 -14.44 -39 -12.883 -1.648
5 24 -2.33684 -7.534 -14.44 -39 -7.534 -14.44 -39 -5.70056 -17.32453 -39 -10.51 -8.284
5 24 39 -15.902 12.616 -39 -15.902 12.616 -39 -14.854 5.36 -39 -16.1915 18.75863
5 24 38.27147 -14.854 5.36 -39 -14.854 5.36 -39 -13.133 -1.648 -39 -15.902 12.616
5 24 33.98586 -13.133 -1.648 -39 -13.133 -1.648 -39 -10.76 -8.284 -39 -14.854 5.36
5 24 16.99885 -10.76 -8.284 -39 -10.76 -8.284 -39 -7.784 -14.44 -39 -13.133 -1.648
5 24 -2.33684 -7.784 -14.44 -39 -7.784 -14.44 -39 -5.95056 -17.32453 -39 -10.76 -8.284
