0 Sticker  0.9 x  0.8 with with 12 White Dots on Black Background
0 Name: 6083353b.dat
0 Author: Gabriel Läufer [Dr.Bricktacular]
0 !LDRAW_ORG Unofficial_Part
0 !LICENSE Licensed under CC BY 4.0 : see CAreadme.txt

0 BFC CERTIFY CCW

0 !KEYWORDS 40191stk01, Ferrari F12 Berlinetta polybag, Racers, Set 40191

0 // Sticker-Bottom
1 16 6.6 0 7.9 1.5 0 0 0 -1 0 0 0 1.5 1-4chrd.dat
1 16 6.6 0 -7.9 0 0 1.5 0 -1 0 -1.5 0 0 1-4chrd.dat
1 16 -6.6 0 -7.9 -1.5 0 0 0 -1 0 0 0 -1.5 1-4chrd.dat
1 16 -6.6 0 7.9 0 0 -1.5 0 -1 0 1.5 0 0 1-4chrd.dat
4 16 8.1 0 7.9 8.1 0 -7.9 -8.1 0 -7.9 -8.1 0 7.9
4 16 8.1 0 7.9 -8.1 0 7.9 -6.6 0 9.4 6.6 0 9.4
4 16 6.6 0 -9.4 -6.6 0 -9.4 -8.1 0 -7.9 8.1 0 -7.9

0 // Sticker-Side
1 16 6.6 -.25 7.9 1.5 0 0 0 .25 0 0 0 1.5 1-4cyli.dat
1 16 -6.6 -.25 7.9 0 0 -1.5 0 .25 0 1.5 0 0 1-4cyli.dat
1 16 -6.6 -.25 -7.9 -1.5 0 0 0 .25 0 0 0 -1.5 1-4cyli.dat
1 16 6.6 -.25 -7.9 0 0 1.5 0 .25 0 -1.5 0 0 1-4cyli.dat
4 16 6.6 -.25 -9.4 -6.6 -.25 -9.4 -6.6 0 -9.4 6.6 0 -9.4
4 16 8.1 -.25 7.9 8.1 -.25 -7.9 8.1 0 -7.9 8.1 0 7.9
4 16 -6.6 -.25 9.4 6.6 -.25 9.4 6.6 0 9.4 -6.6 0 9.4
4 16 -8.1 -.25 -7.9 -8.1 -.25 7.9 -8.1 0 7.9 -8.1 0 -7.9

0 // Sticker-Front
1 4 6.6 -.25 7.9 1.5 0 0 0 1 0 0 0 1.5 1-4disc.dat
1 4 -6.6 -.25 7.9 -1.5 0 0 0 1 0 0 0 1.5 1-4disc.dat
1 4 -6.6 -.25 -7.9 -1.5 0 0 0 1 0 0 0 -1.5 1-4disc.dat
1 4 6.6 -.25 -7.9 1.5 0 0 0 1 0 0 0 -1.5 1-4disc.dat
1 0 3.7 -.25 -6 1 0 0 0 1 0 0 0 -1 1-4disc.dat
1 0 3.7 -.25 6.5 1 0 0 0 1 0 0 0 1 1-4disc.dat
1 0 -3.7 -.25 6.5 -1 0 0 0 1 0 0 0 1 1-4disc.dat
1 15 -2.75 -.25 5.25 .8 0 0 0 1 0 0 0 .8 4-4disc.dat
1 15 0 -.25 5.25 .8 0 0 0 1 0 0 0 .8 4-4disc.dat
1 15 2.75 -.25 5.25 .8 0 0 0 1 0 0 0 .8 4-4disc.dat
1 15 -2.75 -.25 2.5 .8 0 0 0 1 0 0 0 .8 4-4disc.dat
1 15 0 -.25 2.5 .8 0 0 0 1 0 0 0 .8 4-4disc.dat
1 15 2.75 -.25 2.55 .8 0 0 0 1 0 0 0 .8 4-4disc.dat
1 15 -2.75 -.25 -.25 .8 0 0 0 1 0 0 0 .8 4-4disc.dat
1 15 0 -.25 -.25 .8 0 0 0 1 0 0 0 .8 4-4disc.dat
1 15 2.75 -.25 -.25 .8 0 0 0 1 0 0 0 .8 4-4disc.dat
1 15 -2.75 -.25 -3 .8 0 0 0 1 0 0 0 .8 4-4disc.dat
1 15 0 -.25 -3 .8 0 0 0 1 0 0 0 .8 4-4disc.dat
1 15 2.75 -.25 -3 .8 0 0 0 1 0 0 0 .8 4-4disc.dat
1 0 -3.7 -.25 -6 -1 0 0 0 1 0 0 0 -1 1-4disc.dat
1 0 -2.75 -.25 5.25 .8 0 0 0 1 0 0 0 .8 4-4ndis.dat
1 0 0 -.25 5.25 .8 0 0 0 1 0 0 0 .8 4-4ndis.dat
1 0 2.75 -.25 5.25 .8 0 0 0 1 0 0 0 .8 4-4ndis.dat
1 0 -2.75 -.25 2.5 .8 0 0 0 1 0 0 0 .8 4-4ndis.dat
1 0 0 -.25 2.5 .8 0 0 0 1 0 0 0 .8 4-4ndis.dat
1 0 2.75 -.25 2.55 .8 0 0 0 1 0 0 0 .8 4-4ndis.dat
1 0 -2.75 -.25 -.25 .8 0 0 0 1 0 0 0 .8 4-4ndis.dat
1 0 0 -.25 -.25 .8 0 0 0 1 0 0 0 .8 4-4ndis.dat
1 0 2.75 -.25 -.25 .8 0 0 0 1 0 0 0 .8 4-4ndis.dat
1 0 -2.75 -.25 -3 .8 0 0 0 1 0 0 0 .8 4-4ndis.dat
1 0 0 -.25 -3 .8 0 0 0 1 0 0 0 .8 4-4ndis.dat
1 0 2.75 -.25 -3 .8 0 0 0 1 0 0 0 .8 4-4ndis.dat
4 0 -.8 -.25 4.45 -.8 -.25 6.05 -1.95 -.25 6.05 -1.95 -.25 4.45
4 0 -.8 -.25 3.3 -.8 -.25 4.45 -1.95 -.25 4.45 -1.95 -.25 3.3
4 0 -.8 -.25 1.7 -.8 -.25 3.3 -1.95 -.25 3.3 -1.95 -.25 1.7
4 0 -.8 -.25 .55 -.8 -.25 1.7 -1.95 -.25 1.7 -1.95 -.25 .55
4 0 -.8 -.25 -1.05 -.8 -.25 .55 -1.95 -.25 .55 -1.95 -.25 -1.05
4 0 -.8 -.25 -2.2 -.8 -.25 -1.05 -1.95 -.25 -1.05 -1.95 -.25 -2.2
4 0 -.8 -.25 -3.8 -.8 -.25 -2.2 -1.95 -.25 -2.2 -1.95 -.25 -3.8
4 0 1.95 -.25 4.45 1.95 -.25 6.05 .8 -.25 6.05 .8 -.25 4.45
4 0 1.95 -.25 3.35 1.95 -.25 4.45 .8 -.25 4.45 .8 -.25 3.3
4 0 1.95 -.25 1.75 1.95 -.25 3.35 .8 -.25 3.3 .8 -.25 1.7
4 0 1.95 -.25 .55 1.95 -.25 1.75 .8 -.25 1.7 .8 -.25 .55
4 0 1.95 -.25 -1.05 1.95 -.25 .55 .8 -.25 .55 .8 -.25 -1.05
4 0 1.95 -.25 -2.2 1.95 -.25 -1.05 .8 -.25 -1.05 .8 -.25 -2.2
4 0 1.95 -.25 -3.8 1.95 -.25 -2.2 .8 -.25 -2.2 .8 -.25 -3.8
4 0 -3.55 -.25 6.05 -1.95 -.25 6.05 -3.7 -.25 7.5 -3.7 -.25 6.5
3 0 -3.7 -.25 7.5 -1.95 -.25 6.05 -.8 -.25 6.05
4 0 3.7 -.25 7.5 1.95 -.25 6.05 3.55 -.25 6.05 3.7 -.25 6.5
3 0 3.7 -.25 7.5 .8 -.25 6.05 1.95 -.25 6.05
4 0 0 -.25 6.05 .8 -.25 6.05 3.7 -.25 7.5 -3.7 -.25 7.5
3 0 -3.7 -.25 7.5 -.8 -.25 6.05 0 -.25 6.05
4 0 -3.55 -.25 -3.8 -3.7 -.25 -6 -3.7 -.25 -7 -1.95 -.25 -3.8
3 0 -.8 -.25 -3.8 -1.95 -.25 -3.8 -3.7 -.25 -7
4 0 3.7 -.25 -7 3.7 -.25 -6 3.55 -.25 -3.8 1.95 -.25 -3.8
3 0 1.95 -.25 -3.8 .8 -.25 -3.8 3.7 -.25 -7
4 0 3.7 -.25 -7 .8 -.25 -3.8 0 -.25 -3.8 -3.7 -.25 -7
3 0 0 -.25 -3.8 -.8 -.25 -3.8 -3.7 -.25 -7
4 0 3.55 -.25 6.05 3.55 -.25 4.45 4.7 -.25 6.5 3.7 -.25 6.5
4 0 3.55 -.25 4.45 1.95 -.25 4.45 1.95 -.25 3.35 3.55 -.25 3.35
4 0 3.55 -.25 1.75 1.95 -.25 1.75 1.95 -.25 .55 3.55 -.25 .55
4 0 3.55 -.25 -1.05 1.95 -.25 -1.05 1.95 -.25 -2.2 3.55 -.25 -2.2
4 0 -1.95 -.25 4.45 -3.55 -.25 4.45 -3.55 -.25 3.3 -1.95 -.25 3.3
4 0 -1.95 -.25 1.7 -3.55 -.25 1.7 -3.55 -.25 .55 -1.95 -.25 .55
4 0 -1.95 -.25 -1.05 -3.55 -.25 -1.05 -3.55 -.25 -2.2 -1.95 -.25 -2.2
4 0 .8 -.25 4.45 -.8 -.25 4.45 -.8 -.25 3.3 .8 -.25 3.3
4 0 .8 -.25 1.7 -.8 -.25 1.7 -.8 -.25 .55 .8 -.25 .55
4 0 .8 -.25 -1.05 -.8 -.25 -1.05 -.8 -.25 -2.2 .8 -.25 -2.2
4 0 4.7 -.25 -6 4.7 -.25 6.5 3.55 -.25 .55 3.55 -.25 -1.05
3 0 3.55 -.25 -1.05 3.55 -.25 -2.2 4.7 -.25 -6
4 0 4.7 -.25 -6 3.55 -.25 -2.2 3.55 -.25 -3.8 3.7 -.25 -6
3 0 4.7 -.25 6.5 3.55 -.25 3.35 3.55 -.25 1.75
3 0 4.7 -.25 6.5 3.55 -.25 1.75 3.55 -.25 .55
4 0 -3.55 -.25 .55 -4.7 -.25 6.5 -4.7 -.25 -6 -3.55 -.25 -1.05
3 0 -3.55 -.25 -1.05 -4.7 -.25 -6 -3.55 -.25 -2.2
4 0 -3.55 -.25 -3.8 -3.55 -.25 -2.2 -4.7 -.25 -6 -3.7 -.25 -6
4 0 -4.7 -.25 6.5 -3.55 -.25 4.45 -3.55 -.25 6.05 -3.7 -.25 6.5
3 0 -4.7 -.25 6.5 -3.55 -.25 3.3 -3.55 -.25 4.45
3 0 -4.7 -.25 6.5 -3.55 -.25 1.7 -3.55 -.25 3.3
3 0 -4.7 -.25 6.5 -3.55 -.25 .55 -3.55 -.25 1.7
4 4 -4.7 -.25 7.5 -6.6 -.25 7.9 -8.1 -.25 7.9 -4.7 -.25 6.5
4 4 -4.7 -.25 -6 -4.7 -.25 6.5 -8.1 -.25 7.9 -8.1 -.25 -7.9
4 4 -4.7 -.25 -6 -8.1 -.25 -7.9 -6.6 -.25 -7.9 -4.7 -.25 -7
4 4 8.1 -.25 7.9 6.6 -.25 7.9 4.7 -.25 7.5 4.7 -.25 6.5
4 4 4.7 -.25 6.5 4.7 -.25 -6 8.1 -.25 -7.9 8.1 -.25 7.9
4 4 8.1 -.25 -7.9 4.7 -.25 -6 4.7 -.25 -7 6.6 -.25 -7.9
4 4 -6.6 -.25 9.4 -6.6 -.25 7.9 -4.7 -.25 7.5 -3.7 -.25 7.5
4 4 6.6 -.25 9.4 -6.6 -.25 9.4 -3.7 -.25 7.5 3.7 -.25 7.5
4 4 6.6 -.25 9.4 3.7 -.25 7.5 4.7 -.25 7.5 6.6 -.25 7.9
4 4 -4.7 -.25 -7 -6.6 -.25 -7.9 -6.6 -.25 -9.4 -3.7 -.25 -7
4 4 -3.7 -.25 -7 -6.6 -.25 -9.4 6.6 -.25 -9.4 6.6 -.25 -7.9
3 4 3.7 -.25 -7 -3.7 -.25 -7 6.6 -.25 -7.9
3 4 4.7 -.25 -7 3.7 -.25 -7 6.6 -.25 -7.9
3 4 -4.7 -.25 7.5 -4.7 -.25 6.5 -4.6239 -.25 6.8827
3 4 -4.7 -.25 7.5 -4.6239 -.25 6.8827 -4.4071 -.25 7.2071
3 4 -4.7 -.25 7.5 -4.4071 -.25 7.2071 -4.0827 -.25 7.4239
3 4 -3.7 -.25 7.5 -4.7 -.25 7.5 -4.0827 -.25 7.4239
3 4 4.7 -.25 7.5 3.7 -.25 7.5 4.0827 -.25 7.4239
3 4 4.7 -.25 7.5 4.0827 -.25 7.4239 4.4071 -.25 7.2071
3 4 4.7 -.25 7.5 4.4071 -.25 7.2071 4.6239 -.25 6.8827
3 4 4.7 -.25 7.5 4.6239 -.25 6.8827 4.7 -.25 6.5
3 0 4.7 -.25 6.5 3.55 -.25 4.45 3.55 -.25 3.35
3 4 4.0827 -.25 -6.9239 3.7 -.25 -7 4.7 -.25 -7
3 4 4.4071 -.25 -6.7071 4.0827 -.25 -6.9239 4.7 -.25 -7
3 4 4.6239 -.25 -6.3827 4.4071 -.25 -6.7071 4.7 -.25 -7
3 4 4.7 -.25 -6 4.6239 -.25 -6.3827 4.7 -.25 -7
3 4 -4.7 -.25 -6 -4.7 -.25 -7 -4.6239 -.25 -6.3827
3 4 -4.6239 -.25 -6.3827 -4.7 -.25 -7 -4.4071 -.25 -6.7071
3 4 -4.4071 -.25 -6.7071 -4.7 -.25 -7 -4.0827 -.25 -6.9239
3 4 -4.0827 -.25 -6.9239 -4.7 -.25 -7 -3.7 -.25 -7
