0 Sticker  2.8 x  3.3 with Red and White Signs on Screen Left
0 Name: 6103027h.dat
0 Author: Evert-Jan Boer [ejboer]
0 !LDRAW_ORG Unofficial_Part
0 !LICENSE Licensed under CC BY 4.0 : see CAreadme.txt

0 BFC CERTIFY CCW

0 !KEYWORDS Set 75095, Star Wars, TIE Fighter

1 16 32.75 0 27.125 1 0 0 0 -1 0 0 0 1 1-4chrd.dat
1 16 32.75 0 -27.125 0 0 1 0 -1 0 -1 0 0 1-4chrd.dat
1 16 -32.75 0 -27.125 -1 0 0 0 -1 0 0 0 -1 1-4chrd.dat
1 16 -32.75 0 27.125 0 0 -1 0 -1 0 1 0 0 1-4chrd.dat
4 16 32.75 0 -28.125 -32.75 0 -28.125 -33.75 0 -27.125 33.75 0 -27.125
4 16 33.75 0 27.125 33.75 0 -27.125 -33.75 0 -27.125 -33.75 0 27.125
4 16 33.75 0 27.125 -33.75 0 27.125 -32.75 0 28.125 32.75 0 28.125

1 16 32.75 -.25 27.125 1 0 0 0 .25 0 0 0 1 1-4cyli.dat
1 16 -32.75 -.25 27.125 0 0 -1 0 .25 0 1 0 0 1-4cyli.dat
1 16 -32.75 -.25 -27.125 -1 0 0 0 .25 0 0 0 -1 1-4cyli.dat
1 16 32.75 -.25 -27.125 0 0 1 0 .25 0 -1 0 0 1-4cyli.dat
4 16 32.75 -.25 -28.125 -32.75 -.25 -28.125 -32.75 0 -28.125 32.75 0 -28.125
4 16 33.75 -.25 27.125 33.75 -.25 -27.125 33.75 0 -27.125 33.75 0 27.125
4 16 -32.75 -.25 28.125 32.75 -.25 28.125 32.75 0 28.125 -32.75 0 28.125
4 16 -33.75 -.25 -27.125 -33.75 -.25 27.125 -33.75 0 27.125 -33.75 0 -27.125

1 72 32.75 -.25 -27.13 1 0 0 0 1 0 0 0 -1 1-4chrd.dat
1 72 -32.75 -.25 -27.13 0 0 -1 0 1 0 -1 0 0 1-4chrd.dat
1 72 -32.75 -.25 27.13 -1 0 0 0 1 0 0 0 1 1-8chrd.dat
1 71 -32.75 -.25 27.13 -.70711 0 .70711 0 1 0 .70711 0 .70711 1-8chrd.dat
1 71 32.75 -.25 27.13 0 0 1 0 1 0 1 0 0 1-8chrd.dat
1 72 32.75 -.25 27.13 .70711 0 .70711 0 1 0 .70711 0 -.70711 1-8chrd.dat
1 4 6.7 -.25 21.5 -.4 0 0 0 1 0 0 0 .4 4-4disc.dat
1 0 6.7 -.25 21.5 -.4 0 0 0 1 0 0 0 .4 4-4ndis.dat
1 0 5.3 -.25 20.55 -.4 0 0 0 1 0 0 0 .4 4-4ndis.dat
1 4 5.3 -.25 20.55 -.4 0 0 0 1 0 0 0 .4 4-4disc.dat
1 4 4.8 -.25 11.8 -.5 0 0 0 1 0 0 0 .5 4-4disc.dat
1 0 4.8 -.25 11.8 -.5 0 0 0 1 0 0 0 .5 4-4ndis.dat
1 4 13.45 -.25 18.6 -.5 0 0 0 1 0 0 0 .5 4-4disc.dat
1 0 13.45 -.25 18.6 -.5 0 0 0 1 0 0 0 .5 4-4ndis.dat
1 4 -13.75 -.25 5.45 -.5 0 0 0 1 0 0 0 .5 4-4disc.dat
1 0 -13.75 -.25 5.45 -.5 0 0 0 1 0 0 0 .5 4-4ndis.dat
1 0 7.05 -.25 13.55 -.5 0 0 0 1 0 0 0 .5 4-4ndis.dat
1 4 7.05 -.25 13.55 -.5 0 0 0 1 0 0 0 .5 4-4disc.dat
1 4 14.65 -.25 1.9 -.5 0 0 0 1 0 0 0 .5 4-4disc.dat
1 0 14.65 -.25 1.9 -.5 0 0 0 1 0 0 0 .5 4-4ndis.dat
1 4 18.85 -.25 5.85 -.5 0 0 0 1 0 0 0 .5 4-4disc.dat
1 4 18.85 -.25 7.8 -.5 0 0 0 1 0 0 0 .5 4-4disc.dat
1 4 26.85 -.25 -.35 -.5 0 0 0 1 0 0 0 .5 4-4disc.dat
1 0 18.85 -.25 5.85 -.5 0 0 0 1 0 0 0 .5 4-4ndis.dat
1 0 18.85 -.25 7.8 -.5 0 0 0 1 0 0 0 .5 4-4ndis.dat
1 0 26.85 -.25 -.35 -.5 0 0 0 1 0 0 0 .5 4-4ndis.dat
4 71 .08 -.25 1.84 -.5 -.25 2.25 -.15 -.25 1.07 27.68 -.25 -28.13
4 71 -.5 -.25 2.25 -1.08 -.25 1.84 -.85 -.25 1.07 -.15 -.25 1.07
4 71 .08 -.25 1.84 33.46 -.25 27.83 32.75 -.25 28.13 -.5 -.25 2.25
3 71 .08 -.25 1.84 27.68 -.25 -28.13 28.64 -.25 -28.13
4 71 -.15 -.25 -28.13 -.15 -.25 1.07 -.85 -.25 1.07 -.85 -.25 -28.13
4 71 -27.68 -.25 -28.13 -.85 -.25 1.07 -1.08 -.25 1.84 -28.64 -.25 -28.13
4 71 -1.08 -.25 1.84 -.5 -.25 2.25 -32.75 -.25 28.12999 -33.46 -.25 27.83
3 72 20.94 -.25 -24.1 20.86 -.25 -24.58 27.68 -.25 -28.13
3 72 20.86 -.25 -24.58 20.51 -.25 -25.11 27.68 -.25 -28.13
3 72 20.51 -.25 -25.11 19.98 -.25 -25.46 27.68 -.25 -28.13
3 72 19.98 -.25 -25.46 19.35 -.25 -25.6 27.68 -.25 -28.13
3 72 20.81 -.25 -23.47 20.94 -.25 -24.1 27.68 -.25 -28.13
3 72 20.46 -.25 -22.94 20.81 -.25 -23.47 27.68 -.25 -28.13
4 72 27.68 -.25 -28.13 19.35 -.25 -25.6 3.45 -.25 -25.6 -.15 -.25 -28.13
3 72 2.59 -.25 -25.41 -.15 -.25 -28.13 3.45 -.25 -25.6
3 72 1.87 -.25 -24.93 -.15 -.25 -28.13 2.59 -.25 -25.41
3 72 1.39 -.25 -24.21 -.15 -.25 -28.13 1.87 -.25 -24.93
3 72 1.2 -.25 -23.35 -.15 -.25 -28.13 1.39 -.25 -24.21
4 72 -.15 -.25 1.07 -.15 -.25 -28.13 1.2 -.25 -23.35 1.2 -.25 -4.9
3 72 -.15 -.25 1.07 1.2 -.25 -4.9 1.25 -.25 -4.59
3 72 -.15 -.25 1.07 1.25 -.25 -4.59 1.43 -.25 -4.33
3 72 -.15 -.25 1.07 1.43 -.25 -4.33 1.69 -.25 -4.15
3 72 -.15 -.25 1.07 1.69 -.25 -4.15 2 -.25 -4.09
3 72 -.15 -.25 1.07 2 -.25 -4.09 2.31 -.25 -4.15
3 72 -.15 -.25 1.07 2.31 -.25 -4.15 2.57 -.25 -4.33
4 72 27.68 -.25 -28.13 -.15 -.25 1.07 2.57 -.25 -4.33 20.46 -.25 -22.94
3 72 -21.99 -.25 -24.1 -27.68 -.25 -28.13 -21.91 -.25 -24.58
3 72 -21.91 -.25 -24.58 -27.68 -.25 -28.13 -21.56 -.25 -25.11
3 72 -21.56 -.25 -25.11 -27.68 -.25 -28.13 -21.03 -.25 -25.46
3 72 -21.03 -.25 -25.46 -27.68 -.25 -28.13 -20.4 -.25 -25.6
3 72 -21.86 -.25 -23.47 -27.68 -.25 -28.13 -21.99 -.25 -24.1
3 72 -21.51 -.25 -22.94 -27.68 -.25 -28.13 -21.86 -.25 -23.47
4 72 -4.5 -.25 -25.6 -20.4 -.25 -25.6 -27.68 -.25 -28.13 -.85 -.25 -28.13
3 72 -3.64 -.25 -25.41 -4.5 -.25 -25.6 -.85 -.25 -28.13
3 72 -2.92 -.25 -24.93 -3.64 -.25 -25.41 -.85 -.25 -28.13
3 72 -2.44 -.25 -24.21 -2.92 -.25 -24.93 -.85 -.25 -28.13
3 72 -2.25 -.25 -23.35 -2.44 -.25 -24.21 -.85 -.25 -28.13
4 72 -2.25 -.25 -23.35 -.85 -.25 -28.13 -.85 -.25 1.07 -2.25 -.25 -4.9
3 72 -.85 -.25 1.07 -2.3 -.25 -4.59 -2.25 -.25 -4.9
3 72 -.85 -.25 1.07 -2.48 -.25 -4.33 -2.3 -.25 -4.59
3 72 -.85 -.25 1.07 -2.74 -.25 -4.15 -2.48 -.25 -4.33
3 72 -.85 -.25 1.07 -3.05 -.25 -4.09 -2.74 -.25 -4.15
3 72 -.85 -.25 1.07 -3.36 -.25 -4.15 -3.05 -.25 -4.09
3 72 -.85 -.25 1.07 -3.62 -.25 -4.33 -3.36 -.25 -4.15
4 72 -3.62 -.25 -4.33 -.85 -.25 1.07 -27.68 -.25 -28.13 -21.51 -.25 -22.94
3 72 0 -.25 28.13 -2.04 -.25 24.66 -1.85 -.25 23.8
3 72 0 -.25 28.13 -2.52 -.25 25.38 -2.04 -.25 24.66
3 72 0 -.25 28.13 -3.24 -.25 25.86 -2.52 -.25 25.38
3 72 0 -.25 28.13 -4.1 -.25 26.05 -3.24 -.25 25.86
4 72 -20 -.25 26.05 -4.1 -.25 26.05 0 -.25 28.13 -32.75 -.25 28.12999
3 72 -32.75 -.25 28.12999 -20.63 -.25 25.91 -20 -.25 26.05
3 72 -32.75 -.25 28.12999 -21.16 -.25 25.56 -20.63 -.25 25.91
3 72 -32.75 -.25 28.12999 -21.51 -.25 25.03 -21.16 -.25 25.56
3 72 -32.75 -.25 28.12999 -21.59 -.25 24.55 -21.51 -.25 25.03
3 72 -32.75 -.25 28.12999 -21.46 -.25 23.92 -21.59 -.25 24.55
3 72 -32.75 -.25 28.12999 -21.11 -.25 23.39 -21.46 -.25 23.92
4 72 -3.22 -.25 5.58 -21.11 -.25 23.39 -32.75 -.25 28.12999 -.5 -.25 2.25
3 72 -3.22 -.25 5.58 -.5 -.25 2.25 -2.96 -.25 5.4
3 72 -2.96 -.25 5.4 -.5 -.25 2.25 -2.65 -.25 5.34
3 72 -2.34 -.25 5.4 -2.65 -.25 5.34 -.5 -.25 2.25
3 72 -2.08 -.25 5.58 -2.34 -.25 5.4 -.5 -.25 2.25
3 72 -1.9 -.25 5.84 -2.08 -.25 5.58 -.5 -.25 2.25
3 72 -1.85 -.25 6.15 -1.9 -.25 5.84 -.5 -.25 2.25
4 72 -1.85 -.25 6.15 -.5 -.25 2.25 0 -.25 28.13 -1.85 -.25 23.8
4 72 33.74999 -.25 27.13 33.46 -.25 27.83 29.65 -.25 23.65 29.65 -.25 .8
4 72 33.75 -.25 -27.13 33.74999 -.25 27.13 29.65 -.25 .8 29.65 -.25 -24.95
4 72 32.75 -.25 -28.13 33.75 -.25 -27.13 29.65 -.25 -24.95 28.64 -.25 -28.13
4 72 28.64 -.25 -28.13 29.65 -.25 -24.95 2.7 -.25 2 .08 -.25 1.84
4 72 33.46 -.25 27.83 .08 -.25 1.84 2.7 -.25 2 29.65 -.25 23.65
4 15 19.94 -.25 21.7 20.92 -.25 21.61 18.49 -.25 24.63 18.41 -.25 23.64
4 15 4.57 -.25 13.61 7.05 -.25 10.59 7.14 -.25 11.57 5.56 -.25 13.52
4 15 5.56 -.25 13.52 18.41 -.25 23.64 18.49 -.25 24.63 4.57 -.25 13.61
4 15 7.05 -.25 10.59 20.92 -.25 21.61 19.94 -.25 21.7 7.14 -.25 11.57
4 4 17.36 -.25 22.21 17.18 -.25 22.2 17.82 -.25 21.44 17.68 -.25 21.97
3 4 17.68 -.25 21.97 17.82 -.25 21.44 17.86 -.25 21.61
4 4 15.1 -.25 19.28 14.46 -.25 20.05 14.42 -.25 19.87 14.6 -.25 19.52
3 4 14.6 -.25 19.52 14.92 -.25 19.28 15.1 -.25 19.28
4 4 15.1 -.25 19.28 17.82 -.25 21.44 17.18 -.25 22.2 14.46 -.25 20.05
4 4 11.03 -.25 17.14 10.85 -.25 17.13 11.49 -.25 16.37 11.35 -.25 16.9
3 4 11.35 -.25 16.9 11.49 -.25 16.37 11.53 -.25 16.54
4 4 8.73 -.25 14.18 8.09 -.25 14.94 8.05 -.25 14.77 8.23 -.25 14.41
3 4 8.23 -.25 14.41 8.55 -.25 14.17 8.73 -.25 14.18
4 4 8.73 -.25 14.18 11.49 -.25 16.37 10.85 -.25 17.13 8.09 -.25 14.94
3 0 18.41 -.25 23.64 17.18 -.25 22.2 17.36 -.25 22.21
4 0 18.41 -.25 23.64 17.36 -.25 22.21 17.68 -.25 21.97 19.94 -.25 21.7
3 0 17.68 -.25 21.97 17.86 -.25 21.61 19.94 -.25 21.7
3 0 19.94 -.25 21.7 17.86 -.25 21.61 17.82 -.25 21.44
4 0 14.46 -.25 20.05 17.18 -.25 22.2 18.41 -.25 23.64 12.95 -.25 19.1
4 0 19.94 -.25 21.7 17.82 -.25 21.44 15.1 -.25 19.28 13.95 -.25 18.1
4 0 13.95 -.25 18.1 11.49 -.25 16.37 7.14 -.25 11.57 19.94 -.25 21.7
4 4 9.21 -.25 24.1 9.21 -.25 23.93 9.98 -.25 24.57 9.45 -.25 24.42
3 4 9.81 -.25 24.6 9.45 -.25 24.42 9.98 -.25 24.57
4 4 12.94 -.25 21.04 12.17 -.25 20.4 12.35 -.25 20.36 12.7 -.25 20.55
3 4 12.94 -.25 21.04 12.7 -.25 20.55 12.94 -.25 20.87
4 4 12.94 -.25 21.04 9.98 -.25 24.57 9.21 -.25 23.93 12.17 -.25 20.4
4 4 7.37 -.25 22.74 7.38 -.25 22.56 8.15 -.25 23.2 7.61 -.25 23.06
3 4 7.97 -.25 23.24 7.61 -.25 23.06 8.15 -.25 23.2
4 4 11.1 -.25 19.68 10.34 -.25 19.04 10.51 -.25 19 10.87 -.25 19.18
3 4 11.1 -.25 19.68 10.87 -.25 19.18 11.11 -.25 19.5
4 4 11.1 -.25 19.68 8.15 -.25 23.2 7.38 -.25 22.56 10.34 -.25 19.04
4 4 6.61 -.25 17.59 6.76 -.25 17.2 6.93 -.25 17.2 8.88 -.25 19.51
4 4 9.2 -.25 19.13 9.23 -.25 19.3 8.88 -.25 19.51 6.93 -.25 17.2
3 4 9.05 -.25 19.52 8.88 -.25 19.51 9.23 -.25 19.3
3 4 6.61 -.25 17.59 6.58 -.25 17.41 6.76 -.25 17.2
4 4 7.11 -.25 17.04 7.25 -.25 16.65 7.43 -.25 16.65 9.37 -.25 18.96
4 4 9.69 -.25 18.58 9.73 -.25 18.75 9.37 -.25 18.96 7.43 -.25 16.65
3 4 9.55 -.25 18.97 9.37 -.25 18.96 9.73 -.25 18.75
3 4 7.11 -.25 17.04 7.07 -.25 16.86 7.25 -.25 16.65
4 0 8.15 -.25 23.2 9.21 -.25 23.93 9.21 -.25 24.1 7.97 -.25 23.24
4 0 7.97 -.25 23.24 9.21 -.25 24.1 9.45 -.25 24.42 7.61 -.25 23.06
4 0 7.07 -.25 16.86 7.11 -.25 17.04 6.93 -.25 17.2 6.76 -.25 17.2
4 0 9.37 -.25 18.96 9.55 -.25 18.97 9.23 -.25 19.3 9.2 -.25 19.13
4 0 9.37 -.25 18.96 9.2 -.25 19.13 6.93 -.25 17.2 7.11 -.25 17.04
4 0 10.34 -.25 19.04 9.05 -.25 19.52 9.23 -.25 19.3 9.55 -.25 18.97
4 0 10.34 -.25 19.04 9.55 -.25 18.97 9.73 -.25 18.75 10.51 -.25 19
4 0 11.1 -.25 19.68 12.17 -.25 20.4 9.21 -.25 23.93 8.15 -.25 23.2
4 0 11.11 -.25 19.5 12.35 -.25 20.36 12.17 -.25 20.4 11.1 -.25 19.68
4 0 10.87 -.25 19.18 12.7 -.25 20.55 12.35 -.25 20.36 11.11 -.25 19.5
3 0 10.51 -.25 19 9.73 -.25 18.75 9.69 -.25 18.58
4 0 12.94 -.25 21.04 12.94 -.25 20.87 18.49 -.25 24.63 14.75 -.25 24.23
3 0 18.49 -.25 24.63 12.94 -.25 20.87 12.7 -.25 20.55
4 0 18.49 -.25 24.63 12.7 -.25 20.55 10.87 -.25 19.18 4.57 -.25 13.61
3 0 7.43 -.25 16.65 7.25 -.25 16.65 4.57 -.25 13.61
4 0 9.69 -.25 18.58 7.43 -.25 16.65 4.57 -.25 13.61 10.51 -.25 19
3 0 10.87 -.25 19.18 10.51 -.25 19 4.57 -.25 13.61
4 0 4.57 -.25 13.61 7.25 -.25 16.65 7.07 -.25 16.86 6.76 -.25 17.2
3 0 6.58 -.25 17.41 4.57 -.25 13.61 6.76 -.25 17.2
3 0 1.4 -.25 26.05 7.61 -.25 23.06 9.45 -.25 24.42
3 0 1.4 -.25 26.05 9.45 -.25 24.42 9.81 -.25 24.6
3 0 26.95 -.25 26.05 18.49 -.25 24.63 20.92 -.25 21.61
4 0 26.95 -.25 26.05 20.92 -.25 21.61 7.05 -.25 10.59 1.4 -.25 5.65
4 72 1.4 -.25 26.05 26.95 -.25 26.05 32.75 -.25 28.13 0 -.25 28.13
4 72 1.4 -.25 26.05 0 -.25 28.13 -.5 -.25 2.25 1.4 -.25 5.65
4 72 -.5 -.25 2.25 32.75 -.25 28.13 26.95 -.25 26.05 1.4 -.25 5.65
4 15 -13.6 -.25 7.48 -21.43 -.25 13.7 -21.24 -.25 12.7 -14.5 -.25 7.28
4 15 -22.55 -.25 -4.06 -22.64 -.25 -3.21 -29.4 -.25 2.25 -30.3 -.25 2.1
4 15 -29.4 -.25 2.25 -21.24 -.25 12.7 -21.43 -.25 13.7 -30.3 -.25 2.1
4 15 -22.55 -.25 -4.06 -13.6 -.25 7.48 -14.5 -.25 7.28 -22.64 -.25 -3.21
4 4 -21.77 -.25 11.13 -21.72 -.25 10.96 -21.12 -.25 11.76 -21.6 -.25 11.5
3 4 -21.12 -.25 11.76 -21.3 -.25 11.75 -21.6 -.25 11.5
4 4 -15.52 -.25 7.42 -16.12 -.25 6.63 -15.94 -.25 6.63 -15.64 -.25 6.89
3 4 -15.52 -.25 7.42 -15.64 -.25 6.89 -15.47 -.25 7.25
4 4 -15.52 -.25 7.42 -21.12 -.25 11.76 -21.72 -.25 10.96 -16.12 -.25 6.63
4 4 -22.67 -.25 9.93 -22.62 -.25 9.76 -22.02 -.25 10.56 -22.51 -.25 10.3
3 4 -22.02 -.25 10.56 -22.2 -.25 10.56 -22.51 -.25 10.3
4 4 -16.42 -.25 6.23 -17.02 -.25 5.43 -16.85 -.25 5.43 -16.54 -.25 5.69
3 4 -16.42 -.25 6.23 -16.54 -.25 5.69 -16.38 -.25 6.05
4 4 -16.42 -.25 6.23 -22.02 -.25 10.56 -22.62 -.25 9.76 -17.02 -.25 5.43
4 4 -25.46 -.25 6.35 -25.41 -.25 6.18 -24.81 -.25 6.98 -25.3 -.25 6.72
3 4 -24.81 -.25 6.98 -24.99 -.25 6.97 -25.3 -.25 6.72
4 4 -19.16 -.25 2.59 -19.76 -.25 1.79 -19.58 -.25 1.8 -19.28 -.25 2.05
3 4 -19.16 -.25 2.59 -19.28 -.25 2.05 -19.11 -.25 2.42
4 4 -19.16 -.25 2.59 -24.81 -.25 6.98 -25.41 -.25 6.18 -19.76 -.25 1.79
4 4 -28.59 -.25 2.3 -28.54 -.25 2.12 -27.94 -.25 2.92 -28.42 -.25 2.66
3 4 -27.94 -.25 2.92 -28.12 -.25 2.92 -28.42 -.25 2.66
4 4 -25.34 -.25 .97 -25.95 -.25 .17 -25.77 -.25 .17 -25.46 -.25 .43
3 4 -25.34 -.25 .97 -25.46 -.25 .43 -25.3 -.25 .79
4 4 -25.34 -.25 .97 -27.94 -.25 2.92 -28.54 -.25 2.12 -25.95 -.25 .17
4 4 -30.05 -.25 15.52 -30.01 -.25 15.35 -29.4 -.25 16.15 -29.89 -.25 15.89
3 4 -29.4 -.25 16.15 -29.58 -.25 16.15 -29.89 -.25 15.89
4 4 -23.81 -.25 11.79 -24.41 -.25 10.99 -24.23 -.25 11 -23.93 -.25 11.25
3 4 -23.81 -.25 11.79 -23.93 -.25 11.25 -23.76 -.25 11.62
4 4 -23.81 -.25 11.79 -29.4 -.25 16.15 -30.01 -.25 15.35 -24.41 -.25 10.99
4 4 -13.1 -.25 4.4 -13.06 -.25 4.23 -12.45 -.25 5.03 -12.94 -.25 4.77
3 4 -12.45 -.25 5.03 -12.63 -.25 5.02 -12.94 -.25 4.77
4 4 -9.48 -.25 2.76 -10.08 -.25 1.96 -9.9 -.25 1.96 -9.6 -.25 2.22
3 4 -9.48 -.25 2.76 -9.6 -.25 2.22 -9.43 -.25 2.59
4 4 -9.48 -.25 2.76 -12.45 -.25 5.03 -13.06 -.25 4.23 -10.08 -.25 1.96
3 0 -15.52 -.25 7.42 -15.47 -.25 7.25 -14.5 -.25 7.28
3 0 -14.5 -.25 7.28 -15.47 -.25 7.25 -15.64 -.25 6.89
4 0 -14.5 -.25 7.28 -15.64 -.25 6.89 -15.94 -.25 6.63 -16.38 -.25 6.05
3 0 -14.5 -.25 7.28 -16.38 -.25 6.05 -16.54 -.25 5.69
4 0 -16.38 -.25 6.05 -15.94 -.25 6.63 -16.12 -.25 6.63 -16.42 -.25 6.23
4 0 -19.11 -.25 2.42 -16.85 -.25 5.43 -17.02 -.25 5.43 -19.16 -.25 2.59
4 0 -19.28 -.25 2.05 -16.54 -.25 5.69 -16.85 -.25 5.43 -19.11 -.25 2.42
4 0 -14.5 -.25 7.28 -16.54 -.25 5.69 -19.28 -.25 2.05 -22.64 -.25 -3.21
3 0 -21.24 -.25 12.7 -21.3 -.25 11.75 -21.12 -.25 11.76
3 0 -21.24 -.25 12.7 -21.6 -.25 11.5 -21.3 -.25 11.75
4 0 -22.2 -.25 10.56 -21.77 -.25 11.13 -21.6 -.25 11.5 -22.51 -.25 10.3
4 0 -22.02 -.25 10.56 -21.72 -.25 10.96 -21.77 -.25 11.13 -22.2 -.25 10.56
4 0 -24.99 -.25 6.97 -22.67 -.25 9.93 -22.51 -.25 10.3 -25.3 -.25 6.72
4 0 -24.81 -.25 6.98 -22.62 -.25 9.76 -22.67 -.25 9.93 -24.99 -.25 6.97
4 0 -22.51 -.25 10.3 -21.6 -.25 11.5 -21.24 -.25 12.7 -25.3 -.25 6.72
4 0 -25.3 -.25 6.72 -21.24 -.25 12.7 -29.4 -.25 2.25 -28.42 -.25 2.66
4 0 -21.24 -.25 12.7 -21.12 -.25 11.76 -15.52 -.25 7.42 -14.5 -.25 7.28
4 0 -16.42 -.25 6.23 -16.12 -.25 6.63 -21.72 -.25 10.96 -22.02 -.25 10.56
4 4 -21.78 -.25 7.64 -21.42 -.25 7.84 -21.45 -.25 8.02 -22.89 -.25 8.41
4 4 -22.56 -.25 8.79 -22.74 -.25 8.8 -22.89 -.25 8.41 -21.45 -.25 8.02
3 4 -22.74 -.25 8.8 -22.92 -.25 8.59 -22.89 -.25 8.41
3 4 -21.42 -.25 7.84 -21.78 -.25 7.64 -21.6 -.25 7.63
4 4 -22.48 -.25 6.79 -22.12 -.25 6.99 -22.15 -.25 7.17 -23.59 -.25 7.56
4 4 -23.26 -.25 7.94 -23.44 -.25 7.95 -23.59 -.25 7.56 -22.15 -.25 7.17
3 4 -23.44 -.25 7.95 -23.62 -.25 7.74 -23.59 -.25 7.56
3 4 -22.12 -.25 6.99 -22.48 -.25 6.79 -22.3 -.25 6.78
4 4 -26.16 -.25 2.19 -25.8 -.25 2.39 -25.83 -.25 2.57 -27.09 -.25 2.85
4 4 -26.76 -.25 3.23 -26.94 -.25 3.24 -27.09 -.25 2.85 -25.83 -.25 2.57
3 4 -26.94 -.25 3.24 -27.12 -.25 3.03 -27.09 -.25 2.85
3 4 -25.8 -.25 2.39 -26.16 -.25 2.19 -25.98 -.25 2.18
4 4 -23.03 -.25 6.09 -22.67 -.25 6.29 -22.7 -.25 6.47 -24.14 -.25 6.87
4 4 -23.81 -.25 7.24 -23.99 -.25 7.25 -24.14 -.25 6.87 -22.7 -.25 6.47
3 4 -23.99 -.25 7.25 -24.17 -.25 7.04 -24.14 -.25 6.87
3 4 -22.67 -.25 6.29 -23.03 -.25 6.09 -22.85 -.25 6.08
4 0 -23.26 -.25 7.94 -22.89 -.25 8.41 -22.92 -.25 8.59 -23.44 -.25 7.95
4 0 -23.81 -.25 7.24 -23.59 -.25 7.56 -23.62 -.25 7.74 -23.99 -.25 7.25
4 0 -22.12 -.25 6.99 -21.6 -.25 7.63 -21.78 -.25 7.64 -22.15 -.25 7.17
4 0 -22.67 -.25 6.29 -22.3 -.25 6.78 -22.48 -.25 6.79 -22.7 -.25 6.47
4 0 -21.78 -.25 7.64 -22.89 -.25 8.41 -23.26 -.25 7.94 -22.15 -.25 7.17
4 0 -22.48 -.25 6.79 -23.59 -.25 7.56 -23.81 -.25 7.24 -22.7 -.25 6.47
3 0 -22.62 -.25 9.76 -22.74 -.25 8.8 -22.56 -.25 8.79
3 0 -22.62 -.25 9.76 -22.92 -.25 8.59 -22.74 -.25 8.8
4 0 -23.44 -.25 7.95 -22.92 -.25 8.59 -22.62 -.25 9.76 -23.62 -.25 7.74
4 0 -23.99 -.25 7.25 -23.62 -.25 7.74 -22.62 -.25 9.76 -24.17 -.25 7.04
3 0 -22.62 -.25 9.76 -24.81 -.25 6.98 -24.17 -.25 7.04
3 0 -24.17 -.25 7.04 -24.81 -.25 6.98 -24.14 -.25 6.87
4 0 -23.03 -.25 6.09 -24.14 -.25 6.87 -24.81 -.25 6.98 -19.16 -.25 2.59
4 0 -22.85 -.25 6.08 -23.03 -.25 6.09 -19.16 -.25 2.59 -17.02 -.25 5.43
4 0 -22.62 -.25 9.76 -22.56 -.25 8.79 -21.45 -.25 8.02 -17.02 -.25 5.43
3 0 -21.45 -.25 8.02 -21.42 -.25 7.84 -17.02 -.25 5.43
4 0 -17.02 -.25 5.43 -21.42 -.25 7.84 -21.6 -.25 7.63 -22.12 -.25 6.99
4 0 -17.02 -.25 5.43 -22.12 -.25 6.99 -22.3 -.25 6.78 -22.67 -.25 6.29
3 0 -22.67 -.25 6.29 -22.85 -.25 6.08 -17.02 -.25 5.43
3 0 -19.28 -.25 2.05 -19.58 -.25 1.8 -22.64 -.25 -3.21
4 0 -22.64 -.25 -3.21 -19.58 -.25 1.8 -19.76 -.25 1.79 -25.46 -.25 .43
3 0 -25.46 -.25 .43 -25.77 -.25 .17 -22.64 -.25 -3.21
3 0 -25.77 -.25 .17 -25.95 -.25 .17 -22.64 -.25 -3.21
4 0 -29.4 -.25 2.25 -22.64 -.25 -3.21 -25.95 -.25 .17 -28.54 -.25 2.12
3 0 -28.59 -.25 2.3 -29.4 -.25 2.25 -28.54 -.25 2.12
3 0 -28.42 -.25 2.66 -29.4 -.25 2.25 -28.59 -.25 2.3
4 0 -27.94 -.25 2.92 -25.41 -.25 6.18 -25.46 -.25 6.35 -28.12 -.25 2.92
4 0 -28.12 -.25 2.92 -25.46 -.25 6.35 -25.3 -.25 6.72 -28.42 -.25 2.66
3 0 -25.41 -.25 6.18 -26.94 -.25 3.24 -26.76 -.25 3.23
4 0 -27.12 -.25 3.03 -26.94 -.25 3.24 -25.41 -.25 6.18 -27.94 -.25 2.92
3 0 -27.12 -.25 3.03 -27.94 -.25 2.92 -27.09 -.25 2.85
4 0 -26.16 -.25 2.19 -27.09 -.25 2.85 -27.94 -.25 2.92 -25.34 -.25 .97
3 0 -26.16 -.25 2.19 -25.34 -.25 .97 -25.98 -.25 2.18
4 0 -25.41 -.25 6.18 -26.76 -.25 3.23 -25.83 -.25 2.57 -19.76 -.25 1.79
4 0 -19.76 -.25 1.79 -25.83 -.25 2.57 -25.8 -.25 2.39 -25.34 -.25 .97
3 0 -25.8 -.25 2.39 -25.98 -.25 2.18 -25.34 -.25 .97
3 0 -19.76 -.25 1.79 -25.34 -.25 .97 -25.3 -.25 .79
3 0 -19.76 -.25 1.79 -25.3 -.25 .79 -25.46 -.25 .43
4 0 -22.55 -.25 -4.06 -10.08 -.25 1.96 -13.06 -.25 4.23 -14.25 -.25 4.95
3 0 -9.48 -.25 2.76 -9.43 -.25 2.59 -4.4 -.25 1.99
3 0 -9.43 -.25 2.59 -9.6 -.25 2.22 -4.4 -.25 1.99
3 0 -9.6 -.25 2.22 -9.9 -.25 1.96 -4.4 -.25 1.99
3 0 -9.9 -.25 1.96 -10.08 -.25 1.96 -22.55 -.25 -4.06
4 0 -4.4 -.25 1.99 -9.9 -.25 1.96 -22.55 -.25 -4.06 -31.15 -.25 -8.72
3 0 -30.3 -.25 2.1 -31.15 -.25 -8.72 -22.55 -.25 -4.06
3 0 -21.43 -.25 13.7 -23.81 -.25 11.79 -23.76 -.25 11.62
3 0 -21.43 -.25 13.7 -23.76 -.25 11.62 -23.93 -.25 11.25
3 0 -21.43 -.25 13.7 -23.93 -.25 11.25 -30.3 -.25 2.1
3 0 -23.93 -.25 11.25 -24.23 -.25 11 -30.3 -.25 2.1
3 0 -24.23 -.25 11 -24.41 -.25 10.99 -30.3 -.25 2.1
3 0 -30.01 -.25 15.35 -30.3 -.25 2.1 -24.41 -.25 10.99
4 0 -29.4 -.25 16.15 -23.81 -.25 11.79 -21.43 -.25 13.7 -31.15 -.25 23.55
4 0 -12.45 -.25 5.03 -9.48 -.25 2.76 -4.4 -.25 1.99 -13.25 -.25 5.95
4 0 -21.43 -.25 13.7 -13.6 -.25 7.48 -4.4 -.25 1.99 -31.15 -.25 23.55
4 0 -31.15 -.25 -8.72 -30.3 -.25 2.1 -30.01 -.25 15.35 -30.05 -.25 15.52
3 0 -31.15 -.25 23.55 -31.15 -.25 -8.72 -30.05 -.25 15.52
3 0 -31.15 -.25 23.55 -30.05 -.25 15.52 -29.89 -.25 15.89
3 0 -31.15 -.25 23.55 -29.89 -.25 15.89 -29.58 -.25 16.15
3 0 -31.15 -.25 23.55 -29.58 -.25 16.15 -29.4 -.25 16.15
4 72 -1.08 -.25 1.84 -4.4 -.25 1.99 -31.15 -.25 -8.72 -28.64 -.25 -28.13
4 72 -32.75 -.25 -28.13 -28.64 -.25 -28.13 -31.15 -.25 -8.72 -33.75 -.25 -27.13
4 72 -33.75 -.25 27.13 -33.75 -.25 -27.13 -31.15 -.25 -8.72 -31.15 -.25 23.55
4 72 -33.46 -.25 27.83 -33.75 -.25 27.13 -31.15 -.25 23.55 -1.08 -.25 1.84
3 72 -31.15 -.25 23.55 -4.4 -.25 1.99 -1.08 -.25 1.84
4 0 1.4 -.25 26.05 4.57 -.25 13.61 4.9 -.25 20.15 4.9 -.25 20.55
3 0 1.4 -.25 26.05 4.9 -.25 20.55 4.9 -.25 20.95
4 0 6.7 -.25 21.9 7.1 -.25 21.9 7.38 -.25 22.56 7.37 -.25 22.74
4 0 6.3 -.25 21.9 6.7 -.25 21.9 7.37 -.25 22.74 1.4 -.25 26.05
3 0 1.4 -.25 26.05 7.37 -.25 22.74 7.61 -.25 23.06
4 0 6.3 -.25 21.5 6.3 -.25 21.9 1.4 -.25 26.05 5.3 -.25 20.95
3 0 1.4 -.25 26.05 4.9 -.25 20.95 5.3 -.25 20.95
4 0 5.7 -.25 20.95 6.3 -.25 21.1 6.3 -.25 21.5 5.3 -.25 20.95
3 0 4.57 -.25 13.61 4.8 -.25 12.3 5.3 -.25 12.3
4 0 4.3 -.25 12.3 4.8 -.25 12.3 4.57 -.25 13.61 1.4 -.25 26.05
3 0 4.57 -.25 13.61 5.3 -.25 12.3 7.05 -.25 10.59
3 0 5.3 -.25 12.3 5.3 -.25 11.8 7.05 -.25 10.59
3 0 5.3 -.25 11.8 5.3 -.25 11.3 7.05 -.25 10.59
4 0 7.05 -.25 10.59 5.3 -.25 11.3 4.8 -.25 11.3 1.4 -.25 5.65
4 0 13.95 -.25 18.1 15.1 -.25 19.28 14.92 -.25 19.28 13.95 -.25 18.6
4 0 13.95 -.25 18.6 14.92 -.25 19.28 14.6 -.25 19.52 13.95 -.25 19.1
4 0 13.95 -.25 19.1 14.6 -.25 19.52 14.42 -.25 19.87 13.45 -.25 19.1
4 0 13.45 -.25 19.1 14.42 -.25 19.87 14.46 -.25 20.05 12.95 -.25 19.1
4 0 11.03 -.25 17.14 12.95 -.25 18.6 12.95 -.25 19.1 10.85 -.25 17.13
4 0 12.95 -.25 18.6 11.03 -.25 17.14 11.35 -.25 16.9 12.95 -.25 18.1
4 0 12.95 -.25 18.1 11.35 -.25 16.9 11.53 -.25 16.54 13.45 -.25 18.1
4 0 13.95 -.25 18.1 13.45 -.25 18.1 11.53 -.25 16.54 11.49 -.25 16.37
4 0 -12.63 -.25 5.02 -12.45 -.25 5.03 -13.25 -.25 5.95 -13.25 -.25 5.45
4 0 -12.94 -.25 4.77 -12.63 -.25 5.02 -13.25 -.25 5.45 -13.25 -.25 4.95
4 0 -13.1 -.25 4.4 -12.94 -.25 4.77 -13.25 -.25 4.95 -13.75 -.25 4.95
4 0 -13.06 -.25 4.23 -13.1 -.25 4.4 -13.75 -.25 4.95 -14.25 -.25 4.95
3 0 -14.25 -.25 5.45 -22.55 -.25 -4.06 -14.25 -.25 4.95
3 0 -14.25 -.25 5.95 -22.55 -.25 -4.06 -14.25 -.25 5.45
3 0 -13.6 -.25 7.48 -13.25 -.25 5.95 -4.4 -.25 1.99
3 0 -13.6 -.25 7.48 -13.75 -.25 5.95 -13.25 -.25 5.95
3 0 -13.6 -.25 7.48 -14.25 -.25 5.95 -13.75 -.25 5.95
3 0 -13.6 -.25 7.48 -22.55 -.25 -4.06 -14.25 -.25 5.95
4 71 3.18 -.25 -24.77 4 -.25 -24.94 4 -.25 -24.69 3.28 -.25 -24.55
4 71 3.18 -.25 -24.77 3.28 -.25 -24.55 2.66 -.25 -24.14 2.49 -.25 -24.31
4 71 2.49 -.25 -24.31 2.66 -.25 -24.14 2.25 -.25 -23.52 2.03 -.25 -23.62
4 71 2.03 -.25 -23.62 2.25 -.25 -23.52 2.11 -.25 -22.8 1.86 -.25 -22.8
4 71 2.11 -.25 -22.8 2.11 -.25 -6.5 1.86 -.25 -6.5 1.86 -.25 -22.8
4 71 18.95 -.25 -24.94 18.95 -.25 -24.69 4 -.25 -24.69 4 -.25 -24.94
4 71 20 -.25 -23.79 20.17 -.25 -23.62 2.95 -.25 -5.64 2.78 -.25 -5.82
4 0 18.95 -.25 -24.69 20 -.25 -23.79 2.78 -.25 -5.82 2.11 -.25 -6.5
4 0 4 -.25 -24.69 18.95 -.25 -24.69 2.11 -.25 -6.5 3.28 -.25 -24.55
4 0 2.66 -.25 -24.14 3.28 -.25 -24.55 2.11 -.25 -6.5 2.25 -.25 -23.52
3 0 2.11 -.25 -6.5 2.11 -.25 -22.8 2.25 -.25 -23.52
4 71 -5.07 -.25 -24.69 -5.07 -.25 -24.94 -4.26 -.25 -24.77 -4.35 -.25 -24.55
4 71 -3.73 -.25 -24.14 -4.35 -.25 -24.55 -4.26 -.25 -24.77 -3.56 -.25 -24.31
4 71 -3.32 -.25 -23.52 -3.73 -.25 -24.14 -3.56 -.25 -24.31 -3.1 -.25 -23.62
4 71 -3.18 -.25 -22.8 -3.32 -.25 -23.52 -3.1 -.25 -23.62 -2.94 -.25 -22.8
4 71 -2.94 -.25 -6.5 -3.18 -.25 -6.5 -3.18 -.25 -22.8 -2.94 -.25 -22.8
4 71 -5.07 -.25 -24.69 -20.02 -.25 -24.69 -20.02 -.25 -24.94 -5.07 -.25 -24.94
4 71 -4.02 -.25 -5.64 -21.25 -.25 -23.62 -21.07 -.25 -23.79 -3.85 -.25 -5.82
4 0 -3.73 -.25 -24.14 -3.32 -.25 -23.52 -3.18 -.25 -6.5 -4.35 -.25 -24.55
4 0 -5.07 -.25 -24.69 -4.35 -.25 -24.55 -3.18 -.25 -6.5 -20.02 -.25 -24.69
4 0 -20.02 -.25 -24.69 -3.18 -.25 -6.5 -3.85 -.25 -5.82 -21.07 -.25 -23.79
4 71 -3.81 -.25 25.4 -4.62 -.25 25.56 -4.62 -.25 25.32 -3.9 -.25 25.18
4 71 -3.81 -.25 25.4 -3.9 -.25 25.18 -3.28 -.25 24.77 -3.11 -.25 24.94
4 71 -3.11 -.25 24.94 -3.28 -.25 24.77 -2.87 -.25 24.15 -2.65 -.25 24.24
4 71 -2.65 -.25 24.24 -2.87 -.25 24.15 -2.73 -.25 23.43 -2.49 -.25 23.43
4 71 -2.73 -.25 23.43 -2.73 -.25 7.68 -2.49 -.25 7.68 -2.49 -.25 23.43
4 71 -19.57 -.25 25.56 -19.57 -.25 25.32 -4.62 -.25 25.32 -4.62 -.25 25.56
4 71 -20.77 -.25 24.61 -20.95 -.25 24.44 -3.72 -.25 7.07 -3.55 -.25 7.24
4 0 -2.73 -.25 7.68 -2.87 -.25 24.15 -3.28 -.25 24.77 -3.9 -.25 25.18
4 0 -2.73 -.25 7.68 -3.9 -.25 25.18 -4.62 -.25 25.32 -19.57 -.25 25.32
4 0 -3.55 -.25 7.24 -2.73 -.25 7.68 -19.57 -.25 25.32 -20.77 -.25 24.61
3 0 -2.87 -.25 24.15 -2.73 -.25 7.68 -2.73 -.25 23.43
4 0 -2.49 -.25 23.43 -1.85 -.25 23.8 -2.04 -.25 24.66 -2.65 -.25 24.24
4 0 -2.65 -.25 24.24 -2.04 -.25 24.66 -2.52 -.25 25.38 -3.11 -.25 24.94
4 0 -3.11 -.25 24.94 -2.52 -.25 25.38 -3.24 -.25 25.86 -3.81 -.25 25.4
4 0 -3.81 -.25 25.4 -3.24 -.25 25.86 -4.1 -.25 26.05 -4.62 -.25 25.56
4 0 -4.62 -.25 25.56 -4.1 -.25 26.05 -20 -.25 26.05 -19.57 -.25 25.56
4 0 -19.57 -.25 25.32 -19.57 -.25 25.56 -20 -.25 26.05 -20.63 -.25 25.91
4 0 -19.57 -.25 25.32 -20.63 -.25 25.91 -21.16 -.25 25.56 -20.77 -.25 24.61
4 0 -20.77 -.25 24.61 -21.16 -.25 25.56 -21.51 -.25 25.03 -20.95 -.25 24.44
4 0 -20.95 -.25 24.44 -21.51 -.25 25.03 -21.59 -.25 24.55 -21.46 -.25 23.92
4 0 -20.95 -.25 24.44 -21.46 -.25 23.92 -21.11 -.25 23.39 -3.72 -.25 7.07
3 0 -21.11 -.25 23.39 -3.22 -.25 5.58 -3.72 -.25 7.07
4 0 -3.55 -.25 7.24 -3.72 -.25 7.07 -3.22 -.25 5.58 -2.96 -.25 5.4
4 0 -3.55 -.25 7.24 -2.96 -.25 5.4 -2.65 -.25 5.34 -2.73 -.25 7.68
4 0 -2.73 -.25 7.68 -2.65 -.25 5.34 -2.34 -.25 5.4 -2.08 -.25 5.58
4 0 -2.49 -.25 7.68 -2.73 -.25 7.68 -2.08 -.25 5.58 -1.9 -.25 5.84
4 0 -2.49 -.25 7.68 -1.9 -.25 5.84 -1.85 -.25 6.15 -2.49 -.25 23.43
3 0 -1.85 -.25 23.8 -2.49 -.25 23.43 -1.85 -.25 6.15
4 0 -3.18 -.25 -6.5 -2.94 -.25 -6.5 -2.25 -.25 -4.9 -2.3 -.25 -4.59
4 0 -3.18 -.25 -6.5 -2.3 -.25 -4.59 -2.48 -.25 -4.33 -2.74 -.25 -4.15
4 0 -3.18 -.25 -6.5 -2.74 -.25 -4.15 -3.05 -.25 -4.09 -3.85 -.25 -5.82
4 0 -3.85 -.25 -5.82 -3.05 -.25 -4.09 -3.36 -.25 -4.15 -3.62 -.25 -4.33
3 0 -3.62 -.25 -4.33 -4.02 -.25 -5.64 -3.85 -.25 -5.82
4 0 -4.02 -.25 -5.64 -3.62 -.25 -4.33 -21.51 -.25 -22.94 -21.25 -.25 -23.62
4 0 -21.25 -.25 -23.62 -21.51 -.25 -22.94 -21.86 -.25 -23.47 -21.99 -.25 -24.1
4 0 -21.25 -.25 -23.62 -21.99 -.25 -24.1 -21.91 -.25 -24.58 -21.07 -.25 -23.79
4 0 -21.07 -.25 -23.79 -21.91 -.25 -24.58 -21.56 -.25 -25.11 -20.02 -.25 -24.69
4 0 -20.02 -.25 -24.69 -21.56 -.25 -25.11 -21.03 -.25 -25.46 -20.02 -.25 -24.94
4 0 -20.02 -.25 -24.94 -21.03 -.25 -25.46 -20.4 -.25 -25.6 -5.07 -.25 -24.94
3 0 -5.07 -.25 -24.94 -20.4 -.25 -25.6 -4.5 -.25 -25.6
4 0 -4.26 -.25 -24.77 -5.07 -.25 -24.94 -4.5 -.25 -25.6 -3.64 -.25 -25.41
4 0 -3.56 -.25 -24.31 -4.26 -.25 -24.77 -3.64 -.25 -25.41 -2.92 -.25 -24.93
4 0 -3.56 -.25 -24.31 -2.92 -.25 -24.93 -2.44 -.25 -24.21 -3.1 -.25 -23.62
4 0 -3.1 -.25 -23.62 -2.44 -.25 -24.21 -2.25 -.25 -23.35 -2.94 -.25 -22.8
3 0 -3.18 -.25 -6.5 -3.32 -.25 -23.52 -3.18 -.25 -22.8
4 0 -2.25 -.25 -23.35 -2.25 -.25 -4.9 -2.94 -.25 -6.5 -2.94 -.25 -22.8
4 0 2.03 -.25 -23.62 1.86 -.25 -22.8 1.2 -.25 -23.35 1.39 -.25 -24.21
4 0 1.39 -.25 -24.21 1.87 -.25 -24.93 2.49 -.25 -24.31 2.03 -.25 -23.62
4 0 2.49 -.25 -24.31 1.87 -.25 -24.93 2.59 -.25 -25.41 3.18 -.25 -24.77
4 0 3.18 -.25 -24.77 2.59 -.25 -25.41 3.45 -.25 -25.6 4 -.25 -24.94
4 0 1.2 -.25 -23.35 1.86 -.25 -22.8 1.86 -.25 -6.5 1.2 -.25 -4.9
4 0 1.25 -.25 -4.59 1.2 -.25 -4.9 1.86 -.25 -6.5 1.43 -.25 -4.33
4 0 1.43 -.25 -4.33 1.86 -.25 -6.5 2.11 -.25 -6.5 1.69 -.25 -4.15
4 0 1.69 -.25 -4.15 2.11 -.25 -6.5 2.78 -.25 -5.82 2 -.25 -4.09
4 0 2.31 -.25 -4.15 2 -.25 -4.09 2.78 -.25 -5.82 2.57 -.25 -4.33
3 0 2.57 -.25 -4.33 2.78 -.25 -5.82 2.95 -.25 -5.64
4 0 20.46 -.25 -22.94 2.57 -.25 -4.33 2.95 -.25 -5.64 20.17 -.25 -23.62
4 0 20.81 -.25 -23.47 20.46 -.25 -22.94 20.17 -.25 -23.62 20.94 -.25 -24.1
4 0 20.86 -.25 -24.58 20.94 -.25 -24.1 20.17 -.25 -23.62 20 -.25 -23.79
4 0 20.51 -.25 -25.11 20.86 -.25 -24.58 20 -.25 -23.79 18.95 -.25 -24.69
4 0 20.51 -.25 -25.11 18.95 -.25 -24.69 18.95 -.25 -24.94 19.98 -.25 -25.46
4 0 19.35 -.25 -25.6 19.98 -.25 -25.46 18.95 -.25 -24.94 4 -.25 -24.94
3 0 4 -.25 -24.94 3.45 -.25 -25.6 19.35 -.25 -25.6
3 0 6.55 -.25 14.05 5.56 -.25 13.52 6.55 -.25 13.55
3 0 6.55 -.25 13.55 5.56 -.25 13.52 6.55 -.25 13.05
3 0 5.56 -.25 13.52 7.14 -.25 11.57 6.55 -.25 13.05
3 0 7.05 -.25 13.05 6.55 -.25 13.05 7.14 -.25 11.57
3 0 7.55 -.25 13.05 7.05 -.25 13.05 7.14 -.25 11.57
4 0 6.55 -.25 14.05 7.05 -.25 14.05 8.05 -.25 14.77 8.09 -.25 14.94
4 0 8.05 -.25 14.77 7.05 -.25 14.05 7.55 -.25 14.05 8.23 -.25 14.41
4 0 8.23 -.25 14.41 7.55 -.25 14.05 7.55 -.25 13.55 8.55 -.25 14.17
4 0 8.55 -.25 14.17 7.55 -.25 13.55 7.55 -.25 13.05 8.73 -.25 14.18
4 0 8.73 -.25 14.18 7.55 -.25 13.05 7.14 -.25 11.57 11.49 -.25 16.37
4 0 5.56 -.25 13.52 8.09 -.25 14.94 10.85 -.25 17.13 12.95 -.25 19.1
3 0 18.41 -.25 23.64 5.56 -.25 13.52 12.95 -.25 19.1
4 4 12.21 -.25 22.84 12.36 -.25 22.45 12.53 -.25 22.45 14.43 -.25 24.61
4 4 14.75 -.25 24.23 14.78 -.25 24.4 14.43 -.25 24.61 12.53 -.25 22.45
3 4 14.6 -.25 24.62 14.43 -.25 24.61 14.78 -.25 24.4
3 4 12.21 -.25 22.84 12.18 -.25 22.66 12.36 -.25 22.45
4 0 4.9 -.25 20.15 4.57 -.25 13.61 6.58 -.25 17.41 6.61 -.25 17.59
3 0 5.3 -.25 20.15 4.9 -.25 20.15 6.61 -.25 17.59
4 0 5.7 -.25 20.15 5.3 -.25 20.15 6.61 -.25 17.59 8.88 -.25 19.51
4 0 5.7 -.25 20.55 5.7 -.25 20.15 8.88 -.25 19.51 6.3 -.25 21.1
3 0 6.3 -.25 21.1 5.7 -.25 20.95 5.7 -.25 20.55
3 0 6.7 -.25 21.1 6.3 -.25 21.1 8.88 -.25 19.51
4 0 7.1 -.25 21.1 6.7 -.25 21.1 8.88 -.25 19.51 9.05 -.25 19.52
4 0 7.1 -.25 21.5 7.1 -.25 21.1 9.05 -.25 19.52 7.38 -.25 22.56
3 0 7.38 -.25 22.56 7.1 -.25 21.9 7.1 -.25 21.5
3 0 7.38 -.25 22.56 9.05 -.25 19.52 10.34 -.25 19.04
3 0 14.43 -.25 24.61 9.98 -.25 24.57 12.21 -.25 22.84
3 0 9.98 -.25 24.57 12.18 -.25 22.66 12.21 -.25 22.84
4 0 12.18 -.25 22.66 9.98 -.25 24.57 12.94 -.25 21.04 12.36 -.25 22.45
3 0 12.53 -.25 22.45 12.36 -.25 22.45 12.94 -.25 21.04
3 0 14.75 -.25 24.23 12.53 -.25 22.45 12.94 -.25 21.04
3 0 18.49 -.25 24.63 14.78 -.25 24.4 14.75 -.25 24.23
4 0 14.6 -.25 24.62 14.78 -.25 24.4 18.49 -.25 24.63 26.95 -.25 26.05
4 0 14.6 -.25 24.62 26.95 -.25 26.05 1.4 -.25 26.05 14.43 -.25 24.61
3 0 1.4 -.25 26.05 9.81 -.25 24.6 14.43 -.25 24.61
3 0 14.43 -.25 24.61 9.81 -.25 24.6 9.98 -.25 24.57
4 0 4.3 -.25 11.8 4.3 -.25 12.3 1.4 -.25 26.05 1.4 -.25 5.65
3 0 4.3 -.25 11.8 1.4 -.25 5.65 4.3 -.25 11.3
3 0 4.8 -.25 11.3 4.3 -.25 11.3 1.4 -.25 5.65
4 4 18.46 -.25 4.04 18.35 -.25 3.9 19.35 -.25 3.9 18.85 -.25 4.13
3 4 18.85 -.25 4.13 19.35 -.25 3.9 19.24 -.25 4.04
4 4 19.35 -.25 -2.85 18.35 -.25 -2.85 18.46 -.25 -2.99 18.85 -.25 -3.08
3 4 19.35 -.25 -2.85 18.85 -.25 -3.08 19.24 -.25 -2.99
4 4 19.35 -.25 -2.85 19.35 -.25 3.9 18.35 -.25 3.9 18.35 -.25 -2.85
4 15 16.55 -.25 10.65 15.9 -.25 11 15.9 -.25 -10.1 16.55 -.25 -9.75
4 15 15.9 -.25 11 16.55 -.25 10.65 19.8 -.25 13.55 20.45 -.25 14.9
4 15 19.8 -.25 -13.1 16.55 -.25 -9.75 15.9 -.25 -10.1 20.45 -.25 -14.45
4 4 13.37 -.25 2.29 13.23 -.25 2.4 13.23 -.25 1.4 13.46 -.25 1.9
3 4 13.46 -.25 1.9 13.23 -.25 1.4 13.37 -.25 1.51
4 4 7.38 -.25 1.4 7.38 -.25 2.4 7.24 -.25 2.29 7.15 -.25 1.9
3 4 7.15 -.25 1.9 7.24 -.25 1.51 7.38 -.25 1.4
4 4 7.38 -.25 1.4 13.23 -.25 1.4 13.23 -.25 2.4 7.38 -.25 2.4
3 0 13.23 -.25 1.4 7.38 -.25 1.4 15.9 -.25 -10.1
3 0 15.9 -.25 11 7.38 -.25 2.4 13.23 -.25 2.4
4 0 16.55 -.25 10.65 16.55 -.25 -9.75 18.35 -.25 -2.85 18.35 -.25 3.9
3 0 18.35 -.25 -2.85 16.55 -.25 -9.75 18.46 -.25 -2.99
4 0 18.85 -.25 -3.08 18.46 -.25 -2.99 16.55 -.25 -9.75 19.8 -.25 -13.1
3 0 19.24 -.25 -2.99 18.85 -.25 -3.08 19.8 -.25 -13.1
3 0 19.35 -.25 -2.85 19.24 -.25 -2.99 19.8 -.25 -13.1
4 0 19.35 -.25 3.9 19.35 -.25 -2.85 19.8 -.25 -13.1 19.8 -.25 6
4 4 26.46 -.25 -4.46 26.35 -.25 -4.6 27.35 -.25 -4.6 26.85 -.25 -4.37
3 4 26.85 -.25 -4.37 27.35 -.25 -4.6 27.24 -.25 -4.46
4 4 27.35 -.25 -11.35 26.35 -.25 -11.35 26.46 -.25 -11.49 26.85 -.25 -11.58
3 4 27.35 -.25 -11.35 26.85 -.25 -11.58 27.24 -.25 -11.49
4 4 27.35 -.25 -11.35 27.35 -.25 -4.6 26.35 -.25 -4.6 26.35 -.25 -11.35
4 4 22.95 -.25 -2.85 21.95 -.25 -2.85 22.06 -.25 -2.99 22.45 -.25 -3.08
3 4 22.95 -.25 -2.85 22.45 -.25 -3.08 22.84 -.25 -2.99
4 4 27.1 -.25 2.3 27.1 -.25 1.3 27.24 -.25 1.41 27.33 -.25 1.8
3 4 27.1 -.25 2.3 27.33 -.25 1.8 27.24 -.25 2.19
4 0 26.35 -.25 -4.6 22.95 -.25 -2.85 22.84 -.25 -2.99 26.35 -.25 -11.35
4 0 26.35 -.25 -11.35 22.84 -.25 -2.99 22.45 -.25 -3.08 20.45 -.25 -14.45
3 0 26.35 -.25 -11.35 20.45 -.25 -14.45 26.46 -.25 -11.49
4 0 29.65 -.25 .8 27.33 -.25 1.8 27.24 -.25 1.41 27.35 -.25 .15
3 0 22.06 -.25 -2.99 20.45 -.25 -14.45 22.45 -.25 -3.08
3 0 21.95 -.25 -2.85 20.45 -.25 -14.45 22.06 -.25 -2.99
4 0 20.45 -.25 -14.45 21.95 -.25 -2.85 21.95 -.25 1.9 20.45 -.25 14.9
4 4 21.95 -.25 -2.85 22.95 -.25 -2.85 22.95 -.25 1.3 21.95 -.25 1.9
4 4 22.05 -.25 2.15 21.95 -.25 1.9 22.95 -.25 1.3 22.3 -.25 2.3
4 4 27.1 -.25 2.3 22.3 -.25 2.3 22.95 -.25 1.3 27.1 -.25 1.3
4 0 2.7 -.25 2 7.24 -.25 2.29 7.38 -.25 2.4 15.9 -.25 11
3 0 7.24 -.25 2.29 2.7 -.25 2 7.15 -.25 1.9
3 0 2.7 -.25 2 7.24 -.25 1.51 7.15 -.25 1.9
4 0 2.7 -.25 2 15.9 -.25 -10.1 7.38 -.25 1.4 7.24 -.25 1.51
4 0 15.9 -.25 -10.1 2.7 -.25 2 29.65 -.25 -24.95 20.45 -.25 -14.45
4 0 26.85 -.25 -11.58 26.46 -.25 -11.49 20.45 -.25 -14.45 29.65 -.25 -24.95
3 0 27.24 -.25 -11.49 26.85 -.25 -11.58 29.65 -.25 -24.95
3 0 27.35 -.25 -11.35 27.24 -.25 -11.49 29.65 -.25 -24.95
4 0 27.1 -.25 1.3 22.95 -.25 1.3 26.35 -.25 .15 26.85 -.25 .15
4 0 27.1 -.25 1.3 26.85 -.25 .15 27.35 -.25 .15 27.24 -.25 1.41
3 0 29.65 -.25 .8 27.35 -.25 .15 27.35 -.25 -.35
3 0 29.65 -.25 .8 27.35 -.25 -.35 27.35 -.25 -.85
3 0 22.95 -.25 1.3 26.35 -.25 -.35 26.35 -.25 .15
4 0 26.35 -.25 -.85 26.35 -.25 -.35 22.95 -.25 1.3 22.95 -.25 -2.85
4 0 26.46 -.25 -4.46 26.35 -.25 -.85 22.95 -.25 -2.85 26.35 -.25 -4.6
4 0 26.35 -.25 -.85 26.46 -.25 -4.46 26.85 -.25 -4.37 26.85 -.25 -.85
4 0 27.35 -.25 -.85 26.85 -.25 -.85 26.85 -.25 -4.37 27.24 -.25 -4.46
4 0 29.65 -.25 .8 27.35 -.25 -.85 27.24 -.25 -4.46 27.35 -.25 -4.6
4 0 29.65 -.25 .8 27.35 -.25 -4.6 27.35 -.25 -11.35 29.65 -.25 -24.95
4 0 27.24 -.25 2.19 27.33 -.25 1.8 29.65 -.25 .8 29.65 -.25 23.65
3 0 20.45 -.25 14.9 21.95 -.25 1.9 22.05 -.25 2.15
4 0 20.45 -.25 14.9 22.05 -.25 2.15 22.3 -.25 2.3 29.65 -.25 23.65
3 0 29.65 -.25 23.65 22.3 -.25 2.3 27.1 -.25 2.3
3 0 29.65 -.25 23.65 27.1 -.25 2.3 27.24 -.25 2.19
4 0 29.65 -.25 23.65 2.7 -.25 2 15.9 -.25 11 20.45 -.25 14.9
4 0 13.23 -.25 2.4 13.37 -.25 2.29 14.15 -.25 2.4 15.9 -.25 11
4 0 14.15 -.25 2.4 13.37 -.25 2.29 13.46 -.25 1.9 14.15 -.25 1.9
4 0 14.15 -.25 1.9 13.46 -.25 1.9 13.37 -.25 1.51 14.15 -.25 1.4
4 0 14.15 -.25 1.4 13.37 -.25 1.51 13.23 -.25 1.4 15.9 -.25 -10.1
3 0 14.65 -.25 1.4 14.15 -.25 1.4 15.9 -.25 -10.1
3 0 15.15 -.25 1.4 14.65 -.25 1.4 15.9 -.25 -10.1
3 0 15.15 -.25 1.9 15.15 -.25 1.4 15.9 -.25 -10.1
4 0 15.15 -.25 2.4 15.15 -.25 1.9 15.9 -.25 -10.1 15.9 -.25 11
3 0 15.9 -.25 11 14.15 -.25 2.4 14.65 -.25 2.4
3 0 15.9 -.25 11 14.65 -.25 2.4 15.15 -.25 2.4
4 0 16.55 -.25 10.65 18.35 -.25 8.3 18.85 -.25 8.3 19.8 -.25 13.55
3 0 19.8 -.25 13.55 18.85 -.25 8.3 19.35 -.25 8.3
3 0 16.55 -.25 10.65 18.35 -.25 7.8 18.35 -.25 8.3
3 0 16.55 -.25 10.65 18.35 -.25 7.3 18.35 -.25 7.8
4 0 18.35 -.25 7.3 18.35 -.25 6.35 18.85 -.25 6.35 18.85 -.25 7.3
4 0 19.35 -.25 7.3 18.85 -.25 7.3 18.85 -.25 6.35 19.35 -.25 6.35
4 0 18.35 -.25 5.35 18.35 -.25 3.9 18.46 -.25 4.04 18.85 -.25 5.35
4 0 18.85 -.25 5.35 18.46 -.25 4.04 18.85 -.25 4.13 19.35 -.25 5.35
3 0 19.35 -.25 5.35 18.85 -.25 4.13 19.24 -.25 4.04
4 0 19.35 -.25 5.35 19.24 -.25 4.04 19.35 -.25 3.9 19.8 -.25 6
3 0 16.55 -.25 10.65 18.35 -.25 6.35 18.35 -.25 7.3
3 0 16.55 -.25 10.65 18.35 -.25 5.85 18.35 -.25 6.35
3 0 16.55 -.25 10.65 18.35 -.25 5.35 18.35 -.25 5.85
3 0 16.55 -.25 10.65 18.35 -.25 3.9 18.35 -.25 5.35
3 0 19.8 -.25 6 19.35 -.25 5.85 19.35 -.25 5.35
3 0 19.35 -.25 6.35 19.35 -.25 5.85 19.8 -.25 6
3 0 19.35 -.25 7.3 19.35 -.25 6.35 19.8 -.25 6
3 0 19.35 -.25 7.8 19.35 -.25 7.3 19.8 -.25 6
4 0 19.35 -.25 8.3 19.35 -.25 7.8 19.8 -.25 6 19.8 -.25 13.55
4 15 20.45 -.25 14.9 19.8 -.25 13.55 19.8 -.25 6 20.45 -.25 -14.45
3 15 19.8 -.25 6 19.8 -.25 -13.1 20.45 -.25 -14.45