0 Sticker  2.8 x  3.3 with Red and White Signs on Screen Right
0 Name: 6103027g.dat
0 Author: Evert-Jan Boer [ejboer]
0 !LDRAW_ORG Unofficial_Part
0 !LICENSE Licensed under CC BY 4.0 : see CAreadme.txt

0 BFC CERTIFY CCW

0 !KEYWORDS Set 75095, Star Wars, TIE Fighter

1 16 32.75 0 27.13 1 0 0 0 -1 0 0 0 1 1-4chrd.dat
1 16 32.75 0 -27.13 0 0 1 0 -1 0 -1 0 0 1-4chrd.dat
1 16 -32.75 0 -27.13 -1 0 0 0 -1 0 0 0 -1 1-4chrd.dat
1 16 -32.75 0 27.13 0 0 -1 0 -1 0 1 0 0 1-4chrd.dat
4 16 32.75 0 -28.13 -32.75 0 -28.13 -33.75 0 -27.13 33.75 0 -27.13
4 16 33.75 0 27.13 33.75 0 -27.13 -33.75 0 -27.13 -33.75 0 27.13
4 16 33.75 0 27.13 -33.75 0 27.13 -32.75 0 28.13 32.75 0 28.13

1 16 32.75 -.25 27.13 1 0 0 0 .25 0 0 0 1 1-4cyli.dat
1 16 -32.75 -.25 27.13 0 0 -1 0 .25 0 1 0 0 1-4cyli.dat
1 16 -32.75 -.25 -27.13 -1 0 0 0 .25 0 0 0 -1 1-4cyli.dat
1 16 32.75 -.25 -27.13 0 0 1 0 .25 0 -1 0 0 1-4cyli.dat
4 16 32.75 -.25 -28.13 -32.75 -.25 -28.13 -32.75 0 -28.13 32.75 0 -28.13
4 16 33.75 -.25 27.13 33.75 -.25 -27.13 33.75 0 -27.13 33.75 0 27.13
4 16 -32.75 -.25 28.13 32.75 -.25 28.13 32.75 0 28.13 -32.75 0 28.13
4 16 -33.75 -.25 -27.13 -33.75 -.25 27.13 -33.75 0 27.13 -33.75 0 -27.13

1 72 -32.75 -.25 -27.13 -1 0 0 0 1 0 0 0 -1 1-4chrd.dat
1 72 32.75 -.25 -27.13 0 0 1 0 1 0 -1 0 0 1-4chrd.dat
1 72 32.75 -.25 27.13 1 0 0 0 1 0 0 0 1 1-8chrd.dat
1 71 32.75 -.25 27.13 .70711 0 -.70711 0 1 0 .70711 0 .70711 1-8chrd.dat
1 71 -32.75 -.25 27.13 0 0 -1 0 1 0 1 0 0 1-8chrd.dat
1 72 -32.75 -.25 27.13 -.70711 0 -.70711 0 1 0 .70711 0 -.70711 1-8chrd.dat
1 4 -6.9 -.25 21.9 .4 0 0 0 1 0 0 0 .4 4-4disc.dat
1 0 -6.9 -.25 21.9 .4 0 0 0 1 0 0 0 .4 4-4ndis.dat
1 0 -5.5 -.25 20.85 .4 0 0 0 1 0 0 0 .4 4-4ndis.dat
1 4 -5.5 -.25 20.85 .4 0 0 0 1 0 0 0 .4 4-4disc.dat
1 4 -4.9 -.25 12.1 .5 0 0 0 1 0 0 0 .5 4-4disc.dat
1 0 -4.9 -.25 12.1 .5 0 0 0 1 0 0 0 .5 4-4ndis.dat
1 0 -3.5 -.25 10.9 .5 0 0 0 1 0 0 0 .5 4-4ndis.dat
1 4 -3.5 -.25 10.9 .5 0 0 0 1 0 0 0 .5 4-4disc.dat
1 4 -12.35 -.25 17.95 .5 0 0 0 1 0 0 0 .5 4-4disc.dat
1 0 -12.35 -.25 17.95 .5 0 0 0 1 0 0 0 .5 4-4ndis.dat
1 4 13.75 -.25 5.45 .5 0 0 0 1 0 0 0 .5 4-4disc.dat
1 0 13.75 -.25 5.45 .5 0 0 0 1 0 0 0 .5 4-4ndis.dat
1 4 -28.05 -.25 -5.55 .5 0 0 0 1 0 0 0 .5 4-4disc.dat
1 0 -28.05 -.25 -5.55 .5 0 0 0 1 0 0 0 .5 4-4ndis.dat
1 4 -19.95 -.25 6.3 .5 0 0 0 1 0 0 0 .5 4-4disc.dat
1 4 -19.95 -.25 8.25 .5 0 0 0 1 0 0 0 .5 4-4disc.dat
1 0 -19.95 -.25 8.25 .5 0 0 0 1 0 0 0 .5 4-4ndis.dat
1 0 -19.95 -.25 6.3 .5 0 0 0 1 0 0 0 .5 4-4ndis.dat
1 4 -14.8 -.25 -1.15 .5 0 0 0 1 0 0 0 .5 4-4disc.dat
1 4 -14.8 -.25 -2.85 .5 0 0 0 1 0 0 0 .5 4-4disc.dat
1 4 -14.8 -.25 -4.5 .5 0 0 0 1 0 0 0 .5 4-4disc.dat
1 0 -14.8 -.25 -1.15 .5 0 0 0 1 0 0 0 .5 4-4ndis.dat
1 0 -14.8 -.25 -2.85 .5 0 0 0 1 0 0 0 .5 4-4ndis.dat
1 0 -14.8 -.25 -4.5 .5 0 0 0 1 0 0 0 .5 4-4ndis.dat
4 71 .15 -.25 1.07 .5 -.25 2.25 -.08 -.25 1.84 -27.68 -.25 -28.13
4 71 .85 -.25 1.07 1.08 -.25 1.84 .5 -.25 2.25 .15 -.25 1.07
4 71 -32.75 -.25 28.13 -33.46 -.25 27.83 -.08 -.25 1.84 .5 -.25 2.25
3 71 -.08 -.25 1.84 -28.64 -.25 -28.13 -27.68 -.25 -28.13
4 71 .85 -.25 1.07 .15 -.25 1.07 .15 -.25 -28.13 .85 -.25 -28.13
4 71 1.08 -.25 1.84 .85 -.25 1.07 27.68 -.25 -28.13 28.64 -.25 -28.13
4 71 32.75 -.25 28.13 .5 -.25 2.25 1.08 -.25 1.84 33.46 -.25 27.83
3 72 -20.94 -.25 -24.1 -27.68 -.25 -28.13 -20.86 -.25 -24.58
3 72 -20.86 -.25 -24.58 -27.68 -.25 -28.13 -20.51 -.25 -25.11
3 72 -20.51 -.25 -25.11 -27.68 -.25 -28.13 -19.98 -.25 -25.46
3 72 -19.98 -.25 -25.46 -27.68 -.25 -28.13 -19.35 -.25 -25.6
3 72 -20.81 -.25 -23.47 -27.68 -.25 -28.13 -20.94 -.25 -24.1
3 72 -20.46 -.25 -22.94 -27.68 -.25 -28.13 -20.81 -.25 -23.47
4 72 -3.45 -.25 -25.6 -19.35 -.25 -25.6 -27.68 -.25 -28.13 .15 -.25 -28.13
3 72 -2.59 -.25 -25.41 -3.45 -.25 -25.6 .15 -.25 -28.13
3 72 -1.87 -.25 -24.93 -2.59 -.25 -25.41 .15 -.25 -28.13
3 72 -1.39 -.25 -24.21 -1.87 -.25 -24.93 .15 -.25 -28.13
3 72 -1.2 -.25 -23.35 -1.39 -.25 -24.21 .15 -.25 -28.13
4 72 -1.2 -.25 -23.35 .15 -.25 -28.13 .15 -.25 1.07 -1.2 -.25 -4.9
3 72 .15 -.25 1.07 -1.25 -.25 -4.59 -1.2 -.25 -4.9
3 72 .15 -.25 1.07 -1.43 -.25 -4.33 -1.25 -.25 -4.59
3 72 .15 -.25 1.07 -1.69 -.25 -4.15 -1.43 -.25 -4.33
3 72 .15 -.25 1.07 -2 -.25 -4.09 -1.69 -.25 -4.15
3 72 .15 -.25 1.07 -2.31 -.25 -4.15 -2 -.25 -4.09
3 72 .15 -.25 1.07 -2.57 -.25 -4.33 -2.31 -.25 -4.15
4 72 -2.57 -.25 -4.33 .15 -.25 1.07 -27.68 -.25 -28.13 -20.46 -.25 -22.94
3 72 21.99 -.25 -24.1 21.91 -.25 -24.58 27.68 -.25 -28.13
3 72 21.91 -.25 -24.58 21.56 -.25 -25.11 27.68 -.25 -28.13
3 72 21.56 -.25 -25.11 21.03 -.25 -25.46 27.68 -.25 -28.13
3 72 21.03 -.25 -25.46 20.4 -.25 -25.6 27.68 -.25 -28.13
3 72 21.86 -.25 -23.47 21.99 -.25 -24.1 27.68 -.25 -28.13
3 72 21.51 -.25 -22.94 21.86 -.25 -23.47 27.68 -.25 -28.13
4 72 27.68 -.25 -28.13 20.4 -.25 -25.6 4.5 -.25 -25.6 .85 -.25 -28.13
3 72 3.64 -.25 -25.41 .85 -.25 -28.13 4.5 -.25 -25.6
3 72 2.92 -.25 -24.93 .85 -.25 -28.13 3.64 -.25 -25.41
3 72 2.44 -.25 -24.21 .85 -.25 -28.13 2.92 -.25 -24.93
3 72 2.25 -.25 -23.35 .85 -.25 -28.13 2.44 -.25 -24.21
4 72 .85 -.25 1.07 .85 -.25 -28.13 2.25 -.25 -23.35 2.25 -.25 -4.9
3 72 .85 -.25 1.07 2.25 -.25 -4.9 2.3 -.25 -4.59
3 72 .85 -.25 1.07 2.3 -.25 -4.59 2.48 -.25 -4.33
3 72 .85 -.25 1.07 2.48 -.25 -4.33 2.74 -.25 -4.15
3 72 .85 -.25 1.07 2.74 -.25 -4.15 3.05 -.25 -4.09
3 72 .85 -.25 1.07 3.05 -.25 -4.09 3.36 -.25 -4.15
3 72 .85 -.25 1.07 3.36 -.25 -4.15 3.62 -.25 -4.33
4 72 27.68 -.25 -28.13 .85 -.25 1.07 3.62 -.25 -4.33 21.51 -.25 -22.94
3 72 0 -.25 28.13 1.85 -.25 23.8 2.04 -.25 24.66
3 72 0 -.25 28.13 2.04 -.25 24.66 2.52 -.25 25.38
3 72 0 -.25 28.13 2.52 -.25 25.38 3.24 -.25 25.86
3 72 0 -.25 28.13 3.24 -.25 25.86 4.1 -.25 26.05
4 72 0 -.25 28.13 4.1 -.25 26.05 20 -.25 26.05 32.75 -.25 28.13
3 72 32.75 -.25 28.13 20 -.25 26.05 20.63 -.25 25.91
3 72 32.75 -.25 28.13 20.63 -.25 25.91 21.16 -.25 25.56
3 72 32.75 -.25 28.13 21.16 -.25 25.56 21.51 -.25 25.03
3 72 32.75 -.25 28.13 21.51 -.25 25.03 21.59 -.25 24.55
3 72 32.75 -.25 28.13 21.59 -.25 24.55 21.46 -.25 23.92
3 72 32.75 -.25 28.13 21.46 -.25 23.92 21.11 -.25 23.39
4 72 32.75 -.25 28.13 21.11 -.25 23.39 3.22 -.25 5.58 .5 -.25 2.25
3 72 3.22 -.25 5.58 2.96 -.25 5.4 .5 -.25 2.25
3 72 2.96 -.25 5.4 2.65 -.25 5.34 .5 -.25 2.25
3 72 2.34 -.25 5.4 .5 -.25 2.25 2.65 -.25 5.34
3 72 2.08 -.25 5.58 .5 -.25 2.25 2.34 -.25 5.4
3 72 1.9 -.25 5.84 .5 -.25 2.25 2.08 -.25 5.58
3 72 1.85 -.25 6.15 .5 -.25 2.25 1.9 -.25 5.84
4 72 0 -.25 28.13 .5 -.25 2.25 1.85 -.25 6.15 1.85 -.25 23.8
4 15 -4.3 -.25 1.95 -17.1 -.25 12.25 -16.45 -.25 10.8 -5.3 -.25 1.95
4 15 -16.45 -.25 -10.05 -17.1 -.25 -11.5 -4.3 -.25 1.95 -5.3 -.25 1.95
4 15 -17.1 -.25 12.25 -17.1 -.25 -11.5 -16.45 -.25 -10.05 -16.45 -.25 10.8
4 4 -15.3 -.25 4.4 -14.3 -.25 4.4 -14.41 -.25 4.54 -14.8 -.25 4.63
3 4 -14.8 -.25 4.63 -15.19 -.25 4.54 -15.3 -.25 4.4
4 4 -14.41 -.25 .21 -14.3 -.25 .35 -15.3 -.25 .35 -14.8 -.25 .12
3 4 -15.3 -.25 .35 -15.19 -.25 .21 -14.8 -.25 .12
4 4 -14.3 -.25 4.4 -15.3 -.25 4.4 -15.3 -.25 .35 -14.3 -.25 .35
4 0 -16.45 -.25 10.8 -16.45 -.25 -10.05 -15.3 -.25 .35 -15.3 -.25 4.4
3 0 -16.45 -.25 10.8 -15.3 -.25 4.4 -15.19 -.25 4.54
3 0 -16.45 -.25 10.8 -15.19 -.25 4.54 -14.8 -.25 4.63
3 0 -16.45 -.25 10.8 -14.8 -.25 4.63 -14.41 -.25 4.54
4 0 -5.3 -.25 1.95 -16.45 -.25 10.8 -14.41 -.25 4.54 -14.3 -.25 4.4
3 0 -14.3 -.25 4.4 -14.3 -.25 .35 -5.3 -.25 1.95
4 4 -20.45 -.25 4.4 -19.45 -.25 4.4 -19.56 -.25 4.54 -19.95 -.25 4.63
3 4 -19.95 -.25 4.63 -20.34 -.25 4.54 -20.45 -.25 4.4
4 4 -19.56 -.25 -4.24 -19.45 -.25 -4.1 -20.45 -.25 -4.1 -19.95 -.25 -4.33
3 4 -20.45 -.25 -4.1 -20.34 -.25 -4.24 -19.95 -.25 -4.33
4 4 -19.45 -.25 4.4 -20.45 -.25 4.4 -20.45 -.25 -4.1 -19.45 -.25 -4.1
4 0 -19.45 -.25 4.4 -19.45 -.25 -4.1 -17.1 -.25 -11.5 -17.1 -.25 12.25
3 0 -19.45 -.25 -4.1 -19.56 -.25 -4.24 -17.1 -.25 -11.5
4 0 -17.1 -.25 -11.5 -19.56 -.25 -4.24 -19.95 -.25 -4.33 -22.25 -.25 -16.15
4 4 -28.55 -.25 4.4 -27.55 -.25 4.4 -27.66 -.25 4.54 -28.05 -.25 4.63
3 4 -28.05 -.25 4.63 -28.44 -.25 4.54 -28.55 -.25 4.4
4 4 -27.66 -.25 -4.24 -27.55 -.25 -4.1 -28.55 -.25 -4.1 -28.05 -.25 -4.33
3 4 -28.55 -.25 -4.1 -28.44 -.25 -4.24 -28.05 -.25 -4.33
4 4 -27.55 -.25 4.4 -28.55 -.25 4.4 -28.55 -.25 -4.1 -27.55 -.25 -4.1
4 4 -25.5 -.25 14.2 -24.5 -.25 14.2 -24.61 -.25 14.34 -25 -.25 14.43
3 4 -25 -.25 14.43 -25.39 -.25 14.34 -25.5 -.25 14.2
4 4 -24.61 -.25 5.66 -24.5 -.25 5.8 -25.5 -.25 5.8 -25 -.25 5.57
3 4 -25.5 -.25 5.8 -25.39 -.25 5.66 -25 -.25 5.57
4 4 -24.5 -.25 14.2 -25.5 -.25 14.2 -25.5 -.25 5.8 -24.5 -.25 5.8
4 4 -25.5 -.25 4.4 -24.5 -.25 4.4 -24.61 -.25 4.54 -25 -.25 4.63
3 4 -25 -.25 4.63 -25.39 -.25 4.54 -25.5 -.25 4.4
4 4 -24.61 -.25 -4.24 -24.5 -.25 -4.1 -25.5 -.25 -4.1 -25 -.25 -4.33
3 4 -25.5 -.25 -4.1 -25.39 -.25 -4.24 -25 -.25 -4.33
4 4 -24.5 -.25 4.4 -25.5 -.25 4.4 -25.5 -.25 -4.1 -24.5 -.25 -4.1
4 0 -25.5 -.25 5.8 -25.5 -.25 4.4 -25.39 -.25 4.54 -25.39 -.25 5.66
4 0 -25.39 -.25 5.66 -25.39 -.25 4.54 -25 -.25 4.63 -25 -.25 5.57
4 0 -25 -.25 5.57 -25 -.25 4.63 -24.61 -.25 4.54 -24.61 -.25 5.66
4 0 -24.61 -.25 5.66 -24.61 -.25 4.54 -24.5 -.25 4.4 -24.5 -.25 5.8
4 15 -22.25 -.25 15.65 -26.9 -.25 19.55 -26.25 -.25 18.2 -22.9 -.25 15.3
4 15 -26.25 -.25 -19.15 -26.9 -.25 -20.5 -22.25 -.25 -16.15 -22.9 -.25 -15.8
4 15 -26.25 -.25 18.2 -26.9 -.25 19.55 -26.9 -.25 -20.5 -26.25 -.25 -19.15
3 0 -20.45 -.25 -4.1 -22.25 -.25 -16.15 -20.34 -.25 -4.24
3 0 -20.34 -.25 -4.24 -22.25 -.25 -16.15 -19.95 -.25 -4.33
4 0 -25 -.25 -4.33 -26.25 -.25 -19.15 -22.9 -.25 -15.8 -24.61 -.25 -4.24
3 0 -24.5 -.25 -4.1 -24.61 -.25 -4.24 -22.9 -.25 -15.8
3 0 -25.39 -.25 -4.24 -26.25 -.25 -19.15 -25 -.25 -4.33
3 0 -25.5 -.25 -4.1 -26.25 -.25 -19.15 -25.39 -.25 -4.24
3 0 -24.5 -.25 4.4 -24.5 -.25 -4.1 -22.9 -.25 -15.8
4 0 -24.5 -.25 5.8 -24.5 -.25 4.4 -22.9 -.25 -15.8 -23.3 -.25 5.55
4 0 -22.9 -.25 15.3 -24.5 -.25 14.2 -24.5 -.25 5.8 -23.3 -.25 9
3 0 -22.9 -.25 15.3 -24.61 -.25 14.34 -24.5 -.25 14.2
4 0 -25 -.25 14.43 -24.61 -.25 14.34 -22.9 -.25 15.3 -26.25 -.25 18.2
3 0 -26.25 -.25 18.2 -25.39 -.25 14.34 -25 -.25 14.43
3 0 -26.25 -.25 18.2 -25.5 -.25 14.2 -25.39 -.25 14.34
3 0 -26.25 -.25 18.2 -25.5 -.25 5.8 -25.5 -.25 14.2
3 0 -26.25 -.25 18.2 -25.5 -.25 4.4 -25.5 -.25 5.8
4 0 -25.5 -.25 -4.1 -25.5 -.25 4.4 -26.25 -.25 18.2 -26.25 -.25 -19.15
4 0 -26.9 -.25 19.55 -29.65 -.25 23.65 -28.55 -.25 4.4 -28.44 -.25 4.54
3 0 -26.9 -.25 19.55 -28.44 -.25 4.54 -28.05 -.25 4.63
3 0 -26.9 -.25 19.55 -28.05 -.25 4.63 -27.66 -.25 4.54
3 0 -26.9 -.25 19.55 -27.66 -.25 4.54 -27.55 -.25 4.4
4 0 -28.55 -.25 4.4 -29.65 -.25 23.65 -29.65 -.25 .8 -28.55 -.25 -4.1
4 0 -22.25 -.25 -16.15 -26.9 -.25 -20.5 -29.65 -.25 -24.95 -17.1 -.25 -11.5
4 0 -17.1 -.25 -11.5 -29.65 -.25 -24.95 -2.7 -.25 2 -4.3 -.25 1.95
4 0 -29.65 -.25 23.65 -26.9 -.25 19.55 -22.25 -.25 15.65 -17.1 -.25 12.25
4 0 -2.7 -.25 2 -29.65 -.25 23.65 -17.1 -.25 12.25 -4.3 -.25 1.95
4 72 -29.65 -.25 23.65 -33.46 -.25 27.83 -33.75 -.25 27.13 -29.65 -.25 .8
4 72 -29.65 -.25 .8 -33.75 -.25 27.13 -33.75 -.25 -27.13 -29.65 -.25 -24.95
4 72 -29.65 -.25 -24.95 -33.75 -.25 -27.13 -32.75 -.25 -28.13 -28.64 -.25 -28.13
4 72 -2.7 -.25 2 -29.65 -.25 -24.95 -28.64 -.25 -28.13 -.08 -.25 1.84
4 72 -2.7 -.25 2 -.08 -.25 1.84 -33.46 -.25 27.83 -29.65 -.25 23.65
4 15 -18.79 -.25 25.03 -20.82 -.25 22.61 -19.84 -.25 22.7 -18.71 -.25 24.04
4 15 -6.84 -.25 12.37 -6.75 -.25 11.39 -4.77 -.25 13.81 -5.76 -.25 13.72
4 15 -18.79 -.25 25.03 -18.71 -.25 24.04 -5.76 -.25 13.72 -4.77 -.25 13.81
4 15 -19.84 -.25 22.7 -20.82 -.25 22.61 -6.75 -.25 11.39 -6.84 -.25 12.37
4 4 -19.12 -.25 22.54 -18.48 -.25 23.3 -18.66 -.25 23.31 -18.98 -.25 23.07
3 4 -18.98 -.25 23.07 -19.16 -.25 22.71 -19.12 -.25 22.54
4 4 -13.72 -.25 19.37 -13.76 -.25 19.55 -14.4 -.25 18.78 -13.9 -.25 19.02
3 4 -13.9 -.25 19.02 -14.4 -.25 18.78 -14.22 -.25 18.78
4 4 -18.48 -.25 23.3 -19.12 -.25 22.54 -14.4 -.25 18.78 -13.76 -.25 19.55
4 4 -11.74 -.25 16.72 -11.1 -.25 17.48 -11.28 -.25 17.49 -11.6 -.25 17.25
3 4 -11.6 -.25 17.25 -11.78 -.25 16.89 -11.74 -.25 16.72
4 4 -6.25 -.25 13.57 -6.29 -.25 13.74 -6.93 -.25 12.98 -6.43 -.25 13.21
3 4 -6.43 -.25 13.21 -6.93 -.25 12.98 -6.75 -.25 12.97
4 4 -11.1 -.25 17.48 -11.74 -.25 16.72 -6.93 -.25 12.98 -6.29 -.25 13.74
3 0 -18.71 -.25 24.04 -18.66 -.25 23.31 -18.48 -.25 23.3
4 0 -18.98 -.25 23.07 -18.66 -.25 23.31 -18.71 -.25 24.04 -19.84 -.25 22.7
3 0 -18.98 -.25 23.07 -19.84 -.25 22.7 -19.16 -.25 22.71
3 0 -19.16 -.25 22.71 -19.84 -.25 22.7 -19.12 -.25 22.54
4 0 -18.71 -.25 24.04 -18.48 -.25 23.3 -13.76 -.25 19.55 -11.85 -.25 18.45
4 0 -14.4 -.25 18.78 -19.12 -.25 22.54 -19.84 -.25 22.7 -12.85 -.25 17.45
4 0 -6.84 -.25 12.37 -6.93 -.25 12.98 -11.74 -.25 16.72 -12.85 -.25 17.45
4 4 -10.23 -.25 24.97 -9.46 -.25 24.33 -9.46 -.25 24.5 -9.7 -.25 24.82
3 4 -10.06 -.25 25 -10.23 -.25 24.97 -9.7 -.25 24.82
4 4 -12.6 -.25 20.76 -12.42 -.25 20.8 -13.19 -.25 21.44 -12.95 -.25 20.95
3 4 -13.19 -.25 21.44 -13.19 -.25 21.27 -12.95 -.25 20.95
4 4 -9.46 -.25 24.33 -10.23 -.25 24.97 -13.19 -.25 21.44 -12.42 -.25 20.8
4 4 -8.4 -.25 23.6 -7.63 -.25 22.96 -7.62 -.25 23.14 -7.86 -.25 23.46
3 4 -8.22 -.25 23.64 -8.4 -.25 23.6 -7.86 -.25 23.46
4 4 -10.76 -.25 19.4 -10.59 -.25 19.44 -11.35 -.25 20.08 -11.12 -.25 19.58
3 4 -11.35 -.25 20.08 -11.36 -.25 19.9 -11.12 -.25 19.58
4 4 -7.63 -.25 22.96 -8.4 -.25 23.6 -11.35 -.25 20.08 -10.59 -.25 19.44
4 4 -6.39 -.25 18.25 -6.21 -.25 18.25 -6.07 -.25 18.64 -8.48 -.25 20.66
4 4 -8.48 -.25 20.66 -8.84 -.25 20.45 -8.8 -.25 20.28 -6.39 -.25 18.25
3 4 -8.66 -.25 20.67 -8.84 -.25 20.45 -8.48 -.25 20.66
3 4 -6.07 -.25 18.64 -6.21 -.25 18.25 -6.03 -.25 18.46
4 4 -6.93 -.25 17.6 -6.76 -.25 17.6 -6.61 -.25 17.99 -9.03 -.25 20.01
4 4 -9.03 -.25 20.01 -9.38 -.25 19.8 -9.35 -.25 19.63 -6.93 -.25 17.6
3 4 -9.2 -.25 20.02 -9.38 -.25 19.8 -9.03 -.25 20.01
3 4 -6.61 -.25 17.99 -6.76 -.25 17.6 -6.58 -.25 17.81
4 4 -7.48 -.25 16.95 -7.3 -.25 16.95 -7.16 -.25 17.34 -9.57 -.25 19.36
4 4 -9.57 -.25 19.36 -9.93 -.25 19.15 -9.89 -.25 18.98 -7.48 -.25 16.95
3 4 -9.75 -.25 19.37 -9.93 -.25 19.15 -9.57 -.25 19.36
3 4 -7.16 -.25 17.34 -7.3 -.25 16.95 -7.12 -.25 17.16
4 0 -9.46 -.25 24.5 -9.46 -.25 24.33 -8.4 -.25 23.6 -8.22 -.25 23.64
4 0 -9.7 -.25 24.82 -9.46 -.25 24.5 -8.22 -.25 23.64 -7.86 -.25 23.46
4 0 -6.39 -.25 18.25 -6.61 -.25 17.99 -6.58 -.25 17.81 -6.21 -.25 18.25
4 0 -6.93 -.25 17.6 -7.16 -.25 17.34 -7.12 -.25 17.16 -6.76 -.25 17.6
4 0 -9.38 -.25 19.8 -9.75 -.25 19.37 -9.57 -.25 19.36 -9.35 -.25 19.63
4 0 -8.84 -.25 20.45 -9.2 -.25 20.02 -9.03 -.25 20.01 -8.8 -.25 20.28
4 0 -6.39 -.25 18.25 -8.8 -.25 20.28 -9.03 -.25 20.01 -6.61 -.25 17.99
4 0 -6.93 -.25 17.6 -9.35 -.25 19.63 -9.57 -.25 19.36 -7.16 -.25 17.34
4 0 -8.66 -.25 20.67 -7.63 -.25 22.96 -10.59 -.25 19.44 -8.84 -.25 20.45
3 0 -8.84 -.25 20.45 -10.59 -.25 19.44 -9.2 -.25 20.02
4 0 -9.38 -.25 19.8 -9.2 -.25 20.02 -10.59 -.25 19.44 -9.75 -.25 19.37
4 0 -9.93 -.25 19.15 -9.75 -.25 19.37 -10.59 -.25 19.44 -10.76 -.25 19.4
4 0 -9.46 -.25 24.33 -12.42 -.25 20.8 -11.35 -.25 20.08 -8.4 -.25 23.6
4 0 -12.42 -.25 20.8 -12.6 -.25 20.76 -11.36 -.25 19.9 -11.35 -.25 20.08
4 0 -12.6 -.25 20.76 -12.95 -.25 20.95 -11.12 -.25 19.58 -11.36 -.25 19.9
3 0 -10.76 -.25 19.4 -9.89 -.25 18.98 -9.93 -.25 19.15
3 0 -18.79 -.25 25.03 -13.19 -.25 21.27 -13.19 -.25 21.44
3 0 -18.79 -.25 25.03 -12.95 -.25 20.95 -13.19 -.25 21.27
4 0 -11.12 -.25 19.58 -12.95 -.25 20.95 -18.79 -.25 25.03 -4.77 -.25 13.81
3 0 -7.3 -.25 16.95 -7.48 -.25 16.95 -4.77 -.25 13.81
4 0 -4.77 -.25 13.81 -7.48 -.25 16.95 -9.89 -.25 18.98 -10.76 -.25 19.4
3 0 -11.12 -.25 19.58 -4.77 -.25 13.81 -10.76 -.25 19.4
3 0 -18.79 -.25 25.03 -13.19 -.25 21.44 -10.23 -.25 24.97
3 0 -7.12 -.25 17.16 -7.3 -.25 16.95 -4.77 -.25 13.81
4 0 -6.76 -.25 17.6 -7.12 -.25 17.16 -4.77 -.25 13.81 -6.58 -.25 17.81
4 0 -6.21 -.25 18.25 -6.58 -.25 17.81 -4.77 -.25 13.81 -6.03 -.25 18.46
3 0 -1.4 -.25 26.05 -9.7 -.25 24.82 -7.86 -.25 23.46
3 0 -1.4 -.25 26.05 -10.06 -.25 25 -9.7 -.25 24.82
3 0 -26.95 -.25 26.05 -20.82 -.25 22.61 -18.79 -.25 25.03
4 0 -18.79 -.25 25.03 -10.23 -.25 24.97 -10.06 -.25 25 -26.95 -.25 26.05
3 0 -1.4 -.25 26.05 -26.95 -.25 26.05 -10.06 -.25 25
4 0 -6.75 -.25 11.39 -20.82 -.25 22.61 -26.95 -.25 26.05 -1.4 -.25 5.65
4 72 -32.75 -.25 28.13 -26.95 -.25 26.05 -1.4 -.25 26.05 0 -.25 28.13
4 72 .5 -.25 2.25 0 -.25 28.13 -1.4 -.25 26.05 -1.4 -.25 5.65
4 72 -26.95 -.25 26.05 -32.75 -.25 28.13 .5 -.25 2.25 -1.4 -.25 5.65
4 15 21.24 -.25 12.7 21.43 -.25 13.7 13.6 -.25 7.48 14.5 -.25 7.28
4 15 29.4 -.25 2.25 22.64 -.25 -3.21 22.55 -.25 -4.06 30.3 -.25 2.1
4 15 21.43 -.25 13.7 21.24 -.25 12.7 29.4 -.25 2.25 30.3 -.25 2.1
4 15 14.5 -.25 7.28 13.6 -.25 7.48 22.55 -.25 -4.06 22.64 -.25 -3.21
4 4 21.12 -.25 11.76 21.72 -.25 10.96 21.77 -.25 11.13 21.6 -.25 11.5
3 4 21.12 -.25 11.76 21.6 -.25 11.5 21.3 -.25 11.75
4 4 15.94 -.25 6.63 16.12 -.25 6.63 15.52 -.25 7.42 15.64 -.25 6.89
3 4 15.52 -.25 7.42 15.47 -.25 7.25 15.64 -.25 6.89
4 4 21.72 -.25 10.96 21.12 -.25 11.76 15.52 -.25 7.42 16.12 -.25 6.63
4 4 22.02 -.25 10.56 22.62 -.25 9.76 22.67 -.25 9.93 22.51 -.25 10.3
3 4 22.2 -.25 10.56 22.02 -.25 10.56 22.51 -.25 10.3
4 4 16.85 -.25 5.43 17.02 -.25 5.43 16.42 -.25 6.23 16.54 -.25 5.69
3 4 16.42 -.25 6.23 16.38 -.25 6.05 16.54 -.25 5.69
4 4 22.62 -.25 9.76 22.02 -.25 10.56 16.42 -.25 6.23 17.02 -.25 5.43
4 4 24.81 -.25 6.98 25.41 -.25 6.18 25.46 -.25 6.35 25.3 -.25 6.72
3 4 24.81 -.25 6.98 25.3 -.25 6.72 24.99 -.25 6.97
4 4 19.58 -.25 1.8 19.76 -.25 1.79 19.16 -.25 2.59 19.28 -.25 2.05
3 4 19.16 -.25 2.59 19.11 -.25 2.42 19.28 -.25 2.05
4 4 25.41 -.25 6.18 24.81 -.25 6.98 19.16 -.25 2.59 19.76 -.25 1.79
4 4 27.94 -.25 2.92 28.54 -.25 2.12 28.59 -.25 2.3 28.42 -.25 2.66
3 4 28.12 -.25 2.92 27.94 -.25 2.92 28.42 -.25 2.66
4 4 25.77 -.25 .17 25.95 -.25 .17 25.34 -.25 .97 25.46 -.25 .43
3 4 25.34 -.25 .97 25.3 -.25 .79 25.46 -.25 .43
4 4 28.54 -.25 2.12 27.94 -.25 2.92 25.34 -.25 .97 25.95 -.25 .17
4 4 29.4 -.25 16.15 30.01 -.25 15.35 30.05 -.25 15.52 29.89 -.25 15.89
3 4 29.58 -.25 16.15 29.4 -.25 16.15 29.89 -.25 15.89
4 4 24.23 -.25 11 24.41 -.25 10.99 23.81 -.25 11.79 23.93 -.25 11.25
3 4 23.81 -.25 11.79 23.76 -.25 11.62 23.93 -.25 11.25
4 4 30.01 -.25 15.35 29.4 -.25 16.15 23.81 -.25 11.79 24.41 -.25 10.99
4 4 12.45 -.25 5.03 13.06 -.25 4.23 13.1 -.25 4.4 12.94 -.25 4.77
3 4 12.45 -.25 5.03 12.94 -.25 4.77 12.63 -.25 5.02
4 4 9.9 -.25 1.96 10.08 -.25 1.96 9.48 -.25 2.76 9.6 -.25 2.22
3 4 9.48 -.25 2.76 9.43 -.25 2.59 9.6 -.25 2.22
4 4 13.06 -.25 4.23 12.45 -.25 5.03 9.48 -.25 2.76 10.08 -.25 1.96
3 0 15.52 -.25 7.42 14.5 -.25 7.28 15.47 -.25 7.25
3 0 14.5 -.25 7.28 15.64 -.25 6.89 15.47 -.25 7.25
4 0 15.94 -.25 6.63 15.64 -.25 6.89 14.5 -.25 7.28 16.38 -.25 6.05
3 0 14.5 -.25 7.28 16.54 -.25 5.69 16.38 -.25 6.05
4 0 16.12 -.25 6.63 15.94 -.25 6.63 16.38 -.25 6.05 16.42 -.25 6.23
4 0 17.02 -.25 5.43 16.85 -.25 5.43 19.11 -.25 2.42 19.16 -.25 2.59
4 0 16.85 -.25 5.43 16.54 -.25 5.69 19.28 -.25 2.05 19.11 -.25 2.42
4 0 19.28 -.25 2.05 16.54 -.25 5.69 14.5 -.25 7.28 22.64 -.25 -3.21
3 0 21.24 -.25 12.7 21.12 -.25 11.76 21.3 -.25 11.75
3 0 21.24 -.25 12.7 21.3 -.25 11.75 21.6 -.25 11.5
4 0 21.6 -.25 11.5 21.77 -.25 11.13 22.2 -.25 10.56 22.51 -.25 10.3
4 0 21.77 -.25 11.13 21.72 -.25 10.96 22.02 -.25 10.56 22.2 -.25 10.56
4 0 22.51 -.25 10.3 22.67 -.25 9.93 24.99 -.25 6.97 25.3 -.25 6.72
4 0 22.67 -.25 9.93 22.62 -.25 9.76 24.81 -.25 6.98 24.99 -.25 6.97
4 0 21.24 -.25 12.7 21.6 -.25 11.5 22.51 -.25 10.3 25.3 -.25 6.72
4 0 29.4 -.25 2.25 21.24 -.25 12.7 25.3 -.25 6.72 28.42 -.25 2.66
4 0 15.52 -.25 7.42 21.12 -.25 11.76 21.24 -.25 12.7 14.5 -.25 7.28
4 0 21.72 -.25 10.96 16.12 -.25 6.63 16.42 -.25 6.23 22.02 -.25 10.56
4 4 21.45 -.25 8.02 21.42 -.25 7.84 21.78 -.25 7.64 22.89 -.25 8.41
4 4 22.89 -.25 8.41 22.74 -.25 8.8 22.56 -.25 8.79 21.45 -.25 8.02
3 4 22.74 -.25 8.8 22.89 -.25 8.41 22.92 -.25 8.59
3 4 21.42 -.25 7.84 21.6 -.25 7.63 21.78 -.25 7.64
4 4 22.15 -.25 7.17 22.12 -.25 6.99 22.48 -.25 6.79 23.59 -.25 7.56
4 4 23.59 -.25 7.56 23.44 -.25 7.95 23.26 -.25 7.94 22.15 -.25 7.17
3 4 23.44 -.25 7.95 23.59 -.25 7.56 23.62 -.25 7.74
3 4 22.12 -.25 6.99 22.3 -.25 6.78 22.48 -.25 6.79
4 4 25.83 -.25 2.57 25.8 -.25 2.39 26.16 -.25 2.19 27.09 -.25 2.85
4 4 27.09 -.25 2.85 26.94 -.25 3.24 26.76 -.25 3.23 25.83 -.25 2.57
3 4 26.94 -.25 3.24 27.09 -.25 2.85 27.12 -.25 3.03
3 4 25.8 -.25 2.39 25.98 -.25 2.18 26.16 -.25 2.19
4 4 22.7 -.25 6.47 22.67 -.25 6.29 23.03 -.25 6.09 24.14 -.25 6.87
4 4 24.14 -.25 6.87 23.99 -.25 7.25 23.81 -.25 7.24 22.7 -.25 6.47
3 4 23.99 -.25 7.25 24.14 -.25 6.87 24.17 -.25 7.04
3 4 22.67 -.25 6.29 22.85 -.25 6.08 23.03 -.25 6.09
4 0 22.92 -.25 8.59 22.89 -.25 8.41 23.26 -.25 7.94 23.44 -.25 7.95
4 0 23.62 -.25 7.74 23.59 -.25 7.56 23.81 -.25 7.24 23.99 -.25 7.25
4 0 21.78 -.25 7.64 21.6 -.25 7.63 22.12 -.25 6.99 22.15 -.25 7.17
4 0 22.48 -.25 6.79 22.3 -.25 6.78 22.67 -.25 6.29 22.7 -.25 6.47
4 0 23.26 -.25 7.94 22.89 -.25 8.41 21.78 -.25 7.64 22.15 -.25 7.17
4 0 23.81 -.25 7.24 23.59 -.25 7.56 22.48 -.25 6.79 22.7 -.25 6.47
3 0 22.62 -.25 9.76 22.56 -.25 8.79 22.74 -.25 8.8
3 0 22.62 -.25 9.76 22.74 -.25 8.8 22.92 -.25 8.59
4 0 22.62 -.25 9.76 22.92 -.25 8.59 23.44 -.25 7.95 23.62 -.25 7.74
4 0 22.62 -.25 9.76 23.62 -.25 7.74 23.99 -.25 7.25 24.17 -.25 7.04
3 0 22.62 -.25 9.76 24.17 -.25 7.04 24.81 -.25 6.98
3 0 24.17 -.25 7.04 24.14 -.25 6.87 24.81 -.25 6.98
4 0 24.81 -.25 6.98 24.14 -.25 6.87 23.03 -.25 6.09 19.16 -.25 2.59
4 0 19.16 -.25 2.59 23.03 -.25 6.09 22.85 -.25 6.08 17.02 -.25 5.43
4 0 21.45 -.25 8.02 22.56 -.25 8.79 22.62 -.25 9.76 17.02 -.25 5.43
3 0 21.45 -.25 8.02 17.02 -.25 5.43 21.42 -.25 7.84
4 0 21.6 -.25 7.63 21.42 -.25 7.84 17.02 -.25 5.43 22.12 -.25 6.99
4 0 22.3 -.25 6.78 22.12 -.25 6.99 17.02 -.25 5.43 22.67 -.25 6.29
3 0 22.67 -.25 6.29 17.02 -.25 5.43 22.85 -.25 6.08
3 0 19.28 -.25 2.05 22.64 -.25 -3.21 19.58 -.25 1.8
4 0 19.76 -.25 1.79 19.58 -.25 1.8 22.64 -.25 -3.21 25.46 -.25 .43
3 0 25.46 -.25 .43 22.64 -.25 -3.21 25.77 -.25 .17
3 0 25.95 -.25 .17 25.77 -.25 .17 22.64 -.25 -3.21
4 0 25.95 -.25 .17 22.64 -.25 -3.21 29.4 -.25 2.25 28.54 -.25 2.12
3 0 28.59 -.25 2.3 28.54 -.25 2.12 29.4 -.25 2.25
3 0 28.42 -.25 2.66 28.59 -.25 2.3 29.4 -.25 2.25
4 0 25.46 -.25 6.35 25.41 -.25 6.18 27.94 -.25 2.92 28.12 -.25 2.92
4 0 25.3 -.25 6.72 25.46 -.25 6.35 28.12 -.25 2.92 28.42 -.25 2.66
3 0 25.41 -.25 6.18 26.76 -.25 3.23 26.94 -.25 3.24
4 0 25.41 -.25 6.18 26.94 -.25 3.24 27.12 -.25 3.03 27.94 -.25 2.92
3 0 27.12 -.25 3.03 27.09 -.25 2.85 27.94 -.25 2.92
4 0 27.94 -.25 2.92 27.09 -.25 2.85 26.16 -.25 2.19 25.34 -.25 .97
3 0 26.16 -.25 2.19 25.98 -.25 2.18 25.34 -.25 .97
4 0 25.83 -.25 2.57 26.76 -.25 3.23 25.41 -.25 6.18 19.76 -.25 1.79
4 0 25.8 -.25 2.39 25.83 -.25 2.57 19.76 -.25 1.79 25.34 -.25 .97
3 0 25.8 -.25 2.39 25.34 -.25 .97 25.98 -.25 2.18
3 0 19.76 -.25 1.79 25.3 -.25 .79 25.34 -.25 .97
3 0 19.76 -.25 1.79 25.46 -.25 .43 25.3 -.25 .79
4 0 13.06 -.25 4.23 10.08 -.25 1.96 22.55 -.25 -4.06 14.25 -.25 4.95
3 0 9.48 -.25 2.76 4.4 -.25 1.99 9.43 -.25 2.59
3 0 9.43 -.25 2.59 4.4 -.25 1.99 9.6 -.25 2.22
3 0 9.6 -.25 2.22 4.4 -.25 1.99 9.9 -.25 1.96
3 0 10.08 -.25 1.96 9.9 -.25 1.96 22.55 -.25 -4.06
4 0 22.55 -.25 -4.06 9.9 -.25 1.96 4.4 -.25 1.99 31.15 -.25 -8.72
3 0 30.3 -.25 2.1 22.55 -.25 -4.06 31.15 -.25 -8.72
3 0 21.43 -.25 13.7 23.76 -.25 11.62 23.81 -.25 11.79
3 0 21.43 -.25 13.7 23.93 -.25 11.25 23.76 -.25 11.62
3 0 21.43 -.25 13.7 30.3 -.25 2.1 23.93 -.25 11.25
3 0 23.93 -.25 11.25 30.3 -.25 2.1 24.23 -.25 11
3 0 24.23 -.25 11 30.3 -.25 2.1 24.41 -.25 10.99
3 0 30.01 -.25 15.35 24.41 -.25 10.99 30.3 -.25 2.1
4 0 21.43 -.25 13.7 23.81 -.25 11.79 29.4 -.25 16.15 31.15 -.25 23.55
4 0 4.4 -.25 1.99 9.48 -.25 2.76 12.45 -.25 5.03 13.25 -.25 5.95
4 0 4.4 -.25 1.99 13.6 -.25 7.48 21.43 -.25 13.7 31.15 -.25 23.55
4 0 30.01 -.25 15.35 30.3 -.25 2.1 31.15 -.25 -8.72 30.05 -.25 15.52
3 0 31.15 -.25 23.55 30.05 -.25 15.52 31.15 -.25 -8.72
3 0 31.15 -.25 23.55 29.89 -.25 15.89 30.05 -.25 15.52
3 0 31.15 -.25 23.55 29.58 -.25 16.15 29.89 -.25 15.89
3 0 31.15 -.25 23.55 29.4 -.25 16.15 29.58 -.25 16.15
4 72 31.15 -.25 -8.72 4.4 -.25 1.99 1.08 -.25 1.84 28.64 -.25 -28.13
4 72 31.15 -.25 -8.72 28.64 -.25 -28.13 32.75 -.25 -28.13 33.75 -.25 -27.13
4 72 31.15 -.25 -8.72 33.75 -.25 -27.13 33.75 -.25 27.13 31.15 -.25 23.55
4 72 31.15 -.25 23.55 33.75 -.25 27.13 33.46 -.25 27.83 1.08 -.25 1.84
3 72 31.15 -.25 23.55 1.08 -.25 1.84 4.4 -.25 1.99
4 0 -7.63 -.25 22.96 -8.66 -.25 20.67 -8.48 -.25 20.66 -7.3 -.25 22.3
3 0 -7.3 -.25 22.3 -8.48 -.25 20.66 -7.3 -.25 21.9
3 0 -7.3 -.25 21.9 -8.48 -.25 20.66 -7.3 -.25 21.5
3 0 -6.9 -.25 21.5 -7.3 -.25 21.5 -8.48 -.25 20.66
4 0 -6.5 -.25 21.5 -6.9 -.25 21.5 -8.48 -.25 20.66 -5.9 -.25 21.25
3 0 -5.9 -.25 21.25 -8.48 -.25 20.66 -5.9 -.25 20.85
4 0 -5.9 -.25 20.45 -5.9 -.25 20.85 -8.48 -.25 20.66 -6.07 -.25 18.64
4 0 -5.5 -.25 20.45 -5.9 -.25 20.45 -6.07 -.25 18.64 -6.03 -.25 18.46
4 0 -5.1 -.25 20.45 -5.5 -.25 20.45 -6.03 -.25 18.46 -4.77 -.25 13.81
4 0 -5.1 -.25 20.45 -4.77 -.25 13.81 -1.4 -.25 26.05 -5.1 -.25 20.85
3 0 -1.4 -.25 26.05 -5.1 -.25 21.25 -5.1 -.25 20.85
4 0 -7.63 -.25 22.96 -7.3 -.25 22.3 -6.9 -.25 22.3 -7.62 -.25 23.14
4 0 -7.62 -.25 23.14 -6.9 -.25 22.3 -6.5 -.25 22.3 -1.4 -.25 26.05
3 0 -1.4 -.25 26.05 -7.86 -.25 23.46 -7.62 -.25 23.14
4 0 -1.4 -.25 26.05 -6.5 -.25 22.3 -6.5 -.25 21.9 -5.5 -.25 21.25
3 0 -1.4 -.25 26.05 -5.5 -.25 21.25 -5.1 -.25 21.25
4 0 -6.5 -.25 21.9 -6.5 -.25 21.5 -5.9 -.25 21.25 -5.5 -.25 21.25
3 0 -4.77 -.25 13.81 -5.4 -.25 12.6 -4.9 -.25 12.6
4 0 -4.77 -.25 13.81 -4.9 -.25 12.6 -4.4 -.25 12.6 -1.4 -.25 26.05
3 0 -4.77 -.25 13.81 -6.75 -.25 11.39 -5.4 -.25 12.6
3 0 -5.4 -.25 12.6 -6.75 -.25 11.39 -5.4 -.25 12.1
3 0 -5.4 -.25 12.1 -6.75 -.25 11.39 -5.4 -.25 11.6
4 0 -4.9 -.25 11.6 -5.4 -.25 11.6 -6.75 -.25 11.39 -4 -.25 10.9
4 0 -4.4 -.25 11.6 -4.9 -.25 11.6 -4 -.25 10.9 -4 -.25 11.4
4 0 -4.4 -.25 12.1 -4.4 -.25 11.6 -4 -.25 11.4 -3.5 -.25 11.4
4 0 -4.4 -.25 12.6 -4.4 -.25 12.1 -3.5 -.25 11.4 -3 -.25 11.4
3 0 -6.75 -.25 11.39 -4 -.25 10.4 -4 -.25 10.9
3 0 -6.75 -.25 11.39 -1.4 -.25 5.65 -4 -.25 10.4
3 0 -3.5 -.25 10.4 -4 -.25 10.4 -1.4 -.25 5.65
3 0 -3 -.25 10.4 -3.5 -.25 10.4 -1.4 -.25 5.65
3 0 -3 -.25 10.9 -3 -.25 10.4 -1.4 -.25 5.65
4 0 -3 -.25 11.4 -3 -.25 10.9 -1.4 -.25 5.65 -1.4 -.25 26.05
3 0 -1.4 -.25 26.05 -4.4 -.25 12.6 -3 -.25 11.4
4 0 -14.22 -.25 18.78 -14.4 -.25 18.78 -12.85 -.25 17.45 -12.85 -.25 17.95
4 0 -13.9 -.25 19.02 -14.22 -.25 18.78 -12.85 -.25 17.95 -12.85 -.25 18.45
4 0 -13.72 -.25 19.37 -13.9 -.25 19.02 -12.85 -.25 18.45 -12.35 -.25 18.45
4 0 -13.76 -.25 19.55 -13.72 -.25 19.37 -12.35 -.25 18.45 -11.85 -.25 18.45
4 0 -11.85 -.25 18.45 -11.85 -.25 17.95 -11.28 -.25 17.49 -11.1 -.25 17.48
4 0 -11.6 -.25 17.25 -11.28 -.25 17.49 -11.85 -.25 17.95 -11.85 -.25 17.45
4 0 -11.78 -.25 16.89 -11.6 -.25 17.25 -11.85 -.25 17.45 -12.35 -.25 17.45
4 0 -11.78 -.25 16.89 -12.35 -.25 17.45 -12.85 -.25 17.45 -11.74 -.25 16.72
3 0 -6.93 -.25 12.98 -6.84 -.25 12.37 -6.75 -.25 12.97
3 0 -6.43 -.25 13.21 -6.75 -.25 12.97 -6.84 -.25 12.37
3 0 -6.29 -.25 13.74 -6.25 -.25 13.57 -5.76 -.25 13.72
4 0 -5.76 -.25 13.72 -6.25 -.25 13.57 -6.43 -.25 13.21 -6.84 -.25 12.37
4 0 -11.1 -.25 17.48 -6.29 -.25 13.74 -5.76 -.25 13.72 -11.85 -.25 18.45
3 0 -19.84 -.25 22.7 -6.84 -.25 12.37 -12.85 -.25 17.45
3 0 -18.71 -.25 24.04 -11.85 -.25 18.45 -5.76 -.25 13.72
4 0 13.25 -.25 5.95 12.45 -.25 5.03 12.63 -.25 5.02 13.25 -.25 5.45
4 0 13.25 -.25 5.45 12.63 -.25 5.02 12.94 -.25 4.77 13.25 -.25 4.95
4 0 13.25 -.25 4.95 12.94 -.25 4.77 13.1 -.25 4.4 13.75 -.25 4.95
4 0 13.75 -.25 4.95 13.1 -.25 4.4 13.06 -.25 4.23 14.25 -.25 4.95
3 0 14.25 -.25 5.45 14.25 -.25 4.95 22.55 -.25 -4.06
3 0 14.25 -.25 5.95 14.25 -.25 5.45 22.55 -.25 -4.06
3 0 13.6 -.25 7.48 4.4 -.25 1.99 13.25 -.25 5.95
3 0 13.6 -.25 7.48 13.25 -.25 5.95 13.75 -.25 5.95
3 0 13.6 -.25 7.48 13.75 -.25 5.95 14.25 -.25 5.95
3 0 13.6 -.25 7.48 14.25 -.25 5.95 22.55 -.25 -4.06
4 0 -28.44 -.25 -4.24 -28.55 -.25 -4.1 -28.55 -.25 -5.05 -28.05 -.25 -5.05
4 0 -28.05 -.25 -4.33 -28.44 -.25 -4.24 -28.05 -.25 -5.05 -27.55 -.25 -5.05
3 0 -27.66 -.25 -4.24 -28.05 -.25 -4.33 -27.55 -.25 -5.05
3 0 -27.55 -.25 -4.1 -27.66 -.25 -4.24 -27.55 -.25 -5.05
3 0 -29.65 -.25 .8 -28.55 -.25 -5.05 -28.55 -.25 -4.1
3 0 -29.65 -.25 .8 -28.55 -.25 -5.55 -28.55 -.25 -5.05
4 0 -28.55 -.25 -6.05 -28.55 -.25 -5.55 -29.65 -.25 .8 -29.65 -.25 -24.95
4 0 -28.55 -.25 -6.05 -29.65 -.25 -24.95 -26.9 -.25 -20.5 -28.05 -.25 -6.05
3 0 -27.55 -.25 -6.05 -28.05 -.25 -6.05 -26.9 -.25 -20.5
3 0 -27.55 -.25 -5.55 -27.55 -.25 -6.05 -26.9 -.25 -20.5
3 0 -27.55 -.25 -5.05 -27.55 -.25 -5.55 -26.9 -.25 -20.5
4 0 -27.55 -.25 -4.1 -27.55 -.25 -5.05 -26.9 -.25 -20.5 -26.9 -.25 19.55
3 0 -26.9 -.25 19.55 -27.55 -.25 4.4 -27.55 -.25 -4.1
4 0 -20.45 -.25 5.8 -20.45 -.25 4.4 -20.34 -.25 4.54 -19.95 -.25 5.8
4 0 -19.95 -.25 5.8 -20.34 -.25 4.54 -19.95 -.25 4.63 -19.45 -.25 5.8
3 0 -19.45 -.25 5.8 -19.95 -.25 4.63 -19.56 -.25 4.54
4 0 -19.95 -.25 7.75 -20.45 -.25 7.75 -20.45 -.25 6.8 -19.95 -.25 6.8
4 0 -19.45 -.25 7.75 -19.95 -.25 7.75 -19.95 -.25 6.8 -19.45 -.25 6.8
3 0 -22.25 -.25 15.65 -20.45 -.25 8.75 -19.95 -.25 8.75
4 0 -22.25 -.25 15.65 -19.95 -.25 8.75 -19.45 -.25 8.75 -17.1 -.25 12.25
3 0 -17.1 -.25 12.25 -19.45 -.25 8.75 -19.45 -.25 8.25
3 0 -17.1 -.25 12.25 -19.45 -.25 8.25 -19.45 -.25 7.75
3 0 -17.1 -.25 12.25 -19.45 -.25 7.75 -19.45 -.25 6.8
3 0 -17.1 -.25 12.25 -19.45 -.25 6.8 -19.45 -.25 6.3
4 0 -20.45 -.25 -4.1 -20.45 -.25 4.4 -22.25 -.25 15.65 -21.75 -.25 4.65
3 0 -22.25 -.25 15.65 -20.45 -.25 4.4 -20.45 -.25 5.8
3 0 -22.25 -.25 15.65 -20.45 -.25 5.8 -20.45 -.25 6.3
3 0 -22.25 -.25 15.65 -20.45 -.25 6.3 -20.45 -.25 6.8
3 0 -22.25 -.25 15.65 -20.45 -.25 6.8 -20.45 -.25 7.75
3 0 -22.25 -.25 15.65 -20.45 -.25 7.75 -20.45 -.25 8.25
3 0 -22.25 -.25 15.65 -20.45 -.25 8.25 -20.45 -.25 8.75
4 0 -15.19 -.25 .21 -15.3 -.25 .35 -15.3 -.25 -.65 -14.8 -.25 -.65
4 0 -14.8 -.25 .12 -15.19 -.25 .21 -14.8 -.25 -.65 -14.3 -.25 -.65
3 0 -14.41 -.25 .21 -14.8 -.25 .12 -14.3 -.25 -.65
4 0 -14.3 -.25 .35 -14.41 -.25 .21 -14.3 -.25 -.65 -5.3 -.25 1.95
4 0 -14.8 -.25 -1.65 -15.3 -.25 -1.65 -15.3 -.25 -2.35 -14.8 -.25 -2.35
4 0 -14.3 -.25 -1.65 -14.8 -.25 -1.65 -14.8 -.25 -2.35 -14.3 -.25 -2.35
4 0 -14.8 -.25 -3.35 -15.3 -.25 -3.35 -15.3 -.25 -4 -14.8 -.25 -4
4 0 -14.3 -.25 -3.35 -14.8 -.25 -3.35 -14.8 -.25 -4 -14.3 -.25 -4
3 0 -15.3 -.25 .35 -16.45 -.25 -10.05 -15.3 -.25 -.65
3 0 -15.3 -.25 -.65 -16.45 -.25 -10.05 -15.3 -.25 -1.15
3 0 -15.3 -.25 -1.15 -16.45 -.25 -10.05 -15.3 -.25 -1.65
3 0 -15.3 -.25 -1.65 -16.45 -.25 -10.05 -15.3 -.25 -2.35
3 0 -15.3 -.25 -2.35 -16.45 -.25 -10.05 -15.3 -.25 -2.85
3 0 -15.3 -.25 -2.85 -16.45 -.25 -10.05 -15.3 -.25 -3.35
3 0 -15.3 -.25 -3.35 -16.45 -.25 -10.05 -15.3 -.25 -4
3 0 -15.3 -.25 -4 -16.45 -.25 -10.05 -15.3 -.25 -4.5
3 0 -15.3 -.25 -4.5 -16.45 -.25 -10.05 -15.3 -.25 -5
3 0 -14.8 -.25 -5 -15.3 -.25 -5 -16.45 -.25 -10.05
3 0 -14.3 -.25 -5 -14.8 -.25 -5 -16.45 -.25 -10.05
3 0 -5.3 -.25 1.95 -14.3 -.25 -5 -16.45 -.25 -10.05
3 0 -5.3 -.25 1.95 -14.3 -.25 -.65 -14.3 -.25 -1.15
3 0 -5.3 -.25 1.95 -14.3 -.25 -1.15 -14.3 -.25 -1.65
3 0 -5.3 -.25 1.95 -14.3 -.25 -1.65 -14.3 -.25 -2.35
3 0 -5.3 -.25 1.95 -14.3 -.25 -2.35 -14.3 -.25 -2.85
3 0 -5.3 -.25 1.95 -14.3 -.25 -2.85 -14.3 -.25 -3.35
3 0 -5.3 -.25 1.95 -14.3 -.25 -3.35 -14.3 -.25 -4
3 0 -5.3 -.25 1.95 -14.3 -.25 -4 -14.3 -.25 -4.5
3 0 -5.3 -.25 1.95 -14.3 -.25 -4.5 -14.3 -.25 -5
4 15 -22.25 -.25 15.65 -22.9 -.25 15.3 -22.9 -.25 9 -22.25 -.25 4.65
4 15 -22.25 -.25 4.65 -22.9 -.25 9 -22.9 -.25 5.55 -22.25 -.25 1.2
4 15 -22.9 -.25 -15.8 -22.25 -.25 -16.15 -22.25 -.25 1.2 -22.9 -.25 5.55
4 15 -23.3 -.25 5.55 -22.9 -.25 5.55 -22.9 -.25 9 -23.3 -.25 9
4 15 -21.75 -.25 4.65 -22.25 -.25 4.65 -22.25 -.25 1.2 -21.75 -.25 1.2
3 0 -22.9 -.25 15.3 -23.3 -.25 9 -22.9 -.25 9
3 0 -23.3 -.25 9 -24.5 -.25 5.8 -23.3 -.25 5.55
3 0 -22.9 -.25 5.55 -23.3 -.25 5.55 -22.9 -.25 -15.8
3 0 -22.25 -.25 15.65 -22.25 -.25 4.65 -21.75 -.25 4.65
4 0 -21.75 -.25 1.2 -22.25 -.25 1.2 -22.25 -.25 -16.15 -20.45 -.25 -4.1
3 0 -21.75 -.25 4.65 -21.75 -.25 1.2 -20.45 -.25 -4.1
3 0 -17.1 -.25 12.25 -19.45 -.25 6.3 -19.45 -.25 5.8
4 0 -19.45 -.25 5.8 -19.56 -.25 4.54 -19.45 -.25 4.4 -17.1 -.25 12.25
4 71 -4 -.25 -24.69 -4 -.25 -24.94 -3.18 -.25 -24.77 -3.28 -.25 -24.55
4 71 -2.66 -.25 -24.14 -3.28 -.25 -24.55 -3.18 -.25 -24.77 -2.49 -.25 -24.31
4 71 -2.25 -.25 -23.52 -2.66 -.25 -24.14 -2.49 -.25 -24.31 -2.03 -.25 -23.62
4 71 -2.11 -.25 -22.8 -2.25 -.25 -23.52 -2.03 -.25 -23.62 -1.86 -.25 -22.8
4 71 -1.86 -.25 -6.5 -2.11 -.25 -6.5 -2.11 -.25 -22.8 -1.86 -.25 -22.8
4 71 -4 -.25 -24.69 -18.95 -.25 -24.69 -18.95 -.25 -24.94 -4 -.25 -24.94
4 71 -2.95 -.25 -5.64 -20.17 -.25 -23.62 -20 -.25 -23.79 -2.78 -.25 -5.82
4 0 -2.78 -.25 -5.82 -20 -.25 -23.79 -18.95 -.25 -24.69 -2.11 -.25 -6.5
4 0 -2.11 -.25 -6.5 -18.95 -.25 -24.69 -4 -.25 -24.69 -3.28 -.25 -24.55
4 0 -2.11 -.25 -6.5 -3.28 -.25 -24.55 -2.66 -.25 -24.14 -2.25 -.25 -23.52
3 0 -2.11 -.25 -6.5 -2.25 -.25 -23.52 -2.11 -.25 -22.8
4 71 4.26 -.25 -24.77 5.07 -.25 -24.94 5.07 -.25 -24.69 4.35 -.25 -24.55
4 71 4.26 -.25 -24.77 4.35 -.25 -24.55 3.73 -.25 -24.14 3.56 -.25 -24.31
4 71 3.56 -.25 -24.31 3.73 -.25 -24.14 3.32 -.25 -23.52 3.1 -.25 -23.62
4 71 3.1 -.25 -23.62 3.32 -.25 -23.52 3.18 -.25 -22.8 2.94 -.25 -22.8
4 71 3.18 -.25 -22.8 3.18 -.25 -6.5 2.94 -.25 -6.5 2.94 -.25 -22.8
4 71 20.02 -.25 -24.94 20.02 -.25 -24.69 5.07 -.25 -24.69 5.07 -.25 -24.94
4 71 21.07 -.25 -23.79 21.25 -.25 -23.62 4.02 -.25 -5.64 3.85 -.25 -5.82
4 0 3.18 -.25 -6.5 3.32 -.25 -23.52 3.73 -.25 -24.14 4.35 -.25 -24.55
4 0 3.18 -.25 -6.5 4.35 -.25 -24.55 5.07 -.25 -24.69 20.02 -.25 -24.69
4 0 3.85 -.25 -5.82 3.18 -.25 -6.5 20.02 -.25 -24.69 21.07 -.25 -23.79
4 71 4.62 -.25 25.32 4.62 -.25 25.56 3.81 -.25 25.4 3.9 -.25 25.18
4 71 3.28 -.25 24.77 3.9 -.25 25.18 3.81 -.25 25.4 3.11 -.25 24.94
4 71 2.87 -.25 24.15 3.28 -.25 24.77 3.11 -.25 24.94 2.65 -.25 24.24
4 71 2.73 -.25 23.43 2.87 -.25 24.15 2.65 -.25 24.24 2.49 -.25 23.43
4 71 2.49 -.25 7.68 2.73 -.25 7.68 2.73 -.25 23.43 2.49 -.25 23.43
4 71 4.62 -.25 25.32 19.57 -.25 25.32 19.57 -.25 25.56 4.62 -.25 25.56
4 71 3.72 -.25 7.07 20.95 -.25 24.44 20.77 -.25 24.61 3.55 -.25 7.24
4 0 3.28 -.25 24.77 2.87 -.25 24.15 2.73 -.25 7.68 3.9 -.25 25.18
4 0 4.62 -.25 25.32 3.9 -.25 25.18 2.73 -.25 7.68 19.57 -.25 25.32
4 0 19.57 -.25 25.32 2.73 -.25 7.68 3.55 -.25 7.24 20.77 -.25 24.61
3 0 2.87 -.25 24.15 2.73 -.25 23.43 2.73 -.25 7.68
4 0 2.04 -.25 24.66 1.85 -.25 23.8 2.49 -.25 23.43 2.65 -.25 24.24
4 0 2.52 -.25 25.38 2.04 -.25 24.66 2.65 -.25 24.24 3.11 -.25 24.94
4 0 3.24 -.25 25.86 2.52 -.25 25.38 3.11 -.25 24.94 3.81 -.25 25.4
4 0 4.1 -.25 26.05 3.24 -.25 25.86 3.81 -.25 25.4 4.62 -.25 25.56
4 0 20 -.25 26.05 4.1 -.25 26.05 4.62 -.25 25.56 19.57 -.25 25.56
4 0 20 -.25 26.05 19.57 -.25 25.56 19.57 -.25 25.32 20.63 -.25 25.91
4 0 21.16 -.25 25.56 20.63 -.25 25.91 19.57 -.25 25.32 20.77 -.25 24.61
4 0 21.51 -.25 25.03 21.16 -.25 25.56 20.77 -.25 24.61 20.95 -.25 24.44
4 0 21.59 -.25 24.55 21.51 -.25 25.03 20.95 -.25 24.44 21.46 -.25 23.92
4 0 21.11 -.25 23.39 21.46 -.25 23.92 20.95 -.25 24.44 3.72 -.25 7.07
3 0 21.11 -.25 23.39 3.72 -.25 7.07 3.22 -.25 5.58
4 0 3.22 -.25 5.58 3.72 -.25 7.07 3.55 -.25 7.24 2.96 -.25 5.4
4 0 2.65 -.25 5.34 2.96 -.25 5.4 3.55 -.25 7.24 2.73 -.25 7.68
4 0 2.34 -.25 5.4 2.65 -.25 5.34 2.73 -.25 7.68 2.08 -.25 5.58
4 0 2.08 -.25 5.58 2.73 -.25 7.68 2.49 -.25 7.68 1.9 -.25 5.84
4 0 1.85 -.25 6.15 1.9 -.25 5.84 2.49 -.25 7.68 2.49 -.25 23.43
3 0 1.85 -.25 23.8 1.85 -.25 6.15 2.49 -.25 23.43
4 0 2.25 -.25 -4.9 2.94 -.25 -6.5 3.18 -.25 -6.5 2.3 -.25 -4.59
4 0 2.48 -.25 -4.33 2.3 -.25 -4.59 3.18 -.25 -6.5 2.74 -.25 -4.15
4 0 3.05 -.25 -4.09 2.74 -.25 -4.15 3.18 -.25 -6.5 3.85 -.25 -5.82
4 0 3.36 -.25 -4.15 3.05 -.25 -4.09 3.85 -.25 -5.82 3.62 -.25 -4.33
3 0 3.62 -.25 -4.33 3.85 -.25 -5.82 4.02 -.25 -5.64
4 0 21.51 -.25 -22.94 3.62 -.25 -4.33 4.02 -.25 -5.64 21.25 -.25 -23.62
4 0 21.86 -.25 -23.47 21.51 -.25 -22.94 21.25 -.25 -23.62 21.99 -.25 -24.1
4 0 21.91 -.25 -24.58 21.99 -.25 -24.1 21.25 -.25 -23.62 21.07 -.25 -23.79
4 0 21.56 -.25 -25.11 21.91 -.25 -24.58 21.07 -.25 -23.79 20.02 -.25 -24.69
4 0 21.03 -.25 -25.46 21.56 -.25 -25.11 20.02 -.25 -24.69 20.02 -.25 -24.94
4 0 20.4 -.25 -25.6 21.03 -.25 -25.46 20.02 -.25 -24.94 5.07 -.25 -24.94
3 0 5.07 -.25 -24.94 4.5 -.25 -25.6 20.4 -.25 -25.6
4 0 4.5 -.25 -25.6 5.07 -.25 -24.94 4.26 -.25 -24.77 3.64 -.25 -25.41
4 0 3.64 -.25 -25.41 4.26 -.25 -24.77 3.56 -.25 -24.31 2.92 -.25 -24.93
4 0 2.44 -.25 -24.21 2.92 -.25 -24.93 3.56 -.25 -24.31 3.1 -.25 -23.62
4 0 2.25 -.25 -23.35 2.44 -.25 -24.21 3.1 -.25 -23.62 2.94 -.25 -22.8
3 0 3.18 -.25 -6.5 3.18 -.25 -22.8 3.32 -.25 -23.52
4 0 2.94 -.25 -6.5 2.25 -.25 -4.9 2.25 -.25 -23.35 2.94 -.25 -22.8
4 0 -1.2 -.25 -23.35 -1.86 -.25 -22.8 -2.03 -.25 -23.62 -1.39 -.25 -24.21
4 0 -2.49 -.25 -24.31 -1.87 -.25 -24.93 -1.39 -.25 -24.21 -2.03 -.25 -23.62
4 0 -2.59 -.25 -25.41 -1.87 -.25 -24.93 -2.49 -.25 -24.31 -3.18 -.25 -24.77
4 0 -3.45 -.25 -25.6 -2.59 -.25 -25.41 -3.18 -.25 -24.77 -4 -.25 -24.94
4 0 -1.86 -.25 -6.5 -1.86 -.25 -22.8 -1.2 -.25 -23.35 -1.2 -.25 -4.9
4 0 -1.86 -.25 -6.5 -1.2 -.25 -4.9 -1.25 -.25 -4.59 -1.43 -.25 -4.33
4 0 -2.11 -.25 -6.5 -1.86 -.25 -6.5 -1.43 -.25 -4.33 -1.69 -.25 -4.15
4 0 -2.78 -.25 -5.82 -2.11 -.25 -6.5 -1.69 -.25 -4.15 -2 -.25 -4.09
4 0 -2.78 -.25 -5.82 -2 -.25 -4.09 -2.31 -.25 -4.15 -2.57 -.25 -4.33
3 0 -2.57 -.25 -4.33 -2.95 -.25 -5.64 -2.78 -.25 -5.82
4 0 -2.95 -.25 -5.64 -2.57 -.25 -4.33 -20.46 -.25 -22.94 -20.17 -.25 -23.62
4 0 -20.17 -.25 -23.62 -20.46 -.25 -22.94 -20.81 -.25 -23.47 -20.94 -.25 -24.1
4 0 -20.17 -.25 -23.62 -20.94 -.25 -24.1 -20.86 -.25 -24.58 -20 -.25 -23.79
4 0 -20 -.25 -23.79 -20.86 -.25 -24.58 -20.51 -.25 -25.11 -18.95 -.25 -24.69
4 0 -18.95 -.25 -24.94 -18.95 -.25 -24.69 -20.51 -.25 -25.11 -19.98 -.25 -25.46
4 0 -18.95 -.25 -24.94 -19.98 -.25 -25.46 -19.35 -.25 -25.6 -4 -.25 -24.94
3 0 -4 -.25 -24.94 -19.35 -.25 -25.6 -3.45 -.25 -25.6