0 Sticker  1.7 x  1.7 with Yellow Dirt Stains on Light Bluish Grey Background Left Model
0 Name: 6132160u.dat
0 Author: Evert-Jan Boer [ejboer]
0 !LDRAW_ORG Unofficial_Part
0 !LICENSE Licensed under CC BY 4.0 : see CAreadme.txt

0 BFC CERTIFY CCW

0 !KEYWORDS Set 75060, Slave I

1 71 16.5 -.25 16.5 1 0 0 0 1 0 0 0 1 1-4chrd.dat
1 71 -16.5 -.25 16.5 0 0 -1 0 1 0 1 0 0 1-4chrd.dat
1 71 -16.5 -.25 -16.5 -1 0 0 0 1 0 0 0 -1 1-4chrd.dat
1 71 16.5 -.25 -16.5 0 0 1 0 1 0 -1 0 0 1-4chrd.dat
4 14 -.5 -.25 -1.1 .3 -.25 -.2 .7 -.25 1.4 -.6 -.25 .2
4 14 1.2 -.25 2.2 -.5 -.25 2.2 -.6 -.25 .2 .7 -.25 1.4
4 14 -.6 -.25 3.7 -.5 -.25 2.2 1.2 -.25 2.2 1.3 -.25 3.1
4 14 1.3 -.25 3.1 1.4 -.25 6.4 -1.3 -.25 5.2 -.6 -.25 3.7
4 14 -2.2 -.25 7.4 -1.3 -.25 5.2 1.4 -.25 6.4 .3 -.25 7.9
4 14 -2.9 -.25 9.3 -2.2 -.25 7.4 .3 -.25 7.9 -1 -.25 9.4
4 14 -1 -.25 9.4 -1.5 -.25 10.2 -2.9 -.25 10.6 -2.9 -.25 9.3
4 14 -3.2 -.25 11.4 -2.9 -.25 10.6 -1.5 -.25 10.2 -1.8 -.25 11.4
4 14 -1.8 -.25 11.4 -1.7 -.25 12.4 -3.4 -.25 12.8 -3.2 -.25 11.4
4 14 -1.7 -.25 13.4 -3.1 -.25 13.6 -3.4 -.25 12.8 -1.7 -.25 12.4
4 14 -1.9 -.25 14 -2.6 -.25 14.1 -3.1 -.25 13.6 -1.7 -.25 13.4
4 14 3.2 -.25 4 1.4 -.25 6.4 1.3 -.25 3.1 1.9 -.25 3
4 14 1.9 -.25 3 2 -.25 1.9 4.4 -.25 2.4 3.2 -.25 4
4 14 2 -.25 1.9 1.9 -.25 .8 4.9 -.25 1.4 4.4 -.25 2.4
3 14 4.9 -.25 1.4 1.9 -.25 .8 4.7 -.25 .7
4 14 2 -.25 -.4 4.1 -.25 .2 4.7 -.25 .7 1.9 -.25 .8
4 14 2.5 -.25 -1.4 3.9 -.25 -.8 4.1 -.25 .2 2 -.25 -.4
4 14 3.9 -.25 -.8 2.5 -.25 -1.4 3.3 -.25 -2.3 3.8 -.25 -1.7
3 14 3.8 -.25 -1.7 3.3 -.25 -2.3 4 -.25 -2.8
4 14 -4.7 -.25 -3.9 -5.4 -.25 -4.4 -5.6 -.25 -5.2 -4.7 -.25 -5.7
4 14 -4.7 -.25 -5.7 -3.6 -.25 -5.5 -3.1 -.25 -4.8 -4.7 -.25 -3.9
4 14 -3.1 -.25 -4.8 -3.1 -.25 -3.6 -4.4 -.25 -3.2 -4.7 -.25 -3.9
4 14 -3.1 -.25 -3.6 -3 -.25 -2.9 -4.1 -.25 -2.4 -4.4 -.25 -3.2
4 14 -4.1 -.25 -2.4 -3 -.25 -2.9 -2.9 -.25 -1.6 -3.6 -.25 -1.8
4 14 -3.2 -.25 -11.7 -4 -.25 -9.7 -4.6 -.25 -10.4 -4.1 -.25 -11.3
3 14 -4 -.25 -9.7 -3.2 -.25 -11.7 -1.9 -.25 -10
4 14 -4 -.25 -9.7 -1.9 -.25 -10 -1.6 -.25 -8.9 -3.5 -.25 -8.9
4 14 -3.5 -.25 -8.9 -1.6 -.25 -8.9 -1.4 -.25 -7.9 -3.1 -.25 -8
4 14 -1.7 -.25 -7.4 -2.5 -.25 -7.4 -3.1 -.25 -8 -1.4 -.25 -7.9
4 14 -3.2 -.25 -11.7 -2 -.25 -11.8 -1.2 -.25 -10.5 -1.9 -.25 -10
4 14 -1.2 -.25 -11.9 -1 -.25 -11.1 -1.2 -.25 -10.5 -2 -.25 -11.8
3 14 -1 -.25 -11.1 -1.2 -.25 -11.9 -.7 -.25 -11.7
4 14 -1.7 -.25 -14.5 -1.6 -.25 -13.7 -2.9 -.25 -12.7 -2.8 -.25 -13.6
4 14 -2.9 -.25 -12.7 -1.6 -.25 -13.7 -1.4 -.25 -12.9 -2.1 -.25 -12.5
4 14 -.3 -.25 -13.4 -1.6 -.25 -13.7 -1.7 -.25 -14.5 -.9 -.25 -14.2
4 14 -1.4 -.25 -12.9 -1.6 -.25 -13.7 -.3 -.25 -13.4 -.5 -.25 -12.7
4 14 -6.2 -.25 -13.6 -7.6 -.25 -13.1 -14.3 -.25 -16.4 -13.7 -.25 -17.5
3 14 -7.6 -.25 -13.1 -14 -.25 -14.7 -14.3 -.25 -16.4
4 14 -14 -.25 -14.7 -7.6 -.25 -13.1 -7.1 -.25 -12.2 -13.2 -.25 -13.2
4 14 -7.1 -.25 -12.2 -7.2 -.25 -11.3 -13.7 -.25 -12.4 -13.2 -.25 -13.2
4 14 -13.2 -.25 -10.7 -13.7 -.25 -11.7 -13.7 -.25 -12.4 -7.2 -.25 -11.3
4 14 -13.2 -.25 -10.7 -7.2 -.25 -11.3 -6.7 -.25 -10 -11.6 -.25 -10.2
4 14 -6.7 -.25 -8.6 -10.8 -.25 -9.3 -11.6 -.25 -10.2 -6.7 -.25 -10
4 14 -6.1 -.25 -7.8 -10.7 -.25 -8.3 -10.8 -.25 -9.3 -6.7 -.25 -8.6
4 14 -6.1 -.25 -7.8 -6.3 -.25 -6.3 -11.4 -.25 -7.6 -10.7 -.25 -8.3
4 14 -11.8 -.25 -6.8 -11.4 -.25 -7.6 -6.3 -.25 -6.3 -7.3 -.25 -5.7
3 14 -7.3 -.25 -5.7 -11.6 -.25 -6.2 -11.8 -.25 -6.8
4 14 -6.5 -.25 -4.3 -10.7 -.25 -5.2 -11.6 -.25 -6.2 -7.3 -.25 -5.7
4 14 -10.7 -.25 -5.2 -6.5 -.25 -4.3 -5.7 -.25 -3.1 -11.4 -.25 -4.1
4 14 -5.7 -.25 -3.1 -5.5 -.25 -2.2 -6 -.25 -1.4 -11.4 -.25 -4.1
4 14 -8.5 -.25 -.8 -11.4 -.25 -4.1 -6 -.25 -1.4 -6.8 -.25 -.9
4 14 -11.4 -.25 -4.1 -8.5 -.25 -.8 -9.5 -.25 .1 -12.1 -.25 -3.6
4 14 -12.2 -.25 -.6 -13.1 -.25 -3.5 -12.1 -.25 -3.6 -9.5 -.25 .1
4 14 -12.2 -.25 -.6 -13.6 -.25 -2 -13.9 -.25 -3.7 -13.1 -.25 -3.5
4 14 -14.7 -.25 -3.5 -13.9 -.25 -3.7 -13.6 -.25 -2 -14.8 -.25 -2.8
3 14 -14.7 -.25 -3.5 -14.8 -.25 -4.1 -13.9 -.25 -3.7
4 14 -5.2 -.25 -6.7 -6.3 -.25 -6.3 -6.1 -.25 -7.8 -5.3 -.25 -7.4
3 14 -5.2 -.25 -6.7 -5.3 -.25 -7.4 -4.7 -.25 -7.1
4 14 -4.1 -.25 -16 -5.5 -.25 -14.3 -6.2 -.25 -13.6 -13.7 -.25 -17.5
4 14 -3.5 -.25 -15.2 -4.4 -.25 -14.3 -5.5 -.25 -14.3 -4.1 -.25 -16
3 14 -4.4 -.25 -14.3 -3.5 -.25 -15.2 -2.7 -.25 -14.7
4 14 -4.1 -.25 -16 -13.7 -.25 -17.5 -.8 -.25 -16.9 -2 -.25 -16.5
3 14 -.8 -.25 -16.9 -13.7 -.25 -17.5 0 -.25 -17.5
4 14 -12.2 -.25 -.6 -9.5 -.25 .1 -10 -.25 1.2 -11.9 -.25 .6
4 14 -10 -.25 2.4 -12.2 -.25 1.5 -11.9 -.25 .6 -10 -.25 1.2
4 14 -13 -.25 2.6 -12.2 -.25 1.5 -10 -.25 2.4 -12 -.25 3.2
4 14 -9.4 -.25 2.8 -11.1 -.25 4.1 -12 -.25 3.2 -10 -.25 2.4
3 14 -11.1 -.25 4.1 -9.4 -.25 2.8 -9.3 -.25 3.7
4 14 -10.7 -.25 5.1 -11.1 -.25 4.1 -9.3 -.25 3.7 -9.4 -.25 4.6
4 14 -10.7 -.25 5.1 -9.4 -.25 4.6 -8.2 -.25 5.7 -9.8 -.25 6
4 14 -7.2 -.25 5.6 -8.2 -.25 5.7 -9.4 -.25 4.6 -8.4 -.25 4.7
4 14 -9.8 -.25 6 -8.2 -.25 5.7 -7.9 -.25 6.6 -8.8 -.25 6.8
4 14 -7.9 -.25 6.6 -7.2 -.25 7.9 -8.8 -.25 8.5 -8.8 -.25 6.8
4 14 -6.9 -.25 9.3 -8.6 -.25 9.8 -8.8 -.25 8.5 -7.2 -.25 7.9
4 14 -6.9 -.25 9.3 -7 -.25 10.2 -8.1 -.25 10.6 -8.6 -.25 9.8
3 14 -7.2 -.25 10.8 -8.1 -.25 10.6 -7 -.25 10.2
4 14 -12 -.25 3.2 -12.5 -.25 3.7 -13.6 -.25 4 -13 -.25 2.6
4 14 -13.7 -.25 5.6 -13.6 -.25 4 -12.5 -.25 3.7 -12.8 -.25 4.8
4 14 -13.7 -.25 6.5 -13.7 -.25 5.6 -12.8 -.25 4.8 -13 -.25 5.9
3 71 0 -.25 17.5 -2.6 -.25 14.1 -1.9 -.25 14
3 71 4.9 -.25 1.4 4.7 -.25 .7 17.5 -.25 0
3 71 4.7 -.25 .7 4.1 -.25 .2 17.5 -.25 0
4 71 3.8 -.25 -1.7 17.5 -.25 0 4.1 -.25 .2 3.9 -.25 -.8
3 71 17.5 -.25 0 3.8 -.25 -1.7 4 -.25 -2.8
3 71 -7.1 -.25 -12.2 -7.6 -.25 -13.1 -6.2 -.25 -13.6
4 71 -7.2 -.25 -11.3 -7.1 -.25 -12.2 -6.2 -.25 -13.6 -4.1 -.25 -11.3
4 71 -6.2 -.25 -13.6 -5.5 -.25 -14.3 -4.4 -.25 -14.3 -4.1 -.25 -11.3
4 71 -2.9 -.25 -12.7 -3.2 -.25 -11.7 -4.1 -.25 -11.3 -4.4 -.25 -14.3
4 71 -2.9 -.25 -12.7 -2.1 -.25 -12.5 -2 -.25 -11.8 -3.2 -.25 -11.7
4 71 -2 -.25 -11.8 -2.1 -.25 -12.5 -1.4 -.25 -12.9 -1.2 -.25 -11.9
4 71 -.5 -.25 -12.7 -.7 -.25 -11.7 -1.2 -.25 -11.9 -1.4 -.25 -12.9
4 71 -2.7 -.25 -14.7 -2.8 -.25 -13.6 -2.9 -.25 -12.7 -4.4 -.25 -14.3
3 71 -2.8 -.25 -13.6 -2.7 -.25 -14.7 -1.7 -.25 -14.5
4 71 -3.5 -.25 -15.2 -2 -.25 -16.5 -1.7 -.25 -14.5 -2.7 -.25 -14.7
3 71 -3.5 -.25 -15.2 -4.1 -.25 -16 -2 -.25 -16.5
4 71 -2 -.25 -16.5 -.8 -.25 -16.9 -.9 -.25 -14.2 -1.7 -.25 -14.5
4 71 0 -.25 -17.5 -.3 -.25 -13.4 -.9 -.25 -14.2 -.8 -.25 -16.9
4 71 -4.1 -.25 -11.3 -4.6 -.25 -10.4 -6.7 -.25 -10 -7.2 -.25 -11.3
4 71 -4.6 -.25 -10.4 -4 -.25 -9.7 -6.7 -.25 -8.6 -6.7 -.25 -10
4 71 -3.5 -.25 -8.9 -6.1 -.25 -7.8 -6.7 -.25 -8.6 -4 -.25 -9.7
3 71 -5.3 -.25 -7.4 -6.1 -.25 -7.8 -3.5 -.25 -8.9
4 71 -5.3 -.25 -7.4 -3.5 -.25 -8.9 -3.1 -.25 -8 -4.7 -.25 -7.1
3 71 -4.7 -.25 -7.1 -3.1 -.25 -8 -2.5 -.25 -7.4
4 71 -5.2 -.25 -6.7 -4.7 -.25 -7.1 -2.5 -.25 -7.4 -4.7 -.25 -5.7
3 71 -3.6 -.25 -5.5 -4.7 -.25 -5.7 -2.5 -.25 -7.4
4 71 -1.7 -.25 -7.4 -3.1 -.25 -4.8 -3.6 -.25 -5.5 -2.5 -.25 -7.4
4 71 -1.4 -.25 -7.9 4 -.25 -2.8 3.3 -.25 -2.3 -1.7 -.25 -7.4
4 71 -6.3 -.25 -6.3 -5.2 -.25 -6.7 -4.7 -.25 -5.7 -5.6 -.25 -5.2
4 71 -5.4 -.25 -4.4 -7.3 -.25 -5.7 -6.3 -.25 -6.3 -5.6 -.25 -5.2
4 71 -7.3 -.25 -5.7 -5.4 -.25 -4.4 -5.7 -.25 -3.1 -6.5 -.25 -4.3
4 71 -5.4 -.25 -4.4 -4.7 -.25 -3.9 -4.4 -.25 -3.2 -5.7 -.25 -3.1
4 71 -5.7 -.25 -3.1 -4.4 -.25 -3.2 -4.1 -.25 -2.4 -5.5 -.25 -2.2
4 71 -6 -.25 -1.4 -5.5 -.25 -2.2 -4.1 -.25 -2.4 -3.6 -.25 -1.8
4 71 1.3 -.25 3.1 1.2 -.25 2.2 2 -.25 1.9 1.9 -.25 3
4 71 1.9 -.25 .8 2 -.25 1.9 1.2 -.25 2.2 .7 -.25 1.4
4 71 .7 -.25 1.4 .3 -.25 -.2 2 -.25 -.4 1.9 -.25 .8
4 71 .3 -.25 -.2 -.5 -.25 -1.1 2.5 -.25 -1.4 2 -.25 -.4
3 71 -.5 -.25 -1.1 3.3 -.25 -2.3 2.5 -.25 -1.4
4 71 -1.7 -.25 -7.4 3.3 -.25 -2.3 -.5 -.25 -1.1 -3.1 -.25 -4.8
4 71 -3.1 -.25 -4.8 -.5 -.25 -1.1 -3 -.25 -2.9 -3.1 -.25 -3.6
4 71 -.6 -.25 .2 -2.9 -.25 -1.6 -3 -.25 -2.9 -.5 -.25 -1.1
4 71 -.6 -.25 .2 -.5 -.25 2.2 -3.6 -.25 -1.8 -2.9 -.25 -1.6
4 71 -3.6 -.25 -1.8 -.5 -.25 2.2 -6.8 -.25 -.9 -6 -.25 -1.4
3 71 -.5 -.25 2.2 -8.5 -.25 -.8 -6.8 -.25 -.9
4 71 -10 -.25 1.2 -9.5 -.25 .1 -8.5 -.25 -.8 -.5 -.25 2.2
4 71 -9.4 -.25 2.8 -10 -.25 2.4 -10 -.25 1.2 -.5 -.25 2.2
3 71 -9.3 -.25 3.7 -9.4 -.25 2.8 -.5 -.25 2.2
4 71 -.6 -.25 3.7 -8.4 -.25 4.7 -9.3 -.25 3.7 -.5 -.25 2.2
4 71 -.6 -.25 3.7 -1.3 -.25 5.2 -7.2 -.25 5.6 -8.4 -.25 4.7
3 71 -8.4 -.25 4.7 -9.4 -.25 4.6 -9.3 -.25 3.7
4 71 -8.2 -.25 5.7 -7.2 -.25 5.6 -1.3 -.25 5.2 -7.9 -.25 6.6
4 71 -7.2 -.25 7.9 -7.9 -.25 6.6 -1.3 -.25 5.2 -2.2 -.25 7.4
4 71 -2.9 -.25 9.3 -6.9 -.25 9.3 -7.2 -.25 7.9 -2.2 -.25 7.4
4 71 -2.9 -.25 9.3 -2.9 -.25 10.6 -7 -.25 10.2 -6.9 -.25 9.3
4 71 -3.2 -.25 11.4 -7.2 -.25 10.8 -7 -.25 10.2 -2.9 -.25 10.6
3 71 -3.4 -.25 12.8 -7.2 -.25 10.8 -3.2 -.25 11.4
4 71 -17.5 -.25 16.5 -13.7 -.25 6.5 -13 -.25 5.9 -8.8 -.25 8.5
4 71 -8.8 -.25 8.5 -13 -.25 5.9 -9.8 -.25 6 -8.8 -.25 6.8
3 71 -9.8 -.25 6 -13 -.25 5.9 -10.7 -.25 5.1
4 71 -11.1 -.25 4.1 -10.7 -.25 5.1 -13 -.25 5.9 -12.8 -.25 4.8
4 71 -12.8 -.25 4.8 -12.5 -.25 3.7 -12 -.25 3.2 -11.1 -.25 4.1
3 71 -13.7 -.25 5.6 -17.5 -.25 0 -13.6 -.25 4
3 71 -13.6 -.25 4 -17.5 -.25 0 -13 -.25 2.6
4 71 -11.9 -.25 .6 -12.2 -.25 1.5 -13 -.25 2.6 -17.5 -.25 0
3 71 -11.9 -.25 .6 -17.5 -.25 0 -12.2 -.25 -.6
4 71 -14.8 -.25 -2.8 -13.6 -.25 -2 -12.2 -.25 -.6 -17.5 -.25 0
4 71 -14.8 -.25 -2.8 -17.5 -.25 0 -14.8 -.25 -4.1 -14.7 -.25 -3.5
4 71 -11.8 -.25 -6.8 -11.6 -.25 -6.2 -13.9 -.25 -3.7 -14.8 -.25 -4.1
4 71 -13.9 -.25 -3.7 -11.6 -.25 -6.2 -12.1 -.25 -3.6 -13.1 -.25 -3.5
4 71 -10.7 -.25 -5.2 -11.4 -.25 -4.1 -12.1 -.25 -3.6 -11.6 -.25 -6.2
4 71 -11.6 -.25 -10.2 -10.8 -.25 -9.3 -10.7 -.25 -8.3 -11.4 -.25 -7.6
4 71 -13.7 -.25 -11.7 -13.2 -.25 -10.7 -11.8 -.25 -6.8 -14.8 -.25 -4.1
4 71 -11.6 -.25 -10.2 -11.4 -.25 -7.6 -11.8 -.25 -6.8 -13.2 -.25 -10.7
3 71 -13.7 -.25 -12.4 -14 -.25 -14.7 -13.2 -.25 -13.2
4 71 -14.8 -.25 -4.1 -17.5 -.25 0 -17.5 -.25 -16.5 -13.7 -.25 -11.7
4 71 -13.7 -.25 -11.7 -17.5 -.25 -16.5 -14 -.25 -14.7 -13.7 -.25 -12.4
4 71 -16.5 -.25 -17.5 -14.3 -.25 -16.4 -14 -.25 -14.7 -17.5 -.25 -16.5
3 71 -14.3 -.25 -16.4 -16.5 -.25 -17.5 -13.7 -.25 -17.5
4 71 -.3 -.25 -13.4 0 -.25 -17.5 16.5 -.25 -17.5 17.5 -.25 -16.5
4 71 -.3 -.25 -13.4 4 -.25 -2.8 -.7 -.25 -11.7 -.5 -.25 -12.7
3 71 4 -.25 -2.8 -1.4 -.25 -7.9 -1.6 -.25 -8.9
4 71 -1.9 -.25 -10 -1.2 -.25 -10.5 4 -.25 -2.8 -1.6 -.25 -8.9
4 71 -1.2 -.25 -10.5 -1 -.25 -11.1 -.7 -.25 -11.7 4 -.25 -2.8
4 71 -.3 -.25 -13.4 17.5 -.25 -16.5 17.5 -.25 0 4 -.25 -2.8
4 71 -13.7 -.25 5.6 -13.7 -.25 6.5 -17.5 -.25 16.5 -17.5 -.25 0
3 71 -17.5 -.25 16.5 -8.8 -.25 8.5 -8.6 -.25 9.8
4 71 -8.1 -.25 10.6 -16.5 -.25 17.5 -17.5 -.25 16.5 -8.6 -.25 9.8
4 71 -8.1 -.25 10.6 -7.2 -.25 10.8 -3.4 -.25 12.8 -16.5 -.25 17.5
3 71 -16.5 -.25 17.5 -3.4 -.25 12.8 -3.1 -.25 13.6
4 71 0 -.25 17.5 -16.5 -.25 17.5 -3.1 -.25 13.6 -2.6 -.25 14.1
4 71 -1.7 -.25 13.4 16.5 -.25 17.5 0 -.25 17.5 -1.9 -.25 14
4 71 16.5 -.25 17.5 -1.7 -.25 13.4 -1.7 -.25 12.4 17.5 -.25 16.5
4 71 -1.5 -.25 10.2 17.5 -.25 16.5 -1.7 -.25 12.4 -1.8 -.25 11.4
4 71 .3 -.25 7.9 17.5 -.25 16.5 -1.5 -.25 10.2 -1 -.25 9.4
4 71 .3 -.25 7.9 1.4 -.25 6.4 3.2 -.25 4 17.5 -.25 16.5
4 71 17.5 -.25 16.5 3.2 -.25 4 4.4 -.25 2.4 17.5 -.25 0
3 71 4.4 -.25 2.4 4.9 -.25 1.4 17.5 -.25 0

1 16 -16.5 0 16.5 0 0 -1 0 -1 0 1 0 0 1-4chrd.dat
1 16 16.5 0 16.5 1 0 0 0 -1 0 0 0 1 1-4chrd.dat
1 16 -16.5 0 -16.5 -1 0 0 0 -1 0 0 0 -1 1-4chrd.dat
1 16 16.5 0 -16.5 0 0 1 0 -1 0 -1 0 0 1-4chrd.dat
4 16 17.5 0 16.5 -17.5 0 16.5 -16.5 0 17.5 16.5 0 17.5
4 16 -17.5 0 16.5 17.5 0 16.5 17.5 0 -16.5 -17.5 0 -16.5
4 16 17.5 0 -16.5 16.5 0 -17.5 -16.5 0 -17.5 -17.5 0 -16.5

1 16 -16.5 -.25 16.5 0 0 -1 0 .25 0 1 0 0 1-4cyli.dat
1 16 16.5 -.25 16.5 1 0 0 0 .25 0 0 0 1 1-4cyli.dat
1 16 -16.5 -.25 -16.5 -1 0 0 0 .25 0 0 0 -1 1-4cyli.dat
1 16 16.5 -.25 -16.5 0 0 1 0 .25 0 -1 0 0 1-4cyli.dat
4 16 16.5 -.25 -17.5 -16.5 -.25 -17.5 -16.5 0 -17.5 16.5 0 -17.5
4 16 17.5 -.25 16.5 17.5 -.25 -16.5 17.5 0 -16.5 17.5 0 16.5
4 16 -16.5 -.25 17.5 16.5 -.25 17.5 16.5 0 17.5 -16.5 0 17.5
4 16 -17.5 -.25 -16.5 -17.5 -.25 16.5 -17.5 0 16.5 -17.5 0 -16.5
