0 Sticker  1.7 x  1.7 with SW Slave I Control Panel Left (Formed)
0 Name: 6132160fc01.dat
0 Author: Evert-Jan Boer [ejboer]
0 !LDRAW_ORG Unofficial_Part
0 !LICENSE Licensed under CC BY 4.0 : see CAreadme.txt

0 BFC CERTIFY CCW

0 !KEYWORDS Set 75060

4 16 17.5 -6.2215 -16.5 17.4239 -5.9786 -16.8827 16.8827 -5.6351 -17.4239 16.5 -5.5868 -17.5
3 16 17.4239 -5.9786 -16.8827 17.2071 -5.7727 -17.2071 16.8827 -5.6351 -17.4239
4 16 -16.5 -5.5868 -17.5 -16.8827 -5.6351 -17.4239 -17.4239 -5.9786 -16.8827 -17.5 -6.2215 -16.5
3 16 -16.8827 -5.6351 -17.4239 -17.2071 -5.7727 -17.2071 -17.4239 -5.9786 -16.8827
4 16 16.5 -15.8824 17.5 16.8827 -15.8788 17.4239 17.4239 -15.8533 16.8827 17.5 -15.8353 16.5
3 16 16.8827 -15.8788 17.4239 17.2071 -15.8686 17.2071 17.4239 -15.8533 16.8827
4 16 -17.5 -15.8353 16.5 -17.4239 -15.8533 16.8827 -16.8827 -15.8788 17.4239 -16.5 -15.8824 17.5
3 16 -17.4239 -15.8533 16.8827 -17.2071 -15.8686 17.2071 -16.8827 -15.8788 17.4239

4 16 16.5 -5.5868 -17.5 -16.5 -5.5868 -17.5 -17.5 -6.2215 -16.5 17.5 -6.2215 -16.5
4 16 17.5 -7.5316 -14.436 17.5 -6.2215 -16.5 -17.5 -6.2215 -16.5 -17.5 -7.5316 -14.436
4 16 17.5 -7.5316 -14.436 -17.5 -7.5316 -14.436 -17.5 -10.5099 -8.284 17.5 -10.5099 -8.284
4 16 -17.5 -12.8827 -1.648 17.5 -12.8827 -1.648 17.5 -10.5099 -8.284 -17.5 -10.5099 -8.284
4 16 -17.5 -14.6036 5.36 17.5 -14.6036 5.36 17.5 -12.8827 -1.648 -17.5 -12.8827 -1.648
4 16 -17.5 -15.6524 12.616 17.5 -15.6524 12.616 17.5 -14.6036 5.36 -17.5 -14.6036 5.36
4 16 17.5 -15.8353 16.5 -17.5 -15.8353 16.5 -16.5 -15.8824 17.5 16.5 -15.8824 17.5
4 16 17.5 -15.8353 16.5 17.5 -15.6524 12.616 -17.5 -15.6524 12.616 -17.5 -15.8353 16.5
5 24 17.5 -12.8827 -1.648 -17.5 -12.8827 -1.648 -17.5 -10.5099 -8.284 17.5 -14.6036 5.36
5 24 -17.5 -10.5099 -8.284 17.5 -10.5099 -8.284 17.5 -12.8827 -1.648 -17.5 -7.5316 -14.436
5 24 17.5 -15.6524 12.616 -17.5 -15.6524 12.616 -17.5 -14.6036 5.36 17.5 -15.8353 16.5
5 24 17.5 -7.5316 -14.436 -17.5 -7.5316 -14.436 -17.5 -6.2215 -16.5 17.5 -10.5099 -8.284
5 24 -17.5 -14.6036 5.36 17.5 -14.6036 5.36 -17.5 -12.8827 -1.648 17.5 -15.6524 12.616

4 16 16.8827 -5.8303 -17.5901 16.5 -5.7818 -17.6666 16.5 -5.5868 -17.5 16.8827 -5.6351 -17.4239
4 16 17.2071 -5.9687 -17.3724 16.8827 -5.8303 -17.5901 16.8827 -5.6351 -17.4239 17.2071 -5.7727 -17.2071
4 16 17.4239 -6.1756 -17.0465 17.2071 -5.9687 -17.3724 17.2071 -5.7727 -17.2071 17.4239 -5.9786 -16.8827
4 16 17.5 -6.4198 -16.6621 17.4239 -6.1756 -17.0465 17.4239 -5.9786 -16.8827 17.5 -6.2215 -16.5
4 16 17.5 -7.7299 -14.5882 17.5 -6.4198 -16.6621 17.5 -6.2215 -16.5 17.5 -7.5316 -14.436
4 16 17.5 -10.7264 -8.409 17.5 -7.7299 -14.5882 17.5 -7.5316 -14.436 17.5 -10.5099 -8.284
4 16 17.5 -13.1163 -1.7442 17.5 -10.7264 -8.409 17.5 -10.5099 -8.284 17.5 -12.8827 -1.648
4 16 17.5 -14.8463 5.295 17.5 -13.1163 -1.7442 17.5 -12.8827 -1.648 17.5 -14.6036 5.36
4 16 17.5 -15.9006 12.5832 17.5 -14.8463 5.295 17.5 -14.6036 5.36 17.5 -15.6524 12.616
4 16 17.5 -16.0845 16.4844 17.5 -15.9006 12.5832 17.5 -15.6524 12.616 17.5 -15.8353 16.5
4 16 17.4239 -15.8533 16.8827 17.4239 -16.1025 16.8689 17.5 -16.0845 16.4844 17.5 -15.8353 16.5
4 16 17.2071 -16.1179 17.1948 17.4239 -16.1025 16.8689 17.4239 -15.8533 16.8827 17.2071 -15.8686 17.2071
4 16 16.8827 -16.1281 17.4125 17.2071 -16.1179 17.1948 17.2071 -15.8686 17.2071 16.8827 -15.8788 17.4239
4 16 16.5 -15.8824 17.5 16.5 -16.1317 17.4889 16.8827 -16.1281 17.4125 16.8827 -15.8788 17.4239
4 16 -16.5 -16.1317 17.4889 16.5 -16.1317 17.4889 16.5 -15.8824 17.5 -16.5 -15.8824 17.5
4 16 -16.8827 -15.8788 17.4239 -16.8827 -16.1281 17.4125 -16.5 -16.1317 17.4889 -16.5 -15.8824 17.5
4 16 -17.2071 -15.8686 17.2071 -17.2071 -16.1179 17.1948 -16.8827 -16.1281 17.4125 -16.8827 -15.8788 17.4239
4 16 -17.4239 -15.8533 16.8827 -17.4239 -16.1025 16.8689 -17.2071 -16.1179 17.1948 -17.2071 -15.8686 17.2071
4 16 -17.5 -15.8353 16.5 -17.5 -16.0844 16.4845 -17.4239 -16.1025 16.8689 -17.4239 -15.8533 16.8827
4 16 -17.5 -15.9006 12.5832 -17.5 -16.0844 16.4845 -17.5 -15.8353 16.5 -17.5 -15.6524 12.616
4 16 -17.5 -14.8451 5.2953 -17.5 -15.9006 12.5832 -17.5 -15.6524 12.616 -17.5 -14.6036 5.36
4 16 -17.5 -13.1137 -1.7437 -17.5 -14.8451 5.2953 -17.5 -14.6036 5.36 -17.5 -12.8827 -1.648
4 16 -17.5 -10.7309 -8.4097 -17.5 -13.1137 -1.7437 -17.5 -12.8827 -1.648 -17.5 -10.5099 -8.284
4 16 -17.5 -7.7299 -14.5882 -17.5 -10.7309 -8.4097 -17.5 -10.5099 -8.284 -17.5 -7.5316 -14.436
4 16 -17.5 -6.4198 -16.6621 -17.5 -7.7299 -14.5882 -17.5 -7.5316 -14.436 -17.5 -6.2215 -16.5
4 16 -17.4239 -6.1756 -17.0465 -17.5 -6.4198 -16.6621 -17.5 -6.2215 -16.5 -17.4239 -5.9786 -16.8827
4 16 -17.2071 -5.9687 -17.3724 -17.4239 -6.1756 -17.0465 -17.4239 -5.9786 -16.8827 -17.2071 -5.7727 -17.2071
4 16 -16.8827 -5.8303 -17.5901 -17.2071 -5.9687 -17.3724 -17.2071 -5.7727 -17.2071 -16.8827 -5.6351 -17.4239
4 16 -16.5 -5.7818 -17.6666 -16.8827 -5.8303 -17.5901 -16.8827 -5.6351 -17.4239 -16.5 -5.5868 -17.5
4 16 16.5 -5.5868 -17.5 16.5 -5.7818 -17.6666 -16.5 -5.7818 -17.6666 -16.5 -5.5868 -17.5

5 24 17.5 -13.1163 -1.7442 -17.5 -13.1137 -1.7437 -17.5 -10.7309 -8.4097 17.5 -14.8463 5.295
5 24 -17.5 -10.7309 -8.4097 17.5 -10.7264 -8.409 17.5 -13.1163 -1.7442 -17.5 -7.7299 -14.5882
5 24 17.5 -15.9006 12.5832 -17.5 -15.9006 12.5832 -17.5 -14.8451 5.2953 17.5 -16.0845 16.4844
5 24 17.5 -7.7299 -14.5882 -17.5 -7.7299 -14.5882 -17.5 -6.4198 -16.6621 17.5 -10.7264 -8.409
5 24 -17.5 -14.8451 5.2953 17.5 -14.8463 5.295 -17.5 -13.1137 -1.7437 17.5 -15.9006 12.5832

4 0 12.95 -6.348 -16.7617 13.35 -6.0925 -17.1635 13.35 -7.7299 -14.5882 12.95 -7.5613 -14.8533
4 0 10.35 -6.0925 -17.1635 13.35 -6.0925 -17.1635 12.95 -6.348 -16.7617 10.75 -6.348 -16.7617
4 0 10.75 -7.5613 -14.8533 12.95 -7.5613 -14.8533 13.35 -7.7299 -14.5882 10.35 -7.7299 -14.5882
4 0 6.25 -6.0925 -17.1635 9.25 -6.0925 -17.1635 8.85 -6.348 -16.7617 6.65 -6.348 -16.7617
4 0 6.65 -7.5613 -14.8533 8.85 -7.5613 -14.8533 9.25 -7.7299 -14.5882 6.25 -7.7299 -14.5882
4 0 2.25 -6.9227 -15.8578 4.85 -6.9227 -15.8578 4.85 -7.7299 -14.5882 2.25 -7.7299 -14.5882
4 0 -11.6 -7.3682 -15.1571 -11.35 -7.6252 -14.7529 -11.637 -7.7299 -14.5882 -12.6699 -7.7299 -14.5882
4 0 -9.3 -7.2101 -15.4058 -11.35 -7.6252 -14.7529 -11.6 -7.3682 -15.1571 -9.4405 -6.9178 -15.8655
4 0 -6.85 -6.9866 -15.7573 -9.3 -7.2101 -15.4058 -9.4405 -6.9178 -15.8655 -6.9345 -6.6772 -16.2439
4 0 -3.85 -6.9227 -15.8578 -6.85 -6.9866 -15.7573 -6.9345 -6.6772 -16.2439 -3.85 -6.6034 -16.36
4 0 6.25 -6.6034 -16.36 2.25 -6.9227 -15.8578 -3.85 -6.9227 -15.8578 -3.85 -6.6034 -16.36
3 0 4.85 -6.9227 -15.8578 2.25 -6.9227 -15.8578 6.25 -6.6034 -16.36
3 0 6.25 -6.9227 -15.8578 4.85 -6.9227 -15.8578 6.25 -6.6034 -16.36
4 0 6.65 -6.348 -16.7617 6.65 -7.5613 -14.8533 6.25 -6.9227 -15.8578 6.25 -6.6034 -16.36
3 0 6.25 -6.6034 -16.36 6.25 -6.0925 -17.1635 6.65 -6.348 -16.7617
3 0 6.25 -7.7299 -14.5882 6.25 -6.9227 -15.8578 6.65 -7.5613 -14.8533
3 0 8.85 -7.5613 -14.8533 9.25 -6.9227 -15.8578 9.25 -7.7299 -14.5882
3 0 9.25 -6.6034 -16.36 8.85 -6.348 -16.7617 9.25 -6.0925 -17.1635
4 0 9.25 -6.6034 -16.36 9.25 -6.9227 -15.8578 8.85 -7.5613 -14.8533 8.85 -6.348 -16.7617
4 0 9.25 -6.9227 -15.8578 9.25 -6.6034 -16.36 10.35 -6.6034 -16.36 10.35 -6.9227 -15.8578
4 0 10.35 -6.6034 -16.36 10.75 -6.348 -16.7617 10.75 -7.5613 -14.8533 10.35 -6.9227 -15.8578
3 0 10.35 -6.6034 -16.36 10.35 -6.0925 -17.1635 10.75 -6.348 -16.7617
3 0 10.35 -7.7299 -14.5882 10.35 -6.9227 -15.8578 10.75 -7.5613 -14.8533
4 15 8.85 -6.348 -16.7617 8.85 -7.5613 -14.8533 6.65 -7.5613 -14.8533 6.65 -6.348 -16.7617
4 71 -17.4239 -6.1756 -17.0465 -16.8827 -5.8303 -17.5901 -16.5 -5.7818 -17.6666 -17.5 -6.4198 -16.6621
3 71 -17.2071 -5.9687 -17.3724 -16.8827 -5.8303 -17.5901 -17.4239 -6.1756 -17.0465
4 71 16.8827 -5.8303 -17.5901 17.4239 -6.1756 -17.0465 17.5 -6.4198 -16.6621 16.5 -5.7818 -17.6666
3 71 17.2071 -5.9687 -17.3724 17.4239 -6.1756 -17.0465 16.8827 -5.8303 -17.5901
4 71 9.25 -6.6034 -16.36 9.25 -6.0925 -17.1635 10.35 -6.0925 -17.1635 10.35 -6.6034 -16.36
4 71 -3.85 -6.6034 -16.36 0 -5.7732 -17.6657 6.25 -6.0925 -17.1635 6.25 -6.6034 -16.36
3 71 -17.5 -7.7299 -14.5882 -17.5 -6.4198 -16.6621 -16.5 -5.7818 -17.6666
4 71 -17.5 -7.7299 -14.5882 -16.5 -5.7818 -17.6666 -11.6 -7.3682 -15.1571 -12.6699 -7.7299 -14.5882
3 71 -11.6 -7.3682 -15.1571 -16.5 -5.7818 -17.6666 -9.4405 -6.9178 -15.8655
4 71 0 -5.7732 -17.6657 -6.9345 -6.6772 -16.2439 -9.4405 -6.9178 -15.8655 -16.5 -5.7818 -17.6666
3 71 -6.9345 -6.6772 -16.2439 0 -5.7732 -17.6657 -3.85 -6.6034 -16.36
4 71 17.5 -6.4198 -16.6621 13.35 -7.7299 -14.5882 13.35 -6.0925 -17.1635 16.5 -5.7818 -17.6666
3 71 13.35 -7.7299 -14.5882 17.5 -6.4198 -16.6621 17.5 -7.7299 -14.5882
3 71 9.25 -6.0925 -17.1635 6.25 -6.0925 -17.1635 0 -5.7732 -17.6657
4 71 9.25 -6.0925 -17.1635 0 -5.7732 -17.6657 16.5 -5.7818 -17.6666 10.35 -6.0925 -17.1635
3 71 13.35 -6.0925 -17.1635 10.35 -6.0925 -17.1635 16.5 -5.7818 -17.6666
3 72 -6.8009 -7.7299 -14.5882 -6.85 -6.9866 -15.7573 -6.2 -7.7168 -14.6088
4 72 -6.2 -7.7168 -14.6088 -6.85 -6.9866 -15.7573 -3.85 -6.9227 -15.8578 -4.9 -7.7168 -14.6088
3 72 -4.65 -7.7168 -14.6088 -4.9 -7.7168 -14.6088 -3.85 -6.9227 -15.8578
3 72 -3.25 -7.7168 -14.6088 -4.65 -7.7168 -14.6088 -3.85 -6.9227 -15.8578
3 72 -2.75 -7.7168 -14.6088 -3.25 -7.7168 -14.6088 -3.85 -6.9227 -15.8578
3 72 -1.35 -7.7168 -14.6088 -2.75 -7.7168 -14.6088 -3.85 -6.9227 -15.8578
3 72 -1.1 -7.7168 -14.6088 -1.35 -7.7168 -14.6088 -3.85 -6.9227 -15.8578
4 72 2.25 -6.9227 -15.8578 .3 -7.7168 -14.6088 -1.1 -7.7168 -14.6088 -3.85 -6.9227 -15.8578
3 72 .3 -7.7168 -14.6088 2.25 -6.9227 -15.8578 2.25 -7.7299 -14.5882
4 72 4.85 -7.7299 -14.5882 4.85 -6.9227 -15.8578 6.25 -6.9227 -15.8578 6.25 -7.7299 -14.5882
4 72 9.25 -7.7299 -14.5882 9.25 -6.9227 -15.8578 10.35 -6.9227 -15.8578 10.35 -7.7299 -14.5882
4 320 12.95 -6.348 -16.7617 12.95 -7.5613 -14.8533 10.75 -7.5613 -14.8533 10.75 -6.348 -16.7617
4 0 2.4 -8.4537 -13.0956 2.4 -9.3791 -11.1872 2 -10.0123 -9.8815 2 -8.2589 -13.4974
3 0 2 -10.0123 -9.8815 2.4 -9.574 -10.7854 2.4 -9.8175 -10.2832
4 0 4.6 -8.4537 -13.0956 5 -8.2589 -13.4974 5 -10.0123 -9.8815 4.6 -9.3791 -11.1872
3 0 5 -10.0123 -9.8815 4.6 -9.8175 -10.2832 4.6 -9.574 -10.7854
4 0 2 -8.2589 -13.4974 5 -8.2589 -13.4974 4.6 -8.4537 -13.0956 2.4 -8.4537 -13.0956
4 0 2.4 -9.8175 -10.2832 4.6 -9.8175 -10.2832 5 -10.0123 -9.8815 2 -10.0123 -9.8815
4 0 4.6 -9.3791 -11.1872 4.6 -9.574 -10.7854 2.4 -9.574 -10.7854 2.4 -9.3791 -11.1872
4 0 2 -10.7264 -8.409 2 -10.3046 -9.2788 2.4 -10.4994 -8.877 2.4 -10.7264 -8.409
4 0 4.6 -10.7264 -8.409 4.6 -10.4994 -8.877 5 -10.3046 -9.2788 5 -10.7264 -8.409
4 0 2 -10.3046 -9.2788 5 -10.3046 -9.2788 4.6 -10.4994 -8.877 2.4 -10.4994 -8.877
4 0 6.2 -10.7264 -8.409 6.2 -10.3046 -9.2788 6.6 -10.4994 -8.877 6.6 -10.7264 -8.409
4 0 8.8 -10.7264 -8.409 8.8 -10.4994 -8.877 9.2 -10.3046 -9.2788 9.2 -10.7264 -8.409
4 0 6.2 -10.3046 -9.2788 9.2 -10.3046 -9.2788 8.8 -10.4994 -8.877 6.6 -10.4994 -8.877
3 0 10.75 -10.7264 -8.409 10.35 -10.3046 -9.2788 10.75 -10.4994 -8.877
4 0 10.75 -7.7962 -14.4516 10.75 -8.0397 -13.9494 10.35 -8.2345 -13.5476 10.35 -7.7299 -14.5882
3 0 13.35 -8.2345 -13.5476 12.95 -7.7962 -14.4516 13.35 -7.7299 -14.5882
3 0 13.35 -8.2345 -13.5476 12.95 -8.0397 -13.9494 12.95 -7.7962 -14.4516
4 0 10.75 -8.0397 -13.9494 12.95 -8.0397 -13.9494 12.95 -8.2345 -13.5476 10.35 -8.2345 -13.5476
4 0 13.35 -7.7299 -14.5882 12.95 -7.7962 -14.4516 10.75 -7.7962 -14.4516 10.35 -7.7299 -14.5882
4 0 6.65 -7.7962 -14.4516 6.65 -8.0397 -13.9494 6.25 -8.2345 -13.5476 6.25 -7.7299 -14.5882
3 0 9.25 -8.2345 -13.5476 8.85 -8.0397 -13.9494 8.85 -7.7962 -14.4516
4 0 6.65 -8.0397 -13.9494 8.85 -8.0397 -13.9494 9.25 -8.2345 -13.5476 6.25 -8.2345 -13.5476
4 0 9.25 -7.7299 -14.5882 8.85 -7.7962 -14.4516 6.65 -7.7962 -14.4516 6.25 -7.7299 -14.5882
4 0 9.05 -8.6242 -12.7441 9.05 -9.7932 -10.3335 6.45 -9.7932 -10.3335 6.45 -8.6242 -12.7441
4 0 4.85 -7.7299 -14.5882 4.85 -8.0397 -13.9494 2.25 -8.0397 -13.9494 2.25 -7.7299 -14.5882
4 0 -3.25 -8.2057 -13.6071 -4.65 -8.2057 -13.6071 -4.65 -7.7168 -14.6088 -3.25 -7.7168 -14.6088
4 0 .3 -8.2057 -13.6071 -1.1 -8.2057 -13.6071 -1.1 -7.7168 -14.6088 .3 -7.7168 -14.6088
3 0 10.35 -10.3046 -9.2788 10.75 -10.7264 -8.409 10.35 -10.7264 -8.409
4 0 -16.4803 -10.4935 -8.8892 -15.95 -10.5725 -8.7264 -15.9851 -10.7264 -8.409 -16.5385 -10.7264 -8.409
4 0 -15.6 -9.7445 -10.4339 -15.95 -10.5725 -8.7264 -16.4803 -10.4935 -8.8892 -16.1201 -9.6235 -10.6834
4 0 -14.7 -8.8921 -12.1916 -15.6 -9.7445 -10.4339 -16.1201 -9.6235 -10.6834 -15.1856 -8.7222 -12.5419
4 0 -11.637 -7.7299 -14.5882 -13.45 -8.2345 -13.5476 -13.7743 -8.0147 -14.0009 -12.6699 -7.7299 -14.5882
4 0 -13.45 -8.2345 -13.5476 -14.7 -8.8921 -12.1916 -15.1856 -8.7222 -12.5419 -13.7743 -8.0147 -14.0009
3 0 9.25 -7.7299 -14.5882 9.25 -8.2345 -13.5476 8.85 -7.7962 -14.4516
4 0 12.95 -10.7264 -8.409 12.95 -10.4994 -8.877 13.35 -10.3046 -9.2788 13.35 -10.7264 -8.409
4 0 10.35 -10.3046 -9.2788 12.95 -10.3046 -9.2788 12.95 -10.4994 -8.877 10.75 -10.4994 -8.877
3 0 12.95 -10.4994 -8.877 12.95 -10.3046 -9.2788 13.35 -10.3046 -9.2788
4 0 13.35 -9.7932 -10.3335 13.35 -10.3046 -9.2788 12.95 -10.3046 -9.2788 12.95 -9.7932 -10.3335
4 0 12.95 -8.6242 -12.7441 12.95 -9.7932 -10.3335 10.55 -9.7932 -10.3335 10.55 -8.6242 -12.7441
4 0 13.35 -8.6242 -12.7441 13.35 -9.7932 -10.3335 12.95 -9.7932 -10.3335 12.95 -8.6242 -12.7441
4 0 13.35 -8.2345 -13.5476 13.35 -8.6242 -12.7441 12.95 -8.6242 -12.7441 12.95 -8.2345 -13.5476
3 0 13.35 -8.2345 -13.5476 12.95 -8.2345 -13.5476 12.95 -8.0397 -13.9494
3 0 2 -10.0123 -9.8815 2.4 -9.3791 -11.1872 2.4 -9.574 -10.7854
3 0 5 -10.0123 -9.8815 4.6 -9.574 -10.7854 4.6 -9.3791 -11.1872
4 15 8.85 -7.7962 -14.4516 8.85 -8.0397 -13.9494 6.65 -8.0397 -13.9494 6.65 -7.7962 -14.4516
3 71 13.35 -10.3046 -9.2788 17.5 -10.7264 -8.409 13.35 -10.7264 -8.409
3 71 17.5 -10.7264 -8.409 13.35 -10.3046 -9.2788 13.35 -9.7932 -10.3335
3 71 17.5 -10.7264 -8.409 13.35 -9.7932 -10.3335 13.35 -8.6242 -12.7441
4 71 17.5 -10.7264 -8.409 13.35 -8.6242 -12.7441 13.35 -8.2345 -13.5476 17.5 -7.7299 -14.5882
3 71 -17.5 -7.7299 -14.5882 -16.5385 -10.7264 -8.409 -17.5 -10.7309 -8.4097
3 71 -16.4803 -10.4935 -8.8892 -16.5385 -10.7264 -8.409 -17.5 -7.7299 -14.5882
3 71 -17.5 -7.7299 -14.5882 -16.1201 -9.6235 -10.6834 -16.4803 -10.4935 -8.8892
3 71 -15.1856 -8.7222 -12.5419 -16.1201 -9.6235 -10.6834 -17.5 -7.7299 -14.5882
3 71 -17.5 -7.7299 -14.5882 -13.7743 -8.0147 -14.0009 -15.1856 -8.7222 -12.5419
3 71 -13.7743 -8.0147 -14.0009 -17.5 -7.7299 -14.5882 -12.6699 -7.7299 -14.5882
3 71 13.35 -8.2345 -13.5476 13.35 -7.7299 -14.5882 17.5 -7.7299 -14.5882
4 72 4.6 -9.574 -10.7854 4.6 -9.8175 -10.2832 2.4 -9.8175 -10.2832 2.4 -9.574 -10.7854
4 72 10.75 -10.4994 -8.877 12.95 -10.4994 -8.877 12.95 -10.7264 -8.409 10.75 -10.7264 -8.409
4 72 12.95 -7.7962 -14.4516 12.95 -8.0397 -13.9494 10.75 -8.0397 -13.9494 10.75 -7.7962 -14.4516
4 72 -15.9851 -10.7264 -8.409 -14.682 -10.5725 -8.7264 -13.2131 -10.5725 -8.7264 -12.9289 -10.7264 -8.409
3 72 -12.9289 -10.7264 -8.409 -13.2131 -10.5725 -8.7264 -13.0783 -10.1107 -9.6786
3 72 -15.95 -10.5725 -8.7264 -14.682 -10.5725 -8.7264 -15.9851 -10.7264 -8.409
4 72 -15.95 -10.5725 -8.7264 -15.6 -9.7445 -10.4339 -14.519 -10.014 -9.8781 -14.682 -10.5725 -8.7264
4 72 -14.7 -8.8921 -12.1916 -14.0364 -9.477 -10.9853 -14.519 -10.014 -9.8781 -15.6 -9.7445 -10.4339
4 72 -13.45 -8.2345 -13.5476 -13.2525 -8.9821 -12.0059 -14.0364 -9.477 -10.9853 -14.7 -8.8921 -12.1916
3 72 -13.2525 -8.9821 -12.0059 -13.45 -8.2345 -13.5476 -12.1977 -8.5483 -12.9004
4 72 -10.9124 -8.1923 -13.6346 -12.1977 -8.5483 -12.9004 -13.45 -8.2345 -13.5476 -11.637 -7.7299 -14.5882
3 72 -9.4459 -7.9279 -14.18 -10.9124 -8.1923 -13.6346 -11.637 -7.7299 -14.5882
4 72 -4.65 -8.2057 -13.6071 -4.9 -8.2057 -13.6071 -4.9 -7.7168 -14.6088 -4.65 -7.7168 -14.6088
4 72 -2.75 -8.2057 -13.6071 -3.25 -8.2057 -13.6071 -3.25 -7.7168 -14.6088 -2.75 -7.7168 -14.6088
4 72 -1.1 -8.2057 -13.6071 -1.35 -8.2057 -13.6071 -1.35 -7.7168 -14.6088 -1.1 -7.7168 -14.6088
4 72 2.25 -8.0397 -13.9494 .3 -8.2057 -13.6071 .3 -7.7168 -14.6088 2.25 -7.7299 -14.5882
4 72 4.85 -8.0397 -13.9494 2 -8.2589 -13.4974 .3 -8.2057 -13.6071 2.25 -8.0397 -13.9494
3 72 2 -10.0123 -9.8815 2 -10.7264 -8.409 .3 -8.2057 -13.6071
3 72 .3 -8.2057 -13.6071 2 -8.2589 -13.4974 2 -10.0123 -9.8815
4 72 5 -10.7264 -8.409 5 -10.3046 -9.2788 6.2 -10.3046 -9.2788 6.2 -10.7264 -8.409
4 72 2 -10.3046 -9.2788 2 -10.0123 -9.8815 5 -10.0123 -9.8815 5 -10.3046 -9.2788
4 72 5 -10.3046 -9.2788 5 -10.0123 -9.8815 6.45 -9.7932 -10.3335 6.2 -10.3046 -9.2788
4 72 5 -10.0123 -9.8815 5 -8.2589 -13.4974 6.45 -8.6242 -12.7441 6.45 -9.7932 -10.3335
4 72 4.85 -8.0397 -13.9494 6.25 -8.2345 -13.5476 6.45 -8.6242 -12.7441 5 -8.2589 -13.4974
4 72 6.25 -8.2345 -13.5476 4.85 -8.0397 -13.9494 4.85 -7.7299 -14.5882 6.25 -7.7299 -14.5882
3 72 5 -8.2589 -13.4974 2 -8.2589 -13.4974 4.85 -8.0397 -13.9494
4 72 6.25 -8.2345 -13.5476 9.25 -8.2345 -13.5476 9.05 -8.6242 -12.7441 6.45 -8.6242 -12.7441
4 72 10.35 -8.2345 -13.5476 10.55 -8.6242 -12.7441 9.05 -8.6242 -12.7441 9.25 -8.2345 -13.5476
4 72 10.35 -8.2345 -13.5476 12.95 -8.2345 -13.5476 12.95 -8.6242 -12.7441 10.55 -8.6242 -12.7441
4 72 10.35 -8.2345 -13.5476 9.25 -8.2345 -13.5476 9.25 -7.7299 -14.5882 10.35 -7.7299 -14.5882
4 72 6.45 -9.7932 -10.3335 9.05 -9.7932 -10.3335 9.2 -10.3046 -9.2788 6.2 -10.3046 -9.2788
4 72 9.2 -10.3046 -9.2788 9.05 -9.7932 -10.3335 10.55 -9.7932 -10.3335 10.35 -10.3046 -9.2788
4 72 10.35 -10.3046 -9.2788 10.55 -9.7932 -10.3335 12.95 -9.7932 -10.3335 12.95 -10.3046 -9.2788
4 72 9.05 -9.7932 -10.3335 9.05 -8.6242 -12.7441 10.55 -8.6242 -12.7441 10.55 -9.7932 -10.3335
4 72 9.2 -10.7264 -8.409 9.2 -10.3046 -9.2788 10.35 -10.3046 -9.2788 10.35 -10.7264 -8.409
4 72 -12.9289 -10.7264 -8.409 -13.0783 -10.1107 -9.6786 -12.6792 -9.6668 -10.5941 2 -10.7264 -8.409
4 72 2 -10.7264 -8.409 -12.6792 -9.6668 -10.5941 -12.0312 -9.2576 -11.4379 -11.159 -8.8989 -12.1776
4 72 2 -10.7264 -8.409 -11.159 -8.8989 -12.1776 -10.0963 -8.6046 -12.7845 -8.8838 -8.3859 -13.2355
4 72 2 -10.7264 -8.409 -8.8838 -8.3859 -13.2355 -7.5682 -8.2512 -13.5132 -6.2 -8.2057 -13.6071
3 72 2 -10.7264 -8.409 -6.2 -8.2057 -13.6071 -4.9 -8.2057 -13.6071
3 72 2 -10.7264 -8.409 -4.9 -8.2057 -13.6071 -4.65 -8.2057 -13.6071
3 72 2 -10.7264 -8.409 -4.65 -8.2057 -13.6071 -3.25 -8.2057 -13.6071
3 72 2 -10.7264 -8.409 -3.25 -8.2057 -13.6071 -2.75 -8.2057 -13.6071
3 72 2 -10.7264 -8.409 -2.75 -8.2057 -13.6071 -1.35 -8.2057 -13.6071
3 72 2 -10.7264 -8.409 -1.35 -8.2057 -13.6071 -1.1 -8.2057 -13.6071
3 72 2 -10.7264 -8.409 -1.1 -8.2057 -13.6071 .3 -8.2057 -13.6071
4 320 4.6 -8.4537 -13.0956 4.6 -9.3791 -11.1872 2.4 -9.3791 -11.1872 2.4 -8.4537 -13.0956
4 320 2.4 -10.4994 -8.877 4.6 -10.4994 -8.877 4.6 -10.7264 -8.409 2.4 -10.7264 -8.409
4 320 6.6 -10.4994 -8.877 8.8 -10.4994 -8.877 8.8 -10.7264 -8.409 6.6 -10.7264 -8.409
4 320 -14.519 -10.014 -9.8781 -13.0783 -10.1107 -9.6786 -13.2131 -10.5725 -8.7264 -14.682 -10.5725 -8.7264
4 320 -14.0364 -9.477 -10.9853 -12.6792 -9.6668 -10.5941 -13.0783 -10.1107 -9.6786 -14.519 -10.014 -9.8781
4 320 -13.2525 -8.9821 -12.0059 -12.0312 -9.2576 -11.4379 -12.6792 -9.6668 -10.5941 -14.0364 -9.477 -10.9853
4 320 -12.1977 -8.5483 -12.9004 -11.159 -8.8989 -12.1776 -12.0312 -9.2576 -11.4379 -13.2525 -8.9821 -12.0059
4 320 -11.159 -8.8989 -12.1776 -12.1977 -8.5483 -12.9004 -10.9124 -8.1923 -13.6346 -10.0963 -8.6046 -12.7845
4 320 -9.4459 -7.9279 -14.18 -8.8838 -8.3859 -13.2355 -10.0963 -8.6046 -12.7845 -10.9124 -8.1923 -13.6346
4 320 -7.8548 -7.7649 -14.516 -7.5682 -8.2512 -13.5132 -8.8838 -8.3859 -13.2355 -9.4459 -7.9279 -14.18
4 320 -6.2 -8.2057 -13.6071 -7.5682 -8.2512 -13.5132 -7.8548 -7.7649 -14.516 -6.8009 -7.7299 -14.5882
3 320 -6.8009 -7.7299 -14.5882 -6.2 -7.7168 -14.6088 -6.2 -8.2057 -13.6071
4 320 -1.35 -8.2057 -13.6071 -2.75 -8.2057 -13.6071 -2.75 -7.7168 -14.6088 -1.35 -7.7168 -14.6088
4 320 -4.9 -8.2057 -13.6071 -6.2 -8.2057 -13.6071 -6.2 -7.7168 -14.6088 -4.9 -7.7168 -14.6088
4 0 4.525 -12.8431 -2.499 5 -12.7172 -2.8505 5 -13.1137 -1.7437 4.525 -13.1137 -1.7437
3 0 4.525 -12.8431 -2.499 4.4509 -12.7163 -2.853 5 -12.7172 -2.8505
4 0 6.45 -12.7172 -2.8505 6.9 -12.7172 -2.8505 6.9 -13.1137 -1.7437 6.45 -13.1137 -1.7437
3 0 2.9488 -13.0774 -1.8449 3.0996 -13.1137 -1.7437 2.5714 -13.1137 -1.7437
3 0 2.5714 -13.1137 -1.7437 2.5 -13.077 -1.8461 2.7491 -12.9699 -2.145
3 0 2.7491 -12.9699 -2.145 2.9488 -13.0774 -1.8449 2.5714 -13.1137 -1.7437
4 0 2.679 -12.8431 -2.499 2.7491 -12.9699 -2.145 2.5 -13.077 -1.8461 2.4 -12.8611 -2.4488
4 0 2.7491 -12.7163 -2.853 2.679 -12.8431 -2.499 2.4 -12.8611 -2.4488 2.4 -12.5913 -3.2021
3 0 2.7491 -12.7163 -2.853 2.4 -12.5913 -3.2021 2.9488 -12.6088 -3.1532
4 0 2.55 -12.3395 -3.9052 3.2476 -12.537 -3.3536 2.9488 -12.6088 -3.1532 2.4 -12.5913 -3.2021
4 0 4.4509 -12.7163 -2.853 4.2513 -12.6088 -3.1532 6.45 -12.7172 -2.8505 5 -12.7172 -2.8505
3 0 2.4 -11.2423 -6.9687 2 -10.7264 -8.409 2.4 -10.7264 -8.409
3 0 4.6 -11.2423 -6.9687 4.6 -10.7264 -8.409 5 -10.7264 -8.409
4 0 2.4 -11.3862 -6.5669 2.4 -11.2423 -6.9687 4.6 -11.2423 -6.9687 4.6 -11.3862 -6.5669
3 0 6.6 -11.2423 -6.9687 6.2 -10.7264 -8.409 6.6 -10.7264 -8.409
3 0 8.8 -11.2423 -6.9687 8.8 -10.7264 -8.409 9.2 -10.7264 -8.409
4 0 8.8 -11.2423 -6.9687 8.8 -11.3862 -6.5669 6.6 -11.3862 -6.5669 6.6 -11.2423 -6.9687
4 0 12.95 -11.2423 -6.9687 12.95 -11.3862 -6.5669 10.75 -11.3862 -6.5669 10.75 -11.2423 -6.9687
4 0 -13.2131 -10.7746 -8.2744 -13.2131 -11.2782 -6.8682 -14.682 -11.2782 -6.8682 -14.682 -10.7746 -8.2744
4 0 .3 -10.7746 -8.2744 .3 -11.2782 -6.8682 -12.9131 -11.2782 -6.8682 -12.9131 -10.7746 -8.2744
3 0 13.35 -11.7819 -5.462 12.95 -11.566 -6.0647 12.95 -11.3862 -6.5669
4 0 9.2 -11.566 -6.0647 8.8 -11.3862 -6.5669 8.8 -11.2423 -6.9687 9.2 -10.7264 -8.409
3 0 9.2 -11.566 -6.0647 8.8 -11.566 -6.0647 8.8 -11.3862 -6.5669
4 0 10.75 -11.2423 -6.9687 10.75 -11.3862 -6.5669 10.35 -11.566 -6.0647 10.35 -10.7264 -8.409
3 0 10.35 -10.7264 -8.409 10.75 -10.7264 -8.409 10.75 -11.2423 -6.9687
4 0 10.75 -11.3862 -6.5669 10.75 -11.566 -6.0647 10.05 -11.7819 -5.462 10.35 -11.566 -6.0647
4 0 5 -11.566 -6.0647 4.6 -11.3862 -6.5669 4.6 -11.2423 -6.9687 5 -10.7264 -8.409
4 0 4.6 -11.3862 -6.5669 5 -11.566 -6.0647 5.05 -11.7819 -5.462 4.6 -11.566 -6.0647
4 0 6.6 -11.2423 -6.9687 6.6 -11.3862 -6.5669 6.2 -11.566 -6.0647 6.2 -10.7264 -8.409
3 0 6.6 -11.566 -6.0647 6.2 -11.566 -6.0647 6.6 -11.3862 -6.5669
4 0 2.4 -11.2423 -6.9687 2.4 -11.3862 -6.5669 2 -11.566 -6.0647 2 -10.7264 -8.409
3 0 2.4 -11.566 -6.0647 2 -11.566 -6.0647 2.4 -11.3862 -6.5669
4 0 -16.15 -11.566 -6.0647 -16.7 -11.7819 -5.462 -16.7 -11.204 -7.0755 -16.15 -11.2603 -6.9184
4 0 -15.9851 -10.7264 -8.409 -16.15 -11.2603 -6.9184 -16.7 -11.204 -7.0755 -16.5385 -10.7264 -8.409
4 0 -16.15 -11.566 -6.0647 2 -11.566 -6.0647 0 -11.7819 -5.462 -16.7 -11.7819 -5.462
4 0 2 -11.566 -6.0647 2.4 -11.566 -6.0647 5.05 -11.7819 -5.462 0 -11.7819 -5.462
3 0 5.05 -11.7819 -5.462 2.4 -11.566 -6.0647 4.6 -11.566 -6.0647
3 0 5.05 -11.7819 -5.462 5 -11.566 -6.0647 6.2 -11.566 -6.0647
4 0 6.2 -11.566 -6.0647 6.6 -11.566 -6.0647 10.05 -11.7819 -5.462 5.05 -11.7819 -5.462
3 0 10.05 -11.7819 -5.462 6.6 -11.566 -6.0647 8.8 -11.566 -6.0647
3 0 10.05 -11.7819 -5.462 8.8 -11.566 -6.0647 9.2 -11.566 -6.0647
3 0 10.05 -11.7819 -5.462 9.2 -11.566 -6.0647 10.35 -11.566 -6.0647
4 0 12.95 -11.566 -6.0647 13.35 -11.7819 -5.462 10.05 -11.7819 -5.462 10.75 -11.566 -6.0647
4 0 13.35 -11.7819 -5.462 12.95 -11.3862 -6.5669 12.95 -11.2423 -6.9687 13.35 -10.7264 -8.409
3 0 12.95 -11.2423 -6.9687 12.95 -10.7264 -8.409 13.35 -10.7264 -8.409
4 0 -17.5 -12.1596 -4.4074 -17.5 -12.0877 -4.6083 0 -12.0877 -4.6083 0 -12.1596 -4.4074
4 0 1.45 -12.6273 -3.1016 1.95 -12.4474 -3.6038 2.4 -12.5913 -3.2021 1.8 -12.7172 -2.8505
3 0 2.4 -12.5913 -3.2021 1.95 -12.4474 -3.6038 2.55 -12.3395 -3.9052
4 0 3.6 -12.5118 -3.4241 3.2476 -12.537 -3.3536 2.55 -12.3395 -3.9052 3.3 -12.3215 -3.9554
4 0 3.3 -12.3215 -3.9554 3.9 -12.3395 -3.9052 3.9525 -12.537 -3.3536 3.6 -12.5118 -3.4241
4 0 3.9 -12.3395 -3.9052 4.35 -12.4294 -3.6541 4.2513 -12.6088 -3.1532 3.9525 -12.537 -3.3536
3 0 4.2513 -12.6088 -3.1532 4.35 -12.4294 -3.6541 4.65 -12.5553 -3.3025
4 0 4.2513 -12.6088 -3.1532 4.65 -12.5553 -3.3025 6.9 -12.7172 -2.8505 6.45 -12.7172 -2.8505
4 0 10.1 -13.1137 -1.7437 10.1 -12.7172 -2.8505 10.575 -12.8431 -2.499 10.575 -13.1137 -1.7437
3 0 10.575 -12.8431 -2.499 10.1 -12.7172 -2.8505 10.6491 -12.7163 -2.853
4 0 8.2 -13.1137 -1.7437 8.2 -12.7172 -2.8505 8.65 -12.7172 -2.8505 8.65 -13.1137 -1.7437
3 0 12.1513 -13.0774 -1.8449 12.5286 -13.1137 -1.7437 12.0005 -13.1137 -1.7437
3 0 12.5286 -13.1137 -1.7437 12.1513 -13.0774 -1.8449 12.3509 -12.9699 -2.145
3 0 12.3509 -12.9699 -2.145 12.6 -13.077 -1.8461 12.5286 -13.1137 -1.7437
4 0 12.421 -12.8431 -2.499 12.7 -12.8611 -2.4488 12.6 -13.077 -1.8461 12.3509 -12.9699 -2.145
4 0 12.3509 -12.7163 -2.853 12.7 -12.5913 -3.2021 12.7 -12.8611 -2.4488 12.421 -12.8431 -2.499
3 0 12.3509 -12.7163 -2.853 12.1513 -12.6088 -3.1532 12.7 -12.5913 -3.2021
4 0 12.1513 -12.6088 -3.1532 11.8525 -12.537 -3.3536 12.55 -12.3395 -3.9052 12.7 -12.5913 -3.2021
4 0 8.65 -12.7172 -2.8505 10.8488 -12.6088 -3.1532 10.6491 -12.7163 -2.853 10.1 -12.7172 -2.8505
4 0 13.65 -12.6273 -3.1016 13.3 -12.7172 -2.8505 12.7 -12.5913 -3.2021 13.15 -12.4474 -3.6038
3 0 12.7 -12.5913 -3.2021 12.55 -12.3395 -3.9052 13.15 -12.4474 -3.6038
4 0 11.5 -12.5118 -3.4241 11.8 -12.3215 -3.9554 12.55 -12.3395 -3.9052 11.8525 -12.537 -3.3536
4 0 11.1476 -12.537 -3.3536 11.2 -12.3395 -3.9052 11.8 -12.3215 -3.9554 11.5 -12.5118 -3.4241
4 0 10.8488 -12.6088 -3.1532 10.75 -12.4294 -3.6541 11.2 -12.3395 -3.9052 11.1476 -12.537 -3.3536
3 0 10.8488 -12.6088 -3.1532 10.45 -12.5553 -3.3025 10.75 -12.4294 -3.6541
4 0 10.8488 -12.6088 -3.1532 8.65 -12.7172 -2.8505 8.2 -12.7172 -2.8505 10.45 -12.5553 -3.3025
4 0 10.45 -12.5553 -3.3025 8.2 -12.7172 -2.8505 6.9 -12.7172 -2.8505 4.65 -12.5553 -3.3025
4 0 13.5352 -13.1137 -1.7437 13.85 -12.7712 -2.6999 17.5 -12.7712 -2.6999 17.5 -13.1163 -1.7442
3 0 1.5648 -13.1137 -1.7437 1.25 -12.7712 -2.6999 1.55 -13.023 -1.9968
4 0 1.45 -12.6273 -3.1016 1.8 -12.7172 -2.8505 1.55 -13.023 -1.9968 1.25 -12.7712 -2.6999
3 0 13.5352 -13.1137 -1.7437 13.55 -13.023 -1.9968 13.85 -12.7712 -2.6999
4 0 13.55 -13.023 -1.9968 13.3 -12.7172 -2.8505 13.65 -12.6273 -3.1016 13.85 -12.7712 -2.6999
4 0 -17.5 -12.7712 -2.6999 1.25 -12.7712 -2.6999 1.5648 -13.1137 -1.7437 -17.5 -13.1137 -1.7437
4 0 0 -12.1596 -4.4074 0 -12.0877 -4.6083 9 -12.0877 -4.6083 9 -12.1596 -4.4074
4 0 9 -12.1596 -4.4074 9 -12.0877 -4.6083 17.5 -12.0877 -4.6083 17.5 -12.1596 -4.4074
4 15 2.4 -12.5913 -3.2021 2.4 -12.8611 -2.4488 1.55 -13.023 -1.9968 1.8 -12.7172 -2.8505
3 15 1.5648 -13.1137 -1.7437 1.55 -13.023 -1.9968 2.4 -12.8611 -2.4488
3 15 2.4 -12.8611 -2.4488 2.5 -13.077 -1.8461 1.5648 -13.1137 -1.7437
3 15 2.5 -13.077 -1.8461 2.5714 -13.1137 -1.7437 1.5648 -13.1137 -1.7437
3 15 5 -12.7172 -2.8505 6.45 -13.1137 -1.7437 5 -13.1137 -1.7437
3 15 6.45 -13.1137 -1.7437 5 -12.7172 -2.8505 6.45 -12.7172 -2.8505
4 15 12.7 -12.5913 -3.2021 13.3 -12.7172 -2.8505 13.55 -13.023 -1.9968 12.7 -12.8611 -2.4488
3 15 13.5352 -13.1137 -1.7437 12.6 -13.077 -1.8461 12.7 -12.8611 -2.4488
3 15 12.7 -12.8611 -2.4488 13.55 -13.023 -1.9968 13.5352 -13.1137 -1.7437
3 15 12.6 -13.077 -1.8461 13.5352 -13.1137 -1.7437 12.5286 -13.1137 -1.7437
3 15 10.1 -12.7172 -2.8505 10.1 -13.1137 -1.7437 8.65 -13.1137 -1.7437
3 15 8.65 -13.1137 -1.7437 8.65 -12.7172 -2.8505 10.1 -12.7172 -2.8505
4 15 6.9 -13.1137 -1.7437 6.9 -12.7172 -2.8505 8.2 -12.7172 -2.8505 8.2 -13.1137 -1.7437
4 15 3.6 -12.5118 -3.4241 3.9525 -12.537 -3.3536 4.2513 -12.6088 -3.1532 3.2476 -12.537 -3.3536
4 15 3.2476 -12.537 -3.3536 4.2513 -12.6088 -3.1532 2.7491 -12.7163 -2.853 2.9488 -12.6088 -3.1532
4 15 4.2513 -12.6088 -3.1532 4.4509 -12.7163 -2.853 4.525 -12.8431 -2.499 2.7491 -12.7163 -2.853
4 15 2.7491 -12.7163 -2.853 4.525 -12.8431 -2.499 2.7491 -12.9699 -2.145 2.679 -12.8431 -2.499
4 15 3.0996 -13.1137 -1.7437 2.9488 -13.0774 -1.8449 2.7491 -12.9699 -2.145 4.525 -12.8431 -2.499
3 15 4.525 -12.8431 -2.499 4.525 -13.1137 -1.7437 3.0996 -13.1137 -1.7437
4 15 11.5 -12.5118 -3.4241 11.8525 -12.537 -3.3536 12.1513 -12.6088 -3.1532 11.1476 -12.537 -3.3536
4 15 10.6491 -12.7163 -2.853 10.8488 -12.6088 -3.1532 11.1476 -12.537 -3.3536 12.1513 -12.6088 -3.1532
4 15 12.1513 -12.6088 -3.1532 12.3509 -12.7163 -2.853 12.421 -12.8431 -2.499 10.6491 -12.7163 -2.853
4 15 12.421 -12.8431 -2.499 12.3509 -12.9699 -2.145 10.575 -12.8431 -2.499 10.6491 -12.7163 -2.853
3 15 12.1513 -13.0774 -1.8449 12.0005 -13.1137 -1.7437 10.575 -12.8431 -2.499
3 15 10.575 -12.8431 -2.499 12.3509 -12.9699 -2.145 12.1513 -13.0774 -1.8449
3 15 10.575 -12.8431 -2.499 12.0005 -13.1137 -1.7437 10.575 -13.1137 -1.7437
4 71 -17.5 -12.1596 -4.4074 0 -12.1596 -4.4074 1.25 -12.7712 -2.6999 -17.5 -12.7712 -2.6999
3 71 1.25 -12.7712 -2.6999 0 -12.1596 -4.4074 1.45 -12.6273 -3.1016
3 71 1.45 -12.6273 -3.1016 0 -12.1596 -4.4074 1.95 -12.4474 -3.6038
3 71 1.95 -12.4474 -3.6038 0 -12.1596 -4.4074 2.55 -12.3395 -3.9052
4 71 4.65 -12.5553 -3.3025 4.35 -12.4294 -3.6541 10.75 -12.4294 -3.6541 10.45 -12.5553 -3.3025
4 71 4.35 -12.4294 -3.6541 3.9 -12.3395 -3.9052 11.2 -12.3395 -3.9052 10.75 -12.4294 -3.6541
4 71 13.85 -12.7712 -2.6999 13.65 -12.6273 -3.1016 17.5 -12.1596 -4.4074 17.5 -12.7712 -2.6999
3 71 13.65 -12.6273 -3.1016 13.15 -12.4474 -3.6038 17.5 -12.1596 -4.4074
3 71 13.15 -12.4474 -3.6038 12.55 -12.3395 -3.9052 17.5 -12.1596 -4.4074
4 71 9 -12.1596 -4.4074 3.3 -12.3215 -3.9554 2.55 -12.3395 -3.9052 0 -12.1596 -4.4074
4 71 3.3 -12.3215 -3.9554 9 -12.1596 -4.4074 11.2 -12.3395 -3.9052 3.9 -12.3395 -3.9052
3 71 11.2 -12.3395 -3.9052 9 -12.1596 -4.4074 11.8 -12.3215 -3.9554
4 71 9 -12.1596 -4.4074 17.5 -12.1596 -4.4074 12.55 -12.3395 -3.9052 11.8 -12.3215 -3.9554
4 71 0 -11.7819 -5.462 0 -12.0877 -4.6083 -17.5 -12.0877 -4.6083 -16.7 -11.7819 -5.462
4 71 0 -11.7819 -5.462 5.05 -11.7819 -5.462 9 -12.0877 -4.6083 0 -12.0877 -4.6083
3 71 9 -12.0877 -4.6083 5.05 -11.7819 -5.462 10.05 -11.7819 -5.462
4 71 10.05 -11.7819 -5.462 13.35 -11.7819 -5.462 17.5 -12.0877 -4.6083 9 -12.0877 -4.6083
4 71 17.5 -10.7264 -8.409 17.5 -12.0877 -4.6083 13.35 -11.7819 -5.462 13.35 -10.7264 -8.409
4 71 -16.7 -11.204 -7.0755 -16.7 -11.7819 -5.462 -17.5 -12.0877 -4.6083 -17.5 -10.7309 -8.4097
3 71 -17.5 -10.7309 -8.4097 -16.5385 -10.7264 -8.409 -16.7 -11.204 -7.0755
4 72 4.6 -11.3862 -6.5669 4.6 -11.566 -6.0647 2.4 -11.566 -6.0647 2.4 -11.3862 -6.5669
4 72 8.8 -11.3862 -6.5669 8.8 -11.566 -6.0647 6.6 -11.566 -6.0647 6.6 -11.3862 -6.5669
4 72 12.95 -10.7264 -8.409 12.95 -11.2423 -6.9687 10.75 -11.2423 -6.9687 10.75 -10.7264 -8.409
4 72 12.95 -11.3862 -6.5669 12.95 -11.566 -6.0647 10.75 -11.566 -6.0647 10.75 -11.3862 -6.5669
4 72 -14.682 -10.7746 -8.2744 -14.682 -11.2782 -6.8682 -16.15 -11.566 -6.0647 -16.15 -11.2603 -6.9184
4 72 -13.2131 -11.2782 -6.8682 -13.2131 -10.7746 -8.2744 -12.9131 -10.7746 -8.2744 -12.9131 -11.2782 -6.8682
4 72 -13.2131 -10.7746 -8.2744 -14.682 -10.7746 -8.2744 -15.9851 -10.7264 -8.409 -12.9289 -10.7264 -8.409
3 72 -12.9131 -10.7746 -8.2744 -13.2131 -10.7746 -8.2744 -12.9289 -10.7264 -8.409
3 72 -15.9851 -10.7264 -8.409 -14.682 -10.7746 -8.2744 -16.15 -11.2603 -6.9184
3 72 .3 -11.2782 -6.8682 .3 -10.7746 -8.2744 2 -10.7264 -8.409
3 72 2 -10.7264 -8.409 2 -11.566 -6.0647 .3 -11.2782 -6.8682
4 72 6.2 -11.566 -6.0647 5 -11.566 -6.0647 5 -10.7264 -8.409 6.2 -10.7264 -8.409
4 72 10.35 -11.566 -6.0647 9.2 -11.566 -6.0647 9.2 -10.7264 -8.409 10.35 -10.7264 -8.409
4 72 .3 -10.7746 -8.2744 -12.9131 -10.7746 -8.2744 -12.9289 -10.7264 -8.409 2 -10.7264 -8.409
3 72 -16.15 -11.566 -6.0647 -14.682 -11.2782 -6.8682 -13.2131 -11.2782 -6.8682
3 72 -16.15 -11.566 -6.0647 -13.2131 -11.2782 -6.8682 -12.9131 -11.2782 -6.8682
4 72 -12.9131 -11.2782 -6.8682 .3 -11.2782 -6.8682 2 -11.566 -6.0647 -16.15 -11.566 -6.0647
4 320 4.6 -10.7264 -8.409 4.6 -11.2423 -6.9687 2.4 -11.2423 -6.9687 2.4 -10.7264 -8.409
4 320 8.8 -10.7264 -8.409 8.8 -11.2423 -6.9687 6.6 -11.2423 -6.9687 6.6 -10.7264 -8.409
4 0 5 -13.1137 -1.7437 5 -13.1502 -1.595 4.525 -13.1502 -1.595 4.525 -13.1137 -1.7437
4 0 6.9 -13.1137 -1.7437 6.9 -13.1502 -1.595 6.45 -13.1502 -1.595 6.45 -13.1137 -1.7437
4 0 3.7 -13.212 -1.3439 5.7 -13.212 -1.3439 5.4 -13.3232 -.8919 4.15 -13.3232 -.8919
4 0 3.2476 -13.1381 -1.6443 3.7 -13.212 -1.3439 4.15 -13.3232 -.8919 3.35 -13.2861 -1.0426
4 0 3.2476 -13.1381 -1.6443 3.35 -13.2861 -1.0426 2.85 -13.212 -1.3439 2.5714 -13.1137 -1.7437
3 0 2.5714 -13.1137 -1.7437 3.0996 -13.1137 -1.7437 3.2476 -13.1381 -1.6443
4 0 1.6 -13.2614 -1.143 2 -13.4097 -.5404 2 -13.6073 .2632 1.6 -13.5085 -.1386
4 0 2 -13.4097 -.5404 2.6 -13.5085 -.1386 2.7 -13.6814 .5645 2 -13.6073 .2632
4 0 2.6 -13.5085 -.1386 3.35 -13.5208 -.0884 4.7 -13.6814 .5645 2.7 -13.6814 .5645
4 0 5.35 -13.6197 .3134 4.7 -13.6814 .5645 3.35 -13.5208 -.0884 5.15 -13.5208 -.0884
4 0 5.35 -13.8791 1.368 4.7 -13.6814 .5645 5.35 -13.6197 .3134 5.45 -13.7185 .7152
4 0 -14.9 -14.0891 2.2218 -13.6 -14.0891 2.2218 -13.7 -14.262 2.9249 -14.8 -14.262 2.9249
4 0 -13.95 -13.6691 .5143 -13.95 -13.8297 1.1671 -14.55 -13.8297 1.1671 -14.55 -13.6691 .5143
4 0 -15.05 -13.8544 1.2676 -15.1 -13.6938 .6147 -14.55 -13.6691 .5143 -14.55 -13.8297 1.1671
4 0 -15.1 -13.6938 .6147 -15.05 -13.8544 1.2676 -15.4 -13.8914 1.4182 -15.6 -13.7679 .916
4 0 -15.6 -13.7679 .916 -15.4 -13.8914 1.4182 -15.9 -14.0397 2.0209 -15.85 -13.9038 1.4685
4 0 -15.4 -13.8914 1.4182 -15.4 -14.0273 1.9707 -15.75 -14.1508 2.4729 -15.9 -14.0397 2.0209
4 0 -15.4 -14.0273 1.9707 -14.9 -14.0891 2.2218 -15.45 -14.2373 2.8244 -15.75 -14.1508 2.4729
4 0 -14.9 -14.0891 2.2218 -14.8 -14.262 2.9249 -15.25 -14.3609 3.3266 -15.45 -14.2373 2.8244
4 0 -14.8 -14.262 2.9249 -14.8 -14.3979 3.4773 -15.05 -14.5091 3.9293 -15.25 -14.3609 3.3266
4 0 -15.05 -14.5091 3.9293 -14.8 -14.3979 3.4773 -14.55 -14.6203 4.3813 -14.85 -14.5832 4.2306
4 0 -13.25 -14.3609 3.3266 -13.45 -14.5091 3.9293 -13.65 -14.5832 4.2306 -13.7 -14.3979 3.4773
4 0 -13.05 -14.2373 2.8244 -13.25 -14.3609 3.3266 -13.7 -14.3979 3.4773 -13.7 -14.262 2.9249
4 0 -12.75 -14.1508 2.4729 -13.05 -14.2373 2.8244 -13.7 -14.262 2.9249 -13.6 -14.0891 2.2218
4 0 -12.6 -14.0397 2.0209 -12.75 -14.1508 2.4729 -13.6 -14.0891 2.2218 -13.1 -14.0273 1.9707
4 0 -12.65 -13.9038 1.4685 -12.6 -14.0397 2.0209 -13.1 -14.0273 1.9707 -13.1 -13.8914 1.4182
4 0 -13.45 -13.8544 1.2676 -12.9 -13.7679 .916 -12.65 -13.9038 1.4685 -13.1 -13.8914 1.4182
4 0 -13.95 -13.8297 1.1671 -13.4 -13.6938 .6147 -12.9 -13.7679 .916 -13.45 -13.8544 1.2676
3 0 -13.95 -13.8297 1.1671 -13.95 -13.6691 .5143 -13.4 -13.6938 .6147
3 0 -14.55 -14.6203 4.3813 -14.8 -14.3979 3.4773 -13.7 -14.3979 3.4773
4 0 -13.65 -14.5832 4.2306 -13.95 -14.6203 4.3813 -14.55 -14.6203 4.3813 -13.7 -14.3979 3.4773
4 0 -14.55 -14.6203 4.3813 -13.95 -14.6203 4.3813 -13.95 -14.8451 5.2953 -14.55 -14.8451 5.2953
4 0 -13.95 -13.3602 -.7413 -13.95 -13.6691 .5143 -14.55 -13.6691 .5143 -14.55 -13.3602 -.7413
4 0 -10.15 -14.3979 3.4773 -8.85 -14.3979 3.4773 -8.95 -14.5709 4.1804 -10.05 -14.5709 4.1804
4 0 -9.2 -13.9779 1.7698 -9.2 -14.1385 2.4227 -9.8 -14.1385 2.4227 -9.8 -13.9779 1.7698
4 0 -9.8 -13.9779 1.7698 -9.8 -14.1385 2.4227 -10.3 -14.1632 2.5231 -10.35 -14.0026 1.8702
4 0 -10.35 -14.0026 1.8702 -10.3 -14.1632 2.5231 -10.65 -14.2003 2.6738 -10.85 -14.0767 2.1716
4 0 -10.85 -14.0767 2.1716 -10.65 -14.2003 2.6738 -11.15 -14.3485 3.2764 -11.1 -14.2126 2.724
4 0 -10.65 -14.2003 2.6738 -10.65 -14.3362 3.2262 -11 -14.4597 3.7284 -11.15 -14.3485 3.2764
4 0 -10.65 -14.3362 3.2262 -10.15 -14.3979 3.4773 -10.7 -14.5462 4.08 -11 -14.4597 3.7284
4 0 -10.15 -14.3979 3.4773 -10.05 -14.5709 4.1804 -10.5 -14.6697 4.5822 -10.7 -14.5462 4.08
4 0 -10.05 -14.5709 4.1804 -10.05 -14.7068 4.7328 -10.3 -14.8179 5.1848 -10.5 -14.6697 4.5822
3 0 -10.2267 -14.8451 5.2953 -10.3 -14.8179 5.1848 -10.05 -14.7068 4.7328
4 0 -8.3 -14.5462 4.08 -8.5 -14.6697 4.5822 -8.95 -14.7068 4.7328 -8.95 -14.5709 4.1804
4 0 -8 -14.4597 3.7284 -8.3 -14.5462 4.08 -8.95 -14.5709 4.1804 -8.85 -14.3979 3.4773
4 0 -7.85 -14.3485 3.2764 -8 -14.4597 3.7284 -8.85 -14.3979 3.4773 -8.35 -14.3362 3.2262
4 0 -7.9 -14.2126 2.724 -7.85 -14.3485 3.2764 -8.35 -14.3362 3.2262 -8.35 -14.2003 2.6738
4 0 -8.15 -14.0767 2.1716 -8.7 -14.1632 2.5231 -9.2 -14.1385 2.4227 -8.65 -14.0026 1.8702
3 0 -9.2 -14.1385 2.4227 -9.2 -13.9779 1.7698 -8.65 -14.0026 1.8702
4 0 -9.2 -13.3602 -.7413 -9.2 -13.9779 1.7698 -9.8 -13.9779 1.7698 -9.8 -13.3602 -.7413
4 0 -5.4 -13.8297 1.1671 -4.1 -13.8297 1.1671 -4.2 -14.0026 1.8702 -5.3 -14.0026 1.8702
4 0 -4.45 -13.4097 -.5404 -4.45 -13.5702 .1125 -5.05 -13.5702 .1125 -5.05 -13.4097 -.5404
4 0 -5.05 -13.4097 -.5404 -5.05 -13.5702 .1125 -5.55 -13.595 .2129 -5.6 -13.4344 -.4399
4 0 -5.6 -13.4344 -.4399 -5.55 -13.595 .2129 -5.9 -13.632 .3636 -6.1 -13.5085 -.1386
4 0 -6.1 -13.5085 -.1386 -5.9 -13.632 .3636 -6.4 -13.7803 .9663 -6.35 -13.6444 .4138
4 0 -5.9 -13.632 .3636 -5.9 -13.7679 .916 -6.25 -13.8914 1.4182 -6.4 -13.7803 .9663
4 0 -5.9 -13.7679 .916 -5.4 -13.8297 1.1671 -5.95 -13.9779 1.7698 -6.25 -13.8914 1.4182
4 0 -5.75 -14.1014 2.272 -5.95 -13.9779 1.7698 -5.4 -13.8297 1.1671 -5.3 -14.0026 1.8702
4 0 -5.3 -14.0026 1.8702 -5.3 -14.1385 2.4227 -5.55 -14.2497 2.8747 -5.75 -14.1014 2.272
4 0 -5.55 -14.2497 2.8747 -5.3 -14.1385 2.4227 -5.05 -14.3609 3.3266 -5.35 -14.3238 3.176
4 0 -3.75 -14.1014 2.272 -3.95 -14.2497 2.8747 -4.15 -14.3238 3.176 -4.2 -14.1385 2.4227
4 0 -3.55 -13.9779 1.7698 -3.75 -14.1014 2.272 -4.2 -14.1385 2.4227 -4.2 -14.0026 1.8702
4 0 -3.25 -13.8914 1.4182 -3.55 -13.9779 1.7698 -4.2 -14.0026 1.8702 -4.1 -13.8297 1.1671
4 0 -3.1 -13.7803 .9663 -3.25 -13.8914 1.4182 -4.1 -13.8297 1.1671 -3.6 -13.7679 .916
4 0 -3.6 -13.7679 .916 -3.6 -13.632 .3636 -3.15 -13.6444 .4138 -3.1 -13.7803 .9663
4 0 -4.45 -13.5702 .1125 -3.9 -13.4344 -.4399 -3.4 -13.5085 -.1386 -3.95 -13.595 .2129
3 0 -4.45 -13.5702 .1125 -4.45 -13.4097 -.5404 -3.9 -13.4344 -.4399
3 0 -5.05 -14.3609 3.3266 -5.3 -14.1385 2.4227 -4.2 -14.1385 2.4227
4 0 -4.15 -14.3238 3.176 -4.45 -14.3609 3.3266 -5.05 -14.3609 3.3266 -4.2 -14.1385 2.4227
4 0 -5.05 -14.3609 3.3266 -4.45 -14.3609 3.3266 -4.45 -14.8451 5.2953 -5.05 -14.8451 5.2953
4 0 -4.45 -13.3602 -.7413 -4.45 -13.4097 -.5404 -5.05 -13.4097 -.5404 -5.05 -13.3602 -.7413
4 0 1.6 -14.2373 2.8244 1.7134 -14.3844 3.4222 1.2 -14.645 4.4817 1.1 -14.4967 3.8791
4 0 1.7134 -14.3844 3.4222 2.0505 -14.509 3.9289 1.6 -14.7562 4.9337 1.2 -14.645 4.4817
4 0 2.0505 -14.509 3.9289 2.5549 -14.5923 4.2674 2.25 -14.8179 5.1848 1.6 -14.7562 4.9337
4 0 2.5549 -14.5923 4.2674 3.15 -14.6215 4.3863 3.1 -14.8303 5.235 2.25 -14.8179 5.1848
4 0 4.7 -14.2373 2.8244 4.7 -13.6814 .5645 5.35 -13.8791 1.368 5.35 -14.0767 2.1716
4 0 5.25 -14.3485 3.2764 4.7 -14.2373 2.8244 5.35 -14.0767 2.1716 5.35 -14.2373 2.8244
3 0 4.5866 -14.3844 3.4222 4.7 -14.2373 2.8244 5.25 -14.3485 3.2764
4 0 3.15 -14.6215 4.3863 3.7451 -14.5923 4.2674 12 -14.8303 5.235 3.1 -14.8303 5.235
4 0 1.6 -13.5085 -.1386 1.6 -13.7308 .7654 1.1 -13.8133 1.1005 1.1 -13.6691 .5143
4 0 1.6 -13.5085 -.1386 1.1 -13.6691 .5143 1.1 -13.1502 -1.595 1.6 -13.2614 -1.143
4 0 .4515 -13.8918 1.4198 -.2991 -14.1447 2.4477 -.753 -14.0982 2.2588 .1041 -13.806 1.0708
4 0 -.2991 -14.1447 2.4477 -.5627 -14.472 3.7786 -1.054 -14.472 3.7786 -.753 -14.0982 2.2588
3 0 -.2991 -14.7994 5.1096 -.7533 -14.8453 5.2969 -1.054 -14.472 3.7786
3 0 -1.054 -14.472 3.7786 -.5627 -14.472 3.7786 -.2991 -14.7994 5.1096
3 0 -.2991 -14.7994 5.1096 -.1698 -14.8451 5.2953 -.7533 -14.8453 5.2969
4 0 .1041 -13.806 1.0708 1.1 -13.6691 .5143 1.1 -13.8133 1.1005 .4515 -13.8918 1.4198
4 0 1.6 -13.7308 .7654 1.6 -14.2373 2.8244 1.1 -14.4967 3.8791 1.1 -13.8133 1.1005
4 0 10.575 -13.1502 -1.595 10.1 -13.1502 -1.595 10.1 -13.1137 -1.7437 10.575 -13.1137 -1.7437
4 0 8.65 -13.1502 -1.595 8.2 -13.1502 -1.595 8.2 -13.1137 -1.7437 8.65 -13.1137 -1.7437
4 0 9.7 -13.3232 -.8919 9.4 -13.212 -1.3439 11.4 -13.212 -1.3439 10.95 -13.3232 -.8919
4 0 11.8525 -13.1381 -1.6443 11.75 -13.2861 -1.0426 10.95 -13.3232 -.8919 11.4 -13.212 -1.3439
4 0 12.25 -13.212 -1.3439 11.75 -13.2861 -1.0426 11.8525 -13.1381 -1.6443 12.0005 -13.1137 -1.7437
3 0 12.0005 -13.1137 -1.7437 12.5286 -13.1137 -1.7437 12.25 -13.212 -1.3439
4 0 13.1 -13.6073 .2632 13.1 -13.4097 -.5404 13.5 -13.2614 -1.143 13.5 -13.5085 -.1386
4 0 12.4 -13.6814 .5645 12.5 -13.5085 -.1386 13.1 -13.4097 -.5404 13.1 -13.6073 .2632
4 0 10.4 -13.6814 .5645 11.75 -13.5208 -.0884 12.5 -13.5085 -.1386 12.4 -13.6814 .5645
4 0 9.75 -13.6197 .3134 9.95 -13.5208 -.0884 11.75 -13.5208 -.0884 10.4 -13.6814 .5645
4 0 9.75 -13.6197 .3134 10.4 -13.6814 .5645 9.75 -13.8791 1.368 9.65 -13.7185 .7152
4 0 13.9 -14.645 4.4817 13.3866 -14.3844 3.4222 13.5 -14.2373 2.8244 14 -14.4967 3.8791
4 0 13.5 -14.7562 4.9337 13.0496 -14.509 3.9289 13.3866 -14.3844 3.4222 13.9 -14.645 4.4817
4 0 12.85 -14.8179 5.1848 12.5451 -14.5923 4.2674 13.0496 -14.509 3.9289 13.5 -14.7562 4.9337
4 0 12 -14.8303 5.235 11.95 -14.6215 4.3863 12.5451 -14.5923 4.2674 12.85 -14.8179 5.1848
4 0 9.75 -13.8791 1.368 10.4 -13.6814 .5645 10.4 -14.2373 2.8244 9.75 -14.0767 2.1716
4 0 9.85 -14.3485 3.2764 9.75 -14.2373 2.8244 9.75 -14.0767 2.1716 10.4 -14.2373 2.8244
3 0 10.5134 -14.3844 3.4222 9.85 -14.3485 3.2764 10.4 -14.2373 2.8244
4 0 11.95 -14.6215 4.3863 12 -14.8303 5.235 3.7451 -14.5923 4.2674 11.3549 -14.5923 4.2674
4 0 13.5 -13.5085 -.1386 14 -13.6691 .5143 14 -13.8133 1.1005 13.5 -13.7308 .7654
4 0 13.5 -13.5085 -.1386 13.5 -13.2614 -1.143 14 -13.1502 -1.595 14 -13.6691 .5143
4 0 14.6485 -13.8918 1.4198 14.9959 -13.806 1.0708 15.853 -14.0982 2.2588 15.3991 -14.1447 2.4477
4 0 15.3991 -14.1447 2.4477 15.853 -14.0982 2.2588 16.154 -14.472 3.7786 15.6627 -14.472 3.7786
3 0 15.8533 -14.8453 5.2969 15.3991 -14.7994 5.1096 15.6627 -14.472 3.7786
3 0 15.6627 -14.472 3.7786 16.154 -14.472 3.7786 15.8533 -14.8453 5.2969
3 0 15.3991 -14.7994 5.1096 15.8533 -14.8453 5.2969 15.2698 -14.8451 5.2953
4 0 14.9959 -13.806 1.0708 14.6485 -13.8918 1.4198 14 -13.8133 1.1005 14 -13.6691 .5143
4 0 13.5 -13.7308 .7654 14 -13.8133 1.1005 14 -14.4967 3.8791 13.5 -14.2373 2.8244
4 0 9.75 -14.0767 2.1716 9.75 -14.2373 2.8244 5.35 -14.2373 2.8244 5.35 -14.0767 2.1716
4 0 5.45 -13.7185 .7152 9.65 -13.7185 .7152 9.75 -13.8791 1.368 5.35 -13.8791 1.368
4 0 5.7 -13.212 -1.3439 9.4 -13.212 -1.3439 9.7 -13.3232 -.8919 5.4 -13.3232 -.8919
4 0 9.85 -14.3485 3.2764 4.2496 -14.509 3.9289 4.5866 -14.3844 3.4222 5.25 -14.3485 3.2764
4 0 9.85 -14.3485 3.2764 10.5134 -14.3844 3.4222 10.8505 -14.509 3.9289 4.2496 -14.509 3.9289
4 0 4.2496 -14.509 3.9289 10.8505 -14.509 3.9289 11.3549 -14.5923 4.2674 3.7451 -14.5923 4.2674
4 0 17.5 -13.1502 -1.595 14 -13.1502 -1.595 13.5352 -13.1137 -1.7437 17.5 -13.1163 -1.7442
3 0 1.6 -13.2614 -1.143 1.1 -13.1502 -1.595 1.5648 -13.1137 -1.7437
3 0 14 -13.1502 -1.595 13.5 -13.2614 -1.143 13.5352 -13.1137 -1.7437
3 0 -17.5 -13.1137 -1.7437 -9 -13.1502 -1.595 -17.5 -13.1502 -1.595
4 0 1.5648 -13.1137 -1.7437 1.1 -13.1502 -1.595 -9 -13.1502 -1.595 -17.5 -13.1137 -1.7437
4 0 -7.9 -14.2126 2.724 -8.35 -14.2003 2.6738 -8.7 -14.1632 2.5231 -8.15 -14.0767 2.1716
4 0 -3.15 -13.6444 .4138 -3.6 -13.632 .3636 -3.95 -13.595 .2129 -3.4 -13.5085 -.1386
4 15 2.95 -13.9408 1.6191 1.6 -14.2373 2.8244 1.6 -13.7308 .7654 2.25 -13.805 1.0667
4 15 3.8 -14.225 2.7742 1.6 -14.2373 2.8244 2.95 -13.9408 1.6191 3.4 -14.0644 2.1213
4 15 1.6 -14.2373 2.8244 3.8 -14.225 2.7742 2.0505 -14.509 3.9289 1.7134 -14.3844 3.4222
4 15 2.0505 -14.509 3.9289 3.8 -14.225 2.7742 3.15 -14.6215 4.3863 2.5549 -14.5923 4.2674
4 15 3.8 -14.225 2.7742 4.05 -14.3609 3.3266 3.7451 -14.5923 4.2674 3.15 -14.6215 4.3863
3 15 3.7451 -14.5923 4.2674 4.05 -14.3609 3.3266 4.2496 -14.509 3.9289
4 15 2.85 -13.212 -1.3439 2 -13.4097 -.5404 1.6 -13.2614 -1.143 1.5648 -13.1137 -1.7437
3 15 1.5648 -13.1137 -1.7437 2.5714 -13.1137 -1.7437 2.85 -13.212 -1.3439
4 15 2.85 -13.212 -1.3439 3.35 -13.2861 -1.0426 2.6 -13.5085 -.1386 2 -13.4097 -.5404
4 15 4.15 -13.3232 -.8919 3.35 -13.5208 -.0884 2.6 -13.5085 -.1386 3.35 -13.2861 -1.0426
4 15 5.4 -13.3232 -.8919 5.15 -13.5208 -.0884 3.35 -13.5208 -.0884 4.15 -13.3232 -.8919
4 15 4.525 -13.1502 -1.595 5 -13.1502 -1.595 5.7 -13.212 -1.3439 3.7 -13.212 -1.3439
4 15 6.45 -13.1502 -1.595 5.7 -13.212 -1.3439 5 -13.1502 -1.595 5 -13.1137 -1.7437
3 15 5 -13.1137 -1.7437 6.45 -13.1137 -1.7437 6.45 -13.1502 -1.595
3 15 5.7 -13.212 -1.3439 6.45 -13.1502 -1.595 6.9 -13.1502 -1.595
4 15 -13.7 -14.262 2.9249 -13.7 -14.3979 3.4773 -14.8 -14.3979 3.4773 -14.8 -14.262 2.9249
4 15 -15.05 -13.8544 1.2676 -14.9 -14.0891 2.2218 -15.4 -14.0273 1.9707 -15.4 -13.8914 1.4182
4 15 -13.95 -13.8297 1.1671 -14.9 -14.0891 2.2218 -15.05 -13.8544 1.2676 -14.55 -13.8297 1.1671
4 15 -13.45 -13.8544 1.2676 -13.1 -13.8914 1.4182 -13.1 -14.0273 1.9707 -13.6 -14.0891 2.2218
4 15 -14.9 -14.0891 2.2218 -13.95 -13.8297 1.1671 -13.45 -13.8544 1.2676 -13.6 -14.0891 2.2218
4 15 -4.2 -14.0026 1.8702 -4.2 -14.1385 2.4227 -5.3 -14.1385 2.4227 -5.3 -14.0026 1.8702
4 15 -5.55 -13.595 .2129 -5.4 -13.8297 1.1671 -5.9 -13.7679 .916 -5.9 -13.632 .3636
4 15 -4.45 -13.5702 .1125 -5.4 -13.8297 1.1671 -5.55 -13.595 .2129 -5.05 -13.5702 .1125
4 15 -3.95 -13.595 .2129 -3.6 -13.632 .3636 -3.6 -13.7679 .916 -4.1 -13.8297 1.1671
4 15 -5.4 -13.8297 1.1671 -4.45 -13.5702 .1125 -3.95 -13.595 .2129 -4.1 -13.8297 1.1671
4 15 12.15 -13.9408 1.6191 12.85 -13.805 1.0667 13.5 -13.7308 .7654 13.5 -14.2373 2.8244
4 15 11.3 -14.225 2.7742 11.7 -14.0644 2.1213 12.15 -13.9408 1.6191 13.5 -14.2373 2.8244
4 15 13.0496 -14.509 3.9289 11.3 -14.225 2.7742 13.5 -14.2373 2.8244 13.3866 -14.3844 3.4222
4 15 11.95 -14.6215 4.3863 11.3 -14.225 2.7742 13.0496 -14.509 3.9289 12.5451 -14.5923 4.2674
4 15 11.3 -14.225 2.7742 11.95 -14.6215 4.3863 11.3549 -14.5923 4.2674 11.05 -14.3609 3.3266
3 15 11.3549 -14.5923 4.2674 10.8505 -14.509 3.9289 11.05 -14.3609 3.3266
4 15 13.5 -13.2614 -1.143 13.1 -13.4097 -.5404 12.25 -13.212 -1.3439 12.5286 -13.1137 -1.7437
3 15 12.5286 -13.1137 -1.7437 13.5352 -13.1137 -1.7437 13.5 -13.2614 -1.143
4 15 12.25 -13.212 -1.3439 13.1 -13.4097 -.5404 12.5 -13.5085 -.1386 11.75 -13.2861 -1.0426
4 15 12.5 -13.5085 -.1386 11.75 -13.5208 -.0884 10.95 -13.3232 -.8919 11.75 -13.2861 -1.0426
4 15 9.7 -13.3232 -.8919 10.95 -13.3232 -.8919 11.75 -13.5208 -.0884 9.95 -13.5208 -.0884
4 15 10.575 -13.1502 -1.595 11.4 -13.212 -1.3439 9.4 -13.212 -1.3439 10.1 -13.1502 -1.595
4 15 10.1 -13.1502 -1.595 9.4 -13.212 -1.3439 8.65 -13.1502 -1.595 8.65 -13.1137 -1.7437
3 15 8.65 -13.1137 -1.7437 10.1 -13.1137 -1.7437 10.1 -13.1502 -1.595
4 15 5.7 -13.212 -1.3439 8.2 -13.1502 -1.595 8.65 -13.1502 -1.595 9.4 -13.212 -1.3439
4 15 5.35 -13.6197 .3134 9.75 -13.6197 .3134 9.65 -13.7185 .7152 5.45 -13.7185 .7152
4 15 5.15 -13.5208 -.0884 9.95 -13.5208 -.0884 9.75 -13.6197 .3134 5.35 -13.6197 .3134
4 15 8.2 -13.1502 -1.595 6.9 -13.1502 -1.595 6.9 -13.1137 -1.7437 8.2 -13.1137 -1.7437
3 15 5.7 -13.212 -1.3439 6.9 -13.1502 -1.595 8.2 -13.1502 -1.595
4 15 5.4 -13.3232 -.8919 9.7 -13.3232 -.8919 9.95 -13.5208 -.0884 5.15 -13.5208 -.0884
3 15 3.0996 -13.1137 -1.7437 4.525 -13.1137 -1.7437 4.525 -13.1502 -1.595
4 15 11.8525 -13.1381 -1.6443 11.4 -13.212 -1.3439 10.575 -13.1502 -1.595 10.575 -13.1137 -1.7437
3 15 10.575 -13.1137 -1.7437 12.0005 -13.1137 -1.7437 11.8525 -13.1381 -1.6443
4 72 1.6 -13.5085 -.1386 2 -13.6073 .2632 2.25 -13.805 1.0667 1.6 -13.7308 .7654
4 72 2 -13.6073 .2632 2.7 -13.6814 .5645 2.95 -13.9408 1.6191 2.25 -13.805 1.0667
4 72 2.7 -13.6814 .5645 4.7 -13.6814 .5645 3.4 -14.0644 2.1213 2.95 -13.9408 1.6191
4 72 3.8 -14.225 2.7742 3.4 -14.0644 2.1213 4.7 -13.6814 .5645 4.7 -14.2373 2.8244
4 72 4.05 -14.3609 3.3266 3.8 -14.225 2.7742 4.7 -14.2373 2.8244 4.5866 -14.3844 3.4222
3 72 4.2496 -14.509 3.9289 4.05 -14.3609 3.3266 4.5866 -14.3844 3.4222
4 72 13.5 -13.5085 -.1386 13.5 -13.7308 .7654 12.85 -13.805 1.0667 13.1 -13.6073 .2632
4 72 13.1 -13.6073 .2632 12.85 -13.805 1.0667 12.15 -13.9408 1.6191 12.4 -13.6814 .5645
4 72 11.7 -14.0644 2.1213 10.4 -13.6814 .5645 12.4 -13.6814 .5645 12.15 -13.9408 1.6191
4 72 10.4 -13.6814 .5645 11.7 -14.0644 2.1213 11.3 -14.225 2.7742 10.4 -14.2373 2.8244
4 72 10.4 -14.2373 2.8244 11.3 -14.225 2.7742 11.05 -14.3609 3.3266 10.5134 -14.3844 3.4222
3 72 10.8505 -14.509 3.9289 10.5134 -14.3844 3.4222 11.05 -14.3609 3.3266
4 72 9.75 -13.8791 1.368 9.75 -14.0767 2.1716 5.35 -14.0767 2.1716 5.35 -13.8791 1.368
4 72 5.35 -14.2373 2.8244 9.75 -14.2373 2.8244 9.85 -14.3485 3.2764 5.25 -14.3485 3.2764
4 72 -.2991 -14.1447 2.4477 .4515 -13.8918 1.4198 1.1 -13.8133 1.1005 1.1 -14.4967 3.8791
4 72 -.2991 -14.7994 5.1096 -.5627 -14.472 3.7786 -.2991 -14.1447 2.4477 1.1 -14.4967 3.8791
3 72 -.1698 -14.8451 5.2953 -.2991 -14.7994 5.1096 1.1 -14.4967 3.8791
3 72 1.1 -14.4967 3.8791 1.2 -14.645 4.4817 -.1698 -14.8451 5.2953
3 72 -.1698 -14.8451 5.2953 1.2 -14.645 4.4817 1.6 -14.7562 4.9337
3 72 -.1698 -14.8451 5.2953 1.6 -14.7562 4.9337 2.25 -14.8179 5.1848
3 72 -.1698 -14.8451 5.2953 2.25 -14.8179 5.1848 3.1 -14.8303 5.235
4 72 -.1698 -14.8451 5.2953 3.1 -14.8303 5.235 12 -14.8303 5.235 15.2698 -14.8451 5.2953
3 72 15.2698 -14.8451 5.2953 12 -14.8303 5.235 12.85 -14.8179 5.1848
3 72 15.2698 -14.8451 5.2953 12.85 -14.8179 5.1848 13.5 -14.7562 4.9337
3 72 15.2698 -14.8451 5.2953 13.5 -14.7562 4.9337 13.9 -14.645 4.4817
3 72 13.9 -14.645 4.4817 15.3991 -14.7994 5.1096 15.2698 -14.8451 5.2953
4 72 14 -14.4967 3.8791 15.6627 -14.472 3.7786 15.3991 -14.7994 5.1096 13.9 -14.645 4.4817
4 72 15.6627 -14.472 3.7786 14 -14.4967 3.8791 14.6485 -13.8918 1.4198 15.3991 -14.1447 2.4477
3 72 14 -14.4967 3.8791 14 -13.8133 1.1005 14.6485 -13.8918 1.4198
4 72 16.154 -14.472 3.7786 17.5 -13.1502 -1.595 17.5 -14.8463 5.295 15.8533 -14.8453 5.2969
4 72 14 -13.1502 -1.595 17.5 -13.1502 -1.595 14.9959 -13.806 1.0708 14 -13.6691 .5143
3 72 15.853 -14.0982 2.2588 14.9959 -13.806 1.0708 17.5 -13.1502 -1.595
3 72 16.154 -14.472 3.7786 15.853 -14.0982 2.2588 17.5 -13.1502 -1.595
4 72 -4.45 -14.3609 3.3266 -1.054 -14.472 3.7786 -.7533 -14.8453 5.2969 -4.45 -14.8451 5.2953
3 72 -1.054 -14.472 3.7786 -4.45 -14.3609 3.3266 -4.15 -14.3238 3.176
3 72 -1.054 -14.472 3.7786 -4.15 -14.3238 3.176 -3.95 -14.2497 2.8747
4 72 -3.95 -14.2497 2.8747 -3.75 -14.1014 2.272 -.753 -14.0982 2.2588 -1.054 -14.472 3.7786
4 72 -3.25 -13.8914 1.4182 -.753 -14.0982 2.2588 -3.75 -14.1014 2.272 -3.55 -13.9779 1.7698
4 72 -3.25 -13.8914 1.4182 -3.1 -13.7803 .9663 .1041 -13.806 1.0708 -.753 -14.0982 2.2588
3 72 .1041 -13.806 1.0708 -3.1 -13.7803 .9663 -3.15 -13.6444 .4138
4 72 -3.15 -13.6444 .4138 -3.4 -13.5085 -.1386 1.1 -13.6691 .5143 .1041 -13.806 1.0708
4 72 -3.9 -13.4344 -.4399 1.1 -13.1502 -1.595 1.1 -13.6691 .5143 -3.4 -13.5085 -.1386
3 72 1.1 -13.1502 -1.595 -3.9 -13.4344 -.4399 -4.45 -13.3602 -.7413
3 72 -3.9 -13.4344 -.4399 -4.45 -13.4097 -.5404 -4.45 -13.3602 -.7413
4 72 -14.85 -14.5832 4.2306 -14.55 -14.6203 4.3813 -14.55 -14.8451 5.2953 -17.5 -14.8451 5.2953
3 72 -17.5 -14.8451 5.2953 -15.05 -14.5091 3.9293 -14.85 -14.5832 4.2306
3 72 -15.05 -14.5091 3.9293 -17.5 -14.8451 5.2953 -15.45 -14.2373 2.8244
3 72 -15.45 -14.2373 2.8244 -15.25 -14.3609 3.3266 -15.05 -14.5091 3.9293
3 72 -17.5 -14.8451 5.2953 -15.75 -14.1508 2.4729 -15.45 -14.2373 2.8244
3 72 -15.75 -14.1508 2.4729 -17.5 -14.8451 5.2953 -17.5 -13.1502 -1.595
3 72 -17.5 -13.1502 -1.595 -15.9 -14.0397 2.0209 -15.75 -14.1508 2.4729
3 72 -15.9 -14.0397 2.0209 -17.5 -13.1502 -1.595 -15.85 -13.9038 1.4685
3 72 -15.85 -13.9038 1.4685 -17.5 -13.1502 -1.595 -15.6 -13.7679 .916
3 72 -15.6 -13.7679 .916 -17.5 -13.1502 -1.595 -15.1 -13.6938 .6147
4 72 -15.1 -13.6938 .6147 -17.5 -13.1502 -1.595 -14.55 -13.3602 -.7413 -14.55 -13.6691 .5143
3 72 -17.5 -13.1502 -1.595 -13.95 -13.3602 -.7413 -14.55 -13.3602 -.7413
4 72 -9 -13.1502 -1.595 -9.8 -13.3602 -.7413 -13.95 -13.3602 -.7413 -17.5 -13.1502 -1.595
3 72 -9.2 -13.3602 -.7413 -9.8 -13.3602 -.7413 -9 -13.1502 -1.595
4 72 -9 -13.1502 -1.595 -6.1 -13.5085 -.1386 -6.35 -13.6444 .4138 -9.2 -13.3602 -.7413
4 72 -6.35 -13.6444 .4138 -6.4 -13.7803 .9663 -9.2 -13.9779 1.7698 -9.2 -13.3602 -.7413
3 72 -13.95 -14.8451 5.2953 -13.65 -14.5832 4.2306 -11 -14.4597 3.7284
3 72 -11 -14.4597 3.7284 -10.7 -14.5462 4.08 -13.95 -14.8451 5.2953
3 72 -13.95 -14.8451 5.2953 -13.95 -14.6203 4.3813 -13.65 -14.5832 4.2306
3 72 -13.65 -14.5832 4.2306 -13.45 -14.5091 3.9293 -11 -14.4597 3.7284
4 72 -11.15 -14.3485 3.2764 -11 -14.4597 3.7284 -13.45 -14.5091 3.9293 -13.25 -14.3609 3.3266
4 72 -11.1 -14.2126 2.724 -11.15 -14.3485 3.2764 -13.25 -14.3609 3.3266 -13.05 -14.2373 2.8244
3 72 -13.05 -14.2373 2.8244 -12.75 -14.1508 2.4729 -11.1 -14.2126 2.724
4 72 -10.85 -14.0767 2.1716 -11.1 -14.2126 2.724 -12.75 -14.1508 2.4729 -12.6 -14.0397 2.0209
4 72 -12.6 -14.0397 2.0209 -12.65 -13.9038 1.4685 -10.35 -14.0026 1.8702 -10.85 -14.0767 2.1716
4 72 -9.8 -13.3602 -.7413 -10.35 -14.0026 1.8702 -12.65 -13.9038 1.4685 -12.9 -13.7679 .916
3 72 -10.35 -14.0026 1.8702 -9.8 -13.3602 -.7413 -9.8 -13.9779 1.7698
4 72 -13.95 -13.6691 .5143 -13.95 -13.3602 -.7413 -9.8 -13.3602 -.7413 -13.4 -13.6938 .6147
3 72 -12.9 -13.7679 .916 -13.4 -13.6938 .6147 -9.8 -13.3602 -.7413
3 72 -8.3 -14.5462 4.08 -5.05 -14.8451 5.2953 -8.7733 -14.8451 5.2953
3 72 -5.05 -14.8451 5.2953 -8.3 -14.5462 4.08 -8 -14.4597 3.7284
4 72 -5.05 -14.8451 5.2953 -8 -14.4597 3.7284 -7.85 -14.3485 3.2764 -5.35 -14.3238 3.176
3 72 -5.05 -14.8451 5.2953 -5.35 -14.3238 3.176 -5.05 -14.3609 3.3266
4 72 -5.35 -14.3238 3.176 -7.85 -14.3485 3.2764 -7.9 -14.2126 2.724 -5.55 -14.2497 2.8747
4 72 -5.95 -13.9779 1.7698 -5.75 -14.1014 2.272 -5.55 -14.2497 2.8747 -7.9 -14.2126 2.724
4 72 -6.25 -13.8914 1.4182 -5.95 -13.9779 1.7698 -7.9 -14.2126 2.724 -8.15 -14.0767 2.1716
4 72 -6.4 -13.7803 .9663 -6.25 -13.8914 1.4182 -8.15 -14.0767 2.1716 -8.65 -14.0026 1.8702
3 72 -8.65 -14.0026 1.8702 -9.2 -13.9779 1.7698 -6.4 -13.7803 .9663
3 72 -6.1 -13.5085 -.1386 -9 -13.1502 -1.595 -5.6 -13.4344 -.4399
3 72 -5.6 -13.4344 -.4399 -5.05 -13.3602 -.7413 -5.05 -13.4097 -.5404
4 320 -8.95 -14.5709 4.1804 -8.95 -14.7068 4.7328 -10.05 -14.7068 4.7328 -10.05 -14.5709 4.1804
4 320 -10.3 -14.1632 2.5231 -10.15 -14.3979 3.4773 -10.65 -14.3362 3.2262 -10.65 -14.2003 2.6738
4 320 -9.2 -14.1385 2.4227 -10.15 -14.3979 3.4773 -10.3 -14.1632 2.5231 -9.8 -14.1385 2.4227
4 320 -8.7 -14.1632 2.5231 -8.35 -14.2003 2.6738 -8.35 -14.3362 3.2262 -8.85 -14.3979 3.4773
4 320 -10.15 -14.3979 3.4773 -9.2 -14.1385 2.4227 -8.7 -14.1632 2.5231 -8.85 -14.3979 3.4773
4 0 -13.95 -14.8451 5.2953 -13.95 -15.1709 7.5452 -14.55 -15.1709 7.5452 -14.55 -14.8451 5.2953
3 0 -9.8 -14.8946 5.6368 -10.1 -14.8727 5.4861 -10.2267 -14.8451 5.2953
3 0 -9.8 -14.8946 5.6368 -10.2267 -14.8451 5.2953 -8.7733 -14.8451 5.2953
4 0 -8.9 -14.8727 5.4861 -9.2 -14.8946 5.6368 -9.8 -14.8946 5.6368 -8.7733 -14.8451 5.2953
4 0 -9.2 -14.8946 5.6368 -9.2 -15.1709 7.5452 -9.8 -15.1709 7.5452 -9.8 -14.8946 5.6368
4 0 -4.45 -14.8451 5.2953 -4.45 -15.1709 7.5452 -5.05 -15.1709 7.5452 -5.05 -14.8451 5.2953
3 0 .4515 -14.9743 6.1877 .1041 -15.0248 6.5367 -.7533 -14.8453 5.2969
3 0 -.7533 -14.8453 5.2969 -.1698 -14.8451 5.2953 .4515 -14.9743 6.1877
4 0 .4515 -14.9743 6.1877 1.5749 -15.0689 6.8412 1.3869 -15.1349 7.2971 .1041 -15.0248 6.5367
4 0 1.5749 -15.0689 6.8412 2.9 -15.0927 7.0055 2.9 -15.1642 7.499 1.3869 -15.1349 7.2971
4 0 15.8533 -14.8453 5.2969 14.9959 -15.0248 6.5367 14.6485 -14.9743 6.1877 15.2698 -14.8451 5.2953
4 0 14.6485 -14.9743 6.1877 14.9959 -15.0248 6.5367 13.7131 -15.1349 7.2971 13.5251 -15.0689 6.8412
4 0 13.5251 -15.0689 6.8412 13.7131 -15.1349 7.2971 12.2 -15.1642 7.499 12.2 -15.0927 7.0055
4 0 2.9 -15.1642 7.499 2.9 -15.0927 7.0055 12.2 -15.0927 7.0055 12.2 -15.1642 7.499
4 0 -10.4 -15.7816 11.7638 -10.4 -15.8834 12.4669 -13.5 -15.8834 12.4669 -13.5 -15.7816 11.7638
4 0 4.7 -15.7816 11.7638 4.7 -15.8834 12.4669 1.6 -15.8834 12.4669 1.6 -15.7816 11.7638
4 0 12.2 -15.7816 11.7638 12.2 -15.8834 12.4669 9.1 -15.8834 12.4669 9.1 -15.7816 11.7638
4 0 -13.5 -15.7816 11.7638 -14.2 -15.4181 9.2527 -13.9 -15.3017 8.4492 -13.5 -15.4181 9.2527
4 0 -13.5 -15.4181 9.2527 -13.9 -15.3017 8.4492 -10 -15.3017 8.4492 -10.4 -15.4181 9.2527
4 0 -10.4 -15.7816 11.7638 -10.4 -15.4181 9.2527 -10 -15.3017 8.4492 -9.7 -15.4181 9.2527
4 0 -9.7 -15.4181 9.2527 -5.9 -15.6217 10.6589 -10.4 -15.8834 12.4669 -10.4 -15.7816 11.7638
4 0 -10.4 -15.9003 12.5834 -10.4 -15.8834 12.4669 -5.9 -15.6217 10.6589 -5.9 -15.9003 12.5834
4 0 .9 -15.4181 9.2527 -3 -15.6217 10.6589 -5.9 -15.6217 10.6589 -9.7 -15.4181 9.2527
4 0 1.6 -15.7816 11.7638 .9 -15.4181 9.2527 1.2 -15.3017 8.4492 1.6 -15.4181 9.2527
4 0 1.6 -15.4181 9.2527 1.2 -15.3017 8.4492 5.1 -15.3017 8.4492 4.7 -15.4181 9.2527
4 0 4.7 -15.7816 11.7638 4.7 -15.4181 9.2527 5.1 -15.3017 8.4492 5.4 -15.4181 9.2527
4 0 5.4 -15.4181 9.2527 8.4 -15.4181 9.2527 9.1 -15.7816 11.7638 4.7 -15.7816 11.7638
4 0 4.7 -15.8834 12.4669 4.7 -15.7816 11.7638 9.1 -15.7816 11.7638 9.1 -15.8834 12.4669
4 0 4.7 -15.9003 12.5834 4.7 -15.8834 12.4669 9.1 -15.8834 12.4669 9.1 -15.9003 12.5834
4 0 12.2 -15.7816 11.7638 12.2 -15.4181 9.2527 12.6 -15.3017 8.4492 12.9 -15.4181 9.2527
4 0 9.1 -15.7816 11.7638 8.4 -15.4181 9.2527 8.7 -15.3017 8.4492 9.1 -15.4181 9.2527
4 0 12.6 -15.3017 8.4492 12.2 -15.4181 9.2527 9.1 -15.4181 9.2527 8.7 -15.3017 8.4492
4 0 -13.5 -15.8834 12.4669 -13.5 -15.9003 12.5834 -17.5 -15.9006 12.5832 -17.5 -15.4181 9.2527
3 0 -17.5 -15.4181 9.2527 -13.5 -15.7816 11.7638 -13.5 -15.8834 12.4669
3 0 -13.5 -15.7816 11.7638 -17.5 -15.4181 9.2527 -14.2 -15.4181 9.2527
4 0 12.2 -15.9003 12.5834 12.2 -15.8834 12.4669 17.5 -15.4181 9.2527 17.5 -15.9006 12.5832
4 0 12.9 -15.4181 9.2527 17.5 -15.4181 9.2527 12.2 -15.8834 12.4669 12.2 -15.7816 11.7638
4 15 -13.5 -15.8834 12.4669 -10.4 -15.8834 12.4669 -10.4 -15.9003 12.5834 -13.5 -15.9003 12.5834
4 15 -10.4 -15.4181 9.2527 -10.4 -15.7816 11.7638 -13.5 -15.7816 11.7638 -13.5 -15.4181 9.2527
4 15 1.6 -15.8834 12.4669 4.7 -15.8834 12.4669 4.7 -15.9003 12.5834 1.6 -15.9003 12.5834
4 15 4.7 -15.4181 9.2527 4.7 -15.7816 11.7638 1.6 -15.7816 11.7638 1.6 -15.4181 9.2527
4 15 9.1 -15.8834 12.4669 12.2 -15.8834 12.4669 12.2 -15.9003 12.5834 9.1 -15.9003 12.5834
4 15 12.2 -15.4181 9.2527 12.2 -15.7816 11.7638 9.1 -15.7816 11.7638 9.1 -15.4181 9.2527
3 72 1.5749 -15.0689 6.8412 .4515 -14.9743 6.1877 -.1698 -14.8451 5.2953
3 72 2.9 -15.0927 7.0055 1.5749 -15.0689 6.8412 -.1698 -14.8451 5.2953
4 72 12.2 -15.0927 7.0055 2.9 -15.0927 7.0055 -.1698 -14.8451 5.2953 15.2698 -14.8451 5.2953
3 72 13.5251 -15.0689 6.8412 12.2 -15.0927 7.0055 15.2698 -14.8451 5.2953
3 72 14.6485 -14.9743 6.1877 13.5251 -15.0689 6.8412 15.2698 -14.8451 5.2953
4 72 -13.9 -15.3017 8.4492 -14.2 -15.4181 9.2527 -17.5 -15.4181 9.2527 -14.55 -15.1709 7.5452
4 72 -14.55 -15.1709 7.5452 -13.95 -15.1709 7.5452 -10 -15.3017 8.4492 -13.9 -15.3017 8.4492
4 72 -10 -15.3017 8.4492 -13.95 -15.1709 7.5452 -9.8 -14.8946 5.6368 -9.8 -15.1709 7.5452
4 72 -9.8 -15.1709 7.5452 -9.2 -15.1709 7.5452 -9.7 -15.4181 9.2527 -10 -15.3017 8.4492
3 72 -9.7 -15.4181 9.2527 -9.2 -15.1709 7.5452 -5.05 -15.1709 7.5452
4 72 -5.05 -15.1709 7.5452 -4.45 -15.1709 7.5452 .9 -15.4181 9.2527 -9.7 -15.4181 9.2527
4 72 .1041 -15.0248 6.5367 1.2 -15.3017 8.4492 .9 -15.4181 9.2527 -4.45 -15.1709 7.5452
3 72 1.2 -15.3017 8.4492 .1041 -15.0248 6.5367 1.3869 -15.1349 7.2971
4 72 1.3869 -15.1349 7.2971 2.9 -15.1642 7.499 5.1 -15.3017 8.4492 1.2 -15.3017 8.4492
4 72 8.7 -15.3017 8.4492 8.4 -15.4181 9.2527 5.4 -15.4181 9.2527 5.1 -15.3017 8.4492
4 72 12.2 -15.1642 7.499 8.7 -15.3017 8.4492 5.1 -15.3017 8.4492 2.9 -15.1642 7.499
4 72 13.7131 -15.1349 7.2971 12.6 -15.3017 8.4492 8.7 -15.3017 8.4492 12.2 -15.1642 7.499
4 72 12.6 -15.3017 8.4492 13.7131 -15.1349 7.2971 17.5 -15.4181 9.2527 12.9 -15.4181 9.2527
3 72 17.5 -15.4181 9.2527 13.7131 -15.1349 7.2971 14.9959 -15.0248 6.5367
3 72 17.5 -15.4181 9.2527 14.9959 -15.0248 6.5367 15.8533 -14.8453 5.2969
3 72 17.5 -14.8463 5.295 17.5 -15.4181 9.2527 15.8533 -14.8453 5.2969
3 72 -4.45 -15.1709 7.5452 -.7533 -14.8453 5.2969 .1041 -15.0248 6.5367
3 72 -.7533 -14.8453 5.2969 -4.45 -15.1709 7.5452 -4.45 -14.8451 5.2953
4 72 -14.55 -14.8451 5.2953 -14.55 -15.1709 7.5452 -17.5 -15.4181 9.2527 -17.5 -14.8451 5.2953
3 72 -13.95 -15.1709 7.5452 -10.1 -14.8727 5.4861 -9.8 -14.8946 5.6368
3 72 -10.2267 -14.8451 5.2953 -10.1 -14.8727 5.4861 -13.95 -15.1709 7.5452
3 72 -13.95 -15.1709 7.5452 -13.95 -14.8451 5.2953 -10.2267 -14.8451 5.2953
4 72 -9.2 -14.8946 5.6368 -8.9 -14.8727 5.4861 -5.05 -15.1709 7.5452 -9.2 -15.1709 7.5452
3 72 -8.7733 -14.8451 5.2953 -5.05 -15.1709 7.5452 -8.9 -14.8727 5.4861
3 72 -5.05 -15.1709 7.5452 -8.7733 -14.8451 5.2953 -5.05 -14.8451 5.2953
4 320 -5.9 -15.6217 10.6589 -3 -15.6217 10.6589 -3 -15.9003 12.5834 -5.9 -15.9003 12.5834
4 0 -16.8827 -16.1281 17.4125 -17.4239 -16.1025 16.8689 -17.5 -16.0844 16.4845 -16.5 -16.1317 17.4889
3 0 -17.2071 -16.1179 17.1948 -17.4239 -16.1025 16.8689 -16.8827 -16.1281 17.4125
4 0 17.4239 -16.1025 16.8689 16.8827 -16.1281 17.4125 16.5 -16.1317 17.4889 17.5 -16.0845 16.4844
3 0 17.2071 -16.1179 17.1948 16.8827 -16.1281 17.4125 17.4239 -16.1025 16.8689
4 0 -5.9 -15.9327 13.2704 -10.4 -15.9327 13.2704 -10.4 -15.9003 12.5834 -5.9 -15.9003 12.5834
3 0 -3 -15.9327 13.2704 -3 -15.9003 12.5834 1.6 -15.9003 12.5834
4 0 9.1 -15.9327 13.2704 4.7 -15.9327 13.2704 4.7 -15.9003 12.5834 9.1 -15.9003 12.5834
4 0 -13.5 -15.9327 13.2704 -16.5 -16.1317 17.4889 -17.5 -16.0844 16.4845 -13.5 -15.9003 12.5834
3 0 -17.5 -16.0844 16.4845 -17.5 -15.9006 12.5832 -13.5 -15.9003 12.5834
3 0 -16.5 -16.1317 17.4889 -13.5 -15.9327 13.2704 -10.4 -15.9327 13.2704
3 0 -16.5 -16.1317 17.4889 -10.4 -15.9327 13.2704 -5.9 -15.9327 13.2704
3 0 -16.5 -16.1317 17.4889 -5.9 -15.9327 13.2704 -3 -15.9327 13.2704
4 0 1.6 -15.9327 13.2704 -16.5 -16.1317 17.4889 -3 -15.9327 13.2704 1.6 -15.9003 12.5834
4 0 16.5 -16.1317 17.4889 -16.5 -16.1317 17.4889 1.6 -15.9327 13.2704 4.7 -15.9327 13.2704
3 0 16.5 -16.1317 17.4889 4.7 -15.9327 13.2704 9.1 -15.9327 13.2704
4 0 9.1 -15.9327 13.2704 12.2 -15.9327 13.2704 17.5 -16.0845 16.4844 16.5 -16.1317 17.4889
4 0 17.5 -16.0845 16.4844 12.2 -15.9327 13.2704 12.2 -15.9003 12.5834 17.5 -15.9006 12.5832
4 15 -10.4 -15.9003 12.5834 -10.4 -15.9327 13.2704 -13.5 -15.9327 13.2704 -13.5 -15.9003 12.5834
4 15 4.7 -15.9003 12.5834 4.7 -15.9327 13.2704 1.6 -15.9327 13.2704 1.6 -15.9003 12.5834
4 15 12.2 -15.9003 12.5834 12.2 -15.9327 13.2704 9.1 -15.9327 13.2704 9.1 -15.9003 12.5834
4 320 -3 -15.9003 12.5834 -3 -15.9327 13.2704 -5.9 -15.9327 13.2704 -5.9 -15.9003 12.5834
3 0 1.6 -15.9003 12.5834 -3 -15.9003 12.5834 1.6 -15.8834 12.4669
3 0 1.6 -15.8834 12.4669 -3 -15.9003 12.5834 -3 -15.6217 10.6589
3 0 1.6 -15.8834 12.4669 -3 -15.6217 10.6589 .9 -15.4181 9.2527
3 0 1.6 -15.8834 12.4669 .9 -15.4181 9.2527 1.6 -15.7816 11.7638
3 0 -8.7733 -14.8451 5.2953 -8.95 -14.7068 4.7328 -8.5 -14.6697 4.5822
3 0 -10.2267 -14.8451 5.2953 -8.95 -14.7068 4.7328 -8.7733 -14.8451 5.2953
3 0 -8.95 -14.7068 4.7328 -10.2267 -14.8451 5.2953 -10.05 -14.7068 4.7328
3 72 -10.2267 -14.8451 5.2953 -13.95 -14.8451 5.2953 -10.3 -14.8179 5.1848
3 72 -13.95 -14.8451 5.2953 -10.7 -14.5462 4.08 -10.5 -14.6697 4.5822
3 72 -13.95 -14.8451 5.2953 -10.5 -14.6697 4.5822 -10.3 -14.8179 5.1848
3 72 -5.6 -13.4344 -.4399 -9 -13.1502 -1.595 -5.05 -13.3602 -.7413
3 72 -4.45 -13.3602 -.7413 -5.05 -13.3602 -.7413 1.1 -13.1502 -1.595
3 72 -5.05 -13.3602 -.7413 -9 -13.1502 -1.595 1.1 -13.1502 -1.595
3 72 -11.637 -7.7299 -14.5882 -11.35 -7.6252 -14.7529 -9.4459 -7.9279 -14.18
3 72 -9.4459 -7.9279 -14.18 -11.35 -7.6252 -14.7529 -9.3 -7.2101 -15.4058
3 72 -9.4459 -7.9279 -14.18 -9.3 -7.2101 -15.4058 -7.8548 -7.7649 -14.516
3 72 -7.8548 -7.7649 -14.516 -9.3 -7.2101 -15.4058 -6.85 -6.9866 -15.7573
3 72 -7.8548 -7.7649 -14.516 -6.85 -6.9866 -15.7573 -6.8009 -7.7299 -14.5882
3 15 3.2476 -13.1381 -1.6443 3.0996 -13.1137 -1.7437 4.525 -13.1502 -1.595
3 15 3.7 -13.212 -1.3439 3.2476 -13.1381 -1.6443 4.525 -13.1502 -1.595
