0 Sticker  1.7 x  1.7 with Yellow Dirt Stains on Light Bluish Grey Background Right Model (Formed)
0 Name: 6132160wc01.dat
0 Author: Evert-Jan Boer [ejboer]
0 !LDRAW_ORG Unofficial_Part
0 !LICENSE Licensed under CC BY 4.0 : see CAreadme.txt

0 BFC CERTIFY CCW

0 !KEYWORDS Set 75060, Slave I

4 16 17.5 -6.2215 -16.5 17.4239 -5.9786 -16.8827 16.8827 -5.6351 -17.4239 16.5 -5.5868 -17.5
3 16 17.4239 -5.9786 -16.8827 17.2071 -5.7727 -17.2071 16.8827 -5.6351 -17.4239
4 16 -16.5 -5.5868 -17.5 -16.8827 -5.6351 -17.4239 -17.4239 -5.9786 -16.8827 -17.5 -6.2215 -16.5
3 16 -16.8827 -5.6351 -17.4239 -17.2071 -5.7727 -17.2071 -17.4239 -5.9786 -16.8827
4 16 16.5 -15.8824 17.5 16.8827 -15.8788 17.4239 17.4239 -15.8533 16.8827 17.5 -15.8353 16.5
3 16 16.8827 -15.8788 17.4239 17.2071 -15.8686 17.2071 17.4239 -15.8533 16.8827
4 16 -17.5 -15.8353 16.5 -17.4239 -15.8533 16.8827 -16.8827 -15.8788 17.4239 -16.5 -15.8824 17.5
3 16 -17.4239 -15.8533 16.8827 -17.2071 -15.8686 17.2071 -16.8827 -15.8788 17.4239

4 16 16.5 -5.5868 -17.5 -16.5 -5.5868 -17.5 -17.5 -6.2215 -16.5 17.5 -6.2215 -16.5
4 16 17.5 -7.5316 -14.436 17.5 -6.2215 -16.5 -17.5 -6.2215 -16.5 -17.5 -7.5316 -14.436
4 16 17.5 -7.5316 -14.436 -17.5 -7.5316 -14.436 -17.5 -10.5099 -8.284 17.5 -10.5099 -8.284
4 16 -17.5 -12.8827 -1.648 17.5 -12.8827 -1.648 17.5 -10.5099 -8.284 -17.5 -10.5099 -8.284
4 16 -17.5 -14.6036 5.36 17.5 -14.6036 5.36 17.5 -12.8827 -1.648 -17.5 -12.8827 -1.648
4 16 -17.5 -15.6524 12.616 17.5 -15.6524 12.616 17.5 -14.6036 5.36 -17.5 -14.6036 5.36
4 16 17.5 -15.8353 16.5 -17.5 -15.8353 16.5 -16.5 -15.8824 17.5 16.5 -15.8824 17.5
4 16 17.5 -15.8353 16.5 17.5 -15.6524 12.616 -17.5 -15.6524 12.616 -17.5 -15.8353 16.5
5 24 17.5 -12.8827 -1.648 -17.5 -12.8827 -1.648 -17.5 -10.5099 -8.284 17.5 -14.6036 5.36
5 24 -17.5 -10.5099 -8.284 17.5 -10.5099 -8.284 17.5 -12.8827 -1.648 -17.5 -7.5316 -14.436
5 24 17.5 -15.6524 12.616 -17.5 -15.6524 12.616 -17.5 -14.6036 5.36 17.5 -15.8353 16.5
5 24 17.5 -7.5316 -14.436 -17.5 -7.5316 -14.436 -17.5 -6.2215 -16.5 17.5 -10.5099 -8.284
5 24 -17.5 -14.6036 5.36 17.5 -14.6036 5.36 -17.5 -12.8827 -1.648 17.5 -15.6524 12.616

4 16 16.8827 -5.824 -17.5852 16.5 -5.7775 -17.6662 16.5 -5.5868 -17.5 16.8827 -5.6351 -17.4239
4 16 17.2071 -5.9624 -17.3675 16.8827 -5.824 -17.5852 16.8827 -5.6351 -17.4239 17.2071 -5.7727 -17.2071
4 16 17.4239 -6.1695 -17.0417 17.2071 -5.9624 -17.3675 17.2071 -5.7727 -17.2071 17.4239 -5.9786 -16.8827
4 16 17.5 -6.4138 -16.6573 17.4239 -6.1695 -17.0417 17.4239 -5.9786 -16.8827 17.5 -6.2215 -16.5
4 16 17.5 -7.7299 -14.5843 17.5 -6.4138 -16.6573 17.5 -6.2215 -16.5 17.5 -7.5316 -14.436
4 16 17.5 -10.7264 -8.4058 17.5 -7.7299 -14.5843 17.5 -7.5316 -14.436 17.5 -10.5099 -8.284
4 16 17.5 -13.1141 -1.7413 17.5 -10.7264 -8.4058 17.5 -10.5099 -8.284 17.5 -12.8827 -1.648
4 16 17.5 -14.8453 5.297 17.5 -13.1141 -1.7413 17.5 -12.8827 -1.648 17.5 -14.6036 5.36
4 16 17.5 -15.9004 12.5843 17.5 -14.8453 5.297 17.5 -14.6036 5.36 17.5 -15.6524 12.616
4 16 17.5 -16.0844 16.4849 17.5 -15.9004 12.5843 17.5 -15.6524 12.616 17.5 -15.8353 16.5
4 16 17.4239 -15.8533 16.8827 17.4239 -16.1024 16.8693 17.5 -16.0844 16.4849 17.5 -15.8353 16.5
4 16 17.2071 -16.1178 17.1951 17.4239 -16.1024 16.8693 17.4239 -15.8533 16.8827 17.2071 -15.8686 17.2071
4 16 16.8827 -16.1281 17.4128 17.2071 -16.1178 17.1951 17.2071 -15.8686 17.2071 16.8827 -15.8788 17.4239
4 16 16.5 -15.8824 17.5 16.5 -16.1317 17.4893 16.8827 -16.1281 17.4128 16.8827 -15.8788 17.4239
4 16 -16.5 -16.1317 17.4893 16.5 -16.1317 17.4893 16.5 -15.8824 17.5 -16.5 -15.8824 17.5
4 16 -16.8827 -15.8788 17.4239 -16.8827 -16.1281 17.4128 -16.5 -16.1317 17.4893 -16.5 -15.8824 17.5
4 16 -17.2071 -15.8686 17.2071 -17.2071 -16.1178 17.1951 -16.8827 -16.1281 17.4128 -16.8827 -15.8788 17.4239
4 16 -17.4239 -15.8533 16.8827 -17.4239 -16.1024 16.8693 -17.2071 -16.1178 17.1951 -17.2071 -15.8686 17.2071
4 16 -17.5 -15.8353 16.5 -17.5 -16.0843 16.4849 -17.4239 -16.1024 16.8693 -17.4239 -15.8533 16.8827
4 16 -17.5 -15.9004 12.5843 -17.5 -16.0843 16.4849 -17.5 -15.8353 16.5 -17.5 -15.6524 12.616
4 16 -17.5 -14.8451 5.297 -17.5 -15.9004 12.5843 -17.5 -15.6524 12.616 -17.5 -14.6036 5.36
4 16 -17.5 -13.1137 -1.7412 -17.5 -14.8451 5.297 -17.5 -14.6036 5.36 -17.5 -12.8827 -1.648
4 16 -17.5 -10.727 -8.4059 -17.5 -13.1137 -1.7412 -17.5 -12.8827 -1.648 -17.5 -10.5099 -8.284
4 16 -17.5 -7.7299 -14.5843 -17.5 -10.727 -8.4059 -17.5 -10.5099 -8.284 -17.5 -7.5316 -14.436
4 16 -17.5 -6.4118 -16.6571 -17.5 -7.7299 -14.5843 -17.5 -7.5316 -14.436 -17.5 -6.2215 -16.5
4 16 -17.4239 -6.1695 -17.0417 -17.5 -6.4118 -16.6571 -17.5 -6.2215 -16.5 -17.4239 -5.9786 -16.8827
4 16 -17.2071 -5.9624 -17.3675 -17.4239 -6.1695 -17.0417 -17.4239 -5.9786 -16.8827 -17.2071 -5.7727 -17.2071
4 16 -16.8827 -5.824 -17.5852 -17.2071 -5.9624 -17.3675 -17.2071 -5.7727 -17.2071 -16.8827 -5.6351 -17.4239
4 16 -16.5 -5.7775 -17.6662 -16.8827 -5.824 -17.5852 -16.8827 -5.6351 -17.4239 -16.5 -5.5868 -17.5
4 16 16.5 -5.5868 -17.5 16.5 -5.7775 -17.6662 -16.5 -5.7775 -17.6662 -16.5 -5.5868 -17.5
5 24 16.8827 -5.824 -17.5852 16.8827 -5.6351 -17.4239 16.5 -5.7775 -17.6662 17.2071 -5.7727 -17.2071
5 24 16.5 -15.8824 17.5 16.5 -16.1317 17.4893 -16.5 -15.8824 17.5 16.8827 -16.1281 17.4128
5 24 17.2071 -5.7727 -17.2071 17.2071 -5.9624 -17.3675 16.8827 -5.824 -17.5852 17.4239 -5.9786 -16.8827
5 24 -17.5 -6.4118 -16.6571 -17.5 -6.2215 -16.5 -17.5 -7.7299 -14.5843 -17.4239 -5.9786 -16.8827
5 24 -17.4239 -5.9786 -16.8827 -17.4239 -6.1695 -17.0417 -17.5 -6.4118 -16.6571 -17.2071 -5.7727 -17.2071
5 24 -17.2071 -16.1178 17.1951 -17.2071 -15.8686 17.2071 -16.8827 -16.1281 17.4128 -17.4239 -15.8533 16.8827
5 24 17.4239 -5.9786 -16.8827 17.4239 -6.1695 -17.0417 17.2071 -5.9624 -17.3675 17.5 -6.2215 -16.5
5 24 -16.8827 -5.6351 -17.4239 -16.8827 -5.824 -17.5852 -16.5 -5.5868 -17.5 -17.2071 -5.9624 -17.3675
5 24 -17.5 -15.8353 16.5 -17.5 -16.0843 16.4849 -17.4239 -16.1024 16.8693 -17.5 -15.6524 12.616
5 24 -16.5 -15.8824 17.5 -16.5 -16.1317 17.4893 -16.8827 -15.8788 17.4239 16.5 -16.1317 17.4893
5 24 -16.8827 -15.8788 17.4239 -16.8827 -16.1281 17.4128 -17.2071 -15.8686 17.2071 -16.5 -16.1317 17.4893
5 24 17.4239 -15.8533 16.8827 17.4239 -16.1024 16.8693 17.5 -16.0844 16.4849 17.2071 -15.8686 17.2071
5 24 16.5 -5.7775 -17.6662 16.5 -5.5868 -17.5 -16.5 -5.7775 -17.6662 16.8827 -5.6351 -17.4239
5 24 16.8827 -16.1281 17.4128 16.8827 -15.8788 17.4239 17.2071 -16.1178 17.1951 16.5 -15.8824 17.5
5 24 -17.2071 -5.7727 -17.2071 -17.2071 -5.9624 -17.3675 -16.8827 -5.6351 -17.4239 -17.4239 -6.1695 -17.0417
5 24 17.5 -6.2215 -16.5 17.5 -6.4138 -16.6573 17.4239 -6.1695 -17.0417 17.5 -7.5316 -14.436
5 24 17.2071 -15.8686 17.2071 17.2071 -16.1178 17.1951 16.8827 -15.8788 17.4239 17.4239 -16.1024 16.8693
5 24 17.5 -15.8353 16.5 17.5 -16.0844 16.4849 17.5 -15.9004 12.5843 17.4239 -15.8533 16.8827
5 24 -17.4239 -15.8533 16.8827 -17.4239 -16.1024 16.8693 -17.5 -15.8353 16.5 -17.2071 -16.1178 17.1951
5 24 -16.5 -5.7775 -17.6662 -16.5 -5.5868 -17.5 -16.8827 -5.824 -17.5852 16.5 -5.5868 -17.5

5 24 17.5 -13.1141 -1.7413 -17.5 -13.1137 -1.7412 -17.5 -10.727 -8.4059 17.5 -14.8453 5.297
5 24 -17.5 -10.727 -8.4059 17.5 -10.7264 -8.4058 17.5 -13.1141 -1.7413 -17.5 -7.7299 -14.5843
5 24 17.5 -15.9004 12.5843 -17.5 -15.9004 12.5843 -17.5 -14.8451 5.297 17.5 -16.0844 16.4849
5 24 17.5 -7.7299 -14.5843 -17.5 -7.7299 -14.5843 -17.5 -6.4118 -16.6571 17.5 -10.7264 -8.4058
5 24 -17.5 -14.8451 5.297 17.5 -14.8453 5.297 -17.5 -13.1137 -1.7412 17.5 -15.9004 12.5843

4 71 16.8827 -5.824 -17.5852 17.4239 -6.1695 -17.0417 17.5 -6.4138 -16.6573 16.5 -5.7732 -17.6571
3 71 17.2071 -5.9624 -17.3675 17.4239 -6.1695 -17.0417 16.8827 -5.824 -17.5852
4 14 -17.4239 -6.1695 -17.0417 -16.8827 -5.824 -17.5852 -16.5 -5.7732 -17.6571 -17.5 -6.4118 -16.6571
3 14 -17.2071 -5.9624 -17.3675 -16.8827 -5.824 -17.5852 -17.4239 -6.1695 -17.0417
3 14 -4.6843 -7.7299 -14.5803 -5.25 -7.0504 -15.6487 -4.85 -7.4336 -15.0462
3 71 -17.5 -7.3059 -15.2471 -17.0795 -7.7299 -14.5803 -17.5 -7.7299 -14.5843
3 71 -3.45 -6.3799 -16.7031 -2.85 -5.7732 -17.6571 0 -5.7732 -17.6571
4 71 -3.45 -6.3799 -16.7031 0 -5.7732 -17.6571 -4.85 -7.4336 -15.0462 -4.2 -6.9227 -15.8496
3 71 -4.6843 -7.7299 -14.5803 -4.85 -7.4336 -15.0462 0 -5.7732 -17.6571
3 71 -4.85 -7.4336 -15.0462 -5.25 -7.0504 -15.6487 -4.2 -6.9227 -15.8496
4 14 -17.0795 -7.7299 -14.5803 -17.5 -7.3059 -15.2471 -17.5 -6.4118 -16.6571 -16.5 -5.7732 -17.6571
4 14 -17.0795 -7.7299 -14.5803 -16.5 -5.7732 -17.6571 -5.25 -7.0504 -15.6487 -4.6843 -7.7299 -14.5803
4 14 -3.45 -6.3799 -16.7031 -4.2 -6.9227 -15.8496 -5.25 -7.0504 -15.6487 -16.5 -5.7732 -17.6571
3 14 -3.45 -6.3799 -16.7031 -16.5 -5.7732 -17.6571 -2.85 -5.7732 -17.6571
4 71 -4.6843 -7.7299 -14.5803 0 -5.7732 -17.6571 16.5 -5.7732 -17.6571 17.5 -7.7299 -14.5843
3 71 17.5 -7.7299 -14.5843 16.5 -5.7732 -17.6571 17.5 -6.4138 -16.6573
3 14 -15 -8.7703 -12.4353 -10.7 -8.3076 -13.3893 -9.95 -8.6242 -12.7366
4 14 -9.6 -8.9408 -12.0839 -13.9 -9.1356 -11.6822 -15 -8.7703 -12.4353 -9.95 -8.6242 -12.7366
4 14 -9.6 -8.9408 -12.0839 -9.55 -9.3304 -11.2805 -13.85 -9.3791 -11.1801 -13.9 -9.1356 -11.6822
4 14 -9.75 -9.6957 -10.5274 -13.55 -9.7688 -10.3767 -13.85 -9.3791 -11.1801 -9.55 -9.3304 -11.2805
4 14 -13.55 -9.7688 -10.3767 -9.75 -9.6957 -10.5274 -9.55 -10.0367 -9.8244 -12.9 -10.0611 -9.7742
3 14 -12.0255 -10.7264 -8.4025 -12.9 -10.0611 -9.7742 -9.55 -10.0367 -9.8244
3 14 -9.55 -10.0367 -9.8244 -8.95 -10.2802 -9.3223 -12.0255 -10.7264 -8.4025
4 14 -8.95 -10.2802 -9.3223 -8.55 -10.4994 -8.8705 -8.3805 -10.7264 -8.4025 -12.0255 -10.7264 -8.4025
3 14 -7.95 -8.0153 -13.9918 -8.55 -7.8692 -14.2931 -4.6843 -7.7299 -14.5803
4 14 -4.6 -7.8449 -14.3433 -4.65 -8.3076 -13.3893 -7.95 -8.0153 -13.9918 -4.6843 -7.7299 -14.5803
3 14 -5.05 -8.6485 -12.6864 -7.95 -8.0153 -13.9918 -4.65 -8.3076 -13.3893
4 14 -7.95 -8.0153 -13.9918 -5.05 -8.6485 -12.6864 -5.5 -8.8677 -12.2345 -8 -8.2832 -13.4395
3 14 -6.3 -9.0625 -11.8328 -8 -8.2832 -13.4395 -5.5 -8.8677 -12.2345
4 14 -7.75 -9.2574 -11.4311 -8 -8.819 -12.3349 -8 -8.2832 -13.4395 -6.3 -9.0625 -11.8328
4 14 -6.3 -9.0625 -11.8328 -6.25 -9.2574 -11.4311 -7.5 -9.6714 -10.5776 -7.75 -9.2574 -11.4311
4 14 -6.25 -9.2574 -11.4311 -5.65 -9.5009 -10.9291 -7 -10.0854 -9.724 -7.5 -9.6714 -10.5776
4 14 -5.65 -9.5009 -10.9291 -4.95 -9.6957 -10.5274 -5.95 -10.5238 -8.8203 -7 -10.0854 -9.724
3 14 -5.2012 -10.7264 -8.4025 -5.95 -10.5238 -8.8203 -4.95 -9.6957 -10.5274
3 14 -4.95 -9.6957 -10.5274 -4.25 -9.988 -9.9249 -5.2012 -10.7264 -8.4025
3 14 -3.4 -10.5968 -8.6696 -5.2012 -10.7264 -8.4025 -4.25 -9.988 -9.9249
3 14 -4.25 -9.988 -9.9249 -3.65 -10.3046 -9.2721 -3.4 -10.5968 -8.6696
3 14 -3.4 -10.5968 -8.6696 -3.001 -10.7264 -8.4025 -5.2012 -10.7264 -8.4025
3 71 -17.5 -10.727 -8.4059 -12.9 -10.0611 -9.7742 -12.0255 -10.7264 -8.4025
3 71 -16.55 -8.1371 -13.7408 -17.5 -10.727 -8.4059 -17.5 -7.7299 -14.5843
3 71 -17.5 -7.7299 -14.5843 -17.0795 -7.7299 -14.5803 -16.55 -8.1371 -13.7408
3 71 -17.5 -10.727 -8.4059 -16.55 -8.1371 -13.7408 -15 -8.7703 -12.4353
3 71 -13.85 -9.3791 -11.1801 -17.5 -10.727 -8.4059 -15 -8.7703 -12.4353
3 71 -15 -8.7703 -12.4353 -13.9 -9.1356 -11.6822 -13.85 -9.3791 -11.1801
3 71 -17.5 -10.727 -8.4059 -13.85 -9.3791 -11.1801 -13.55 -9.7688 -10.3767
3 71 -17.5 -10.727 -8.4059 -13.55 -9.7688 -10.3767 -12.9 -10.0611 -9.7742
4 71 -10.7 -8.3076 -13.3893 -9.95 -8.2589 -13.4897 -8 -8.819 -12.3349 -9.95 -8.6242 -12.7366
4 71 -9.95 -8.2589 -13.4897 -9.05 -8.0884 -13.8412 -8 -8.2832 -13.4395 -8 -8.819 -12.3349
4 71 -8 -8.2832 -13.4395 -9.05 -8.0884 -13.8412 -8.55 -7.8692 -14.2931 -7.95 -8.0153 -13.9918
3 71 -9.6 -8.9408 -12.0839 -9.95 -8.6242 -12.7366 -8 -8.819 -12.3349
4 71 -8 -8.819 -12.3349 -7.75 -9.2574 -11.4311 -9.55 -9.3304 -11.2805 -9.6 -8.9408 -12.0839
3 71 -9.75 -9.6957 -10.5274 -9.55 -9.3304 -11.2805 -7.75 -9.2574 -11.4311
4 71 -7.75 -9.2574 -11.4311 -7.5 -9.6714 -10.5776 -9.55 -10.0367 -9.8244 -9.75 -9.6957 -10.5274
4 71 -9.55 -10.0367 -9.8244 -7.5 -9.6714 -10.5776 -7 -10.0854 -9.724 -8.95 -10.2802 -9.3223
3 71 -8.55 -10.4994 -8.8705 -8.95 -10.2802 -9.3223 -7 -10.0854 -9.724
3 71 -8.3805 -10.7264 -8.4025 -8.55 -10.4994 -8.8705 -7 -10.0854 -9.724
3 71 -7 -10.0854 -9.724 -5.95 -10.5238 -8.8203 -8.3805 -10.7264 -8.4025
3 71 -5.95 -10.5238 -8.8203 -5.2012 -10.7264 -8.4025 -8.3805 -10.7264 -8.4025
4 71 -6.3 -9.0625 -11.8328 -5.5 -8.8677 -12.2345 -5.65 -9.5009 -10.9291 -6.25 -9.2574 -11.4311
4 71 -5.65 -9.5009 -10.9291 -5.5 -8.8677 -12.2345 -5.05 -8.6485 -12.6864 -4.95 -9.6957 -10.5274
4 71 -5.05 -8.6485 -12.6864 -4.65 -8.3076 -13.3893 -4.25 -9.988 -9.9249 -4.95 -9.6957 -10.5274
3 71 -3.65 -10.3046 -9.2721 -4.25 -9.988 -9.9249 -4.65 -8.3076 -13.3893
4 14 -10.7 -8.3076 -13.3893 -15 -8.7703 -12.4353 -16.55 -8.1371 -13.7408 -17.0795 -7.7299 -14.5803
4 14 -9.05 -8.0884 -13.8412 -9.95 -8.2589 -13.4897 -10.7 -8.3076 -13.3893 -17.0795 -7.7299 -14.5803
3 14 -17.0795 -7.7299 -14.5803 -8.55 -7.8692 -14.2931 -9.05 -8.0884 -13.8412
3 14 -8.55 -7.8692 -14.2931 -17.0795 -7.7299 -14.5803 -4.6843 -7.7299 -14.5803
3 71 -4.6843 -7.7299 -14.5803 17.5 -7.7299 -14.5843 17.5 -10.7264 -8.4058
3 14 -8.3805 -10.7264 -8.4025 -11.7 -10.8825 -7.9667 -12.0255 -10.7264 -8.4025
4 14 -8.3805 -10.7264 -8.4025 -8.15 -11.1164 -7.314 -11.05 -11.1523 -7.2135 -11.7 -10.8825 -7.9667
3 14 -8.15 -11.4761 -6.3098 -11.05 -11.1523 -7.2135 -8.15 -11.1164 -7.314
4 14 -8.4 -11.7819 -5.4562 -10.9 -11.3682 -6.611 -11.05 -11.1523 -7.2135 -8.15 -11.4761 -6.3098
4 14 -8.4 -11.7819 -5.4562 -8.7 -12.0697 -4.6529 -11.1 -11.602 -5.9583 -10.9 -11.3682 -6.611
3 14 -9.15 -12.2316 -4.201 -11.1 -11.602 -5.9583 -8.7 -12.0697 -4.6529
4 14 -11.6 -11.656 -5.8077 -11.1 -11.602 -5.9583 -9.15 -12.2316 -4.201 -9.65 -12.3395 -3.8997
4 14 -11.5 -12.3395 -3.8997 -9.65 -12.3395 -3.8997 -9.7 -12.5733 -3.247 -11.05 -12.5194 -3.3976
4 14 -11.05 -12.5194 -3.3976 -9.7 -12.5733 -3.247 -9.35 -12.8072 -2.5943 -11.05 -12.7532 -2.7449
3 14 -11.25 -12.9691 -2.1424 -11.05 -12.7532 -2.7449 -9.35 -12.8072 -2.5943
4 14 -11.1495 -13.1137 -1.7387 -11.25 -12.9691 -2.1424 -9.35 -12.8072 -2.5943 -8.2516 -13.1137 -1.7387
3 14 -8.2516 -13.1137 -1.7387 -9.35 -12.8072 -2.5943 -8.6 -12.9691 -2.1424
4 14 -9.65 -12.3395 -3.8997 -11.5 -12.3395 -3.8997 -12.5 -12.1057 -4.5524 -11.6 -11.656 -5.8077
4 14 -12.5 -12.1057 -4.5524 -13.45 -11.8179 -5.3558 -12.25 -11.602 -5.9583 -11.6 -11.656 -5.8077
4 14 -12.4 -11.4222 -6.4604 -12.25 -11.602 -5.9583 -13.45 -11.8179 -5.3558 -13.7 -11.566 -6.0587
4 14 -12.7 -11.1343 -7.2638 -12.4 -11.4222 -6.4604 -13.7 -11.566 -6.0587 -13.8 -11.3142 -6.7617
4 14 -13.8 -11.3142 -6.7617 -13.85 -11.0984 -7.3642 -13 -10.9545 -7.7659 -12.7 -11.1343 -7.2638
4 14 -13.45 -10.8465 -8.0671 -13 -10.9545 -7.7659 -13.85 -11.0984 -7.3642 -13.95 -10.9185 -7.8663
3 14 -5.2012 -10.7264 -8.4025 -3.001 -10.7264 -8.4025 -2.8 -10.7746 -8.2679
4 14 -2.15 -10.8106 -8.1675 -2.5 -11.2782 -6.8621 -3.7 -11.1164 -7.314 -2.8 -10.7746 -8.2679
4 14 -1.25 -10.8286 -8.1173 -1.35 -11.2243 -7.0127 -2.5 -11.2782 -6.8621 -2.15 -10.8106 -8.1675
4 14 -1.35 -11.2243 -7.0127 -1.25 -10.8286 -8.1173 -.8 -10.8825 -7.9667 -.75 -11.0624 -7.4646
3 14 -3.3 -12.0517 -4.7031 -3.45 -11.692 -5.7073 -2.45 -11.9798 -4.9039
4 14 -3.3 -12.0517 -4.7031 -2.45 -11.9798 -4.9039 -1.95 -12.2675 -4.1006 -3.3 -12.3935 -3.7491
3 14 -3.25 -12.6633 -2.996 -3.3 -12.3935 -3.7491 -1.95 -12.2675 -4.1006
4 14 -1.15 -12.4654 -3.5483 -2.85 -12.8971 -2.3432 -3.25 -12.6633 -2.996 -1.95 -12.2675 -4.1006
4 14 -.7 -12.7892 -2.6445 -2.1969 -13.1137 -1.7387 -2.85 -12.8971 -2.3432 -1.15 -12.4654 -3.5483
3 14 -.7 -12.7892 -2.6445 -.8 -12.987 -2.0922 -2.1969 -13.1137 -1.7387
3 14 -.8 -12.987 -2.0922 -.7458 -13.1137 -1.7387 -2.1969 -13.1137 -1.7387
3 71 -11.25 -12.9691 -2.1424 -11.1495 -13.1137 -1.7387 -17.5 -13.1137 -1.7412
3 71 -11.25 -12.9691 -2.1424 -17.5 -13.1137 -1.7412 -11.05 -12.5194 -3.3976
3 71 -11.05 -12.5194 -3.3976 -11.05 -12.7532 -2.7449 -11.25 -12.9691 -2.1424
3 71 -11.05 -12.5194 -3.3976 -17.5 -13.1137 -1.7412 -12.5 -12.1057 -4.5524
3 71 -12.5 -12.1057 -4.5524 -11.5 -12.3395 -3.8997 -11.05 -12.5194 -3.3976
3 71 -17.5 -13.1137 -1.7412 -13.45 -11.8179 -5.3558 -12.5 -12.1057 -4.5524
3 71 -17.5 -13.1137 -1.7412 -13.7 -11.566 -6.0587 -13.45 -11.8179 -5.3558
3 71 -17.5 -13.1137 -1.7412 -13.8 -11.3142 -6.7617 -13.7 -11.566 -6.0587
3 71 -13.8 -11.3142 -6.7617 -17.5 -13.1137 -1.7412 -13.95 -10.9185 -7.8663
3 71 -13.95 -10.9185 -7.8663 -13.85 -11.0984 -7.3642 -13.8 -11.3142 -6.7617
4 71 -11.7 -10.8825 -7.9667 -12.7 -11.1343 -7.2638 -13 -10.9545 -7.7659 -12.0255 -10.7264 -8.4025
4 71 -12.4 -11.4222 -6.4604 -12.7 -11.1343 -7.2638 -11.7 -10.8825 -7.9667 -11.05 -11.1523 -7.2135
4 71 -11.05 -11.1523 -7.2135 -10.9 -11.3682 -6.611 -11.1 -11.602 -5.9583 -12.4 -11.4222 -6.4604
4 71 -11.6 -11.656 -5.8077 -12.25 -11.602 -5.9583 -12.4 -11.4222 -6.4604 -11.1 -11.602 -5.9583
3 71 -13.95 -10.9185 -7.8663 -17.5 -13.1137 -1.7412 -17.5 -10.727 -8.4059
3 71 -13.45 -10.8465 -8.0671 -13.95 -10.9185 -7.8663 -17.5 -10.727 -8.4059
3 71 -5.2012 -10.7264 -8.4025 -8.15 -11.1164 -7.314 -8.3805 -10.7264 -8.4025
3 71 -5.2012 -10.7264 -8.4025 -4.45 -10.9185 -7.8663 -8.15 -11.1164 -7.314
4 71 -4.45 -10.9185 -7.8663 -3.7 -11.1164 -7.314 -3.45 -11.692 -5.7073 -8.15 -11.1164 -7.314
3 71 -3.45 -11.692 -5.7073 -8.15 -11.4761 -6.3098 -8.15 -11.1164 -7.314
4 71 -8.15 -11.4761 -6.3098 -3.45 -11.692 -5.7073 -3.3 -12.0517 -4.7031 -8.4 -11.7819 -5.4562
4 71 -8.7 -12.0697 -4.6529 -8.4 -11.7819 -5.4562 -3.3 -12.0517 -4.7031 -3.3 -12.3935 -3.7491
4 71 -1.25 -10.8286 -8.1173 -2.15 -10.8106 -8.1675 -2.8 -10.7746 -8.2679 -3.001 -10.7264 -8.4025
3 71 -3.001 -10.7264 -8.4025 17.5 -10.7264 -8.4058 -1.25 -10.8286 -8.1173
3 71 -3.45 -11.692 -5.7073 -3.7 -11.1164 -7.314 -2.5 -11.2782 -6.8621
4 71 -1.35 -11.2243 -7.0127 -2.45 -11.9798 -4.9039 -3.45 -11.692 -5.7073 -2.5 -11.2782 -6.8621
3 71 -1.95 -12.2675 -4.1006 -2.45 -11.9798 -4.9039 -1.35 -11.2243 -7.0127
4 71 -1.95 -12.2675 -4.1006 -1.35 -11.2243 -7.0127 -.75 -11.0624 -7.4646 -1.15 -12.4654 -3.5483
3 71 -.7 -12.7892 -2.6445 -1.15 -12.4654 -3.5483 -.75 -11.0624 -7.4646
4 71 -9.65 -12.3395 -3.8997 -9.15 -12.2316 -4.201 -9.35 -12.8072 -2.5943 -9.7 -12.5733 -3.247
4 71 -8.7 -12.0697 -4.6529 -8.6 -12.9691 -2.1424 -9.35 -12.8072 -2.5943 -9.15 -12.2316 -4.201
3 71 -8.6 -12.9691 -2.1424 -8.7 -12.0697 -4.6529 -3.3 -12.3935 -3.7491
3 71 -8.2516 -13.1137 -1.7387 -8.6 -12.9691 -2.1424 -3.3 -12.3935 -3.7491
3 71 -3.3 -12.3935 -3.7491 -3.25 -12.6633 -2.996 -8.2516 -13.1137 -1.7387
3 71 -8.2516 -13.1137 -1.7387 -3.25 -12.6633 -2.996 -2.85 -12.8971 -2.3432
3 71 -8.2516 -13.1137 -1.7387 -2.85 -12.8971 -2.3432 -2.1969 -13.1137 -1.7387
3 71 -.8 -12.987 -2.0922 -.7 -12.7892 -2.6445 -.7458 -13.1137 -1.7387
3 71 -.8 -10.8825 -7.9667 -1.25 -10.8286 -8.1173 17.5 -10.7264 -8.4058
3 71 -.75 -11.0624 -7.4646 -.8 -10.8825 -7.9667 17.5 -10.7264 -8.4058
3 71 -.7 -12.7892 -2.6445 -.75 -11.0624 -7.4646 17.5 -10.7264 -8.4058
4 71 17.5 -13.1141 -1.7413 -.7458 -13.1137 -1.7387 -.7 -12.7892 -2.6445 17.5 -10.7264 -8.4058
4 14 -10.5 -13.3479 -.7867 -11.1 -13.1626 -1.5399 -11.1495 -13.1137 -1.7387 -8.2516 -13.1137 -1.7387
3 14 -10.1 -13.4961 -.1842 -10.5 -13.3479 -.7867 -8.2516 -13.1137 -1.7387
3 14 -8.2516 -13.1137 -1.7387 -7.95 -13.1997 -1.3892 -10.1 -13.4961 -.1842
4 14 -7.95 -13.1997 -1.3892 -7.3 -13.2985 -.9876 -7.2 -13.422 -.4855 -10.1 -13.4961 -.1842
3 14 -7.4 -13.5702 .117 -10.1 -13.4961 -.1842 -7.2 -13.422 -.4855
4 14 -9.95 -13.632 .3681 -10.1 -13.4961 -.1842 -7.4 -13.5702 .117 -8.15 -13.6814 .5689
3 14 -8.7 -13.805 1.071 -9.95 -13.632 .3681 -8.15 -13.6814 .5689
4 14 -9.95 -13.632 .3681 -8.7 -13.805 1.071 -9.1 -13.9903 1.8242 -9.9 -13.842 1.2216
4 14 -9.9 -13.842 1.2216 -9.1 -13.9903 1.8242 -9.2 -14.1014 2.276 -9.9 -14.0767 2.1756
3 14 -9.8 -14.2867 3.0292 -9.9 -14.0767 2.1756 -9.2 -14.1014 2.276
4 14 -9.2 -14.1014 2.276 -8.85 -14.1879 2.6275 -9.45 -14.3732 3.3807 -9.8 -14.2867 3.0292
4 14 -9.45 -14.3732 3.3807 -8.85 -14.1879 2.6275 -8.75 -14.2867 3.0292 -9 -14.3609 3.3304
4 14 -.7 -13.1873 -1.4395 -1.05 -13.2367 -1.2386 -1.65 -13.1997 -1.3892 -2.1969 -13.1137 -1.7387
3 14 -2.1969 -13.1137 -1.7387 -.7458 -13.1137 -1.7387 -.7 -13.1873 -1.4395
4 71 -10.1 -13.4961 -.1842 -9.95 -13.632 .3681 -9.9 -13.842 1.2216 -17.5 -13.1137 -1.7412
4 71 -10.1 -13.4961 -.1842 -17.5 -13.1137 -1.7412 -11.1 -13.1626 -1.5399 -10.5 -13.3479 -.7867
3 71 -11.1495 -13.1137 -1.7387 -11.1 -13.1626 -1.5399 -17.5 -13.1137 -1.7412
4 71 -7.3 -13.2985 -.9876 -7.95 -13.1997 -1.3892 -8.2516 -13.1137 -1.7387 -2.1969 -13.1137 -1.7387
3 71 -2.1969 -13.1137 -1.7387 -7.2 -13.422 -.4855 -7.3 -13.2985 -.9876
4 71 -1.65 -13.1997 -1.3892 -7.4 -13.5702 .117 -7.2 -13.422 -.4855 -2.1969 -13.1137 -1.7387
3 71 -7.4 -13.5702 .117 -1.65 -13.1997 -1.3892 -1.05 -13.2367 -1.2386
4 71 -8.15 -13.6814 .5689 -7.4 -13.5702 .117 -1.05 -13.2367 -1.2386 17.5 -13.1141 -1.7413
3 71 17.5 -13.1141 -1.7413 -1.05 -13.2367 -1.2386 -.7 -13.1873 -1.4395
3 71 -9.9 -14.0767 2.1756 -17.5 -14.8451 5.297 -17.5 -13.1137 -1.7412
3 71 -17.5 -13.1137 -1.7412 -9.9 -13.842 1.2216 -9.9 -14.0767 2.1756
3 71 -17.5 -14.8451 5.297 -9.9 -14.0767 2.1756 -9.8 -14.2867 3.0292
3 71 -9.8 -14.2867 3.0292 -9.45 -14.3732 3.3807 -17.5 -14.8451 5.297
4 71 -17.5 -14.8451 5.297 -9.45 -14.3732 3.3807 -9 -14.3609 3.3304 17.5 -14.8453 5.297
3 71 -9 -14.3609 3.3304 -8.75 -14.2867 3.0292 17.5 -14.8453 5.297
4 71 17.5 -14.8453 5.297 -8.75 -14.2867 3.0292 -8.85 -14.1879 2.6275 17.5 -13.1141 -1.7413
4 71 -8.15 -13.6814 .5689 17.5 -13.1141 -1.7413 -9.1 -13.9903 1.8242 -8.7 -13.805 1.071
4 71 -9.2 -14.1014 2.276 -9.1 -13.9903 1.8242 17.5 -13.1141 -1.7413 -8.85 -14.1879 2.6275
4 71 -17.5 -14.8451 5.297 17.5 -14.8453 5.297 17.5 -15.9004 12.5843 -17.5 -15.9004 12.5843
4 71 17.4239 -16.1024 16.8693 16.8827 -16.1281 17.4128 16.5 -16.1317 17.4893 17.5 -16.0844 16.4849
3 71 17.2071 -16.1178 17.1951 16.8827 -16.1281 17.4128 17.4239 -16.1024 16.8693
4 71 -16.8827 -16.1281 17.4128 -17.4239 -16.1024 16.8693 -17.5 -16.0843 16.4849 -16.5 -16.1317 17.4893
3 71 -17.2071 -16.1178 17.1951 -17.4239 -16.1024 16.8693 -16.8827 -16.1281 17.4128
3 71 -17.5 -15.9004 12.5843 -16.5 -16.1317 17.4893 -17.5 -16.0843 16.4849
4 71 16.5 -16.1317 17.4893 -16.5 -16.1317 17.4893 -17.5 -15.9004 12.5843 17.5 -15.9004 12.5843
3 71 17.5 -15.9004 12.5843 17.5 -16.0844 16.4849 16.5 -16.1317 17.4893
3 71 -.7 -13.1873 -1.4395 -.7458 -13.1137 -1.7387 17.5 -13.1141 -1.7413
3 71 -13 -10.9545 -7.7659 -13.45 -10.8465 -8.0671 -12.0255 -10.7264 -8.4025
3 71 -12.0255 -10.7264 -8.4025 -13.45 -10.8465 -8.0671 -17.5 -10.727 -8.4059
3 14 -3.7 -11.1164 -7.314 -4.45 -10.9185 -7.8663 -2.8 -10.7746 -8.2679
3 14 -2.8 -10.7746 -8.2679 -4.45 -10.9185 -7.8663 -5.2012 -10.7264 -8.4025
3 71 -4.6 -7.8449 -14.3433 -4.6843 -7.7299 -14.5803 17.5 -10.7264 -8.4058
3 71 -4.65 -8.3076 -13.3893 -4.6 -7.8449 -14.3433 17.5 -10.7264 -8.4058
3 71 -3.65 -10.3046 -9.2721 -4.65 -8.3076 -13.3893 17.5 -10.7264 -8.4058
3 71 -3.65 -10.3046 -9.2721 17.5 -10.7264 -8.4058 -3.4 -10.5968 -8.6696
3 71 -3.4 -10.5968 -8.6696 17.5 -10.7264 -8.4058 -3.001 -10.7264 -8.4025
