0 Sticker  1.7 x  1.7 with Yellow Dirt Stains on Light Bluish Grey Background Right Model
0 Name: 6132160w.dat
0 Author: Evert-Jan Boer [ejboer]
0 !LDRAW_ORG Unofficial_Part
0 !LICENSE Licensed under CC BY 4.0 : see CAreadme.txt

0 BFC CERTIFY CCW

0 !KEYWORDS Set 75060, Slave I

1 71 16.5 -.25 16.5 1 0 0 0 1 0 0 0 1 1-4chrd.dat
1 71 -16.5 -.25 16.5 0 0 -1 0 1 0 1 0 0 1-4chrd.dat
1 71 16.5 -.25 -16.5 0 0 1 0 1 0 -1 0 0 1-4chrd.dat
1 14 -16.5 -.25 -16.5 -1 0 0 0 1 0 0 0 -1 1-4chrd.dat
3 14 -15 -.25 -12.3 -10.7 -.25 -13.25 -9.95 -.25 -12.6
4 14 -9.6 -.25 -11.95 -13.9 -.25 -11.55 -15 -.25 -12.3 -9.95 -.25 -12.6
4 14 -9.6 -.25 -11.95 -9.55 -.25 -11.15 -13.85 -.25 -11.05 -13.9 -.25 -11.55
4 14 -9.75 -.25 -10.4 -13.55 -.25 -10.25 -13.85 -.25 -11.05 -9.55 -.25 -11.15
4 14 -13.55 -.25 -10.25 -9.75 -.25 -10.4 -9.55 -.25 -9.7 -12.9 -.25 -9.65
3 14 -12.15 -.25 -8.45 -12.9 -.25 -9.65 -9.55 -.25 -9.7
4 14 -9.55 -.25 -9.7 -8.95 -.25 -9.2 -11.7 -.25 -7.85 -12.15 -.25 -8.45
4 14 -8.35 -.25 -8.2 -11.7 -.25 -7.85 -8.95 -.25 -9.2 -8.55 -.25 -8.75
4 14 -8.35 -.25 -8.2 -8.15 -.25 -7.2 -11.05 -.25 -7.1 -11.7 -.25 -7.85
3 14 -8.15 -.25 -6.2 -11.05 -.25 -7.1 -8.15 -.25 -7.2
4 14 -8.4 -.25 -5.35 -10.9 -.25 -6.5 -11.05 -.25 -7.1 -8.15 -.25 -6.2
4 14 -8.4 -.25 -5.35 -8.7 -.25 -4.55 -11.1 -.25 -5.85 -10.9 -.25 -6.5
3 14 -9.15 -.25 -4.1 -11.1 -.25 -5.85 -8.7 -.25 -4.55
4 14 -11.6 -.25 -5.7 -11.1 -.25 -5.85 -9.15 -.25 -4.1 -9.65 -.25 -3.8
4 14 -11.5 -.25 -3.8 -9.65 -.25 -3.8 -9.7 -.25 -3.15 -11.05 -.25 -3.3
4 14 -11.05 -.25 -3.3 -9.7 -.25 -3.15 -9.35 -.25 -2.5 -11.05 -.25 -2.65
3 14 -11.25 -.25 -2.05 -11.05 -.25 -2.65 -9.35 -.25 -2.5
4 14 -11.25 -.25 -2.05 -9.35 -.25 -2.5 -10.5 -.25 -.7 -11.1 -.25 -1.45
3 14 -10.5 -.25 -.7 -9.35 -.25 -2.5 -8.6 -.25 -2.05
4 14 -8.6 -.25 -2.05 -7.95 -.25 -1.3 -10.1 -.25 -.1 -10.5 -.25 -.7
4 14 -7.95 -.25 -1.3 -7.3 -.25 -.9 -7.2 -.25 -.4 -10.1 -.25 -.1
3 14 -7.4 -.25 .2 -10.1 -.25 -.1 -7.2 -.25 -.4
4 14 -9.95 -.25 .45 -10.1 -.25 -.1 -7.4 -.25 .2 -8.15 -.25 .65
3 14 -8.7 -.25 1.15 -9.95 -.25 .45 -8.15 -.25 .65
4 14 -9.95 -.25 .45 -8.7 -.25 1.15 -9.1 -.25 1.9 -9.9 -.25 1.3
4 14 -9.9 -.25 1.3 -9.1 -.25 1.9 -9.2 -.25 2.35 -9.9 -.25 2.25
3 14 -9.8 -.25 3.1 -9.9 -.25 2.25 -9.2 -.25 2.35
4 14 -9.2 -.25 2.35 -8.85 -.25 2.7 -9.45 -.25 3.45 -9.8 -.25 3.1
4 14 -9.45 -.25 3.45 -8.85 -.25 2.7 -8.75 -.25 3.1 -9 -.25 3.4
4 14 -9.65 -.25 -3.8 -11.5 -.25 -3.8 -12.5 -.25 -4.45 -11.6 -.25 -5.7
4 14 -12.5 -.25 -4.45 -13.45 -.25 -5.25 -12.25 -.25 -5.85 -11.6 -.25 -5.7
4 14 -12.4 -.25 -6.35 -12.25 -.25 -5.85 -13.45 -.25 -5.25 -13.7 -.25 -5.95
4 14 -12.7 -.25 -7.15 -12.4 -.25 -6.35 -13.7 -.25 -5.95 -13.8 -.25 -6.65
4 14 -13.8 -.25 -6.65 -13.85 -.25 -7.25 -13 -.25 -7.65 -12.7 -.25 -7.15
4 14 -13.45 -.25 -7.95 -13 -.25 -7.65 -13.85 -.25 -7.25 -13.95 -.25 -7.75
4 14 -5.25 -.25 -15.5 -4.85 -.25 -14.9 -7.95 -.25 -13.85 -8.55 -.25 -14.15
4 14 -4.85 -.25 -14.9 -4.6 -.25 -14.2 -4.65 -.25 -13.25 -7.95 -.25 -13.85
3 14 -5.05 -.25 -12.55 -7.95 -.25 -13.85 -4.65 -.25 -13.25
4 14 -7.95 -.25 -13.85 -5.05 -.25 -12.55 -5.5 -.25 -12.1 -8 -.25 -13.3
3 14 -6.3 -.25 -11.7 -8 -.25 -13.3 -5.5 -.25 -12.1
4 14 -7.75 -.25 -11.3 -8 -.25 -12.2 -8 -.25 -13.3 -6.3 -.25 -11.7
4 14 -6.3 -.25 -11.7 -6.25 -.25 -11.3 -7.5 -.25 -10.45 -7.75 -.25 -11.3
4 14 -6.25 -.25 -11.3 -5.65 -.25 -10.8 -7 -.25 -9.6 -7.5 -.25 -10.45
4 14 -5.65 -.25 -10.8 -4.95 -.25 -10.4 -5.95 -.25 -8.7 -7 -.25 -9.6
4 14 -4.95 -.25 -10.4 -4.25 -.25 -9.8 -5.05 -.25 -8.2 -5.95 -.25 -8.7
4 14 -4.25 -.25 -9.8 -3.65 -.25 -9.15 -3.4 -.25 -8.55 -5.05 -.25 -8.2
3 14 -4.45 -.25 -7.75 -5.05 -.25 -8.2 -3.4 -.25 -8.55
4 14 -2.8 -.25 -8.15 -3.7 -.25 -7.2 -4.45 -.25 -7.75 -3.4 -.25 -8.55
4 14 -2.15 -.25 -8.05 -2.5 -.25 -6.75 -3.7 -.25 -7.2 -2.8 -.25 -8.15
4 14 -1.25 -.25 -8 -1.35 -.25 -6.9 -2.5 -.25 -6.75 -2.15 -.25 -8.05
4 14 -1.35 -.25 -6.9 -1.25 -.25 -8 -.8 -.25 -7.85 -.75 -.25 -7.35
3 14 -3.3 -.25 -4.6 -3.45 -.25 -5.6 -2.45 -.25 -4.8
4 14 -3.3 -.25 -4.6 -2.45 -.25 -4.8 -1.95 -.25 -4 -3.3 -.25 -3.65
3 14 -3.25 -.25 -2.9 -3.3 -.25 -3.65 -1.95 -.25 -4
4 14 -1.15 -.25 -3.45 -2.85 -.25 -2.25 -3.25 -.25 -2.9 -1.95 -.25 -4
4 14 -.7 -.25 -2.55 -2.2 -.25 -1.65 -2.85 -.25 -2.25 -1.15 -.25 -3.45
4 14 -.7 -.25 -2.55 -.8 -.25 -2 -1.65 -.25 -1.3 -2.2 -.25 -1.65
4 14 -.7 -.25 -1.35 -1.05 -.25 -1.15 -1.65 -.25 -1.3 -.8 -.25 -2
4 71 -10.1 -.25 -.1 -9.95 -.25 .45 -9.9 -.25 1.3 -17.5 -.25 0
4 71 -10.1 -.25 -.1 -17.5 -.25 0 -11.1 -.25 -1.45 -10.5 -.25 -.7
3 71 -17.5 -.25 0 -11.25 -.25 -2.05 -11.1 -.25 -1.45
4 71 -11.05 -.25 -3.3 -11.05 -.25 -2.65 -11.25 -.25 -2.05 -17.5 -.25 0
4 71 -12.5 -.25 -4.45 -11.5 -.25 -3.8 -11.05 -.25 -3.3 -17.5 -.25 0
3 71 -17.5 -.25 0 -13.45 -.25 -5.25 -12.5 -.25 -4.45
3 71 -17.5 -.25 0 -13.7 -.25 -5.95 -13.45 -.25 -5.25
3 71 -17.5 -.25 0 -13.8 -.25 -6.65 -13.7 -.25 -5.95
4 71 -13.8 -.25 -6.65 -17.5 -.25 0 -13.95 -.25 -7.75 -13.85 -.25 -7.25
4 71 -12.9 -.25 -9.65 -12.15 -.25 -8.45 -13 -.25 -7.65 -13.45 -.25 -7.95
4 71 -12.15 -.25 -8.45 -11.7 -.25 -7.85 -12.7 -.25 -7.15 -13 -.25 -7.65
4 71 -12.4 -.25 -6.35 -12.7 -.25 -7.15 -11.7 -.25 -7.85 -11.05 -.25 -7.1
4 71 -11.05 -.25 -7.1 -10.9 -.25 -6.5 -11.1 -.25 -5.85 -12.4 -.25 -6.35
4 71 -11.6 -.25 -5.7 -12.25 -.25 -5.85 -12.4 -.25 -6.35 -11.1 -.25 -5.85
3 71 -17.5 -.25 0 -17.5 -.25 -15.1 -16.55 -.25 -13.6
3 71 -17.5 -.25 0 -16.55 -.25 -13.6 -15 -.25 -12.3
4 71 -13.85 -.25 -11.05 -17.5 -.25 0 -15 -.25 -12.3 -13.9 -.25 -11.55
4 71 -13.85 -.25 -11.05 -13.55 -.25 -10.25 -13.95 -.25 -7.75 -17.5 -.25 0
4 71 -13.95 -.25 -7.75 -13.55 -.25 -10.25 -12.9 -.25 -9.65 -13.45 -.25 -7.95
4 71 -10.7 -.25 -13.25 -9.95 -.25 -13.35 -8 -.25 -12.2 -9.95 -.25 -12.6
4 71 -9.95 -.25 -13.35 -9.05 -.25 -13.7 -8 -.25 -13.3 -8 -.25 -12.2
4 71 -8 -.25 -13.3 -9.05 -.25 -13.7 -8.55 -.25 -14.15 -7.95 -.25 -13.85
3 71 -9.6 -.25 -11.95 -9.95 -.25 -12.6 -8 -.25 -12.2
4 71 -8 -.25 -12.2 -7.75 -.25 -11.3 -9.55 -.25 -11.15 -9.6 -.25 -11.95
3 71 -9.75 -.25 -10.4 -9.55 -.25 -11.15 -7.75 -.25 -11.3
4 71 -7.75 -.25 -11.3 -7.5 -.25 -10.45 -9.55 -.25 -9.7 -9.75 -.25 -10.4
4 71 -9.55 -.25 -9.7 -7.5 -.25 -10.45 -7 -.25 -9.6 -8.95 -.25 -9.2
3 71 -8.55 -.25 -8.75 -8.95 -.25 -9.2 -7 -.25 -9.6
4 71 -7 -.25 -9.6 -5.95 -.25 -8.7 -8.35 -.25 -8.2 -8.55 -.25 -8.75
3 71 -8.15 -.25 -7.2 -8.35 -.25 -8.2 -5.95 -.25 -8.7
4 71 -5.95 -.25 -8.7 -5.05 -.25 -8.2 -4.45 -.25 -7.75 -8.15 -.25 -7.2
4 71 -4.45 -.25 -7.75 -3.7 -.25 -7.2 -3.45 -.25 -5.6 -8.15 -.25 -7.2
3 71 -3.45 -.25 -5.6 -8.15 -.25 -6.2 -8.15 -.25 -7.2
4 71 -8.15 -.25 -6.2 -3.45 -.25 -5.6 -3.3 -.25 -4.6 -8.4 -.25 -5.35
4 71 -8.7 -.25 -4.55 -8.4 -.25 -5.35 -3.3 -.25 -4.6 -3.3 -.25 -3.65
3 71 -3.45 -.25 -16.55 -2.85 -.25 -17.5 0 -.25 -17.5
4 71 -3.45 -.25 -16.55 0 -.25 -17.5 -4.85 -.25 -14.9 -4.2 -.25 -15.7
3 71 -4.6 -.25 -14.2 -4.85 -.25 -14.9 0 -.25 -17.5
4 71 -4.6 -.25 -14.2 0 -.25 -17.5 -3.65 -.25 -9.15 -4.65 -.25 -13.25
3 71 -4.85 -.25 -14.9 -5.25 -.25 -15.5 -4.2 -.25 -15.7
4 71 -6.3 -.25 -11.7 -5.5 -.25 -12.1 -5.65 -.25 -10.8 -6.25 -.25 -11.3
4 71 -5.65 -.25 -10.8 -5.5 -.25 -12.1 -5.05 -.25 -12.55 -4.95 -.25 -10.4
4 71 -5.05 -.25 -12.55 -4.65 -.25 -13.25 -4.25 -.25 -9.8 -4.95 -.25 -10.4
3 71 -3.65 -.25 -9.15 -4.25 -.25 -9.8 -4.65 -.25 -13.25
4 71 -3.65 -.25 -9.15 0 -.25 -17.5 -2.8 -.25 -8.15 -3.4 -.25 -8.55
4 71 -2.8 -.25 -8.15 0 -.25 -17.5 -1.25 -.25 -8 -2.15 -.25 -8.05
3 71 -3.45 -.25 -5.6 -3.7 -.25 -7.2 -2.5 -.25 -6.75
4 71 -1.35 -.25 -6.9 -2.45 -.25 -4.8 -3.45 -.25 -5.6 -2.5 -.25 -6.75
3 71 -1.95 -.25 -4 -2.45 -.25 -4.8 -1.35 -.25 -6.9
4 71 -1.95 -.25 -4 -1.35 -.25 -6.9 -.75 -.25 -7.35 -1.15 -.25 -3.45
3 71 -.7 -.25 -2.55 -1.15 -.25 -3.45 -.75 -.25 -7.35
4 71 -9.65 -.25 -3.8 -9.15 -.25 -4.1 -9.35 -.25 -2.5 -9.7 -.25 -3.15
4 71 -8.7 -.25 -4.55 -8.6 -.25 -2.05 -9.35 -.25 -2.5 -9.15 -.25 -4.1
3 71 -8.6 -.25 -2.05 -8.7 -.25 -4.55 -3.3 -.25 -3.65
4 71 -3.25 -.25 -2.9 -7.95 -.25 -1.3 -8.6 -.25 -2.05 -3.3 -.25 -3.65
3 71 -7.95 -.25 -1.3 -3.25 -.25 -2.9 -2.85 -.25 -2.25
4 71 -2.85 -.25 -2.25 -2.2 -.25 -1.65 -7.3 -.25 -.9 -7.95 -.25 -1.3
3 71 -7.2 -.25 -.4 -7.3 -.25 -.9 -2.2 -.25 -1.65
4 71 -7.2 -.25 -.4 -2.2 -.25 -1.65 -1.65 -.25 -1.3 -7.4 -.25 .2
3 71 -7.4 -.25 .2 -1.65 -.25 -1.3 -1.05 -.25 -1.15
4 71 -8.15 -.25 .65 -7.4 -.25 .2 -1.05 -.25 -1.15 0 -.25 0
3 71 0 -.25 0 -1.05 -.25 -1.15 -.7 -.25 -1.35
4 71 -.7 -.25 -2.55 0 -.25 0 -.7 -.25 -1.35 -.8 -.25 -2
4 14 -17.5 -.25 -16.5 -16.5 -.25 -17.5 -16.55 -.25 -13.6 -17.5 -.25 -15.1
4 14 -15 -.25 -12.3 -16.55 -.25 -13.6 -16.5 -.25 -17.5 -10.7 -.25 -13.25
4 14 -9.05 -.25 -13.7 -9.95 -.25 -13.35 -10.7 -.25 -13.25 -16.5 -.25 -17.5
3 14 -9.05 -.25 -13.7 -16.5 -.25 -17.5 -8.55 -.25 -14.15
3 14 -8.55 -.25 -14.15 -16.5 -.25 -17.5 -5.25 -.25 -15.5
4 14 -3.45 -.25 -16.55 -4.2 -.25 -15.7 -5.25 -.25 -15.5 -16.5 -.25 -17.5
3 14 -3.45 -.25 -16.55 -16.5 -.25 -17.5 -2.85 -.25 -17.5
4 71 -1.25 -.25 -8 0 -.25 -17.5 16.5 -.25 -17.5 -.8 -.25 -7.85
4 71 -.8 -.25 -7.85 16.5 -.25 -17.5 17.5 -.25 -16.5 -.75 -.25 -7.35
4 71 -.7 -.25 -2.55 -.75 -.25 -7.35 17.5 -.25 -16.5 0 -.25 0
3 71 17.5 -.25 16.5 0 -.25 0 17.5 -.25 -16.5
4 71 -9.9 -.25 1.3 -9.9 -.25 2.25 -17.5 -.25 16.5 -17.5 -.25 0
3 71 -17.5 -.25 16.5 -9.9 -.25 2.25 -9.8 -.25 3.1
4 71 -9.45 -.25 3.45 -16.5 -.25 17.5 -17.5 -.25 16.5 -9.8 -.25 3.1
4 71 -9.45 -.25 3.45 -9 -.25 3.4 16.5 -.25 17.5 -16.5 -.25 17.5
4 71 17.5 -.25 16.5 16.5 -.25 17.5 -9 -.25 3.4 -8.75 -.25 3.1
4 71 17.5 -.25 16.5 -8.75 -.25 3.1 -8.85 -.25 2.7 0 -.25 0
4 71 -8.15 -.25 .65 0 -.25 0 -9.1 -.25 1.9 -8.7 -.25 1.15
4 71 -9.2 -.25 2.35 -9.1 -.25 1.9 0 -.25 0 -8.85 -.25 2.7

1 16 -16.5 0 16.5 0 0 -1 0 -1 0 1 0 0 1-4chrd.dat
1 16 16.5 0 16.5 1 0 0 0 -1 0 0 0 1 1-4chrd.dat
1 16 -16.5 0 -16.5 -1 0 0 0 -1 0 0 0 -1 1-4chrd.dat
1 16 16.5 0 -16.5 0 0 1 0 -1 0 -1 0 0 1-4chrd.dat
4 16 17.5 0 16.5 -17.5 0 16.5 -16.5 0 17.5 16.5 0 17.5
4 16 -17.5 0 16.5 17.5 0 16.5 17.5 0 -16.5 -17.5 0 -16.5
4 16 17.5 0 -16.5 16.5 0 -17.5 -16.5 0 -17.5 -17.5 0 -16.5

1 16 -16.5 -.25 16.5 0 0 -1 0 .25 0 1 0 0 1-4cyli.dat
1 16 16.5 -.25 16.5 1 0 0 0 .25 0 0 0 1 1-4cyli.dat
1 16 -16.5 -.25 -16.5 -1 0 0 0 .25 0 0 0 -1 1-4cyli.dat
1 16 16.5 -.25 -16.5 0 0 1 0 .25 0 -1 0 0 1-4cyli.dat
4 16 16.5 -.25 -17.5 -16.5 -.25 -17.5 -16.5 0 -17.5 16.5 0 -17.5
4 16 17.5 -.25 16.5 17.5 -.25 -16.5 17.5 0 -16.5 17.5 0 16.5
4 16 -16.5 -.25 17.5 16.5 -.25 17.5 16.5 0 17.5 -16.5 0 17.5
4 16 -17.5 -.25 -16.5 -17.5 -.25 16.5 -17.5 0 16.5 -17.5 0 -16.5
