0 Sticker  0.8 x  0.8 with Porsche Logo Badge on Orange Background
0 Name: 6154914j.dat
0 Author: Jens Brühl [jb70]
0 !LDRAW_ORG Unofficial_Part
0 !LICENSE Licensed under CC BY 4.0 : see CAreadme.txt

0 BFC CERTIFY CCW

0 !KEYWORDS Bricklink 42056stk01, Lego Technic, Porsche 911 GT3 RS
0 !KEYWORDS Rebrickable 27056, set 42056

1 16 7 0 7 1 0 0 0 -1 0 0 0 1 1-4chrd.dat
1 16 7 0 -7 1 0 0 0 -1 0 0 0 -1 1-4chrd.dat
1 16 -7 0 7 -1 0 0 0 -1 0 0 0 1 1-4chrd.dat
1 16 -7 0 -7 -1 0 0 0 -1 0 0 0 -1 1-4chrd.dat
4 16 7 0 8 8 0 7 8 0 -7 7 0 -8
4 16 -7 0 8 7 0 8 7 0 -8 -7 0 -8
4 16 -7 0 8 -7 0 -8 -8 0 -7 -8 0 7

1 16 7 0 7 1 0 0 0 -.25 0 0 0 1 1-4cyli.dat
1 16 7 0 -7 1 0 0 0 -.25 0 0 0 -1 1-4cyli.dat
1 16 -7 0 7 -1 0 0 0 -.25 0 0 0 1 1-4cyli.dat
1 16 -7 0 -7 -1 0 0 0 -.25 0 0 0 -1 1-4cyli.dat
4 16 7 -.25 -8 -7 -.25 -8 -7 0 -8 7 0 -8
4 16 8 -.25 7 8 -.25 -7 8 0 -7 8 0 7
4 16 -7 -.25 8 7 -.25 8 7 0 8 -7 0 8
4 16 -8 -.25 -7 -8 -.25 7 -8 0 7 -8 0 -7

1 25 7 -.25 7 1 0 0 0 1 0 0 0 1 1-4chrd.dat
1 25 7 -.25 -7 1 0 0 0 1 0 0 0 -1 1-4chrd.dat
1 25 -7 -.25 7 -1 0 0 0 1 0 0 0 1 1-4chrd.dat
1 25 -7 -.25 -7 -1 0 0 0 1 0 0 0 -1 1-4chrd.dat
4 25 -4.6267 -.25 6 4.6267 -.25 6 7 -.25 8 -7 -.25 8
4 25 7 -.25 8 4.6267 -.25 6 4.6267 -.25 -6 7 -.25 -8
4 25 7 -.25 -8 4.6267 -.25 -6 -4.6267 -.25 -6 -7 -.25 -8
4 25 -7 -.25 8 -7 -.25 -8 -4.6267 -.25 -6 -4.6267 -.25 6
4 25 8 -.25 -7 8 -.25 7 7 -.25 8 7 -.25 -8
4 25 -8 -.25 -7 -7 -.25 -8 -7 -.25 8 -8 -.25 7

1 16 0 -.25 0 .66667 0 0 0 1 0 0 0 .66667 logo-porsche-badge.dat
1 25 0 -.25 0 .66667 0 0 0 1 0 0 0 .66667 logo-porsche-badge-box.dat