0 Sticker  3.7 x  1.7 with Metallic Silver Oval on Metallic Gold Background
0 Name: 6159840g.dat
0 Author: Evert-Jan Boer [ejboer]
0 !LDRAW_ORG Unofficial_Part
0 !LICENSE Licensed under CC BY 4.0 : see CAreadme.txt

0 BFC CERTIFY CCW

0 !KEYWORDS Disney Castle, set 71040

1 80 0 -.25 -1.8 13.6 0 0 0 1 0 0 0 27.9 48\4-4disc.dat
1 82 -15.5 -.25 35.5 0 0 -2 0 1 0 2 0 0 1-4chrd.dat
1 82 15.5 -.25 35.5 2 0 0 0 1 0 0 0 2 1-4chrd.dat
1 82 15.5 -.25 -35.5 0 0 2 0 1 0 -2 0 0 1-4chrd.dat
1 82 -15.5 -.25 -35.5 -2 0 0 0 1 0 0 0 -2 1-4chrd.dat
4 82 -8.7058 -.25 20.8912 -15.5 -.25 37.5 -17.5 -.25 35.5 -10.1115 -.25 18.4231
3 82 -15.5 -.25 37.5 -8.7058 -.25 20.8912 -7.15 -.25 22.9676
3 82 -15.5 -.25 37.5 -7.15 -.25 22.9676 -5.4726 -.25 24.6235
3 82 -15.5 -.25 37.5 -5.4726 -.25 24.6235 -3.7008 -.25 25.8247
3 82 -15.5 -.25 37.5 -3.7008 -.25 25.8247 -1.8662 -.25 26.554
3 82 -17.5 -.25 35.5 -11.3456 -.25 15.6117 -10.1115 -.25 18.4231
3 82 -17.5 -.25 35.5 -12.3838 -.25 12.5 -11.3456 -.25 15.6117
3 82 -17.5 -.25 35.5 -13.2118 -.25 9.1452 -12.3838 -.25 12.5
3 82 -17.5 -.25 35.5 -13.8124 -.25 5.6017 -13.2118 -.25 9.1452
3 82 -17.5 -.25 35.5 -14.177 -.25 1.9323 -13.8124 -.25 5.6017
4 82 -1.8662 -.25 26.554 0 -.25 26.8 15.5 -.25 37.5 -15.5 -.25 37.5
3 82 15.5 -.25 37.5 0 -.25 26.8 1.8662 -.25 26.554
3 82 15.5 -.25 37.5 1.8662 -.25 26.554 3.7008 -.25 25.8247
4 82 15.5 -.25 37.5 3.7008 -.25 25.8247 5.4726 -.25 24.6235 17.5 -.25 35.5
3 82 17.5 -.25 35.5 5.4726 -.25 24.6235 7.15 -.25 22.9676
3 82 17.5 -.25 35.5 7.15 -.25 22.9676 8.7058 -.25 20.8912
3 82 17.5 -.25 35.5 8.7058 -.25 20.8912 10.1115 -.25 18.4231
3 82 17.5 -.25 35.5 10.1115 -.25 18.4231 11.3456 -.25 15.6117
3 82 17.5 -.25 35.5 11.3456 -.25 15.6117 12.3838 -.25 12.5
3 82 17.5 -.25 35.5 12.3838 -.25 12.5 13.2118 -.25 9.1452
3 82 17.5 -.25 35.5 13.2118 -.25 9.1452 13.8124 -.25 5.6017
3 82 17.5 -.25 35.5 13.8124 -.25 5.6017 14.177 -.25 1.9323
4 82 -14.177 -.25 1.9323 -17.5 -.25 35.5 -17.5 -.25 -35.5 -14.3 -.25 -1.8
3 82 -14.3 -.25 -1.8 -17.5 -.25 -35.5 -14.177 -.25 -5.5323
3 82 -14.177 -.25 -5.5323 -17.5 -.25 -35.5 -13.8124 -.25 -9.2017
3 82 -13.8124 -.25 -9.2017 -17.5 -.25 -35.5 -13.2118 -.25 -12.7452
3 82 -13.2118 -.25 -12.7452 -17.5 -.25 -35.5 -12.3838 -.25 -16.1
3 82 -12.3838 -.25 -16.1 -17.5 -.25 -35.5 -11.3456 -.25 -19.2117
4 82 -11.3456 -.25 -19.2117 -17.5 -.25 -35.5 -15.5 -.25 -37.5 -10.1115 -.25 -22.0231
3 82 -10.1115 -.25 -22.0231 -15.5 -.25 -37.5 -8.7058 -.25 -24.4912
3 82 -8.7058 -.25 -24.4912 -15.5 -.25 -37.5 -7.15 -.25 -26.5676
3 82 -7.15 -.25 -26.5676 -15.5 -.25 -37.5 -5.4726 -.25 -28.2235
3 82 -5.4726 -.25 -28.2235 -15.5 -.25 -37.5 -3.7008 -.25 -29.4247
3 82 -3.7008 -.25 -29.4247 -15.5 -.25 -37.5 -1.8662 -.25 -30.154
4 82 -1.8662 -.25 -30.154 -15.5 -.25 -37.5 15.5 -.25 -37.5 0 -.25 -30.4
3 82 1.8662 -.25 -30.154 0 -.25 -30.4 15.5 -.25 -37.5
3 82 3.7008 -.25 -29.4247 1.8662 -.25 -30.154 15.5 -.25 -37.5
4 82 15.5 -.25 -37.5 17.5 -.25 -35.5 5.4726 -.25 -28.2235 3.7008 -.25 -29.4247
3 82 7.15 -.25 -26.5676 5.4726 -.25 -28.2235 17.5 -.25 -35.5
3 82 8.7058 -.25 -24.4912 7.15 -.25 -26.5676 17.5 -.25 -35.5
3 82 10.1115 -.25 -22.0231 8.7058 -.25 -24.4912 17.5 -.25 -35.5
3 82 11.3456 -.25 -19.2117 10.1115 -.25 -22.0231 17.5 -.25 -35.5
3 82 12.3838 -.25 -16.1 11.3456 -.25 -19.2117 17.5 -.25 -35.5
3 82 13.2118 -.25 -12.7452 12.3838 -.25 -16.1 17.5 -.25 -35.5
4 82 17.5 -.25 -35.5 17.5 -.25 35.5 14.177 -.25 1.9323 14.3 -.25 -1.8
3 82 14.3 -.25 -1.8 14.177 -.25 -5.5323 17.5 -.25 -35.5
3 82 14.177 -.25 -5.5323 13.8124 -.25 -9.2017 17.5 -.25 -35.5
3 82 13.8124 -.25 -9.2017 13.2118 -.25 -12.7452 17.5 -.25 -35.5
4 14 -13.483 -.25 1.841 -14.177 -.25 1.9323 -14.3 -.25 -1.8 -13.6 -.25 -1.8
4 14 -13.8124 -.25 5.6017 -14.177 -.25 1.9323 -13.483 -.25 1.841 -13.1362 -.25 5.4205
4 14 -12.565 -.25 8.8773 -13.2118 -.25 9.1452 -13.8124 -.25 5.6017 -13.1362 -.25 5.4205
4 14 -11.7776 -.25 12.15 -12.3838 -.25 12.5 -13.2118 -.25 9.1452 -12.565 -.25 8.8773
4 14 -10.7902 -.25 15.1855 -11.3456 -.25 15.6117 -12.3838 -.25 12.5 -11.7776 -.25 12.15
4 14 -9.6166 -.25 17.9281 -10.1115 -.25 18.4231 -11.3456 -.25 15.6117 -10.7902 -.25 15.1855
4 14 -8.2797 -.25 20.3359 -8.7058 -.25 20.8912 -10.1115 -.25 18.4231 -9.6166 -.25 17.9281
4 14 -6.8 -.25 22.3614 -7.15 -.25 22.9676 -8.7058 -.25 20.8912 -8.2797 -.25 20.3359
4 14 -5.2047 -.25 23.9768 -5.4726 -.25 24.6235 -7.15 -.25 22.9676 -6.8 -.25 22.3614
4 14 -3.5197 -.25 25.1486 -3.7008 -.25 25.8247 -5.4726 -.25 24.6235 -5.2047 -.25 23.9768
4 14 -1.8662 -.25 26.554 -3.7008 -.25 25.8247 -3.5197 -.25 25.1486 -1.7748 -.25 25.8601
4 14 -1.7748 -.25 25.8601 0 -.25 26.1 0 -.25 26.8 -1.8662 -.25 26.554
4 14 13.483 -.25 1.841 13.6 -.25 -1.8 14.3 -.25 -1.8 14.177 -.25 1.9323
4 14 13.8124 -.25 5.6017 13.1362 -.25 5.4205 13.483 -.25 1.841 14.177 -.25 1.9323
4 14 12.565 -.25 8.8773 13.1362 -.25 5.4205 13.8124 -.25 5.6017 13.2118 -.25 9.1452
4 14 11.7776 -.25 12.15 12.565 -.25 8.8773 13.2118 -.25 9.1452 12.3838 -.25 12.5
4 14 10.7902 -.25 15.1855 11.7776 -.25 12.15 12.3838 -.25 12.5 11.3456 -.25 15.6117
4 14 9.6166 -.25 17.9281 10.7902 -.25 15.1855 11.3456 -.25 15.6117 10.1115 -.25 18.4231
4 14 8.2797 -.25 20.3359 9.6166 -.25 17.9281 10.1115 -.25 18.4231 8.7058 -.25 20.8912
4 14 6.8 -.25 22.3614 8.2797 -.25 20.3359 8.7058 -.25 20.8912 7.15 -.25 22.9676
4 14 5.2047 -.25 23.9768 6.8 -.25 22.3614 7.15 -.25 22.9676 5.4726 -.25 24.6235
4 14 3.5197 -.25 25.1486 5.2047 -.25 23.9768 5.4726 -.25 24.6235 3.7008 -.25 25.8247
4 14 3.5197 -.25 25.1486 3.7008 -.25 25.8247 1.8662 -.25 26.554 1.7748 -.25 25.8601
4 14 0 -.25 26.8 0 -.25 26.1 1.7748 -.25 25.8601 1.8662 -.25 26.554
4 14 -13.483 -.25 -5.441 -13.6 -.25 -1.8 -14.3 -.25 -1.8 -14.177 -.25 -5.5323
4 14 -13.8124 -.25 -9.2017 -13.1362 -.25 -9.0205 -13.483 -.25 -5.441 -14.177 -.25 -5.5323
4 14 -12.565 -.25 -12.4773 -13.1362 -.25 -9.0205 -13.8124 -.25 -9.2017 -13.2118 -.25 -12.7452
4 14 -11.7776 -.25 -15.75 -12.565 -.25 -12.4773 -13.2118 -.25 -12.7452 -12.3838 -.25 -16.1
4 14 -10.7902 -.25 -18.7855 -11.7776 -.25 -15.75 -12.3838 -.25 -16.1 -11.3456 -.25 -19.2117
4 14 -9.6166 -.25 -21.5281 -10.7902 -.25 -18.7855 -11.3456 -.25 -19.2117 -10.1115 -.25 -22.0231
4 14 -8.2797 -.25 -23.9359 -9.6166 -.25 -21.5281 -10.1115 -.25 -22.0231 -8.7058 -.25 -24.4912
4 14 -6.8 -.25 -25.9614 -8.2797 -.25 -23.9359 -8.7058 -.25 -24.4912 -7.15 -.25 -26.5676
4 14 -5.2047 -.25 -27.5768 -6.8 -.25 -25.9614 -7.15 -.25 -26.5676 -5.4726 -.25 -28.2235
4 14 -3.5197 -.25 -28.7486 -5.2047 -.25 -27.5768 -5.4726 -.25 -28.2235 -3.7008 -.25 -29.4247
4 14 -1.8662 -.25 -30.154 -1.7748 -.25 -29.4601 -3.5197 -.25 -28.7486 -3.7008 -.25 -29.4247
4 14 -1.7748 -.25 -29.4601 -1.8662 -.25 -30.154 0 -.25 -30.4 0 -.25 -29.7
4 14 13.483 -.25 -5.441 14.177 -.25 -5.5323 14.3 -.25 -1.8 13.6 -.25 -1.8
4 14 13.483 -.25 -5.441 13.1362 -.25 -9.0205 13.8124 -.25 -9.2017 14.177 -.25 -5.5323
4 14 12.565 -.25 -12.4773 13.2118 -.25 -12.7452 13.8124 -.25 -9.2017 13.1362 -.25 -9.0205
4 14 11.7776 -.25 -15.75 12.3838 -.25 -16.1 13.2118 -.25 -12.7452 12.565 -.25 -12.4773
4 14 10.7902 -.25 -18.7855 11.3456 -.25 -19.2117 12.3838 -.25 -16.1 11.7776 -.25 -15.75
4 14 9.6166 -.25 -21.5281 10.1115 -.25 -22.0231 11.3456 -.25 -19.2117 10.7902 -.25 -18.7855
4 14 8.2797 -.25 -23.9359 8.7058 -.25 -24.4912 10.1115 -.25 -22.0231 9.6166 -.25 -21.5281
4 14 6.8 -.25 -25.9614 7.15 -.25 -26.5676 8.7058 -.25 -24.4912 8.2797 -.25 -23.9359
4 14 5.2047 -.25 -27.5768 5.4726 -.25 -28.2235 7.15 -.25 -26.5676 6.8 -.25 -25.9614
4 14 3.5197 -.25 -28.7486 3.7008 -.25 -29.4247 5.4726 -.25 -28.2235 5.2047 -.25 -27.5768
4 14 1.8662 -.25 -30.154 3.7008 -.25 -29.4247 3.5197 -.25 -28.7486 1.7748 -.25 -29.4601
4 14 1.7748 -.25 -29.4601 0 -.25 -29.7 0 -.25 -30.4 1.8662 -.25 -30.154

1 16 -15.5 0 35.5 0 0 -2 0 -1 0 2 0 0 1-4chrd.dat
1 16 15.5 0 35.5 2 0 0 0 -1 0 0 0 2 1-4chrd.dat
1 16 15.5 0 -35.5 0 0 2 0 -1 0 -2 0 0 1-4chrd.dat
1 16 -15.5 0 -35.5 -2 0 0 0 -1 0 0 0 -2 1-4chrd.dat

1 16 -15.5 -.25 35.5 0 0 -2 0 .25 0 2 0 0 1-4cyli.dat
1 16 15.5 -.25 35.5 2 0 0 0 .25 0 0 0 2 1-4cyli.dat
1 16 15.5 -.25 -35.5 0 0 2 0 .25 0 -2 0 0 1-4cyli.dat
1 16 -15.5 -.25 -35.5 -2 0 0 0 .25 0 0 0 -2 1-4cyli.dat

4 16 17.5 -.25 35.5 17.5 -.25 -35.5 17.5 0 -35.5 17.5 0 35.5
4 16 -15.5 -.25 37.5 15.5 -.25 37.5 15.5 0 37.5 -15.5 0 37.5
4 16 -17.5 -.25 -35.5 -17.5 -.25 35.5 -17.5 0 35.5 -17.5 0 -35.5
4 16 15.5 -.25 -37.5 -15.5 -.25 -37.5 -15.5 0 -37.5 15.5 0 -37.5
4 16 15.5 0 -37.5 -15.5 0 -37.5 -17.5 0 -35.5 17.5 0 -35.5
4 16 17.5 0 35.5 17.5 0 -35.5 -17.5 0 -35.5 -17.5 0 35.5
4 16 17.5 0 35.5 -17.5 0 35.5 -15.5 0 37.5 15.5 0 37.5
