0 Sticker  1.7 x  1.7 with Number 80 Rotated Left in White Circle with Red, Black and Lime Background
0 Name: 6171761d.dat
0 Author: Evert-Jan Boer [ejboer]
0 !LDRAW_ORG Unofficial_Part
0 !LICENSE Licensed under CC BY 4.0 : see CAreadme.txt

0 BFC CERTIFY CCW

0 !KEYWORDS RC Tracked Racer, Set 42065

1 4 -16.5 -.25 16.5 -1 0 0 0 1 0 0 0 1 1-4chrd.dat
1 4 -16.5 -.25 -16.5 0 0 -1 0 1 0 -1 0 0 1-4chrd.dat
1 27 16.5 -.25 -16.5 1 0 0 0 1 0 0 0 -1 1-4chrd.dat
1 15 16.5 -.25 16.5 0 0 1 0 1 0 1 0 0 1-8chrd.dat
1 0 16.5 -.25 16.5 .70711 0 .70711 0 1 0 .70711 0 -.70711 1-8chrd.dat

4 0 -7.9674 -.25 .3194 -8.042 -.25 .6473 -12.2204 -.25 -.2974 -11.9845 -.25 -1.3858
4 0 -8.042 -.25 .6473 -8.0023 -.25 .9993 -12.0571 -.25 .8794 -12.2204 -.25 -.2974
4 0 -12.0571 -.25 .8794 -8.0023 -.25 .9993 -7.8508 -.25 1.3514 -11.5058 -.25 2.0645
4 0 -11.5058 -.25 2.0645 -7.8508 -.25 1.3514 -7.5979 -.25 1.6795 -10.604 -.25 3.177
4 0 -10.604 -.25 3.177 -7.5979 -.25 1.6795 -7.2609 -.25 1.9614 -9.4132 -.25 4.1412
4 0 -6.8627 -.25 2.1778 -8.0145 -.25 4.8914 -9.4132 -.25 4.1412 -7.2609 -.25 1.9614
4 0 -4.7585 -.25 1.6815 -.7414 -.25 3.3866 -1.3604 -.25 4.3124 -4.9425 -.25 1.963
4 0 -4.9425 -.25 1.963 -1.3604 -.25 4.3124 -2.3204 -.25 5.0124 -5.2233 -.25 2.1789
4 0 -2.3204 -.25 5.0124 -3.5558 -.25 5.4391 -5.5818 -.25 2.3145 -5.2233 -.25 2.1789
4 0 -3.5558 -.25 5.4391 -4.9825 -.25 5.5632 -5.9935 -.25 2.3606 -5.5818 -.25 2.3145
4 0 -4.9825 -.25 5.5632 -6.5033 -.25 5.3764 -6.4304 -.25 2.3139 -5.9935 -.25 2.3606
4 0 -6.5033 -.25 5.3764 -8.0145 -.25 4.8914 -6.8627 -.25 2.1778 -6.4304 -.25 2.3139
4 0 .5768 -.25 -.3973 .3917 -.25 .7172 -3.6254 -.25 -.988 -3.5507 -.25 -1.3159
4 0 -6.8342 -.25 -2.3501 -10.8513 -.25 -4.0552 -10.1782 -.25 -4.9625 -6.6502 -.25 -2.6316
4 0 -6.3694 -.25 -2.8475 -6.6502 -.25 -2.6316 -10.1782 -.25 -4.9625 -9.3314 -.25 -5.4111
4 0 -7.8699 -.25 -5.6142 -6.3694 -.25 -2.8475 -9.3314 -.25 -5.4111 -8.1971 -.25 -5.6235
4 0 -3.5507 -.25 -1.3159 -3.5904 -.25 -1.6679 -.3239 -.25 -2.2816 .3113 -.25 -1.3181
3 0 .5768 -.25 -.3973 -3.5507 -.25 -1.3159 .3113 -.25 -1.3181
4 0 -3.6254 -.25 -.988 .3917 -.25 .7172 -.7414 -.25 3.3866 -4.7585 -.25 1.6815
4 0 -6.8342 -.25 -2.3501 -7.9674 -.25 .3194 -11.9845 -.25 -1.3858 -10.8513 -.25 -4.0552
4 15 -6.8342 -.25 -2.3501 -6.6502 -.25 -2.6316 -8.042 -.25 .6473 -7.9674 -.25 .3194
4 15 -6.6502 -.25 -2.6316 -6.3694 -.25 -2.8475 -8.0023 -.25 .9993 -8.042 -.25 .6473
4 15 -6.0109 -.25 -2.9831 -7.8508 -.25 1.3514 -8.0023 -.25 .9993 -6.3694 -.25 -2.8475
4 15 -6.0109 -.25 -2.9831 -5.5992 -.25 -3.0291 -7.5979 -.25 1.6795 -7.8508 -.25 1.3514
4 15 -5.1623 -.25 -2.9825 -7.2609 -.25 1.9614 -7.5979 -.25 1.6795 -5.5992 -.25 -3.0291
4 15 -5.1623 -.25 -2.9825 -4.7301 -.25 -2.8464 -6.8627 -.25 2.1778 -7.2609 -.25 1.9614
4 15 -4.3318 -.25 -2.63 -6.4304 -.25 2.3139 -6.8627 -.25 2.1778 -4.7301 -.25 -2.8464
4 15 -4.3318 -.25 -2.63 -3.9948 -.25 -2.3481 -5.9935 -.25 2.3606 -6.4304 -.25 2.3139
4 15 -5.9935 -.25 2.3606 -3.9948 -.25 -2.3481 -3.7419 -.25 -2.02 -5.5818 -.25 2.3145
4 15 -5.2233 -.25 2.1789 -5.5818 -.25 2.3145 -3.7419 -.25 -2.02 -3.5904 -.25 -1.6679
4 15 -3.5507 -.25 -1.3159 -4.9425 -.25 1.963 -5.2233 -.25 2.1789 -3.5904 -.25 -1.6679
4 15 -4.7585 -.25 1.6815 -4.9425 -.25 1.963 -3.5507 -.25 -1.3159 -3.6254 -.25 -.988
4 0 -3.3177 -.25 -10.6346 -7.3348 -.25 -12.3398 -6.7157 -.25 -13.2655 -3.1337 -.25 -10.9161
4 0 -3.1337 -.25 -10.9161 -6.7157 -.25 -13.2655 -5.7558 -.25 -13.9656 -2.8528 -.25 -11.132
4 0 -2.4944 -.25 -11.2676 -2.8528 -.25 -11.132 -5.7558 -.25 -13.9656 -4.5204 -.25 -14.3922
4 0 -2.0827 -.25 -11.3137 -2.4944 -.25 -11.2676 -4.5204 -.25 -14.3922 -3.0936 -.25 -14.5164
4 0 -3.0936 -.25 -14.5164 -1.5728 -.25 -14.3296 -1.6458 -.25 -11.2671 -2.0827 -.25 -11.3137
4 0 -1.5728 -.25 -14.3296 -.0616 -.25 -13.8446 -1.2135 -.25 -11.1309 -1.6458 -.25 -11.2671
4 0 4.1442 -.25 -8.6557 3.9083 -.25 -7.5674 -.1088 -.25 -9.2725 -.0341 -.25 -9.6005
4 0 3.981 -.25 -9.8326 4.1442 -.25 -8.6557 -.0341 -.25 -9.6005 -.0739 -.25 -9.9524
4 0 3.981 -.25 -9.8326 -.0739 -.25 -9.9524 -.2253 -.25 -10.3045 3.4297 -.25 -11.0176
4 0 -.4782 -.25 -10.6326 2.5279 -.25 -12.1302 3.4297 -.25 -11.0176 -.2253 -.25 -10.3045
4 0 -.8153 -.25 -10.9145 1.3371 -.25 -13.0944 2.5279 -.25 -12.1302 -.4782 -.25 -10.6326
4 0 -1.2135 -.25 -11.1309 -.0616 -.25 -13.8446 1.3371 -.25 -13.0944 -.8153 -.25 -10.9145
4 0 1.7504 -.25 -3.1621 -1.7776 -.25 -5.4931 -1.5936 -.25 -5.7746 2.4235 -.25 -4.0695
4 0 -4.8024 -.25 -7.1367 -4.8771 -.25 -6.8088 -9.0046 -.25 -7.7274 -8.8195 -.25 -8.8419
4 0 -9.0046 -.25 -7.7274 -4.8771 -.25 -6.8088 -4.8374 -.25 -6.4568 -8.7391 -.25 -6.8066
4 0 -1.7776 -.25 -5.4931 .9036 -.25 -2.7135 -.2307 -.25 -2.5012 -2.0584 -.25 -5.2772
3 0 .9036 -.25 -2.7135 -1.7776 -.25 -5.4931 1.7504 -.25 -3.1621
4 0 -1.5936 -.25 -5.7746 -.1088 -.25 -9.2725 3.9083 -.25 -7.5674 2.4235 -.25 -4.0695
4 0 -7.3348 -.25 -12.3398 -3.3177 -.25 -10.6346 -4.8024 -.25 -7.1367 -8.8195 -.25 -8.8419
4 15 -4.8024 -.25 -7.1367 -3.3177 -.25 -10.6346 -3.1337 -.25 -10.9161 -4.8771 -.25 -6.8088
4 15 -4.8771 -.25 -6.8088 -3.1337 -.25 -10.9161 -2.8528 -.25 -11.132 -4.8374 -.25 -6.4568
4 15 -2.8528 -.25 -11.132 -2.4944 -.25 -11.2676 -4.6859 -.25 -6.1047 -4.8374 -.25 -6.4568
4 15 -4.6859 -.25 -6.1047 -2.4944 -.25 -11.2676 -2.0827 -.25 -11.3137 -4.433 -.25 -5.7766
4 15 -2.0827 -.25 -11.3137 -1.6458 -.25 -11.2671 -4.096 -.25 -5.4947 -4.433 -.25 -5.7766
4 15 -4.096 -.25 -5.4947 -1.6458 -.25 -11.2671 -1.2135 -.25 -11.1309 -3.6978 -.25 -5.2783
4 15 -1.2135 -.25 -11.1309 -.8153 -.25 -10.9145 -3.2655 -.25 -5.1422 -3.6978 -.25 -5.2783
4 15 -3.2655 -.25 -5.1422 -.8153 -.25 -10.9145 -.4782 -.25 -10.6326 -2.8286 -.25 -5.0955
4 15 -.4782 -.25 -10.6326 -.2253 -.25 -10.3045 -2.4169 -.25 -5.1416 -2.8286 -.25 -5.0955
4 15 -.0739 -.25 -9.9524 -2.0584 -.25 -5.2772 -2.4169 -.25 -5.1416 -.2253 -.25 -10.3045
4 15 -1.7776 -.25 -5.4931 -2.0584 -.25 -5.2772 -.0739 -.25 -9.9524 -.0341 -.25 -9.6005
4 15 -.1088 -.25 -9.2725 -1.5936 -.25 -5.7746 -1.7776 -.25 -5.4931 -.0341 -.25 -9.6005
4 0 -8.7391 -.25 -6.8066 -4.8374 -.25 -6.4568 -7.8699 -.25 -5.6142 -8.1039 -.25 -5.8431
3 0 -7.8699 -.25 -5.6142 -4.8374 -.25 -6.4568 -4.6859 -.25 -6.1047
4 0 -6.3694 -.25 -2.8475 -7.8699 -.25 -5.6142 -4.6859 -.25 -6.1047 -6.0109 -.25 -2.9831
4 0 -5.5992 -.25 -3.0291 -6.0109 -.25 -2.9831 -4.6859 -.25 -6.1047 -4.433 -.25 -5.7766
4 0 -5.1623 -.25 -2.9825 -5.5992 -.25 -3.0291 -4.433 -.25 -5.7766 -4.096 -.25 -5.4947
4 0 -4.096 -.25 -5.4947 -3.6978 -.25 -5.2783 -4.7301 -.25 -2.8464 -5.1623 -.25 -2.9825
4 0 -3.6978 -.25 -5.2783 -3.2655 -.25 -5.1422 -4.3318 -.25 -2.63 -4.7301 -.25 -2.8464
4 0 -3.2655 -.25 -5.1422 -2.8286 -.25 -5.0955 -3.9948 -.25 -2.3481 -4.3318 -.25 -2.63
4 0 -2.8286 -.25 -5.0955 -2.4169 -.25 -5.1416 -3.7419 -.25 -2.02 -3.9948 -.25 -2.3481
3 0 -3.7419 -.25 -2.02 -2.4169 -.25 -5.1416 -.5579 -.25 -2.5105
4 0 -3.5904 -.25 -1.6679 -3.7419 -.25 -2.02 -.5579 -.25 -2.5105 -.3239 -.25 -2.2816
4 0 -2.0584 -.25 -5.2772 -.2307 -.25 -2.5012 -.5579 -.25 -2.5105 -2.4169 -.25 -5.1416
3 15 -7.8699 -.25 -5.6142 -8.1971 -.25 -5.6235 -8.1039 -.25 -5.8431
4 15 -8.1971 -.25 -5.6235 -9.3314 -.25 -5.4111 -8.7391 -.25 -6.8066 -8.1039 -.25 -5.8431
4 15 -9.3314 -.25 -5.4111 -10.1782 -.25 -4.9625 -9.0046 -.25 -7.7274 -8.7391 -.25 -6.8066
4 15 -10.1782 -.25 -4.9625 -10.8513 -.25 -4.0552 -8.8195 -.25 -8.8419 -9.0046 -.25 -7.7274
3 15 -.3239 -.25 -2.2816 -.5579 -.25 -2.5105 -.2307 -.25 -2.5012
4 15 .9036 -.25 -2.7135 .3113 -.25 -1.3181 -.3239 -.25 -2.2816 -.2307 -.25 -2.5012
4 15 .9036 -.25 -2.7135 1.7504 -.25 -3.1621 .5768 -.25 -.3973 .3113 -.25 -1.3181
4 15 1.7504 -.25 -3.1621 2.4235 -.25 -4.0695 .3917 -.25 .7172 .5768 -.25 -.3973
4 0 4.7356 -.25 5.7115 4.6609 -.25 6.0394 .4826 -.25 5.0947 .7185 -.25 4.0063
4 0 4.6609 -.25 6.0394 4.7007 -.25 6.3914 .6459 -.25 6.2715 .4826 -.25 5.0947
4 0 .6459 -.25 6.2715 4.7007 -.25 6.3914 4.8522 -.25 6.7435 1.1972 -.25 7.4566
4 0 1.1972 -.25 7.4566 4.8522 -.25 6.7435 5.105 -.25 7.0716 2.0989 -.25 8.5691
4 0 2.0989 -.25 8.5691 5.105 -.25 7.0716 5.4421 -.25 7.3535 3.2897 -.25 9.5333
4 0 7.9445 -.25 7.0736 11.9616 -.25 8.7787 11.3426 -.25 9.7045 7.7605 -.25 7.3551
4 0 7.7605 -.25 7.3551 11.3426 -.25 9.7045 10.3826 -.25 10.4045 7.4797 -.25 7.571
4 0 10.3826 -.25 10.4045 9.1472 -.25 10.8312 7.1212 -.25 7.7066 7.4797 -.25 7.571
4 0 9.1472 -.25 10.8312 7.7205 -.25 10.9553 6.7095 -.25 7.7526 7.1212 -.25 7.7066
4 0 7.7205 -.25 10.9553 6.1997 -.25 10.7685 6.2726 -.25 7.706 6.7095 -.25 7.7526
4 0 5.9872 -.25 -7.8734 9.5693 -.25 -5.524 9.3853 -.25 -5.2425 5.3682 -.25 -6.9477
4 0 6.9472 -.25 -8.5735 9.8501 -.25 -5.74 9.5693 -.25 -5.524 5.9872 -.25 -7.8734
4 0 6.9472 -.25 -8.5735 8.1826 -.25 -9.0001 10.2086 -.25 -5.8756 9.8501 -.25 -5.74
4 0 10.6203 -.25 -5.9216 10.2086 -.25 -5.8756 8.1826 -.25 -9.0001 9.6093 -.25 -9.1243
4 0 9.6093 -.25 -9.1243 11.1301 -.25 -8.9375 11.0572 -.25 -5.875 10.6203 -.25 -5.9216
4 0 11.1301 -.25 -8.9375 12.6414 -.25 -8.4525 11.4895 -.25 -5.7388 11.0572 -.25 -5.875
4 0 12.5942 -.25 -3.8804 12.6689 -.25 -4.2084 16.8472 -.25 -3.2637 16.6113 -.25 -2.1753
4 0 12.6689 -.25 -4.2084 12.6291 -.25 -4.5603 16.6839 -.25 -4.4405 16.8472 -.25 -3.2637
4 0 16.6839 -.25 -4.4405 12.6291 -.25 -4.5603 12.4776 -.25 -4.9124 16.1326 -.25 -5.6255
4 0 16.1326 -.25 -5.6255 12.4776 -.25 -4.9124 12.2248 -.25 -5.2406 15.2309 -.25 -6.7381
4 0 15.2309 -.25 -6.7381 12.2248 -.25 -5.2406 11.8877 -.25 -5.5224 14.0401 -.25 -7.7023
4 0 11.4895 -.25 -5.7388 12.6414 -.25 -8.4525 14.0401 -.25 -7.7023 11.8877 -.25 -5.5224
4 0 .7185 -.25 4.0063 5.3682 -.25 -6.9477 9.3853 -.25 -5.2425 4.7356 -.25 5.7115
4 0 7.9445 -.25 7.0736 12.5942 -.25 -3.8804 16.6113 -.25 -2.1753 11.9616 -.25 8.7787
4 15 9.3853 -.25 -5.2425 9.5693 -.25 -5.524 4.6609 -.25 6.0394 4.7356 -.25 5.7115
4 15 9.5693 -.25 -5.524 9.8501 -.25 -5.74 4.7007 -.25 6.3914 4.6609 -.25 6.0394
4 15 4.7007 -.25 6.3914 9.8501 -.25 -5.74 10.2086 -.25 -5.8756 4.8522 -.25 6.7435
4 15 10.2086 -.25 -5.8756 10.6203 -.25 -5.9216 5.105 -.25 7.0716 4.8522 -.25 6.7435
4 15 5.105 -.25 7.0716 10.6203 -.25 -5.9216 11.0572 -.25 -5.875 5.4421 -.25 7.3535
4 15 11.0572 -.25 -5.875 11.4895 -.25 -5.7388 5.8403 -.25 7.5699 5.4421 -.25 7.3535
4 15 5.8403 -.25 7.5699 11.4895 -.25 -5.7388 11.8877 -.25 -5.5224 6.2726 -.25 7.706
4 15 11.8877 -.25 -5.5224 12.2248 -.25 -5.2406 6.7095 -.25 7.7526 6.2726 -.25 7.706
4 15 12.4776 -.25 -4.9124 7.1212 -.25 7.7066 6.7095 -.25 7.7526 12.2248 -.25 -5.2406
4 15 12.4776 -.25 -4.9124 12.6291 -.25 -4.5603 7.4797 -.25 7.571 7.1212 -.25 7.7066
4 15 12.6689 -.25 -4.2084 7.7605 -.25 7.3551 7.4797 -.25 7.571 12.6291 -.25 -4.5603
4 15 12.6689 -.25 -4.2084 12.5942 -.25 -3.8804 7.9445 -.25 7.0736 7.7605 -.25 7.3551
4 15 -6.5033 -.25 5.3764 3.2897 -.25 9.5333 4.6884 -.25 10.2835 -8.0145 -.25 4.8914
4 15 -4.9825 -.25 5.5632 2.0989 -.25 8.5691 3.2897 -.25 9.5333 -6.5033 -.25 5.3764
4 15 -3.5558 -.25 5.4391 1.1972 -.25 7.4566 2.0989 -.25 8.5691 -4.9825 -.25 5.5632
4 15 -2.3204 -.25 5.0124 .6459 -.25 6.2715 1.1972 -.25 7.4566 -3.5558 -.25 5.4391
4 15 -1.3604 -.25 4.3124 .4826 -.25 5.0947 .6459 -.25 6.2715 -2.3204 -.25 5.0124
4 15 -.7414 -.25 3.3866 .7185 -.25 4.0063 .4826 -.25 5.0947 -1.3604 -.25 4.3124
4 15 -.0616 -.25 -13.8446 12.6414 -.25 -8.4525 11.1301 -.25 -8.9375 1.3371 -.25 -13.0944
4 15 1.3371 -.25 -13.0944 11.1301 -.25 -8.9375 9.6093 -.25 -9.1243 2.5279 -.25 -12.1302
4 15 2.5279 -.25 -12.1302 9.6093 -.25 -9.1243 8.1826 -.25 -9.0001 3.4297 -.25 -11.0176
4 15 3.4297 -.25 -11.0176 8.1826 -.25 -9.0001 6.9472 -.25 -8.5735 3.981 -.25 -9.8326
4 15 3.981 -.25 -9.8326 6.9472 -.25 -8.5735 5.9872 -.25 -7.8734 4.1442 -.25 -8.6557
4 15 4.1442 -.25 -8.6557 5.9872 -.25 -7.8734 5.3682 -.25 -6.9477 3.9083 -.25 -7.5674
3 15 2.4235 -.25 -4.0695 3.9083 -.25 -7.5674 5.3682 -.25 -6.9477
4 15 5.3682 -.25 -6.9477 .7185 -.25 4.0063 -.7414 -.25 3.3866 .3917 -.25 .7172
3 15 .3917 -.25 .7172 2.4235 -.25 -4.0695 5.3682 -.25 -6.9477
3 15 17.5345 -.25 11.472 17.5 -.25 11.4313 17.5 -.25 9.9211
4 0 5.4421 -.25 7.3535 5.8403 -.25 7.5699 4.6884 -.25 10.2835 3.2897 -.25 9.5333
4 0 5.8403 -.25 7.5699 6.2726 -.25 7.706 6.1997 -.25 10.7685 4.6884 -.25 10.2835
4 0 17.2147 -.25 9.2308 16.4695 -.25 6.7385 16.9778 -.25 5.7876 17.5 -.25 8.8327
3 0 17.5 -.25 8.8327 17.4228 -.25 4.8055 17.5 -.25 4.6003
3 0 17.5 -.25 8.8327 16.9778 -.25 5.7876 17.4228 -.25 4.8055
4 0 13.4408 -.25 13.1493 12.2306 -.25 11.5721 13.064 -.25 10.8881 14.3748 -.25 12.3827
4 0 12.4586 -.25 13.8531 11.3541 -.25 12.2001 12.2306 -.25 11.5721 13.4408 -.25 13.1493
4 0 10.3669 -.25 15.0608 9.4876 -.25 13.2778 10.4385 -.25 12.7695 11.4325 -.25 14.4912
4 0 9.2663 -.25 15.5594 8.5055 -.25 13.7228 9.4876 -.25 13.2778 10.3669 -.25 15.0608
4 0 8.1354 -.25 15.9851 7.4964 -.25 14.1026 8.5055 -.25 13.7228 9.2663 -.25 15.5594
4 0 7.4088 -.25 16.2055 6.4646 -.25 14.4156 7.4964 -.25 14.1026 8.1354 -.25 15.9851
4 0 4.418 -.25 16.826 3.2777 -.25 14.9417 4.3507 -.25 14.836 4.6102 -.25 16.807
4 0 -3.7354 -.25 15.9851 -3.0964 -.25 14.1026 -2.0646 -.25 14.4156 -2.5791 -.25 16.3358
4 0 -7.8306 -.25 11.5721 -9.0408 -.25 13.1493 -9.9748 -.25 12.3827 -8.664 -.25 10.8881
4 0 -11.5001 -.25 7.6541 -13.1531 -.25 8.7586 -13.7912 -.25 7.7325 -12.0695 -.25 6.7385
4 0 -13.0228 -.25 4.8055 -12.5778 -.25 5.7876 -14.3608 -.25 6.6669 -14.8594 -.25 5.5663
4 0 -13.9604 -.25 1.7145 -13.7156 -.25 2.7646 -15.6358 -.25 3.2791 -15.9102 -.25 2.1023
4 0 -14.136 -.25 .6507 -13.9604 -.25 1.7145 -15.9102 -.25 2.1023 -16.107 -.25 .9102
4 0 -14.277 -.25 -1.5 -14.2417 -.25 -.4224 -16.2255 -.25 -.2923 -16.265 -.25 -1.5
4 0 -13.7156 -.25 -5.7646 -13.9604 -.25 -4.7145 -15.9102 -.25 -5.1023 -15.6358 -.25 -6.2791
4 0 -14.7321 -.25 -8.8474 -14.3608 -.25 -9.6669 -12.5778 -.25 -8.7876 -13.0228 -.25 -7.8055
4 0 -12.4493 -.25 -12.7408 -10.8721 -.25 -11.5306 -11.5001 -.25 -10.6541 -13.1531 -.25 -11.7586
3 0 17.5 -.25 -7.6003 17.4228 -.25 -7.8055 17.5 -.25 -11.7586
4 0 17.4228 -.25 -7.8055 16.9778 -.25 -8.7876 16.8493 -.25 -12.7408 17.5 -.25 -11.7586
3 0 16.9778 -.25 -8.7876 16.4695 -.25 -9.7385 16.8493 -.25 -12.7408
4 0 16.4695 -.25 -9.7385 15.9001 -.25 -10.6541 16.0827 -.25 -13.6748 16.8493 -.25 -12.7408
3 0 15.9001 -.25 -10.6541 15.2721 -.25 -11.5306 16.0827 -.25 -13.6748
4 0 15.2721 -.25 -11.5306 14.5881 -.25 -12.364 15.2567 -.25 -14.5567 16.0827 -.25 -13.6748
4 0 14.5881 -.25 -12.364 13.851 -.25 -13.151 14.3748 -.25 -15.3827 15.2567 -.25 -14.5567
4 0 14.0586 -.25 -15.6423 14.3748 -.25 -15.3827 13.851 -.25 -13.151 13.064 -.25 -13.8881
4 0 14.0586 -.25 -15.6423 13.064 -.25 -13.8881 12.2306 -.25 -14.5721 13.4408 -.25 -16.1493
4 0 12.4586 -.25 -16.8531 11.3541 -.25 -15.2001 10.4385 -.25 -15.7695 11.4325 -.25 -17.5
3 0 10.4385 -.25 -15.7695 9.4876 -.25 -16.2778 11.4325 -.25 -17.5
3 0 9.4876 -.25 -16.2778 8.5055 -.25 -16.7228 11.4325 -.25 -17.5
3 0 8.5055 -.25 -16.7228 7.4964 -.25 -17.1026 11.4325 -.25 -17.5
3 0 7.4964 -.25 -17.1026 6.4646 -.25 -17.4156 11.4325 -.25 -17.5
3 0 6.4646 -.25 -17.4156 6.1024 -.25 -17.5 11.4325 -.25 -17.5
4 0 12.7681 -.25 16.4392 11.4525 -.25 15.9715 13.023 -.25 15.5507 13.0144 -.25 15.9969
4 0 13.023 -.25 15.5507 11.4525 -.25 15.9715 12.358 -.25 14.9087 12.7925 -.25 15.1686
4 0 12.358 -.25 14.9087 11.4525 -.25 15.9715 11.1625 -.25 14.8893 11.7856 -.25 14.8106
4 0 11.1625 -.25 14.8893 11.4525 -.25 15.9715 10.1369 -.25 15.5038 10.5836 -.25 15.1327
4 0 10.1369 -.25 15.5038 11.4525 -.25 15.9715 9.882 -.25 16.3923 9.8906 -.25 15.9461
4 0 9.882 -.25 16.3923 11.4525 -.25 15.9715 10.547 -.25 17.0343 10.1125 -.25 16.7744
4 0 10.547 -.25 17.0343 11.4525 -.25 15.9715 11.7425 -.25 17.0537 11.1194 -.25 17.1324
4 0 12.7681 -.25 16.4392 12.3214 -.25 16.8103 11.7425 -.25 17.0537 11.4525 -.25 15.9715
4 0 15.8973 -.25 13.8251 14.7425 -.25 13.8064 15.7332 -.25 13.2128 15.9037 -.25 13.4953
4 0 15.0948 -.25 12.9663 15.412 -.25 13.0206 15.7332 -.25 13.2128 14.7425 -.25 13.8064
4 0 14.9888 -.25 12.9481 14.7425 -.25 13.8064 14.1001 -.25 13.1863 14.5281 -.25 13.0063
4 0 14.1001 -.25 13.1863 14.7425 -.25 13.8064 13.5878 -.25 13.7876 13.7699 -.25 13.4606
4 0 13.7518 -.25 14.4 14.7425 -.25 13.8064 14.4963 -.25 14.6647 14.0731 -.25 14.5922
4 0 14.4963 -.25 14.6647 14.7425 -.25 13.8064 15.3849 -.25 14.4265 14.9569 -.25 14.6065
4 0 15.8483 -.25 13.9132 15.7152 -.25 14.1522 15.3849 -.25 14.4265 14.7425 -.25 13.8064
4 0 7.4088 -.25 16.2055 6.9522 -.25 16.5848 6.2528 -.25 16.8789 5.5001 -.25 16.974
4 0 5.5001 -.25 16.974 4.8086 -.25 16.8555 4.7022 -.25 16.7918 7.4088 -.25 16.2055
4 0 6.4646 -.25 14.4156 7.4088 -.25 16.2055 4.7022 -.25 16.7918 5.4145 -.25 14.6604
4 0 4.7022 -.25 16.7918 4.6102 -.25 16.807 4.3507 -.25 14.836 5.4145 -.25 14.6604
4 0 17.2537 -.25 9.2953 16.7349 -.25 10.2265 16.3025 -.25 10.4071 17.2147 -.25 9.2308
4 0 16.4695 -.25 6.7385 17.2147 -.25 9.2308 16.3025 -.25 10.4071 15.9001 -.25 7.6541
3 0 16.3025 -.25 10.4071 15.2721 -.25 8.5306 15.9001 -.25 7.6541
4 0 15.2721 -.25 8.5306 16.3025 -.25 10.4071 16.0827 -.25 10.6748 14.5881 -.25 9.364
4 0 12.7128 -.25 17.5 13.3125 -.25 17.2393 13.9356 -.25 17.1606 14.9114 -.25 17.5
3 0 14.9114 -.25 17.5 13.9356 -.25 17.1606 14.508 -.25 17.2587
4 0 16.7781 -.25 15.6063 17.2388 -.25 15.5481 17.5 -.25 15.5929 17.5 -.25 16.5
4 0 17.2069 -.25 17.2065 16.0199 -.25 16.0606 16.3501 -.25 15.7863 17.5 -.25 16.5
4 0 16.3231 -.25 17.1922 16.0199 -.25 16.0606 17.2069 -.25 17.2065 16.7463 -.25 17.2647
4 0 15.9921 -.25 16.1105 16.0199 -.25 16.0606 16.3231 -.25 17.1922 16.0018 -.25 17
4 27 17.2388 -.25 15.5481 17.2824 -.25 13.6806 17.5 -.25 13.7586 17.5 -.25 15.5929
4 27 16.7781 -.25 15.6063 16.8072 -.25 15.408 16.904 -.25 14.9147 17.2388 -.25 15.5481
3 27 16.5774 -.25 15.6907 16.8072 -.25 15.408 16.7781 -.25 15.6063
4 27 17.2388 -.25 15.5481 16.904 -.25 14.9147 16.723 -.25 14.4456 17.2824 -.25 13.6806
4 27 16.2917 -.25 14.0722 16.8923 -.25 13.3429 17.2824 -.25 13.6806 16.723 -.25 14.4456
4 27 15.9037 -.25 13.4953 16.7286 -.25 12.9187 16.8923 -.25 13.3429 16.2917 -.25 14.0722
3 27 16.2917 -.25 14.0722 15.8973 -.25 13.8251 15.9037 -.25 13.4953
3 27 16.2917 -.25 14.0722 15.8483 -.25 13.9132 15.8973 -.25 13.8251
4 27 17.5345 -.25 11.472 17.5 -.25 11.8676 17.4655 -.25 11.472 17.5 -.25 11.4313
4 27 17.4655 -.25 11.472 17.5 -.25 11.8676 17.1417 -.25 12.0722 16.9982 -.25 11.7732
4 27 16.9982 -.25 11.7732 17.1417 -.25 12.0722 16.8162 -.25 12.4725 16.4671 -.25 11.9375
4 27 16.8162 -.25 12.4725 16.7286 -.25 12.9187 15.9037 -.25 13.4953 16.4671 -.25 11.9375
4 27 15.9037 -.25 13.4953 15.7332 -.25 13.2128 15.9531 -.25 11.94 16.4671 -.25 11.9375
4 27 15.7332 -.25 13.2128 15.412 -.25 13.0206 15.5343 -.25 11.7803 15.9531 -.25 11.94
3 27 15.412 -.25 13.0206 15.0948 -.25 12.9663 15.154 -.25 12.6647
4 27 15.2995 -.25 11.5111 15.5343 -.25 11.7803 14.973 -.25 12.1956 15.2567 -.25 11.5567
4 27 15.412 -.25 13.0206 15.154 -.25 12.6647 14.973 -.25 12.1956 15.5343 -.25 11.7803
3 27 14.973 -.25 12.1956 14.766 -.25 12.0164 15.2567 -.25 11.5567
3 27 15.8378 -.25 16.3876 15.8791 -.25 16.175 15.9921 -.25 16.1105
4 27 15.837 -.25 16.426 15.7108 -.25 16.498 15.1891 -.25 16.3319 15.8378 -.25 16.3876
3 27 15.8378 -.25 16.3876 15.1891 -.25 16.3319 15.8791 -.25 16.175
4 27 14.508 -.25 17.2587 15.1891 -.25 16.3319 15.7108 -.25 16.498 15.3509 -.25 16.9406
3 27 15.2796 -.25 17.5 14.9114 -.25 17.5 15.2541 -.25 17.434
4 27 15.3509 -.25 16.9406 15.2541 -.25 17.434 14.9114 -.25 17.5 14.508 -.25 17.2587
4 27 13.95 -.25 16.6 14.4823 -.25 16.2972 15.1891 -.25 16.3319 14.508 -.25 17.2587
4 27 13.023 -.25 15.5507 12.7925 -.25 15.1686 13.3509 -.25 14.7406 13.2541 -.25 15.234
4 27 12.7925 -.25 15.1686 12.358 -.25 14.9087 12.7323 -.25 14.0472 13.3509 -.25 14.7406
4 27 12.3607 -.25 13.914 12.7323 -.25 14.0472 12.358 -.25 14.9087 12.05 -.25 14.65
4 27 13.3509 -.25 14.7406 13.4391 -.25 14.0819 13.5827 -.25 14.0492 13.5814 -.25 14.1175
3 27 13.3509 -.25 14.7406 12.7323 -.25 14.0472 13.4391 -.25 14.0819
3 27 13.3509 -.25 14.7406 13.5814 -.25 14.1175 13.699 -.25 14.3125
4 27 14.508 -.25 17.2587 13.9356 -.25 17.1606 13.55 -.25 16.9 13.95 -.25 16.6
3 27 13.3125 -.25 17.2393 13.55 -.25 16.9 13.9356 -.25 17.1606
4 27 14.4823 -.25 16.2972 13.95 -.25 16.6 13.35 -.25 16 13.8664 -.25 16.0764
4 27 13.8664 -.25 16.0764 13.35 -.25 16 13.023 -.25 15.5507 13.4351 -.25 15.7031
3 27 13.4351 -.25 15.7031 13.023 -.25 15.5507 13.2541 -.25 15.234
3 27 12.05 -.25 14.65 11.8128 -.25 14.2547 12.3607 -.25 13.914
3 27 17.5 -.25 9.9211 17.2051 -.25 9.8086 17.2473 -.25 9.6251
3 27 17.145 -.25 9.8089 17.2473 -.25 9.6251 17.2051 -.25 9.8086
3 27 17.2537 -.25 9.2953 17.2147 -.25 9.2308 17.5 -.25 8.8327
4 27 17.2473 -.25 9.6251 17.2537 -.25 9.2953 17.5 -.25 8.8327 17.5 -.25 9.9211
3 15 16.5 -.25 17.5 16.7463 -.25 17.2647 17.2069 -.25 17.2065
4 15 16.7463 -.25 17.2647 16.5 -.25 17.5 15.2796 -.25 17.5 16.3231 -.25 17.1922
4 15 15.2796 -.25 17.5 15.2541 -.25 17.434 16.0018 -.25 17 16.3231 -.25 17.1922
4 15 15.2541 -.25 17.434 15.3509 -.25 16.9406 15.8314 -.25 16.7175 16.0018 -.25 17
4 15 15.3509 -.25 16.9406 15.7108 -.25 16.498 15.837 -.25 16.426 15.8314 -.25 16.7175
4 15 17.5 -.25 13.7586 17.2824 -.25 13.6806 17.1417 -.25 12.0722 17.5 -.25 11.8676
4 15 17.2824 -.25 13.6806 16.8923 -.25 13.3429 16.7286 -.25 12.9187 17.1417 -.25 12.0722
3 15 16.7286 -.25 12.9187 16.8162 -.25 12.4725 17.1417 -.25 12.0722
4 15 17.5 -.25 11.4313 17.4655 -.25 11.472 17.2051 -.25 9.8086 17.5 -.25 9.9211
4 15 17.2051 -.25 9.8086 17.4655 -.25 11.472 17.0652 -.25 9.9522 17.145 -.25 9.8089
4 15 17.4655 -.25 11.472 16.9982 -.25 11.7732 16.7349 -.25 10.2265 17.0652 -.25 9.9522
4 15 16.9982 -.25 11.7732 16.4671 -.25 11.9375 16.3025 -.25 10.4071 16.7349 -.25 10.2265
4 15 15.9531 -.25 11.94 16.0827 -.25 10.6748 16.3025 -.25 10.4071 16.4671 -.25 11.9375
4 15 15.9531 -.25 11.94 15.5343 -.25 11.7803 15.2995 -.25 11.5111 16.0827 -.25 10.6748
4 15 15.0948 -.25 12.9663 14.9888 -.25 12.9481 14.973 -.25 12.1956 15.154 -.25 12.6647
4 15 14.9888 -.25 12.9481 14.5281 -.25 13.0063 14.3748 -.25 12.3827 14.973 -.25 12.1956
3 15 14.3748 -.25 12.3827 14.766 -.25 12.0164 14.973 -.25 12.1956
4 15 13.4408 -.25 13.1493 14.3748 -.25 12.3827 14.5281 -.25 13.0063 14.1001 -.25 13.1863
3 15 13.7699 -.25 13.4606 13.4408 -.25 13.1493 14.1001 -.25 13.1863
4 15 12.7323 -.25 14.0472 13.4408 -.25 13.1493 13.7699 -.25 13.4606 13.5878 -.25 13.7876
3 15 12.7323 -.25 14.0472 12.4586 -.25 13.8531 13.4408 -.25 13.1493
3 15 12.7323 -.25 14.0472 12.3607 -.25 13.914 12.4586 -.25 13.8531
4 15 13.5827 -.25 14.0492 13.4391 -.25 14.0819 12.7323 -.25 14.0472 13.5878 -.25 13.7876
4 15 13.3125 -.25 17.2393 12.3214 -.25 16.8103 12.7681 -.25 16.4392 13.55 -.25 16.9
4 15 13.3125 -.25 17.2393 12.7128 -.25 17.5 11.7425 -.25 17.0537 12.3214 -.25 16.8103
4 15 11.7425 -.25 17.0537 12.7128 -.25 17.5 9.7991 -.25 17.5 11.1194 -.25 17.1324
4 15 10.547 -.25 17.0343 11.1194 -.25 17.1324 9.7991 -.25 17.5 9.7998 -.25 17.4631
4 15 9.7998 -.25 17.4631 9.5214 -.25 17.0015 10.1125 -.25 16.7744 10.547 -.25 17.0343
4 15 10.1125 -.25 16.7744 9.5214 -.25 17.0015 8.9964 -.25 16.6875 9.882 -.25 16.3923
4 15 8.9964 -.25 16.6875 8.3049 -.25 16.5691 8.1354 -.25 15.9851 9.2663 -.25 15.5594
4 15 7.5522 -.25 16.6641 7.4088 -.25 16.2055 8.1354 -.25 15.9851 8.3049 -.25 16.5691
4 15 6.8528 -.25 16.9582 6.9522 -.25 16.5848 7.4088 -.25 16.2055 7.5522 -.25 16.6641
4 15 6.3132 -.25 17.4065 6.2528 -.25 16.8789 6.9522 -.25 16.5848 6.8528 -.25 16.9582
4 15 6.3132 -.25 17.4065 6.2611 -.25 17.5 5.5001 -.25 16.974 6.2528 -.25 16.8789
4 15 8.9964 -.25 16.6875 9.2663 -.25 15.5594 9.8906 -.25 15.9461 9.882 -.25 16.3923
4 15 9.8906 -.25 15.9461 9.2663 -.25 15.5594 10.3669 -.25 15.0608 10.1369 -.25 15.5038
3 15 10.1369 -.25 15.5038 10.3669 -.25 15.0608 10.5836 -.25 15.1327
4 15 12.358 -.25 14.9087 11.7856 -.25 14.8106 11.4325 -.25 14.4912 12.05 -.25 14.65
3 15 12.05 -.25 14.65 11.4325 -.25 14.4912 11.8128 -.25 14.2547
3 15 11.1625 -.25 14.8893 11.4325 -.25 14.4912 11.7856 -.25 14.8106
4 15 10.5836 -.25 15.1327 10.3669 -.25 15.0608 11.4325 -.25 14.4912 11.1625 -.25 14.8893
3 15 13.35 -.25 16 13.0144 -.25 15.9969 13.023 -.25 15.5507
3 15 13.95 -.25 16.6 13.0144 -.25 15.9969 13.35 -.25 16
4 15 13.55 -.25 16.9 12.7681 -.25 16.4392 13.0144 -.25 15.9969 13.95 -.25 16.6
4 15 15.8483 -.25 13.9132 16.2917 -.25 14.0722 16.723 -.25 14.4456 15.7152 -.25 14.1522
4 15 16.904 -.25 14.9147 15.3849 -.25 14.4265 15.7152 -.25 14.1522 16.723 -.25 14.4456
4 15 16.5774 -.25 15.6907 15.3849 -.25 14.4265 16.904 -.25 14.9147 16.8072 -.25 15.408
4 15 16.5774 -.25 15.6907 16.3501 -.25 15.7863 14.9569 -.25 14.6065 15.3849 -.25 14.4265
3 15 15.8791 -.25 16.175 16.0199 -.25 16.0606 15.9921 -.25 16.1105
4 15 16.3501 -.25 15.7863 16.0199 -.25 16.0606 15.8791 -.25 16.175 14.9569 -.25 14.6065
4 15 15.8791 -.25 16.175 15.1891 -.25 16.3319 14.4823 -.25 16.2972 14.9569 -.25 14.6065
3 15 14.4823 -.25 16.2972 14.4963 -.25 14.6647 14.9569 -.25 14.6065
4 15 14.4963 -.25 14.6647 14.4823 -.25 16.2972 13.8664 -.25 16.0764 14.0731 -.25 14.5922
4 15 13.8664 -.25 16.0764 13.4351 -.25 15.7031 13.2541 -.25 15.234 14.0731 -.25 14.5922
4 15 13.7518 -.25 14.4 14.0731 -.25 14.5922 13.2541 -.25 15.234 13.3509 -.25 14.7406
3 15 13.3509 -.25 14.7406 13.699 -.25 14.3125 13.7518 -.25 14.4
4 0 15.4748 -.25 -16.1003 14.9883 -.25 -16.0145 15.2887 -.25 -16.3223 15.4142 -.25 -16.2275
4 0 15.2887 -.25 -16.3223 14.9883 -.25 -16.0145 14.9266 -.25 -16.3641 15.1175 -.25 -16.3703
4 0 14.9266 -.25 -16.3641 14.9883 -.25 -16.0145 14.6007 -.25 -16.201 14.7452 -.25 -16.3046
4 0 14.5018 -.25 -15.9287 14.5152 -.25 -16.069 14.6007 -.25 -16.201 14.9883 -.25 -16.0145
4 0 14.5018 -.25 -15.9287 14.9883 -.25 -16.0145 14.6879 -.25 -15.7066 14.5624 -.25 -15.8014
4 0 14.6879 -.25 -15.7066 14.9883 -.25 -16.0145 15.0499 -.25 -15.6649 14.8591 -.25 -15.6587
4 0 15.0499 -.25 -15.6649 14.9883 -.25 -16.0145 15.3759 -.25 -15.8279 15.2314 -.25 -15.7243
4 0 15.4748 -.25 -16.1003 15.4613 -.25 -15.9599 15.3759 -.25 -15.8279 14.9883 -.25 -16.0145
3 27 17.5 -.25 -11.7586 17.4237 -.25 -13.3989 17.5 -.25 -13.477
3 27 17.5 -.25 -11.7586 17.2635 -.25 -13.3133 17.4237 -.25 -13.3989
4 27 17.2635 -.25 -13.3133 17.5 -.25 -11.7586 16.8493 -.25 -12.7408 17.0858 -.25 -13.2759
3 27 16.8493 -.25 -12.7408 16.9175 -.25 -13.2926 17.0858 -.25 -13.2759
3 27 16.8493 -.25 -12.7408 16.7844 -.25 -13.3606 16.9175 -.25 -13.2926
4 27 16.7844 -.25 -13.3606 16.8493 -.25 -12.7408 16.0827 -.25 -13.6748 16.7066 -.25 -13.4698
3 27 16.7066 -.25 -13.4698 16.0827 -.25 -13.6748 16.696 -.25 -13.6034
4 27 16.696 -.25 -13.6034 16.0827 -.25 -13.6748 15.2567 -.25 -14.5567 16.7543 -.25 -13.7412
4 27 16.7543 -.25 -13.7412 15.2567 -.25 -14.5567 15.2314 -.25 -15.7243 16.8724 -.25 -13.8621
3 27 15.2567 -.25 -14.5567 15.0499 -.25 -15.6649 15.2314 -.25 -15.7243
3 27 17.5 -.25 -13.9063 17.3786 -.25 -13.9684 17.5 -.25 -16.5
3 27 17.3786 -.25 -13.9684 17.2103 -.25 -13.9851 17.5 -.25 -16.5
4 27 17.2103 -.25 -13.9851 17.0326 -.25 -13.9477 15.4613 -.25 -15.9599 17.5 -.25 -16.5
4 27 16.8724 -.25 -13.8621 15.3759 -.25 -15.8279 15.4613 -.25 -15.9599 17.0326 -.25 -13.9477
3 27 16.8724 -.25 -13.8621 15.2314 -.25 -15.7243 15.3759 -.25 -15.8279
3 27 15.4613 -.25 -15.9599 15.4748 -.25 -16.1003 17.5 -.25 -16.5
4 27 15.4748 -.25 -16.1003 15.4142 -.25 -16.2275 16.5 -.25 -17.5 17.5 -.25 -16.5
3 27 15.4142 -.25 -16.2275 15.2887 -.25 -16.3223 16.5 -.25 -17.5
3 27 15.2887 -.25 -16.3223 15.1175 -.25 -16.3703 16.5 -.25 -17.5
3 27 14.9266 -.25 -16.3641 16.5 -.25 -17.5 15.1175 -.25 -16.3703
4 27 15.0499 -.25 -15.6649 15.2567 -.25 -14.5567 14.3748 -.25 -15.3827 14.8591 -.25 -15.6587
3 27 14.3748 -.25 -15.3827 14.6879 -.25 -15.7066 14.8591 -.25 -15.6587
4 27 14.6879 -.25 -15.7066 14.3748 -.25 -15.3827 14.1001 -.25 -15.7404 14.5624 -.25 -15.8014
3 27 14.3748 -.25 -15.3827 14.0586 -.25 -15.6423 14.1001 -.25 -15.7404
4 27 14.5624 -.25 -15.8014 14.1001 -.25 -15.7404 14.0766 -.25 -16.0367 14.5018 -.25 -15.9287
3 27 14.5018 -.25 -15.9287 14.0766 -.25 -16.0367 14.5152 -.25 -16.069
4 27 14.5152 -.25 -16.069 14.0766 -.25 -16.0367 13.9042 -.25 -16.2787 14.6007 -.25 -16.201
3 27 14.6007 -.25 -16.201 13.9042 -.25 -16.2787 14.7452 -.25 -16.3046
4 27 13.9042 -.25 -16.2787 16.5 -.25 -17.5 14.9266 -.25 -16.3641 14.7452 -.25 -16.3046
3 27 13.9042 -.25 -16.2787 13.609 -.25 -16.4296 16.5 -.25 -17.5
3 27 13.609 -.25 -16.4296 13.2361 -.25 -16.4665 16.5 -.25 -17.5
4 27 13.0521 -.25 -16.4278 12.4586 -.25 -16.8531 16.5 -.25 -17.5 13.2361 -.25 -16.4665
3 27 12.4586 -.25 -16.8531 11.4325 -.25 -17.5 16.5 -.25 -17.5
4 0 17.5 -.25 -13.9063 17.5 -.25 -13.477 17.4237 -.25 -13.3989 17.3786 -.25 -13.9684
4 0 17.2635 -.25 -13.3133 17.2103 -.25 -13.9851 17.3786 -.25 -13.9684 17.4237 -.25 -13.3989
4 0 17.0858 -.25 -13.2759 17.0326 -.25 -13.9477 17.2103 -.25 -13.9851 17.2635 -.25 -13.3133
4 0 17.0326 -.25 -13.9477 17.0858 -.25 -13.2759 16.9175 -.25 -13.2926 16.8724 -.25 -13.8621
4 0 16.9175 -.25 -13.2926 16.7844 -.25 -13.3606 16.7543 -.25 -13.7412 16.8724 -.25 -13.8621
4 0 16.7543 -.25 -13.7412 16.7844 -.25 -13.3606 16.7066 -.25 -13.4698 16.696 -.25 -13.6034
4 15 14.0586 -.25 -15.6423 13.4408 -.25 -16.1493 14.0766 -.25 -16.0367 14.1001 -.25 -15.7404
4 15 14.0766 -.25 -16.0367 13.4408 -.25 -16.1493 13.609 -.25 -16.4296 13.9042 -.25 -16.2787
4 15 13.609 -.25 -16.4296 13.4408 -.25 -16.1493 13.0521 -.25 -16.4278 13.2361 -.25 -16.4665
4 4 -13.0715 -.25 -14.8089 -14.3519 -.25 -14.3428 -13.6942 -.25 -15.3528 -13.303 -.25 -15.1417
4 4 -13.6942 -.25 -15.3528 -14.3519 -.25 -14.3428 -14.7022 -.25 -15.3051 -14.1855 -.25 -15.4102
4 4 -14.7022 -.25 -15.3051 -14.3519 -.25 -14.3428 -15.505 -.25 -14.6938 -15.1655 -.25 -15.0535
4 4 -15.505 -.25 -14.6938 -14.3519 -.25 -14.3428 -15.6323 -.25 -13.8768 -15.6689 -.25 -14.2805
4 4 -15.6323 -.25 -13.8768 -14.3519 -.25 -14.3428 -15.0096 -.25 -13.3329 -15.4008 -.25 -13.544
4 4 -15.0096 -.25 -13.3329 -14.3519 -.25 -14.3428 -14.0017 -.25 -13.3806 -14.5183 -.25 -13.2755
4 4 -14.0017 -.25 -13.3806 -14.3519 -.25 -14.3428 -13.1989 -.25 -13.9919 -13.5383 -.25 -13.6322
4 4 -13.0715 -.25 -14.8089 -13.0349 -.25 -14.4052 -13.1989 -.25 -13.9919 -14.3519 -.25 -14.3428
4 4 -10.0401 -.25 -16.3262 -10.7519 -.25 -16.5428 -9.9615 -.25 -16.8305 -9.939 -.25 -16.5813
4 4 -9.9615 -.25 -16.8305 -10.7519 -.25 -16.5428 -10.3459 -.25 -17.1663 -10.1044 -.25 -17.0359
4 4 -10.3459 -.25 -17.1663 -10.7519 -.25 -16.5428 -10.9681 -.25 -17.1369 -10.6492 -.25 -17.2017
4 4 -10.9681 -.25 -17.1369 -10.7519 -.25 -16.5428 -11.4637 -.25 -16.7595 -11.2541 -.25 -16.9816
4 4 -11.4637 -.25 -16.7595 -10.7519 -.25 -16.5428 -11.5423 -.25 -16.2552 -11.5649 -.25 -16.5044
4 4 -11.5423 -.25 -16.2552 -10.7519 -.25 -16.5428 -11.1579 -.25 -15.9194 -11.3994 -.25 -16.0498
4 4 -11.1579 -.25 -15.9194 -10.7519 -.25 -16.5428 -10.5357 -.25 -15.9488 -10.8546 -.25 -15.884
4 4 -10.5357 -.25 -15.9488 -10.7519 -.25 -16.5428 -10.0401 -.25 -16.3262 -10.2497 -.25 -16.1041
4 4 8.1762 -.25 16.9189 7.711 -.25 17.0436 7.9737 -.25 16.7081 8.105 -.25 16.7946
4 4 7.9737 -.25 16.7081 7.711 -.25 17.0436 7.6173 -.25 16.6939 7.8024 -.25 16.6728
4 4 7.6173 -.25 16.6939 7.711 -.25 17.0436 7.3157 -.25 16.8845 7.4463 -.25 16.7682
4 4 7.2457 -.25 17.1682 7.2452 -.25 17.0249 7.3157 -.25 16.8845 7.711 -.25 17.0436
4 4 7.2457 -.25 17.1682 7.711 -.25 17.0436 7.4482 -.25 17.379 7.317 -.25 17.2926
4 4 7.4482 -.25 17.379 7.711 -.25 17.0436 7.8047 -.25 17.3932 7.6195 -.25 17.4143
4 4 7.8047 -.25 17.3932 7.711 -.25 17.0436 8.1062 -.25 17.2027 7.9756 -.25 17.3189
4 4 8.1762 -.25 16.9189 8.1767 -.25 17.0622 8.1062 -.25 17.2027 7.711 -.25 17.0436
4 0 9.7998 -.25 17.4631 9.7991 -.25 17.5 7.8047 -.25 17.3932 7.9756 -.25 17.3189
3 0 9.7991 -.25 17.5 7.6195 -.25 17.4143 7.8047 -.25 17.3932
3 0 9.7991 -.25 17.5 6.2611 -.25 17.5 7.6195 -.25 17.4143
4 0 7.6195 -.25 17.4143 6.2611 -.25 17.5 6.3132 -.25 17.4065 7.4482 -.25 17.379
3 0 6.3132 -.25 17.4065 7.317 -.25 17.2926 7.4482 -.25 17.379
4 0 7.317 -.25 17.2926 6.3132 -.25 17.4065 6.8528 -.25 16.9582 7.2457 -.25 17.1682
3 0 7.2457 -.25 17.1682 6.8528 -.25 16.9582 7.2452 -.25 17.0249
3 0 7.2452 -.25 17.0249 6.8528 -.25 16.9582 7.3157 -.25 16.8845
4 0 6.8528 -.25 16.9582 7.5522 -.25 16.6641 7.6173 -.25 16.6939 7.4463 -.25 16.7682
3 0 6.8528 -.25 16.9582 7.4463 -.25 16.7682 7.3157 -.25 16.8845
4 0 8.1062 -.25 17.2027 9.5214 -.25 17.0015 9.7998 -.25 17.4631 7.9756 -.25 17.3189
3 0 8.1062 -.25 17.2027 8.1767 -.25 17.0622 9.5214 -.25 17.0015
4 0 8.1767 -.25 17.0622 8.1762 -.25 16.9189 8.9964 -.25 16.6875 9.5214 -.25 17.0015
4 0 8.9964 -.25 16.6875 8.1762 -.25 16.9189 8.105 -.25 16.7946 8.3049 -.25 16.5691
3 0 8.105 -.25 16.7946 7.9737 -.25 16.7081 8.3049 -.25 16.5691
3 0 7.9737 -.25 16.7081 7.8024 -.25 16.6728 8.3049 -.25 16.5691
4 0 7.6173 -.25 16.6939 7.5522 -.25 16.6641 8.3049 -.25 16.5691 7.8024 -.25 16.6728
4 15 4.45 -.25 17.3 4.8086 -.25 16.8555 5.5001 -.25 16.974 6.2611 -.25 17.5
4 15 4.45 -.25 17.05 4.6102 -.25 16.807 4.7022 -.25 16.7918 4.8086 -.25 16.8555
3 15 4.45 -.25 17.05 4.418 -.25 16.826 4.6102 -.25 16.807
3 15 4.45 -.25 17.3 4.45 -.25 17.05 4.8086 -.25 16.8555
3 15 6.2611 -.25 17.5 4.4167 -.25 17.5 4.45 -.25 17.3
4 0 -3.5586 -.25 17.1741 -5.6378 -.25 17.5 -5.6918 -.25 17.4057 -4.0314 -.25 17.1604
4 0 -4.0314 -.25 17.1604 -5.6918 -.25 17.4057 -6.0468 -.25 17.172 -4.4216 -.25 16.9918
3 0 -6.0468 -.25 17.172 -4.6698 -.25 16.6942 -4.4216 -.25 16.9918
4 0 -4.6698 -.25 16.6942 -6.0468 -.25 17.172 -6.51 -.25 17.0763 -4.7383 -.25 16.3127
4 0 -4.6166 -.25 15.9054 -4.7383 -.25 16.3127 -6.51 -.25 17.0763 -7.056 -.25 16.3468
4 0 -6.51 -.25 17.0763 -7.0109 -.25 17.1334 -7.3767 -.25 16.8673 -7.056 -.25 16.3468
4 0 -7.0109 -.25 17.1334 -7.4732 -.25 17.3344 -7.9224 -.25 17.2735 -7.3767 -.25 16.8673
4 0 -7.4732 -.25 17.3344 -7.6593 -.25 17.5 -8.5992 -.25 17.5 -7.9224 -.25 17.2735
3 0 -9.4104 -.25 17.5 -10.449 -.25 17.5 -9.9866 -.25 17.3275
4 0 -9.9866 -.25 17.3275 -10.449 -.25 17.5 -10.7394 -.25 16.9934 -10.466 -.25 16.9481
4 0 -9.0992 -.25 14.7297 -9.0895 -.25 14.4869 -8.7927 -.25 13.8952 -8.3743 -.25 14.7108
3 0 -9.521 -.25 14.8709 -9.0895 -.25 14.4869 -9.0992 -.25 14.7297
3 0 -10.3325 -.25 15.3661 -10.3599 -.25 15.2898 -10.0475 -.25 15.1539
4 0 -10.3599 -.25 15.2898 -10.3325 -.25 15.3661 -10.6532 -.25 15.8866 -11.14 -.25 15.3786
3 0 -11.3118 -.25 16.6166 -10.6532 -.25 15.8866 -10.7001 -.25 16.4421
4 0 -10.466 -.25 16.9481 -10.7394 -.25 16.9934 -11.3118 -.25 16.6166 -10.7001 -.25 16.4421
4 0 -10.6532 -.25 15.8866 -11.3118 -.25 16.6166 -11.8615 -.25 15.2297 -11.14 -.25 15.3786
4 0 -11.8615 -.25 15.2297 -11.3118 -.25 16.6166 -12.0585 -.25 16.4624 -12.3267 -.25 15.8604
3 0 -12.634 -.25 16.4729 -12.3267 -.25 15.8604 -12.0585 -.25 16.4624
3 0 -12.7048 -.25 16.536 -12.634 -.25 16.4729 -12.0585 -.25 16.4624
3 0 -12.3267 -.25 15.8604 -12.3286 -.25 15.2355 -11.8615 -.25 15.2297
3 0 -12.3286 -.25 15.2355 -12.4144 -.25 14.8656 -11.8615 -.25 15.2297
4 0 -12.3286 -.25 15.2355 -12.6394 -.25 14.6934 -12.7147 -.25 14.3419 -12.4144 -.25 14.8656
3 0 -12.6394 -.25 14.6934 -13.2118 -.25 14.3166 -12.7147 -.25 14.3419
4 0 -12.7147 -.25 14.3419 -13.2118 -.25 14.3166 -13.4057 -.25 12.942 -12.7165 -.25 13.7382
4 0 -13.2118 -.25 14.3166 -13.9585 -.25 14.1624 -14.4364 -.25 13.9046 -13.4057 -.25 12.942
3 0 -14.642 -.25 14.2402 -14.4364 -.25 13.9046 -13.9585 -.25 14.1624
3 0 -14.2605 -.25 13.1626 -14.3327 -.25 12.671 -14.1564 -.25 12.7871
4 0 -14.1564 -.25 12.7871 -13.4057 -.25 12.942 -14.4364 -.25 13.9046 -14.2605 -.25 13.1626
4 0 -11.8694 -.25 12.6567 -12.4197 -.25 13.1464 -12.5939 -.25 12.8496 -11.8446 -.25 12.5237
4 0 -12.4197 -.25 13.1464 -12.7165 -.25 13.7382 -13.4057 -.25 12.942 -12.5939 -.25 12.8496
4 0 -11.1493 -.25 12.3436 -11.8694 -.25 12.6567 -11.8446 -.25 12.5237 -11.2719 -.25 12.0141
4 0 -12.4641 -.25 9.7201 -12.6035 -.25 9.6913 -13.2719 -.25 9.4641 -13.0148 -.25 8.9516
3 0 -13.4154 -.25 9.7838 -13.2719 -.25 9.4641 -12.6035 -.25 9.6913
3 0 -13.8374 -.25 9.9673 -13.2719 -.25 9.4641 -13.4154 -.25 9.7838
4 0 -14.0456 -.25 7.2565 -14.6035 -.25 7.1413 -14.9089 -.25 6.3525 -14.3608 -.25 6.6669
3 0 -14.6035 -.25 7.1413 -15.2335 -.25 6.9997 -14.9089 -.25 6.3525
3 0 -15.4154 -.25 7.2338 -15.2335 -.25 6.9997 -14.6035 -.25 7.1413
3 0 -15.5742 -.25 7.3029 -15.2335 -.25 6.9997 -15.4154 -.25 7.2338
4 0 -14.8594 -.25 5.5663 -14.3608 -.25 6.6669 -14.9089 -.25 6.3525 -14.9109 -.25 5.6923
4 0 -14.9109 -.25 5.6923 -15.0734 -.25 5.4088 -14.9494 -.25 5.3273 -14.8594 -.25 5.5663
4 0 -15.6682 -.25 3.892 -15.9105 -.25 4.1966 -16.3919 -.25 3.5172 -15.7157 -.25 3.3548
4 0 -16.3919 -.25 3.5172 -15.9105 -.25 4.1966 -16.0532 -.25 4.5588 -16.6331 -.25 4.5584
3 0 -16.0601 -.25 4.6767 -16.6331 -.25 4.5584 -16.0532 -.25 4.5588
4 0 -17.5 -.25 4.6556 -17.0859 -.25 3.4747 -16.3919 -.25 3.5172 -16.6331 -.25 4.5584
3 0 -17.5 -.25 4.6556 -17.5 -.25 3.3 -17.0859 -.25 3.4747
4 0 -14.136 -.25 .6507 -16.1122 -.25 .8579 -16.2698 -.25 .6418 -16.1451 -.25 .524
3 0 -16.1122 -.25 .8579 -16.6273 -.25 .8263 -16.2698 -.25 .6418
3 0 -16.8983 -.25 .8914 -16.2698 -.25 .6418 -16.6273 -.25 .8263
4 0 -16.25 -.25 -1.9578 -16.2586 -.25 -1.6953 -16.7242 -.25 -1.9825 -16.4264 -.25 -2.053
4 0 -16.4264 -.25 -2.053 -16.7242 -.25 -1.9825 -17.5 -.25 -2.1722 -16.5973 -.25 -2.2987
4 0 -16.107 -.25 -3.9102 -16.1761 -.25 -3.2092 -16.2526 -.25 -3.1676 -16.5388 -.25 -3.7563
4 0 -16.2526 -.25 -3.1676 -16.5033 -.25 -2.9019 -17.3192 -.25 -3.7359 -16.5388 -.25 -3.7563
4 0 -17.5 -.25 -2.1722 -17.3192 -.25 -3.7359 -16.5033 -.25 -2.9019 -16.6243 -.25 -2.5968
3 0 -17.5 -.25 -2.1722 -16.6243 -.25 -2.5968 -16.5973 -.25 -2.2987
3 0 -17.5 -.25 -2.1722 -17.5 -.25 -3.79 -17.3192 -.25 -3.7359
4 0 -10.0401 -.25 -16.3262 -9.939 -.25 -16.5813 -9.35 -.25 -16.95 -8.9 -.25 -16.7
4 0 -9.939 -.25 -16.5813 -9.9615 -.25 -16.8305 -9.8 -.25 -17.1 -9.35 -.25 -16.95
4 0 -10.15 -.25 -17.15 -9.8 -.25 -17.1 -9.9615 -.25 -16.8305 -10.1044 -.25 -17.0359
3 0 -10.1044 -.25 -17.0359 -10.3459 -.25 -17.1663 -10.15 -.25 -17.15
4 0 -10.9681 -.25 -17.1369 -10.45 -.25 -17.5 -10.5 -.25 -17.35 -10.6492 -.25 -17.2017
3 0 -15.453 -.25 -17.4417 -15.5611 -.25 -17.5 -10.45 -.25 -17.5
4 0 -10.45 -.25 -17.5 -10.9681 -.25 -17.1369 -15.2215 -.25 -17.1089 -15.453 -.25 -17.4417
4 0 -15.1849 -.25 -16.7052 -15.2215 -.25 -17.1089 -10.9681 -.25 -17.1369 -11.2541 -.25 -16.9816
4 0 -11.2541 -.25 -16.9816 -11.4637 -.25 -16.7595 -15.3489 -.25 -16.2919 -15.1849 -.25 -16.7052
4 0 -11.4637 -.25 -16.7595 -11.5649 -.25 -16.5044 -14.1855 -.25 -15.4102 -15.3489 -.25 -16.2919
4 0 -14.7022 -.25 -15.3051 -15.6883 -.25 -15.9322 -15.3489 -.25 -16.2919 -14.1855 -.25 -15.4102
4 0 -14.7022 -.25 -15.3051 -15.1655 -.25 -15.0535 -16.1517 -.25 -15.6806 -15.6883 -.25 -15.9322
3 0 -15.505 -.25 -14.6938 -16.1517 -.25 -15.6806 -15.1655 -.25 -15.0535
4 0 -15.505 -.25 -14.6938 -15.6689 -.25 -14.2805 -16.6683 -.25 -15.5755 -16.1517 -.25 -15.6806
4 0 -15.6689 -.25 -14.2805 -16.8058 -.25 -13.4153 -17.1596 -.25 -15.6329 -16.6683 -.25 -15.5755
4 0 -16.8058 -.25 -13.4153 -17.4005 -.25 -13.4848 -17.5 -.25 -15.8166 -17.1596 -.25 -15.6329
3 0 -17.5 -.25 -13.4646 -17.5 -.25 -15.8166 -17.4005 -.25 -13.4848
4 0 -13.0349 -.25 -14.4052 -13.0715 -.25 -14.8089 -11.3994 -.25 -16.0498 -11.1579 -.25 -15.9194
4 0 -13.0715 -.25 -14.8089 -13.303 -.25 -15.1417 -11.5423 -.25 -16.2552 -11.3994 -.25 -16.0498
4 0 -13.303 -.25 -15.1417 -13.6942 -.25 -15.3528 -11.5649 -.25 -16.5044 -11.5423 -.25 -16.2552
3 0 -13.6942 -.25 -15.3528 -14.1855 -.25 -15.4102 -11.5649 -.25 -16.5044
4 0 -12.2868 -.25 -12.9388 -12.4522 -.25 -12.9051 -13.5383 -.25 -13.6322 -13.1989 -.25 -13.9919
4 0 -12.4522 -.25 -12.9051 -12.9155 -.25 -12.6535 -14.0017 -.25 -13.3806 -13.5383 -.25 -13.6322
3 0 -13.255 -.25 -12.2938 -14.0017 -.25 -13.3806 -12.9155 -.25 -12.6535
4 0 -13.255 -.25 -12.2938 -13.4189 -.25 -11.8805 -14.5183 -.25 -13.2755 -14.0017 -.25 -13.3806
4 0 -13.4189 -.25 -11.8805 -13.3823 -.25 -11.4768 -14.3823 -.25 -10.7097 -14.8558 -.25 -10.9653
4 0 -14.1021 -.25 -10.3069 -14.3823 -.25 -10.7097 -13.3823 -.25 -11.4768 -13.3538 -.25 -11.4358
4 0 -13.4189 -.25 -11.8805 -14.8558 -.25 -10.9653 -15.0096 -.25 -13.3329 -14.5183 -.25 -13.2755
4 0 -14.8558 -.25 -10.9653 -15.4505 -.25 -11.0348 -16.0078 -.25 -12.2683 -15.0096 -.25 -13.3329
4 0 -16.0758 -.25 -10.9076 -16.2063 -.25 -11.7681 -16.0078 -.25 -12.2683 -15.4505 -.25 -11.0348
4 0 -16.2063 -.25 -11.7681 -16.0758 -.25 -10.9076 -16.6367 -.25 -10.6031 -16.6172 -.25 -11.3326
4 0 -17.0476 -.25 -10.1676 -17.178 -.25 -11.0281 -16.6172 -.25 -11.3326 -16.6367 -.25 -10.6031
4 0 -17.246 -.25 -9.6674 -17.5 -.25 -10.9626 -17.178 -.25 -11.0281 -17.0476 -.25 -10.1676
4 0 -15.0096 -.25 -13.3329 -16.0078 -.25 -12.2683 -16.0521 -.25 -12.7569 -15.4008 -.25 -13.544
4 0 -16.0521 -.25 -12.7569 -16.3323 -.25 -13.1597 -15.6323 -.25 -13.8768 -15.4008 -.25 -13.544
4 0 -15.6323 -.25 -13.8768 -16.3323 -.25 -13.1597 -16.8058 -.25 -13.4153 -15.6689 -.25 -14.2805
4 0 -17.0654 -.25 -6.743 -16.448 -.25 -8.5204 -15.8533 -.25 -8.4509 -16.285 -.25 -6.7634
4 0 -17.5 -.25 -6.5976 -16.9215 -.25 -8.776 -16.448 -.25 -8.5204 -17.0654 -.25 -6.743
3 0 -17.5 -.25 -6.5976 -17.2017 -.25 -9.1788 -16.9215 -.25 -8.776
4 0 -17.2017 -.25 -9.1788 -17.5 -.25 -6.5976 -17.5 -.25 -10.9626 -17.246 -.25 -9.6674
3 15 -8.9 -.25 -16.7 -9.35 -.25 -16.95 -8.9 -.25 -17.15
4 15 -8.9 -.25 -17.15 -9.35 -.25 -16.95 -9.8 -.25 -17.1 -8.85 -.25 -17.5
4 15 -8.85 -.25 -17.5 -9.8 -.25 -17.1 -10.15 -.25 -17.15 -10.45 -.25 -17.5
4 15 -10.45 -.25 -17.5 -10.15 -.25 -17.15 -10.3459 -.25 -17.1663 -10.5 -.25 -17.35
3 15 -10.3459 -.25 -17.1663 -10.6492 -.25 -17.2017 -10.5 -.25 -17.35
3 0 4.4167 -.25 17.5 -3.5586 -.25 17.1741 -3.0753 -.25 17.0309
3 0 4.4167 -.25 17.5 -5.6378 -.25 17.5 -3.5586 -.25 17.1741
4 4 -15.2215 -.25 -17.1089 -16.5 -.25 -17.5 -15.5611 -.25 -17.5 -15.453 -.25 -17.4417
4 4 -15.3489 -.25 -16.2919 -16.5 -.25 -17.5 -15.2215 -.25 -17.1089 -15.1849 -.25 -16.7052
4 4 -16.1517 -.25 -15.6806 -16.5 -.25 -17.5 -15.3489 -.25 -16.2919 -15.6883 -.25 -15.9322
4 4 -16.1517 -.25 -15.6806 -16.6683 -.25 -15.5755 -17.1596 -.25 -15.6329 -16.5 -.25 -17.5
4 4 -17.1596 -.25 -15.6329 -17.5 -.25 -15.8166 -17.5 -.25 -16.5 -16.5 -.25 -17.5
4 4 -12.9155 -.25 -12.6535 -12.4522 -.25 -12.9051 -12.2868 -.25 -12.9388 -12.4493 -.25 -12.7408
4 4 -12.4493 -.25 -12.7408 -13.1531 -.25 -11.7586 -13.255 -.25 -12.2938 -12.9155 -.25 -12.6535
4 4 -13.3823 -.25 -11.4768 -13.4189 -.25 -11.8805 -13.255 -.25 -12.2938 -13.1531 -.25 -11.7586
3 4 -13.3538 -.25 -11.4358 -13.3823 -.25 -11.4768 -13.1531 -.25 -11.7586
4 4 -17.5 -.25 -10.9626 -17.5 -.25 -13.4646 -17.4005 -.25 -13.4848 -17.178 -.25 -11.0281
4 4 -16.6172 -.25 -11.3326 -17.178 -.25 -11.0281 -17.4005 -.25 -13.4848 -16.8058 -.25 -13.4153
4 4 -16.0078 -.25 -12.2683 -16.2063 -.25 -11.7681 -16.3323 -.25 -13.1597 -16.0521 -.25 -12.7569
4 4 -16.6172 -.25 -11.3326 -16.8058 -.25 -13.4153 -16.3323 -.25 -13.1597 -16.2063 -.25 -11.7681
4 4 -14.09 -.25 -10.1734 -14.3608 -.25 -9.6669 -14.3823 -.25 -10.7097 -14.1021 -.25 -10.3069
4 4 -14.3823 -.25 -10.7097 -14.3608 -.25 -9.6669 -15.4505 -.25 -11.0348 -14.8558 -.25 -10.9653
4 4 -15.228 -.25 -8.5781 -15.4505 -.25 -11.0348 -14.3608 -.25 -9.6669 -14.7321 -.25 -8.8474
4 4 -15.8533 -.25 -8.4509 -16.0758 -.25 -10.9076 -15.4505 -.25 -11.0348 -15.228 -.25 -8.5781
4 4 -15.8533 -.25 -8.4509 -16.448 -.25 -8.5204 -16.6367 -.25 -10.6031 -16.0758 -.25 -10.9076
4 4 -16.6367 -.25 -10.6031 -16.448 -.25 -8.5204 -16.9215 -.25 -8.776 -17.0476 -.25 -10.1676
4 4 -16.9215 -.25 -8.776 -17.2017 -.25 -9.1788 -17.246 -.25 -9.6674 -17.0476 -.25 -10.1676
4 4 -16.285 -.25 -6.7634 -15.6358 -.25 -6.2791 -17.5 -.25 -6.5976 -17.0654 -.25 -6.743
4 4 -17.5 -.25 -3.79 -17.5 -.25 -6.5976 -15.6358 -.25 -6.2791 -15.9102 -.25 -5.1023
4 4 -17.5 -.25 -3.79 -15.9102 -.25 -5.1023 -16.5388 -.25 -3.7563 -17.3192 -.25 -3.7359
3 4 -16.5388 -.25 -3.7563 -15.9102 -.25 -5.1023 -16.107 -.25 -3.9102
4 4 -16.1761 -.25 -3.2092 -16.2255 -.25 -2.7077 -16.5033 -.25 -2.9019 -16.2526 -.25 -3.1676
4 4 -16.5033 -.25 -2.9019 -16.2255 -.25 -2.7077 -16.5973 -.25 -2.2987 -16.6243 -.25 -2.5968
4 4 -16.5973 -.25 -2.2987 -16.2255 -.25 -2.7077 -16.25 -.25 -1.9578 -16.4264 -.25 -2.053
4 4 -16.8983 -.25 .8914 -16.2255 -.25 -.2923 -16.1451 -.25 .524 -16.2698 -.25 .6418
4 4 -16.8983 -.25 .8914 -17.5 -.25 -2.1722 -16.7242 -.25 -1.9825 -16.2255 -.25 -.2923
3 4 -16.2255 -.25 -.2923 -16.7242 -.25 -1.9825 -16.265 -.25 -1.5
3 4 -16.265 -.25 -1.5 -16.7242 -.25 -1.9825 -16.2586 -.25 -1.6953
4 4 -17.5 -.25 -2.1722 -16.8983 -.25 .8914 -17.0859 -.25 3.4747 -17.5 -.25 3.3
4 4 -17.0859 -.25 3.4747 -16.8983 -.25 .8914 -16.6273 -.25 .8263 -16.3919 -.25 3.5172
4 4 -16.3919 -.25 3.5172 -15.9102 -.25 2.1023 -15.6358 -.25 3.2791 -15.7157 -.25 3.3548
4 4 -16.3919 -.25 3.5172 -16.6273 -.25 .8263 -16.107 -.25 .9102 -15.9102 -.25 2.1023
3 4 -16.107 -.25 .9102 -16.6273 -.25 .8263 -16.1122 -.25 .8579
4 4 -14.9494 -.25 5.3273 -15.0734 -.25 5.4088 -16.0601 -.25 4.6767 -15.2851 -.25 4.4354
4 4 -16.0601 -.25 4.6767 -16.0532 -.25 4.5588 -15.9105 -.25 4.1966 -15.2851 -.25 4.4354
4 4 -15.9105 -.25 4.1966 -15.6682 -.25 3.892 -15.4862 -.25 3.7723 -15.2851 -.25 4.4354
4 4 -15.2335 -.25 6.9997 -16.0601 -.25 4.6767 -15.0734 -.25 5.4088 -14.9089 -.25 6.3525
3 4 -14.9089 -.25 6.3525 -15.0734 -.25 5.4088 -14.9109 -.25 5.6923
4 4 -15.2335 -.25 6.9997 -15.5742 -.25 7.3029 -16.6331 -.25 4.5584 -16.0601 -.25 4.6767
4 4 -17.5 -.25 16.5 -17.5 -.25 4.6556 -16.6331 -.25 4.5584 -15.5742 -.25 7.3029
4 4 -14.2605 -.25 13.1626 -17.5 -.25 16.5 -15.5742 -.25 7.3029 -14.3327 -.25 12.671
4 4 -15.4154 -.25 7.2338 -13.8374 -.25 9.9673 -14.3327 -.25 12.671 -15.5742 -.25 7.3029
4 4 -13.8374 -.25 9.9673 -13.1531 -.25 8.7586 -13.0148 -.25 8.9516 -13.2719 -.25 9.4641
4 4 -13.1531 -.25 8.7586 -13.8374 -.25 9.9673 -14.6035 -.25 7.1413 -13.7912 -.25 7.7325
3 4 -13.8374 -.25 9.9673 -15.4154 -.25 7.2338 -14.6035 -.25 7.1413
3 4 -13.7912 -.25 7.7325 -14.6035 -.25 7.1413 -14.0456 -.25 7.2565
4 4 -11.8446 -.25 12.5237 -11.6827 -.25 10.6748 -10.9777 -.25 11.4276 -11.2719 -.25 12.0141
4 4 -13.4057 -.25 12.942 -11.6827 -.25 10.6748 -11.8446 -.25 12.5237 -12.5939 -.25 12.8496
4 4 -13.4057 -.25 12.942 -14.1564 -.25 12.7871 -14.3327 -.25 12.671 -11.6827 -.25 10.6748
4 4 -14.3327 -.25 12.671 -13.8374 -.25 9.9673 -13.4154 -.25 9.7838 -11.6827 -.25 10.6748
4 4 -11.3118 -.25 16.6166 -10.7394 -.25 16.9934 -10.449 -.25 17.5 -12.7048 -.25 16.536
4 4 -17.5 -.25 16.5 -12.7048 -.25 16.536 -10.449 -.25 17.5 -16.5 -.25 17.5
4 4 -12.7048 -.25 16.536 -17.5 -.25 16.5 -14.642 -.25 14.2402 -12.634 -.25 16.4729
4 4 -5.6378 -.25 17.5 -7.6593 -.25 17.5 -7.4732 -.25 17.3344 -5.6918 -.25 17.4057
4 4 -5.6918 -.25 17.4057 -7.4732 -.25 17.3344 -7.0109 -.25 17.1334 -6.0468 -.25 17.172
3 4 -6.0468 -.25 17.172 -7.0109 -.25 17.1334 -6.51 -.25 17.0763
4 4 -3.0753 -.25 17.0309 -2.5791 -.25 16.3358 -2.3648 -.25 16.3858 -2.6549 -.25 16.7527
4 4 -3.0753 -.25 17.0309 -3.5586 -.25 17.1741 -3.7354 -.25 15.9851 -2.5791 -.25 16.3358
4 4 -3.5586 -.25 17.1741 -4.0314 -.25 17.1604 -4.4216 -.25 16.9918 -3.7354 -.25 15.9851
4 4 -4.7383 -.25 16.3127 -3.7354 -.25 15.9851 -4.4216 -.25 16.9918 -4.6698 -.25 16.6942
4 4 -4.7383 -.25 16.3127 -4.6166 -.25 15.9054 -4.463 -.25 15.7112 -3.7354 -.25 15.9851
4 4 -7.056 -.25 16.3468 -7.3767 -.25 16.8673 -7.2432 -.25 15.2853 -7.0091 -.25 15.7913
4 4 -7.9224 -.25 17.2735 -7.7226 -.25 14.9059 -7.2432 -.25 15.2853 -7.3767 -.25 16.8673
4 4 -7.9224 -.25 17.2735 -8.5992 -.25 17.5 -8.3743 -.25 14.7108 -7.7226 -.25 14.9059
4 4 -8.3743 -.25 14.7108 -8.5992 -.25 17.5 -9.521 -.25 14.8709 -9.0992 -.25 14.7297
4 4 -8.5992 -.25 17.5 -9.4104 -.25 17.5 -9.9866 -.25 17.3275 -9.521 -.25 14.8709
4 4 -9.521 -.25 14.8709 -9.9866 -.25 17.3275 -10.3325 -.25 15.3661 -10.0475 -.25 15.1539
4 4 -10.7001 -.25 16.4421 -10.3325 -.25 15.3661 -9.9866 -.25 17.3275 -10.466 -.25 16.9481
3 4 -10.7001 -.25 16.4421 -10.6532 -.25 15.8866 -10.3325 -.25 15.3661
3 4 -11.3118 -.25 16.6166 -12.7048 -.25 16.536 -12.0585 -.25 16.4624
4 4 -12.3267 -.25 15.8604 -12.634 -.25 16.4729 -12.6394 -.25 14.6934 -12.3286 -.25 15.2355
4 4 -12.6394 -.25 14.6934 -12.634 -.25 16.4729 -13.9585 -.25 14.1624 -13.2118 -.25 14.3166
3 4 -12.634 -.25 16.4729 -14.642 -.25 14.2402 -13.9585 -.25 14.1624
4 4 -14.642 -.25 14.2402 -17.5 -.25 16.5 -14.2605 -.25 13.1626 -14.4364 -.25 13.9046
4 4 -9.0895 -.25 14.4869 -9.0408 -.25 13.1493 -8.7944 -.25 13.3258 -8.7927 -.25 13.8952
4 4 -10.0475 -.25 15.1539 -9.0408 -.25 13.1493 -9.0895 -.25 14.4869 -9.521 -.25 14.8709
4 4 -10.0475 -.25 15.1539 -10.3599 -.25 15.2898 -11.14 -.25 15.3786 -9.0408 -.25 13.1493
3 4 -11.14 -.25 15.3786 -9.9748 -.25 12.3827 -9.0408 -.25 13.1493
4 4 -9.9748 -.25 12.3827 -11.14 -.25 15.3786 -10.3692 -.25 12.2547 -10.0386 -.25 12.323
4 4 -10.3692 -.25 12.2547 -11.14 -.25 15.3786 -11.8694 -.25 12.6567 -11.1493 -.25 12.3436
4 4 -11.14 -.25 15.3786 -11.8615 -.25 15.2297 -12.4144 -.25 14.8656 -11.8694 -.25 12.6567
4 4 -11.8694 -.25 12.6567 -12.4144 -.25 14.8656 -12.7147 -.25 14.3419 -12.4197 -.25 13.1464
3 4 -12.7147 -.25 14.3419 -12.7165 -.25 13.7382 -12.4197 -.25 13.1464
3 0 12.3607 -.25 13.914 11.3541 -.25 12.2001 12.4586 -.25 13.8531
3 0 11.8128 -.25 14.2547 11.3541 -.25 12.2001 12.3607 -.25 13.914
4 0 11.8128 -.25 14.2547 11.4325 -.25 14.4912 10.4385 -.25 12.7695 11.3541 -.25 12.2001
4 0 14.5881 -.25 9.364 16.0827 -.25 10.6748 15.2995 -.25 11.5111 13.851 -.25 10.151
4 0 14.766 -.25 12.0164 13.851 -.25 10.151 15.2995 -.25 11.5111 15.2567 -.25 11.5567
4 0 14.766 -.25 12.0164 14.3748 -.25 12.3827 13.064 -.25 10.8881 13.851 -.25 10.151
3 0 16.7349 -.25 10.2265 17.145 -.25 9.8089 17.0652 -.25 9.9522
4 0 17.2473 -.25 9.6251 17.145 -.25 9.8089 16.7349 -.25 10.2265 17.2537 -.25 9.2953
3 0 14.7425 -.25 13.8064 14.9888 -.25 12.9481 15.0948 -.25 12.9663
3 0 15.8483 -.25 13.9132 14.7425 -.25 13.8064 15.8973 -.25 13.8251
3 0 13.5827 -.25 14.0492 13.5878 -.25 13.7876 14.7425 -.25 13.8064
4 0 13.5827 -.25 14.0492 14.7425 -.25 13.8064 13.699 -.25 14.3125 13.5814 -.25 14.1175
3 0 13.7518 -.25 14.4 13.699 -.25 14.3125 14.7425 -.25 13.8064
3 0 17.5 -.25 16.5 16.5774 -.25 15.6907 16.7781 -.25 15.6063
3 0 17.5 -.25 16.5 16.3501 -.25 15.7863 16.5774 -.25 15.6907
4 0 16.0018 -.25 17 15.8314 -.25 16.7175 15.837 -.25 16.426 15.9921 -.25 16.1105
3 0 15.837 -.25 16.426 15.8378 -.25 16.3876 15.9921 -.25 16.1105
4 0 -2.5791 -.25 16.3358 -2.0646 -.25 14.4156 -1.0145 -.25 14.6604 -2.3648 -.25 16.3858
3 0 4.418 -.25 16.826 2.2 -.25 14.977 3.2777 -.25 14.9417
4 0 2.2 -.25 14.977 4.418 -.25 16.826 -2.3648 -.25 16.3858 1.1224 -.25 14.9417
3 0 -2.3648 -.25 16.3858 .0493 -.25 14.836 1.1224 -.25 14.9417
3 0 -2.3648 -.25 16.3858 -1.0145 -.25 14.6604 .0493 -.25 14.836
4 0 4.45 -.25 17.05 -2.6549 -.25 16.7527 -2.3648 -.25 16.3858 4.418 -.25 16.826
4 0 4.4167 -.25 17.5 -2.6549 -.25 16.7527 4.45 -.25 17.05 4.45 -.25 17.3
3 0 4.4167 -.25 17.5 -3.0753 -.25 17.0309 -2.6549 -.25 16.7527
4 0 -3.0964 -.25 14.1026 -3.7354 -.25 15.9851 -4.463 -.25 15.7112 -4.1055 -.25 13.7228
4 0 -4.6166 -.25 15.9054 -5.0876 -.25 13.2778 -4.1055 -.25 13.7228 -4.463 -.25 15.7112
4 0 -7.056 -.25 16.3468 -7.0091 -.25 15.7913 -5.0876 -.25 13.2778 -4.6166 -.25 15.9054
4 0 -7.0091 -.25 15.7913 -7.2432 -.25 15.2853 -6.0385 -.25 12.7695 -5.0876 -.25 13.2778
4 0 -7.2432 -.25 15.2853 -7.7226 -.25 14.9059 -6.9541 -.25 12.2001 -6.0385 -.25 12.7695
4 0 -7.7226 -.25 14.9059 -8.3743 -.25 14.7108 -8.7927 -.25 13.8952 -6.9541 -.25 12.2001
4 0 -8.7927 -.25 13.8952 -8.7944 -.25 13.3258 -7.8306 -.25 11.5721 -6.9541 -.25 12.2001
3 0 -8.7944 -.25 13.3258 -9.0408 -.25 13.1493 -7.8306 -.25 11.5721
4 0 -9.9748 -.25 12.3827 -10.0386 -.25 12.323 -9.451 -.25 10.151 -8.664 -.25 10.8881
4 0 -10.0386 -.25 12.323 -10.3692 -.25 12.2547 -10.9777 -.25 11.4276 -9.451 -.25 10.151
4 0 -11.1493 -.25 12.3436 -11.2719 -.25 12.0141 -10.9777 -.25 11.4276 -10.3692 -.25 12.2547
4 0 -10.9777 -.25 11.4276 -11.6827 -.25 10.6748 -10.1881 -.25 9.364 -9.451 -.25 10.151
4 0 -11.6827 -.25 10.6748 -12.4641 -.25 9.7201 -10.8721 -.25 8.5306 -10.1881 -.25 9.364
4 0 -12.4641 -.25 9.7201 -13.0148 -.25 8.9516 -11.5001 -.25 7.6541 -10.8721 -.25 8.5306
3 0 -13.0148 -.25 8.9516 -13.1531 -.25 8.7586 -11.5001 -.25 7.6541
4 0 -13.7912 -.25 7.7325 -14.0456 -.25 7.2565 -12.5778 -.25 5.7876 -12.0695 -.25 6.7385
3 0 -14.0456 -.25 7.2565 -14.3608 -.25 6.6669 -12.5778 -.25 5.7876
4 0 -13.4026 -.25 3.7964 -13.0228 -.25 4.8055 -14.8594 -.25 5.5663 -14.9494 -.25 5.3273
4 0 -14.9494 -.25 5.3273 -15.2851 -.25 4.4354 -15.4862 -.25 3.7723 -13.4026 -.25 3.7964
4 0 -13.4026 -.25 3.7964 -15.4862 -.25 3.7723 -15.6358 -.25 3.2791 -13.7156 -.25 2.7646
4 0 -15.6682 -.25 3.892 -15.7157 -.25 3.3548 -15.6358 -.25 3.2791 -15.4862 -.25 3.7723
3 0 -16.107 -.25 .9102 -16.1122 -.25 .8579 -14.136 -.25 .6507
4 0 -14.136 -.25 .6507 -16.1451 -.25 .524 -16.2255 -.25 -.2923 -14.2417 -.25 -.4224
3 0 -14.277 -.25 -1.5 -16.265 -.25 -1.5 -16.2586 -.25 -1.6953
3 0 -14.277 -.25 -1.5 -16.2586 -.25 -1.6953 -16.25 -.25 -1.9578
4 0 -16.25 -.25 -1.9578 -16.2255 -.25 -2.7077 -14.2417 -.25 -2.5777 -14.277 -.25 -1.5
4 0 -14.136 -.25 -3.6507 -14.2417 -.25 -2.5777 -16.2255 -.25 -2.7077 -16.1761 -.25 -3.2092
3 0 -14.136 -.25 -3.6507 -15.9102 -.25 -5.1023 -13.9604 -.25 -4.7145
4 0 -16.1761 -.25 -3.2092 -16.107 -.25 -3.9102 -15.9102 -.25 -5.1023 -14.136 -.25 -3.6507
4 0 -15.6358 -.25 -6.2791 -15.5586 -.25 -6.5338 -13.4026 -.25 -6.7964 -13.7156 -.25 -5.7646
4 0 -15.228 -.25 -8.5781 -15.5586 -.25 -6.5338 -16.285 -.25 -6.7634 -15.8533 -.25 -8.4509
3 4 -15.6358 -.25 -6.2791 -16.285 -.25 -6.7634 -15.5586 -.25 -6.5338
3 0 -13.4026 -.25 -6.7964 -14.7321 -.25 -8.8474 -13.0228 -.25 -7.8055
4 0 -15.5586 -.25 -6.5338 -15.228 -.25 -8.5781 -14.7321 -.25 -8.8474 -13.4026 -.25 -6.7964
4 0 -12.0695 -.25 -9.7385 -13.3538 -.25 -11.4358 -13.1531 -.25 -11.7586 -11.5001 -.25 -10.6541
4 0 -13.3538 -.25 -11.4358 -12.0695 -.25 -9.7385 -14.09 -.25 -10.1734 -14.1021 -.25 -10.3069
4 0 -12.0695 -.25 -9.7385 -12.5778 -.25 -8.7876 -14.3608 -.25 -9.6669 -14.09 -.25 -10.1734
3 0 -2.0646 -.25 -17.4156 -8.85 -.25 -17.5 -1.7024 -.25 -17.5
3 0 -3.0964 -.25 -17.1026 -8.85 -.25 -17.5 -2.0646 -.25 -17.4156
3 0 -4.1055 -.25 -16.7228 -8.85 -.25 -17.5 -3.0964 -.25 -17.1026
3 0 -5.0876 -.25 -16.2778 -8.85 -.25 -17.5 -4.1055 -.25 -16.7228
3 0 -6.0385 -.25 -15.7695 -8.85 -.25 -17.5 -5.0876 -.25 -16.2778
4 0 -8.9 -.25 -17.15 -8.85 -.25 -17.5 -6.0385 -.25 -15.7695 -6.9541 -.25 -15.2001
4 0 -8.9 -.25 -17.15 -6.9541 -.25 -15.2001 -7.8306 -.25 -14.5721 -8.9 -.25 -16.7
4 0 -8.9 -.25 -16.7 -7.8306 -.25 -14.5721 -10.2497 -.25 -16.1041 -10.0401 -.25 -16.3262
4 0 -7.8306 -.25 -14.5721 -8.664 -.25 -13.8881 -10.5357 -.25 -15.9488 -10.2497 -.25 -16.1041
4 0 -8.664 -.25 -13.8881 -9.451 -.25 -13.151 -10.8546 -.25 -15.884 -10.5357 -.25 -15.9488
4 0 -9.451 -.25 -13.151 -10.1881 -.25 -12.364 -12.2868 -.25 -12.9388 -10.8546 -.25 -15.884
4 0 -10.8546 -.25 -15.884 -12.2868 -.25 -12.9388 -13.0349 -.25 -14.4052 -11.1579 -.25 -15.9194
3 0 -12.2868 -.25 -12.9388 -13.1989 -.25 -13.9919 -13.0349 -.25 -14.4052
4 0 -10.8721 -.25 -11.5306 -12.4493 -.25 -12.7408 -12.2868 -.25 -12.9388 -10.1881 -.25 -12.364
3 0 12.2306 -.25 -14.5721 13.0521 -.25 -16.4278 13.4408 -.25 -16.1493
4 0 11.3541 -.25 -15.2001 12.4586 -.25 -16.8531 13.0521 -.25 -16.4278 12.2306 -.25 -14.5721
4 4 -13.4154 -.25 9.7838 -12.6035 -.25 9.6913 -12.4641 -.25 9.7201 -11.6827 -.25 10.6748
4 15 -13.0228 -.25 4.8055 -10.604 -.25 3.177 -9.4132 -.25 4.1412 -12.5778 -.25 5.7876
4 15 -12.5778 -.25 5.7876 -9.4132 -.25 4.1412 -11.5001 -.25 7.6541 -12.0695 -.25 6.7385
4 15 -9.4132 -.25 4.1412 -8.0145 -.25 4.8914 -10.8721 -.25 8.5306 -11.5001 -.25 7.6541
4 15 -10.8721 -.25 8.5306 -8.0145 -.25 4.8914 -9.451 -.25 10.151 -10.1881 -.25 9.364
4 15 -9.451 -.25 10.151 -8.0145 -.25 4.8914 -7.8306 -.25 11.5721 -8.664 -.25 10.8881
4 15 -7.8306 -.25 11.5721 -8.0145 -.25 4.8914 -6.0385 -.25 12.7695 -6.9541 -.25 12.2001
4 15 -6.0385 -.25 12.7695 -8.0145 -.25 4.8914 4.6884 -.25 10.2835 -5.0876 -.25 13.2778
4 15 -5.0876 -.25 13.2778 4.6884 -.25 10.2835 -3.0964 -.25 14.1026 -4.1055 -.25 13.7228
4 15 -3.0964 -.25 14.1026 4.6884 -.25 10.2835 -1.0145 -.25 14.6604 -2.0646 -.25 14.4156
4 15 -1.0145 -.25 14.6604 4.6884 -.25 10.2835 1.1224 -.25 14.9417 .0493 -.25 14.836
4 15 1.1224 -.25 14.9417 4.6884 -.25 10.2835 3.2777 -.25 14.9417 2.2 -.25 14.977
4 15 3.2777 -.25 14.9417 4.6884 -.25 10.2835 5.4145 -.25 14.6604 4.3507 -.25 14.836
4 15 4.6884 -.25 10.2835 6.1997 -.25 10.7685 6.4646 -.25 14.4156 5.4145 -.25 14.6604
4 15 6.4646 -.25 14.4156 6.1997 -.25 10.7685 7.7205 -.25 10.9553 7.4964 -.25 14.1026
4 15 7.4964 -.25 14.1026 7.7205 -.25 10.9553 9.4876 -.25 13.2778 8.5055 -.25 13.7228
4 15 10.4385 -.25 12.7695 9.4876 -.25 13.2778 7.7205 -.25 10.9553 9.1472 -.25 10.8312
4 15 9.1472 -.25 10.8312 10.3826 -.25 10.4045 11.3541 -.25 12.2001 10.4385 -.25 12.7695
4 15 10.3826 -.25 10.4045 11.3426 -.25 9.7045 12.2306 -.25 11.5721 11.3541 -.25 12.2001
4 15 12.2306 -.25 11.5721 11.3426 -.25 9.7045 13.851 -.25 10.151 13.064 -.25 10.8881
4 15 11.3426 -.25 9.7045 11.9616 -.25 8.7787 14.5881 -.25 9.364 13.851 -.25 10.151
4 15 14.5881 -.25 9.364 11.9616 -.25 8.7787 15.9001 -.25 7.6541 15.2721 -.25 8.5306
4 15 15.9001 -.25 7.6541 11.9616 -.25 8.7787 16.9778 -.25 5.7876 16.4695 -.25 6.7385
4 15 16.9778 -.25 5.7876 11.9616 -.25 8.7787 17.5 -.25 4.6003 17.4228 -.25 4.8055
3 15 11.9616 -.25 8.7787 16.6113 -.25 -2.1753 17.5 -.25 4.6003
3 15 17.5 -.25 4.6003 16.6113 -.25 -2.1753 16.8472 -.25 -3.2637
3 15 17.5 -.25 4.6003 16.8472 -.25 -3.2637 17.5 -.25 -7.6003
4 15 16.8472 -.25 -3.2637 16.6839 -.25 -4.4405 17.4228 -.25 -7.8055 17.5 -.25 -7.6003
4 15 16.6839 -.25 -4.4405 16.1326 -.25 -5.6255 16.9778 -.25 -8.7876 17.4228 -.25 -7.8055
4 15 14.0401 -.25 -7.7023 15.9001 -.25 -10.6541 16.4695 -.25 -9.7385 15.2309 -.25 -6.7381
4 15 16.1326 -.25 -5.6255 15.2309 -.25 -6.7381 16.4695 -.25 -9.7385 16.9778 -.25 -8.7876
4 15 12.6414 -.25 -8.4525 15.2721 -.25 -11.5306 15.9001 -.25 -10.6541 14.0401 -.25 -7.7023
4 15 15.2721 -.25 -11.5306 12.6414 -.25 -8.4525 13.851 -.25 -13.151 14.5881 -.25 -12.364
4 15 13.851 -.25 -13.151 12.6414 -.25 -8.4525 12.2306 -.25 -14.5721 13.064 -.25 -13.8881
4 15 12.2306 -.25 -14.5721 12.6414 -.25 -8.4525 10.4385 -.25 -15.7695 11.3541 -.25 -15.2001
4 15 10.4385 -.25 -15.7695 12.6414 -.25 -8.4525 8.5055 -.25 -16.7228 9.4876 -.25 -16.2778
4 15 12.6414 -.25 -8.4525 -.0616 -.25 -13.8446 7.4964 -.25 -17.1026 8.5055 -.25 -16.7228
4 15 7.4964 -.25 -17.1026 -.0616 -.25 -13.8446 6.1024 -.25 -17.5 6.4646 -.25 -17.4156
4 15 6.1024 -.25 -17.5 -.0616 -.25 -13.8446 -1.5728 -.25 -14.3296 -1.7024 -.25 -17.5
4 15 -1.7024 -.25 -17.5 -1.5728 -.25 -14.3296 -3.0936 -.25 -14.5164 -2.0646 -.25 -17.4156
4 15 -2.0646 -.25 -17.4156 -3.0936 -.25 -14.5164 -4.1055 -.25 -16.7228 -3.0964 -.25 -17.1026
4 15 -3.0936 -.25 -14.5164 -4.5204 -.25 -14.3922 -5.0876 -.25 -16.2778 -4.1055 -.25 -16.7228
4 15 -5.0876 -.25 -16.2778 -4.5204 -.25 -14.3922 -5.7558 -.25 -13.9656 -6.0385 -.25 -15.7695
4 15 -6.0385 -.25 -15.7695 -5.7558 -.25 -13.9656 -7.8306 -.25 -14.5721 -6.9541 -.25 -15.2001
4 15 -5.7558 -.25 -13.9656 -6.7157 -.25 -13.2655 -8.664 -.25 -13.8881 -7.8306 -.25 -14.5721
4 15 -6.7157 -.25 -13.2655 -7.3348 -.25 -12.3398 -9.451 -.25 -13.151 -8.664 -.25 -13.8881
4 15 -8.8195 -.25 -8.8419 -10.1881 -.25 -12.364 -9.451 -.25 -13.151 -7.3348 -.25 -12.3398
4 15 -10.1881 -.25 -12.364 -8.8195 -.25 -8.8419 -11.5001 -.25 -10.6541 -10.8721 -.25 -11.5306
4 15 -12.5778 -.25 -8.7876 -12.0695 -.25 -9.7385 -11.5001 -.25 -10.6541 -8.8195 -.25 -8.8419
4 15 -12.5778 -.25 -8.7876 -8.8195 -.25 -8.8419 -13.4026 -.25 -6.7964 -13.0228 -.25 -7.8055
4 15 -13.4026 -.25 -6.7964 -8.8195 -.25 -8.8419 -10.8513 -.25 -4.0552 -13.7156 -.25 -5.7646
4 15 -14.136 -.25 -3.6507 -13.9604 -.25 -4.7145 -13.7156 -.25 -5.7646 -10.8513 -.25 -4.0552
4 15 -14.136 -.25 -3.6507 -10.8513 -.25 -4.0552 -14.277 -.25 -1.5 -14.2417 -.25 -2.5777
4 15 -14.2417 -.25 -.4224 -14.277 -.25 -1.5 -10.8513 -.25 -4.0552 -11.9845 -.25 -1.3858
4 15 -14.136 -.25 .6507 -14.2417 -.25 -.4224 -11.9845 -.25 -1.3858 -12.2204 -.25 -.2974
4 15 -13.9604 -.25 1.7145 -14.136 -.25 .6507 -12.2204 -.25 -.2974 -12.0571 -.25 .8794
4 15 -13.7156 -.25 2.7646 -13.9604 -.25 1.7145 -12.0571 -.25 .8794 -11.5058 -.25 2.0645
3 15 -13.4026 -.25 3.7964 -13.7156 -.25 2.7646 -11.5058 -.25 2.0645
4 15 -13.0228 -.25 4.8055 -13.4026 -.25 3.7964 -11.5058 -.25 2.0645 -10.604 -.25 3.177

1 16 16.5 0 16.5 1 0 0 0 -1 0 0 0 1 1-4chrd.dat
1 16 16.5 0 -16.5 0 0 1 0 -1 0 -1 0 0 1-4chrd.dat
1 16 -16.5 0 -16.5 -1 0 0 0 -1 0 0 0 -1 1-4chrd.dat
1 16 -16.5 0 16.5 0 0 -1 0 -1 0 1 0 0 1-4chrd.dat
4 16 16.5 0 -17.5 -16.5 0 -17.5 -17.5 0 -16.5 17.5 0 -16.5
4 16 17.5 0 16.5 17.5 0 -16.5 -17.5 0 -16.5 -17.5 0 16.5
4 16 17.5 0 16.5 -17.5 0 16.5 -16.5 0 17.5 16.5 0 17.5

1 16 16.5 -.25 16.5 1 0 0 0 .25 0 0 0 1 1-4cyli.dat
1 16 -16.5 -.25 16.5 0 0 -1 0 .25 0 1 0 0 1-4cyli.dat
1 16 -16.5 -.25 -16.5 -1 0 0 0 .25 0 0 0 -1 1-4cyli.dat
1 16 16.5 -.25 -16.5 0 0 1 0 .25 0 -1 0 0 1-4cyli.dat
4 16 16.5 -.25 -17.5 -16.5 -.25 -17.5 -16.5 0 -17.5 16.5 0 -17.5
4 16 17.5 -.25 16.5 17.5 -.25 -16.5 17.5 0 -16.5 17.5 0 16.5
4 16 -16.5 -.25 17.5 16.5 -.25 17.5 16.5 0 17.5 -16.5 0 17.5
4 16 -17.5 -.25 -16.5 -17.5 -.25 16.5 -17.5 0 16.5 -17.5 0 -16.5
