0 Sticker  3.4 x  3.8 with White Allianz Logo on Blue Background
0 Name: 6177973x.dat
0 Author: Massimo Maso [Sirio]
0 !LDRAW_ORG Unofficial_Part
0 !LICENSE Licensed under CC BY 4.0 : see CAreadme.txt

0 BFC CERTIFY CCW

0 !KEYWORDS 2016, 44, 6, AMG, F1, Formula, Hamilton, Hybrid, Lewis, Mercedes
0 !KEYWORDS Nico, One, Petronas, Rosberg, Set 75883, Speed Champions, Team, Toto
0 !KEYWORDS W07, Wolff

0 // Logo primitives
1 15 -10 -.25 0 1.08 0 0 0 1 0 0 0 1.08 logo-allianz-text.dat
1 1 -10 -.25 0 1.08 0 0 0 1 0 0 0 1.08 logo-allianz-text-outerbox.dat
1 15 25 -.25 0 1.7 0 0 0 1 0 0 0 1.7 logo-allianz-image.dat
1 1 25 -.25 0 1.7 0 0 0 1 0 0 0 1.7 logo-allianz-image-outerbox.dat
0 // Primitives
1 16 -36.5 0 32.5 -1.5 0 0 0 -1 0 0 0 1.5 1-4chrd.dat
1 16 36.5 0 32.5 1.5 0 0 0 -1 0 0 0 1.5 1-4chrd.dat
1 16 0 -.25 0 0 0 38 0 .25 0 32.5 0 0 box3u12.dat
1 16 -36.5 0 -32.5 -1.5 0 0 0 -1 0 0 0 -1.5 1-4chrd.dat
1 16 36.5 0 -32.5 1.5 0 0 0 -1 0 0 0 -1.5 1-4chrd.dat
1 16 -36.5 -.25 32.5 -1.5 0 0 0 .25 0 0 0 1.5 1-4cyli.dat
1 16 36.5 -.25 32.5 1.5 0 0 0 .25 0 0 0 1.5 1-4cyli.dat
1 16 -36.5 -.25 -32.5 -1.5 0 0 0 .25 0 0 0 -1.5 1-4cyli.dat
1 16 36.5 -.25 -32.5 1.5 0 0 0 .25 0 0 0 -1.5 1-4cyli.dat
1 1 -36.5 -.25 32.5 -1.5 0 0 0 1 0 0 0 1.5 1-4chrd.dat
1 1 36.5 -.25 32.5 1.5 0 0 0 1 0 0 0 1.5 1-4chrd.dat
1 1 -36.5 -.25 -32.5 -1.5 0 0 0 1 0 0 0 -1.5 1-4chrd.dat
1 1 36.5 -.25 -32.5 1.5 0 0 0 1 0 0 0 -1.5 1-4chrd.dat
0 // Bottom face
4 16 -36.5 0 34 36.5 0 34 38 0 32.5 -38 0 32.5
4 16 -36.5 0 -34 -38 0 -32.5 38 0 -32.5 36.5 0 -34
0 // Lateral face
4 16 -36.5 0 34 -36.5 -.25 34 36.5 -.25 34 36.5 0 34
4 16 -36.5 0 -34 36.5 0 -34 36.5 -.25 -34 -36.5 -.25 -34
0 // Top face
3 1 -38 -.25 32.5 -32.68 -.25 -5.3136 -32.68 -.25 5.4
4 1 -32.68 -.25 -5.4 -32.68 -.25 -5.3136 -38 -.25 32.5 -38 -.25 -32.5
4 1 -12.6244 -.25 5.4 -36.5 -.25 34 -38 -.25 32.5 -32.68 -.25 5.4
4 1 -36.5 -.25 34 -12.6244 -.25 5.4 12.68 -.25 5.4 16.5 -.25 8.5
4 1 -36.5 -.25 34 16.5 -.25 8.5 25 -.25 8.5 36.5 -.25 34
4 1 36.5 -.25 34 25 -.25 8.5 33.5 -.25 8.5 38 -.25 32.5
3 1 38 -.25 32.5 33.5 -.25 8.5 33.5 -.25 0
3 1 38 -.25 32.5 33.5 -.25 0 38 -.25 -32.5
3 1 38 -.25 -32.5 33.5 -.25 0 33.5 -.25 -8.5
4 1 36.5 -.25 -34 38 -.25 -32.5 33.5 -.25 -8.5 25 -.25 -8.5
4 1 -36.5 -.25 -34 -8.326 -.25 -5.4 -32.68 -.25 -5.4 -38 -.25 -32.5
4 1 16.5 -.25 0 16.5 -.25 8.5 12.68 -.25 5.4 12.68 -.25 -3.78
3 1 16.5 -.25 0 12.68 -.25 -3.78 12.68 -.25 -5.3136
4 1 16.5 -.25 0 12.68 -.25 -5.3136 12.68 -.25 -5.4 16.5 -.25 -8.5
4 1 -36.5 -.25 -34 16.5 -.25 -8.5 12.68 -.25 -5.4 -8.326 -.25 -5.4
4 1 -36.5 -.25 -34 36.5 -.25 -34 25 -.25 -8.5 16.5 -.25 -8.5
