0 Sticker  1.8 x  1.8 with Red and White Stripes in Black Square on Grey Background
0 Name: 6177973af.dat
0 Author: Massimo Maso [Sirio]
0 !LDRAW_ORG Unofficial_Part
0 !LICENSE Licensed under CC BY 4.0 : see CAreadme.txt

0 BFC CERTIFY CCW

0 !KEYWORDS 2016, 44, 6, AMG, F1, Formula, Hamilton, Hybrid, Lewis, Mercedes
0 !KEYWORDS Nico, One, Petronas, Rosberg, Set 75883, Speed Champions, Team, Toto
0 !KEYWORDS W07, Wolff

0 // Subparts
1 16 0 -.25 8.06 1 0 0 0 1 0 0 0 1 s\6177973afs01.dat
1 16 0 -.25 5.6 1 0 0 0 1 0 0 0 1 s\6177973afs01.dat
1 16 0 -.25 3.14 1 0 0 0 1 0 0 0 1 s\6177973afs01.dat
1 16 0 -.25 .68 1 0 0 0 1 0 0 0 1 s\6177973afs01.dat
1 16 0 -.25 -1.78 1 0 0 0 1 0 0 0 1 s\6177973afs01.dat
1 16 0 -.25 -4.24 1 0 0 0 1 0 0 0 1 s\6177973afs01.dat
1 16 0 -.25 -6.7 1 0 0 0 1 0 0 0 1 s\6177973afs01.dat
1 16 0 -.25 -9.16 1 0 0 0 1 0 0 0 1 s\6177973afs01.dat
1 16 0 -.25 -11.62 1 0 0 0 1 0 0 0 1 s\6177973afs01.dat
0 // Primitives
1 16 -16.5 0 16.5 -1.5 0 0 0 -1 0 0 0 1.5 1-4chrd.dat
1 16 16.5 0 16.5 1.5 0 0 0 -1 0 0 0 1.5 1-4chrd.dat
1 16 0 -.25 0 0 0 18 0 .25 0 16.5 0 0 box3u12.dat
1 16 -16.5 0 -16.5 -1.5 0 0 0 -1 0 0 0 -1.5 1-4chrd.dat
1 16 16.5 0 -16.5 1.5 0 0 0 -1 0 0 0 -1.5 1-4chrd.dat
1 16 -16.5 -.25 16.5 -1.5 0 0 0 .25 0 0 0 1.5 1-4cyli.dat
1 16 16.5 -.25 16.5 1.5 0 0 0 .25 0 0 0 1.5 1-4cyli.dat
1 16 -16.5 -.25 -16.5 -1.5 0 0 0 .25 0 0 0 -1.5 1-4cyli.dat
1 16 16.5 -.25 -16.5 1.5 0 0 0 .25 0 0 0 -1.5 1-4cyli.dat
1 72 -16.5 -.25 16.5 -1.5 0 0 0 1 0 0 0 1.5 1-4chrd.dat
1 72 16.5 -.25 16.5 1.5 0 0 0 1 0 0 0 1.5 1-4chrd.dat
1 72 -16.5 -.25 -16.5 -1.5 0 0 0 1 0 0 0 -1.5 1-4chrd.dat
1 72 16.5 -.25 -16.5 1.5 0 0 0 1 0 0 0 -1.5 1-4chrd.dat
1 72 -14 -.25 14 -.5 0 0 0 1 0 0 0 .5 1-4ndis.dat
1 0 -14 -.25 14 -.5 0 0 0 1 0 0 0 .5 1-4chrd.dat
1 72 14 -.25 14 .5 0 0 0 1 0 0 0 .5 1-4ndis.dat
1 0 14 -.25 14 .5 0 0 0 1 0 0 0 .5 1-4chrd.dat
1 0 -13.1 -.25 13.1 -.5 0 0 0 1 0 0 0 .5 1-4ndis.dat
1 15 -13.1 -.25 13.1 -.5 0 0 0 1 0 0 0 .5 1-4chrd.dat
1 0 13.1 -.25 13.1 .5 0 0 0 1 0 0 0 .5 1-4ndis.dat
1 15 13.1 -.25 13.1 .5 0 0 0 1 0 0 0 .5 1-4chrd.dat
1 15 -11.75 -.25 12.57 0 0 -.25 0 1 0 .25 0 0 2-4ndis.dat
1 0 -11.75 -.25 12.57 0 0 -.25 0 1 0 .25 0 0 2-4chrd.dat
1 0 -10.2 -.25 12.57 0 0 .25 0 1 0 .25 0 0 2-4chrd.dat
1 15 -10.2 -.25 12.57 0 0 .25 0 1 0 .25 0 0 2-4ndis.dat
1 15 -8.85 -.25 12.57 0 0 -.25 0 1 0 .25 0 0 2-4ndis.dat
1 0 -8.85 -.25 12.57 0 0 -.25 0 1 0 .25 0 0 2-4chrd.dat
1 0 -8.1 -.25 12.57 0 0 .25 0 1 0 .25 0 0 2-4chrd.dat
1 15 -8.1 -.25 12.57 0 0 .25 0 1 0 .25 0 0 2-4ndis.dat
1 15 -6.75 -.25 12.57 0 0 -.25 0 1 0 .25 0 0 2-4ndis.dat
1 0 -6.75 -.25 12.57 0 0 -.25 0 1 0 .25 0 0 2-4chrd.dat
1 0 -5.6 -.25 12.57 0 0 .25 0 1 0 .25 0 0 2-4chrd.dat
1 15 -5.6 -.25 12.57 0 0 .25 0 1 0 .25 0 0 2-4ndis.dat
1 15 -4.25 -.25 12.57 0 0 -.25 0 1 0 .25 0 0 2-4ndis.dat
1 0 -4.25 -.25 12.57 0 0 -.25 0 1 0 .25 0 0 2-4chrd.dat
1 0 -2.7 -.25 12.57 0 0 .25 0 1 0 .25 0 0 2-4chrd.dat
1 15 -2.7 -.25 12.57 0 0 .25 0 1 0 .25 0 0 2-4ndis.dat
1 15 -11.75 -.25 11.35 0 0 -.25 0 1 0 .25 0 0 2-4ndis.dat
1 0 -11.75 -.25 11.35 0 0 -.25 0 1 0 .25 0 0 2-4chrd.dat
1 0 -10.2 -.25 11.35 0 0 .25 0 1 0 .25 0 0 2-4chrd.dat
1 15 -10.2 -.25 11.35 0 0 .25 0 1 0 .25 0 0 2-4ndis.dat
1 15 -8.85 -.25 11.35 0 0 -.25 0 1 0 .25 0 0 2-4ndis.dat
1 0 -8.85 -.25 11.35 0 0 -.25 0 1 0 .25 0 0 2-4chrd.dat
1 0 -6.05 -.25 11.35 0 0 .25 0 1 0 .25 0 0 2-4chrd.dat
1 15 -6.05 -.25 11.35 0 0 .25 0 1 0 .25 0 0 2-4ndis.dat
1 15 -3.95 -.25 11.35 0 0 -.25 0 1 0 .25 0 0 2-4ndis.dat
1 0 -3.95 -.25 11.35 0 0 -.25 0 1 0 .25 0 0 2-4chrd.dat
1 0 -2.35 -.25 11.35 0 0 .25 0 1 0 .25 0 0 2-4chrd.dat
1 15 -2.35 -.25 11.35 0 0 .25 0 1 0 .25 0 0 2-4ndis.dat
1 15 -13.1 -.25 11.2 -.5 0 0 0 1 0 0 0 -.5 1-4chrd.dat
1 0 -13.1 -.25 11.2 -.5 0 0 0 1 0 0 0 -.5 1-4ndis.dat
1 15 13.1 -.25 11.2 .5 0 0 0 1 0 0 0 -.5 1-4chrd.dat
1 0 13.1 -.25 11.2 .5 0 0 0 1 0 0 0 -.5 1-4ndis.dat
1 0 -14 -.25 -14 -.5 0 0 0 1 0 0 0 -.5 1-4chrd.dat
1 72 -14 -.25 -14 -.5 0 0 0 1 0 0 0 -.5 1-4ndis.dat
1 0 14 -.25 -14 .5 0 0 0 1 0 0 0 -.5 1-4chrd.dat
1 72 14 -.25 -14 .5 0 0 0 1 0 0 0 -.5 1-4ndis.dat
0 // Bottom face
4 16 -16.5 0 18 16.5 0 18 18 0 16.5 -18 0 16.5
4 16 -16.5 0 -18 -18 0 -16.5 18 0 -16.5 16.5 0 -18
0 // Lateral face
4 16 -16.5 0 18 -16.5 -.25 18 16.5 -.25 18 16.5 0 18
4 16 -16.5 0 -18 16.5 0 -18 16.5 -.25 -18 -16.5 -.25 -18
0 // Top face
0 // Black faces
4 0 -11.75 -.25 12.82 -11.75 -.25 12.32 -10.2 -.25 12.32 -10.2 -.25 12.82
4 0 -8.85 -.25 12.82 -8.85 -.25 12.32 -8.1 -.25 12.32 -8.1 -.25 12.82
4 0 -6.75 -.25 12.82 -6.75 -.25 12.32 -5.6 -.25 12.32 -5.6 -.25 12.82
4 0 -4.25 -.25 12.82 -4.25 -.25 12.32 -2.7 -.25 12.32 -2.7 -.25 12.82
4 0 -11.75 -.25 11.6 -11.75 -.25 11.1 -10.2 -.25 11.1 -10.2 -.25 11.6
4 0 -8.85 -.25 11.6 -8.85 -.25 11.1 -6.05 -.25 11.1 -6.05 -.25 11.6
4 0 -3.95 -.25 11.6 -3.95 -.25 11.1 -2.35 -.25 11.1 -2.35 -.25 11.6
0 // Black frame and filler
3 0 -14.5 -.25 14 -13.6 -.25 13.1 -13.6 -.25 13.6
3 0 -14.5 -.25 14 -13.6 -.25 11.2 -13.6 -.25 13.1
3 0 -14.5 -.25 14 -13.6 -.25 10.7 -13.6 -.25 11.2
4 0 -13.1 -.25 13.6 -14 -.25 14.5 -14.5 -.25 14 -13.6 -.25 13.6
4 0 -13.1 -.25 13.6 13.1 -.25 13.6 14 -.25 14.5 -14 -.25 14.5
4 0 13.1 -.25 13.6 13.6 -.25 13.6 14.5 -.25 14 14 -.25 14.5
3 0 14.5 -.25 14 13.6 -.25 13.6 13.6 -.25 13.1
3 0 14.5 -.25 14 13.6 -.25 13.1 13.6 -.25 11.2
3 0 14.5 -.25 14 13.6 -.25 11.2 13.6 -.25 10.7
4 0 13.6 -.25 10.7 13.1 -.25 10.7 14 -.25 -14.5 14.5 -.25 -14
3 0 -14.5 -.25 14 -14.5 -.25 -14 -13.6 -.25 10.7
4 0 -14 -.25 -14.5 -13.1 -.25 10.7 -13.6 -.25 10.7 -14.5 -.25 -14
3 0 14.5 -.25 14 13.6 -.25 10.7 14.5 -.25 -14
3 0 -13.1 -.25 10.7 -11.9 -.25 8.06 -11.9 -.25 8.56
3 0 -13.1 -.25 10.7 -11.9 -.25 7.56 -11.9 -.25 8.06
3 0 -13.1 -.25 10.7 -11.9 -.25 6.1 -11.9 -.25 7.56
3 0 -13.1 -.25 10.7 -11.9 -.25 5.6 -11.9 -.25 6.1
3 0 -13.1 -.25 10.7 -11.9 -.25 5.1 -11.9 -.25 5.6
3 0 -13.1 -.25 10.7 -11.9 -.25 3.64 -11.9 -.25 5.1
3 0 -13.1 -.25 10.7 -11.9 -.25 3.14 -11.9 -.25 3.64
3 0 -13.1 -.25 10.7 -11.9 -.25 2.64 -11.9 -.25 3.14
3 0 -13.1 -.25 10.7 -11.9 -.25 1.18 -11.9 -.25 2.64
3 0 -13.1 -.25 10.7 -11.9 -.25 .68 -11.9 -.25 1.18
3 0 -13.1 -.25 10.7 -11.9 -.25 .18 -11.9 -.25 .68
3 0 -13.1 -.25 10.7 -11.9 -.25 -1.28 -11.9 -.25 .18
3 0 -13.1 -.25 10.7 -11.9 -.25 -1.78 -11.9 -.25 -1.28
4 0 -13.1 -.25 10.7 -14 -.25 -14.5 -11.9 -.25 -2.28 -11.9 -.25 -1.78
3 0 -13.1 -.25 10.7 -11.9 -.25 8.56 -11.4 -.25 8.56
3 0 -13.1 -.25 10.7 -11.4 -.25 8.56 -7.25 -.25 8.56
3 0 -13.1 -.25 10.7 -7.25 -.25 8.56 -6.75 -.25 8.56
3 0 -13.1 -.25 10.7 -6.75 -.25 8.56 -4.4 -.25 8.56
3 0 -13.1 -.25 10.7 -4.4 -.25 8.56 -3.9 -.25 8.56
3 0 -13.1 -.25 10.7 -3.9 -.25 8.56 -1.8 -.25 8.56
3 0 -13.1 -.25 10.7 -1.8 -.25 8.56 -1.3 -.25 8.56
4 0 -13.1 -.25 10.7 -1.3 -.25 8.56 1.05 -.25 8.56 13.1 -.25 10.7
3 0 13.1 -.25 10.7 1.05 -.25 8.56 1.55 -.25 8.56
3 0 13.1 -.25 10.7 1.55 -.25 8.56 5.75 -.25 8.56
3 0 13.1 -.25 10.7 5.75 -.25 8.56 6.25 -.25 8.56
3 0 13.1 -.25 10.7 6.25 -.25 8.56 8.6 -.25 8.56
3 0 13.1 -.25 10.7 8.6 -.25 8.56 9.1 -.25 8.56
3 0 13.1 -.25 10.7 9.1 -.25 8.56 11.4 -.25 8.56
3 0 13.1 -.25 10.7 11.4 -.25 8.56 11.9 -.25 8.56
3 0 13.1 -.25 10.7 11.9 -.25 8.56 11.9 -.25 8.06
3 0 13.1 -.25 10.7 11.9 -.25 8.06 11.9 -.25 7.56
3 0 13.1 -.25 10.7 11.9 -.25 7.56 11.9 -.25 6.1
3 0 13.1 -.25 10.7 11.9 -.25 6.1 11.9 -.25 5.6
3 0 13.1 -.25 10.7 11.9 -.25 5.6 11.9 -.25 5.1
3 0 13.1 -.25 10.7 11.9 -.25 5.1 11.9 -.25 3.64
3 0 13.1 -.25 10.7 11.9 -.25 3.64 11.9 -.25 3.14
3 0 13.1 -.25 10.7 11.9 -.25 3.14 11.9 -.25 2.64
3 0 13.1 -.25 10.7 11.9 -.25 2.64 11.9 -.25 1.18
3 0 13.1 -.25 10.7 11.9 -.25 1.18 11.9 -.25 .68
3 0 13.1 -.25 10.7 11.9 -.25 .68 11.9 -.25 .18
3 0 13.1 -.25 10.7 11.9 -.25 .18 11.9 -.25 -1.28
3 0 13.1 -.25 10.7 11.9 -.25 -1.28 11.9 -.25 -1.78
4 0 13.1 -.25 10.7 11.9 -.25 -1.78 11.9 -.25 -2.28 14 -.25 -14.5
4 0 -11.4 -.25 7.56 -11.9 -.25 7.56 -11.9 -.25 6.1 -11.4 -.25 6.1
4 0 -11.4 -.25 7.56 -11.4 -.25 6.1 -7.25 -.25 6.1 -7.25 -.25 7.56
4 0 -6.75 -.25 7.56 -7.25 -.25 7.56 -7.25 -.25 6.1 -6.75 -.25 6.1
4 0 -6.75 -.25 7.56 -6.75 -.25 6.1 -4.4 -.25 6.1 -4.4 -.25 7.56
4 0 -3.9 -.25 7.56 -4.4 -.25 7.56 -4.4 -.25 6.1 -3.9 -.25 6.1
4 0 -3.9 -.25 7.56 -3.9 -.25 6.1 -1.8 -.25 6.1 -1.8 -.25 7.56
4 0 -1.3 -.25 7.56 -1.8 -.25 7.56 -1.8 -.25 6.1 -1.3 -.25 6.1
4 0 -1.3 -.25 7.56 -1.3 -.25 6.1 1.05 -.25 6.1 1.05 -.25 7.56
4 0 1.55 -.25 7.56 1.05 -.25 7.56 1.05 -.25 6.1 1.55 -.25 6.1
4 0 1.55 -.25 7.56 1.55 -.25 6.1 5.75 -.25 6.1 5.75 -.25 7.56
4 0 6.25 -.25 7.56 5.75 -.25 7.56 5.75 -.25 6.1 6.25 -.25 6.1
4 0 6.25 -.25 7.56 6.25 -.25 6.1 8.6 -.25 6.1 8.6 -.25 7.56
4 0 9.1 -.25 7.56 8.6 -.25 7.56 8.6 -.25 6.1 9.1 -.25 6.1
4 0 9.1 -.25 7.56 9.1 -.25 6.1 11.4 -.25 6.1 11.4 -.25 7.56
4 0 11.9 -.25 7.56 11.4 -.25 7.56 11.4 -.25 6.1 11.9 -.25 6.1
4 0 -11.4 -.25 5.1 -11.9 -.25 5.1 -11.9 -.25 3.64 -11.4 -.25 3.64
4 0 -11.4 -.25 5.1 -11.4 -.25 3.64 -7.25 -.25 3.64 -7.25 -.25 5.1
4 0 -6.75 -.25 5.1 -7.25 -.25 5.1 -7.25 -.25 3.64 -6.75 -.25 3.64
4 0 -6.75 -.25 5.1 -6.75 -.25 3.64 -4.4 -.25 3.64 -4.4 -.25 5.1
4 0 -3.9 -.25 5.1 -4.4 -.25 5.1 -4.4 -.25 3.64 -3.9 -.25 3.64
4 0 -3.9 -.25 5.1 -3.9 -.25 3.64 -1.8 -.25 3.64 -1.8 -.25 5.1
4 0 -1.3 -.25 5.1 -1.8 -.25 5.1 -1.8 -.25 3.64 -1.3 -.25 3.64
4 0 -1.3 -.25 5.1 -1.3 -.25 3.64 1.05 -.25 3.64 1.05 -.25 5.1
4 0 1.55 -.25 5.1 1.05 -.25 5.1 1.05 -.25 3.64 1.55 -.25 3.64
4 0 1.55 -.25 5.1 1.55 -.25 3.64 5.75 -.25 3.64 5.75 -.25 5.1
4 0 6.25 -.25 5.1 5.75 -.25 5.1 5.75 -.25 3.64 6.25 -.25 3.64
4 0 6.25 -.25 5.1 6.25 -.25 3.64 8.6 -.25 3.64 8.6 -.25 5.1
4 0 9.1 -.25 5.1 8.6 -.25 5.1 8.6 -.25 3.64 9.1 -.25 3.64
4 0 9.1 -.25 5.1 9.1 -.25 3.64 11.4 -.25 3.64 11.4 -.25 5.1
4 0 11.9 -.25 5.1 11.4 -.25 5.1 11.4 -.25 3.64 11.9 -.25 3.64
4 0 -11.4 -.25 2.64 -11.9 -.25 2.64 -11.9 -.25 1.18 -11.4 -.25 1.18
4 0 -11.4 -.25 2.64 -11.4 -.25 1.18 -7.25 -.25 1.18 -7.25 -.25 2.64
4 0 -6.75 -.25 2.64 -7.25 -.25 2.64 -7.25 -.25 1.18 -6.75 -.25 1.18
4 0 -6.75 -.25 2.64 -6.75 -.25 1.18 -4.4 -.25 1.18 -4.4 -.25 2.64
4 0 -3.9 -.25 2.64 -4.4 -.25 2.64 -4.4 -.25 1.18 -3.9 -.25 1.18
4 0 -3.9 -.25 2.64 -3.9 -.25 1.18 -1.8 -.25 1.18 -1.8 -.25 2.64
4 0 -1.3 -.25 2.64 -1.8 -.25 2.64 -1.8 -.25 1.18 -1.3 -.25 1.18
4 0 -1.3 -.25 2.64 -1.3 -.25 1.18 1.05 -.25 1.18 1.05 -.25 2.64
4 0 1.55 -.25 2.64 1.05 -.25 2.64 1.05 -.25 1.18 1.55 -.25 1.18
4 0 1.55 -.25 2.64 1.55 -.25 1.18 5.75 -.25 1.18 5.75 -.25 2.64
4 0 6.25 -.25 2.64 5.75 -.25 2.64 5.75 -.25 1.18 6.25 -.25 1.18
4 0 6.25 -.25 2.64 6.25 -.25 1.18 8.6 -.25 1.18 8.6 -.25 2.64
4 0 9.1 -.25 2.64 8.6 -.25 2.64 8.6 -.25 1.18 9.1 -.25 1.18
4 0 9.1 -.25 2.64 9.1 -.25 1.18 11.4 -.25 1.18 11.4 -.25 2.64
4 0 11.9 -.25 2.64 11.4 -.25 2.64 11.4 -.25 1.18 11.9 -.25 1.18
4 0 -11.4 -.25 .18 -11.9 -.25 .18 -11.9 -.25 -1.28 -11.4 -.25 -1.28
4 0 -11.4 -.25 .18 -11.4 -.25 -1.28 -7.25 -.25 -1.28 -7.25 -.25 .18
4 0 -6.75 -.25 .18 -7.25 -.25 .18 -7.25 -.25 -1.28 -6.75 -.25 -1.28
4 0 -6.75 -.25 .18 -6.75 -.25 -1.28 -4.4 -.25 -1.28 -4.4 -.25 .18
4 0 -3.9 -.25 .18 -4.4 -.25 .18 -4.4 -.25 -1.28 -3.9 -.25 -1.28
4 0 -3.9 -.25 .18 -3.9 -.25 -1.28 -1.8 -.25 -1.28 -1.8 -.25 .18
4 0 -1.3 -.25 .18 -1.8 -.25 .18 -1.8 -.25 -1.28 -1.3 -.25 -1.28
4 0 -1.3 -.25 .18 -1.3 -.25 -1.28 1.05 -.25 -1.28 1.05 -.25 .18
4 0 1.55 -.25 .18 1.05 -.25 .18 1.05 -.25 -1.28 1.55 -.25 -1.28
4 0 1.55 -.25 .18 1.55 -.25 -1.28 5.75 -.25 -1.28 5.75 -.25 .18
4 0 6.25 -.25 .18 5.75 -.25 .18 5.75 -.25 -1.28 6.25 -.25 -1.28
4 0 6.25 -.25 .18 6.25 -.25 -1.28 8.6 -.25 -1.28 8.6 -.25 .18
4 0 9.1 -.25 .18 8.6 -.25 .18 8.6 -.25 -1.28 9.1 -.25 -1.28
4 0 9.1 -.25 .18 9.1 -.25 -1.28 11.4 -.25 -1.28 11.4 -.25 .18
4 0 11.9 -.25 .18 11.4 -.25 .18 11.4 -.25 -1.28 11.9 -.25 -1.28
4 0 -11.4 -.25 -2.28 -11.9 -.25 -2.28 -11.9 -.25 -3.74 -11.4 -.25 -3.74
4 0 -11.4 -.25 -2.28 -11.4 -.25 -3.74 -7.25 -.25 -3.74 -7.25 -.25 -2.28
4 0 -6.75 -.25 -2.28 -7.25 -.25 -2.28 -7.25 -.25 -3.74 -6.75 -.25 -3.74
4 0 -6.75 -.25 -2.28 -6.75 -.25 -3.74 -4.4 -.25 -3.74 -4.4 -.25 -2.28
4 0 -3.9 -.25 -2.28 -4.4 -.25 -2.28 -4.4 -.25 -3.74 -3.9 -.25 -3.74
4 0 -3.9 -.25 -2.28 -3.9 -.25 -3.74 -1.8 -.25 -3.74 -1.8 -.25 -2.28
4 0 -1.3 -.25 -2.28 -1.8 -.25 -2.28 -1.8 -.25 -3.74 -1.3 -.25 -3.74
4 0 -1.3 -.25 -2.28 -1.3 -.25 -3.74 1.05 -.25 -3.74 1.05 -.25 -2.28
4 0 1.55 -.25 -2.28 1.05 -.25 -2.28 1.05 -.25 -3.74 1.55 -.25 -3.74
4 0 1.55 -.25 -2.28 1.55 -.25 -3.74 5.75 -.25 -3.74 5.75 -.25 -2.28
4 0 6.25 -.25 -2.28 5.75 -.25 -2.28 5.75 -.25 -3.74 6.25 -.25 -3.74
4 0 6.25 -.25 -2.28 6.25 -.25 -3.74 8.6 -.25 -3.74 8.6 -.25 -2.28
4 0 9.1 -.25 -2.28 8.6 -.25 -2.28 8.6 -.25 -3.74 9.1 -.25 -3.74
4 0 9.1 -.25 -2.28 9.1 -.25 -3.74 11.4 -.25 -3.74 11.4 -.25 -2.28
4 0 11.9 -.25 -2.28 11.4 -.25 -2.28 11.4 -.25 -3.74 11.9 -.25 -3.74
4 0 -11.4 -.25 -4.74 -11.9 -.25 -4.74 -11.9 -.25 -6.2 -11.4 -.25 -6.2
4 0 -11.4 -.25 -4.74 -11.4 -.25 -6.2 -7.25 -.25 -6.2 -7.25 -.25 -4.74
4 0 -6.75 -.25 -4.74 -7.25 -.25 -4.74 -7.25 -.25 -6.2 -6.75 -.25 -6.2
4 0 -6.75 -.25 -4.74 -6.75 -.25 -6.2 -4.4 -.25 -6.2 -4.4 -.25 -4.74
4 0 -3.9 -.25 -4.74 -4.4 -.25 -4.74 -4.4 -.25 -6.2 -3.9 -.25 -6.2
4 0 -3.9 -.25 -4.74 -3.9 -.25 -6.2 -1.8 -.25 -6.2 -1.8 -.25 -4.74
4 0 -1.3 -.25 -4.74 -1.8 -.25 -4.74 -1.8 -.25 -6.2 -1.3 -.25 -6.2
4 0 -1.3 -.25 -4.74 -1.3 -.25 -6.2 1.05 -.25 -6.2 1.05 -.25 -4.74
4 0 1.55 -.25 -4.74 1.05 -.25 -4.74 1.05 -.25 -6.2 1.55 -.25 -6.2
4 0 1.55 -.25 -4.74 1.55 -.25 -6.2 5.75 -.25 -6.2 5.75 -.25 -4.74
4 0 6.25 -.25 -4.74 5.75 -.25 -4.74 5.75 -.25 -6.2 6.25 -.25 -6.2
4 0 6.25 -.25 -4.74 6.25 -.25 -6.2 8.6 -.25 -6.2 8.6 -.25 -4.74
4 0 9.1 -.25 -4.74 8.6 -.25 -4.74 8.6 -.25 -6.2 9.1 -.25 -6.2
4 0 9.1 -.25 -4.74 9.1 -.25 -6.2 11.4 -.25 -6.2 11.4 -.25 -4.74
4 0 11.9 -.25 -4.74 11.4 -.25 -4.74 11.4 -.25 -6.2 11.9 -.25 -6.2
4 0 -11.4 -.25 -7.2 -11.9 -.25 -7.2 -11.9 -.25 -8.66 -11.4 -.25 -8.66
4 0 -11.4 -.25 -7.2 -11.4 -.25 -8.66 -7.25 -.25 -8.66 -7.25 -.25 -7.2
4 0 -6.75 -.25 -7.2 -7.25 -.25 -7.2 -7.25 -.25 -8.66 -6.75 -.25 -8.66
4 0 -6.75 -.25 -7.2 -6.75 -.25 -8.66 -4.4 -.25 -8.66 -4.4 -.25 -7.2
4 0 -3.9 -.25 -7.2 -4.4 -.25 -7.2 -4.4 -.25 -8.66 -3.9 -.25 -8.66
4 0 -3.9 -.25 -7.2 -3.9 -.25 -8.66 -1.8 -.25 -8.66 -1.8 -.25 -7.2
4 0 -1.3 -.25 -7.2 -1.8 -.25 -7.2 -1.8 -.25 -8.66 -1.3 -.25 -8.66
4 0 -1.3 -.25 -7.2 -1.3 -.25 -8.66 1.05 -.25 -8.66 1.05 -.25 -7.2
4 0 1.55 -.25 -7.2 1.05 -.25 -7.2 1.05 -.25 -8.66 1.55 -.25 -8.66
4 0 1.55 -.25 -7.2 1.55 -.25 -8.66 5.75 -.25 -8.66 5.75 -.25 -7.2
4 0 6.25 -.25 -7.2 5.75 -.25 -7.2 5.75 -.25 -8.66 6.25 -.25 -8.66
4 0 6.25 -.25 -7.2 6.25 -.25 -8.66 8.6 -.25 -8.66 8.6 -.25 -7.2
4 0 9.1 -.25 -7.2 8.6 -.25 -7.2 8.6 -.25 -8.66 9.1 -.25 -8.66
4 0 9.1 -.25 -7.2 9.1 -.25 -8.66 11.4 -.25 -8.66 11.4 -.25 -7.2
4 0 11.9 -.25 -7.2 11.4 -.25 -7.2 11.4 -.25 -8.66 11.9 -.25 -8.66
4 0 -11.4 -.25 -9.66 -11.9 -.25 -9.66 -11.9 -.25 -11.12 -11.4 -.25 -11.12
4 0 -11.4 -.25 -9.66 -11.4 -.25 -11.12 -7.25 -.25 -11.12 -7.25 -.25 -9.66
4 0 -6.75 -.25 -9.66 -7.25 -.25 -9.66 -7.25 -.25 -11.12 -6.75 -.25 -11.12
4 0 -6.75 -.25 -9.66 -6.75 -.25 -11.12 -4.4 -.25 -11.12 -4.4 -.25 -9.66
4 0 -3.9 -.25 -9.66 -4.4 -.25 -9.66 -4.4 -.25 -11.12 -3.9 -.25 -11.12
4 0 -3.9 -.25 -9.66 -3.9 -.25 -11.12 -1.8 -.25 -11.12 -1.8 -.25 -9.66
4 0 -1.3 -.25 -9.66 -1.8 -.25 -9.66 -1.8 -.25 -11.12 -1.3 -.25 -11.12
4 0 -1.3 -.25 -9.66 -1.3 -.25 -11.12 1.05 -.25 -11.12 1.05 -.25 -9.66
4 0 1.55 -.25 -9.66 1.05 -.25 -9.66 1.05 -.25 -11.12 1.55 -.25 -11.12
4 0 1.55 -.25 -9.66 1.55 -.25 -11.12 5.75 -.25 -11.12 5.75 -.25 -9.66
4 0 6.25 -.25 -9.66 5.75 -.25 -9.66 5.75 -.25 -11.12 6.25 -.25 -11.12
4 0 6.25 -.25 -9.66 6.25 -.25 -11.12 8.6 -.25 -11.12 8.6 -.25 -9.66
4 0 9.1 -.25 -9.66 8.6 -.25 -9.66 8.6 -.25 -11.12 9.1 -.25 -11.12
4 0 9.1 -.25 -9.66 9.1 -.25 -11.12 11.4 -.25 -11.12 11.4 -.25 -9.66
4 0 11.9 -.25 -9.66 11.4 -.25 -9.66 11.4 -.25 -11.12 11.9 -.25 -11.12
3 0 -14 -.25 -14.5 -11.9 -.25 -3.74 -11.9 -.25 -2.28
3 0 -14 -.25 -14.5 -11.9 -.25 -4.24 -11.9 -.25 -3.74
3 0 -14 -.25 -14.5 -11.9 -.25 -4.74 -11.9 -.25 -4.24
3 0 -14 -.25 -14.5 -11.9 -.25 -6.2 -11.9 -.25 -4.74
3 0 -14 -.25 -14.5 -11.9 -.25 -6.7 -11.9 -.25 -6.2
3 0 -14 -.25 -14.5 -11.9 -.25 -7.2 -11.9 -.25 -6.7
3 0 -14 -.25 -14.5 -11.9 -.25 -8.66 -11.9 -.25 -7.2
3 0 -14 -.25 -14.5 -11.9 -.25 -9.16 -11.9 -.25 -8.66
3 0 -14 -.25 -14.5 -11.9 -.25 -9.66 -11.9 -.25 -9.16
3 0 -14 -.25 -14.5 -11.9 -.25 -11.12 -11.9 -.25 -9.66
3 0 -14 -.25 -14.5 -11.9 -.25 -11.62 -11.9 -.25 -11.12
3 0 -14 -.25 -14.5 -11.9 -.25 -12.12 -11.9 -.25 -11.62
3 0 -14 -.25 -14.5 -11.4 -.25 -12.12 -11.9 -.25 -12.12
3 0 -14 -.25 -14.5 -7.25 -.25 -12.12 -11.4 -.25 -12.12
3 0 -14 -.25 -14.5 -6.75 -.25 -12.12 -7.25 -.25 -12.12
3 0 -14 -.25 -14.5 -4.4 -.25 -12.12 -6.75 -.25 -12.12
3 0 -14 -.25 -14.5 -3.9 -.25 -12.12 -4.4 -.25 -12.12
3 0 -14 -.25 -14.5 -1.8 -.25 -12.12 -3.9 -.25 -12.12
3 0 -14 -.25 -14.5 -1.3 -.25 -12.12 -1.8 -.25 -12.12
4 0 -14 -.25 -14.5 14 -.25 -14.5 1.05 -.25 -12.12 -1.3 -.25 -12.12
3 0 14 -.25 -14.5 11.9 -.25 -2.28 11.9 -.25 -3.74
3 0 14 -.25 -14.5 11.9 -.25 -3.74 10.7723 1.7155 -.2557
3 0 14 -.25 -14.5 10.7723 1.7155 -.2557 11.9 -.25 -4.74
3 0 14 -.25 -14.5 11.9 -.25 -4.74 11.9 -.25 -6.2
3 0 14 -.25 -14.5 11.9 -.25 -6.2 11.9 -.25 -6.7
3 0 14 -.25 -14.5 11.9 -.25 -6.7 11.9 -.25 -7.2
3 0 14 -.25 -14.5 11.9 -.25 -7.2 11.9 -.25 -8.66
3 0 14 -.25 -14.5 11.9 -.25 -8.66 11.9 -.25 -9.16
3 0 14 -.25 -14.5 11.9 -.25 -9.16 11.9 -.25 -9.66
3 0 14 -.25 -14.5 11.9 -.25 -9.66 11.9 -.25 -11.12
3 0 14 -.25 -14.5 11.9 -.25 -11.12 11.9 -.25 -11.62
3 0 14 -.25 -14.5 11.9 -.25 -11.62 11.9 -.25 -12.12
3 0 14 -.25 -14.5 11.9 -.25 -12.12 11.4 -.25 -12.12
3 0 14 -.25 -14.5 11.4 -.25 -12.12 9.1 -.25 -12.12
3 0 14 -.25 -14.5 9.1 -.25 -12.12 8.6 -.25 -12.12
3 0 14 -.25 -14.5 8.6 -.25 -12.12 6.25 -.25 -12.12
3 0 14 -.25 -14.5 6.25 -.25 -12.12 5.75 -.25 -12.12
3 0 14 -.25 -14.5 5.75 -.25 -12.12 1.55 -.25 -12.12
3 0 14 -.25 -14.5 1.55 -.25 -12.12 1.05 -.25 -12.12
0 // Grey faces
4 72 -14 -.25 14.5 -16.5 -.25 18 -18 -.25 16.5 -14.5 -.25 14.5
4 72 -14 -.25 14.5 14 -.25 14.5 16.5 -.25 18 -16.5 -.25 18
4 72 14 -.25 14.5 14.5 -.25 14.5 18 -.25 16.5 16.5 -.25 18
3 72 -14.5 -.25 14 -14.5 -.25 14.5 -18 -.25 16.5
4 72 -14.5 -.25 14 -18 -.25 16.5 -18 -.25 -16.5 -14.5 -.25 -14
3 72 14.5 -.25 14 18 -.25 16.5 14.5 -.25 14.5
4 72 14.5 -.25 14 14.5 -.25 -14 18 -.25 -16.5 18 -.25 16.5
3 72 -14.5 -.25 -14 -18 -.25 -16.5 -14.5 -.25 -14.5
3 72 14.5 -.25 -14 14.5 -.25 -14.5 18 -.25 -16.5
4 72 -14 -.25 -14.5 -14.5 -.25 -14.5 -18 -.25 -16.5 -16.5 -.25 -18
4 72 -14 -.25 -14.5 -16.5 -.25 -18 16.5 -.25 -18 14 -.25 -14.5
4 72 14 -.25 -14.5 16.5 -.25 -18 18 -.25 -16.5 14.5 -.25 -14.5
0 // White faces
4 15 -13.1 -.25 13.6 -13.6 -.25 13.1 -12 -.25 12.32 -12 -.25 12.57
3 15 -13.1 -.25 13.6 -12 -.25 12.57 -12 -.25 12.82
3 15 -13.1 -.25 13.6 -12 -.25 12.82 -11.75 -.25 12.82
3 15 -13.1 -.25 13.6 -11.75 -.25 12.82 -10.2 -.25 12.82
3 15 -13.1 -.25 13.6 -10.2 -.25 12.82 -9.95 -.25 12.82
3 15 -13.1 -.25 13.6 -9.95 -.25 12.82 -9.1 -.25 12.82
3 15 -13.1 -.25 13.6 -9.1 -.25 12.82 -8.85 -.25 12.82
3 15 -13.1 -.25 13.6 -8.85 -.25 12.82 -8.1 -.25 12.82
3 15 -13.1 -.25 13.6 -8.1 -.25 12.82 -7.85 -.25 12.82
4 15 -13.1 -.25 13.6 -7.85 -.25 12.82 -7 -.25 12.82 13.1 -.25 13.6
3 15 13.1 -.25 13.6 -7 -.25 12.82 -6.75 -.25 12.82
3 15 13.1 -.25 13.6 -6.75 -.25 12.82 -5.6 -.25 12.82
3 15 13.1 -.25 13.6 -5.6 -.25 12.82 -5.35 -.25 12.82
3 15 13.1 -.25 13.6 -5.35 -.25 12.82 -4.5 -.25 12.82
3 15 13.1 -.25 13.6 -4.5 -.25 12.82 -4.25 -.25 12.82
3 15 13.1 -.25 13.6 -4.25 -.25 12.82 -2.7 -.25 12.82
3 15 13.1 -.25 13.6 -2.7 -.25 12.82 -2.45 -.25 12.82
3 15 13.1 -.25 13.6 -2.45 -.25 12.82 -2.45 -.25 12.57
4 15 13.1 -.25 13.6 -2.45 -.25 12.57 -2.45 -.25 12.32 13.6 -.25 13.1
4 15 -13.6 -.25 13.1 -13.6 -.25 11.2 -12 -.25 11.6 -12 -.25 12.32
4 15 13.6 -.25 13.1 -2.45 -.25 12.32 -2.1 -.25 11.6 13.6 -.25 11.2
4 15 -9.95 -.25 12.57 -9.1 -.25 12.57 -9.1 -.25 12.82 -9.95 -.25 12.82
4 15 -9.95 -.25 12.57 -9.95 -.25 12.32 -9.1 -.25 12.32 -9.1 -.25 12.57
4 15 -7.85 -.25 12.57 -7 -.25 12.57 -7 -.25 12.82 -7.85 -.25 12.82
4 15 -7.85 -.25 12.57 -7.85 -.25 12.32 -7 -.25 12.32 -7 -.25 12.57
4 15 -5.35 -.25 12.57 -4.5 -.25 12.57 -4.5 -.25 12.82 -5.35 -.25 12.82
4 15 -5.35 -.25 12.57 -5.35 -.25 12.32 -4.5 -.25 12.32 -4.5 -.25 12.57
4 15 -11.75 -.25 12.32 -12 -.25 12.32 -12 -.25 11.6 -11.75 -.25 11.6
4 15 -11.75 -.25 12.32 -11.75 -.25 11.6 -10.2 -.25 11.6 -10.2 -.25 12.32
4 15 -9.95 -.25 12.32 -10.2 -.25 12.32 -10.2 -.25 11.6 -9.95 -.25 11.6
4 15 -9.95 -.25 12.32 -9.95 -.25 11.6 -9.1 -.25 11.6 -9.1 -.25 12.32
4 15 -8.85 -.25 12.32 -9.1 -.25 12.32 -9.1 -.25 11.6 -8.85 -.25 11.6
4 15 -8.85 -.25 12.32 -8.85 -.25 11.6 -6.05 -.25 11.6 -8.1 -.25 12.32
4 15 -2.7 -.25 12.32 -4.25 -.25 12.32 -3.95 -.25 11.6 -2.35 -.25 11.6
4 15 -2.7 -.25 12.32 -2.35 -.25 11.6 -2.1 -.25 11.6 -2.45 -.25 12.32
3 15 -6.05 -.25 11.6 -7.85 -.25 12.32 -8.1 -.25 12.32
3 15 -6.05 -.25 11.6 -7 -.25 12.32 -7.85 -.25 12.32
4 15 -5.8 -.25 11.6 -6.75 -.25 12.32 -7 -.25 12.32 -6.05 -.25 11.6
4 15 -5.8 -.25 11.6 -4.2 -.25 11.6 -5.6 -.25 12.32 -6.75 -.25 12.32
4 15 -4.2 -.25 11.6 -3.95 -.25 11.6 -5.35 -.25 12.32 -5.6 -.25 12.32
3 15 -3.95 -.25 11.6 -4.5 -.25 12.32 -5.35 -.25 12.32
3 15 -3.95 -.25 11.6 -4.25 -.25 12.32 -4.5 -.25 12.32
4 15 -9.95 -.25 11.35 -9.1 -.25 11.35 -9.1 -.25 11.6 -9.95 -.25 11.6
4 15 -9.95 -.25 11.35 -9.95 -.25 11.1 -9.1 -.25 11.1 -9.1 -.25 11.35
4 15 -5.8 -.25 11.35 -4.2 -.25 11.35 -4.2 -.25 11.6 -5.8 -.25 11.6
4 15 -5.8 -.25 11.35 -5.8 -.25 11.1 -4.2 -.25 11.1 -4.2 -.25 11.35
4 15 -13.1 -.25 10.7 -12 -.25 11.35 -12 -.25 11.6 -13.6 -.25 11.2
3 15 -13.1 -.25 10.7 -12 -.25 11.1 -12 -.25 11.35
3 15 -13.1 -.25 10.7 -11.75 -.25 11.1 -12 -.25 11.1
3 15 -13.1 -.25 10.7 -10.2 -.25 11.1 -11.75 -.25 11.1
3 15 -13.1 -.25 10.7 -9.95 -.25 11.1 -10.2 -.25 11.1
3 15 -13.1 -.25 10.7 -9.1 -.25 11.1 -9.95 -.25 11.1
3 15 -13.1 -.25 10.7 -8.85 -.25 11.1 -9.1 -.25 11.1
3 15 -13.1 -.25 10.7 -6.05 -.25 11.1 -8.85 -.25 11.1
3 15 -13.1 -.25 10.7 -5.8 -.25 11.1 -6.05 -.25 11.1
3 15 -13.1 -.25 10.7 -4.2 -.25 11.1 -5.8 -.25 11.1
3 15 -13.1 -.25 10.7 -3.95 -.25 11.1 -4.2 -.25 11.1
3 15 -13.1 -.25 10.7 -2.35 -.25 11.1 -3.95 -.25 11.1
4 15 -13.1 -.25 10.7 13.1 -.25 10.7 -2.1 -.25 11.1 -2.35 -.25 11.1
4 15 13.1 -.25 10.7 13.6 -.25 11.2 -2.1 -.25 11.6 -2.1 -.25 11.35
3 15 13.1 -.25 10.7 -2.1 -.25 11.35 -2.1 -.25 11.1
