0 Sticker  0.8 x  3.8 with Red Santander logo on White Background
0 Name: 6177954y.dat
0 Author: Massimo Maso [Sirio]
0 !LDRAW_ORG Unofficial_Part
0 !LICENSE Licensed under CC BY 4.0 : see CAreadme.txt

0 BFC CERTIFY CCW

0 !KEYWORDS Ferrari, Scuderia, Set 75879, SF16-H, Speed Champions

0 // Logo primitive
1 4 -32.4 -.25 1.6 .35 0 0 0 1 0 0 0 .35 s\logoshells01.dat
1 4 9.74 -.25 1.6 .35 0 0 0 1 0 0 0 .35 s\logoshells01.dat
1 15 -16.5 -.25 -.15 2.5 0 0 0 1 0 0 0 2.5 logo-shell-vpower-text.dat
1 4 -16.5 -.25 -.15 2.5 0 0 0 1 0 0 0 2.5 logo-shell-vpower-text-box.dat
1 15 25.64 -.25 -.15 2.5 0 0 0 1 0 0 0 2.5 logo-shell-vpower-text.dat
1 4 25.64 -.25 -.15 2.5 0 0 0 1 0 0 0 2.5 logo-shell-vpower-text-box.dat
1 4 -28.5 -.25 -4.9 .3 0 0 0 1 0 0 0 .3 s\logoomrl01.dat
1 4 28.5 -.25 -4.9 .3 0 0 0 1 0 0 0 .3 s\logoomrl01.dat
0 // Subparts
1 4 -16.5 -.25 -.15 2.5 0 0 0 1 0 0 0 2.5 s\6177954ys01.dat
1 4 25.64 -.25 -.15 2.5 0 0 0 1 0 0 0 2.5 s\6177954ys01.dat
0 // Primitives
1 16 -36.5 0 6.5 -1.5 0 0 0 -1 0 0 0 1.5 1-4chrd.dat
1 16 36.5 0 6.5 1.5 0 0 0 -1 0 0 0 1.5 1-4chrd.dat
1 16 0 -.25 0 0 0 38 0 .25 0 6.5 0 0 box3u12.dat
1 16 -36.5 0 -6.5 -1.5 0 0 0 -1 0 0 0 -1.5 1-4chrd.dat
1 16 36.5 0 -6.5 1.5 0 0 0 -1 0 0 0 -1.5 1-4chrd.dat
1 16 -36.5 0 6.5 -1.5 0 0 0 -.25 0 0 0 1.5 1-4cyli.dat
1 16 36.5 0 6.5 1.5 0 0 0 -.25 0 0 0 1.5 1-4cyli.dat
1 16 -36.5 0 -6.5 -1.5 0 0 0 -.25 0 0 0 -1.5 1-4cyli.dat
1 16 36.5 0 -6.5 1.5 0 0 0 -.25 0 0 0 -1.5 1-4cyli.dat
1 4 -36.5 -.25 6.5 -1.5 0 0 0 1 0 0 0 1.5 1-4chrd.dat
1 4 36.5 -.25 6.5 1.5 0 0 0 1 0 0 0 1.5 1-4chrd.dat
1 4 -36.5 -.25 -6.5 -1.5 0 0 0 1 0 0 0 -1.5 1-4chrd.dat
1 4 36.5 -.25 -6.5 1.5 0 0 0 1 0 0 0 -1.5 1-4chrd.dat
0 // Bottom face
4 16 36.5 0 8 38 0 6.5 -38 0 6.5 -36.5 0 8
4 16 36.5 0 -8 -36.5 0 -8 -38 0 -6.5 38 0 -6.5
0 // Lateral face
4 16 -36.5 0 8 -36.5 -.25 8 36.5 -.25 8 36.5 0 8
4 16 -36.5 0 -8 36.5 0 -8 36.5 -.25 -8 -36.5 -.25 -8
0 // Top face
0 // Red faces
4 4 -36.5 -.25 8 -38 -.25 6.5 -36.6175 -.25 5.52 -32.4 -.25 5.52
3 4 -36.5 -.25 8 -32.4 -.25 5.52 -28.1825 -.25 5.52
4 4 -36.5 -.25 8 -28.1825 -.25 5.52 -5.25 -.25 2.35 5.5225 -.25 5.52
4 4 -36.5 -.25 8 5.5225 -.25 5.52 9.74 -.25 5.52 36.5 -.25 8
3 4 36.5 -.25 8 9.74 -.25 5.52 13.9575 -.25 5.52
4 4 36.5 -.25 8 13.9575 -.25 5.52 14.39 -.25 2.35 36.89 -.25 2.35
3 4 36.5 -.25 8 36.89 -.25 2.35 38 -.25 6.5
4 4 -38 -.25 6.5 -38 -.25 -6.5 -36.6175 -.25 -2.32 -36.6175 -.25 5.52
4 4 38 -.25 6.5 36.89 -.25 2.35 36.89 -.25 -2.65 38 -.25 -6.5
4 4 -28.1825 -.25 5.52 -28.1825 -.25 -2.32 -27.75 -.25 -2.65 -27.75 -.25 2.35
3 4 -28.1825 -.25 5.52 -27.75 -.25 2.35 -5.25 -.25 2.35
4 4 5.5225 -.25 5.52 -5.25 -.25 2.35 -5.25 -.25 -2.65 5.5225 -.25 -2.32
4 4 13.9575 -.25 5.52 13.9575 -.25 -2.32 14.39 -.25 -2.65 14.39 -.25 2.35
4 4 -36.6175 -.25 -2.32 -38 -.25 -6.5 -36.5 -.25 -8 -32.22 -.25 -6.4
3 4 -36.6175 -.25 -2.32 -32.22 -.25 -6.4 -32.22 -.25 -4.9
3 4 -36.6175 -.25 -2.32 -32.22 -.25 -4.9 -32.22 -.25 -3.4
3 4 -36.6175 -.25 -2.32 -32.22 -.25 -3.4 -30.72 -.25 -3.4
4 4 -36.6175 -.25 -2.32 -30.72 -.25 -3.4 -29.22 -.25 -3.4 -32.4 -.25 -2.32
4 4 5.5225 -.25 -2.32 -5.25 -.25 -2.65 -24.78 -.25 -3.4 -24.78 -.25 -3.412
3 4 5.5225 -.25 -2.32 -24.78 -.25 -3.412 -24.78 -.25 -4.24
3 4 5.5225 -.25 -2.32 -24.78 -.25 -4.24 -24.78 -.25 -5.068
4 4 5.5225 -.25 -2.32 -24.78 -.25 -5.068 -24.78 -.25 -6.4 9.74 -.25 -2.32
4 4 -27.75 -.25 -2.65 -28.1825 -.25 -2.32 -32.4 -.25 -2.32 -29.22 -.25 -3.4
4 4 -27.75 -.25 -2.65 -29.22 -.25 -3.4 -24.78 -.25 -3.4 -5.25 -.25 -2.65
4 4 14.39 -.25 -2.65 13.9575 -.25 -2.32 9.74 -.25 -2.32 -24.78 -.25 -6.4
4 4 14.39 -.25 -2.65 -24.78 -.25 -6.4 24.78 -.25 -6.4 24.78 -.25 -4.9
3 4 14.39 -.25 -2.65 24.78 -.25 -4.9 24.78 -.25 -3.4
3 4 14.39 -.25 -2.65 24.78 -.25 -3.4 26.28 -.25 -3.4
3 4 14.39 -.25 -2.65 26.28 -.25 -3.4 27.78 -.25 -3.4
4 4 14.39 -.25 -2.65 27.78 -.25 -3.4 32.22 -.25 -3.4 36.89 -.25 -2.65
4 4 38 -.25 -6.5 36.89 -.25 -2.65 32.22 -.25 -3.4 32.22 -.25 -3.412
3 4 38 -.25 -6.5 32.22 -.25 -3.412 32.22 -.25 -4.24
3 4 38 -.25 -6.5 32.22 -.25 -4.24 32.22 -.25 -5.068
4 4 38 -.25 -6.5 32.22 -.25 -5.068 32.22 -.25 -6.4 36.5 -.25 -8
3 4 -36.5 -.25 -8 -30.72 -.25 -6.4 -32.22 -.25 -6.4
3 4 -36.5 -.25 -8 -29.22 -.25 -6.4 -30.72 -.25 -6.4
3 4 -36.5 -.25 -8 -24.78 -.25 -6.4 -29.22 -.25 -6.4
4 4 -36.5 -.25 -8 36.5 -.25 -8 24.78 -.25 -6.4 -24.78 -.25 -6.4
3 4 36.5 -.25 -8 26.28 -.25 -6.4 24.78 -.25 -6.4
3 4 36.5 -.25 -8 27.78 -.25 -6.4 26.28 -.25 -6.4
3 4 36.5 -.25 -8 32.22 -.25 -6.4 27.78 -.25 -6.4
