0 Sticker  0.8 x  0.8 with White Claro Logo on Red Background
0 Name: 6177954l.dat
0 Author: Massimo Maso [Sirio]
0 !LDRAW_ORG Unofficial_Part
0 !LICENSE Licensed under CC BY 4.0 : see CAreadme.txt

0 BFC CERTIFY CCW

0 !KEYWORDS Ferrari, Scuderia, Set 75879, SF16-H, Speed Champions


0 // Logo primitive
1 4 0 -.25 0 .45 0 0 0 1 0 0 0 .45 logo-claro-01.dat
0 // Primitives
1 16 -6.5 0 6.5 -1.5 0 0 0 -1 0 0 0 1.5 1-4chrd.dat
1 16 6.5 0 6.5 1.5 0 0 0 -1 0 0 0 1.5 1-4chrd.dat
1 16 0 -.25 0 0 0 8 0 .25 0 6.5 0 0 box3u12.dat
1 16 -6.5 0 -6.5 -1.5 0 0 0 -1 0 0 0 -1.5 1-4chrd.dat
1 16 6.5 0 -6.5 1.5 0 0 0 -1 0 0 0 -1.5 1-4chrd.dat
1 16 -6.5 0 6.5 -1.5 0 0 0 -.25 0 0 0 1.5 1-4cyli.dat
1 16 6.5 0 6.5 1.5 0 0 0 -.25 0 0 0 1.5 1-4cyli.dat
1 16 -6.5 0 -6.5 -1.5 0 0 0 -.25 0 0 0 -1.5 1-4cyli.dat
1 16 6.5 0 -6.5 1.5 0 0 0 -.25 0 0 0 -1.5 1-4cyli.dat
1 4 -6.5 -.25 6.5 -1.5 0 0 0 1 0 0 0 1.5 1-4chrd.dat
1 4 6.5 -.25 6.5 1.5 0 0 0 1 0 0 0 1.5 1-4chrd.dat
1 4 -6.5 -.25 -6.5 -1.5 0 0 0 1 0 0 0 -1.5 1-4chrd.dat
1 4 6.5 -.25 -6.5 1.5 0 0 0 1 0 0 0 -1.5 1-4chrd.dat
0 // Bottom face
4 16 6.5 0 8 8 0 6.5 -8 0 6.5 -6.5 0 8
4 16 6.5 0 -8 -6.5 0 -8 -8 0 -6.5 8 0 -6.5
0 // Lateral face
4 16 -6.5 0 8 -6.5 -.25 8 6.5 -.25 8 6.5 0 8
4 16 -6.5 0 -8 6.5 0 -8 6.5 -.25 -8 -6.5 -.25 -8
0 // Top face
0 // Red faces
4 4 -6.5 -.25 8 -8 -.25 6.5 -5.994 -.25 2.25 2.691 -.25 2.25
4 4 -6.5 -.25 8 2.691 -.25 2.25 3.231 -.25 2.25 6.5 -.25 8
4 4 6.5 -.25 8 3.231 -.25 2.25 5.994 -.25 2.25 8 -.25 6.5
3 4 -8 -.25 6.5 -5.994 -.25 -.6975 -5.994 -.25 2.25
4 4 -8 -.25 6.5 -8 -.25 -6.5 -5.994 -.25 -2.25 -5.994 -.25 -.6975
3 4 8 -.25 6.5 5.994 -.25 2.25 5.994 -.25 -.4725
4 4 8 -.25 6.5 5.994 -.25 -.4725 5.994 -.25 -1.0125 8 -.25 -6.5
3 4 8 -.25 -6.5 5.994 -.25 -1.0125 5.994 -.25 -2.25
4 4 8 -.25 -6.5 5.994 -.25 -2.25 4.131 -.25 -2.25 6.5 -.25 -8
4 4 -6.5 -.25 -8 -4.5315 -.25 -2.25 -5.994 -.25 -2.25 -8 -.25 -6.5
3 4 -6.5 -.25 -8 -1.944 -.25 -2.25 -4.5315 -.25 -2.25
3 4 -6.5 -.25 -8 -1.134 -.25 -2.25 -1.944 -.25 -2.25
4 4 -6.5 -.25 -8 6.5 -.25 -8 1.791 -.25 -2.25 -1.134 -.25 -2.25
3 4 6.5 -.25 -8 2.961 -.25 -2.25 1.791 -.25 -2.25
3 4 6.5 -.25 -8 4.131 -.25 -2.25 2.961 -.25 -2.25
