0 Sticker  1.8 x  1.8 with Screen with Car Detail in Pit on Black Background
0 Name: 6177973ad.dat
0 Author: Massimo Maso [Sirio]
0 !LDRAW_ORG Unofficial_Part
0 !LICENSE Licensed under CC BY 4.0 : see CAreadme.txt

0 BFC CERTIFY CCW

0 !KEYWORDS 2016, 44, 6, AMG, F1, Formula, Hamilton, Hybrid, Lewis, Mercedes
0 !KEYWORDS Nico, One, Petronas, Rosberg, Set 75883, Speed Champions, Team, Toto
0 !KEYWORDS W07, Wolff

0 // Textures
0 !TEXMAP START PLANAR -13.6 0 9.5 13.6 0 9.5 -13.6 0 -13.6 6177973ad.png
0 !: 4 15 -13.1 -.25 9.5 -13.6 -.25 9 -13.6 -.25 -13.1 -13.1 -.25 -13.6
0 !: 4 15 -13.1 -.25 9.5 -13.1 -.25 -13.6 13.1 -.25 -13.6 13.1 -.25 9.5
0 !: 4 15 13.1 -.25 9.5 13.1 -.25 -13.6 13.6 -.25 -13.1 13.6 -.25 9
0 !TEXMAP FALLBACK
4 15 -13.1 -.25 9.5 -13.6 -.25 9 -13.6 -.25 -13.1 -13.1 -.25 -13.6
4 15 -13.1 -.25 9.5 -13.1 -.25 -13.6 13.1 -.25 -13.6 13.1 -.25 9.5
4 15 13.1 -.25 9.5 13.1 -.25 -13.6 13.6 -.25 -13.1 13.6 -.25 9
0 !TEXMAP END
0 // Primitives
1 16 -16.5 0 16.5 -1.5 0 0 0 -1 0 0 0 1.5 1-4chrd.dat
1 16 16.5 0 16.5 1.5 0 0 0 -1 0 0 0 1.5 1-4chrd.dat
1 16 0 -.25 0 0 0 18 0 .25 0 16.5 0 0 box3u12.dat
1 16 -16.5 0 -16.5 -1.5 0 0 0 -1 0 0 0 -1.5 1-4chrd.dat
1 16 16.5 0 -16.5 1.5 0 0 0 -1 0 0 0 -1.5 1-4chrd.dat
1 16 -16.5 -.25 16.5 -1.5 0 0 0 .25 0 0 0 1.5 1-4cyli.dat
1 16 16.5 -.25 16.5 1.5 0 0 0 .25 0 0 0 1.5 1-4cyli.dat
1 16 -16.5 -.25 -16.5 -1.5 0 0 0 .25 0 0 0 -1.5 1-4cyli.dat
1 16 16.5 -.25 -16.5 1.5 0 0 0 .25 0 0 0 -1.5 1-4cyli.dat
1 72 -16.5 -.25 16.5 -1.5 0 0 0 1 0 0 0 1.5 1-4chrd.dat
1 72 16.5 -.25 16.5 1.5 0 0 0 1 0 0 0 1.5 1-4chrd.dat
1 72 -16.5 -.25 -16.5 -1.5 0 0 0 1 0 0 0 -1.5 1-4chrd.dat
1 72 16.5 -.25 -16.5 1.5 0 0 0 1 0 0 0 -1.5 1-4chrd.dat
1 72 -14 -.25 14 -.5 0 0 0 1 0 0 0 .5 1-4ndis.dat
1 0 -14 -.25 14 -.5 0 0 0 1 0 0 0 .5 1-4chrd.dat
1 72 14 -.25 14 .5 0 0 0 1 0 0 0 .5 1-4ndis.dat
1 0 14 -.25 14 .5 0 0 0 1 0 0 0 .5 1-4chrd.dat
1 0 -13.1 -.25 13.1 -.5 0 0 0 1 0 0 0 .5 1-4ndis.dat
1 15 -13.1 -.25 13.1 -.5 0 0 0 1 0 0 0 .5 1-4chrd.dat
1 0 13.1 -.25 13.1 .5 0 0 0 1 0 0 0 .5 1-4ndis.dat
1 15 13.1 -.25 13.1 .5 0 0 0 1 0 0 0 .5 1-4chrd.dat
1 15 -11.75 -.25 12.6 0 0 -.25 0 1 0 .25 0 0 2-4ndis.dat
1 0 -11.75 -.25 12.6 0 0 -.25 0 1 0 .25 0 0 2-4chrd.dat
1 0 -10.2 -.25 12.6 0 0 .25 0 1 0 .25 0 0 2-4chrd.dat
1 15 -10.2 -.25 12.6 0 0 .25 0 1 0 .25 0 0 2-4ndis.dat
1 15 -8.85 -.25 12.6 0 0 -.25 0 1 0 .25 0 0 2-4ndis.dat
1 0 -8.85 -.25 12.6 0 0 -.25 0 1 0 .25 0 0 2-4chrd.dat
1 0 -8.1 -.25 12.6 0 0 .25 0 1 0 .25 0 0 2-4chrd.dat
1 15 -8.1 -.25 12.6 0 0 .25 0 1 0 .25 0 0 2-4ndis.dat
1 15 -6.75 -.25 12.6 0 0 -.25 0 1 0 .25 0 0 2-4ndis.dat
1 0 -6.75 -.25 12.6 0 0 -.25 0 1 0 .25 0 0 2-4chrd.dat
1 0 -5.6 -.25 12.6 0 0 .25 0 1 0 .25 0 0 2-4chrd.dat
1 15 -5.6 -.25 12.6 0 0 .25 0 1 0 .25 0 0 2-4ndis.dat
1 15 -4.25 -.25 12.6 0 0 -.25 0 1 0 .25 0 0 2-4ndis.dat
1 0 -4.25 -.25 12.6 0 0 -.25 0 1 0 .25 0 0 2-4chrd.dat
1 0 -2.7 -.25 12.6 0 0 .25 0 1 0 .25 0 0 2-4chrd.dat
1 15 -2.7 -.25 12.6 0 0 .25 0 1 0 .25 0 0 2-4ndis.dat
1 15 -11.75 -.25 11.4 0 0 -.25 0 1 0 .25 0 0 2-4ndis.dat
1 0 -11.75 -.25 11.4 0 0 -.25 0 1 0 .25 0 0 2-4chrd.dat
1 0 -10.2 -.25 11.4 0 0 .25 0 1 0 .25 0 0 2-4chrd.dat
1 15 -10.2 -.25 11.4 0 0 .25 0 1 0 .25 0 0 2-4ndis.dat
1 15 -8.85 -.25 11.4 0 0 -.25 0 1 0 .25 0 0 2-4ndis.dat
1 0 -8.85 -.25 11.4 0 0 -.25 0 1 0 .25 0 0 2-4chrd.dat
1 0 -6.05 -.25 11.4 0 0 .25 0 1 0 .25 0 0 2-4chrd.dat
1 15 -6.05 -.25 11.4 0 0 .25 0 1 0 .25 0 0 2-4ndis.dat
1 15 -3.95 -.25 11.4 0 0 -.25 0 1 0 .25 0 0 2-4ndis.dat
1 0 -3.95 -.25 11.4 0 0 -.25 0 1 0 .25 0 0 2-4chrd.dat
1 0 -2.35 -.25 11.4 0 0 .25 0 1 0 .25 0 0 2-4chrd.dat
1 15 -2.35 -.25 11.4 0 0 .25 0 1 0 .25 0 0 2-4ndis.dat
1 15 -13.1 -.25 11.2 -.5 0 0 0 1 0 0 0 -.5 1-4chrd.dat
1 0 -13.1 -.25 11.2 -.5 0 0 0 1 0 0 0 -.5 1-4ndis.dat
1 15 13.1 -.25 11.2 .5 0 0 0 1 0 0 0 -.5 1-4chrd.dat
1 0 13.1 -.25 11.2 .5 0 0 0 1 0 0 0 -.5 1-4ndis.dat
1 0 -13.1 -.25 9 -.5 0 0 0 1 0 0 0 .5 1-4ndis.dat
1 15 -13.1 -.25 9 -.5 0 0 0 1 0 0 0 .5 1-4chrd.dat
1 0 13.1 -.25 9 .5 0 0 0 1 0 0 0 .5 1-4ndis.dat
1 15 13.1 -.25 9 .5 0 0 0 1 0 0 0 .5 1-4chrd.dat
1 15 -13.1 -.25 -13.1 -.5 0 0 0 1 0 0 0 -.5 1-4chrd.dat
1 0 -13.1 -.25 -13.1 -.5 0 0 0 1 0 0 0 -.5 1-4ndis.dat
1 15 13.1 -.25 -13.1 .5 0 0 0 1 0 0 0 -.5 1-4chrd.dat
1 0 13.1 -.25 -13.1 .5 0 0 0 1 0 0 0 -.5 1-4ndis.dat
1 0 -14 -.25 -14 -.5 0 0 0 1 0 0 0 -.5 1-4chrd.dat
1 72 -14 -.25 -14 -.5 0 0 0 1 0 0 0 -.5 1-4ndis.dat
1 0 14 -.25 -14 .5 0 0 0 1 0 0 0 -.5 1-4chrd.dat
1 72 14 -.25 -14 .5 0 0 0 1 0 0 0 -.5 1-4ndis.dat
0 // Bottom face
4 16 -16.5 0 18 16.5 0 18 18 0 16.5 -18 0 16.5
4 16 -16.5 0 -18 -18 0 -16.5 18 0 -16.5 16.5 0 -18
0 // Lateral face
4 16 -16.5 -.25 18 16.5 -.25 18 16.5 0 18 -16.5 0 18
4 16 16.5 0 -18 16.5 -.25 -18 -16.5 -.25 -18 -16.5 0 -18
0 // Top face
0 // Black faces
4 0 -11.75 -.25 12.85 -11.75 -.25 12.35 -10.2 -.25 12.35 -10.2 -.25 12.85
4 0 -8.85 -.25 12.85 -8.85 -.25 12.35 -8.1 -.25 12.35 -8.1 -.25 12.85
4 0 -6.75 -.25 12.85 -6.75 -.25 12.35 -5.6 -.25 12.35 -5.6 -.25 12.85
4 0 -4.25 -.25 12.85 -4.25 -.25 12.35 -2.7 -.25 12.35 -2.7 -.25 12.85
4 0 -11.75 -.25 11.65 -11.75 -.25 11.15 -10.2 -.25 11.15 -10.2 -.25 11.65
4 0 -8.85 -.25 11.65 -8.85 -.25 11.15 -6.05 -.25 11.15 -6.05 -.25 11.65
4 0 -3.95 -.25 11.65 -3.95 -.25 11.15 -2.35 -.25 11.15 -2.35 -.25 11.65
0 // Black frame
3 0 -14.5 -.25 14 -13.6 -.25 13.1 -13.6 -.25 13.6
3 0 -14.5 -.25 14 -13.6 -.25 11.2 -13.6 -.25 13.1
3 0 -14.5 -.25 14 -13.6 -.25 10.7 -13.6 -.25 11.2
3 0 -14.5 -.25 14 -13.6 -.25 9.5 -13.6 -.25 10.7
4 0 -14.5 -.25 14 -14.5 -.25 -14 -13.6 -.25 9 -13.6 -.25 9.5
4 0 -13.1 -.25 13.6 -14 -.25 14.5 -14.5 -.25 14 -13.6 -.25 13.6
4 0 -13.1 -.25 13.6 13.1 -.25 13.6 14 -.25 14.5 -14 -.25 14.5
4 0 13.1 -.25 13.6 13.6 -.25 13.6 14.5 -.25 14 14 -.25 14.5
4 0 -13.1 -.25 10.7 -13.6 -.25 10.7 -13.6 -.25 9.5 -13.1 -.25 9.5
4 0 -13.1 -.25 10.7 -13.1 -.25 9.5 13.1 -.25 9.5 13.1 -.25 10.7
4 0 13.1 -.25 10.7 13.1 -.25 9.5 13.6 -.25 9.5 13.6 -.25 10.7
4 0 -13.1 -.25 -13.6 -13.6 -.25 -13.6 -14.5 -.25 -14 -14 -.25 -14.5
4 0 -13.1 -.25 -13.6 -14 -.25 -14.5 14 -.25 -14.5 13.1 -.25 -13.6
4 0 13.1 -.25 -13.6 14 -.25 -14.5 14.5 -.25 -14 13.6 -.25 -13.6
3 0 14.5 -.25 14 13.6 -.25 13.6 13.6 -.25 13.1
3 0 14.5 -.25 14 13.6 -.25 13.1 13.6 -.25 11.2
3 0 14.5 -.25 14 13.6 -.25 11.2 13.6 -.25 10.7
3 0 14.5 -.25 14 13.6 -.25 10.7 13.6 -.25 9.5
4 0 14.5 -.25 14 13.6 -.25 9.5 13.6 -.25 9 14.5 -.25 -14
3 0 -14.5 -.25 -14 -13.6 -.25 -13.1 -13.6 -.25 9
3 0 -14.5 -.25 -14 -13.6 -.25 -13.6 -13.6 -.25 -13.1
3 0 14.5 -.25 -14 13.6 -.25 9 13.6 -.25 -13.1
3 0 14.5 -.25 -14 13.6 -.25 -13.1 13.6 -.25 -13.6
0 // Grey faces
4 72 -14 -.25 14.5 -16.5 -.25 18 -18 -.25 16.5 -14.5 -.25 14.5
4 72 -14 -.25 14.5 14 -.25 14.5 16.5 -.25 18 -16.5 -.25 18
4 72 14 -.25 14.5 14.5 -.25 14.5 18 -.25 16.5 16.5 -.25 18
3 72 -14.5 -.25 14 -14.5 -.25 14.5 -18 -.25 16.5
4 72 -14.5 -.25 14 -18 -.25 16.5 -18 -.25 -16.5 -14.5 -.25 -14
3 72 14.5 -.25 14 18 -.25 16.5 14.5 -.25 14.5
4 72 14.5 -.25 14 14.5 -.25 -14 18 -.25 -16.5 18 -.25 16.5
3 72 -14.5 -.25 -14 -18 -.25 -16.5 -14.5 -.25 -14.5
3 72 14.5 -.25 -14 14.5 -.25 -14.5 18 -.25 -16.5
4 72 -14 -.25 -14.5 -14.5 -.25 -14.5 -18 -.25 -16.5 -16.5 -.25 -18
4 72 -14 -.25 -14.5 -16.5 -.25 -18 16.5 -.25 -18 14 -.25 -14.5
4 72 14 -.25 -14.5 16.5 -.25 -18 18 -.25 -16.5 14.5 -.25 -14.5
0 // White faces

