0 Sticker  0.9 x  1.8 with Grey Indicators on White Background
0 Name: 6177970g.dat
0 Author: Massimo Maso [Sirio]
0 !LDRAW_ORG Unofficial_Part
0 !LICENSE Licensed under CC BY 4.0 : see CAreadme.txt

0 BFC CERTIFY CCW

0 !KEYWORDS Center, Development, Ferrari, FXXK, Set 75882, Speed Champions
0 !KEYWORDS Tunnel, Wind

0 !HISTORY 2024-03-23 [OrionP] Updated ring primitives


0 // Subparts
1 16 -8.05 -.25 2.275 1 0 0 0 1 0 0 0 1 s\6177970gs01.dat
1 16 -8.05 -.25 0 1 0 0 0 1 0 0 0 1 s\6177970gs01.dat
1 16 -8.05 -.25 -2.275 1 0 0 0 1 0 0 0 1 s\6177970gs01.dat
1 16 8.95 -.25 .45 1 0 0 0 1 0 0 0 1 s\6177970gs01.dat
1 16 11.4 -.25 .45 1 0 0 0 1 0 0 0 1 s\6177970gs01.dat
1 16 13.85 -.25 .45 1 0 0 0 1 0 0 0 1 s\6177970gs01.dat
1 16 8.95 -.25 -1.825 1 0 0 0 1 0 0 0 1 s\6177970gs01.dat
1 16 11.4 -.25 -1.825 1 0 0 0 1 0 0 0 1 s\6177970gs01.dat
1 16 13.85 -.25 -1.825 1 0 0 0 1 0 0 0 1 s\6177970gs01.dat
1 16 8.95 -.25 -4.1 1 0 0 0 1 0 0 0 1 s\6177970gs01.dat
1 16 11.4 -.25 -4.1 1 0 0 0 1 0 0 0 1 s\6177970gs01.dat
1 16 13.85 -.25 -4.1 1 0 0 0 1 0 0 0 1 s\6177970gs01.dat
1 16 -4.4 -.25 -4.35 1 0 0 0 1 0 0 0 1 s\6177970gs01.dat
1 16 -1.95 -.25 -4.35 1 0 0 0 1 0 0 0 1 s\6177970gs01.dat
1 16 .5 -.25 -4.35 1 0 0 0 1 0 0 0 1 s\6177970gs01.dat
1 16 -12.05 -.25 2.85 -1 0 0 0 1 0 0 0 -1 s\6177970gs02.dat
1 2 -12.05 -.25 2.85 1 0 0 0 1 0 0 0 1 s\6177970gs03.dat
1 16 -12.05 -.25 -2.95 1 0 0 0 1 0 0 0 1 s\6177970gs02.dat
1 4 -12.05 -.25 -2.95 1 0 0 0 1 0 0 0 1 s\6177970gs03.dat
1 16 -1.95 -.25 1.3 1 0 0 0 1 0 0 0 1 s\6177970gs04.dat
1 16 -1.95 -.25 1.3 0 0 1 0 1 0 1 0 0 s\6177970gs04.dat
1 16 -1.95 -.25 1.3 0 0 -1 0 1 0 1 0 0 s\6177970gs04.dat
1 16 -1.95 -.25 1.3 -1 0 0 0 1 0 0 0 1 s\6177970gs04.dat
1 16 -1.95 -.25 1.3 -1 0 0 0 1 0 0 0 -1 s\6177970gs04.dat
1 16 -1.95 -.25 1.3 0 0 -1 0 1 0 -1 0 0 s\6177970gs04.dat
0 // Primitives
1 16 -16.5 0 7.7731 -1.5 0 0 0 -1 0 0 0 1.5 1-4chrd.dat
1 16 16.5 0 7.7731 1.5 0 0 0 -1 0 0 0 1.5 1-4chrd.dat
1 16 0 -.25 0 16.5 0 0 0 .25 0 0 0 9.2731 box3u12.dat
1 16 -16.5 0 -7.7731 -1.5 0 0 0 -1 0 0 0 -1.5 1-4chrd.dat
1 16 16.5 0 -7.7731 1.5 0 0 0 -1 0 0 0 -1.5 1-4chrd.dat
1 16 -16.5 0 7.7731 -1.5 0 0 0 -.25 0 0 0 1.5 1-4cyli.dat
1 16 16.5 0 7.7731 1.5 0 0 0 -.25 0 0 0 1.5 1-4cyli.dat
1 16 -16.5 0 -7.7731 -1.5 0 0 0 -.25 0 0 0 -1.5 1-4cyli.dat
1 16 16.5 0 -7.7731 1.5 0 0 0 -.25 0 0 0 -1.5 1-4cyli.dat
1 15 -16.5 -.25 7.7731 -1.5 0 0 0 1 0 0 0 1.5 1-4chrd.dat
1 15 16.5 -.25 7.7731 1.5 0 0 0 1 0 0 0 1.5 1-4chrd.dat
1 15 -16.5 -.25 -7.7731 -1.5 0 0 0 1 0 0 0 -1.5 1-4chrd.dat
1 15 16.5 -.25 -7.7731 1.5 0 0 0 1 0 0 0 -1.5 1-4chrd.dat
1 15 -14.5 -.25 5.05 -2.2 0 0 0 1 0 0 0 2.2 1-4ndis.dat
1 0 -14.5 -.25 5.05 -.2 0 0 0 1 0 0 0 .2 1-4ring10.dat
1 0 -14.5 -.25 5.05 -.25 0 0 0 1 0 0 0 .25 1-4ring7.dat
1 0 -14.5 -.25 5.05 -.125 0 0 0 1 0 0 0 .125 1-4ring13.dat
1 0 -14.5 -.25 5.05 -.325 0 0 0 1 0 0 0 .325 1-4ring4.dat
1 71 -14.5 -.25 5.05 -1.3 0 0 0 1 0 0 0 1.3 1-4chrd.dat
1 15 1.7 -.25 5.05 2.2 0 0 0 1 0 0 0 2.2 1-4ndis.dat
1 0 1.7 -.25 5.05 .2 0 0 0 1 0 0 0 .2 1-4ring10.dat
1 0 1.7 -.25 5.05 .25 0 0 0 1 0 0 0 .25 1-4ring7.dat
1 0 1.7 -.25 5.05 .125 0 0 0 1 0 0 0 .125 1-4ring13.dat
1 0 1.7 -.25 5.05 .325 0 0 0 1 0 0 0 .325 1-4ring4.dat
1 71 1.7 -.25 5.05 1.3 0 0 0 1 0 0 0 1.3 1-4chrd.dat
1 71 -14.5 -.25 -5.05 -1.3 0 0 0 1 0 0 0 -1.3 1-4chrd.dat
1 0 -14.5 -.25 -5.05 -.325 0 0 0 1 0 0 0 -.325 1-4ring4.dat
1 0 -14.5 -.25 -5.05 -.125 0 0 0 1 0 0 0 -.125 1-4ring13.dat
1 0 -14.5 -.25 -5.05 -.25 0 0 0 1 0 0 0 -.25 1-4ring7.dat
1 0 -14.5 -.25 -5.05 -.2 0 0 0 1 0 0 0 -.2 1-4ring10.dat
1 15 -14.5 -.25 -5.05 -2.2 0 0 0 1 0 0 0 -2.2 1-4ndis.dat
1 71 1.7 -.25 -5.05 1.3 0 0 0 1 0 0 0 -1.3 1-4chrd.dat
1 0 1.7 -.25 -5.05 .325 0 0 0 1 0 0 0 -.325 1-4ring4.dat
1 0 1.7 -.25 -5.05 .125 0 0 0 1 0 0 0 -.125 1-4ring13.dat
1 0 1.7 -.25 -5.05 .25 0 0 0 1 0 0 0 -.25 1-4ring7.dat
1 0 1.7 -.25 -5.05 .2 0 0 0 1 0 0 0 -.2 1-4ring10.dat
1 15 1.7 -.25 -5.05 2.2 0 0 0 1 0 0 0 -2.2 1-4ndis.dat
1 15 8.3 -.25 5.05 -2.2 0 0 0 1 0 0 0 2.2 1-4ndis.dat
1 0 8.3 -.25 5.05 -.2 0 0 0 1 0 0 0 .2 1-4ring10.dat
1 0 8.3 -.25 5.05 -.25 0 0 0 1 0 0 0 .25 1-4ring7.dat
1 0 8.3 -.25 5.05 -.125 0 0 0 1 0 0 0 .125 1-4ring13.dat
1 0 8.3 -.25 5.05 -.325 0 0 0 1 0 0 0 .325 1-4ring4.dat
1 71 8.3 -.25 5.05 -1.3 0 0 0 1 0 0 0 1.3 1-4chrd.dat
1 15 14.5 -.25 5.05 2.2 0 0 0 1 0 0 0 2.2 1-4ndis.dat
1 0 14.5 -.25 5.05 .2 0 0 0 1 0 0 0 .2 1-4ring10.dat
1 0 14.5 -.25 5.05 .25 0 0 0 1 0 0 0 .25 1-4ring7.dat
1 0 14.5 -.25 5.05 .125 0 0 0 1 0 0 0 .125 1-4ring13.dat
1 0 14.5 -.25 5.05 .325 0 0 0 1 0 0 0 .325 1-4ring4.dat
1 71 14.5 -.25 5.05 1.3 0 0 0 1 0 0 0 1.3 1-4chrd.dat
1 0 8.8 -.25 4.725 -.275 0 0 0 1 0 0 0 .275 1-4ndis.dat
1 2 8.8 -.25 4.725 -.275 0 0 0 1 0 0 0 .275 1-4chrd.dat
1 0 14 -.25 4.725 .275 0 0 0 1 0 0 0 .275 1-4ndis.dat
1 2 14 -.25 4.725 .275 0 0 0 1 0 0 0 .275 1-4chrd.dat
1 2 9.7 -.25 3.6 .35 0 0 0 1 0 0 0 .35 4-4ndis.dat
1 15 9.7 -.25 3.6 .35 0 0 0 1 0 0 0 .35 4-4disc.dat
1 2 10.65 -.25 3.6 .35 0 0 0 1 0 0 0 .35 3-4ndis.dat
1 2 10.65 -.25 3.6 0 0 .35 0 1 0 -.35 0 0 1-8tndis.dat
1 2 10.65 -.25 3.6 .35 0 0 0 1 0 0 0 -.35 1-8tndis.dat
1 15 10.65 -.25 3.6 .35 0 0 0 1 0 0 0 .35 4-4disc.dat
1 2 11.9 -.25 3.6 -.35 0 0 0 1 0 0 0 .35 3-4ndis.dat
1 2 11.9 -.25 3.6 -.35 0 0 0 1 0 0 0 -.35 1-8tndis.dat
1 2 11.9 -.25 3.6 0 0 -.35 0 1 0 -.35 0 0 1-8tndis.dat
1 15 11.9 -.25 3.6 .35 0 0 0 1 0 0 0 .35 4-4disc.dat
1 2 13.4 -.25 3.6 .35 0 0 0 1 0 0 0 .35 4-4ndis.dat
1 15 13.4 -.25 3.6 .35 0 0 0 1 0 0 0 .35 4-4disc.dat
1 2 11.25 -.25 3.1 .35 0 0 0 1 0 0 0 .35 1-8tndis.dat
1 2 11.25 -.25 3.1 0 0 .35 0 1 0 .35 0 0 1-8tndis.dat
1 2 11.25 -.25 3.1 0 0 -.35 0 1 0 .35 0 0 1-8tndis.dat
1 2 11.25 -.25 3.1 -.35 0 0 0 1 0 0 0 .35 1-8tndis.dat
1 2 11.25 -.25 3.1 -.35 0 0 0 1 0 0 0 -.35 1-4ndis.dat
1 15 11.25 -.25 3.1 .35 0 0 0 1 0 0 0 .35 3-4chrd.dat
1 2 9.7 -.25 2.675 .35 0 0 0 1 0 0 0 .35 2-4ndis.dat
1 15 9.7 -.25 2.675 .35 0 0 0 1 0 0 0 .35 2-4chrd.dat
1 2 11.9 -.25 2.675 .35 0 0 0 1 0 0 0 .35 1-4ndis.dat
1 2 11.9 -.25 2.675 0 0 -.35 0 1 0 .35 0 0 1-8tndis.dat
1 15 11.9 -.25 2.675 .35 0 0 0 1 0 0 0 .35 3-8chrd.dat
1 2 13.4 -.25 2.675 .35 0 0 0 1 0 0 0 .35 2-4ndis.dat
1 15 13.4 -.25 2.675 .35 0 0 0 1 0 0 0 .35 2-4chrd.dat
1 2 8.8 -.25 2.95 -.275 0 0 0 1 0 0 0 -.275 1-4chrd.dat
1 0 8.8 -.25 2.95 -.275 0 0 0 1 0 0 0 -.275 1-4ndis.dat
1 2 14 -.25 2.95 .275 0 0 0 1 0 0 0 -.275 1-4chrd.dat
1 0 14 -.25 2.95 .275 0 0 0 1 0 0 0 -.275 1-4ndis.dat
1 71 -1.95 -.25 1.3 3.85 0 0 0 1 0 0 0 3.85 4-4ndis.dat
1 15 -1.95 -.25 1.3 .85 0 0 0 1 0 0 0 -.85 1-16tndis.dat
1 15 -1.95 -.25 1.3 0 0 .85 0 1 0 -.85 0 0 1-16tndis.dat
1 71 8.3 -.25 -5.05 -1.3 0 0 0 1 0 0 0 -1.3 1-4chrd.dat
1 0 8.3 -.25 -5.05 -.325 0 0 0 1 0 0 0 -.325 1-4ring4.dat
1 0 8.3 -.25 -5.05 -.125 0 0 0 1 0 0 0 -.125 1-4ring13.dat
1 0 8.3 -.25 -5.05 -.25 0 0 0 1 0 0 0 -.25 1-4ring7.dat
1 0 8.3 -.25 -5.05 -.2 0 0 0 1 0 0 0 -.2 1-4ring10.dat
1 15 8.3 -.25 -5.05 -2.2 0 0 0 1 0 0 0 -2.2 1-4ndis.dat
1 71 14.5 -.25 -5.05 1.3 0 0 0 1 0 0 0 -1.3 1-4chrd.dat
1 0 14.5 -.25 -5.05 .325 0 0 0 1 0 0 0 -.325 1-4ring4.dat
1 0 14.5 -.25 -5.05 .125 0 0 0 1 0 0 0 -.125 1-4ring13.dat
1 0 14.5 -.25 -5.05 .25 0 0 0 1 0 0 0 -.25 1-4ring7.dat
1 0 14.5 -.25 -5.05 .2 0 0 0 1 0 0 0 -.2 1-4ring10.dat
1 15 14.5 -.25 -5.05 2.2 0 0 0 1 0 0 0 -2.2 1-4ndis.dat
1 0 -1.95 -.25 1.3 3.85 0 0 0 1 0 0 0 -3.85 1-4ering.dat
1 0 1 -.25 1.3 -.25 0 0 0 1 0 0 0 -.25 1-4chrd.dat
1 15 1 -.25 1.3 -.25 0 0 0 1 0 0 0 -.25 1-4ndis.dat
1 15 .794 -.25 .1634 0 0 .16 0 1 0 .16 0 0 1-16ndis.dat
1 0 .794 -.25 .1634 0 0 .16 0 1 0 .16 0 0 1-16chrd.dat
1 15 .794 -.25 .1634 -.16 0 0 0 1 0 0 0 .16 1-4ndis.dat
1 0 .794 -.25 .1634 -.16 0 0 0 1 0 0 0 .16 1-4chrd.dat
1 0 .794 -.25 .1634 -.16 0 0 0 1 0 0 0 -.16 3-16chrd.dat
1 15 .794 -.25 .1634 -.16 0 0 0 1 0 0 0 -.16 3-16ndis.dat
1 15 .1359 -.25 -.7859 0 0 -.25 0 1 0 .25 0 0 1-8tndis.dat
1 0 .1359 -.25 -.7859 0 0 -.25 0 1 0 .25 0 0 1-8chrd.dat
1 15 .1359 -.25 -.7859 0 0 .25 0 1 0 .25 0 0 1-8ndis.dat
1 0 .1359 -.25 -.7859 0 0 .25 0 1 0 .25 0 0 1-8chrd.dat
1 0 .1359 -.25 -.7859 -.25 0 0 0 1 0 0 0 -.25 1-8chrd.dat
1 15 .1359 -.25 -.7859 -.25 0 0 0 1 0 0 0 -.25 1-8ndis.dat
1 15 -.8134 -.25 -1.444 -.16 0 0 0 1 0 0 0 .16 1-4ndis.dat
1 0 -.8134 -.25 -1.444 -.16 0 0 0 1 0 0 0 .16 1-4chrd.dat
1 15 -.8134 -.25 -1.444 0 0 .16 0 1 0 .16 0 0 3-16ndis.dat
1 0 -.8134 -.25 -1.444 0 0 .16 0 1 0 .16 0 0 3-16chrd.dat
1 0 -.8134 -.25 -1.444 -.16 0 0 0 1 0 0 0 -.16 1-16chrd.dat
1 15 -.8134 -.25 -1.444 -.16 0 0 0 1 0 0 0 -.16 1-16tndis.dat
1 15 -1.95 -.25 -1.65 .25 0 0 0 1 0 0 0 .25 1-4ndis.dat
1 0 -1.95 -.25 -1.65 .25 0 0 0 1 0 0 0 .25 1-4chrd.dat
1 15 -.25 -.25 -.55 .15 0 0 0 1 0 0 0 .15 1-8ndis.dat
1 4 -.25 -.25 -.55 .15 0 0 0 1 0 0 0 .15 1-8chrd.dat
1 4 -.25 -.25 -.55 0 0 -.15 0 1 0 -.15 0 0 1-8chrd.dat
1 15 -.25 -.25 -.55 0 0 -.15 0 1 0 -.15 0 0 1-8ndis.dat
1 4 -.25 -.25 -.55 0 0 .15 0 1 0 -.15 0 0 1-8chrd.dat
1 15 -.25 -.25 -.55 0 0 .15 0 1 0 -.15 0 0 1-8tndis.dat
0 // Bottom faces
4 16 -16.5 0 9.2731 -16.5 0 -9.2731 -18 0 -7.7731 -18 0 7.7731
4 16 16.5 0 9.2731 18 0 7.7731 18 0 -7.7731 16.5 0 -9.2731
0 // Lateral faces
4 16 -18 0 7.7731 -18 0 -7.7731 -18 -.25 -7.7731 -18 -.25 7.7731
4 16 18 0 7.7731 18 -.25 7.7731 18 -.25 -7.7731 18 0 -7.7731
0 // Top faces
0 // White background
3 15 -16.5 -.25 9.2731 -14.5 -.25 7.25 1.7 -.25 7.25
3 15 -16.5 -.25 9.2731 1.7 -.25 7.25 3.9 -.25 7.25
4 15 -16.5 -.25 9.2731 3.9 -.25 7.25 6.1 -.25 7.25 16.5 -.25 9.2731
3 15 16.5 -.25 9.2731 6.1 -.25 7.25 8.3 -.25 7.25
3 15 16.5 -.25 9.2731 8.3 -.25 7.25 14.5 -.25 7.25
4 15 -18 -.25 7.7731 -16.7 -.25 7.25 -14.5 -.25 7.25 -16.5 -.25 9.2731
3 15 -18 -.25 7.7731 -16.7 -.25 5.05 -16.7 -.25 7.25
4 15 -18 -.25 -7.7731 -16.7 -.25 -5.05 -16.7 -.25 5.05 -18 -.25 7.7731
4 15 18 -.25 7.7731 16.5 -.25 9.2731 14.5 -.25 7.25 16.7 -.25 7.25
3 15 18 -.25 7.7731 16.7 -.25 7.25 16.7 -.25 5.05
4 15 18 -.25 7.7731 16.7 -.25 5.05 16.7 -.25 -5.05 18 -.25 -7.7731
4 15 3.9 -.25 5.05 6.1 -.25 5.05 6.1 -.25 7.25 3.9 -.25 7.25
4 15 3.9 -.25 5.05 3.9 -.25 -5.05 6.1 -.25 -5.05 6.1 -.25 5.05
4 15 3.9 -.25 -5.05 3.9 -.25 -7.25 6.1 -.25 -7.25 6.1 -.25 -5.05
3 15 -18 -.25 -7.7731 -16.7 -.25 -7.25 -16.7 -.25 -5.05
4 15 -18 -.25 -7.7731 -16.5 -.25 -9.2731 -14.5 -.25 -7.25 -16.7 -.25 -7.25
3 15 18 -.25 -7.7731 16.7 -.25 -5.05 16.7 -.25 -7.25
4 15 18 -.25 -7.7731 16.7 -.25 -7.25 14.5 -.25 -7.25 16.5 -.25 -9.2731
3 15 -16.5 -.25 -9.2731 1.7 -.25 -7.25 -14.5 -.25 -7.25
3 15 -16.5 -.25 -9.2731 3.9 -.25 -7.25 1.7 -.25 -7.25
4 15 -16.5 -.25 -9.2731 16.5 -.25 -9.2731 6.1 -.25 -7.25 3.9 -.25 -7.25
3 15 16.5 -.25 -9.2731 14.5 -.25 -7.25 8.3 -.25 -7.25
3 15 16.5 -.25 -9.2731 8.3 -.25 -7.25 6.1 -.25 -7.25
0 // Left frame
0 // Black outer border
4 0 -14.5 -.25 7.05 1.7 -.25 7.05 1.7 -.25 7.25 -14.5 -.25 7.25
4 0 -14.5 -.25 7.05 -14.5 -.25 6.8 1.7 -.25 6.8 1.7 -.25 7.05
4 0 -14.5 -.25 6.675 1.7 -.25 6.675 1.7 -.25 6.8 -14.5 -.25 6.8
4 0 -14.5 -.25 6.675 -14.5 -.25 6.35 1.7 -.25 6.35 1.7 -.25 6.675
4 0 -16.5 -.25 5.05 -16.7 -.25 5.05 -16.7 -.25 -5.05 -16.5 -.25 -5.05
4 0 -16.5 -.25 5.05 -16.5 -.25 -5.05 -16.25 -.25 -5.05 -16.25 -.25 5.05
4 0 -16.125 -.25 5.05 -16.25 -.25 5.05 -16.25 -.25 -5.05 -16.125 -.25 -5.05
4 0 -16.125 -.25 5.05 -16.125 -.25 -5.05 -15.8 -.25 -5.05 -15.8 -.25 5.05
4 0 3.325 -.25 5.05 3 -.25 5.05 3 -.25 -5.05 3.325 -.25 -5.05
4 0 3.325 -.25 5.05 3.325 -.25 -5.05 3.45 -.25 -5.05 3.45 -.25 5.05
4 0 3.7 -.25 5.05 3.45 -.25 5.05 3.45 -.25 -5.05 3.7 -.25 -5.05
4 0 3.7 -.25 5.05 3.7 -.25 -5.05 3.9 -.25 -5.05 3.9 -.25 5.05
4 0 -14.5 -.25 -6.675 1.7 -.25 -6.675 1.7 -.25 -6.35 -14.5 -.25 -6.35
4 0 -14.5 -.25 -6.675 -14.5 -.25 -6.8 1.7 -.25 -6.8 1.7 -.25 -6.675
4 0 -14.5 -.25 -7.05 1.7 -.25 -7.05 1.7 -.25 -6.8 -14.5 -.25 -6.8
4 0 -14.5 -.25 -7.05 -14.5 -.25 -7.25 1.7 -.25 -7.25 1.7 -.25 -7.05
0 // Black ring
4 0 1.9 -.25 1.3 .75 -.25 1.3 1 -.25 1.05 1.2835 -.25 1.05
3 0 1.9 -.25 1.3 1.2835 -.25 1.05 1.27205 -.25 .875875
4 0 1.9 -.25 1.3 1.27205 -.25 .875875 1.189175 -.25 .4589 1.607015 -.25 -.173395
3 0 1.607015 -.25 -.173395 1.189175 -.25 .4589 1.104164 -.25 .208116
4 0 1.607015 -.25 -.173395 1.104164 -.25 .208116 .855232 -.25 .311224 .794 -.25 .3234
3 0 1.607015 -.25 -.173395 .794 -.25 .3234 .634 -.25 .1634
4 0 1.607015 -.25 -.173395 .634 -.25 .1634 .732768 -.25 .015576 .981712 -.25 -.087538
3 0 1.607015 -.25 -.173395 .981712 -.25 -.087538 .8645 -.25 -.325
4 0 1.607015 -.25 -.173395 .8645 -.25 -.325 .62855 -.25 -.6786 .772335 -.25 -1.422335
3 0 .772335 -.25 -1.422335 .62855 -.25 -.6786 .5134 -.25 -.8098
4 0 .772335 -.25 -1.422335 .5134 -.25 -.8098 .312675 -.25 -.609125 .1359 -.25 -.5359
4 0 .772335 -.25 -1.422335 .1359 -.25 -.5359 -.040875 -.25 -.609125 -.0625 -.25 -.6337
4 0 .772335 -.25 -1.422335 -.0625 -.25 -.6337 -.0806 -.25 -.6609 -.0951 -.25 -.6902
3 0 .772335 -.25 -1.422335 -.0951 -.25 -.6902 -.1056 -.25 -.7212
4 0 .772335 -.25 -1.422335 -.1056 -.25 -.7212 -.112 -.25 -.7533 -.1141 -.25 -.7859
4 0 .772335 -.25 -1.422335 -.1141 -.25 -.7859 -.040875 -.25 -.962675 .1598 -.25 -1.1634
3 0 .772335 -.25 -1.422335 .1598 -.25 -1.1634 .0286 -.25 -1.27855
4 0 .772335 -.25 -1.422335 .0286 -.25 -1.27855 -.325 -.25 -1.5145 -.476605 -.25 -2.257015
3 0 -.476605 -.25 -2.257015 -.325 -.25 -1.5145 -.562462 -.25 -1.631712
4 0 -.476605 -.25 -2.257015 -.562462 -.25 -1.631712 -.665576 -.25 -1.382768 -.8134 -.25 -1.284
3 0 -.476605 -.25 -2.257015 -.8134 -.25 -1.284 -.9734 -.25 -1.444
4 0 -.476605 -.25 -2.257015 -.9734 -.25 -1.444 -.961224 -.25 -1.505232 -.858116 -.25 -1.754164
3 0 -.476605 -.25 -2.257015 -.858116 -.25 -1.754164 -1.1089 -.25 -1.839175
4 0 -.476605 -.25 -2.257015 -1.1089 -.25 -1.839175 -1.525875 -.25 -1.92205 -1.95 -.25 -2.55
3 0 -1.95 -.25 -2.55 -1.525875 -.25 -1.92205 -1.7 -.25 -1.9335
4 0 -1.95 -.25 -2.55 -1.7 -.25 -1.9335 -1.7 -.25 -1.65 -1.95 -.25 -1.4
0 // Grey faces
3 71 -14.5 -.25 6.35 -15.8 -.25 5.05 -14.65 -.25 5.45
3 71 -14.5 -.25 6.35 -14.65 -.25 5.45 -14.35 -.25 5.45
3 71 -14.5 -.25 6.35 -14.35 -.25 5.45 -14.05 -.25 5.45
4 71 -14.5 -.25 6.35 -14.05 -.25 5.45 -9.8 -.25 5.1 -5.8 -.25 5.15
4 71 -14.5 -.25 6.35 -5.8 -.25 5.15 -1.95 -.25 5.15 1.7 -.25 6.35
3 71 1.7 -.25 6.35 -1.95 -.25 5.15 1.9 -.25 5.15
3 71 1.7 -.25 6.35 1.9 -.25 5.15 3 -.25 5.05
3 71 -15.8 -.25 5.05 -14.65 -.25 5.15 -14.65 -.25 5.45
3 71 -15.8 -.25 5.05 -14.65 -.25 4.85 -14.65 -.25 5.15
3 71 -15.8 -.25 5.05 -14.3 -.25 .6 -14.65 -.25 4.85
4 71 -15.8 -.25 5.05 -15.8 -.25 -5.05 -14.3 -.25 -.7 -14.3 -.25 .6
3 71 3 -.25 5.05 1.9 -.25 5.15 1.9 -.25 1.3
4 71 3 -.25 5.05 1.9 -.25 1.3 1.9 -.25 -2.55 3 -.25 -5.05
4 71 -5.8 -.25 5.15 -9.8 -.25 5.1 -9 -.25 3.075 -7.1 -.25 3.075
4 71 -5.8 -.25 5.15 -7.1 -.25 3.075 -7.1 -.25 1.475 -5.8 -.25 1.3
4 71 -9 -.25 1.475 -9 -.25 3.075 -9.8 -.25 5.1 -9.8 -.25 2.85
4 71 -9 -.25 1.475 -9.8 -.25 2.85 -9.8 -.25 .6 -9 -.25 .8
4 71 -9 -.25 1.475 -9 -.25 .8 -7.1 -.25 .8 -7.1 -.25 1.475
4 71 -12.05 -.25 .6 -14.3 -.25 .6 -14.3 -.25 -.7 -12.05 -.25 -.7
4 71 -12.05 -.25 .6 -12.05 -.25 -.7 -9.8 -.25 -.7 -9.8 -.25 .6
4 71 -9 -.25 -.8 -9 -.25 .8 -9.8 -.25 .6 -9.8 -.25 -.7
4 71 -9 -.25 -.8 -9.8 -.25 -.7 -9.45 -.25 -4.95 -9 -.25 -1.475
4 71 -9 -.25 -.8 -9 -.25 -1.475 -7.1 -.25 -1.475 -7.1 -.25 -.8
4 71 -5.8 -.25 -2.55 -5.8 -.25 1.3 -7.1 -.25 1.475 -7.1 -.25 .8
3 71 -5.8 -.25 -2.55 -7.1 -.25 .8 -7.1 -.25 -.8
3 71 -5.8 -.25 -2.55 -7.1 -.25 -.8 -7.1 -.25 -1.475
4 71 -5.8 -.25 -2.55 -7.1 -.25 -1.475 -7.1 -.25 -3.075 -5.35 -.25 -3.55
4 71 -5.8 -.25 -2.55 -5.35 -.25 -3.55 -3.45 -.25 -3.55 -1.95 -.25 -2.55
3 71 -1.95 -.25 -2.55 -3.45 -.25 -3.55 -2.9 -.25 -3.55
3 71 -1.95 -.25 -2.55 -2.9 -.25 -3.55 -1 -.25 -3.55
3 71 -1.95 -.25 -2.55 -1 -.25 -3.55 -.45 -.25 -3.55
4 71 -1.95 -.25 -2.55 -.45 -.25 -3.55 1.45 -.25 -3.55 1.9 -.25 -2.55
3 71 -15.8 -.25 -5.05 -14.3 -.25 -2.95 -14.3 -.25 -.7
4 71 -15.8 -.25 -5.05 -14.5 -.25 -6.35 -14.3 -.25 -5.2 -14.3 -.25 -2.95
4 71 -5.35 -.25 -5.15 -5.35 -.25 -3.55 -7.1 -.25 -3.075 -9.45 -.25 -5.55
4 71 -3.45 -.25 -5.15 -2.9 -.25 -5.15 -2.9 -.25 -3.55 -3.45 -.25 -3.55
4 71 -1 -.25 -5.15 -.45 -.25 -5.15 -.45 -.25 -3.55 -1 -.25 -3.55
4 71 1.45 -.25 -5.15 3 -.25 -5.05 1.9 -.25 -2.55 1.45 -.25 -3.55
4 71 -9.45 -.25 -5.25 -9 -.25 -3.075 -9 -.25 -1.475 -9.45 -.25 -4.95
4 71 -9.45 -.25 -5.25 -9.45 -.25 -5.55 -7.1 -.25 -3.075 -9 -.25 -3.075
3 71 -14.5 -.25 -6.35 -10.05 -.25 -5.55 -14.3 -.25 -5.2
3 71 -14.5 -.25 -6.35 -9.75 -.25 -5.55 -10.05 -.25 -5.55
3 71 -14.5 -.25 -6.35 -9.45 -.25 -5.55 -9.75 -.25 -5.55
4 71 -14.5 -.25 -6.35 1.7 -.25 -6.35 -5.35 -.25 -5.15 -9.45 -.25 -5.55
3 71 1.7 -.25 -6.35 3 -.25 -5.05 1.45 -.25 -5.15
3 71 1.7 -.25 -6.35 1.45 -.25 -5.15 -.45 -.25 -5.15
3 71 1.7 -.25 -6.35 -.45 -.25 -5.15 -1 -.25 -5.15
3 71 1.7 -.25 -6.35 -1 -.25 -5.15 -2.9 -.25 -5.15
3 71 1.7 -.25 -6.35 -2.9 -.25 -5.15 -3.45 -.25 -5.15
3 71 1.7 -.25 -6.35 -3.45 -.25 -5.15 -5.35 -.25 -5.15
0 // Red faces
4 4 -1.2139 -.25 .875 -1.164685 -.25 .974705 -1.1 -.25 1.3 -1.95 -.25 1.3
4 4 -1.2139 -.25 .875 -1.95 -.25 1.3 -1.95 -.25 .45 -1.624705 -.25 .514685
4 4 -1.2139 -.25 .875 -1.624705 -.25 .514685 -.356065 -.25 -.656065 -.143935 -.25 -.443935
4 4 -.356065 -.25 -.656065 -.1013 -.25 -.5696 -.1 -.25 -.55 -.143935 -.25 -.443935
4 4 -.356065 -.25 -.656065 -.1114 -.25 -.6074 -.1051 -.25 -.5888 -.1013 -.25 -.5696
4 4 -.356065 -.25 -.656065 -.131 -.25 -.6413 -.1201 -.25 -.625 -.1114 -.25 -.6074
4 4 -.356065 -.25 -.656065 -.25 -.25 -.7 -.143935 -.25 -.656065 -.131 -.25 -.6413
0 // White disc
4 15 1 -.25 1.05 .75 -.25 1.05 .794 -.25 .3234 .954 -.25 .3234
4 15 1 -.25 1.05 .954 -.25 .3234 1.104164 -.25 .208116 1.189175 -.25 .4589
4 15 1 -.25 1.05 1.189175 -.25 .4589 1.27205 -.25 .875875 1.2835 -.25 1.05
4 15 -1.164685 -.25 .974705 -1.2139 -.25 .875 -.143935 -.25 -.443935 -.1 -.25 -.4
4 15 -1.1 -.25 .974705 .75 -.25 1.05 .75 -.25 1.3 -1.1 -.25 1.3
4 15 -1.1 -.25 .974705 .634 -.25 .3234 .794 -.25 .3234 .75 -.25 1.05
4 15 -1.1 -.25 .974705 -1.164685 -.25 .974705 -.1 -.25 -.4 .634 -.25 .3234
4 15 -1.624705 -.25 .45 -.4 -.25 -.7 -.356065 -.25 -.656065 -1.624705 -.25 .514685
4 15 -1.624705 -.25 .45 -.8134 -.25 -1.284 -.6534 -.25 -1.284 -.4 -.25 -.7
3 15 -1.624705 -.25 .45 -.9734 -.25 -1.284 -.8134 -.25 -1.284
4 15 -1.624705 -.25 .45 -1.7 -.25 -1.4 -.9734 -.25 -1.444 -.9734 -.25 -1.284
4 15 -1.624705 -.25 .45 -1.95 -.25 .45 -1.95 -.25 -1.4 -1.7 -.25 -1.4
3 15 .954 -.25 .3234 .855232 -.25 .311224 1.104164 -.25 .208116
4 15 .634 -.25 .0034 .634 -.25 .1634 -.040875 -.25 -.5359 .1359 -.25 -.5359
3 15 .634 -.25 .0034 .1359 -.25 -.5359 .3859 -.25 -.5359
4 15 .634 -.25 .0034 .3859 -.25 -.5359 .62855 -.25 -.6786 .8645 -.25 -.325
4 15 .634 -.25 .0034 .8645 -.25 -.325 .981712 -.25 -.087538 .732768 -.25 .015576
4 15 -.040875 -.25 -.5359 .634 -.25 .1634 .634 -.25 .3234 -.1 -.25 -.4
3 15 -.040875 -.25 -.5359 -.1 -.25 -.4 -.1 -.25 -.55
4 15 -.040875 -.25 -.5359 -.1 -.25 -.55 -.1013 -.25 -.5696 -.040875 -.25 -.609125
4 15 .3859 -.25 -.5359 .312675 -.25 -.609125 .5134 -.25 -.8098 .62855 -.25 -.6786
4 15 -.0625 -.25 -.6337 -.040875 -.25 -.609125 -.1013 -.25 -.5696 -.1051 -.25 -.5888
4 15 -.0625 -.25 -.6337 -.1051 -.25 -.5888 -.1114 -.25 -.6074 -.0806 -.25 -.6609
4 15 -.0951 -.25 -.6902 -.0806 -.25 -.6609 -.1114 -.25 -.6074 -.1201 -.25 -.625
4 15 -.0951 -.25 -.6902 -.1201 -.25 -.625 -.131 -.25 -.6413 -.1056 -.25 -.7212
4 15 -.112 -.25 -.7533 -.1056 -.25 -.7212 -.131 -.25 -.6413 -.143935 -.25 -.656065
4 15 -.112 -.25 -.7533 -.143935 -.25 -.656065 -.143935 -.25 -.7 -.1141 -.25 -.7859
4 15 -.1141 -.25 -1.0359 -.1141 -.25 -.7859 -.143935 -.25 -.7 -.25 -.25 -.7
4 15 -.1141 -.25 -1.0359 -.25 -.25 -.7 -.4 -.25 -.7 -.6534 -.25 -1.284
4 15 -.1141 -.25 -1.0359 -.6534 -.25 -1.284 -.665576 -.25 -1.382768 -.562462 -.25 -1.631712
4 15 -.1141 -.25 -1.0359 -.562462 -.25 -1.631712 -.325 -.25 -1.5145 .0286 -.25 -1.27855
4 15 -.1141 -.25 -1.0359 .0286 -.25 -1.27855 .1598 -.25 -1.1634 -.040875 -.25 -.962675
3 15 -.9734 -.25 -1.505232 -.9734 -.25 -1.444 -1.7 -.25 -1.4
4 15 -.9734 -.25 -1.505232 -1.7 -.25 -1.4 -1.7 -.25 -1.65 -1.1089 -.25 -1.839175
4 15 -.9734 -.25 -1.505232 -1.1089 -.25 -1.839175 -.858116 -.25 -1.754164 -.961224 -.25 -1.505232
4 15 -1.7 -.25 -1.65 -1.7 -.25 -1.9335 -1.525875 -.25 -1.92205 -1.1089 -.25 -1.839175
0 // Right frame
0 // Black outer border
4 0 8.3 -.25 7.05 14.5 -.25 7.05 14.5 -.25 7.25 8.3 -.25 7.25
4 0 8.3 -.25 7.05 8.3 -.25 6.8 14.5 -.25 6.8 14.5 -.25 7.05
4 0 8.3 -.25 6.675 14.5 -.25 6.675 14.5 -.25 6.8 8.3 -.25 6.8
4 0 8.3 -.25 6.675 8.3 -.25 6.35 14.5 -.25 6.35 14.5 -.25 6.675
4 0 6.3 -.25 5.05 6.1 -.25 5.05 6.1 -.25 -5.05 6.3 -.25 -5.05
4 0 6.3 -.25 5.05 6.3 -.25 -5.05 6.55 -.25 -5.05 6.55 -.25 5.05
4 0 6.675 -.25 5.05 6.55 -.25 5.05 6.55 -.25 -5.05 6.675 -.25 -5.05
4 0 6.675 -.25 5.05 6.675 -.25 -5.05 7 -.25 -5.05 7 -.25 5.05
4 0 16.125 -.25 5.05 15.8 -.25 5.05 15.8 -.25 -5.05 16.125 -.25 -5.05
4 0 16.125 -.25 5.05 16.125 -.25 -5.05 16.25 -.25 -5.05 16.25 -.25 5.05
4 0 16.5 -.25 5.05 16.25 -.25 5.05 16.25 -.25 -5.05 16.5 -.25 -5.05
4 0 16.5 -.25 5.05 16.5 -.25 -5.05 16.7 -.25 -5.05 16.7 -.25 5.05
4 0 8.3 -.25 -6.675 14.5 -.25 -6.675 14.5 -.25 -6.35 8.3 -.25 -6.35
4 0 8.3 -.25 -6.675 8.3 -.25 -6.8 14.5 -.25 -6.8 14.5 -.25 -6.675
4 0 8.3 -.25 -7.05 14.5 -.25 -7.05 14.5 -.25 -6.8 8.3 -.25 -6.8
4 0 8.3 -.25 -7.05 8.3 -.25 -7.25 14.5 -.25 -7.25 14.5 -.25 -7.05
0 // Black inner border
4 0 7.85 -.25 5.675 7.85 -.25 2 8.525 -.25 2.95 8.525 -.25 4.425
3 0 7.85 -.25 5.675 8.525 -.25 4.425 8.525 -.25 4.725
3 0 7.85 -.25 5.675 8.525 -.25 4.725 8.525 -.25 5
3 0 7.85 -.25 5.675 8.525 -.25 5 8.8 -.25 5
4 0 7.85 -.25 5.675 8.8 -.25 5 14 -.25 5 14.95 -.25 5.675
3 0 14.95 -.25 5.675 14 -.25 5 14.275 -.25 5
3 0 14.95 -.25 5.675 14.275 -.25 5 14.275 -.25 4.725
3 0 14.95 -.25 5.675 14.275 -.25 4.725 14.275 -.25 4.425
4 0 14.95 -.25 5.675 14.275 -.25 4.425 14.275 -.25 2.95 14.95 -.25 2
3 0 7.85 -.25 2 8.525 -.25 2.675 8.525 -.25 2.95
3 0 7.85 -.25 2 8.8 -.25 2.675 8.525 -.25 2.675
3 0 7.85 -.25 2 9.35 -.25 2.675 8.8 -.25 2.675
3 0 7.85 -.25 2 10.05 -.25 2.675 9.35 -.25 2.675
3 0 7.85 -.25 2 11.55 -.25 2.675 10.05 -.25 2.675
4 0 7.85 -.25 2 14.95 -.25 2 12.25 -.25 2.675 11.55 -.25 2.675
3 0 14.95 -.25 2 14.275 -.25 2.95 14.275 -.25 2.675
3 0 14.95 -.25 2 14.275 -.25 2.675 14 -.25 2.675
3 0 14.95 -.25 2 14 -.25 2.675 13.75 -.25 2.675
3 0 14.95 -.25 2 13.75 -.25 2.675 13.05 -.25 2.675
3 0 14.95 -.25 2 13.05 -.25 2.675 12.25 -.25 2.675
0 // Green faces
4 2 8.525 -.25 4.725 14.275 -.25 4.725 14 -.25 5 8.8 -.25 5
4 2 8.525 -.25 4.425 8.525 -.25 2.95 9.35 -.25 3.25 9.35 -.25 3.6
3 2 8.525 -.25 4.425 9.35 -.25 3.6 9.35 -.25 3.95
3 2 8.525 -.25 4.425 9.35 -.25 3.95 9.7 -.25 3.95
3 2 8.525 -.25 4.425 9.7 -.25 3.95 10.05 -.25 3.95
3 2 8.525 -.25 4.425 10.05 -.25 3.95 10.3 -.25 3.95
3 2 8.525 -.25 4.425 10.3 -.25 3.95 10.65 -.25 3.95
3 2 8.525 -.25 4.425 10.65 -.25 3.95 11 -.25 3.95
3 2 8.525 -.25 4.425 11 -.25 3.95 11.55 -.25 3.95
4 2 8.525 -.25 4.425 11.55 -.25 3.95 11.9 -.25 3.95 14.275 -.25 4.425
3 2 14.275 -.25 4.425 11.9 -.25 3.95 12.25 -.25 3.95
3 2 14.275 -.25 4.425 12.25 -.25 3.95 13.05 -.25 3.95
3 2 14.275 -.25 4.425 13.05 -.25 3.95 13.4 -.25 3.95
3 2 14.275 -.25 4.425 13.4 -.25 3.95 13.75 -.25 3.95
3 2 14.275 -.25 4.425 13.75 -.25 3.95 13.75 -.25 3.6
4 2 14.275 -.25 4.425 13.75 -.25 3.6 13.75 -.25 3.25 14.275 -.25 2.95
4 2 10.05 -.25 3.6 10.3 -.25 3.6 10.3 -.25 3.95 10.05 -.25 3.95
4 2 10.05 -.25 3.6 10.05 -.25 3.25 10.3 -.25 3.25 10.3 -.25 3.6
4 2 12.25 -.25 3.6 13.05 -.25 3.6 13.05 -.25 3.95 12.25 -.25 3.95
4 2 12.25 -.25 3.6 12.25 -.25 3.25 13.05 -.25 3.25 13.05 -.25 3.6
4 2 11.25 -.25 3.45 11 -.25 3.95 11 -.25 3.6 11.002515 -.25 3.45
3 2 11.25 -.25 3.45 11.55 -.25 3.95 11 -.25 3.95
4 2 11.25 -.25 3.45 11.497485 -.25 3.45 11.55 -.25 3.6 11.55 -.25 3.95
4 2 11.002515 -.25 3.347485 11.002515 -.25 3.45 11 -.25 3.6 11 -.25 3.352515
4 2 11.002515 -.25 3.347485 11 -.25 3.352515 10.897485 -.25 3.352515 10.9 -.25 3.347485
4 2 11.497485 -.25 3.347485 11.55 -.25 3.352515 11.55 -.25 3.6 11.497485 -.25 3.45
4 2 11.497485 -.25 3.347485 11.6 -.25 3.347485 11.652515 -.25 3.352515 11.55 -.25 3.352515
4 2 10.9 -.25 3.1 10.9 -.25 3.347485 10.897485 -.25 3.352515 10.897485 -.25 3.25
4 2 10.9 -.25 3.1 10.897485 -.25 3.25 10.65 -.25 3.25 10.05 -.25 3.025
4 2 10.9 -.25 3.1 10.05 -.25 3.025 10.05 -.25 2.675 10.9 -.25 2.75
4 2 11.6 -.25 3.1 11.652515 -.25 3.25 11.652515 -.25 3.352515 11.6 -.25 3.347485
4 2 11.6 -.25 3.1 11.652515 -.25 3.025 11.9 -.25 3.025 11.652515 -.25 3.25
4 2 11.6 -.25 3.1 11.597 -.25 3.0543 11.652515 -.25 2.922485 11.652515 -.25 3.025
4 2 9.7 -.25 3.025 10.3 -.25 3.25 10.05 -.25 3.25 9.35 -.25 3.025
4 2 9.7 -.25 3.025 10.05 -.25 3.025 10.65 -.25 3.25 10.3 -.25 3.25
4 2 12.25 -.25 3.025 11.9 -.25 3.25 11.652515 -.25 3.25 11.9 -.25 3.025
4 2 12.25 -.25 3.025 13.05 -.25 3.025 12.25 -.25 3.25 11.9 -.25 3.25
4 2 12.25 -.25 3.025 12.25 -.25 2.675 13.05 -.25 2.675 13.05 -.25 3.025
4 2 13.4 -.25 3.025 13.05 -.25 3.25 12.25 -.25 3.25 13.05 -.25 3.025
4 2 13.4 -.25 3.025 13.75 -.25 3.025 13.4 -.25 3.25 13.05 -.25 3.25
3 2 8.525 -.25 2.95 9.7 -.25 3.25 9.35 -.25 3.25
4 2 8.525 -.25 2.95 9.35 -.25 3.025 10.05 -.25 3.25 9.7 -.25 3.25
4 2 8.525 -.25 2.95 8.8 -.25 2.675 9.35 -.25 2.675 9.35 -.25 3.025
4 2 14.275 -.25 2.95 13.75 -.25 3.25 13.4 -.25 3.25 13.75 -.25 3.025
4 2 14.275 -.25 2.95 13.75 -.25 3.025 13.75 -.25 2.675 14 -.25 2.675
3 2 11.652515 -.25 2.922485 11.597 -.25 3.0543 11.5881 -.25 3.0094
3 2 11.652515 -.25 2.922485 11.5881 -.25 3.0094 11.5734 -.25 2.9661
3 2 11.652515 -.25 2.922485 11.5734 -.25 2.9661 11.5531 -.25 2.925
3 2 11.652515 -.25 2.922485 11.5531 -.25 2.925 11.5277 -.25 2.8869
3 2 11.652515 -.25 2.922485 11.5277 -.25 2.8869 11.4975 -.25 2.8525
4 2 11.652515 -.25 2.922485 11.4975 -.25 2.8525 11.4631 -.25 2.8223 11.6223 -.25 2.8881
4 2 11.5969 -.25 2.85 11.6223 -.25 2.8881 11.4631 -.25 2.8223 11.425 -.25 2.7969
4 2 11.5969 -.25 2.85 11.425 -.25 2.7969 11.3839 -.25 2.7766 11.5766 -.25 2.8089
4 2 11.5619 -.25 2.7656 11.5766 -.25 2.8089 11.3839 -.25 2.7766 11.3406 -.25 2.7619
4 2 11.5619 -.25 2.7656 11.3406 -.25 2.7619 11.2957 -.25 2.753 11.553 -.25 2.7207
4 2 11.55 -.25 2.675 11.553 -.25 2.7207 11.2957 -.25 2.753 11.25 -.25 2.75
4 2 11.55 -.25 2.675 11.25 -.25 2.75 10.9 -.25 2.75 10.05 -.25 2.675
0 // Grey faces
4 71 7.85 -.25 5.675 14.95 -.25 5.675 14.5 -.25 6.35 8.3 -.25 6.35
3 71 7.85 -.25 5.675 8.3 -.25 6.35 7 -.25 5.05
3 71 7.85 -.25 5.675 7 -.25 5.05 7.85 -.25 2
3 71 14.95 -.25 5.675 15.8 -.25 5.05 14.5 -.25 6.35
3 71 14.95 -.25 5.675 14.95 -.25 2 15.8 -.25 5.05
3 71 7.85 -.25 2 8 -.25 1.25 9.9 -.25 1.25
3 71 7.85 -.25 2 9.9 -.25 1.25 10.45 -.25 1.25
4 71 7.85 -.25 2 10.45 -.25 1.25 12.35 -.25 1.25 14.95 -.25 2
3 71 14.95 -.25 2 12.35 -.25 1.25 12.9 -.25 1.25
3 71 14.95 -.25 2 12.9 -.25 1.25 14.8 -.25 1.25
4 71 9.9 -.25 -.35 10.45 -.25 -.35 10.45 -.25 1.25 9.9 -.25 1.25
4 71 9.9 -.25 -.35 8 -.25 -.35 8 -.25 -1.025 9.9 -.25 -1.025
4 71 9.9 -.25 -.35 9.9 -.25 -1.025 10.45 -.25 -1.025 10.45 -.25 -.35
4 71 10.45 -.25 -.35 10.45 -.25 -1.025 12.35 -.25 -1.025 12.35 -.25 -.35
4 71 12.9 -.25 -.35 12.9 -.25 1.25 12.35 -.25 1.25 12.35 -.25 -.35
4 71 12.9 -.25 -.35 12.35 -.25 -.35 12.35 -.25 -1.025 12.9 -.25 -1.025
4 71 12.9 -.25 -.35 12.9 -.25 -1.025 14.8 -.25 -1.025 14.8 -.25 -.35
4 71 9.9 -.25 -2.625 10.45 -.25 -2.625 10.45 -.25 -1.025 9.9 -.25 -1.025
4 71 9.9 -.25 -2.625 9.9 -.25 -3.3 10.45 -.25 -3.3 10.45 -.25 -2.625
4 71 9.9 -.25 -2.625 8 -.25 -2.625 8 -.25 -3.3 9.9 -.25 -3.3
4 71 10.45 -.25 -2.625 10.45 -.25 -3.3 12.35 -.25 -3.3 12.35 -.25 -2.625
4 71 12.9 -.25 -2.625 12.9 -.25 -1.025 12.35 -.25 -1.025 12.35 -.25 -2.625
4 71 12.9 -.25 -2.625 12.35 -.25 -2.625 12.35 -.25 -3.3 12.9 -.25 -3.3
4 71 12.9 -.25 -2.625 12.9 -.25 -3.3 14.8 -.25 -3.3 14.8 -.25 -2.625
4 71 9.9 -.25 -4.9 10.45 -.25 -4.9 10.45 -.25 -3.3 9.9 -.25 -3.3
4 71 12.9 -.25 -4.9 12.9 -.25 -3.3 12.35 -.25 -3.3 12.35 -.25 -4.9
4 71 7 -.25 -5.05 8 -.25 1.25 7.85 -.25 2 7 -.25 5.05
3 71 7 -.25 -5.05 8 -.25 -.35 8 -.25 1.25
3 71 7 -.25 -5.05 8 -.25 -1.025 8 -.25 -.35
3 71 7 -.25 -5.05 8 -.25 -2.625 8 -.25 -1.025
3 71 7 -.25 -5.05 8 -.25 -3.3 8 -.25 -2.625
3 71 7 -.25 -5.05 8 -.25 -4.9 8 -.25 -3.3
4 71 15.8 -.25 -5.05 15.8 -.25 5.05 14.95 -.25 2 14.8 -.25 1.25
3 71 15.8 -.25 -5.05 14.8 -.25 1.25 14.8 -.25 -.35
3 71 15.8 -.25 -5.05 14.8 -.25 -.35 14.8 -.25 -1.025
3 71 15.8 -.25 -5.05 14.8 -.25 -1.025 14.8 -.25 -2.625
3 71 15.8 -.25 -5.05 14.8 -.25 -2.625 14.8 -.25 -3.3
3 71 15.8 -.25 -5.05 14.8 -.25 -3.3 14.8 -.25 -4.9
4 71 8.3 -.25 -6.35 9.9 -.25 -4.9 8 -.25 -4.9 7 -.25 -5.05
3 71 8.3 -.25 -6.35 10.45 -.25 -4.9 9.9 -.25 -4.9
4 71 8.3 -.25 -6.35 14.5 -.25 -6.35 12.35 -.25 -4.9 10.45 -.25 -4.9
4 71 14.5 -.25 -6.35 15.8 -.25 -5.05 14.8 -.25 -4.9 12.9 -.25 -4.9
3 71 14.5 -.25 -6.35 12.9 -.25 -4.9 12.35 -.25 -4.9
0 // White faces
4 15 8.525 -.25 4.725 8.525 -.25 4.425 14.275 -.25 4.425 14.275 -.25 4.725
4 15 11.597 -.25 3.0543 11.6 -.25 3.1 11.25 -.25 2.75 11.2957 -.25 2.753
4 15 11.597 -.25 3.0543 11.2957 -.25 2.753 11.3406 -.25 2.7619 11.5881 -.25 3.0094
4 15 11.5734 -.25 2.9661 11.5881 -.25 3.0094 11.3406 -.25 2.7619 11.3839 -.25 2.7766
4 15 11.5734 -.25 2.9661 11.3839 -.25 2.7766 11.425 -.25 2.7969 11.5531 -.25 2.925
4 15 11.5277 -.25 2.8869 11.5531 -.25 2.925 11.425 -.25 2.7969 11.4631 -.25 2.8223
3 15 11.5277 -.25 2.8869 11.4631 -.25 2.8223 11.4975 -.25 2.8525
4 15 12.25 -.25 2.675 11.652515 -.25 2.922485 11.6223 -.25 2.8881 11.5969 -.25 2.85
4 15 12.25 -.25 2.675 11.5969 -.25 2.85 11.5766 -.25 2.8089 11.5619 -.25 2.7656
4 15 12.25 -.25 2.675 11.5619 -.25 2.7656 11.553 -.25 2.7207 11.55 -.25 2.675
