0 Sticker  1.8 x  1.8 with Black Stripes in White Square on Grey Background
0 Name: 6177973ae.dat
0 Author: Massimo Maso [Sirio]
0 !LDRAW_ORG Unofficial_Part
0 !LICENSE Licensed under CC BY 4.0 : see CAreadme.txt

0 BFC CERTIFY CCW

0 !KEYWORDS 2016, 44, 6, AMG, F1, Formula, Hamilton, Hybrid, Lewis, Mercedes
0 !KEYWORDS Nico, One, Petronas, Rosberg, Set 75883, Speed Champions, Team, Toto
0 !KEYWORDS W07, Wolff

0 // Subparts
1 16 0 -.25 8.06 1 0 0 0 1 0 0 0 1 s\6177973aes01.dat
1 16 0 -.25 5.6 1 0 0 0 1 0 0 0 1 s\6177973aes01.dat
1 16 0 -.25 3.14 1 0 0 0 1 0 0 0 1 s\6177973aes01.dat
1 16 0 -.25 .68 1 0 0 0 1 0 0 0 1 s\6177973aes01.dat
1 16 0 -.25 -1.78 1 0 0 0 1 0 0 0 1 s\6177973aes01.dat
1 16 0 -.25 -4.24 1 0 0 0 1 0 0 0 1 s\6177973aes01.dat
1 16 0 -.25 -6.7 1 0 0 0 1 0 0 0 1 s\6177973aes01.dat
1 16 0 -.25 -9.16 1 0 0 0 1 0 0 0 1 s\6177973aes01.dat
1 16 0 -.25 -11.62 1 0 0 0 1 0 0 0 1 s\6177973aes01.dat
0 // Primitives
1 16 -16.5 0 16.5 -1.5 0 0 0 -1 0 0 0 1.5 1-4chrd.dat
1 16 16.5 0 16.5 1.5 0 0 0 -1 0 0 0 1.5 1-4chrd.dat
1 16 0 -.25 0 0 0 18 0 .25 0 16.5 0 0 box3u12.dat
1 16 -16.5 0 -16.5 -1.5 0 0 0 -1 0 0 0 -1.5 1-4chrd.dat
1 16 16.5 0 -16.5 1.5 0 0 0 -1 0 0 0 -1.5 1-4chrd.dat
1 16 -16.5 -.25 16.5 -1.5 0 0 0 .25 0 0 0 1.5 1-4cyli.dat
1 16 16.5 -.25 16.5 1.5 0 0 0 .25 0 0 0 1.5 1-4cyli.dat
1 16 -16.5 -.25 -16.5 -1.5 0 0 0 .25 0 0 0 -1.5 1-4cyli.dat
1 16 16.5 -.25 -16.5 1.5 0 0 0 .25 0 0 0 -1.5 1-4cyli.dat
1 72 -16.5 -.25 16.5 -1.5 0 0 0 1 0 0 0 1.5 1-4chrd.dat
1 72 16.5 -.25 16.5 1.5 0 0 0 1 0 0 0 1.5 1-4chrd.dat
1 72 -16.5 -.25 -16.5 -1.5 0 0 0 1 0 0 0 -1.5 1-4chrd.dat
1 72 16.5 -.25 -16.5 1.5 0 0 0 1 0 0 0 -1.5 1-4chrd.dat
1 72 -14 -.25 14 -.5 0 0 0 1 0 0 0 .5 1-4ndis.dat
1 0 -14 -.25 14 -.5 0 0 0 1 0 0 0 .5 1-4chrd.dat
1 72 14 -.25 14 .5 0 0 0 1 0 0 0 .5 1-4ndis.dat
1 0 14 -.25 14 .5 0 0 0 1 0 0 0 .5 1-4chrd.dat
1 0 -13.1 -.25 13.1 -.5 0 0 0 1 0 0 0 .5 1-4ndis.dat
1 15 -13.1 -.25 13.1 -.5 0 0 0 1 0 0 0 .5 1-4chrd.dat
1 0 13.1 -.25 13.1 .5 0 0 0 1 0 0 0 .5 1-4ndis.dat
1 15 13.1 -.25 13.1 .5 0 0 0 1 0 0 0 .5 1-4chrd.dat
1 15 -11.9 -.25 12.6 0 0 -.25 0 1 0 .25 0 0 2-4ndis.dat
1 0 -11.9 -.25 12.6 0 0 -.25 0 1 0 .25 0 0 2-4chrd.dat
1 0 -10.25 -.25 12.6 0 0 .25 0 1 0 .25 0 0 2-4chrd.dat
1 15 -10.25 -.25 12.6 0 0 .25 0 1 0 .25 0 0 2-4ndis.dat
1 15 -8.85 -.25 12.6 0 0 -.25 0 1 0 .25 0 0 2-4ndis.dat
1 0 -8.85 -.25 12.6 0 0 -.25 0 1 0 .25 0 0 2-4chrd.dat
1 0 -8.3 -.25 12.6 0 0 .25 0 1 0 .25 0 0 2-4chrd.dat
1 15 -8.3 -.25 12.6 0 0 .25 0 1 0 .25 0 0 2-4ndis.dat
1 15 -6.55 -.25 12.6 0 0 -.25 0 1 0 .25 0 0 2-4ndis.dat
1 0 -6.55 -.25 12.6 0 0 -.25 0 1 0 .25 0 0 2-4chrd.dat
1 0 -5.45 -.25 12.6 0 0 .25 0 1 0 .25 0 0 2-4chrd.dat
1 15 -5.45 -.25 12.6 0 0 .25 0 1 0 .25 0 0 2-4ndis.dat
1 15 -3.7 -.25 12.6 0 0 -.25 0 1 0 .25 0 0 2-4ndis.dat
1 0 -3.7 -.25 12.6 0 0 -.25 0 1 0 .25 0 0 2-4chrd.dat
1 0 -2.65 -.25 12.6 0 0 .25 0 1 0 .25 0 0 2-4chrd.dat
1 15 -2.65 -.25 12.6 0 0 .25 0 1 0 .25 0 0 2-4ndis.dat
1 15 -11.9 -.25 11.4 0 0 -.25 0 1 0 .25 0 0 2-4ndis.dat
1 0 -11.9 -.25 11.4 0 0 -.25 0 1 0 .25 0 0 2-4chrd.dat
1 0 -10.3 -.25 11.4 0 0 .25 0 1 0 .25 0 0 2-4chrd.dat
1 15 -10.3 -.25 11.4 0 0 .25 0 1 0 .25 0 0 2-4ndis.dat
1 15 -8.85 -.25 11.4 0 0 -.25 0 1 0 .25 0 0 2-4ndis.dat
1 0 -8.85 -.25 11.4 0 0 -.25 0 1 0 .25 0 0 2-4chrd.dat
1 0 -6 -.25 11.4 0 0 .25 0 1 0 .25 0 0 2-4chrd.dat
1 15 -6 -.25 11.4 0 0 .25 0 1 0 .25 0 0 2-4ndis.dat
1 15 -4 -.25 11.4 0 0 -.25 0 1 0 .25 0 0 2-4ndis.dat
1 0 -4 -.25 11.4 0 0 -.25 0 1 0 .25 0 0 2-4chrd.dat
1 0 -2.3 -.25 11.4 0 0 .25 0 1 0 .25 0 0 2-4chrd.dat
1 15 -2.3 -.25 11.4 0 0 .25 0 1 0 .25 0 0 2-4ndis.dat
1 15 -13.1 -.25 11.2 -.5 0 0 0 1 0 0 0 -.5 1-4chrd.dat
1 0 -13.1 -.25 11.2 -.5 0 0 0 1 0 0 0 -.5 1-4ndis.dat
1 15 13.1 -.25 11.2 .5 0 0 0 1 0 0 0 -.5 1-4chrd.dat
1 0 13.1 -.25 11.2 .5 0 0 0 1 0 0 0 -.5 1-4ndis.dat
1 0 -13.1 -.25 9 -.5 0 0 0 1 0 0 0 .5 1-4ndis.dat
1 15 -13.1 -.25 9 -.5 0 0 0 1 0 0 0 .5 1-4chrd.dat
1 0 13.1 -.25 9 .5 0 0 0 1 0 0 0 .5 1-4ndis.dat
1 15 13.1 -.25 9 .5 0 0 0 1 0 0 0 .5 1-4chrd.dat
1 15 -13.1 -.25 -13.1 -.5 0 0 0 1 0 0 0 -.5 1-4chrd.dat
1 0 -13.1 -.25 -13.1 -.5 0 0 0 1 0 0 0 -.5 1-4ndis.dat
1 15 13.1 -.25 -13.1 .5 0 0 0 1 0 0 0 -.5 1-4chrd.dat
1 0 13.1 -.25 -13.1 .5 0 0 0 1 0 0 0 -.5 1-4ndis.dat
1 0 -14 -.25 -14 -.5 0 0 0 1 0 0 0 -.5 1-4chrd.dat
1 72 -14 -.25 -14 -.5 0 0 0 1 0 0 0 -.5 1-4ndis.dat
1 0 14 -.25 -14 .5 0 0 0 1 0 0 0 -.5 1-4chrd.dat
1 72 14 -.25 -14 .5 0 0 0 1 0 0 0 -.5 1-4ndis.dat
0 // Bottom face
4 16 -16.5 0 18 16.5 0 18 18 0 16.5 -18 0 16.5
4 16 -16.5 0 -18 -18 0 -16.5 18 0 -16.5 16.5 0 -18
0 // Lateral face
4 16 -16.5 0 18 -16.5 -.25 18 16.5 -.25 18 16.5 0 18
4 16 -16.5 0 -18 16.5 0 -18 16.5 -.25 -18 -16.5 -.25 -18
0 // Top face
0 // Black faces
4 0 -11.9 -.25 12.85 -11.9 -.25 12.35 -10.25 -.25 12.35 -10.25 -.25 12.85
4 0 -8.85 -.25 12.85 -8.85 -.25 12.35 -8.3 -.25 12.35 -8.3 -.25 12.85
4 0 -6.55 -.25 12.85 -6.55 -.25 12.35 -5.45 -.25 12.35 -5.45 -.25 12.85
4 0 -3.7 -.25 12.85 -3.7 -.25 12.35 -2.65 -.25 12.35 -2.65 -.25 12.85
4 0 -11.9 -.25 11.65 -11.9 -.25 11.15 -10.3 -.25 11.15 -10.3 -.25 11.65
4 0 -8.85 -.25 11.65 -8.85 -.25 11.15 -6 -.25 11.15 -6 -.25 11.65
4 0 -4 -.25 11.65 -4 -.25 11.15 -2.3 -.25 11.15 -2.3 -.25 11.65
0 // Black frame
3 0 -14.5 -.25 14 -13.6 -.25 13.1 -13.6 -.25 13.6
3 0 -14.5 -.25 14 -13.6 -.25 11.2 -13.6 -.25 13.1
3 0 -14.5 -.25 14 -13.6 -.25 10.7 -13.6 -.25 11.2
3 0 -14.5 -.25 14 -13.6 -.25 9.5 -13.6 -.25 10.7
4 0 -14.5 -.25 14 -14.5 -.25 -14 -13.6 -.25 9 -13.6 -.25 9.5
4 0 -13.1 -.25 13.6 -14 -.25 14.5 -14.5 -.25 14 -13.6 -.25 13.6
4 0 -13.1 -.25 13.6 13.1 -.25 13.6 14 -.25 14.5 -14 -.25 14.5
4 0 13.1 -.25 13.6 13.6 -.25 13.6 14.5 -.25 14 14 -.25 14.5
4 0 -13.1 -.25 10.7 -13.6 -.25 10.7 -13.6 -.25 9.5 -13.1 -.25 9.5
4 0 -13.1 -.25 10.7 -13.1 -.25 9.5 13.1 -.25 9.5 13.1 -.25 10.7
4 0 13.1 -.25 10.7 13.1 -.25 9.5 13.6 -.25 9.5 13.6 -.25 10.7
4 0 -13.1 -.25 -13.6 -13.6 -.25 -13.6 -14.5 -.25 -14 -14 -.25 -14.5
4 0 -13.1 -.25 -13.6 -14 -.25 -14.5 14 -.25 -14.5 13.1 -.25 -13.6
4 0 13.1 -.25 -13.6 14 -.25 -14.5 14.5 -.25 -14 13.6 -.25 -13.6
3 0 14.5 -.25 14 13.6 -.25 13.6 13.6 -.25 13.1
3 0 14.5 -.25 14 13.6 -.25 13.1 13.6 -.25 11.2
3 0 14.5 -.25 14 13.6 -.25 11.2 13.6 -.25 10.7
3 0 14.5 -.25 14 13.6 -.25 10.7 13.6 -.25 9.5
4 0 14.5 -.25 14 13.6 -.25 9.5 13.6 -.25 9 14.5 -.25 -14
3 0 -14.5 -.25 -14 -13.6 -.25 -13.1 -13.6 -.25 9
3 0 -14.5 -.25 -14 -13.6 -.25 -13.6 -13.6 -.25 -13.1
3 0 14.5 -.25 -14 13.6 -.25 9 13.6 -.25 -13.1
3 0 14.5 -.25 -14 13.6 -.25 -13.1 13.6 -.25 -13.6
0 // Grey faces
4 72 -14 -.25 14.5 -16.5 -.25 18 -18 -.25 16.5 -14.5 -.25 14.5
4 72 -14 -.25 14.5 14 -.25 14.5 16.5 -.25 18 -16.5 -.25 18
4 72 14 -.25 14.5 14.5 -.25 14.5 18 -.25 16.5 16.5 -.25 18
3 72 -14.5 -.25 14 -14.5 -.25 14.5 -18 -.25 16.5
4 72 -14.5 -.25 14 -18 -.25 16.5 -18 -.25 -16.5 -14.5 -.25 -14
3 72 14.5 -.25 14 18 -.25 16.5 14.5 -.25 14.5
4 72 14.5 -.25 14 14.5 -.25 -14 18 -.25 -16.5 18 -.25 16.5
3 72 -14.5 -.25 -14 -18 -.25 -16.5 -14.5 -.25 -14.5
3 72 14.5 -.25 -14 14.5 -.25 -14.5 18 -.25 -16.5
4 72 -14 -.25 -14.5 -14.5 -.25 -14.5 -18 -.25 -16.5 -16.5 -.25 -18
4 72 -14 -.25 -14.5 -16.5 -.25 -18 16.5 -.25 -18 14 -.25 -14.5
4 72 14 -.25 -14.5 16.5 -.25 -18 18 -.25 -16.5 14.5 -.25 -14.5
0 // White faces
0 // Upper frame
4 15 -13.1 -.25 13.6 -13.6 -.25 13.1 -12.15 -.25 12.35 -12.15 -.25 12.6
3 15 -13.1 -.25 13.6 -12.15 -.25 12.6 -12.15 -.25 12.85
3 15 -13.1 -.25 13.6 -12.15 -.25 12.85 -11.9 -.25 12.85
3 15 -13.1 -.25 13.6 -11.9 -.25 12.85 -10.25 -.25 12.85
3 15 -13.1 -.25 13.6 -10.25 -.25 12.85 -10 -.25 12.85
3 15 -13.1 -.25 13.6 -10 -.25 12.85 -9.1 -.25 12.85
3 15 -13.1 -.25 13.6 -9.1 -.25 12.85 -8.85 -.25 12.85
3 15 -13.1 -.25 13.6 -8.85 -.25 12.85 -8.3 -.25 12.85
3 15 -13.1 -.25 13.6 -8.3 -.25 12.85 -8.05 -.25 12.85
4 15 -13.1 -.25 13.6 -8.05 -.25 12.85 -6.8 -.25 12.85 13.1 -.25 13.6
3 15 13.1 -.25 13.6 -6.8 -.25 12.85 -6.55 -.25 12.85
3 15 13.1 -.25 13.6 -6.55 -.25 12.85 -5.45 -.25 12.85
3 15 13.1 -.25 13.6 -5.45 -.25 12.85 -5.2 -.25 12.85
3 15 13.1 -.25 13.6 -5.2 -.25 12.85 -3.95 -.25 12.85
3 15 13.1 -.25 13.6 -3.7 -.25 12.85 -3.95 -.25 12.85
3 15 13.1 -.25 13.6 -3.7 -.25 12.85 -2.65 -.25 12.85
3 15 13.1 -.25 13.6 -2.4 -.25 12.85 -2.65 -.25 12.85
3 15 13.1 -.25 13.6 -2.4 -.25 12.85 -2.4 -.25 12.6
4 15 13.1 -.25 13.6 -2.4 -.25 12.6 -2.4 -.25 12.35 13.6 -.25 13.1
4 15 -13.6 -.25 13.1 -13.6 -.25 11.2 -12.15 -.25 11.65 -12.15 -.25 12.35
4 15 13.6 -.25 13.1 -2.4 -.25 12.35 -2.05 -.25 11.65 13.6 -.25 11.2
4 15 -10 -.25 12.6 -9.1 -.25 12.6 -9.1 -.25 12.85 -10 -.25 12.85
4 15 -10 -.25 12.6 -10 -.25 12.35 -9.1 -.25 12.35 -9.1 -.25 12.6
4 15 -8.05 -.25 12.6 -6.8 -.25 12.6 -6.8 -.25 12.85 -8.05 -.25 12.85
4 15 -8.05 -.25 12.6 -8.05 -.25 12.35 -6.8 -.25 12.35 -6.8 -.25 12.6
4 15 -5.2 -.25 12.6 -3.95 -.25 12.6 -3.95 -.25 12.85 -5.2 -.25 12.85
4 15 -5.2 -.25 12.6 -5.2 -.25 12.35 -3.95 -.25 12.35 -3.95 -.25 12.6
4 15 -11.9 -.25 12.35 -12.15 -.25 12.35 -12.15 -.25 11.65 -11.9 -.25 11.65
4 15 -11.9 -.25 12.35 -11.9 -.25 11.65 -10.3 -.25 11.65 -10.25 -.25 12.35
4 15 -10 -.25 12.35 -10.25 -.25 12.35 -10.3 -.25 11.65 -10.05 -.25 11.65
4 15 -10 -.25 12.35 -10.05 -.25 11.65 -9.1 -.25 11.65 -9.1 -.25 12.35
4 15 -8.85 -.25 12.35 -9.1 -.25 12.35 -9.1 -.25 11.65 -8.85 -.25 11.65
4 15 -8.85 -.25 12.35 -8.85 -.25 11.65 -6 -.25 11.65 -8.3 -.25 12.35
4 15 -2.65 -.25 12.35 -3.7 -.25 12.35 -4 -.25 11.65 -2.3 -.25 11.65
4 15 -2.65 -.25 12.35 -2.3 -.25 11.65 -2.05 -.25 11.65 -2.4 -.25 12.35
4 15 -3.95 -.25 12.35 -5.2 -.25 12.35 -5.75 -.25 11.65 -4.25 -.25 11.65
4 15 -3.95 -.25 12.35 -4.25 -.25 11.65 -4 -.25 11.65 -3.7 -.25 12.35
3 15 -6 -.25 11.65 -8.05 -.25 12.35 -8.3 -.25 12.35
3 15 -6 -.25 11.65 -6.8 -.25 12.35 -8.05 -.25 12.35
4 15 -6 -.25 11.65 -5.75 -.25 11.65 -6.55 -.25 12.35 -6.8 -.25 12.35
3 15 -5.75 -.25 11.65 -5.45 -.25 12.35 -6.55 -.25 12.35
3 15 -5.75 -.25 11.65 -5.2 -.25 12.35 -5.45 -.25 12.35
4 15 -10.05 -.25 11.4 -9.1 -.25 11.4 -9.1 -.25 11.65 -10.05 -.25 11.65
4 15 -10.05 -.25 11.4 -10.05 -.25 11.15 -9.1 -.25 11.15 -9.1 -.25 11.4
4 15 -5.75 -.25 11.4 -4.25 -.25 11.4 -4.25 -.25 11.65 -5.75 -.25 11.65
4 15 -5.75 -.25 11.4 -5.75 -.25 11.15 -4.25 -.25 11.15 -4.25 -.25 11.4
4 15 -13.1 -.25 10.7 -12.15 -.25 11.4 -12.15 -.25 11.65 -13.6 -.25 11.2
3 15 -13.1 -.25 10.7 -12.15 -.25 11.15 -12.15 -.25 11.4
3 15 -13.1 -.25 10.7 -11.9 -.25 11.15 -12.15 -.25 11.15
3 15 -13.1 -.25 10.7 -10.3 -.25 11.15 -11.9 -.25 11.15
3 15 -13.1 -.25 10.7 -10.05 -.25 11.15 -10.3 -.25 11.15
3 15 -13.1 -.25 10.7 -9.1 -.25 11.15 -10.05 -.25 11.15
3 15 -13.1 -.25 10.7 -8.85 -.25 11.15 -9.1 -.25 11.15
3 15 -13.1 -.25 10.7 -6 -.25 11.15 -8.85 -.25 11.15
3 15 -13.1 -.25 10.7 -5.75 -.25 11.15 -6 -.25 11.15
3 15 -13.1 -.25 10.7 -4.25 -.25 11.15 -5.75 -.25 11.15
4 15 -13.1 -.25 10.7 13.1 -.25 10.7 -4 -.25 11.15 -4.25 -.25 11.15
4 15 13.1 -.25 10.7 13.6 -.25 11.2 -2.05 -.25 11.65 -2.05 -.25 11.4
3 15 13.1 -.25 10.7 -2.05 -.25 11.4 -2.05 -.25 11.15
3 15 13.1 -.25 10.7 -2.05 -.25 11.15 -2.3 -.25 11.15
3 15 13.1 -.25 10.7 -2.3 -.25 11.15 -4 -.25 11.15
0 // Lower frame
3 15 -13.1 -.25 9.5 -11.8 -.25 8.56 -11.3 -.25 8.56
3 15 -13.1 -.25 9.5 -11.3 -.25 8.56 -4.9 -.25 8.56
3 15 -13.1 -.25 9.5 -4.9 -.25 8.56 -4.4 -.25 8.56
3 15 -13.1 -.25 9.5 -4.4 -.25 8.56 -3.1 -.25 8.56
3 15 -13.1 -.25 9.5 -3.1 -.25 8.56 -2.6 -.25 8.56
3 15 -13.1 -.25 9.5 -2.6 -.25 8.56 1.5 -.25 8.56
3 15 -13.1 -.25 9.5 1.5 -.25 8.56 2 -.25 8.56
4 15 -13.1 -.25 9.5 2 -.25 8.56 3.3 -.25 8.56 13.1 -.25 9.5
3 15 13.1 -.25 9.5 3.3 -.25 8.56 3.8 -.25 8.56
3 15 13.1 -.25 9.5 3.3 -.25 8.56 5.4 -.25 8.56
3 15 13.1 -.25 9.5 5.4 -.25 8.56 5.9 -.25 8.56
3 15 13.1 -.25 9.5 5.9 -.25 8.56 7.2 -.25 8.56
3 15 13.1 -.25 9.5 7.2 -.25 8.56 7.7 -.25 8.56
3 15 13.1 -.25 9.5 7.7 -.25 8.56 11.3 -.25 8.56
3 15 13.1 -.25 9.5 11.3 -.25 8.56 11.8 -.25 8.56
3 15 -13.1 -.25 9.5 -11.8 -.25 8.06 -11.8 -.25 8.56
3 15 -13.1 -.25 9.5 -11.8 -.25 7.56 -11.8 -.25 8.06
3 15 -13.1 -.25 9.5 -11.8 -.25 6.1 -11.8 -.25 7.56
3 15 -13.1 -.25 9.5 -11.8 -.25 5.6 -11.8 -.25 6.1
3 15 -13.1 -.25 9.5 -11.8 -.25 5.1 -11.8 -.25 5.6
3 15 -13.1 -.25 9.5 -11.8 -.25 3.64 -11.8 -.25 5.1
3 15 -13.1 -.25 9.5 -11.8 -.25 3.14 -11.8 -.25 3.64
4 15 -13.1 -.25 9.5 -13.6 -.25 9 -11.8 -.25 2.64 -11.8 -.25 3.14
3 15 13.1 -.25 9.5 11.8 -.25 8.56 11.8 -.25 8.06
3 15 13.1 -.25 9.5 11.8 -.25 8.06 11.8 -.25 7.56
3 15 13.1 -.25 9.5 11.8 -.25 7.56 11.8 -.25 6.1
3 15 13.1 -.25 9.5 11.8 -.25 6.1 11.8 -.25 5.6
3 15 13.1 -.25 9.5 11.8 -.25 5.6 11.8 -.25 5.1
3 15 13.1 -.25 9.5 11.8 -.25 5.1 11.8 -.25 3.64
3 15 13.1 -.25 9.5 11.8 -.25 3.64 11.8 -.25 3.14
4 15 13.1 -.25 9.5 11.8 -.25 3.14 11.8 -.25 2.64 13.6 -.25 9
3 15 -13.6 -.25 9 -11.8 -.25 1.18 -11.8 -.25 2.64
3 15 -13.6 -.25 9 -11.8 -.25 .68 -11.8 -.25 1.18
3 15 -13.6 -.25 9 -11.8 -.25 .18 -11.8 -.25 .68
3 15 -13.6 -.25 9 -11.8 -.25 -1.28 -11.8 -.25 .18
3 15 -13.6 -.25 9 -11.8 -.25 -1.78 -11.8 -.25 -1.28
4 15 -13.6 -.25 9 -13.6 -.25 -13.1 -11.8 -.25 -2.28 -11.8 -.25 -1.78
3 15 13.6 -.25 9 11.8 -.25 2.64 11.8 -.25 1.18
3 15 13.6 -.25 9 11.8 -.25 1.18 11.8 -.25 .68
3 15 13.6 -.25 9 11.8 -.25 .68 11.8 -.25 .18
3 15 13.6 -.25 9 11.8 -.25 .18 11.8 -.25 -1.28
3 15 13.6 -.25 9 11.8 -.25 -1.28 11.8 -.25 -1.78
4 15 13.6 -.25 9 11.8 -.25 -1.78 11.8 -.25 -2.28 13.6 -.25 -13.1
4 15 -11.3 -.25 7.56 -11.8 -.25 7.56 -11.8 -.25 6.1 -11.3 -.25 6.1
4 15 -11.3 -.25 7.56 -11.3 -.25 6.1 -4.9 -.25 6.1 -4.9 -.25 7.56
4 15 -4.4 -.25 7.56 -4.9 -.25 7.56 -4.9 -.25 6.1 -4.4 -.25 6.1
4 15 -4.4 -.25 7.56 -4.4 -.25 6.1 -3.1 -.25 6.1 -3.1 -.25 7.56
4 15 -2.6 -.25 7.56 -3.1 -.25 7.56 -3.1 -.25 6.1 -2.6 -.25 6.1
4 15 -2.6 -.25 7.56 -2.6 -.25 6.1 1.5 -.25 6.1 1.5 -.25 7.56
4 15 2 -.25 7.56 1.5 -.25 7.56 1.5 -.25 6.1 2 -.25 6.1
4 15 2 -.25 7.56 2 -.25 6.1 3.3 -.25 6.1 3.3 -.25 7.56
4 15 3.8 -.25 7.56 3.3 -.25 7.56 3.3 -.25 6.1 3.8 -.25 6.1
4 15 3.8 -.25 7.56 3.8 -.25 6.1 5.4 -.25 6.1 5.4 -.25 7.56
4 15 5.9 -.25 7.56 5.4 -.25 7.56 5.4 -.25 6.1 5.9 -.25 6.1
4 15 5.9 -.25 7.56 5.9 -.25 6.1 7.2 -.25 6.1 7.2 -.25 7.56
4 15 7.7 -.25 7.56 7.2 -.25 7.56 7.2 -.25 6.1 7.7 -.25 6.1
4 15 7.7 -.25 7.56 7.7 -.25 6.1 11.3 -.25 6.1 11.3 -.25 7.56
4 15 11.8 -.25 7.56 11.3 -.25 7.56 11.3 -.25 6.1 11.8 -.25 6.1
4 15 -11.3 -.25 5.1 -11.8 -.25 5.1 -11.8 -.25 3.64 -11.3 -.25 3.64
4 15 -11.3 -.25 5.1 -11.3 -.25 3.64 -4.9 -.25 3.64 -4.9 -.25 5.1
4 15 -4.4 -.25 5.1 -4.9 -.25 5.1 -4.9 -.25 3.64 -4.4 -.25 3.64
4 15 -4.4 -.25 5.1 -4.4 -.25 3.64 -3.1 -.25 3.64 -3.1 -.25 5.1
4 15 -2.6 -.25 5.1 -3.1 -.25 5.1 -3.1 -.25 3.64 -2.6 -.25 3.64
4 15 -2.6 -.25 5.1 -2.6 -.25 3.64 1.5 -.25 3.64 1.5 -.25 5.1
4 15 2 -.25 5.1 1.5 -.25 5.1 1.5 -.25 3.64 2 -.25 3.64
4 15 2 -.25 5.1 2 -.25 3.64 3.3 -.25 3.64 3.3 -.25 5.1
4 15 3.8 -.25 5.1 3.3 -.25 5.1 3.3 -.25 3.64 3.8 -.25 3.64
4 15 3.8 -.25 5.1 3.8 -.25 3.64 5.4 -.25 3.64 5.4 -.25 5.1
4 15 5.9 -.25 5.1 5.4 -.25 5.1 5.4 -.25 3.64 5.9 -.25 3.64
4 15 5.9 -.25 5.1 5.9 -.25 3.64 7.2 -.25 3.64 7.2 -.25 5.1
4 15 7.7 -.25 5.1 7.2 -.25 5.1 7.2 -.25 3.64 7.7 -.25 3.64
4 15 7.7 -.25 5.1 7.7 -.25 3.64 11.3 -.25 3.64 11.3 -.25 5.1
4 15 11.8 -.25 5.1 11.3 -.25 5.1 11.3 -.25 3.64 11.8 -.25 3.64
4 15 -11.3 -.25 2.64 -11.8 -.25 2.64 -11.8 -.25 1.18 -11.3 -.25 1.18
4 15 -11.3 -.25 2.64 -11.3 -.25 1.18 -4.9 -.25 1.18 -4.9 -.25 2.64
4 15 -4.4 -.25 2.64 -4.9 -.25 2.64 -4.9 -.25 1.18 -4.4 -.25 1.18
4 15 -4.4 -.25 2.64 -4.4 -.25 1.18 -3.1 -.25 1.18 -3.1 -.25 2.64
4 15 -2.6 -.25 2.64 -3.1 -.25 2.64 -3.1 -.25 1.18 -2.6 -.25 1.18
4 15 -2.6 -.25 2.64 -2.6 -.25 1.18 1.5 -.25 1.18 1.5 -.25 2.64
4 15 2 -.25 2.64 1.5 -.25 2.64 1.5 -.25 1.18 2 -.25 1.18
4 15 2 -.25 2.64 2 -.25 1.18 3.3 -.25 1.18 3.3 -.25 2.64
4 15 3.8 -.25 2.64 3.3 -.25 2.64 3.3 -.25 1.18 3.8 -.25 1.18
4 15 3.8 -.25 2.64 3.8 -.25 1.18 5.4 -.25 1.18 5.4 -.25 2.64
4 15 5.9 -.25 2.64 5.4 -.25 2.64 5.4 -.25 1.18 5.9 -.25 1.18
4 15 5.9 -.25 2.64 5.9 -.25 1.18 7.2 -.25 1.18 7.2 -.25 2.64
4 15 7.7 -.25 2.64 7.2 -.25 2.64 7.2 -.25 1.18 7.7 -.25 1.18
4 15 7.7 -.25 2.64 7.7 -.25 1.18 11.3 -.25 1.18 11.3 -.25 2.64
4 15 11.8 -.25 2.64 11.3 -.25 2.64 11.3 -.25 1.18 11.8 -.25 1.18
4 15 -11.3 -.25 .18 -11.8 -.25 .18 -11.8 -.25 -1.28 -11.3 -.25 -1.28
4 15 -11.3 -.25 .18 -11.3 -.25 -1.28 -4.9 -.25 -1.28 -4.9 -.25 .18
4 15 -4.4 -.25 .18 -4.9 -.25 .18 -4.9 -.25 -1.28 -4.4 -.25 -1.28
4 15 -4.4 -.25 .18 -4.4 -.25 -1.28 -3.1 -.25 -1.28 -3.1 -.25 .18
4 15 -2.6 -.25 .18 -3.1 -.25 .18 -3.1 -.25 -1.28 -2.6 -.25 -1.28
4 15 -2.6 -.25 .18 -2.6 -.25 -1.28 1.5 -.25 -1.28 1.5 -.25 .18
4 15 2 -.25 .18 1.5 -.25 .18 1.5 -.25 -1.28 2 -.25 -1.28
4 15 2 -.25 .18 2 -.25 -1.28 3.3 -.25 -1.28 3.3 -.25 .18
4 15 3.8 -.25 .18 3.3 -.25 .18 3.3 -.25 -1.28 3.8 -.25 -1.28
4 15 3.8 -.25 .18 3.8 -.25 -1.28 5.4 -.25 -1.28 5.4 -.25 .18
4 15 5.9 -.25 .18 5.4 -.25 .18 5.4 -.25 -1.28 5.9 -.25 -1.28
4 15 5.9 -.25 .18 5.9 -.25 -1.28 7.2 -.25 -1.28 7.2 -.25 .18
4 15 7.7 -.25 .18 7.2 -.25 .18 7.2 -.25 -1.28 7.7 -.25 -1.28
4 15 7.7 -.25 .18 7.7 -.25 -1.28 11.3 -.25 -1.28 11.3 -.25 .18
4 15 11.8 -.25 .18 11.3 -.25 .18 11.3 -.25 -1.28 11.8 -.25 -1.28
4 15 -11.3 -.25 -2.28 -11.8 -.25 -2.28 -11.8 -.25 -3.74 -11.3 -.25 -3.74
4 15 -11.3 -.25 -2.28 -11.3 -.25 -3.74 -4.9 -.25 -3.74 -4.9 -.25 -2.28
4 15 -4.4 -.25 -2.28 -4.9 -.25 -2.28 -4.9 -.25 -3.74 -4.4 -.25 -3.74
4 15 -4.4 -.25 -2.28 -4.4 -.25 -3.74 -3.1 -.25 -3.74 -3.1 -.25 -2.28
4 15 -2.6 -.25 -2.28 -3.1 -.25 -2.28 -3.1 -.25 -3.74 -2.6 -.25 -3.74
4 15 -2.6 -.25 -2.28 -2.6 -.25 -3.74 1.5 -.25 -3.74 1.5 -.25 -2.28
4 15 2 -.25 -2.28 1.5 -.25 -2.28 1.5 -.25 -3.74 2 -.25 -3.74
4 15 2 -.25 -2.28 2 -.25 -3.74 3.3 -.25 -3.74 3.3 -.25 -2.28
4 15 3.8 -.25 -2.28 3.3 -.25 -2.28 3.3 -.25 -3.74 3.8 -.25 -3.74
4 15 3.8 -.25 -2.28 3.8 -.25 -3.74 5.4 -.25 -3.74 5.4 -.25 -2.28
4 15 5.9 -.25 -2.28 5.4 -.25 -2.28 5.4 -.25 -3.74 5.9 -.25 -3.74
4 15 5.9 -.25 -2.28 5.9 -.25 -3.74 7.2 -.25 -3.74 7.2 -.25 -2.28
4 15 7.7 -.25 -2.28 7.2 -.25 -2.28 7.2 -.25 -3.74 7.7 -.25 -3.74
4 15 7.7 -.25 -2.28 7.7 -.25 -3.74 11.3 -.25 -3.74 11.3 -.25 -2.28
4 15 11.8 -.25 -2.28 11.3 -.25 -2.28 11.3 -.25 -3.74 11.8 -.25 -3.74
4 15 -11.3 -.25 -4.74 -11.8 -.25 -4.74 -11.8 -.25 -6.2 -11.3 -.25 -6.2
4 15 -11.3 -.25 -4.74 -11.3 -.25 -6.2 -4.9 -.25 -6.2 -4.9 -.25 -4.74
4 15 -4.4 -.25 -4.74 -4.9 -.25 -4.74 -4.9 -.25 -6.2 -4.4 -.25 -6.2
4 15 -4.4 -.25 -4.74 -4.4 -.25 -6.2 -3.1 -.25 -6.2 -3.1 -.25 -4.74
4 15 -2.6 -.25 -4.74 -3.1 -.25 -4.74 -3.1 -.25 -6.2 -2.6 -.25 -6.2
4 15 -2.6 -.25 -4.74 -2.6 -.25 -6.2 1.5 -.25 -6.2 1.5 -.25 -4.74
4 15 2 -.25 -4.74 1.5 -.25 -4.74 1.5 -.25 -6.2 2 -.25 -6.2
4 15 2 -.25 -4.74 2 -.25 -6.2 3.3 -.25 -6.2 3.3 -.25 -4.74
4 15 3.8 -.25 -4.74 3.3 -.25 -4.74 3.3 -.25 -6.2 3.8 -.25 -6.2
4 15 3.8 -.25 -4.74 3.8 -.25 -6.2 5.4 -.25 -6.2 5.4 -.25 -4.74
4 15 5.9 -.25 -4.74 5.4 -.25 -4.74 5.4 -.25 -6.2 5.9 -.25 -6.2
4 15 5.9 -.25 -4.74 5.9 -.25 -6.2 7.2 -.25 -6.2 7.2 -.25 -4.74
4 15 7.7 -.25 -4.74 7.2 -.25 -4.74 7.2 -.25 -6.2 7.7 -.25 -6.2
4 15 7.7 -.25 -4.74 7.7 -.25 -6.2 11.3 -.25 -6.2 11.3 -.25 -4.74
4 15 11.8 -.25 -4.74 11.3 -.25 -4.74 11.3 -.25 -6.2 11.8 -.25 -6.2
4 15 -11.3 -.25 -7.2 -11.8 -.25 -7.2 -11.8 -.25 -8.66 -11.3 -.25 -8.66
4 15 -11.3 -.25 -7.2 -11.3 -.25 -8.66 -4.9 -.25 -8.66 -4.9 -.25 -7.2
4 15 -4.4 -.25 -7.2 -4.9 -.25 -7.2 -4.9 -.25 -8.66 -4.4 -.25 -8.66
4 15 -4.4 -.25 -7.2 -4.4 -.25 -8.66 -3.1 -.25 -8.66 -3.1 -.25 -7.2
4 15 -2.6 -.25 -7.2 -3.1 -.25 -7.2 -3.1 -.25 -8.66 -2.6 -.25 -8.66
4 15 -2.6 -.25 -7.2 -2.6 -.25 -8.66 1.5 -.25 -8.66 1.5 -.25 -7.2
4 15 2 -.25 -7.2 1.5 -.25 -7.2 1.5 -.25 -8.66 2 -.25 -8.66
4 15 2 -.25 -7.2 2 -.25 -8.66 3.3 -.25 -8.66 3.3 -.25 -7.2
4 15 3.8 -.25 -7.2 3.3 -.25 -7.2 3.3 -.25 -8.66 3.8 -.25 -8.66
4 15 3.8 -.25 -7.2 3.8 -.25 -8.66 5.4 -.25 -8.66 5.4 -.25 -7.2
4 15 5.9 -.25 -7.2 5.4 -.25 -7.2 5.4 -.25 -8.66 5.9 -.25 -8.66
4 15 5.9 -.25 -7.2 5.9 -.25 -8.66 7.2 -.25 -8.66 7.2 -.25 -7.2
4 15 7.7 -.25 -7.2 7.2 -.25 -7.2 7.2 -.25 -8.66 7.7 -.25 -8.66
4 15 7.7 -.25 -7.2 7.7 -.25 -8.66 11.3 -.25 -8.66 11.3 -.25 -7.2
4 15 11.8 -.25 -7.2 11.3 -.25 -7.2 11.3 -.25 -8.66 11.8 -.25 -8.66
4 15 -11.3 -.25 -9.66 -11.8 -.25 -9.66 -11.8 -.25 -11.12 -11.3 -.25 -11.12
4 15 -11.3 -.25 -9.66 -11.3 -.25 -11.12 -4.9 -.25 -11.12 -4.9 -.25 -9.66
4 15 -4.4 -.25 -9.66 -4.9 -.25 -9.66 -4.9 -.25 -11.12 -4.4 -.25 -11.12
4 15 -4.4 -.25 -9.66 -4.4 -.25 -11.12 -3.1 -.25 -11.12 -3.1 -.25 -9.66
4 15 -2.6 -.25 -9.66 -3.1 -.25 -9.66 -3.1 -.25 -11.12 -2.6 -.25 -11.12
4 15 -2.6 -.25 -9.66 -2.6 -.25 -11.12 1.5 -.25 -11.12 1.5 -.25 -9.66
4 15 2 -.25 -9.66 1.5 -.25 -9.66 1.5 -.25 -11.12 2 -.25 -11.12
4 15 2 -.25 -9.66 2 -.25 -11.12 3.3 -.25 -11.12 3.3 -.25 -9.66
4 15 3.8 -.25 -9.66 3.3 -.25 -9.66 3.3 -.25 -11.12 3.8 -.25 -11.12
4 15 3.8 -.25 -9.66 3.8 -.25 -11.12 5.4 -.25 -11.12 5.4 -.25 -9.66
4 15 5.9 -.25 -9.66 5.4 -.25 -9.66 5.4 -.25 -11.12 5.9 -.25 -11.12
4 15 5.9 -.25 -9.66 5.9 -.25 -11.12 7.2 -.25 -11.12 7.2 -.25 -9.66
4 15 7.7 -.25 -9.66 7.2 -.25 -9.66 7.2 -.25 -11.12 7.7 -.25 -11.12
4 15 7.7 -.25 -9.66 7.7 -.25 -11.12 11.3 -.25 -11.12 11.3 -.25 -9.66
4 15 11.8 -.25 -9.66 11.3 -.25 -9.66 11.3 -.25 -11.12 11.8 -.25 -11.12
3 15 -13.6 -.25 -13.1 -11.8 -.25 -3.74 -11.8 -.25 -2.28
3 15 -13.6 -.25 -13.1 -11.8 -.25 -4.24 -11.8 -.25 -3.74
3 15 -13.6 -.25 -13.1 -11.8 -.25 -4.74 -11.8 -.25 -4.24
3 15 -13.6 -.25 -13.1 -11.8 -.25 -6.2 -11.8 -.25 -4.74
3 15 13.6 -.25 -13.1 11.8 -.25 -2.28 11.8 -.25 -3.74
3 15 13.6 -.25 -13.1 11.8 -.25 -3.74 11.8 -.25 -4.24
3 15 13.6 -.25 -13.1 11.8 -.25 -4.24 11.8 -.25 -4.74
3 15 13.6 -.25 -13.1 11.8 -.25 -4.74 11.8 -.25 -6.2
3 15 13.6 -.25 -13.1 11.8 -.25 -6.2 11.8 -.25 -6.7
4 15 -13.1 -.25 -13.6 -11.8 -.25 -6.7 -11.8 -.25 -6.2 -13.6 -.25 -13.1
3 15 -13.1 -.25 -13.6 -11.8 -.25 -7.2 -11.8 -.25 -6.7
3 15 -13.1 -.25 -13.6 -11.8 -.25 -8.66 -11.8 -.25 -7.2
3 15 -13.1 -.25 -13.6 -11.8 -.25 -9.16 -11.8 -.25 -8.66
3 15 -13.1 -.25 -13.6 -11.8 -.25 -9.66 -11.8 -.25 -9.16
3 15 -13.1 -.25 -13.6 -11.8 -.25 -11.12 -11.8 -.25 -9.66
3 15 -13.1 -.25 -13.6 -11.8 -.25 -11.62 -11.8 -.25 -11.12
3 15 -13.1 -.25 -13.6 -11.8 -.25 -12.12 -11.8 -.25 -11.62
3 15 -13.1 -.25 -13.6 -11.3 -.25 -12.12 -11.8 -.25 -12.12
3 15 -13.1 -.25 -13.6 -4.9 -.25 -12.12 -11.3 -.25 -12.12
3 15 -13.1 -.25 -13.6 -4.4 -.25 -12.12 -4.9 -.25 -12.12
3 15 -13.1 -.25 -13.6 -3.1 -.25 -12.12 -4.4 -.25 -12.12
3 15 -13.1 -.25 -13.6 -2.6 -.25 -12.12 -3.1 -.25 -12.12
3 15 -13.1 -.25 -13.6 1.5 -.25 -12.12 -2.6 -.25 -12.12
3 15 -13.1 -.25 -13.6 2 -.25 -12.12 1.5 -.25 -12.12
4 15 -13.1 -.25 -13.6 13.1 -.25 -13.6 3.3 -.25 -12.12 2 -.25 -12.12
4 15 13.1 -.25 -13.6 13.6 -.25 -13.1 11.8 -.25 -6.7 11.8 -.25 -7.2
3 15 13.1 -.25 -13.6 11.8 -.25 -6.7 11.8 -.25 -7.2
3 15 13.1 -.25 -13.6 11.8 -.25 -7.2 11.8 -.25 -8.66
3 15 13.1 -.25 -13.6 11.8 -.25 -8.66 11.8 -.25 -9.16
3 15 13.1 -.25 -13.6 11.8 -.25 -9.16 11.8 -.25 -9.66
3 15 13.1 -.25 -13.6 11.8 -.25 -9.66 11.8 -.25 -11.12
3 15 13.1 -.25 -13.6 11.8 -.25 -11.12 11.8 -.25 -11.62
3 15 13.1 -.25 -13.6 11.8 -.25 -11.62 11.8 -.25 -12.12
3 15 13.1 -.25 -13.6 3.8 -.25 -12.12 3.3 -.25 -12.12
3 15 13.1 -.25 -13.6 5.4 -.25 -12.12 3.8 -.25 -12.12
3 15 13.1 -.25 -13.6 5.9 -.25 -12.12 5.4 -.25 -12.12
3 15 13.1 -.25 -13.6 7.2 -.25 -12.12 5.9 -.25 -12.12
3 15 13.1 -.25 -13.6 7.7 -.25 -12.12 7.2 -.25 -12.12
3 15 13.1 -.25 -13.6 11.3 -.25 -12.12 7.7 -.25 -12.12
3 15 13.1 -.25 -13.6 11.8 -.25 -12.12 11.3 -.25 -12.12
