0 Sticker  2.2 x  1.8 with Black Stripe on Grey Background
0 Name: 6177969l.dat
0 Author: Massimo Maso [Sirio]
0 !LDRAW_ORG Unofficial_Part
0 !LICENSE Licensed under CC BY 4.0 : see CAreadme.txt

0 BFC CERTIFY CCW

0 !KEYWORDS 1966, Bricklink 75881stk01, Brickowl 507382, Ford, GT40
0 !KEYWORDS Rebrickable 30897, Set 75881, Speed Champions

0 // Primitives
1 16 -16.5 0 20.5 -1.5 0 0 0 -1 0 0 0 1.5 1-4chrd.dat
1 16 16.5 0 20.5 1.5 0 0 0 -1 0 0 0 1.5 1-4chrd.dat
1 16 0 -.25 0 0 0 18 0 .25 0 20.5 0 0 box3u12.dat
1 16 -16.5 0 -20.5 -1.5 0 0 0 -1 0 0 0 -1.5 1-4chrd.dat
1 16 16.5 0 -20.5 1.5 0 0 0 -1 0 0 0 -1.5 1-4chrd.dat
1 16 -16.5 0 20.5 -1.5 0 0 0 -.25 0 0 0 1.5 1-4cyli.dat
1 16 16.5 0 20.5 1.5 0 0 0 -.25 0 0 0 1.5 1-4cyli.dat
1 16 -16.5 0 -20.5 -1.5 0 0 0 -.25 0 0 0 -1.5 1-4cyli.dat
1 16 16.5 0 -20.5 1.5 0 0 0 -.25 0 0 0 -1.5 1-4cyli.dat
1 71 -16.5 -.25 20.5 -1.5 0 0 0 1 0 0 0 1.5 1-4chrd.dat
1 71 16.5 -.25 20.5 1.5 0 0 0 1 0 0 0 1.5 1-4chrd.dat
1 71 -16.5 -.25 -20.5 -1.5 0 0 0 1 0 0 0 -1.5 1-4chrd.dat
1 71 16.5 -.25 -20.5 1.5 0 0 0 1 0 0 0 -1.5 1-4chrd.dat
0 // Bottom faces
4 16 -18 0 20.5 -16.5 0 22 16.5 0 22 18 0 20.5
4 16 -18 0 -20.5 18 0 -20.5 16.5 0 -22 -16.5 0 -22
0 // Lateral faces
3 16 -16.5 0 22 -16.5 -.25 22 -1.8 -.25 22
4 16 -16.5 0 22 -1.8 -.25 22 1.8 -.25 22 16.5 0 22
3 16 16.5 0 22 1.8 -.25 22 16.5 -.25 22
3 16 -16.5 0 -22 -1.8 -.25 -22 -16.5 -.25 -22
4 16 -16.5 0 -22 16.5 0 -22 1.8 -.25 -22 -1.8 -.25 -22
3 16 16.5 0 -22 16.5 -.25 -22 1.8 -.25 -22
0 // Top faces
0 // Black face
4 0 -1.8 -.25 22 -1.8 -.25 -22 1.8 -.25 -22 1.8 -.25 22
0 // Grey faces
4 71 -16.5 -.25 22 -18 -.25 20.5 -18 -.25 -20.5 -16.5 -.25 -22
4 71 -16.5 -.25 22 -16.5 -.25 -22 -1.8 -.25 -22 -1.8 -.25 22
4 71 16.5 -.25 22 1.8 -.25 22 1.8 -.25 -22 16.5 -.25 -22
4 71 16.5 -.25 22 16.5 -.25 -22 18 -.25 -20.5 18 -.25 20.5
