0 Sticker  1.8 x  2.2 with Scuderia Ferrari Logo on Red Background
0 Name: 6177954e.dat
0 Author: Massimo Maso [Sirio]
0 !LDRAW_ORG Unofficial_Part
0 !LICENSE Licensed under CC BY 4.0 : see CAreadme.txt

0 BFC CERTIFY CCW

0 !KEYWORDS Set 75879, SF16-H, Speed Champions


0 // Logo primitive
1 4 0 -.25 .5 .5 0 0 0 1 0 0 0 .5 s\logoferraris05.dat
0 // Primitives
1 16 -16.5 0 20.5 -1.5 0 0 0 -1 0 0 0 1.5 1-4chrd.dat
1 16 16.5 0 20.5 1.5 0 0 0 -1 0 0 0 1.5 1-4chrd.dat
1 16 0 -.25 0 0 0 18 0 .25 0 20.5 0 0 box3u12.dat
1 16 -16.5 0 -20.5 -1.5 0 0 0 -1 0 0 0 -1.5 1-4chrd.dat
1 16 16.5 0 -20.5 1.5 0 0 0 -1 0 0 0 -1.5 1-4chrd.dat
1 16 -16.5 0 20.5 -1.5 0 0 0 -.25 0 0 0 1.5 1-4cyli.dat
1 16 16.5 0 20.5 1.5 0 0 0 -.25 0 0 0 1.5 1-4cyli.dat
1 16 -16.5 0 -20.5 -1.5 0 0 0 -.25 0 0 0 -1.5 1-4cyli.dat
1 16 16.5 0 -20.5 1.5 0 0 0 -.25 0 0 0 -1.5 1-4cyli.dat
1 4 -16.5 -.25 20.5 -1.5 0 0 0 1 0 0 0 1.5 1-4chrd.dat
1 4 16.5 -.25 20.5 1.5 0 0 0 1 0 0 0 1.5 1-4chrd.dat
1 4 -16.5 -.25 -20.5 -1.5 0 0 0 1 0 0 0 -1.5 1-4chrd.dat
1 4 16.5 -.25 -20.5 1.5 0 0 0 1 0 0 0 -1.5 1-4chrd.dat
0 // Bottom face
4 16 16.5 0 22 18 0 20.5 -18 0 20.5 -16.5 0 22
4 16 16.5 0 -22 -16.5 0 -22 -18 0 -20.5 18 0 -20.5
0 // Lateral face
4 16 -16.5 0 22 -16.5 -.25 22 16.5 -.25 22 16.5 0 22
4 16 -16.5 0 -22 16.5 0 -22 16.5 -.25 -22 -16.5 -.25 -22
0 // Top face
0 // Red faces
4 4 -18 -.25 20.5 18 -.25 20.5 16.5 -.25 22 -16.5 -.25 22
4 4 -18 -.25 20.5 -15.7 -.25 11.5 15.7 -.25 11.5 18 -.25 20.5
4 4 -18 -.25 20.5 -18 -.25 -20.5 -15.7 -.25 -10.5 -15.7 -.25 11.5
4 4 18 -.25 -20.5 18 -.25 20.5 15.7 -.25 11.5 15.7 -.25 -10.5
4 4 18 -.25 -20.5 15.7 -.25 -10.5 -15.7 -.25 -10.5 -18 -.25 -20.5
4 4 18 -.25 -20.5 -18 -.25 -20.5 -16.5 -.25 -22 16.5 -.25 -22
