0 Sticker  0.9 x  0.8 with Red Santander Logo on White Background
0 Name: 6177954x.dat
0 Author: Massimo Maso [Sirio]
0 !LDRAW_ORG Unofficial_Part
0 !LICENSE Licensed under CC BY 4.0 : see CAreadme.txt

0 BFC CERTIFY CCW

0 !KEYWORDS Ferrari, Scuderia, Set 75879, SF16-H, Speed Champions


0 // Logo primitive
1 15 0 -.25 -.4 2.1 0 0 0 1 0 0 0 2.1 s\logosantanders05.dat
0 // Primitives
1 16 -6.5 0 7.7732 -1.5 0 0 0 -1 0 0 0 1.5 1-4chrd.dat
1 16 6.5 0 7.7732 1.5 0 0 0 -1 0 0 0 1.5 1-4chrd.dat
1 16 0 -.25 0 0 0 8 0 .25 0 7.7732 0 0 box3u12.dat
1 16 -6.5 0 -7.7732 -1.5 0 0 0 -1 0 0 0 -1.5 1-4chrd.dat
1 16 6.5 0 -7.7732 1.5 0 0 0 -1 0 0 0 -1.5 1-4chrd.dat
1 16 -6.5 0 7.7732 -1.5 0 0 0 -.25 0 0 0 1.5 1-4cyli.dat
1 16 6.5 0 7.7732 1.5 0 0 0 -.25 0 0 0 1.5 1-4cyli.dat
1 16 -6.5 0 -7.7732 -1.5 0 0 0 -.25 0 0 0 -1.5 1-4cyli.dat
1 16 6.5 0 -7.7732 1.5 0 0 0 -.25 0 0 0 -1.5 1-4cyli.dat
1 15 -6.5 -.25 7.7732 -1.5 0 0 0 1 0 0 0 1.5 1-4chrd.dat
1 15 6.5 -.25 7.7732 1.5 0 0 0 1 0 0 0 1.5 1-4chrd.dat
1 15 -6.5 -.25 -7.7732 -1.5 0 0 0 1 0 0 0 -1.5 1-4chrd.dat
1 15 6.5 -.25 -7.7732 1.5 0 0 0 1 0 0 0 -1.5 1-4chrd.dat
0 // Bottom face
4 16 6.5 0 9.2732 8 0 7.7732 -8 0 7.7732 -6.5 0 9.2732
4 16 6.5 0 -9.2732 -6.5 0 -9.2732 -8 0 -7.7732 8 0 -7.7732
0 // Lateral face
4 16 -6.5 0 9.2732 -6.5 -.25 9.2732 6.5 -.25 9.2732 6.5 0 9.2732
4 16 -6.5 0 -9.2732 6.5 0 -9.2732 6.5 -.25 -9.2732 -6.5 -.25 -9.2732
0 // Top face
4 15 -6.5 -.25 9.2732 -8 -.25 7.7732 -5.88 -.25 4.934 .19593 -.25 4.934
3 15 -6.5 -.25 9.2732 .19593 -.25 4.934 6.5 -.25 9.2732
4 15 6.5 -.25 9.2732 .19593 -.25 4.934 5.88 -.25 4.934 8 -.25 7.7732
3 15 -8 -.25 7.7732 -5.88 -.25 -.4 -5.88 -.25 4.934
3 15 -8 -.25 7.7732 -5.88 -.25 -2.794 -5.88 -.25 -.4
4 15 -8 -.25 7.7732 -8 -.25 -7.7732 -5.88 -.25 -5.734 -5.88 -.25 -2.794
3 15 8 -.25 7.7732 5.88 -.25 4.934 5.88 -.25 -.4
3 15 8 -.25 7.7732 5.88 -.25 -.4 5.88 -.25 -2.794
4 15 8 -.25 7.7732 5.88 -.25 -2.794 5.88 -.25 -5.734 8 -.25 -7.7732
4 15 -6.5 -.25 -9.2732 0 -.25 -5.734 -5.88 -.25 -5.734 -8 -.25 -7.7732
3 15 -6.5 -.25 -9.2732 6.5 -.25 -9.2732 0 -.25 -5.734
4 15 6.5 -.25 -9.2732 8 -.25 -7.7732 5.88 -.25 -5.734 0 -.25 -5.734
