0 Sticker  0.9 x  0.8 with Grey Ferrari Horse in Black Stripe on Red Bakground
0 Name: 6177970w.dat
0 Author: Massimo Maso [Sirio]
0 !LDRAW_ORG Unofficial_Part
0 !LICENSE Licensed under CC BY 4.0 : see CAreadme.txt

0 BFC CERTIFY CCW

0 !KEYWORDS Center, Development, Ferrari, FXXK, Set 75882, Speed Champions
0 !KEYWORDS Tunnel, Wind


0 // Logo primitive
1 71 0 -.25 0 1.2 0 0 0 1 0 0 0 1.2 s\logoferraris02a.dat
1 0 0 -.25 0 1.2 0 0 0 1 0 0 0 1.2 s\logoferraris02b.dat
0 // Primitives
1 16 -6.5 0 7.7732 -1.5 0 0 0 -1 0 0 0 1.5 1-4chrd.dat
1 16 6.5 0 7.7732 1.5 0 0 0 -1 0 0 0 1.5 1-4chrd.dat
1 16 0 -.25 0 0 0 8 0 .25 0 7.7732 0 0 box3u12.dat
1 16 -6.5 0 -7.7732 -1.5 0 0 0 -1 0 0 0 -1.5 1-4chrd.dat
1 16 6.5 0 -7.7732 1.5 0 0 0 -1 0 0 0 -1.5 1-4chrd.dat
1 16 -6.5 0 7.7732 -1.5 0 0 0 -.25 0 0 0 1.5 1-4cyli.dat
1 16 6.5 0 7.7732 1.5 0 0 0 -.25 0 0 0 1.5 1-4cyli.dat
1 16 -6.5 0 -7.7732 -1.5 0 0 0 -.25 0 0 0 -1.5 1-4cyli.dat
1 16 6.5 0 -7.7732 1.5 0 0 0 -.25 0 0 0 -1.5 1-4cyli.dat
1 4 -6.5 -.25 7.7732 -1.5 0 0 0 1 0 0 0 1.5 1-4chrd.dat
1 4 6.5 -.25 7.7732 1.5 0 0 0 1 0 0 0 1.5 1-4chrd.dat
1 4 -6.5 -.25 -7.7732 -1.5 0 0 0 1 0 0 0 -1.5 1-4chrd.dat
1 4 6.5 -.25 -7.7732 1.5 0 0 0 1 0 0 0 -1.5 1-4chrd.dat
0 // Bottom face
4 16 6.5 0 9.2732 8 0 7.7732 -8 0 7.7732 -6.5 0 9.2732
4 16 6.5 0 -9.2732 -6.5 0 -9.2732 -8 0 -7.7732 8 0 -7.7732
0 // Lateral face
3 16 -6.5 0 9.2732 -6.5 -.25 9.2732 -5.7 -.25 9.2732
4 16 -6.5 0 9.2732 -5.7 -.25 9.2732 5.7 -.25 9.2732 6.5 0 9.2732
3 16 6.5 0 9.2732 5.7 -.25 9.2732 6.5 -.25 9.2732
3 16 -6.5 0 -9.2732 -5.7 -.25 -9.2732 -6.5 -.25 -9.2732
4 16 -6.5 0 -9.2732 6.5 0 -9.2732 5.7 -.25 -9.2732 -5.7 -.25 -9.2732
3 16 6.5 0 -9.2732 6.5 -.25 -9.2732 5.7 -.25 -9.2732
0 // Top face
0 // Black faces
4 0 -5.7 -.25 9.2732 -5.7 -.25 -9.2732 -4.8 -.25 0 -4.8 -.25 1.32
3 0 -5.7 -.25 9.2732 -4.8 -.25 1.32 -4.8 -.25 6.75
3 0 -5.7 -.25 9.2732 -4.8 -.25 6.75 0 -.25 6.75
3 0 -5.7 -.25 9.2732 0 -.25 6.75 5.7 -.25 9.2732
3 0 5.7 -.25 9.2732 0 -.25 6.75 4.8 -.25 6.75
3 0 5.7 -.25 9.2732 4.8 -.25 6.75 4.8 -.25 3.36
3 0 5.7 -.25 9.2732 4.8 -.25 3.36 4.8 -.25 0
4 0 5.7 -.25 9.2732 4.8 -.25 0 4.8 -.25 -2.16 5.7 -.25 -9.2732
3 0 -5.7 -.25 -9.2732 -4.8 -.25 -2.4 -4.8 -.25 0
3 0 -5.7 -.25 -9.2732 -4.8 -.25 -6.75 -4.8 -.25 -2.4
3 0 -5.7 -.25 -9.2732 0 -.25 -6.75 -4.8 -.25 -6.75
3 0 -5.7 -.25 -9.2732 5.7 -.25 -9.2732 0 -.25 -6.75
3 0 5.7 -.25 -9.2732 4.8 -.25 -2.16 4.8 -.25 -6.75
3 0 5.7 -.25 -9.2732 4.8 -.25 -6.75 0 -.25 -6.75
0 // Red faces
4 4 -6.5 -.25 9.2732 -8 -.25 7.7732 -8 -.25 -7.7732 -6.5 -.25 -9.2732
4 4 -6.5 -.25 9.2732 -6.5 -.25 -9.2732 -5.7 -.25 -9.2732 -5.7 -.25 9.2732
4 4 6.5 -.25 9.2732 5.7 -.25 9.2732 5.7 -.25 -9.2732 6.5 -.25 -9.2732
4 4 6.5 -.25 9.2732 6.5 -.25 -9.2732 8 -.25 -7.7732 8 -.25 7.7732
