0 Sticker  0.8 x  0.9 with White Alfa Romeo Logo on Red Background
0 Name: 6177954f.dat
0 Author: Massimo Maso [Sirio]
0 !LDRAW_ORG Unofficial_Part
0 !LICENSE Licensed under CC BY 4.0 : see CAreadme.txt

0 !HELP At the moment the logo seems to be used only in this part and for this reason it has been inlined.
0 !HELP I started with a 20x20 logo. In case of need I can insert it as primitive.

0 BFC CERTIFY CCW

0 !KEYWORDS Ferrari, Scuderia, Set 75879, SF16-H, Speed Champions

0 !HISTORY 2024-03-23 [OrionP] Updated ring primitives


0 // Primitives
1 16 -7.7732 0 6.5 -1.5 0 0 0 -1 0 0 0 1.5 1-4chrd.dat
1 16 7.7732 0 6.5 1.5 0 0 0 -1 0 0 0 1.5 1-4chrd.dat
1 16 0 -.25 0 0 0 9.2732 0 .25 0 6.5 0 0 box3u12.dat
1 16 -7.7732 0 -6.5 -1.5 0 0 0 -1 0 0 0 -1.5 1-4chrd.dat
1 16 7.7732 0 -6.5 1.5 0 0 0 -1 0 0 0 -1.5 1-4chrd.dat
1 16 -7.7732 0 6.5 -1.5 0 0 0 -.25 0 0 0 1.5 1-4cyli.dat
1 16 7.7732 0 6.5 1.5 0 0 0 -.25 0 0 0 1.5 1-4cyli.dat
1 16 -7.7732 0 -6.5 -1.5 0 0 0 -.25 0 0 0 -1.5 1-4cyli.dat
1 16 7.7732 0 -6.5 1.5 0 0 0 -.25 0 0 0 -1.5 1-4cyli.dat
1 4 -7.7732 -.25 6.5 -1.5 0 0 0 1 0 0 0 1.5 1-4chrd.dat
1 4 7.7732 -.25 6.5 1.5 0 0 0 1 0 0 0 1.5 1-4chrd.dat
1 4 -7.7732 -.25 -6.5 -1.5 0 0 0 1 0 0 0 -1.5 1-4chrd.dat
1 4 7.7732 -.25 -6.5 1.5 0 0 0 1 0 0 0 -1.5 1-4chrd.dat
0 // Bottom face
4 16 7.7732 0 8 9.2732 0 6.5 -9.2732 0 6.5 -7.7732 0 8
4 16 9.2732 0 -6.5 7.7732 0 -8 -7.7732 0 -8 -9.2732 0 -6.5
0 // Lateral face
4 16 -7.7732 0 8 -7.7732 -.25 8 7.7732 -.25 8 7.7732 0 8
4 16 -7.7732 0 -8 7.7732 0 -8 7.7732 -.25 -8 -7.7732 -.25 -8
0 // Top face
4 4 -7.7732 -.25 8 -9.2732 -.25 6.5 -6 -.25 6 0 -.25 6
3 4 -7.7732 -.25 8 0 -.25 6 7.7732 -.25 8
4 4 7.7732 -.25 8 0 -.25 6 6 -.25 6 9.2732 -.25 6.5
4 4 -9.2732 -.25 6.5 -9.2732 -.25 -6.5 -6 -.25 0 -6 -.25 6
4 4 9.2732 -.25 6.5 6 -.25 6 6 -.25 0 9.2732 -.25 -6.5
3 4 -9.2732 -.25 -6.5 -6 -.25 -6 -6 -.25 0
3 4 9.2732 -.25 -6.5 6 -.25 0 6 -.25 -6
4 4 -7.7732 -.25 -8 0 -.25 -6 -6 -.25 -6 -9.2732 -.25 -6.5
3 4 -7.7732 -.25 -8 7.7732 -.25 -8 0 -.25 -6
4 4 7.7732 -.25 -8 9.2732 -.25 -6.5 6 -.25 -6 0 -.25 -6
0 // Logo inlined
0 // Primitives
1 4 0 -.25 0 6 0 0 0 1 0 0 0 6 4-4ndis.dat
1 15 0 -.25 0 .24 0 0 0 1 0 0 0 .24 4-4ring24.dat
1 4 0 -.25 0 5.76 0 0 0 1 0 0 0 5.76 4-4ering.dat
0 // White faces
0 // Text "ALFA"
0 // Letter "Alfa"
3 15 -4.5331 -.25 .9826 -4.3568 -.25 1.0442 -4.3138 -.25 1.329
4 15 -4.5331 -.25 .9826 -4.7573 -.25 .9041 -4.8119 -.25 .5431 -4.6209 -.25 .4018
3 15 -5.3429 -.25 .9689 -5.3992 -.25 .5781 -5.3735 -.25 .5923
3 15 -5.3429 -.25 .9689 -5.3735 -.25 .5923 -5.3447 -.25 .5975
4 15 -5.3429 -.25 .9689 -5.3447 -.25 .5975 -5.3158 -.25 .5933 -5.1257 -.25 .7752
3 15 -5.3429 -.25 .9689 -5.1257 -.25 .7752 -4.7573 -.25 .9041
4 15 -5.3429 -.25 .9689 -4.7573 -.25 .9041 -4.5331 -.25 .9826 -4.3138 -.25 1.329
4 15 -5.2898 -.25 .5799 -4.8119 -.25 .5431 -5.1257 -.25 .7752 -5.3158 -.25 .5933
4 15 -5.2898 -.25 .5799 -4.5139 -.25 .0061 -4.6209 -.25 .4018 -4.8119 -.25 .5431
3 15 -4.6209 -.25 .4018 -4.5139 -.25 .0061 -4.4708 -.25 .2908
0 // Letter "aLfa"
3 15 -4.9466 -.25 2.2624 -5.0917 -.25 1.9726 -5.0701 -.25 1.984
3 15 -4.9466 -.25 2.2624 -5.0701 -.25 1.984 -5.0464 -.25 1.9892
3 15 -4.9466 -.25 2.2624 -5.0464 -.25 1.9892 -5.0221 -.25 1.9877
3 15 -4.9466 -.25 2.2624 -5.0221 -.25 1.9877 -4.999 -.25 1.9799
4 15 -4.276 -.25 1.9265 -4.9466 -.25 2.2624 -4.999 -.25 1.9799 -4.2011 -.25 1.5803
4 15 -4.276 -.25 1.9265 -4.2011 -.25 1.5803 -3.7604 -.25 2.4602 -3.959 -.25 2.5596
0 // Letter "alFa"
4 15 -4.2995 -.25 3.3471 -3.389 -.25 4.0019 -3.5497 -.25 4.1551 -4.3235 -.25 3.3425
4 15 -4.2995 -.25 3.3471 -4.2753 -.25 3.3451 -3.9393 -.25 3.424 -3.389 -.25 4.0019
4 15 -4.2524 -.25 3.3366 -3.7698 -.25 3.2627 -3.9393 -.25 3.424 -4.2753 -.25 3.3451
4 15 -4.2524 -.25 3.3366 -4.2328 -.25 3.3224 -3.6091 -.25 3.1096 -3.7698 -.25 3.2627
4 15 -3.6091 -.25 3.1096 -3.2284 -.25 3.5093 -3.3892 -.25 3.6624 -3.7698 -.25 3.2627
4 15 -3.6091 -.25 3.1096 -4.2328 -.25 3.3224 -3.5865 -.25 2.707 -3.3961 -.25 2.9068
0 // Letter "alfA"
3 15 -2.5928 -.25 4.771 -2.9326 -.25 4.57 -2.9055 -.25 4.559
3 15 -2.5928 -.25 4.771 -2.9055 -.25 4.559 -2.8834 -.25 4.5398
4 15 -2.5928 -.25 4.771 -2.8834 -.25 4.5398 -2.8685 -.25 4.5145 -2.6077 -.25 4.4804
3 15 -2.5928 -.25 4.771 -2.6077 -.25 4.4804 -2.2763 -.25 4.274
4 15 -2.5928 -.25 4.771 -2.2763 -.25 4.274 -2.0747 -.25 4.1485 -1.6673 -.25 4.1947
4 15 -2.5919 -.25 4.0904 -2.6077 -.25 4.4804 -2.8685 -.25 4.5145 -2.8627 -.25 4.4859
4 15 -2.5919 -.25 4.0904 -2.8627 -.25 4.4859 -2.8237 -.25 3.5216 -2.5823 -.25 3.853
4 15 -2.0747 -.25 4.1485 -2.2763 -.25 4.274 -2.5919 -.25 4.0904 -2.5823 -.25 3.853
3 15 -2.0747 -.25 4.1485 -1.9162 -.25 4.0498 -1.6673 -.25 4.1947
3 15 -2.5823 -.25 3.853 -2.8237 -.25 3.5216 -2.5748 -.25 3.6665
0 // Text "ROMEO"
0 // Letter "Romeo"
4 15 -.5313 -.25 5.3805 -.252 -.25 4.98 -.252 -.25 5.214 -.5409 -.25 5.4029
4 15 -.5313 -.25 5.3805 -.528 -.25 5.3564 -.252 -.25 4.758 -.252 -.25 4.98
4 15 .24 -.25 5.214 .285 -.25 5.436 -.576 -.25 5.436 -.5562 -.25 5.4218
4 15 .24 -.25 5.214 -.5562 -.25 5.4218 -.5409 -.25 5.4029 -.252 -.25 5.214
4 15 .24 -.25 5.214 .2848 -.25 5.2051 .4147 -.25 5.4102 .285 -.25 5.436
4 15 .3227 -.25 5.1797 .5247 -.25 5.3367 .4147 -.25 5.4102 .2848 -.25 5.2051
4 15 .3227 -.25 5.1797 .3481 -.25 5.1418 .5982 -.25 5.2267 .5247 -.25 5.3367
4 15 .357 -.25 5.097 .624 -.25 5.097 .5982 -.25 5.2267 .3481 -.25 5.1418
4 15 .357 -.25 5.097 .3481 -.25 5.0522 .5982 -.25 4.9673 .624 -.25 5.097
4 15 .3227 -.25 5.0143 .5247 -.25 4.8573 .5982 -.25 4.9673 .3481 -.25 5.0522
4 15 .3227 -.25 5.0143 .2848 -.25 4.9889 .4196 -.25 4.787 .5247 -.25 4.8573
3 15 .15 -.25 4.758 -.252 -.25 4.98 -.252 -.25 4.758
3 15 .15 -.25 4.758 .24 -.25 4.98 -.252 -.25 4.98
4 15 .15 -.25 4.758 .4196 -.25 4.787 .2848 -.25 4.9889 .24 -.25 4.98
4 15 .15 -.25 4.758 .336 -.25 4.464 .624 -.25 4.464 .4196 -.25 4.787
4 15 -.528 -.25 4.464 -.252 -.25 4.464 -.252 -.25 4.758 -.528 -.25 5.3564
0 // Letter "rOmeo"
4 15 1.6787 -.25 4.9161 1.6303 -.25 5.161 1.4785 -.25 5.1419 1.5938 -.25 4.9095
4 15 1.5127 -.25 4.8838 1.5938 -.25 4.9095 1.4785 -.25 5.1419 1.3358 -.25 5.087
4 15 1.5127 -.25 4.8838 1.3358 -.25 5.087 1.2154 -.25 4.9928 1.4426 -.25 4.8353
4 15 1.3961 -.25 4.7641 1.4426 -.25 4.8353 1.2154 -.25 4.9928 1.1351 -.25 4.8627
4 15 1.3961 -.25 4.7641 1.1351 -.25 4.8627 1.1093 -.25 4.712 1.3839 -.25 4.6798
4 15 1.4044 -.25 4.5971 1.3839 -.25 4.6798 1.1093 -.25 4.712 1.1374 -.25 4.5617
4 15 1.4044 -.25 4.5971 1.1374 -.25 4.5617 1.2081 -.25 4.4261 1.4482 -.25 4.5242
4 15 1.5076 -.25 4.4632 1.4482 -.25 4.5242 1.2081 -.25 4.4261 1.3093 -.25 4.3115
4 15 1.5076 -.25 4.4632 1.3093 -.25 4.3115 1.4319 -.25 4.2202 1.5773 -.25 4.4143
4 15 1.6543 -.25 4.3779 1.5773 -.25 4.4143 1.4319 -.25 4.2202 1.5694 -.25 4.1534
4 15 1.6543 -.25 4.3779 1.5694 -.25 4.1534 1.7168 -.25 4.1125 1.7361 -.25 4.3543
4 15 1.8207 -.25 4.3448 1.7361 -.25 4.3543 1.7168 -.25 4.1125 1.8691 -.25 4.1
4 15 1.8207 -.25 4.3448 1.8691 -.25 4.1 2.0209 -.25 4.119 1.9055 -.25 4.3514
4 15 1.9867 -.25 4.3771 1.9055 -.25 4.3514 2.0209 -.25 4.119 2.1635 -.25 4.174
4 15 1.9867 -.25 4.3771 2.1635 -.25 4.174 2.284 -.25 4.2681 2.0567 -.25 4.4255
4 15 2.1033 -.25 4.4968 2.0567 -.25 4.4255 2.284 -.25 4.2681 2.3643 -.25 4.3982
4 15 2.1033 -.25 4.4968 2.3643 -.25 4.3982 2.3901 -.25 4.5489 2.1155 -.25 4.5811
4 15 2.095 -.25 4.6637 2.1155 -.25 4.5811 2.3901 -.25 4.5489 2.362 -.25 4.6992
4 15 2.095 -.25 4.6637 2.362 -.25 4.6992 2.2913 -.25 4.8348 2.0512 -.25 4.7367
4 15 1.9918 -.25 4.7978 2.0512 -.25 4.7367 2.2913 -.25 4.8348 2.1901 -.25 4.9494
4 15 1.9918 -.25 4.7978 2.1901 -.25 4.9494 2.0675 -.25 5.0407 1.9221 -.25 4.8466
4 15 1.8451 -.25 4.883 1.9221 -.25 4.8466 2.0675 -.25 5.0407 1.93 -.25 5.1075
4 15 1.8451 -.25 4.883 1.93 -.25 5.1075 1.7826 -.25 5.1484 1.7633 -.25 4.9066
4 15 1.6787 -.25 4.9161 1.7633 -.25 4.9066 1.7826 -.25 5.1484 1.6303 -.25 5.161
0 // Letter "roMeo"
4 15 3.1201 -.25 4.0196 3.1206 -.25 4.4069 2.485 -.25 3.7811 2.6878 -.25 3.5939
4 15 3.1201 -.25 4.0196 3.3569 -.25 3.6378 3.1353 -.25 4.4258 3.1206 -.25 4.4069
4 15 3.1201 -.25 4.0196 3.0463 -.25 3.3366 3.0815 -.25 3.3041 3.3569 -.25 3.6378
3 15 3.3569 -.25 3.6378 3.1445 -.25 4.448 3.1353 -.25 4.4258
3 15 3.3569 -.25 3.6378 3.1475 -.25 4.4717 3.1445 -.25 4.448
4 15 3.3569 -.25 3.6378 3.4219 -.25 4.2391 3.1441 -.25 4.4955 3.1475 -.25 4.4717
4 15 3.7564 -.25 3.4324 3.9511 -.25 3.7508 3.3569 -.25 3.6378 3.0815 -.25 3.3041
3 15 3.7564 -.25 3.4324 4.1945 -.25 3.5262 3.9511 -.25 3.7508
4 15 3.7564 -.25 3.4324 3.3668 -.25 2.9674 3.5697 -.25 2.7802 4.1945 -.25 3.5262
0 // Letter "romEo"
4 15 4.4089 -.25 2.5025 4.5426 -.25 2.5703 4.5803 -.25 2.9135 4.5647 -.25 2.8948
3 15 4.4089 -.25 2.5025 4.5647 -.25 2.8948 4.5447 -.25 2.8809
4 15 4.4089 -.25 2.5025 4.5447 -.25 2.8809 3.7543 -.25 2.4799 4.2109 -.25 2.402
4 15 4.4089 -.25 2.5025 4.2109 -.25 2.402 4.4606 -.25 1.9098 4.6586 -.25 2.0102
3 15 4.0771 -.25 2.3342 4.2109 -.25 2.402 3.7543 -.25 2.4799
4 15 4.0771 -.25 2.3342 3.7543 -.25 2.4799 4.2401 -.25 1.5221 4.4381 -.25 1.6225
4 15 4.9036 -.25 1.8587 4.5903 -.25 2.9357 4.5803 -.25 2.9135 4.5426 -.25 2.5703
4 15 4.9036 -.25 1.8587 5.1016 -.25 1.9591 4.594 -.25 2.9597 4.5903 -.25 2.9357
0 // Letter "romeO"
4 15 4.8583 -.25 1.0209 4.8219 -.25 1.2975 4.6769 -.25 1.249 4.7783 -.25 .9918
4 15 4.7152 -.25 .9347 4.7783 -.25 .9918 4.6769 -.25 1.249 4.5577 -.25 1.1533
4 15 4.7152 -.25 .9347 4.5577 -.25 1.1533 4.4716 -.25 1.0269 4.6715 -.25 .8616
4 15 4.6458 -.25 .7804 4.6715 -.25 .8616 4.4716 -.25 1.0269 4.4185 -.25 .8836
4 15 4.6458 -.25 .7804 4.4185 -.25 .8836 4.3959 -.25 .7323 4.6357 -.25 .6959
4 15 4.64 -.25 .6109 4.6357 -.25 .6959 4.3959 -.25 .7323 4.402 -.25 .5795
4 15 4.64 -.25 .6109 4.402 -.25 .5795 4.4357 -.25 .4304 4.6579 -.25 .5276
4 15 4.6895 -.25 .4486 4.6579 -.25 .5276 4.4357 -.25 .4304 4.4966 -.25 .2902
4 15 4.6895 -.25 .4486 4.4966 -.25 .2902 4.585 -.25 .1654 4.7354 -.25 .3769
4 15 4.7964 -.25 .3175 4.7354 -.25 .3769 4.585 -.25 .1654 4.7009 -.25 .0656
4 15 4.7964 -.25 .3175 4.7009 -.25 .0656 4.8408 -.25 .004 4.8722 -.25 .2787
4 15 4.957 -.25 .2713 4.8722 -.25 .2787 4.8408 -.25 .004 4.9934 -.25 -.0053
4 15 4.957 -.25 .2713 4.9934 -.25 -.0053 5.1384 -.25 .0431 5.037 -.25 .3004
4 15 5.1002 -.25 .3575 5.037 -.25 .3004 5.1384 -.25 .0431 5.2576 -.25 .139
4 15 5.1002 -.25 .3575 5.2576 -.25 .139 5.3437 -.25 .2653 5.1437 -.25 .4306
4 15 5.1695 -.25 .5118 5.1437 -.25 .4306 5.3437 -.25 .2653 5.3969 -.25 .4087
4 15 5.1695 -.25 .5118 5.3969 -.25 .4087 5.4194 -.25 .5599 5.1796 -.25 .5963
4 15 5.1754 -.25 .6814 5.1796 -.25 .5963 5.4194 -.25 .5599 5.4133 -.25 .7127
4 15 5.1754 -.25 .6814 5.4133 -.25 .7127 5.3797 -.25 .8618 5.1574 -.25 .7646
4 15 5.1259 -.25 .8437 5.1574 -.25 .7646 5.3797 -.25 .8618 5.3188 -.25 1.0021
4 15 5.1259 -.25 .8437 5.3188 -.25 1.0021 5.2303 -.25 1.1267 5.08 -.25 .9154
4 15 5.0189 -.25 .9747 5.08 -.25 .9154 5.2303 -.25 1.1267 5.1144 -.25 1.2265
4 15 5.0189 -.25 .9747 5.1144 -.25 1.2265 4.9745 -.25 1.2882 4.9432 -.25 1.0135
4 15 4.8583 -.25 1.0209 4.9432 -.25 1.0135 4.9745 -.25 1.2882 4.8219 -.25 1.2975
0 // Middle ring
4 15 3.9 -.25 0 4.14 -.25 0 4.1044 -.25 .5403 3.8665 -.25 .509
4 15 3.767 -.25 1.0093 3.8665 -.25 .509 4.1044 -.25 .5403 3.9988 -.25 1.0714
4 15 3.767 -.25 1.0093 3.9988 -.25 1.0714 3.8249 -.25 1.5844 3.6032 -.25 1.4926
4 15 3.3774 -.25 1.95 3.6032 -.25 1.4926 3.8249 -.25 1.5844 3.5852 -.25 2.07
4 15 3.3774 -.25 1.95 3.5852 -.25 2.07 3.2847 -.25 2.5204 3.0943 -.25 2.3743
4 15 2.7577 -.25 2.7577 3.0943 -.25 2.3743 3.2847 -.25 2.5204 2.9274 -.25 2.9274
4 15 2.7577 -.25 2.7577 2.9274 -.25 2.9274 2.5204 -.25 3.2847 2.3743 -.25 3.0943
4 15 1.95 -.25 3.3774 2.3743 -.25 3.0943 2.5204 -.25 3.2847 2.07 -.25 3.5852
4 15 1.95 -.25 3.3774 2.07 -.25 3.5852 1.5844 -.25 3.8249 1.4926 -.25 3.6032
4 15 1.0093 -.25 3.767 1.4926 -.25 3.6032 1.5844 -.25 3.8249 1.0714 -.25 3.9988
4 15 1.0093 -.25 3.767 1.0714 -.25 3.9988 .5403 -.25 4.1044 .509 -.25 3.8665
4 15 0 -.25 3.9 .509 -.25 3.8665 .5403 -.25 4.1044 0 -.25 4.14
4 15 0 -.25 3.9 0 -.25 4.14 -.5403 -.25 4.1044 -.509 -.25 3.8665
4 15 -1.0093 -.25 3.767 -.509 -.25 3.8665 -.5403 -.25 4.1044 -1.0714 -.25 3.9988
4 15 -1.0093 -.25 3.767 -1.0714 -.25 3.9988 -1.5844 -.25 3.8249 -1.4926 -.25 3.6032
4 15 -1.95 -.25 3.3774 -1.4926 -.25 3.6032 -1.5844 -.25 3.8249 -2.07 -.25 3.5852
4 15 -1.95 -.25 3.3774 -2.07 -.25 3.5852 -2.5204 -.25 3.2847 -2.3743 -.25 3.0943
4 15 -2.7577 -.25 2.7577 -2.3743 -.25 3.0943 -2.5204 -.25 3.2847 -2.9274 -.25 2.9274
4 15 -2.7577 -.25 2.7577 -2.9274 -.25 2.9274 -3.2847 -.25 2.5204 -3.0943 -.25 2.3743
4 15 -3.3774 -.25 1.95 -3.0943 -.25 2.3743 -3.2847 -.25 2.5204 -3.5852 -.25 2.07
4 15 -3.3774 -.25 1.95 -3.5852 -.25 2.07 -3.8249 -.25 1.5844 -3.6032 -.25 1.4926
4 15 -3.767 -.25 1.0093 -3.6032 -.25 1.4926 -3.8249 -.25 1.5844 -3.9988 -.25 1.0714
4 15 -3.767 -.25 1.0093 -3.9988 -.25 1.0714 -4.1044 -.25 .5403 -3.8665 -.25 .509
4 15 -3.9 -.25 0 -3.8665 -.25 .509 -4.1044 -.25 .5403 -4.14 -.25 0
4 15 -3.9 -.25 0 -4.14 -.25 0 -4.1044 -.25 -.5403 -3.8665 -.25 -.509
4 15 -3.767 -.25 -1.0093 -3.8665 -.25 -.509 -4.1044 -.25 -.5403 -3.9988 -.25 -1.0714
4 15 -3.767 -.25 -1.0093 -3.9988 -.25 -1.0714 -3.8249 -.25 -1.5844 -3.6032 -.25 -1.4926
4 15 -3.3774 -.25 -1.95 -3.6032 -.25 -1.4926 -3.8249 -.25 -1.5844 -3.5852 -.25 -2.07
4 15 -3.3774 -.25 -1.95 -3.5852 -.25 -2.07 -3.2847 -.25 -2.5204 -3.0943 -.25 -2.3743
4 15 -2.7577 -.25 -2.7577 -3.0943 -.25 -2.3743 -3.2847 -.25 -2.5204 -2.9274 -.25 -2.9274
4 15 -2.7577 -.25 -2.7577 -2.9274 -.25 -2.9274 -2.5204 -.25 -3.2847 -2.3743 -.25 -3.0943
4 15 -1.95 -.25 -3.3774 -2.3743 -.25 -3.0943 -2.5204 -.25 -3.2847 -2.07 -.25 -3.5852
4 15 -1.95 -.25 -3.3774 -2.07 -.25 -3.5852 -1.5844 -.25 -3.8249 -1.4926 -.25 -3.6032
4 15 -1.0093 -.25 -3.767 -1.4926 -.25 -3.6032 -1.5844 -.25 -3.8249 -1.0714 -.25 -3.9988
4 15 -1.0093 -.25 -3.767 -1.0714 -.25 -3.9988 -.5403 -.25 -4.1044 -.509 -.25 -3.8665
4 15 0 -.25 -3.9 -.509 -.25 -3.8665 -.5403 -.25 -4.1044 0 -.25 -4.14
4 15 0 -.25 -3.9 0 -.25 -4.14 .5403 -.25 -4.1044 .509 -.25 -3.8665
4 15 1.0093 -.25 -3.767 .509 -.25 -3.8665 .5403 -.25 -4.1044 1.0714 -.25 -3.9988
4 15 1.0093 -.25 -3.767 1.0714 -.25 -3.9988 1.5844 -.25 -3.8249 1.4926 -.25 -3.6032
4 15 1.95 -.25 -3.3774 1.4926 -.25 -3.6032 1.5844 -.25 -3.8249 2.07 -.25 -3.5852
4 15 1.95 -.25 -3.3774 2.07 -.25 -3.5852 2.5204 -.25 -3.2847 2.3743 -.25 -3.0943
4 15 2.7577 -.25 -2.7577 2.3743 -.25 -3.0943 2.5204 -.25 -3.2847 2.9274 -.25 -2.9274
4 15 2.7577 -.25 -2.7577 2.9274 -.25 -2.9274 3.2847 -.25 -2.5204 3.0943 -.25 -2.3743
4 15 3.3774 -.25 -1.95 3.0943 -.25 -2.3743 3.2847 -.25 -2.5204 3.5852 -.25 -2.07
4 15 3.3774 -.25 -1.95 3.5852 -.25 -2.07 3.8249 -.25 -1.5844 3.6032 -.25 -1.4926
4 15 3.767 -.25 -1.0093 3.6032 -.25 -1.4926 3.8249 -.25 -1.5844 3.9988 -.25 -1.0714
4 15 3.767 -.25 -1.0093 3.9988 -.25 -1.0714 4.1044 -.25 -.5403 3.8665 -.25 -.509
4 15 3.9 -.25 0 3.8665 -.25 -.509 4.1044 -.25 -.5403 4.14 -.25 0
0 // Cross
4 15 -2.43 -.25 .45 -3.66 -.25 0 -3.6304 -.25 -.45 -2.43 -.25 -.45
3 15 -2.43 -.25 .45 -3.6304 -.25 .45 -3.66 -.25 0
3 15 -2.43 -.25 .45 -2.2282 -.25 2.9038 -2.43 -.25 2.7267
4 15 -2.43 -.25 .45 -1.53 -.25 .45 -1.83 -.25 3.1696 -2.2282 -.25 2.9038
4 15 -2.43 -.25 .45 -2.43 -.25 -.45 -1.53 -.25 -.45 -1.53 -.25 .45
3 15 -1.53 -.25 .45 -1.53 -.25 3.3176 -1.83 -.25 3.1696
3 15 -1.53 -.25 .45 -.4473 -.25 .3971 -.4212 -.25 .45
3 15 -1.53 -.25 .45 -.4985 -.25 .2462 -.4473 -.25 .3971
3 15 -1.53 -.25 .45 -.5295 -.25 .0899 -.4985 -.25 .2462
3 15 -1.53 -.25 .45 -.54 -.25 -.069 -.5295 -.25 .0899
4 15 -1.53 -.25 .45 -1.53 -.25 -.45 -.5295 -.25 -.2279 -.54 -.25 -.069
3 15 -2.43 -.25 -.45 -2.43 -.25 -2.7267 -2.2282 -.25 -2.9038
4 15 -2.43 -.25 -.45 -2.2282 -.25 -2.9038 -1.83 -.25 -3.1696 -1.53 -.25 -.45
3 15 -1.53 -.25 -.45 -.4985 -.25 -.3842 -.5295 -.25 -.2279
3 15 -1.53 -.25 -.45 -.4762 -.25 -.45 -.4985 -.25 -.3842
3 15 -1.53 -.25 -.45 -1.83 -.25 -3.1696 -1.53 -.25 -3.3176
0 // Man
0 // Primitives
1 15 -.756 -.25 1.902 0 0 -.21 0 1 0 .21 0 0 2-4chrd.dat
0 // Faces
4 15 -.651 -.25 2.724 -.756 -.25 2.706 -.708 -.25 2.622 -.685 -.25 2.5918
3 15 -.651 -.25 2.724 -.685 -.25 2.5918 -.6548 -.25 2.5688
4 15 -.651 -.25 2.724 -.6548 -.25 2.5688 -.6197 -.25 2.5546 -.582 -.25 2.55
4 15 -.651 -.25 2.724 -.582 -.25 2.55 -.5722 -.25 2.5486 -.6089 -.25 2.7276
4 15 -.5632 -.25 2.5444 -.5397 -.25 2.7178 -.6089 -.25 2.7276 -.5722 -.25 2.5486
4 15 -.5632 -.25 2.5444 -.5558 -.25 2.5376 -.476 -.25 2.6892 -.5397 -.25 2.7178
4 15 -.5509 -.25 2.529 -.4227 -.25 2.6441 -.476 -.25 2.6892 -.5558 -.25 2.5376
4 15 -.5509 -.25 2.529 -.5243 -.25 2.4538 -.384 -.25 2.5859 -.4227 -.25 2.6441
4 15 -.5024 -.25 2.377 -.2446 -.25 2.2949 -.384 -.25 2.5859 -.5243 -.25 2.4538
4 15 -.5024 -.25 2.377 -.4853 -.25 2.2991 -.1826 -.25 2.183 -.2446 -.25 2.2949
4 15 -.4731 -.25 2.2202 -.1077 -.25 2.0792 -.1826 -.25 2.183 -.4853 -.25 2.2991
4 15 -.4731 -.25 2.2202 -.4657 -.25 2.1407 -.021 -.25 1.9851 -.1077 -.25 2.0792
4 15 -.695 -.25 2.1067 -.756 -.25 2.112 -.756 -.25 1.692 -.695 -.25 1.6973
4 15 -.695 -.25 2.1067 -.695 -.25 1.6973 -.6358 -.25 1.7132 -.6358 -.25 2.0908
4 15 -.5803 -.25 2.0649 -.6358 -.25 2.0908 -.6358 -.25 1.7132 -.5803 -.25 1.7391
4 15 -.5803 -.25 2.0649 -.5803 -.25 1.7391 -.5302 -.25 1.7742 -.5302 -.25 2.0298
4 15 -.5196 -.25 2.0234 -.5302 -.25 2.0298 -.5302 -.25 1.7742 -.5196 -.25 1.7806
4 15 -.5196 -.25 2.0234 -.5196 -.25 1.7806 -.504 -.25 1.7837 -.504 -.25 2.0203
4 15 -.4884 -.25 2.0234 -.504 -.25 2.0203 -.504 -.25 1.7837 -.4884 -.25 1.7806
4 15 -.4884 -.25 2.0234 -.4884 -.25 1.7806 -.4752 -.25 1.7718 -.4752 -.25 2.0322
4 15 -.4664 -.25 1.7586 -.4664 -.25 2.0454 -.4752 -.25 2.0322 -.4752 -.25 1.7718
3 15 -.4664 -.25 1.7586 .0763 -.25 1.902 -.4664 -.25 2.0454
4 15 .0763 -.25 1.902 -.021 -.25 1.9851 -.4657 -.25 2.1407 -.4633 -.25 2.061
3 15 .0763 -.25 1.902 -.4633 -.25 2.061 -.4664 -.25 2.0454
3 15 .0763 -.25 1.902 -.4664 -.25 1.7586 -.4633 -.25 1.743
4 15 .0763 -.25 1.902 -.4633 -.25 1.743 -.4657 -.25 1.6633 -.021 -.25 1.8189
4 15 -.4731 -.25 1.5838 -.1077 -.25 1.7248 -.021 -.25 1.8189 -.4657 -.25 1.6633
4 15 -.4731 -.25 1.5838 -.4853 -.25 1.5049 -.1826 -.25 1.621 -.1077 -.25 1.7248
4 15 -.5024 -.25 1.427 -.2446 -.25 1.5091 -.1826 -.25 1.621 -.4853 -.25 1.5049
4 15 -.5024 -.25 1.427 -.5243 -.25 1.3502 -.384 -.25 1.2181 -.2446 -.25 1.5091
4 15 -.5509 -.25 1.275 -.4227 -.25 1.1599 -.384 -.25 1.2181 -.5243 -.25 1.3502
4 15 -.5509 -.25 1.275 -.5558 -.25 1.2664 -.476 -.25 1.1148 -.4227 -.25 1.1599
4 15 -.5632 -.25 1.2596 -.5397 -.25 1.0862 -.476 -.25 1.1148 -.5558 -.25 1.2664
4 15 -.5632 -.25 1.2596 -.5722 -.25 1.2554 -.6089 -.25 1.0764 -.5397 -.25 1.0862
4 15 -.651 -.25 1.08 -.6089 -.25 1.0764 -.5722 -.25 1.2554 -.582 -.25 1.254
4 15 -.651 -.25 1.08 -.582 -.25 1.254 -.6197 -.25 1.2494 -.6548 -.25 1.2352
3 15 -.651 -.25 1.08 -.6548 -.25 1.2352 -.685 -.25 1.2122
4 15 -.651 -.25 1.08 -.685 -.25 1.2122 -.708 -.25 1.182 -.756 -.25 1.098
0 // Snake
0 // Primitives
1 15 1.656 -.25 3.0266 .28458 0 0 0 1 0 0 0 -.28458 1-4ndis.dat
1 15 1.152 -.25 1.902 0 0 .093 0 1 0 .093 0 0 2-4ndis.dat
1 15 1.53 -.25 1.152 0 0 .189 0 1 0 .189 0 0 2-4ndis.dat
1 15 1.626 -.25 1.416 1.392 0 0 0 1 0 0 0 -1.392 1-4chrd.dat
1 15 .678 -.25 -.069 0 0 -1.032 0 1 0 1.032 0 0 1-4chrd.dat
1 15 .678 -.25 -.069 0 0 -1.032 0 1 0 -1.032 0 0 1-4chrd.dat
1 15 .678 -.25 -.069 0 0 -.093 0 1 0 .093 0 0 2-4ndis.dat
1 15 1.71 -.25 -1.194 0 0 .093 0 1 0 .093 0 0 2-4ndis.dat
1 15 1.752 -.25 -1.092 0 0 .93 0 1 0 .93 0 0 1-4chrd.dat
1 15 1.752 -.25 -1.092 0 0 .93 0 1 0 -.93 0 0 1-4chrd.dat
1 15 .648 -.25 -2.043 0 0 -.756 0 1 0 .756 0 0 1-4chrd.dat
1 15 .648 -.25 -2.043 0 0 -.756 0 1 0 -.756 0 0 1-4chrd.dat
1 15 .63 -.25 -2.115 0 0 -.093 0 1 0 .093 0 0 2-4ndis.dat
1 15 1.296 -.25 -2.808 .6 0 0 0 1 0 0 0 .6 1-4chrd.dat
1 15 1.0631 -.25 -3.177 .378 0 0 0 1 0 0 0 .378 1-4ndis.dat
0 // Faces
4 15 1.9406 -.25 3.0266 2.3743 -.25 2.8246 2.1613 -.25 2.9839 1.9277 -.25 3.1112
4 15 1.9406 -.25 3.0266 1.9406 -.25 2.742 2.5624 -.25 2.6366 2.3743 -.25 2.8246
4 15 1.656 -.25 2.742 1.2 -.25 2.742 2.8495 -.25 2.1904 2.7219 -.25 2.4238
4 15 1.656 -.25 2.742 2.7219 -.25 2.4238 2.5624 -.25 2.6366 1.9406 -.25 2.742
4 15 1.1009 -.25 2.7288 2.9425 -.25 1.9412 2.8495 -.25 2.1904 1.2 -.25 2.742
4 15 1.1009 -.25 2.7288 1.0088 -.25 2.6901 2.999 -.25 1.6813 2.9425 -.25 1.9412
4 15 .7741 -.25 2.4509 .2478 -.25 1.995 1.152 -.25 1.995 .8286 -.25 2.4934
4 15 .7741 -.25 2.4509 .7105 -.25 2.4241 .1354 -.25 2.0779 .2478 -.25 1.995
4 15 .642 -.25 2.415 .0371 -.25 2.1772 .1354 -.25 2.0779 .7105 -.25 2.4241
4 15 .642 -.25 2.415 -.1078 -.25 2.415 -.0446 -.25 2.2904 .0371 -.25 2.1772
4 15 1.245 -.25 1.995 .9299 -.25 2.6286 .8286 -.25 2.4934 1.152 -.25 1.995
4 15 1.245 -.25 1.995 2.999 -.25 1.6813 1.0088 -.25 2.6901 .9299 -.25 2.6286
4 15 1.245 -.25 1.995 1.245 -.25 1.902 3.018 -.25 1.416 2.999 -.25 1.6813
4 15 1.152 -.25 1.809 1.719 -.25 1.341 3.018 -.25 1.416 1.245 -.25 1.809
4 15 1.152 -.25 1.809 .2478 -.25 1.809 .1257 -.25 1.7177 1.719 -.25 1.341
3 15 3.018 -.25 1.416 1.245 -.25 1.902 1.245 -.25 1.809
3 15 3.018 -.25 1.416 1.719 -.25 1.341 1.719 -.25 1.152
3 15 3.018 -.25 1.416 1.719 -.25 1.152 1.719 -.25 .963
3 15 3.018 -.25 1.416 1.719 -.25 .963 1.626 -.25 .024
4 15 1.53 -.25 1.341 1.719 -.25 1.341 .1257 -.25 1.7177 .0208 -.25 1.607
4 15 1.53 -.25 1.341 .0208 -.25 1.607 -.0639 -.25 1.4803 -.126 -.25 1.341
3 15 .585 -.25 .024 .678 -.25 .024 .678 -.25 .963
3 15 .585 -.25 .024 .678 -.25 .963 -.354 -.25 -.069
3 15 .585 -.25 .024 -.354 -.25 -.069 .585 -.25 -.069
4 15 1.626 -.25 .024 1.53 -.25 .963 .678 -.25 .963 .678 -.25 .024
3 15 1.626 -.25 .024 1.719 -.25 .963 1.53 -.25 .963
3 15 .585 -.25 -.162 .585 -.25 -.069 -.354 -.25 -.069
3 15 .585 -.25 -.162 -.354 -.25 -.069 .678 -.25 -1.101
3 15 .585 -.25 -.162 .678 -.25 -1.101 .678 -.25 -.162
4 15 1.752 -.25 -.162 .678 -.25 -.162 .678 -.25 -1.101 1.71 -.25 -1.101
3 15 1.752 -.25 -.162 1.71 -.25 -1.101 1.803 -.25 -1.101
3 15 1.752 -.25 -.162 1.803 -.25 -1.101 2.682 -.25 -1.092
3 15 2.682 -.25 -1.092 1.803 -.25 -1.101 1.803 -.25 -1.194
3 15 2.682 -.25 -1.092 1.803 -.25 -1.194 1.803 -.25 -1.287
3 15 2.682 -.25 -1.092 1.803 -.25 -1.287 1.752 -.25 -2.022
3 15 .537 -.25 -2.022 .63 -.25 -2.022 .648 -.25 -1.287
3 15 .537 -.25 -2.022 .648 -.25 -1.287 -.108 -.25 -2.043
3 15 .537 -.25 -2.022 -.108 -.25 -2.043 .537 -.25 -2.115
4 15 1.752 -.25 -2.022 1.71 -.25 -1.287 .648 -.25 -1.287 .63 -.25 -2.022
3 15 1.752 -.25 -2.022 1.803 -.25 -1.287 1.71 -.25 -1.287
3 15 .537 -.25 -2.208 .537 -.25 -2.115 -.108 -.25 -2.043
3 15 .537 -.25 -2.208 -.108 -.25 -2.043 .648 -.25 -2.799
3 15 .537 -.25 -2.208 .648 -.25 -2.799 .63 -.25 -2.208
4 15 1.296 -.25 -2.208 .63 -.25 -2.208 .648 -.25 -2.799 1.0631 -.25 -2.799
3 15 1.296 -.25 -2.208 1.0631 -.25 -2.799 1.4411 -.25 -2.799
4 15 1.296 -.25 -2.208 1.4411 -.25 -2.799 1.8752 -.25 -2.9756 1.896 -.25 -2.808
4 15 1.4411 -.25 -3.177 1.8142 -.25 -3.1331 1.8752 -.25 -2.9756 1.4411 -.25 -2.799
4 15 1.4411 -.25 -3.177 1.4296 -.25 -3.2692 1.7165 -.25 -3.271 1.8142 -.25 -3.1331
4 15 1.3961 -.25 -3.3557 1.5883 -.25 -3.3808 1.7165 -.25 -3.271 1.4296 -.25 -3.2692
4 15 1.3961 -.25 -3.3557 1.3425 -.25 -3.4316 1.437 -.25 -3.456 1.5883 -.25 -3.3808
3 15 1.272 -.25 -3.492 1.437 -.25 -3.456 1.3425 -.25 -3.4316
0 // Neutral faces
0 // Primitives
1 4 -.756 -.25 1.902 0 0 -.21 0 1 0 .21 0 0 2-4ndis.dat
1 4 1.656 -.25 3.0266 .28458 0 0 0 1 0 0 0 -.28458 1-4chrd.dat
1 4 1.152 -.25 1.902 0 0 .093 0 1 0 .093 0 0 2-4chrd.dat
1 4 1.53 -.25 1.152 0 0 .189 0 1 0 .189 0 0 2-4chrd.dat
1 4 1.626 -.25 1.416 1.392 0 0 0 1 0 0 0 -1.392 1-4ndis.dat
1 4 .678 -.25 -.069 0 0 -1.032 0 1 0 1.032 0 0 2-4ndis.dat
1 4 .678 -.25 -.069 0 0 -.093 0 1 0 .093 0 0 2-4chrd.dat
1 4 1.71 -.25 -1.194 0 0 .093 0 1 0 .093 0 0 2-4chrd.dat
1 4 1.752 -.25 -1.092 0 0 .93 0 1 0 .93 0 0 2-4ndis.dat
1 4 .648 -.25 -2.043 0 0 -.756 0 1 0 .756 0 0 2-4ndis.dat
1 4 .63 -.25 -2.115 0 0 -.093 0 1 0 .093 0 0 2-4chrd.dat
1 4 1.296 -.25 -2.808 .6 0 0 0 1 0 0 0 .6 1-4ndis.dat
1 4 1.0631 -.25 -3.177 .378 0 0 0 1 0 0 0 .378 1-4chrd.dat
0 // External ring faces
3 4 0 -.25 5.76 -.576 -.25 5.436 .285 -.25 5.436
4 4 2.2044 -.25 5.3217 0 -.25 5.76 .285 -.25 5.436 .4147 -.25 5.4102
4 4 2.2044 -.25 5.3217 .4147 -.25 5.4102 .5247 -.25 5.3367 1.6303 -.25 5.161
3 4 2.2044 -.25 5.3217 1.6303 -.25 5.161 1.7826 -.25 5.1484
3 4 2.2044 -.25 5.3217 1.7826 -.25 5.1484 1.93 -.25 5.1075
3 4 2.2044 -.25 5.3217 1.93 -.25 5.1075 2.0675 -.25 5.0407
3 4 2.2044 -.25 5.3217 2.0675 -.25 5.0407 2.1901 -.25 4.9494
4 4 2.2044 -.25 5.3217 2.1901 -.25 4.9494 2.2913 -.25 4.8348 3.1206 -.25 4.4069
4 4 2.2044 -.25 5.3217 3.1206 -.25 4.4069 3.1353 -.25 4.4258 3.1445 -.25 4.448
4 4 2.2044 -.25 5.3217 3.1445 -.25 4.448 3.1475 -.25 4.4717 3.1441 -.25 4.4955
3 4 2.2044 -.25 5.3217 3.1441 -.25 4.4955 4.0729 -.25 4.0729
4 4 .5982 -.25 5.2267 1.4785 -.25 5.1419 1.6303 -.25 5.161 .5247 -.25 5.3367
4 4 .5982 -.25 5.2267 .624 -.25 5.097 1.3358 -.25 5.087 1.4785 -.25 5.1419
4 4 .5982 -.25 4.9673 1.2154 -.25 4.9928 1.3358 -.25 5.087 .624 -.25 5.097
4 4 .5982 -.25 4.9673 .5247 -.25 4.8573 1.1351 -.25 4.8627 1.2154 -.25 4.9928
4 4 .4196 -.25 4.787 1.1093 -.25 4.712 1.1351 -.25 4.8627 .5247 -.25 4.8573
4 4 .4196 -.25 4.787 .624 -.25 4.464 1.1374 -.25 4.5617 1.1093 -.25 4.712
4 4 -2.5928 -.25 4.771 -.576 -.25 5.436 0 -.25 5.76 -2.2044 -.25 5.3217
4 4 -2.5928 -.25 4.771 -.5409 -.25 5.4029 -.5562 -.25 5.4218 -.576 -.25 5.436
4 4 -2.5928 -.25 4.771 -.528 -.25 5.3564 -.5313 -.25 5.3805 -.5409 -.25 5.4029
4 4 -2.5928 -.25 4.771 -1.6673 -.25 4.1947 -.528 -.25 4.464 -.528 -.25 5.3564
4 4 -2.8834 -.25 4.5398 -2.9055 -.25 4.559 -3.5497 -.25 4.1551 -3.389 -.25 4.0019
4 4 -2.8834 -.25 4.5398 -3.389 -.25 4.0019 -3.3892 -.25 3.6624 -2.8685 -.25 4.5145
3 4 3.1206 -.25 4.4069 2.2913 -.25 4.8348 2.362 -.25 4.6992
3 4 3.1206 -.25 4.4069 2.362 -.25 4.6992 2.3901 -.25 4.5489
3 4 3.1206 -.25 4.4069 2.3901 -.25 4.5489 2.3643 -.25 4.3982
4 4 3.1206 -.25 4.4069 2.3643 -.25 4.3982 2.284 -.25 4.2681 2.485 -.25 3.7811
4 4 0 -.25 4.14 -.252 -.25 4.464 -.528 -.25 4.464 -.5403 -.25 4.1044
4 4 0 -.25 4.14 .5403 -.25 4.1044 .336 -.25 4.464 -.252 -.25 4.464
4 4 -4.0729 -.25 4.0729 -2.9326 -.25 4.57 -2.5928 -.25 4.771 -2.2044 -.25 5.3217
4 4 -4.0729 -.25 4.0729 -3.5497 -.25 4.1551 -2.9055 -.25 4.559 -2.9326 -.25 4.57
3 4 -4.0729 -.25 4.0729 -4.3235 -.25 3.3425 -3.5497 -.25 4.1551
4 4 -4.0729 -.25 4.0729 -5.3217 -.25 2.2044 -4.9466 -.25 2.2624 -4.3235 -.25 3.3425
3 4 4.0729 -.25 4.0729 3.1441 -.25 4.4955 3.4219 -.25 4.2391
4 4 4.0729 -.25 4.0729 3.4219 -.25 4.2391 3.3569 -.25 3.6378 3.9511 -.25 3.7508
3 4 4.0729 -.25 4.0729 3.9511 -.25 3.7508 4.1945 -.25 3.5262
4 4 4.0729 -.25 4.0729 4.1945 -.25 3.5262 4.594 -.25 2.9597 5.3217 -.25 2.2044
4 4 -1.0714 -.25 3.9988 -.5403 -.25 4.1044 -.528 -.25 4.464 -1.6673 -.25 4.1947
4 4 -1.0714 -.25 3.9988 -1.6673 -.25 4.1947 -1.9162 -.25 4.0498 -1.5844 -.25 3.8249
4 4 1.0714 -.25 3.9988 .624 -.25 4.464 .336 -.25 4.464 .5403 -.25 4.1044
4 4 1.0714 -.25 3.9988 1.2081 -.25 4.4261 1.1374 -.25 4.5617 .624 -.25 4.464
3 4 1.0714 -.25 3.9988 1.3093 -.25 4.3115 1.2081 -.25 4.4261
3 4 1.0714 -.25 3.9988 1.4319 -.25 4.2202 1.3093 -.25 4.3115
3 4 1.0714 -.25 3.9988 1.5694 -.25 4.1534 1.4319 -.25 4.2202
4 4 1.0714 -.25 3.9988 1.5844 -.25 3.8249 1.7168 -.25 4.1125 1.5694 -.25 4.1534
4 4 -2.07 -.25 3.5852 -1.5844 -.25 3.8249 -1.9162 -.25 4.0498 -2.0747 -.25 4.1485
4 4 -2.07 -.25 3.5852 -2.0747 -.25 4.1485 -2.5823 -.25 3.853 -2.5748 -.25 3.6665
4 4 -2.07 -.25 3.5852 -2.5748 -.25 3.6665 -2.8237 -.25 3.5216 -2.5204 -.25 3.2847
4 4 2.07 -.25 3.5852 1.8691 -.25 4.1 1.7168 -.25 4.1125 1.5844 -.25 3.8249
3 4 2.07 -.25 3.5852 2.0209 -.25 4.119 1.8691 -.25 4.1
3 4 2.07 -.25 3.5852 2.1635 -.25 4.174 2.0209 -.25 4.119
4 4 2.07 -.25 3.5852 2.485 -.25 3.7811 2.284 -.25 4.2681 2.1635 -.25 4.174
4 4 2.07 -.25 3.5852 2.5204 -.25 3.2847 2.6878 -.25 3.5939 2.485 -.25 3.7811
4 4 4.1945 -.25 3.5262 4.5803 -.25 2.9135 4.5903 -.25 2.9357 4.594 -.25 2.9597
4 4 4.1945 -.25 3.5262 4.5447 -.25 2.8809 4.5647 -.25 2.8948 4.5803 -.25 2.9135
4 4 4.1945 -.25 3.5262 3.5697 -.25 2.7802 3.7543 -.25 2.4799 4.5447 -.25 2.8809
4 4 -3.2284 -.25 3.5093 -2.8627 -.25 4.4859 -2.8685 -.25 4.5145 -3.3892 -.25 3.6624
3 4 -3.2284 -.25 3.5093 -2.8237 -.25 3.5216 -2.8627 -.25 4.4859
4 4 -3.2284 -.25 3.5093 -2.9274 -.25 2.9274 -2.5204 -.25 3.2847 -2.8237 -.25 3.5216
4 4 -3.2284 -.25 3.5093 -3.3961 -.25 2.9068 -3.2847 -.25 2.5204 -2.9274 -.25 2.9274
3 4 -3.2284 -.25 3.5093 -3.6091 -.25 3.1096 -3.3961 -.25 2.9068
4 4 3.0463 -.25 3.3366 3.1201 -.25 4.0196 2.6878 -.25 3.5939 2.5204 -.25 3.2847
4 4 3.0463 -.25 3.3366 2.5204 -.25 3.2847 2.9274 -.25 2.9274 3.0815 -.25 3.3041
4 4 3.3668 -.25 2.9674 3.7564 -.25 3.4324 3.0815 -.25 3.3041 2.9274 -.25 2.9274
4 4 3.3668 -.25 2.9674 2.9274 -.25 2.9274 3.2847 -.25 2.5204 3.5697 -.25 2.7802
4 4 -3.959 -.25 2.5596 -3.7604 -.25 2.4602 -3.5865 -.25 2.707 -4.2328 -.25 3.3224
4 4 -3.959 -.25 2.5596 -4.2328 -.25 3.3224 -4.2524 -.25 3.3366 -4.276 -.25 1.9265
4 4 -4.9466 -.25 2.2624 -4.276 -.25 1.9265 -4.2524 -.25 3.3366 -4.2753 -.25 3.3451
4 4 -4.9466 -.25 2.2624 -4.2753 -.25 3.3451 -4.2995 -.25 3.3471 -4.3235 -.25 3.3425
3 4 -4.9466 -.25 2.2624 -5.3217 -.25 2.2044 -5.0917 -.25 1.9726
3 4 5.3217 -.25 2.2044 4.594 -.25 2.9597 5.1016 -.25 1.9591
4 4 5.3217 -.25 2.2044 5.1016 -.25 1.9591 5.1144 -.25 1.2265 5.2303 -.25 1.1267
3 4 5.3217 -.25 2.2044 5.2303 -.25 1.1267 5.3188 -.25 1.0021
3 4 5.3217 -.25 2.2044 5.3188 -.25 1.0021 5.3797 -.25 .8618
4 4 5.3217 -.25 2.2044 5.3797 -.25 .8618 5.4133 -.25 .7127 5.76 -.25 0
4 4 -3.5852 -.25 2.07 -3.2847 -.25 2.5204 -3.3961 -.25 2.9068 -3.5865 -.25 2.707
4 4 -3.5852 -.25 2.07 -3.5865 -.25 2.707 -3.7604 -.25 2.4602 -3.8249 -.25 1.5844
4 4 3.5852 -.25 2.07 3.7543 -.25 2.4799 3.5697 -.25 2.7802 3.2847 -.25 2.5204
4 4 3.5852 -.25 2.07 3.8249 -.25 1.5844 4.2401 -.25 1.5221 3.7543 -.25 2.4799
4 4 5.1016 -.25 1.9591 4.9036 -.25 1.8587 4.9745 -.25 1.2882 5.1144 -.25 1.2265
4 4 4.4381 -.25 1.6225 4.8219 -.25 1.2975 4.9745 -.25 1.2882 4.9036 -.25 1.8587
3 4 4.4381 -.25 1.6225 4.6769 -.25 1.249 4.8219 -.25 1.2975
3 4 4.4381 -.25 1.6225 4.5577 -.25 1.1533 4.6769 -.25 1.249
4 4 4.4381 -.25 1.6225 4.2401 -.25 1.5221 4.4716 -.25 1.0269 4.5577 -.25 1.1533
4 4 -3.9988 -.25 1.0714 -3.8249 -.25 1.5844 -3.7604 -.25 2.4602 -4.2011 -.25 1.5803
4 4 -3.9988 -.25 1.0714 -4.2011 -.25 1.5803 -4.3138 -.25 1.329 -4.3568 -.25 1.0442
4 4 -3.9988 -.25 1.0714 -4.3568 -.25 1.0442 -4.5331 -.25 .9826 -4.1044 -.25 .5403
4 4 3.9988 -.25 1.0714 4.4716 -.25 1.0269 4.2401 -.25 1.5221 3.8249 -.25 1.5844
3 4 3.9988 -.25 1.0714 4.4185 -.25 .8836 4.4716 -.25 1.0269
3 4 3.9988 -.25 1.0714 4.3959 -.25 .7323 4.4185 -.25 .8836
4 4 3.9988 -.25 1.0714 4.1044 -.25 .5403 4.402 -.25 .5795 4.3959 -.25 .7323
4 4 -5.3429 -.25 .9689 -5.0464 -.25 1.9892 -5.0701 -.25 1.984 -5.0917 -.25 1.9726
4 4 -5.3429 -.25 .9689 -4.999 -.25 1.9799 -5.0221 -.25 1.9877 -5.0464 -.25 1.9892
4 4 -5.3429 -.25 .9689 -4.3138 -.25 1.329 -4.2011 -.25 1.5803 -4.999 -.25 1.9799
4 4 -4.4708 -.25 .2908 -4.1044 -.25 .5403 -4.5331 -.25 .9826 -4.6209 -.25 .4018
4 4 -4.4708 -.25 .2908 -4.5139 -.25 .0061 -4.14 -.25 0 -4.1044 -.25 .5403
4 4 -5.76 -.25 0 -5.3429 -.25 .9689 -5.0917 -.25 1.9726 -5.3217 -.25 2.2044
3 4 -5.76 -.25 0 -5.3992 -.25 .5781 -5.3429 -.25 .9689
4 4 -5.76 -.25 0 -5.3447 -.25 .5975 -5.3735 -.25 .5923 -5.3992 -.25 .5781
4 4 -5.76 -.25 0 -5.2898 -.25 .5799 -5.3158 -.25 .5933 -5.3447 -.25 .5975
3 4 -5.76 -.25 0 -4.5139 -.25 .0061 -5.2898 -.25 .5799
4 4 -5.76 -.25 0 -4.1044 -.25 -.5403 -4.14 -.25 0 -4.5139 -.25 .0061
4 4 -5.76 -.25 0 -5.3217 -.25 -2.2044 -3.9988 -.25 -1.0714 -4.1044 -.25 -.5403
4 4 4.14 -.25 0 4.4357 -.25 .4304 4.402 -.25 .5795 4.1044 -.25 .5403
3 4 4.14 -.25 0 4.4966 -.25 .2902 4.4357 -.25 .4304
3 4 4.14 -.25 0 4.585 -.25 .1654 4.4966 -.25 .2902
4 4 4.14 -.25 0 4.1044 -.25 -.5403 4.7009 -.25 .0656 4.585 -.25 .1654
3 4 5.76 -.25 0 5.4133 -.25 .7127 5.4194 -.25 .5599
3 4 5.76 -.25 0 5.4194 -.25 .5599 5.3969 -.25 .4087
3 4 5.76 -.25 0 5.3969 -.25 .4087 5.3437 -.25 .2653
3 4 5.76 -.25 0 5.3437 -.25 .2653 5.2576 -.25 .139
3 4 5.76 -.25 0 5.2576 -.25 .139 5.1384 -.25 .0431
4 4 5.76 -.25 0 5.1384 -.25 .0431 4.9934 -.25 -.0053 4.1044 -.25 -.5403
3 4 4.1044 -.25 -.5403 4.8408 -.25 .004 4.7009 -.25 .0656
3 4 4.1044 -.25 -.5403 4.9934 -.25 -.0053 4.8408 -.25 .004
4 4 4.1044 -.25 -.5403 3.9988 -.25 -1.0714 5.3217 -.25 -2.2044 5.76 -.25 0
3 4 -5.3217 -.25 -2.2044 -3.8249 -.25 -1.5844 -3.9988 -.25 -1.0714
3 4 -5.3217 -.25 -2.2044 -3.5852 -.25 -2.07 -3.8249 -.25 -1.5844
4 4 -5.3217 -.25 -2.2044 -4.0729 -.25 -4.0729 -3.2847 -.25 -2.5204 -3.5852 -.25 -2.07
3 4 5.3217 -.25 -2.2044 3.9988 -.25 -1.0714 3.8249 -.25 -1.5844
3 4 5.3217 -.25 -2.2044 3.8249 -.25 -1.5844 3.5852 -.25 -2.07
4 4 5.3217 -.25 -2.2044 3.5852 -.25 -2.07 3.2847 -.25 -2.5204 4.0729 -.25 -4.0729
3 4 -4.0729 -.25 -4.0729 -2.9274 -.25 -2.9274 -3.2847 -.25 -2.5204
3 4 -4.0729 -.25 -4.0729 -2.5204 -.25 -3.2847 -2.9274 -.25 -2.9274
4 4 -4.0729 -.25 -4.0729 -2.2044 -.25 -5.3217 -2.07 -.25 -3.5852 -2.5204 -.25 -3.2847
3 4 4.0729 -.25 -4.0729 3.2847 -.25 -2.5204 2.9274 -.25 -2.9274
3 4 4.0729 -.25 -4.0729 2.9274 -.25 -2.9274 2.5204 -.25 -3.2847
4 4 4.0729 -.25 -4.0729 2.5204 -.25 -3.2847 2.07 -.25 -3.5852 2.2044 -.25 -5.3217
3 4 -2.2044 -.25 -5.3217 -1.5844 -.25 -3.8249 -2.07 -.25 -3.5852
3 4 -2.2044 -.25 -5.3217 -1.0714 -.25 -3.9988 -1.5844 -.25 -3.8249
4 4 -2.2044 -.25 -5.3217 0 -.25 -5.76 -.5403 -.25 -4.1044 -1.0714 -.25 -3.9988
3 4 2.2044 -.25 -5.3217 2.07 -.25 -3.5852 1.5844 -.25 -3.8249
3 4 2.2044 -.25 -5.3217 1.5844 -.25 -3.8249 1.0714 -.25 -3.9988
4 4 2.2044 -.25 -5.3217 1.0714 -.25 -3.9988 .5403 -.25 -4.1044 0 -.25 -5.76
3 4 0 -.25 -5.76 0 -.25 -4.14 -.5403 -.25 -4.1044
3 4 0 -.25 -4.14 0 -.25 -5.76 .5403 -.25 -4.1044
0 // Filler of letters
4 4 -.252 -.25 5.214 .3227 -.25 5.1797 .2848 -.25 5.2051 .24 -.25 5.214
4 4 -.252 -.25 5.214 .357 -.25 5.097 .3481 -.25 5.1418 .3227 -.25 5.1797
3 4 -.252 -.25 5.214 -.252 -.25 4.98 .357 -.25 5.097
4 4 -.252 -.25 4.98 .3227 -.25 5.0143 .3481 -.25 5.0522 .357 -.25 5.097
4 4 -.252 -.25 4.98 .24 -.25 4.98 .2848 -.25 4.9889 .3227 -.25 5.0143
4 4 1.5127 -.25 4.8838 1.4426 -.25 4.8353 1.3961 -.25 4.7641 1.3839 -.25 4.6798
4 4 1.5127 -.25 4.8838 1.3839 -.25 4.6798 1.4044 -.25 4.5971 1.5938 -.25 4.9095
4 4 1.6787 -.25 4.9161 1.5938 -.25 4.9095 1.4044 -.25 4.5971 1.4482 -.25 4.5242
4 4 1.6787 -.25 4.9161 1.4482 -.25 4.5242 1.5076 -.25 4.4632 1.7633 -.25 4.9066
4 4 1.8451 -.25 4.883 1.7633 -.25 4.9066 1.5076 -.25 4.4632 1.5773 -.25 4.4143
4 4 1.8451 -.25 4.883 1.5773 -.25 4.4143 1.6543 -.25 4.3779 1.9221 -.25 4.8466
4 4 1.9918 -.25 4.7978 1.9221 -.25 4.8466 1.6543 -.25 4.3779 1.7361 -.25 4.3543
4 4 1.9918 -.25 4.7978 1.7361 -.25 4.3543 1.8207 -.25 4.3448 2.0512 -.25 4.7367
4 4 2.095 -.25 4.6637 2.0512 -.25 4.7367 1.8207 -.25 4.3448 1.9055 -.25 4.3514
4 4 2.095 -.25 4.6637 1.9055 -.25 4.3514 1.9867 -.25 4.3771 2.1155 -.25 4.5811
4 4 2.1033 -.25 4.4968 2.1155 -.25 4.5811 1.9867 -.25 4.3771 2.0567 -.25 4.4255
4 4 -.252 -.25 4.464 .336 -.25 4.464 .15 -.25 4.758 -.252 -.25 4.758
3 4 -2.6077 -.25 4.4804 -2.5919 -.25 4.0904 -2.2763 -.25 4.274
4 4 -3.389 -.25 4.0019 -3.9393 -.25 3.424 -3.7698 -.25 3.2627 -3.3892 -.25 3.6624
4 4 4.9036 -.25 1.8587 4.5426 -.25 2.5703 4.4089 -.25 2.5025 4.6586 -.25 2.0102
4 4 4.9036 -.25 1.8587 4.6586 -.25 2.0102 4.4606 -.25 1.9098 4.4381 -.25 1.6225
4 4 4.4381 -.25 1.6225 4.4606 -.25 1.9098 4.2109 -.25 2.402 4.0771 -.25 2.3342
4 4 4.9432 -.25 1.0135 4.8583 -.25 1.0209 4.7783 -.25 .9918 4.7152 -.25 .9347
4 4 4.9432 -.25 1.0135 4.7152 -.25 .9347 4.6715 -.25 .8616 5.0189 -.25 .9747
4 4 5.08 -.25 .9154 5.0189 -.25 .9747 4.6715 -.25 .8616 4.6458 -.25 .7804
4 4 5.08 -.25 .9154 4.6458 -.25 .7804 4.6357 -.25 .6959 5.1259 -.25 .8437
4 4 5.1574 -.25 .7646 5.1259 -.25 .8437 4.6357 -.25 .6959 4.64 -.25 .6109
4 4 5.1574 -.25 .7646 4.64 -.25 .6109 4.6579 -.25 .5276 5.1754 -.25 .6814
4 4 5.1796 -.25 .5963 5.1754 -.25 .6814 4.6579 -.25 .5276 4.6895 -.25 .4486
4 4 5.1796 -.25 .5963 4.6895 -.25 .4486 4.7354 -.25 .3769 5.1695 -.25 .5118
4 4 5.1437 -.25 .4306 5.1695 -.25 .5118 4.7354 -.25 .3769 4.7964 -.25 .3175
4 4 5.1437 -.25 .4306 4.7964 -.25 .3175 4.8722 -.25 .2787 5.1002 -.25 .3575
4 4 5.037 -.25 .3004 5.1002 -.25 .3575 4.8722 -.25 .2787 4.957 -.25 .2713
3 4 -5.1257 -.25 .7752 -4.8119 -.25 .5431 -4.7573 -.25 .9041
0 // Inner disc faces
4 4 0 -.25 3.9 -.509 -.25 3.8665 1.1009 -.25 2.7288 1.2 -.25 2.742
4 4 0 -.25 3.9 1.2 -.25 2.742 1.656 -.25 2.742 .509 -.25 3.8665
4 4 -1.0093 -.25 3.767 1.0088 -.25 2.6901 1.1009 -.25 2.7288 -.509 -.25 3.8665
4 4 -1.0093 -.25 3.767 -.5397 -.25 2.7178 .9299 -.25 2.6286 1.0088 -.25 2.6901
4 4 -1.0093 -.25 3.767 -1.4926 -.25 3.6032 -.6089 -.25 2.7276 -.5397 -.25 2.7178
4 4 1.0093 -.25 3.767 .509 -.25 3.8665 1.656 -.25 2.742 1.9406 -.25 3.0266
4 4 1.0093 -.25 3.767 1.9406 -.25 3.0266 1.9277 -.25 3.1112 1.4926 -.25 3.6032
4 4 -1.95 -.25 3.3774 -1.83 -.25 3.1696 -1.53 -.25 3.3176 -1.4926 -.25 3.6032
4 4 -1.95 -.25 3.3774 -2.3743 -.25 3.0943 -2.2282 -.25 2.9038 -1.83 -.25 3.1696
4 4 1.95 -.25 3.3774 1.4926 -.25 3.6032 1.9277 -.25 3.1112 2.1613 -.25 2.9839
4 4 1.95 -.25 3.3774 2.1613 -.25 2.9839 2.3743 -.25 2.8246 2.3743 -.25 3.0943
4 4 -1.53 -.25 3.3176 -.651 -.25 2.724 -.6089 -.25 2.7276 -1.4926 -.25 3.6032
3 4 -1.53 -.25 3.3176 -.756 -.25 2.706 -.651 -.25 2.724
4 4 -1.53 -.25 3.3176 -.966 -.25 2.112 -.708 -.25 2.622 -.756 -.25 2.706
3 4 -1.53 -.25 3.3176 -.966 -.25 1.902 -.966 -.25 2.112
4 4 -1.53 -.25 3.3176 -1.53 -.25 .45 -.966 -.25 1.692 -.966 -.25 1.902
4 4 -2.7577 -.25 2.7577 -2.43 -.25 2.7267 -2.2282 -.25 2.9038 -2.3743 -.25 3.0943
4 4 2.7577 -.25 2.7577 2.3743 -.25 3.0943 2.3743 -.25 2.8246 2.5624 -.25 2.6366
4 4 2.7577 -.25 2.7577 2.5624 -.25 2.6366 2.7219 -.25 2.4238 3.0943 -.25 2.3743
4 4 -.476 -.25 2.6892 .8286 -.25 2.4934 .9299 -.25 2.6286 -.5397 -.25 2.7178
4 4 -.476 -.25 2.6892 -.4227 -.25 2.6441 .7741 -.25 2.4509 .8286 -.25 2.4934
4 4 -.685 -.25 2.5918 -.708 -.25 2.622 -.966 -.25 2.112 -.756 -.25 2.112
4 4 -.685 -.25 2.5918 -.756 -.25 2.112 -.695 -.25 2.1067 -.6548 -.25 2.5688
4 4 -.384 -.25 2.5859 .7105 -.25 2.4241 .7741 -.25 2.4509 -.4227 -.25 2.6441
4 4 -.384 -.25 2.5859 -.1078 -.25 2.415 .642 -.25 2.415 .7105 -.25 2.4241
3 4 -.384 -.25 2.5859 -.2446 -.25 2.2949 -.1078 -.25 2.415
4 4 -.6197 -.25 2.5546 -.6548 -.25 2.5688 -.695 -.25 2.1067 -.6358 -.25 2.0908
4 4 -.6197 -.25 2.5546 -.6358 -.25 2.0908 -.5803 -.25 2.0649 -.582 -.25 2.55
4 4 -.5722 -.25 2.5486 -.582 -.25 2.55 -.5803 -.25 2.0649 -.5302 -.25 2.0298
4 4 -.5722 -.25 2.5486 -.5302 -.25 2.0298 -.5196 -.25 2.0234 -.5632 -.25 2.5444
4 4 -.5558 -.25 2.5376 -.5632 -.25 2.5444 -.5196 -.25 2.0234 -.504 -.25 2.0203
4 4 -.5558 -.25 2.5376 -.504 -.25 2.0203 -.4884 -.25 2.0234 -.5509 -.25 2.529
4 4 -.5243 -.25 2.4538 -.5509 -.25 2.529 -.4884 -.25 2.0234 -.4752 -.25 2.0322
4 4 -.5243 -.25 2.4538 -.4752 -.25 2.0322 -.4664 -.25 2.0454 -.5024 -.25 2.377
4 4 -.4853 -.25 2.2991 -.5024 -.25 2.377 -.4664 -.25 2.0454 -.4633 -.25 2.061
4 4 -.4853 -.25 2.2991 -.4633 -.25 2.061 -.4657 -.25 2.1407 -.4731 -.25 2.2202
4 4 -.0446 -.25 2.2904 -.1078 -.25 2.415 -.2446 -.25 2.2949 -.1826 -.25 2.183
4 4 -.0446 -.25 2.2904 -.1826 -.25 2.183 -.1077 -.25 2.0792 .0371 -.25 2.1772
4 4 .1354 -.25 2.0779 .0371 -.25 2.1772 -.1077 -.25 2.0792 -.021 -.25 1.9851
4 4 .1354 -.25 2.0779 -.021 -.25 1.9851 .0763 -.25 1.902 .2478 -.25 1.995
4 4 3.3774 -.25 1.95 3.0943 -.25 2.3743 2.7219 -.25 2.4238 2.8495 -.25 2.1904
4 4 3.3774 -.25 1.95 2.8495 -.25 2.1904 2.9425 -.25 1.9412 3.6032 -.25 1.4926
3 4 .2478 -.25 1.809 .2478 -.25 1.995 .0763 -.25 1.902
4 4 .2478 -.25 1.809 1.152 -.25 1.809 1.152 -.25 1.995 .2478 -.25 1.995
4 4 .2478 -.25 1.809 .0763 -.25 1.902 -.021 -.25 1.8189 .1257 -.25 1.7177
4 4 -.504 -.25 1.7837 -.5196 -.25 1.7806 -.5632 -.25 1.2596 -.5558 -.25 1.2664
4 4 -.504 -.25 1.7837 -.5558 -.25 1.2664 -.5509 -.25 1.275 -.4884 -.25 1.7806
4 4 -.5302 -.25 1.7742 -.5722 -.25 1.2554 -.5632 -.25 1.2596 -.5196 -.25 1.7806
4 4 -.5302 -.25 1.7742 -.5803 -.25 1.7391 -.582 -.25 1.254 -.5722 -.25 1.2554
4 4 -.4752 -.25 1.7718 -.4884 -.25 1.7806 -.5509 -.25 1.275 -.5243 -.25 1.3502
4 4 -.4752 -.25 1.7718 -.5243 -.25 1.3502 -.5024 -.25 1.427 -.4664 -.25 1.7586
4 4 -.4633 -.25 1.743 -.4664 -.25 1.7586 -.5024 -.25 1.427 -.4853 -.25 1.5049
4 4 -.4633 -.25 1.743 -.4657 -.25 1.6633 -.4731 -.25 1.5838 -.4853 -.25 1.5049
4 4 -.6358 -.25 1.7132 -.6197 -.25 1.2494 -.582 -.25 1.254 -.5803 -.25 1.7391
4 4 -.6358 -.25 1.7132 -.695 -.25 1.6973 -.6548 -.25 1.2352 -.6197 -.25 1.2494
4 4 -.966 -.25 1.692 -1.53 -.25 .45 -.756 -.25 1.098 -.708 -.25 1.182
4 4 -.966 -.25 1.692 -.708 -.25 1.182 -.685 -.25 1.2122 -.756 -.25 1.692
4 4 -.756 -.25 1.692 -.685 -.25 1.2122 -.6548 -.25 1.2352 -.695 -.25 1.6973
4 4 .0208 -.25 1.607 .1257 -.25 1.7177 -.021 -.25 1.8189 -.1077 -.25 1.7248
4 4 .0208 -.25 1.607 -.1077 -.25 1.7248 -.1826 -.25 1.621 -.0639 -.25 1.4803
4 4 -.126 -.25 1.341 -.0639 -.25 1.4803 -.1826 -.25 1.621 -.2446 -.25 1.5091
4 4 -.126 -.25 1.341 -.2446 -.25 1.5091 -.384 -.25 1.2181 -.354 -.25 .963
3 4 -.126 -.25 1.341 -.354 -.25 .963 .678 -.25 .963
4 4 -.126 -.25 1.341 .678 -.25 .963 1.53 -.25 .963 1.53 -.25 1.341
4 4 3.767 -.25 1.0093 3.6032 -.25 1.4926 2.9425 -.25 1.9412 2.999 -.25 1.6813
4 4 3.767 -.25 1.0093 2.999 -.25 1.6813 3.018 -.25 1.416 3.8665 -.25 .509
3 4 -.354 -.25 .963 -.4227 -.25 1.1599 -.476 -.25 1.1148
3 4 -.354 -.25 .963 -.384 -.25 1.2181 -.4227 -.25 1.1599
4 4 -2.43 -.25 .45 -2.43 -.25 2.7267 -2.7577 -.25 2.7577 -3.0943 -.25 2.3743
4 4 -2.43 -.25 .45 -3.767 -.25 1.0093 -3.8665 -.25 .509 -3.6304 -.25 .45
3 4 -2.43 -.25 .45 -3.0943 -.25 2.3743 -3.3774 -.25 1.95
4 4 -2.43 -.25 .45 -3.3774 -.25 1.95 -3.6032 -.25 1.4926 -3.767 -.25 1.0093
4 4 -.4212 -.25 .45 -.651 -.25 1.08 -.756 -.25 1.098 -1.53 -.25 .45
3 4 -.4212 -.25 .45 -.6089 -.25 1.0764 -.651 -.25 1.08
3 4 -.4212 -.25 .45 -.5397 -.25 1.0862 -.6089 -.25 1.0764
3 4 -.4212 -.25 .45 -.476 -.25 1.1148 -.5397 -.25 1.0862
4 4 .678 -.25 .024 .678 -.25 -.162 1.752 -.25 -.162 1.626 -.25 .024
4 4 3.018 -.25 .024 3.9 -.25 0 3.8665 -.25 .509 3.018 -.25 1.416
4 4 3.018 -.25 .024 3.767 -.25 -1.0093 3.8665 -.25 -.509 3.9 -.25 0
4 4 3.018 -.25 .024 2.682 -.25 -2.022 3.6032 -.25 -1.4926 3.767 -.25 -1.0093
3 4 3.018 -.25 .024 2.682 -.25 -1.092 2.682 -.25 -2.022
3 4 3.018 -.25 .024 2.682 -.25 -.162 2.682 -.25 -1.092
4 4 3.018 -.25 .024 1.626 -.25 .024 1.752 -.25 -.162 2.682 -.25 -.162
4 4 -3.9 -.25 0 -3.66 -.25 0 -3.6304 -.25 .45 -3.8665 -.25 .509
4 4 -3.9 -.25 0 -3.8665 -.25 -.509 -3.6304 -.25 -.45 -3.66 -.25 0
4 4 -.354 -.25 -.069 -.354 -.25 .963 -.476 -.25 1.1148 -.4212 -.25 .45
3 4 -.354 -.25 -.069 -.4212 -.25 .45 -.4473 -.25 .3971
4 4 -.354 -.25 -.069 -.4473 -.25 .3971 -.4985 -.25 .2462 -.5295 -.25 .0899
4 4 -.354 -.25 -.069 -.5295 -.25 .0899 -.54 -.25 -.069 -.5295 -.25 -.2279
4 4 -.354 -.25 -.069 -.5295 -.25 -.2279 -.4985 -.25 -.3842 -.4762 -.25 -.45
3 4 -.354 -.25 -.069 -.4762 -.25 -.45 -.354 -.25 -1.101
4 4 -2.43 -.25 -.45 -3.6304 -.25 -.45 -3.8665 -.25 -.509 -3.767 -.25 -1.0093
4 4 -2.43 -.25 -.45 -3.767 -.25 -1.0093 -3.6032 -.25 -1.4926 -3.3774 -.25 -1.95
3 4 -2.43 -.25 -.45 -3.3774 -.25 -1.95 -3.0943 -.25 -2.3743
4 4 -2.43 -.25 -.45 -3.0943 -.25 -2.3743 -2.7577 -.25 -2.7577 -2.43 -.25 -2.7267
3 4 -.354 -.25 -1.101 -.108 -.25 -2.043 -.108 -.25 -1.287
4 4 -.354 -.25 -1.101 -.108 -.25 -1.287 .648 -.25 -1.287 .678 -.25 -1.101
4 4 .678 -.25 -1.101 .648 -.25 -1.287 1.71 -.25 -1.287 1.71 -.25 -1.101
4 4 .63 -.25 -2.022 .63 -.25 -2.208 1.296 -.25 -2.208 1.752 -.25 -2.022
4 4 2.682 -.25 -2.022 3.0943 -.25 -2.3743 3.3774 -.25 -1.95 3.6032 -.25 -1.4926
4 4 2.682 -.25 -2.022 1.896 -.25 -2.808 1.8752 -.25 -2.9756 3.0943 -.25 -2.3743
3 4 2.682 -.25 -2.022 1.896 -.25 -2.208 1.896 -.25 -2.808
4 4 2.682 -.25 -2.022 1.752 -.25 -2.022 1.296 -.25 -2.208 1.896 -.25 -2.208
4 4 2.7577 -.25 -2.7577 3.0943 -.25 -2.3743 1.8752 -.25 -2.9756 1.8142 -.25 -3.1331
4 4 2.7577 -.25 -2.7577 1.8142 -.25 -3.1331 1.7165 -.25 -3.271 2.3743 -.25 -3.0943
4 4 .648 -.25 -2.799 -.108 -.25 -2.799 1.3425 -.25 -3.4316 1.3961 -.25 -3.3557
3 4 .648 -.25 -2.799 1.3961 -.25 -3.3557 1.4296 -.25 -3.2692
4 4 .648 -.25 -2.799 1.4296 -.25 -3.2692 1.4411 -.25 -3.177 1.0631 -.25 -2.799
4 4 -2.3743 -.25 -3.0943 -2.2282 -.25 -2.9038 -2.43 -.25 -2.7267 -2.7577 -.25 -2.7577
4 4 -2.3743 -.25 -3.0943 -1.95 -.25 -3.3774 -1.83 -.25 -3.1696 -2.2282 -.25 -2.9038
4 4 -1.53 -.25 -3.3176 -.354 -.25 -1.101 -.4762 -.25 -.45 -1.53 -.25 -.45
4 4 -1.53 -.25 -3.3176 -.108 -.25 -2.799 -.108 -.25 -2.043 -.354 -.25 -1.101
4 4 -1.53 -.25 -3.3176 1.272 -.25 -3.492 1.3425 -.25 -3.4316 -.108 -.25 -2.799
4 4 -1.53 -.25 -3.3176 .509 -.25 -3.8665 1.0093 -.25 -3.767 1.272 -.25 -3.492
4 4 -1.53 -.25 -3.3176 -.509 -.25 -3.8665 0 -.25 -3.9 .509 -.25 -3.8665
4 4 -1.53 -.25 -3.3176 -1.4926 -.25 -3.6032 -1.0093 -.25 -3.767 -.509 -.25 -3.8665
4 4 -1.53 -.25 -3.3176 -1.83 -.25 -3.1696 -1.95 -.25 -3.3774 -1.4926 -.25 -3.6032
4 4 1.95 -.25 -3.3774 2.3743 -.25 -3.0943 1.7165 -.25 -3.271 1.5883 -.25 -3.3808
4 4 1.95 -.25 -3.3774 1.5883 -.25 -3.3808 1.437 -.25 -3.456 1.4926 -.25 -3.6032
4 4 1.272 -.25 -3.492 1.0093 -.25 -3.767 1.4926 -.25 -3.6032 1.437 -.25 -3.456
