0 Sticker  0.8 x  1.8 with McLaren Logo in Black Frame on Orange Background
0 Name: 6177960q.dat
0 Author: Massimo Maso [Sirio]
0 !LDRAW_ORG Unofficial_Part
0 !LICENSE Licensed under CC BY 4.0 : see CAreadme.txt

0 BFC CERTIFY CCW

0 !KEYWORDS 720S, Set 75880, Speed Champions

0 // Subpart
1 0 0 -.25 -2.45 .22 0 0 0 1 0 0 0 .22 s\6177960cs01.dat
0 // Logo primitive
1 80 -1.518 -.25 -3.286 .22 0 0 0 1 0 0 0 .22 logo-mclaren-text.dat
1 4 10.758 -.25 -2.032 .22 0 0 0 1 0 0 0 .22 logo-mclaren-icon.dat
1 0 0 -.25 -2.45 .22 0 0 0 1 0 0 0 .22 logo-mclaren-box.dat
0 // Primitives
1 16 -16.5 0 6.5 -1.5 0 0 0 -1 0 0 0 1.5 1-4chrd.dat
1 16 16.5 0 6.5 1.5 0 0 0 -1 0 0 0 1.5 1-4chrd.dat
1 16 0 -.25 0 16.5 0 0 0 .25 0 0 0 8 box3u12.dat
1 16 -16.5 0 -6.5 -1.5 0 0 0 -1 0 0 0 -1.5 1-4chrd.dat
1 16 16.5 0 -6.5 1.5 0 0 0 -1 0 0 0 -1.5 1-4chrd.dat
1 16 -16.5 0 6.5 -1.5 0 0 0 -.25 0 0 0 1.5 1-4cyli.dat
1 16 16.5 0 6.5 1.5 0 0 0 -.25 0 0 0 1.5 1-4cyli.dat
1 16 -16.5 0 -6.5 -1.5 0 0 0 -.25 0 0 0 -1.5 1-4cyli.dat
1 16 16.5 0 -6.5 1.5 0 0 0 -.25 0 0 0 -1.5 1-4cyli.dat
1 25 -16.5 -.25 6.5 -1.5 0 0 0 1 0 0 0 1.5 1-4chrd.dat
1 25 16.5 -.25 6.5 1.5 0 0 0 1 0 0 0 1.5 1-4chrd.dat
1 25 -16.5 -.25 -6.5 -1.5 0 0 0 1 0 0 0 -1.5 1-4chrd.dat
1 25 16.5 -.25 -6.5 1.5 0 0 0 1 0 0 0 -1.5 1-4chrd.dat
1 25 13 -.25 -.65 1 0 0 0 1 0 0 0 1 1-4ndis.dat
1 0 13 -.25 -.65 1 0 0 0 1 0 0 0 1 1-4chrd.dat
1 25 -13 -.25 -.65 -1 0 0 0 1 0 0 0 1 1-4ndis.dat
1 0 -13 -.25 -.65 -1 0 0 0 1 0 0 0 1 1-4chrd.dat
1 0 -13 -.25 -4.25 -1 0 0 0 1 0 0 0 -1 1-4chrd.dat
1 25 -13 -.25 -4.25 -1 0 0 0 1 0 0 0 -1 1-4ndis.dat
1 0 13 -.25 -4.25 1 0 0 0 1 0 0 0 -1 1-4chrd.dat
1 25 13 -.25 -4.25 1 0 0 0 1 0 0 0 -1 1-4ndis.dat
0 // Bottom face
4 16 -16.5 0 8 -16.5 0 -8 -18 0 -6.5 -18 0 6.5
4 16 16.5 0 8 18 0 6.5 18 0 -6.5 16.5 0 -8
0 // Lateral face
4 16 -18 0 6.5 -18 0 -6.5 -18 -.25 -6.5 -18 -.25 6.5
4 16 18 0 6.5 18 -.25 6.5 18 -.25 -6.5 18 0 -6.5
0 // Top face
0 // Black faces
4 0 -13.64 -.25 -.36 -14 -.25 -.65 -14 -.25 -4.25 -13.64 -.25 -4.54
3 0 -13.64 -.25 -.36 -13 -.25 .35 -14 -.25 -.65
4 0 -13.64 -.25 -.36 13.64 -.25 -.36 13 -.25 .35 -13 -.25 .35
3 0 13.64 -.25 -.36 14 -.25 -.65 13 -.25 .35
4 0 13.64 -.25 -.36 13.64 -.25 -4.54 14 -.25 -4.25 14 -.25 -.65
3 0 -13.64 -.25 -4.54 -14 -.25 -4.25 -13 -.25 -5.25
3 0 -13.64 -.25 -4.54 -13 -.25 -5.25 -6.82 -.25 -4.54
3 0 13.64 -.25 -4.54 13 -.25 -5.25 14 -.25 -4.25
3 0 13.64 -.25 -4.54 6.82 -.25 -4.54 13 -.25 -5.25
3 0 -13 -.25 -5.25 0 -.25 -4.54 -6.82 -.25 -4.54
4 0 -13 -.25 -5.25 13 -.25 -5.25 6.82 -.25 -4.54 0 -.25 -4.54
0 // Orange faces
4 25 -16.5 -.25 8 -18 -.25 6.5 -14 -.25 .35 -13 -.25 .35
4 25 -16.5 -.25 8 -13 -.25 .35 13 -.25 .35 16.5 -.25 8
4 25 16.5 -.25 8 13 -.25 .35 14 -.25 .35 18 -.25 6.5
3 25 -18 -.25 6.5 -14 -.25 -.65 -14 -.25 .35
4 25 -18 -.25 6.5 -18 -.25 -6.5 -14 -.25 -4.25 -14 -.25 -.65
3 25 18 -.25 6.5 14 -.25 .35 14 -.25 -.65
4 25 18 -.25 6.5 14 -.25 -.65 14 -.25 -4.25 18 -.25 -6.5
4 25 -16.5 -.25 -8 -14 -.25 -5.25 -14 -.25 -4.25 -18 -.25 -6.5
3 25 -16.5 -.25 -8 -13 -.25 -5.25 -14 -.25 -5.25
4 25 -16.5 -.25 -8 16.5 -.25 -8 13 -.25 -5.25 -13 -.25 -5.25
4 25 16.5 -.25 -8 18 -.25 -6.5 14 -.25 -4.25 14 -.25 -5.25
3 25 16.5 -.25 -8 14 -.25 -5.25 13 -.25 -5.25