0 Sticker  0.8 x  3.8 with White "PETRONAS" on Green Background
0 Name: 6177973b.dat
0 Author: Massimo Maso [Sirio]
0 !LDRAW_ORG Unofficial_Part
0 !LICENSE Licensed under CC BY 4.0 : see CAreadme.txt

0 BFC CERTIFY CCW

0 !KEYWORDS 2016, 44, 6, AMG, BrickLink 75883stk01, F1, Formula one, Hybrid
0 !KEYWORDS Lewis Hamilton, Mercedes Team, Nico Rosberg, Rebrickable 30901
0 !KEYWORDS Set 75883, Set 75995, Speed Champions, Toto Wolff, W07

0 // Logo primitives
1 15 0 -.25 0 .92 0 0 0 1 0 0 0 .92 logo-petronas-text.dat
1 2 0 -.25 0 .92 0 0 0 1 0 0 0 .92 logo-petronas-text-outerbox.dat
0 // Primitives
1 16 -36.5 0 6.5 -1.5 0 0 0 -1 0 0 0 1.5 1-4chrd.dat
1 16 36.5 0 6.5 1.5 0 0 0 -1 0 0 0 1.5 1-4chrd.dat
1 16 0 -.25 0 0 0 38 0 .25 0 6.5 0 0 box3u12.dat
1 16 -36.5 0 -6.5 -1.5 0 0 0 -1 0 0 0 -1.5 1-4chrd.dat
1 16 36.5 0 -6.5 1.5 0 0 0 -1 0 0 0 -1.5 1-4chrd.dat
1 16 -36.5 -.25 6.5 -1.5 0 0 0 .25 0 0 0 1.5 1-4cyli.dat
1 16 36.5 -.25 6.5 1.5 0 0 0 .25 0 0 0 1.5 1-4cyli.dat
1 16 -36.5 -.25 -6.5 -1.5 0 0 0 .25 0 0 0 -1.5 1-4cyli.dat
1 16 36.5 -.25 -6.5 1.5 0 0 0 .25 0 0 0 -1.5 1-4cyli.dat
1 2 -36.5 -.25 6.5 -1.5 0 0 0 1 0 0 0 1.5 1-4chrd.dat
1 2 36.5 -.25 6.5 1.5 0 0 0 1 0 0 0 1.5 1-4chrd.dat
1 2 -36.5 -.25 -6.5 -1.5 0 0 0 1 0 0 0 -1.5 1-4chrd.dat
1 2 36.5 -.25 -6.5 1.5 0 0 0 1 0 0 0 -1.5 1-4chrd.dat
0 // Bottom face
4 16 -36.5 0 8 36.5 0 8 38 0 6.5 -38 0 6.5
4 16 -36.5 0 -8 -38 0 -6.5 38 0 -6.5 36.5 0 -8
0 // Lateral face
4 16 -36.5 -.25 8 36.5 -.25 8 36.5 0 8 -36.5 0 8
4 16 36.5 0 -8 36.5 -.25 -8 -36.5 -.25 -8 -36.5 0 -8
0 // Top face
0 // Green faces
4 2 -36.5 -.25 8 -38 -.25 6.5 -34.592 -.25 4.416 -34.592 -.25 4.6
3 2 -36.5 -.25 8 -34.592 -.25 4.6 -17.296 -.25 4.6
3 2 -36.5 -.25 8 -17.296 -.25 4.6 -2.116 -.25 4.6
4 2 -36.5 -.25 8 -2.116 -.25 4.6 2.668 -.25 4.6 36.5 -.25 8
3 2 36.5 -.25 8 2.668 -.25 4.6 7.452 -.25 4.6
3 2 36.5 -.25 8 7.452 -.25 4.6 31.096 -.25 4.6
3 2 36.5 -.25 8 31.096 -.25 4.6 34.592 -.25 4.6
4 2 36.5 -.25 8 34.592 -.25 4.6 34.592 -.25 -1.6928 38 -.25 6.5
3 2 -38 -.25 6.5 -34.592 -.25 3.818 -34.592 -.25 4.416
4 2 -38 -.25 6.5 -38 -.25 -6.5 -34.592 -.25 -4.416 -34.592 -.25 3.818
4 2 38 -.25 6.5 34.592 -.25 -1.6928 34.592 -.25 -4.6 38 -.25 -6.5
4 2 -36.5 -.25 -8 -34.592 -.25 -4.6 -34.592 -.25 -4.416 -38 -.25 -6.5
3 2 -36.5 -.25 -8 -2.116 -.25 -4.6 -34.592 -.25 -4.6
4 2 -36.5 -.25 -8 36.5 -.25 -8 2.668 -.25 -4.6 -2.116 -.25 -4.6
3 2 36.5 -.25 -8 7.452 -.25 -4.6 2.668 -.25 -4.6
3 2 36.5 -.25 -8 31.464 -.25 -4.6 7.452 -.25 -4.6
4 2 36.5 -.25 -8 38 -.25 -6.5 34.592 -.25 -4.6 31.464 -.25 -4.6