0 Sticker  0.9 x  0.8 with Red Santander Logo and Tricolor Stripe on White Background
0 Name: 6177954m.dat
0 Author: Massimo Maso [Sirio]
0 !LDRAW_ORG Unofficial_Part
0 !LICENSE Licensed under CC BY 4.0 : see CAreadme.txt

0 BFC CERTIFY CCW

0 !KEYWORDS Ferrari, Scuderia, Set 75879, SF16-H, Speed Champions


0 // Logo primitive
1 15 0 -.25 2.5 1.85 0 0 0 1 0 0 0 1.85 s\logosantanders05.dat
0 // Primitives
1 16 -6.5 0 7.7732 -1.5 0 0 0 -1 0 0 0 1.5 1-4chrd.dat
1 16 6.5 0 7.7732 1.5 0 0 0 -1 0 0 0 1.5 1-4chrd.dat
1 16 0 -.25 0 6.5 0 0 0 .25 0 0 0 9.2732 box3u12.dat
1 16 -6.5 0 -7.7732 -1.5 0 0 0 -1 0 0 0 -1.5 1-4chrd.dat
1 16 6.5 0 -7.7732 1.5 0 0 0 -1 0 0 0 -1.5 1-4chrd.dat
1 16 -6.5 0 7.7732 -1.5 0 0 0 -.25 0 0 0 1.5 1-4cyli.dat
1 16 6.5 0 7.7732 1.5 0 0 0 -.25 0 0 0 1.5 1-4cyli.dat
1 16 -6.5 0 -7.7732 -1.5 0 0 0 -.25 0 0 0 -1.5 1-4cyli.dat
1 16 6.5 0 -7.7732 1.5 0 0 0 -.25 0 0 0 -1.5 1-4cyli.dat
1 15 -6.5 -.25 7.7732 -1.5 0 0 0 1 0 0 0 1.5 1-4chrd.dat
1 15 6.5 -.25 7.7732 1.5 0 0 0 1 0 0 0 1.5 1-4chrd.dat
1 15 -6.5 -.25 -7.7732 -1.5 0 0 0 1 0 0 0 -1.5 1-4chrd.dat
1 15 6.5 -.25 -7.7732 1.5 0 0 0 1 0 0 0 -1.5 1-4chrd.dat
0 // Bottom face
4 16 -6.5 0 9.2732 -6.5 0 -9.2732 -8 0 -7.7732 -8 0 7.7732
4 16 6.5 0 9.2732 8 0 7.7732 8 0 -7.7732 6.5 0 -9.2732
0 // Lateral face
3 16 -8 0 7.7732 -8 -.25 -4 -8 -.25 7.7732
3 16 -8 0 7.7732 -8 -.25 -5 -8 -.25 -4
4 16 -8 0 7.7732 -8 0 -7.7732 -8 -.25 -6 -8 -.25 -5
3 16 -8 0 -7.7732 -8 -.25 -7 -8 -.25 -6
3 16 -8 0 -7.7732 -8 -.25 -7.7732 -8 -.25 -7
3 16 8 0 7.7732 8 -.25 7.7732 8 -.25 -4
3 16 8 0 7.7732 8 -.25 -4 8 -.25 -5
4 16 8 0 7.7732 8 -.25 -5 8 -.25 -6 8 0 -7.7732
3 16 8 0 -7.7732 8 -.25 -6 8 -.25 -7
3 16 8 0 -7.7732 8 -.25 -7 8 -.25 -7.7732
0 // Top face
0 // Tricolor stripe
4 2 -8 -.25 -4 -8 -.25 -5 8 -.25 -5 8 -.25 -4
4 15 -8 -.25 -5 -8 -.25 -6 8 -.25 -6 8 -.25 -5
4 4 -8 -.25 -6 -8 -.25 -7 8 -.25 -7 8 -.25 -6
0 // White faces
4 15 -6.5 -.25 9.2732 -8 -.25 7.7732 -5.18 -.25 7.199 .172605 -.25 7.199
3 15 -6.5 -.25 9.2732 .172605 -.25 7.199 6.5 -.25 9.2732
4 15 6.5 -.25 9.2732 .172605 -.25 7.199 5.18 -.25 7.199 8 -.25 7.7732
3 15 -8 -.25 7.7732 -5.18 -.25 2.5 -5.18 -.25 7.199
3 15 -8 -.25 7.7732 -5.18 -.25 .391 -5.18 -.25 2.5
4 15 -8 -.25 7.7732 -8 -.25 -4 -5.18 -.25 -2.199 -5.18 -.25 .391
3 15 8 -.25 7.7732 5.18 -.25 7.199 5.18 -.25 2.5
3 15 8 -.25 7.7732 5.18 -.25 2.5 5.18 -.25 .391
4 15 8 -.25 7.7732 5.18 -.25 .391 5.18 -.25 -2.199 8 -.25 -4
3 15 -8 -.25 -4 0 -.25 -2.199 -5.18 -.25 -2.199
3 15 -8 -.25 -4 8 -.25 -4 0 -.25 -2.199
3 15 8 -.25 -4 5.18 -.25 -2.199 0 -.25 -2.199
4 15 -8 -.25 -7.7732 8 -.25 -7.7732 8 -.25 -7 -8 -.25 -7
4 15 -8 -.25 -7.7732 -6.5 -.25 -9.2732 6.5 -.25 -9.2732 8 -.25 -7.7732
