0 Sticker  5.9 x  1.8 with Black 68 in White Disc and Gold Stripes on Black Background
0 Name: 6218741b.dat
0 Author: Massimo Maso [Sirio]
0 !LDRAW_ORG Unofficial_Part
0 !LICENSE Licensed under CC BY 4.0 : see CAreadme.txt

0 BFC CERTIFY CCW

0 !KEYWORDS 1968, Fastback, Ford, Mustang, Set 75884, Speed Champions

0 // Subparts
1 16 0 -.25 -8 .7071 0 -.7071 0 1 0 .7071 0 .7071 s\6218741fs01.dat
0 // Primitives
1 16 -16.5 0 28.1228 -1.5 0 0 0 -1 0 0 0 1.5 1-4chrd.dat
1 16 16.5 0 28.1228 1.5 0 0 0 -1 0 0 0 1.5 1-4chrd.dat
1 16 0 -.25 0 0 0 18 0 .25 0 28.1228 0 0 box3u12.dat
1 16 -16.5 0 -28.1228 -1.5 0 0 0 -1 0 0 0 -1.5 1-4chrd.dat
1 16 16.5 0 -28.1228 1.5 0 0 0 -1 0 0 0 -1.5 1-4chrd.dat
1 16 -16.5 0 28.1228 -1.5 0 0 0 -.25 0 0 0 1.5 1-4cyli.dat
1 16 16.5 0 28.1228 1.5 0 0 0 -.25 0 0 0 1.5 1-4cyli.dat
1 16 -16.5 0 -28.1228 -1.5 0 0 0 -.25 0 0 0 -1.5 1-4cyli.dat
1 16 16.5 0 -28.1228 1.5 0 0 0 -.25 0 0 0 -1.5 1-4cyli.dat
1 0 -16.5 -.25 28.1228 -1.5 0 0 0 1 0 0 0 1.5 1-4chrd.dat
1 0 16.5 -.25 28.1228 1.5 0 0 0 1 0 0 0 1.5 1-4chrd.dat
1 0 -16.5 -.25 -28.1228 -1.5 0 0 0 1 0 0 0 -1.5 1-4chrd.dat
1 0 16.5 -.25 -28.1228 1.5 0 0 0 1 0 0 0 -1.5 1-4chrd.dat
0 // Bottom face
4 16 -18 0 28.1228 -16.5 0 29.6228 16.5 0 29.6228 18 0 28.1228
4 16 -18 0 -28.1228 18 0 -28.1228 16.5 0 -29.6228 -16.5 0 -29.6228
0 // Lateral face
3 16 -16.5 0 29.6228 -16.5 -.25 29.6228 -12.5 -.25 29.6228
3 16 -16.5 0 29.6228 -12.5 -.25 29.6228 -2.5 -.25 29.6228
4 16 -16.5 0 29.6228 -2.5 -.25 29.6228 2.5 -.25 29.6228 16.5 0 29.6228
3 16 16.5 0 29.6228 2.5 -.25 29.6228 12.5 -.25 29.6228
3 16 16.5 0 29.6228 12.5 -.25 29.6228 16.5 -.25 29.6228
3 16 -16.5 0 -29.6228 -12.5 -.25 -29.6228 -16.5 -.25 -29.6228
3 16 -16.5 0 -29.6228 -2.5 -.25 -29.6228 -12.5 -.25 -29.6228
4 16 -16.5 0 -29.6228 16.5 0 -29.6228 2.5 -.25 -29.6228 -2.5 -.25 -29.6228
3 16 16.5 0 -29.6228 12.5 -.25 -29.6228 2.5 -.25 -29.6228
3 16 16.5 0 -29.6228 16.5 -.25 -29.6228 12.5 -.25 -29.6228
0 // Top face
0 // Black faces
0 // Left stripe
4 0 -16.5 -.25 29.6228 -12.9431 -.25 -4.5321 -12.5 -.25 -3.2251 -12.5 -.25 29.6228
3 0 -16.5 -.25 29.6228 -13.2848 -.25 -6.2513 -12.9431 -.25 -4.5321
3 0 -16.5 -.25 29.6228 -13.4 -.25 -8 -13.2848 -.25 -6.2513
3 0 -16.5 -.25 29.6228 -16.5 -.25 -29.6228 -13.4 -.25 -8
4 0 -16.5 -.25 29.6228 -18 -.25 28.1228 -18 -.25 -28.1228 -16.5 -.25 -29.6228
3 0 -16.5 -.25 -29.6228 -13.2848 -.25 -9.7487 -13.4 -.25 -8
3 0 -16.5 -.25 -29.6228 -12.9431 -.25 -11.4679 -13.2848 -.25 -9.7487
4 0 -16.5 -.25 -29.6228 -12.5 -.25 -29.6228 -12.5 -.25 -12.775 -12.9431 -.25 -11.4679
0 // Central stripe
3 0 -2.5 -.25 29.6228 -2.5 -.25 5.1354 -1.7487 -.25 5.2848
3 0 -2.5 -.25 29.6228 -1.7487 -.25 5.2848 0 -.25 5.4
3 0 -2.5 -.25 29.6228 0 -.25 5.4 2.5 -.25 29.6228
3 0 2.5 -.25 29.6228 0 -.25 5.4 1.7487 -.25 5.2848
3 0 2.5 -.25 29.6228 1.7487 -.25 5.2848 2.5 -.25 5.1354
3 0 -2.5 -.25 -29.6228 -1.7487 -.25 -21.2848 -2.5 -.25 -21.1354
3 0 -2.5 -.25 -29.6228 0 -.25 -21.4 -1.7487 -.25 -21.2848
3 0 -2.5 -.25 -29.6228 2.5 -.25 -29.6228 0 -.25 -21.4
3 0 2.5 -.25 -29.6228 1.7487 -.25 -21.2848 0 -.25 -21.4
3 0 2.5 -.25 -29.6228 2.5 -.25 -21.1354 1.7487 -.25 -21.2848
0 // Right stripe
4 0 16.5 -.25 29.6228 12.5 -.25 29.6228 12.5 -.25 -3.2251 12.9431 -.25 -4.5321
3 0 16.5 -.25 29.6228 12.9431 -.25 -4.5321 13.2848 -.25 -6.2513
3 0 13.4 -.25 -8 16.5 -.25 -29.6228 16.5 -.25 29.6228
3 0 16.5 -.25 29.6228 13.2848 -.25 -6.2513 13.4 -.25 -8
4 0 16.5 -.25 29.6228 16.5 -.25 -29.6228 18 -.25 -28.1228 18 -.25 28.1228
3 0 16.5 -.25 -29.6228 13.4 -.25 -8 13.2848 -.25 -9.7487
3 0 16.5 -.25 -29.6228 13.2848 -.25 -9.7487 12.9431 -.25 -11.4679
4 0 16.5 -.25 -29.6228 12.9431 -.25 -11.4679 12.5 -.25 -12.775 12.5 -.25 -29.6228
0 // Gold faces
0 // Left stripe
3 189 -12.5 -.25 29.6228 -12.5 -.25 -3.2251 -12.3803 -.25 -2.8718
3 189 -12.5 -.25 29.6228 -12.3803 -.25 -2.8718 -11.6044 -.25 -1.3
3 189 -12.5 -.25 29.6228 -11.6044 -.25 -1.3 -10.6316 -.25 .1579
3 189 -12.5 -.25 29.6228 -10.6316 -.25 .1579 -9.4751 -.25 1.4751
4 189 -12.5 -.25 29.6228 -9.4751 -.25 1.4751 -8.1579 -.25 2.6316 -2.5 -.25 29.6228
3 189 -2.5 -.25 29.6228 -8.1579 -.25 2.6316 -6.7 -.25 3.6044
3 189 -2.5 -.25 29.6228 -6.7 -.25 3.6044 -5.1282 -.25 4.3803
3 189 -2.5 -.25 29.6228 -5.1282 -.25 4.3803 -3.4679 -.25 4.9431
3 189 -2.5 -.25 29.6228 -3.4679 -.25 4.9431 -2.5 -.25 5.1354
3 189 -12.5 -.25 -29.6228 -12.3803 -.25 -13.1282 -12.5 -.25 -12.775
3 189 -12.5 -.25 -29.6228 -11.6044 -.25 -14.7 -12.3803 -.25 -13.1282
3 189 -12.5 -.25 -29.6228 -10.6316 -.25 -16.1579 -11.6044 -.25 -14.7
3 189 -12.5 -.25 -29.6228 -9.4751 -.25 -17.4751 -10.6316 -.25 -16.1579
4 189 -12.5 -.25 -29.6228 -2.5 -.25 -29.6228 -8.1579 -.25 -18.6316 -9.4751 -.25 -17.4751
3 189 -2.5 -.25 -29.6228 -6.7 -.25 -19.6044 -8.1579 -.25 -18.6316
3 189 -2.5 -.25 -29.6228 -5.1282 -.25 -20.3803 -6.7 -.25 -19.6044
3 189 -2.5 -.25 -29.6228 -3.4679 -.25 -20.9431 -5.1282 -.25 -20.3803
3 189 -2.5 -.25 -29.6228 -2.5 -.25 -21.1354 -3.4679 -.25 -20.9431
0 // Right stripe
3 189 2.5 -.25 29.6228 2.5 -.25 5.1354 3.4679 -.25 4.9431
3 189 2.5 -.25 29.6228 3.4679 -.25 4.9431 5.1282 -.25 4.3803
3 189 2.5 -.25 29.6228 5.1282 -.25 4.3803 6.7 -.25 3.6044
3 189 2.5 -.25 29.6228 6.7 -.25 3.6044 8.1579 -.25 2.6316
4 189 12.5 -.25 29.6228 2.5 -.25 29.6228 8.1579 -.25 2.6316 9.4751 -.25 1.4751
3 189 12.5 -.25 29.6228 9.4751 -.25 1.4751 10.6316 -.25 .1579
3 189 12.5 -.25 29.6228 10.6316 -.25 .1579 11.6044 -.25 -1.3
3 189 12.5 -.25 29.6228 11.6044 -.25 -1.3 12.3803 -.25 -2.8718
3 189 12.5 -.25 29.6228 12.3803 -.25 -2.8718 12.5 -.25 -3.2251
3 189 2.5 -.25 -29.6228 3.4679 -.25 -20.9431 2.5 -.25 -21.1354
3 189 2.5 -.25 -29.6228 5.1282 -.25 -20.3803 3.4679 -.25 -20.9431
3 189 2.5 -.25 -29.6228 6.7 -.25 -19.6044 5.1282 -.25 -20.3803
3 189 2.5 -.25 -29.6228 8.1579 -.25 -18.6316 6.7 -.25 -19.6044
4 189 12.5 -.25 -29.6228 9.4751 -.25 -17.4751 8.1579 -.25 -18.6316 2.5 -.25 -29.6228
3 189 12.5 -.25 -29.6228 10.6316 -.25 -16.1579 9.4751 -.25 -17.4751
3 189 12.5 -.25 -29.6228 11.6044 -.25 -14.7 10.6316 -.25 -16.1579
3 189 12.5 -.25 -29.6228 12.3803 -.25 -13.1282 11.6044 -.25 -14.7
3 189 12.5 -.25 -29.6228 12.5 -.25 -12.775 12.3803 -.25 -13.1282
0 // White faces
4 15 12.7278 -.25 -8 13.2848 -.25 -9.7487 13.4 -.25 -8 13.2848 -.25 -6.2513
4 15 12.7278 -.25 -8 13.2848 -.25 -6.2513 12.9431 -.25 -4.5321 12.5 -.25 -3.2251
4 15 12.7278 -.25 -8 12.5 -.25 -3.2251 12.3803 -.25 -2.8718 11.6044 -.25 -1.3
4 15 12.7278 -.25 -8 11.6044 -.25 -1.3 10.6316 -.25 .1579 9.1923 -.25 1.1923
4 15 9.1923 -.25 1.1923 10.6316 -.25 .1579 9.4751 -.25 1.4751 8.1579 -.25 2.6316
4 15 9.1923 -.25 1.1923 8.1579 -.25 2.6316 6.7 -.25 3.6044 5.1282 -.25 4.3803
4 15 9.1923 -.25 1.1923 5.1282 -.25 4.3803 3.4679 -.25 4.9431 2.5 -.25 5.1354
4 15 9.1923 -.25 1.1923 2.5 -.25 5.1354 1.7487 -.25 5.2848 0 -.25 4.7278
4 15 0 -.25 4.7278 1.7487 -.25 5.2848 0 -.25 5.4 -1.7487 -.25 5.2848
3 15 0 -.25 4.7278 -1.7487 -.25 5.2848 -2.5 -.25 5.1354
4 15 0 -.25 4.7278 -2.5 -.25 5.1354 -3.4679 -.25 4.9431 -5.1282 -.25 4.3803
4 15 0 -.25 4.7278 -5.1282 -.25 4.3803 -6.7 -.25 3.6044 -8.1579 -.25 2.6316
4 15 0 -.25 4.7278 -8.1579 -.25 2.6316 -9.4751 -.25 1.4751 -10.6316 -.25 .1579
4 15 0 -.25 4.7278 -10.6316 -.25 .1579 -11.6044 -.25 -1.3 -12.3803 -.25 -2.8718
4 15 0 -.25 4.7278 -12.3803 -.25 -2.8718 -12.5 -.25 -3.2251 -12.7278 -.25 -8
4 15 -12.7278 -.25 -8 -12.5 -.25 -3.2251 -12.9431 -.25 -4.5321 -13.2848 -.25 -6.2513
4 15 -12.7278 -.25 -8 -13.2848 -.25 -6.2513 -13.4 -.25 -8 -13.2848 -.25 -9.7487
4 15 -12.7278 -.25 -8 -13.2848 -.25 -9.7487 -12.9431 -.25 -11.4679 -12.5 -.25 -12.775
4 15 -12.7278 -.25 -8 -12.5 -.25 -12.775 -12.3803 -.25 -13.1282 -11.6044 -.25 -14.7
4 15 -12.7278 -.25 -8 -11.6044 -.25 -14.7 -10.6316 -.25 -16.1579 -9.1923 -.25 -17.1923
4 15 -9.1923 -.25 -17.1923 -10.6316 -.25 -16.1579 -9.4751 -.25 -17.4751 -8.1579 -.25 -18.6316
4 15 -9.1923 -.25 -17.1923 -8.1579 -.25 -18.6316 -6.7 -.25 -19.6044 -5.1282 -.25 -20.3803
4 15 -9.1923 -.25 -17.1923 -5.1282 -.25 -20.3803 -3.4679 -.25 -20.9431 -2.5 -.25 -21.1354
4 15 -9.1923 -.25 -17.1923 -2.5 -.25 -21.1354 -1.7487 -.25 -21.2848 0 -.25 -20.7278
4 15 0 -.25 -20.7278 -1.7487 -.25 -21.2848 0 -.25 -21.4 1.7487 -.25 -21.2848
3 15 0 -.25 -20.7278 1.7487 -.25 -21.2848 2.5 -.25 -21.1354
4 15 0 -.25 -20.7278 2.5 -.25 -21.1354 3.4679 -.25 -20.9431 5.1282 -.25 -20.3803
4 15 0 -.25 -20.7278 5.1282 -.25 -20.3803 6.7 -.25 -19.6044 8.1579 -.25 -18.6316
4 15 0 -.25 -20.7278 8.1579 -.25 -18.6316 9.4751 -.25 -17.4751 10.6316 -.25 -16.1579
4 15 0 -.25 -20.7278 10.6316 -.25 -16.1579 11.6044 -.25 -14.7 12.3803 -.25 -13.1282
4 15 0 -.25 -20.7278 12.3803 -.25 -13.1282 12.5 -.25 -12.775 12.7278 -.25 -8
4 15 12.7278 -.25 -8 12.5 -.25 -12.775 12.9431 -.25 -11.4679 13.2848 -.25 -9.7487
