0 Sticker  0.9 x  1.8 with Silver Mustang Logo on Black Background
0 Name: 6218741g.dat
0 Author: Massimo Maso [Sirio]
0 !LDRAW_ORG Unofficial_Part
0 !LICENSE Licensed under CC BY 4.0 : see CAreadme.txt

0 BFC CERTIFY CCW

0 !KEYWORDS 1968, Fastback, Ford, Mustang, Set 75884, Speed Champions

0 // Logo primitives
1 80 0 -.25 0 3.6 0 0 0 1 0 0 0 3.6 logo-ford-mustang.dat
1 0 0 -.25 0 3.6 0 0 0 1 0 0 0 3.6 logo-ford-mustang-outerbox.dat
0 // Primitives
1 16 -16.5 0 7.7732 -1.5 0 0 0 -1 0 0 0 1.5 1-4chrd.dat
1 16 16.5 0 7.7732 1.5 0 0 0 -1 0 0 0 1.5 1-4chrd.dat
1 16 0 -.25 0 0 0 18 0 .25 0 7.7732 0 0 box3u12.dat
1 16 -16.5 0 -7.7732 -1.5 0 0 0 -1 0 0 0 -1.5 1-4chrd.dat
1 16 16.5 0 -7.7732 1.5 0 0 0 -1 0 0 0 -1.5 1-4chrd.dat
1 16 -16.5 -.25 7.7732 -1.5 0 0 0 .25 0 0 0 1.5 1-4cyli.dat
1 16 16.5 -.25 7.7732 1.5 0 0 0 .25 0 0 0 1.5 1-4cyli.dat
1 16 -16.5 -.25 -7.7732 -1.5 0 0 0 .25 0 0 0 -1.5 1-4cyli.dat
1 16 16.5 -.25 -7.7732 1.5 0 0 0 .25 0 0 0 -1.5 1-4cyli.dat
1 0 -16.5 -.25 7.7732 -1.5 0 0 0 1 0 0 0 1.5 1-4chrd.dat
1 0 16.5 -.25 7.7732 1.5 0 0 0 1 0 0 0 1.5 1-4chrd.dat
1 0 -16.5 -.25 -7.7732 -1.5 0 0 0 1 0 0 0 -1.5 1-4chrd.dat
1 0 16.5 -.25 -7.7732 1.5 0 0 0 1 0 0 0 -1.5 1-4chrd.dat
0 // Bottom face
4 16 -16.5 0 9.2732 16.5 0 9.2732 18 0 7.7732 -18 0 7.7732
4 16 -16.5 0 -9.2732 -18 0 -7.7732 18 0 -7.7732 16.5 0 -9.2732
0 // Lateral face
4 16 -16.5 0 9.2732 -16.5 -.25 9.2732 16.5 -.25 9.2732 16.5 0 9.2732
4 16 -16.5 0 -9.2732 16.5 0 -9.2732 16.5 -.25 -9.2732 -16.5 -.25 -9.2732
0 // Top face
0 // Black faces
4 0 -16.5 -.25 9.2732 -18 -.25 7.7732 -18 -.25 -7.7732 -16.5 -.25 -9.2732
4 0 -16.5 -.25 9.2732 -16.5 -.25 -9.2732 -12.2724 -.25 -4.545 -12.2724 -.25 4.545
4 0 -16.5 -.25 9.2732 -12.2724 -.25 4.545 12.2724 -.25 4.545 16.5 -.25 9.2732
4 0 16.5 -.25 -9.2732 18 -.25 -7.7732 18 -.25 7.7732 16.5 -.25 9.2732
4 0 16.5 -.25 -9.2732 16.5 -.25 9.2732 12.2724 -.25 4.545 12.2724 -.25 -4.545
4 0 16.5 -.25 -9.2732 12.2724 -.25 -4.545 -12.2724 -.25 -4.545 -16.5 -.25 -9.2732
