0 Sticker  0.8 x  0.9 with Running Michelin Man on White Background
0 Name: 6218812ai.dat
0 Author: Massimo Maso [Sirio]
0 !LDRAW_ORG Unofficial_Part
0 !LICENSE Licensed under CC BY 4.0 : see CAreadme.txt

0 BFC CERTIFY CCW

0 !KEYWORDS 2, 2017, Fiesta, Ford, M-Sport, Martin Järveoja, Ott Tänak
0 !KEYWORDS Set 75885, Speed Champions, WRC

0 // Logo primitives
1 15 0 -.25 0 .45 0 0 0 1 0 0 0 .45 logo-michelin-man-running.dat
1 15 0 -.25 0 .45 0 0 0 1 0 0 0 .45 logo-michelin-man-running-box.dat
0 // Primitives
1 16 -7.7732 0 6.5 -1.5 0 0 0 -1 0 0 0 1.5 1-4chrd.dat
1 16 7.7732 0 6.5 1.5 0 0 0 -1 0 0 0 1.5 1-4chrd.dat
1 16 0 -.25 0 0 0 9.2732 0 .25 0 6.5 0 0 box3u12.dat
1 16 -7.7732 0 -6.5 -1.5 0 0 0 -1 0 0 0 -1.5 1-4chrd.dat
1 16 7.7732 0 -6.5 1.5 0 0 0 -1 0 0 0 -1.5 1-4chrd.dat
1 16 -7.7732 0 6.5 -1.5 0 0 0 -.25 0 0 0 1.5 1-4cyli.dat
1 16 7.7732 0 6.5 1.5 0 0 0 -.25 0 0 0 1.5 1-4cyli.dat
1 16 -7.7732 0 -6.5 -1.5 0 0 0 -.25 0 0 0 -1.5 1-4cyli.dat
1 16 7.7732 0 -6.5 1.5 0 0 0 -.25 0 0 0 -1.5 1-4cyli.dat
1 15 -7.7732 -.25 6.5 -1.5 0 0 0 1 0 0 0 1.5 1-4chrd.dat
1 15 7.7732 -.25 6.5 1.5 0 0 0 1 0 0 0 1.5 1-4chrd.dat
1 15 -7.7732 -.25 -6.5 -1.5 0 0 0 1 0 0 0 -1.5 1-4chrd.dat
1 15 7.7732 -.25 -6.5 1.5 0 0 0 1 0 0 0 -1.5 1-4chrd.dat
0 // Bottom face
4 16 -7.7732 0 8 7.7732 0 8 9.2732 0 6.5 -9.2732 0 6.5
4 16 -7.7732 0 -8 -9.2732 0 -6.5 9.2732 0 -6.5 7.7732 0 -8
0 // Lateral face
4 16 -7.7732 0 8 -7.7732 -.25 8 7.7732 -.25 8 7.7732 0 8
4 16 -7.7732 0 -8 7.7732 0 -8 7.7732 -.25 -8 -7.7732 -.25 -8
0 // Top face
0 // White complementary faces
4 15 -4.5 -.25 6.3 -7.7732 -.25 8 -9.2732 -.25 6.5 -4.5 -.25 -6.3
4 15 -4.5 -.25 6.3 4.5 -.25 6.3 7.7732 -.25 8 -7.7732 -.25 8
4 15 4.5 -.25 6.3 4.5 -.25 -6.3 9.2732 -.25 6.5 7.7732 -.25 8
4 15 -4.5 -.25 -6.3 -9.2732 -.25 6.5 -9.2732 -.25 -6.5 -7.7732 -.25 -8
4 15 -4.5 -.25 -6.3 -7.7732 -.25 -8 7.7732 -.25 -8 4.5 -.25 -6.3
4 15 4.5 -.25 -6.3 7.7732 -.25 -8 9.2732 -.25 -6.5 9.2732 -.25 6.5
