0 Sticker  1.8 x  3.8 with Tricolor Stripe on White Background
0 Name: 6221805ae.dat
0 Author: Massimo Maso [Sirio]
0 !LDRAW_ORG Unofficial_Part
0 !LICENSE Licensed under CC BY 4.0 : see CAreadme.txt

0 BFC CERTIFY CCW

0 !KEYWORDS 1962, 1979, 24h, 250, 312, 488, Equipe nationale belge, Ferrari
0 !KEYWORDS Garage, Gilles Villeneuve, GTE, GTO, Jean "Beurly" Blaton, Le Mans
0 !KEYWORDS Léon "Eldé" Dernier, Set 75889, Speed Champions, T4, Ultimate

0 // Primitives
1 16 -36.5 0 16.5 -1.5 0 0 0 -1 0 0 0 1.5 1-4chrd.dat
1 16 36.5 0 16.5 1.5 0 0 0 -1 0 0 0 1.5 1-4chrd.dat
1 16 0 -.25 0 36.5 0 0 0 .25 0 0 0 18 box3u12.dat
1 16 -36.5 0 -16.5 -1.5 0 0 0 -1 0 0 0 -1.5 1-4chrd.dat
1 16 36.5 0 -16.5 1.5 0 0 0 -1 0 0 0 -1.5 1-4chrd.dat
1 16 -36.5 0 16.5 -1.5 0 0 0 -.25 0 0 0 1.5 1-4cyli.dat
1 16 36.5 0 16.5 1.5 0 0 0 -.25 0 0 0 1.5 1-4cyli.dat
1 16 -36.5 0 -16.5 -1.5 0 0 0 -.25 0 0 0 -1.5 1-4cyli.dat
1 16 36.5 0 -16.5 1.5 0 0 0 -.25 0 0 0 -1.5 1-4cyli.dat
1 15 -36.5 -.25 16.5 -1.5 0 0 0 1 0 0 0 1.5 1-4chrd.dat
1 15 36.5 -.25 16.5 1.5 0 0 0 1 0 0 0 1.5 1-4chrd.dat
1 15 -36.5 -.25 -16.5 -1.5 0 0 0 1 0 0 0 -1.5 1-4chrd.dat
1 15 36.5 -.25 -16.5 1.5 0 0 0 1 0 0 0 -1.5 1-4chrd.dat
0 // Bottom faces
4 16 -36.5 0 18 -36.5 0 -18 -38 0 -16.5 -38 0 16.5
4 16 36.5 0 18 38 0 16.5 38 0 -16.5 36.5 0 -18
0 // Lateral faces
3 16 -38 0 16.5 -38 -.25 6.3 -38 -.25 16.5
3 16 -38 -.25 2.1 -38 -.25 6.3 -38 0 16.5
4 16 -38 0 16.5 -38 0 -16.5 -38 -.25 -2.1 -38 -.25 2.1
3 16 -38 0 -16.5 -38 -.25 -6.3 -38 -.25 -2.1
3 16 -38 0 -16.5 -38 -.25 -16.5 -38 -.25 -6.3
3 16 38 0 16.5 38 -.25 16.5 38 -.25 6.3
3 16 38 0 16.5 38 -.25 6.3 38 -.25 2.1
4 16 38 0 16.5 38 -.25 2.1 38 -.25 -2.1 38 0 -16.5
3 16 38 0 -16.5 38 -.25 -2.1 38 -.25 -6.3
3 16 38 0 -16.5 38 -.25 -6.3 38 -.25 -16.5
0 // Top faces
0 // Tricolor
4 2 -38 -.25 2.1 38 -.25 2.1 38 -.25 6.3 -38 -.25 6.3
4 15 -38 -.25 2.1 -38 -.25 -2.1 38 -.25 -2.1 38 -.25 2.1
4 4 -38 -.25 -2.1 -38 -.25 -6.3 38 -.25 -6.3 38 -.25 -2.1
0 // White faces
4 15 -38 -.25 16.5 38 -.25 16.5 36.5 -.25 18 -36.5 -.25 18
4 15 -38 -.25 16.5 -38 -.25 6.3 38 -.25 6.3 38 -.25 16.5
4 15 -38 -.25 -16.5 38 -.25 -16.5 38 -.25 -6.3 -38 -.25 -6.3
4 15 -38 -.25 -16.5 -36.5 -.25 -18 36.5 -.25 -18 38 -.25 -16.5
