0 Sticker  0.8 x  2.5 with Black Air Vent on Red Background Right (Formed)
0 Name: 6221654sc01.dat
0 Author: Massimo Maso [Sirio]
0 !LDRAW_ORG Unofficial_Part
0 !LICENSE Licensed under CC BY 4.0 : see CAreadme.txt

0 BFC CERTIFY CCW

0 !KEYWORDS 2017, 488, 63, BrickLink 75886stk01, Christina Nielsen, Corsa
0 !KEYWORDS Ferrari, GT3, IMSA, Rebrickable 37800, Scuderia, Set 75886
0 !KEYWORDS Speed Champions

0 // Bottom faces
4 16 8 -7.1369 -6.2369 7.5625 -7.8705 7.5641 7.8858 -7.8447 7.0781 8 -7.8142 6.5049
4 16 8 -7.1369 -6.2369 6.5 -7.8938 8.0028 7.074 -7.8878 7.8888 7.5625 -7.8705 7.5641
3 16 8 -7.1369 -6.2369 -6.5001 -7.8938 8.0028 6.5 -7.8938 8.0028
4 16 8 -7.1369 -6.2369 -7.4107 -7.8758 7.6643 -7.0742 -7.8878 7.8889 -6.5001 -7.8938 8.0028
4 16 8 -7.1369 -6.2369 -7.8858 -7.8321 7.0792 -7.5606 -7.8676 7.5644 -7.4107 -7.8758 7.6643
3 16 8 -7.1369 -6.2369 -8 -7.7933 6.5064 -7.8858 -7.8321 7.0792
4 16 8 -7.1369 -6.2369 8 -7.0346 -7.7969 -8 -6.9834 -5.8441 -8 -7.7933 6.5064
4 16 8 -4.4561 -23.6612 -8 -6.6969 -7.6068 -8 -6.9834 -5.8441 8 -7.0346 -7.7969
4 16 8 -4.4561 -23.6612 8 -4.1509 -25.1732 -8 -3.9501 -21.2148 -8 -6.6969 -7.6068
4 16 8 -4.1509 -25.1732 8 .1563 -39.7943 7.8862 .3275 -40.3424 7.5621 .4904 -40.8016
4 16 8 -4.1509 -25.1732 7.5621 .4904 -40.8016 7.0772 .6204 -41.1023 6.505 .6977 -41.1986
4 16 8 -4.1509 -25.1732 6.505 .6977 -41.1986 5.8615 .707 -41.0435 3.337 .5641 -39.8263
4 16 8 -4.1509 -25.1732 3.337 .5641 -39.8263 -8 -3.2518 -23.5852 -8 -3.9501 -21.2148
4 16 -8 -1.5068 -28.64 -8 -3.2518 -23.5852 3.337 .5641 -39.8263 -6.4052 .4214 -34.9552
4 16 -8 -1.5068 -28.64 -6.4052 .4214 -34.9552 -7.156 .465 -34.5566 -7.5726 .4544 -34.2411
4 16 -8 -1.5068 -28.64 -7.5726 .4544 -34.2411 -7.8889 .3566 -33.7586 -8 .1824 -33.2109
0 // Conditional lines
5 24 8 -7.1369 -6.2369 -7.4107 -7.8758 7.6643 -7.5606 -7.8676 7.5644 -7.0742 -7.8878 7.8889
5 24 8 -7.0346 -7.7969 -8 -6.9834 -5.8441 8 -7.1369 -6.2369 8 -4.4561 -23.6612
5 24 8 -4.4561 -23.6612 -8 -6.6969 -7.6068 8 -7.0346 -7.7969 8 -4.1509 -25.1732
5 24 8 -4.1509 -25.1732 -8 -3.9501 -21.2148 8 -4.4561 -23.6612 8 .1563 -39.7943
5 24 3.337 .5641 -39.8263 -8 -3.2518 -23.5852 5.8615 .707 -41.0435 -6.4052 .4214 -34.9552
5 24 -6.4052 .4214 -34.9552 -8 -1.5068 -28.64 3.337 .5641 -39.8263 -7.156 .465 -34.5566
0 // Lateral faces
4 16 -6.5001 -7.8938 8.0028 -6.5003 -8.1435 7.9895 6.5 -8.1435 7.9895 6.5 -7.8938 8.0028
4 16 6.5 -7.8938 8.0028 6.5 -8.1435 7.9895 7.074 -8.1374 7.8755 7.074 -7.8878 7.8888
4 16 7.074 -7.8878 7.8888 7.074 -8.1374 7.8755 7.5625 -8.1202 7.5509 7.5625 -7.8705 7.5641
4 16 7.5625 -7.8705 7.5641 7.5625 -8.1202 7.5509 7.8858 -8.0943 7.0649 7.8858 -7.8447 7.0781
4 16 7.8858 -7.8447 7.0781 7.8858 -8.0943 7.0649 8 -8.0639 6.4917 8 -7.8142 6.5049
4 16 8 -7.8142 6.5049 8 -8.0639 6.4917 8 -7.3864 -6.253 8 -7.1369 -6.2369
4 16 8 -7.1369 -6.2369 8 -7.3864 -6.253 8 -7.2833 -7.8257 8 -7.0346 -7.7969
4 16 8 -7.0346 -7.7969 8 -7.2833 -7.8257 8 -4.7005 -23.7165 8 -4.4561 -23.6612
4 16 8 -4.4561 -23.6612 8 -4.7005 -23.7165 8 -4.3934 -25.2376 8 -4.1509 -25.1732
4 16 8 -4.1509 -25.1732 8 -4.3934 -25.2376 8 -.0761 -39.8931 8 .1563 -39.7943
4 16 8 .1563 -39.7943 8 -.0761 -39.8931 7.8862 .0951 -40.4412 7.8862 .3275 -40.3424
4 16 7.8862 .3275 -40.3424 7.8862 .0951 -40.4412 7.5621 .258 -40.9004 7.5621 .4904 -40.8016
4 16 7.5621 .4904 -40.8016 7.5621 .258 -40.9004 7.0772 .388 -41.2011 7.0772 .6204 -41.1023
4 16 7.0772 .6204 -41.1023 7.0772 .388 -41.2011 6.505 .4653 -41.2974 6.505 .6977 -41.1986
4 16 6.505 .6977 -41.1986 6.505 .4653 -41.2974 5.8615 .4746 -41.1423 5.8615 .707 -41.0435
4 16 -6.5001 -7.8938 8.0028 -7.0742 -7.8878 7.8889 -7.0742 -8.1374 7.8756 -6.5003 -8.1435 7.9895
4 16 -7.0742 -7.8878 7.8889 -7.4107 -7.8758 7.6643 -7.4125 -8.1254 7.6498 -7.0742 -8.1374 7.8756
4 16 -7.4107 -7.8758 7.6643 -7.5606 -7.8676 7.5644 -7.5606 -8.1173 7.5511 -7.4125 -8.1254 7.6498
4 16 -7.5606 -7.8676 7.5644 -7.8858 -7.8321 7.0792 -7.8858 -8.0818 7.0659 -7.5606 -8.1173 7.5511
4 16 -7.8858 -7.8321 7.0792 -8 -7.7933 6.5064 -8 -8.043 6.4931 -7.8858 -8.0818 7.0659
4 16 -8 -7.7933 6.5064 -8 -6.9834 -5.8441 -8 -7.2321 -5.8729 -8 -8.043 6.4931
4 16 -8 -6.9834 -5.8441 -8 -6.6969 -7.6068 -8 -6.9413 -7.6621 -8 -7.2321 -5.8729
4 16 -8 -6.6969 -7.6068 -8 -3.9501 -21.2148 -8 -4.1926 -21.2792 -8 -6.9413 -7.6621
4 16 -8 -3.9501 -21.2148 -8 -3.2518 -23.5852 -8 -3.4789 -23.702 -8 -4.1926 -21.2792
4 16 -8 -3.2518 -23.5852 -8 -1.5068 -28.64 -8 -1.6807 -28.911 -8 -3.4789 -23.702
4 16 -8 -1.5068 -28.64 -8 .1824 -33.2109 -8 -.0544 -33.3116 -8 -1.6807 -28.911
4 16 -8 .1824 -33.2109 -7.8889 .3566 -33.7586 -7.8889 .1198 -33.8593 -8 -.0544 -33.3116
4 16 -7.8889 .3566 -33.7586 -7.5726 .4544 -34.2411 -7.5726 .2176 -34.3418 -7.8889 .1198 -33.8593
4 16 -7.5726 .4544 -34.2411 -7.156 .465 -34.5566 -7.156 .2283 -34.6573 -7.5726 .2176 -34.3418
4 16 -6.4549 .1875 -35.0295 -7.156 .2283 -34.6573 -7.156 .465 -34.5566 -6.4052 .4214 -34.9552
4 16 -6.4052 .4214 -34.9552 3.337 .5641 -39.8263 3.3181 .3306 -39.916 -6.4549 .1875 -35.0295
4 16 3.337 .5641 -39.8263 5.8615 .707 -41.0435 5.8615 .4746 -41.1423 3.3181 .3306 -39.916
0 // Lateral conditional lines
5 24 6.5 -7.8938 8.0028 6.5 -8.1435 7.9895 -6.5001 -7.8938 8.0028 7.074 -7.8878 7.8888
5 24 7.074 -7.8878 7.8888 7.074 -8.1374 7.8755 6.5 -7.8938 8.0028 7.5625 -7.8705 7.5641
5 24 7.5625 -7.8705 7.5641 7.5625 -8.1202 7.5509 7.074 -7.8878 7.8888 7.8858 -7.8447 7.0781
5 24 7.8858 -7.8447 7.0781 7.8858 -8.0943 7.0649 7.5625 -7.8705 7.5641 8 -7.8142 6.5049
5 24 8 -7.8142 6.5049 8 -8.0639 6.4917 7.8858 -7.8447 7.0781 8 -7.1369 -6.2369
5 24 -6.5001 -7.8938 8.0028 -6.5003 -8.1435 7.9895 6.5 -7.8938 8.0028 -7.0742 -7.8878 7.8889
5 24 -7.0742 -7.8878 7.8889 -7.0742 -8.1374 7.8756 -6.5001 -7.8938 8.0028 -7.4107 -7.8758 7.6643
5 24 -7.5606 -7.8676 7.5644 -7.5606 -8.1173 7.5511 -7.4107 -7.8758 7.6643 -7.8858 -7.8321 7.0792
5 24 -7.8858 -7.8321 7.0792 -7.8858 -8.0818 7.0659 -7.5606 -7.8676 7.5644 -8 -7.7933 6.5064
5 24 -8 -7.7933 6.5064 -8 -8.043 6.4931 -7.8858 -7.8321 7.0792 -8 -6.9834 -5.8441
5 24 8 .1563 -39.7943 8 -.0761 -39.8931 8 -4.3934 -25.2376 7.8862 .3275 -40.3424
5 24 7.8862 .3275 -40.3424 7.8862 .0951 -40.4412 8 .1563 -39.7943 7.5621 .4904 -40.8016
5 24 7.5621 .4904 -40.8016 7.5621 .258 -40.9004 7.8862 .3275 -40.3424 7.0772 .6204 -41.1023
5 24 7.0772 .6204 -41.1023 7.0772 .388 -41.2011 7.5621 .4904 -40.8016 6.505 .6977 -41.1986
5 24 6.505 .6977 -41.1986 6.505 .4653 -41.2974 7.0772 .6204 -41.1023 5.8615 .707 -41.0435
5 24 5.8615 .707 -41.0435 5.8615 .4746 -41.1423 6.505 .6977 -41.1986 3.337 .5641 -39.8263
5 24 -8 .1824 -33.2109 -8 -.0544 -33.3116 -8 -1.5068 -28.64 -7.8889 .3566 -33.7586
5 24 -7.8889 .1198 -33.8593 -7.8889 .3566 -33.7586 -8 .1824 -33.2109 -7.5726 .4544 -34.2411
5 24 -7.5726 .4544 -34.2411 -7.5726 .2176 -34.3418 -7.8889 .3566 -33.7586 -7.156 .465 -34.5566
5 24 -7.156 .465 -34.5566 -7.156 .2283 -34.6573 -7.5726 .4544 -34.2411 -6.4052 .4214 -34.9552
0 // Conditional lines
5 24 8 -7.3864 -6.253 -7.4125 -8.1254 7.6498 -7.5606 -8.1173 7.5511 -7.0742 -8.1374 7.8756
5 24 8 -7.2833 -7.8257 -8 -7.2321 -5.8729 8 -7.3864 -6.253 8 -4.7005 -23.7165
5 24 8 -4.7005 -23.7165 -8 -6.9413 -7.6621 8 -7.2833 -7.8257 8 -4.3934 -25.2376
5 24 8 -4.3934 -25.2376 -8 -4.1926 -21.2792 8 -4.7005 -23.7165 8 -.0761 -39.8931
5 24 3.3181 .3306 -39.916 -8 -3.4789 -23.702 5.8615 .4746 -41.1423 -6.4549 .1875 -35.0295
5 24 -6.4549 .1875 -35.0295 -8 -1.6807 -28.911 3.3181 .3306 -39.916 -7.156 .2283 -34.6573
0 // Top faces
0 // Black faces
4 0 3.8949 -7.5832 -2.55 4.1566 -7.6136 -1.9782 3.2034 -7.6516 -1.2632 3.0834 -7.6221 -1.818
4 0 4.5 -7.855 2.5631 -1.7734 -7.855 2.5631 -.3343 -7.786 1.2649 3.3 -7.786 1.2649
4 0 3.3 -7.786 1.2649 3.3 -7.7117 -.1331 4.5 -7.7117 -.1331 4.5 -7.855 2.5631
4 0 3.3 -7.7117 -.1331 3.2758 -7.6816 -.7002 4.4615 -7.6784 -.7606 4.5 -7.7117 -.1331
4 0 3.2758 -7.6816 -.7002 3.2034 -7.6516 -1.2632 4.3464 -7.6455 -1.3787 4.4615 -7.6784 -.7606
3 0 4.3464 -7.6455 -1.3787 3.2034 -7.6516 -1.2632 4.1566 -7.6136 -1.9782
4 0 3.2516 -7.4904 -3.8557 2.36 -7.4777 -3.897 2.1423 -7.4305 -4.5797 2.9627 -7.4434 -4.5238
4 0 3.5624 -7.537 -3.1975 2.5947 -7.5247 -3.2201 2.36 -7.4777 -3.897 3.2516 -7.4904 -3.8557
4 0 3.8949 -7.5832 -2.55 2.8463 -7.5715 -2.5492 2.5947 -7.5247 -3.2201 3.5624 -7.537 -3.1975
3 0 2.8463 -7.5715 -2.5492 3.8949 -7.5832 -2.55 3.0834 -7.6221 -1.818
4 0 1.5931 -7.2881 -6.6572 1.5112 -7.2625 -7.0338 2.0808 -7.2643 -7.1033 2.2311 -7.3003 -6.5803
4 0 2.2311 -7.3003 -6.5803 2.4522 -7.3483 -5.8869 1.7588 -7.3357 -5.9602 1.5931 -7.2881 -6.6572
4 0 2.4522 -7.3483 -5.8869 2.6962 -7.396 -5.2011 1.9419 -7.3831 -5.2675 1.7588 -7.3357 -5.9602
4 0 2.9627 -7.4434 -4.5238 2.1423 -7.4305 -4.5797 1.9419 -7.3831 -5.2675 2.6962 -7.396 -5.2011
4 0 -1.7734 -7.855 2.5631 -4.5002 -7.8246 2.5651 -3.3003 -7.7529 1.2671 -.3343 -7.786 1.2649
4 0 -3.3003 -7.6613 -.13 -3.3003 -7.7529 1.2671 -4.5002 -7.8246 2.5651 -4.5002 -7.6479 -.1291
4 0 -4.5002 -7.6479 -.1291 -4.4617 -7.6073 -.7561 -3.2761 -7.6244 -.6966 -3.3003 -7.6613 -.13
4 0 -3.2038 -7.5884 -1.2591 -3.2761 -7.6244 -.6966 -4.4617 -7.6073 -.7561 -4.3467 -7.568 -1.3737
4 0 -4.3467 -7.568 -1.3737 -4.1569 -7.5309 -1.9728 -3.0838 -7.5533 -1.8134 -3.2038 -7.5884 -1.2591
4 0 -2.8467 -7.508 -2.545 -3.0838 -7.5533 -1.8134 -4.1569 -7.5309 -1.9728 -3.8953 -7.4963 -2.5443
4 0 -2.595 -7.4668 -3.2163 -2.8467 -7.508 -2.545 -3.8953 -7.4963 -2.5443 -3.5627 -7.4576 -3.1923
4 0 -1.5931 -7.2526 -6.6549 -1.7588 -7.2964 -5.9576 -2.4522 -7.2935 -5.8833 -2.2311 -7.2505 -6.577
4 0 -1.7588 -7.2964 -5.9576 -1.942 -7.3398 -5.2647 -2.6963 -7.3358 -5.1972 -2.4522 -7.2935 -5.8833
4 0 -1.942 -7.3398 -5.2647 -2.1425 -7.3827 -4.5765 -2.9629 -7.3773 -4.5195 -2.6963 -7.3358 -5.1972
4 0 -3.5627 -7.4576 -3.1923 -3.2518 -7.4179 -3.851 -2.3602 -7.425 -3.8936 -2.595 -7.4668 -3.2163
4 0 -3.2518 -7.4179 -3.851 -2.9629 -7.3773 -4.5195 -2.1425 -7.3827 -4.5765 -2.3602 -7.425 -3.8936
4 0 1.3017 -6.3133 -12.8439 1.3177 -6.4486 -12.0138 .9143 -6.4405 -12.0065 .9018 -6.3044 -12.8424
4 0 1.3177 -6.4486 -12.0138 1.3657 -6.5844 -11.1852 .9518 -6.5771 -11.1715 .9143 -6.4405 -12.0065
4 0 1.3657 -6.5844 -11.1852 1.4455 -6.7205 -10.359 1.0141 -6.714 -10.3379 .9518 -6.5771 -11.1715
4 0 1.4455 -6.7205 -10.359 1.5571 -6.8568 -9.5365 1.1013 -6.8511 -9.5067 1.0141 -6.714 -10.3379
4 0 1.5571 -6.8568 -9.5365 1.7004 -6.993 -8.719 1.2133 -6.9883 -8.6784 1.1013 -6.8511 -9.5067
4 0 1.7004 -6.993 -8.719 1.875 -7.1289 -7.9075 1.35 -7.1255 -7.8539 1.2133 -6.9883 -8.6784
4 0 1.875 -7.1289 -7.9075 2.0808 -7.2643 -7.1033 1.5112 -7.2625 -7.0338 1.35 -7.1255 -7.8539
4 0 -2.2311 -7.2505 -6.577 -2.0828 -7.1709 -7.0881 -1.5124 -7.1946 -7.0227 -1.5931 -7.2526 -6.6549
4 0 -2.0828 -7.1709 -7.0881 -1.8765 -7.0447 -7.8937 -1.3509 -7.0649 -7.844 -1.5124 -7.1946 -7.0227
4 0 -1.8765 -7.0447 -7.8937 -1.7014 -6.9166 -8.7064 -1.2139 -6.9339 -8.6695 -1.3509 -7.0649 -7.844
4 0 -1.7014 -6.9166 -8.7064 -1.5578 -6.7869 -9.525 -1.1017 -6.8017 -9.4986 -1.2139 -6.9339 -8.6695
4 0 -1.0143 -6.6685 -10.3305 -1.1017 -6.8017 -9.4986 -1.5578 -6.7869 -9.525 -1.4459 -6.6556 -10.3483
4 0 -1.4459 -6.6556 -10.3483 -1.3658 -6.5231 -11.1751 -.9518 -6.5344 -11.1645 -1.0143 -6.6685 -10.3305
4 0 -1.3658 -6.5231 -11.1751 -1.3178 -6.3895 -12.0042 -.9143 -6.3995 -11.9998 -.9518 -6.5344 -11.1645
4 0 -1.3178 -6.3895 -12.0042 -1.3017 -6.2549 -12.8344 -.9018 -6.2639 -12.8358 -.9143 -6.3995 -11.9998
0 // Red faces
4 4 4.5 -7.855 2.5631 6.5 -8.1435 7.9895 -6.5003 -8.1435 7.9895 -7.0742 -8.1374 7.8756
4 4 4.5 -7.855 2.5631 -7.0742 -8.1374 7.8756 -7.4125 -8.1254 7.6498 -1.7734 -7.855 2.5631
4 4 -4.5002 -7.8246 2.5651 -1.7734 -7.855 2.5631 -7.4125 -8.1254 7.6498 -7.5606 -8.1173 7.5511
4 4 -4.5002 -7.8246 2.5651 -7.5606 -8.1173 7.5511 -7.8858 -8.0818 7.0659 -8 -8.043 6.4931
4 4 8 -7.3864 -6.253 8 -8.0639 6.4917 7.8858 -8.0943 7.0649 7.5625 -8.1202 7.5509
4 4 8 -7.3864 -6.253 7.5625 -8.1202 7.5509 7.074 -8.1374 7.8755 6.5 -8.1435 7.9895
4 4 8 -7.3864 -6.253 6.5 -8.1435 7.9895 4.5 -7.855 2.5631 4.5 -7.7117 -.1331
3 4 8 -7.3864 -6.253 4.5 -7.7117 -.1331 4.4615 -7.6784 -.7606
3 4 8 -7.3864 -6.253 4.4615 -7.6784 -.7606 4.3464 -7.6455 -1.3787
3 4 8 -7.3864 -6.253 4.3464 -7.6455 -1.3787 4.1566 -7.6136 -1.9782
3 4 8 -7.3864 -6.253 4.1566 -7.6136 -1.9782 3.8949 -7.5832 -2.55
4 4 8 -7.2833 -7.8257 8 -7.3864 -6.253 3.8949 -7.5832 -2.55 3.5624 -7.537 -3.1975
4 4 8 -7.2833 -7.8257 3.5624 -7.537 -3.1975 3.2516 -7.4904 -3.8557 2.9627 -7.4434 -4.5238
4 4 8 -7.2833 -7.8257 2.9627 -7.4434 -4.5238 2.6962 -7.396 -5.2011 2.4522 -7.3483 -5.8869
4 4 8 -7.2833 -7.8257 2.4522 -7.3483 -5.8869 2.2311 -7.3003 -6.5803 2.0808 -7.2643 -7.1033
4 4 8 -7.2833 -7.8257 2.0808 -7.2643 -7.1033 1.875 -7.1289 -7.9075 1.7004 -6.993 -8.719
4 4 8 -7.2833 -7.8257 1.7004 -6.993 -8.719 1.5571 -6.8568 -9.5365 1.4455 -6.7205 -10.359
4 4 8 -7.2833 -7.8257 1.4455 -6.7205 -10.359 1.3657 -6.5844 -11.1852 1.3177 -6.4486 -12.0138
4 4 8 -7.2833 -7.8257 1.3177 -6.4486 -12.0138 1.3017 -6.3133 -12.8439 8 -4.7005 -23.7165
3 4 -8 -7.2321 -5.8729 -3.8953 -7.4963 -2.5443 -4.1569 -7.5309 -1.9728
3 4 -8 -7.2321 -5.8729 -4.1569 -7.5309 -1.9728 -4.3467 -7.568 -1.3737
3 4 -8 -7.2321 -5.8729 -4.3467 -7.568 -1.3737 -4.4617 -7.6073 -.7561
3 4 -8 -7.2321 -5.8729 -4.4617 -7.6073 -.7561 -4.5002 -7.6479 -.1291
4 4 -8 -7.2321 -5.8729 -4.5002 -7.6479 -.1291 -4.5002 -7.8246 2.5651 -8 -8.043 6.4931
4 4 -8 -7.2321 -5.8729 -3.2518 -7.4179 -3.851 -3.5627 -7.4576 -3.1923 -3.8953 -7.4963 -2.5443
4 4 -8 -7.2321 -5.8729 -2.6963 -7.3358 -5.1972 -2.9629 -7.3773 -4.5195 -3.2518 -7.4179 -3.851
4 4 -8 -7.2321 -5.8729 -2.2311 -7.2505 -6.577 -2.4522 -7.2935 -5.8833 -2.6963 -7.3358 -5.1972
4 4 -8 -7.2321 -5.8729 -1.8765 -7.0447 -7.8937 -2.0828 -7.1709 -7.0881 -2.2311 -7.2505 -6.577
4 4 -8 -7.2321 -5.8729 -1.5578 -6.7869 -9.525 -1.7014 -6.9166 -8.7064 -1.8765 -7.0447 -7.8937
4 4 -8 -7.2321 -5.8729 -1.3658 -6.5231 -11.1751 -1.4459 -6.6556 -10.3483 -1.5578 -6.7869 -9.525
4 4 -8 -7.2321 -5.8729 -1.3017 -6.2549 -12.8344 -1.3178 -6.3895 -12.0042 -1.3658 -6.5231 -11.1751
4 4 -8 -7.2321 -5.8729 -8 -6.9413 -7.6621 8 -4.7005 -23.7165 -1.3017 -6.2549 -12.8344
3 4 8 -4.7005 -23.7165 1.3017 -6.3133 -12.8439 .9018 -6.3044 -12.8424
3 4 8 -4.7005 -23.7165 .9018 -6.3044 -12.8424 -.9018 -6.2639 -12.8358
3 4 8 -4.7005 -23.7165 -.9018 -6.2639 -12.8358 -1.3017 -6.2549 -12.8344
4 4 8 -4.3934 -25.2376 8 -4.7005 -23.7165 -8 -6.9413 -7.6621 -8 -4.1926 -21.2792
4 4 8 -4.3934 -25.2376 -8 -4.1926 -21.2792 -8 -3.4789 -23.702 3.3181 .3306 -39.916
4 4 8 -4.3934 -25.2376 3.3181 .3306 -39.916 5.8615 .4746 -41.1423 6.505 .4653 -41.2974
4 4 8 -4.3934 -25.2376 6.505 .4653 -41.2974 7.0772 .388 -41.2011 7.5621 .258 -40.9004
4 4 8 -4.3934 -25.2376 7.5621 .258 -40.9004 7.8862 .0951 -40.4412 8 -.0761 -39.8931
4 4 -8 -1.6807 -28.911 -8 -.0544 -33.3116 -7.8889 .1198 -33.8593 -7.5726 .2176 -34.3418
4 4 -8 -1.6807 -28.911 -7.5726 .2176 -34.3418 -7.156 .2283 -34.6573 -6.4549 .1875 -35.0295
4 4 -8 -1.6807 -28.911 -6.4549 .1875 -35.0295 3.3181 .3306 -39.916 -8 -3.4789 -23.702
0 // Halftone
4 320 -.3343 -7.786 1.2649 3.2758 -7.6816 -.7002 3.3 -7.7117 -.1331 3.3 -7.786 1.2649
4 320 -.3343 -7.786 1.2649 3.0834 -7.6221 -1.818 3.2034 -7.6516 -1.2632 3.2758 -7.6816 -.7002
4 320 -.3343 -7.786 1.2649 -3.2761 -7.6244 -.6966 -3.2038 -7.5884 -1.2591 3.0834 -7.6221 -1.818
4 320 -.3343 -7.786 1.2649 -3.3003 -7.7529 1.2671 -3.3003 -7.6613 -.13 -3.2761 -7.6244 -.6966
4 320 2.8463 -7.5715 -2.5492 3.0834 -7.6221 -1.818 -3.2038 -7.5884 -1.2591 -3.0838 -7.5533 -1.8134
4 320 2.8463 -7.5715 -2.5492 -3.0838 -7.5533 -1.8134 -2.8467 -7.508 -2.545 2.5947 -7.5247 -3.2201
4 320 2.36 -7.4777 -3.897 2.5947 -7.5247 -3.2201 -2.8467 -7.508 -2.545 -2.595 -7.4668 -3.2163
4 320 2.36 -7.4777 -3.897 -2.595 -7.4668 -3.2163 -2.3602 -7.425 -3.8936 2.1423 -7.4305 -4.5797
4 320 1.9419 -7.3831 -5.2675 2.1423 -7.4305 -4.5797 -2.3602 -7.425 -3.8936 -2.1425 -7.3827 -4.5765
4 320 1.9419 -7.3831 -5.2675 -2.1425 -7.3827 -4.5765 -1.942 -7.3398 -5.2647 1.7588 -7.3357 -5.9602
4 320 1.5931 -7.2881 -6.6572 1.7588 -7.3357 -5.9602 -1.942 -7.3398 -5.2647 -1.7588 -7.2964 -5.9576
4 320 1.5931 -7.2881 -6.6572 -1.7588 -7.2964 -5.9576 -1.5931 -7.2526 -6.6549 1.5112 -7.2625 -7.0338
4 4 1.35 -7.1255 -7.8539 1.5112 -7.2625 -7.0338 -1.5931 -7.2526 -6.6549 -1.5124 -7.1946 -7.0227
3 4 1.35 -7.1255 -7.8539 -1.5124 -7.1946 -7.0227 -1.3509 -7.0649 -7.844
4 4 1.35 -7.1255 -7.8539 -1.3509 -7.0649 -7.844 -1.2139 -6.9339 -8.6695 1.2133 -6.9883 -8.6784
4 4 1.1013 -6.8511 -9.5067 1.2133 -6.9883 -8.6784 -1.2139 -6.9339 -8.6695 -1.1017 -6.8017 -9.4986
4 4 1.1013 -6.8511 -9.5067 -1.1017 -6.8017 -9.4986 -1.0143 -6.6685 -10.3305 1.0141 -6.714 -10.3379
4 4 .9518 -6.5771 -11.1715 1.0141 -6.714 -10.3379 -1.0143 -6.6685 -10.3305 -.9518 -6.5344 -11.1645
4 4 .9518 -6.5771 -11.1715 -.9518 -6.5344 -11.1645 -.9143 -6.3995 -11.9998 .9143 -6.4405 -12.0065
4 4 .9018 -6.3044 -12.8424 .9143 -6.4405 -12.0065 -.9143 -6.3995 -11.9998 -.9018 -6.2639 -12.8358