0 Sticker  1.0 x  1.8 with Three Black Air Vent on Red Background Left
0 Name: 6221805v.dat
0 Author: Massimo Maso [Sirio]
0 !LDRAW_ORG Unofficial_Part
0 !LICENSE Licensed under CC BY 4.0 : see CAreadme.txt

0 BFC CERTIFY CCW

0 !KEYWORDS 1962, 1979, 24h, 250, 312, 488, Equipe nationale belge, Ferrari
0 !KEYWORDS Garage, Gilles Villeneuve, GTE, GTO, Jean "Beurly" Blaton, Le Mans
0 !KEYWORDS Léon "Eldé" Dernier, Set 75889, Speed Champions, T4, Ultimate

0 // Primitives
1 16 -16.5 0 8.5 -1.5 0 0 0 -1 0 0 0 1.5 1-4chrd.dat
1 16 16.5 0 8.5 1.5 0 0 0 -1 0 0 0 1.5 1-4chrd.dat
1 16 0 -.25 0 0 0 18 0 .25 0 8.5 0 0 box3u12.dat
1 16 -16.5 0 -8.5 -1.5 0 0 0 -1 0 0 0 -1.5 1-4chrd.dat
1 16 16.5 0 -8.5 1.5 0 0 0 -1 0 0 0 -1.5 1-4chrd.dat
1 16 -16.5 0 8.5 -1.5 0 0 0 -.25 0 0 0 1.5 1-4cyli.dat
1 16 16.5 0 8.5 1.5 0 0 0 -.25 0 0 0 1.5 1-4cyli.dat
1 16 -16.5 0 -8.5 -1.5 0 0 0 -.25 0 0 0 -1.5 1-4cyli.dat
1 16 16.5 0 -8.5 1.5 0 0 0 -.25 0 0 0 -1.5 1-4cyli.dat
1 4 -16.5 -.25 8.5 -1.5 0 0 0 1 0 0 0 1.5 1-4chrd.dat
1 4 16.5 -.25 8.5 1.5 0 0 0 1 0 0 0 1.5 1-4chrd.dat
1 4 -16.5 -.25 -8.5 -1.5 0 0 0 1 0 0 0 -1.5 1-4chrd.dat
1 4 16.5 -.25 -8.5 1.5 0 0 0 1 0 0 0 -1.5 1-4chrd.dat
1 4 -3.5 -.25 7 0 0 -2 0 1 0 2 0 0 3-16ndis.dat
1 4 -3.5 -.25 7 0 0 2 0 1 0 2 0 0 5-16ndis.dat
1 0 -3.5 -.25 7 0 0 -2 0 1 0 2 0 0 3-16chrd.dat
1 0 -3.5 -.25 7 0 0 2 0 1 0 2 0 0 5-16chrd.dat
1 4 5 -.25 7 0 0 -2 0 1 0 2 0 0 3-16ndis.dat
1 4 5 -.25 7 0 0 2 0 1 0 2 0 0 5-16ndis.dat
1 0 5 -.25 7 0 0 -2 0 1 0 2 0 0 3-16chrd.dat
1 0 5 -.25 7 0 0 2 0 1 0 2 0 0 5-16chrd.dat
1 4 13.5 -.25 7 0 0 -2 0 1 0 2 0 0 3-16ndis.dat
1 4 13.5 -.25 7 0 0 2 0 1 0 2 0 0 5-16ndis.dat
1 0 13.5 -.25 7 0 0 -2 0 1 0 2 0 0 3-16chrd.dat
1 0 13.5 -.25 7 0 0 2 0 1 0 2 0 0 5-16chrd.dat
1 0 -9.5 -.25 -7 0 0 -2 0 1 0 -2 0 0 5-16chrd.dat
1 0 -9.5 -.25 -7 0 0 2 0 1 0 -2 0 0 3-16chrd.dat
1 4 -9.5 -.25 -7 0 0 -2 0 1 0 -2 0 0 5-16ndis.dat
1 4 -9.5 -.25 -7 0 0 2 0 1 0 -2 0 0 3-16ndis.dat
1 0 -1 -.25 -7 0 0 -2 0 1 0 -2 0 0 5-16chrd.dat
1 0 -1 -.25 -7 0 0 2 0 1 0 -2 0 0 3-16chrd.dat
1 4 -1 -.25 -7 0 0 -2 0 1 0 -2 0 0 5-16ndis.dat
1 4 -1 -.25 -7 0 0 2 0 1 0 -2 0 0 3-16ndis.dat
1 0 7.5 -.25 -7 0 0 -2 0 1 0 -2 0 0 5-16chrd.dat
1 0 7.5 -.25 -7 0 0 2 0 1 0 -2 0 0 3-16chrd.dat
1 4 7.5 -.25 -7 0 0 -2 0 1 0 -2 0 0 5-16ndis.dat
1 4 7.5 -.25 -7 0 0 2 0 1 0 -2 0 0 3-16ndis.dat
0 // Bottom faces
4 16 -18 0 8.5 -16.5 0 10 16.5 0 10 18 0 8.5
4 16 -18 0 -8.5 18 0 -8.5 16.5 0 -10 -16.5 0 -10
0 // Lateral faces
4 16 -16.5 0 10 -16.5 -.25 10 16.5 -.25 10 16.5 0 10
4 16 -16.5 0 -10 16.5 0 -10 16.5 -.25 -10 -16.5 -.25 -10
0 // Top faces
0 // Black faces
4 0 -3.5 -.25 9 -5.3478 -.25 7.7654 -11.3478 -.25 -6.2346 -9.5 -.25 -9
4 0 -3.5 -.25 9 -9.5 -.25 -9 -7.6522 -.25 -7.7654 -1.6522 -.25 6.2346
4 0 5 -.25 9 3.1522 -.25 7.7654 -2.8478 -.25 -6.2346 -1 -.25 -9
4 0 5 -.25 9 -1 -.25 -9 .8478 -.25 -7.7654 6.8478 -.25 6.2346
4 0 13.5 -.25 9 11.6522 -.25 7.7654 5.6522 -.25 -6.2346 7.5 -.25 -9
4 0 13.5 -.25 9 7.5 -.25 -9 9.3478 -.25 -7.7654 15.3478 -.25 6.2346
0 // Red faces
4 4 16.5 -.25 10 -16.5 -.25 10 -5.5 -.25 9 -3.5 -.25 9
3 4 16.5 -.25 10 -3.5 -.25 9 -1.5 -.25 9
3 4 16.5 -.25 10 -1.5 -.25 9 3 -.25 9
3 4 16.5 -.25 10 3 -.25 9 5 -.25 9
3 4 16.5 -.25 10 5 -.25 9 7 -.25 9
3 4 16.5 -.25 10 7 -.25 9 11.5 -.25 9
3 4 16.5 -.25 10 11.5 -.25 9 13.5 -.25 9
3 4 16.5 -.25 10 13.5 -.25 9 15.5 -.25 9
4 4 16.5 -.25 10 15.5 -.25 9 15.5 -.25 7 18 -.25 8.5
3 4 3 -.25 9 -1.5 -.25 9 -1.5 -.25 7
3 4 3 -.25 9 -1.5 -.25 7 -1.5 -.25 5
4 4 3 -.25 9 -1.5 -.25 5 -7.5 -.25 -9 -3 -.25 -5
4 4 3 -.25 9 -3 -.25 -5 -2.8478 -.25 -6.2346 3.1522 -.25 7.7654
3 4 11.5 -.25 9 7 -.25 9 7 -.25 7
3 4 11.5 -.25 9 7 -.25 7 7 -.25 5
4 4 11.5 -.25 9 7 -.25 5 1 -.25 -9 5.5 -.25 -5
4 4 11.5 -.25 9 5.5 -.25 -5 5.6522 -.25 -6.2346 11.6522 -.25 7.7654
4 4 15.5 -.25 5 15.3478 -.25 6.2346 9.3478 -.25 -7.7654 9.5 -.25 -9
4 4 15.5 -.25 5 9.5 -.25 -9 16.5 -.25 -10 18 -.25 -8.5
4 4 15.5 -.25 5 18 -.25 -8.5 18 -.25 8.5 15.5 -.25 7
4 4 -11.5 -.25 -5 -11.3478 -.25 -6.2346 -5.3478 -.25 7.7654 -5.5 -.25 9
4 4 -11.5 -.25 -5 -5.5 -.25 9 -16.5 -.25 10 -18 -.25 8.5
4 4 -11.5 -.25 -5 -18 -.25 8.5 -18 -.25 -8.5 -11.5 -.25 -7
4 4 -7.5 -.25 -9 -1.5 -.25 5 -1.6522 -.25 6.2346 -7.6522 -.25 -7.7654
3 4 -7.5 -.25 -9 -3 -.25 -7 -3 -.25 -5
3 4 -7.5 -.25 -9 -3 -.25 -9 -3 -.25 -7
4 4 1 -.25 -9 7 -.25 5 6.8478 -.25 6.2346 .8478 -.25 -7.7654
3 4 1 -.25 -9 5.5 -.25 -7 5.5 -.25 -5
3 4 1 -.25 -9 5.5 -.25 -9 5.5 -.25 -7
4 4 -16.5 -.25 -10 -11.5 -.25 -9 -11.5 -.25 -7 -18 -.25 -8.5
3 4 -16.5 -.25 -10 -9.5 -.25 -9 -11.5 -.25 -9
3 4 -16.5 -.25 -10 -7.5 -.25 -9 -9.5 -.25 -9
3 4 -16.5 -.25 -10 -3 -.25 -9 -7.5 -.25 -9
3 4 -16.5 -.25 -10 -1 -.25 -9 -3 -.25 -9
3 4 -16.5 -.25 -10 1 -.25 -9 -1 -.25 -9
3 4 -16.5 -.25 -10 5.5 -.25 -9 1 -.25 -9
3 4 -16.5 -.25 -10 7.5 -.25 -9 5.5 -.25 -9
4 4 -16.5 -.25 -10 16.5 -.25 -10 9.5 -.25 -9 7.5 -.25 -9
