0 Sticker  1.2 x  .8 with Black Disc on Red Background
0 Name: 6221805ab.dat
0 Author: Massimo Maso [Sirio]
0 !LDRAW_ORG Unofficial_Part
0 !LICENSE Licensed under CC BY 4.0 : see CAreadme.txt

0 BFC CERTIFY CCW

0 !KEYWORDS 1962, 1979, 24h, 250, 312, 488, Equipe nationale belge, Ferrari
0 !KEYWORDS Garage, Gilles Villeneuve, GTE, GTO, Jean "Beurly" Blaton, Le Mans
0 !KEYWORDS Léon "Eldé" Dernier, Set 75889, Speed Champions, T4, Ultimate

0 // Primitives
1 16 -6.5 0 10.6422 -1.5 0 0 0 -1 0 0 0 1.5 1-4chrd.dat
1 16 6.5 0 10.6422 1.5 0 0 0 -1 0 0 0 1.5 1-4chrd.dat
1 16 0 -.25 0 0 0 8 0 .25 0 10.6422 0 0 box3u12.dat
1 16 -6.5 0 -10.6422 -1.5 0 0 0 -1 0 0 0 -1.5 1-4chrd.dat
1 16 6.5 0 -10.6422 1.5 0 0 0 -1 0 0 0 -1.5 1-4chrd.dat
1 16 -6.5 0 10.6422 -1.5 0 0 0 -.25 0 0 0 1.5 1-4cyli.dat
1 16 6.5 0 10.6422 1.5 0 0 0 -.25 0 0 0 1.5 1-4cyli.dat
1 16 -6.5 0 -10.6422 -1.5 0 0 0 -.25 0 0 0 -1.5 1-4cyli.dat
1 16 6.5 0 -10.6422 1.5 0 0 0 -.25 0 0 0 -1.5 1-4cyli.dat
1 4 -6.5 -.25 10.6422 -1.5 0 0 0 1 0 0 0 1.5 1-4chrd.dat
1 4 6.5 -.25 10.6422 1.5 0 0 0 1 0 0 0 1.5 1-4chrd.dat
1 4 -6.5 -.25 -10.6422 -1.5 0 0 0 1 0 0 0 -1.5 1-4chrd.dat
1 4 6.5 -.25 -10.6422 1.5 0 0 0 1 0 0 0 -1.5 1-4chrd.dat
0 // Bottom faces
4 16 6.5 0 12.1422 8 0 10.6422 -8 0 10.6422 -6.5 0 12.1422
4 16 6.5 0 -12.1422 -6.5 0 -12.1422 -8 0 -10.6422 8 0 -10.6422
0 // Lateral faces
4 16 -6.5 0 12.1422 -6.5 -.25 12.1422 6.5 -.25 12.1422 6.5 0 12.1422
4 16 -6.5 0 -12.1422 6.5 0 -12.1422 6.5 -.25 -12.1422 -6.5 -.25 -12.1422
0 // Top faces
0 // Primitives
1 4 0 -.25 0 4 0 0 0 1 0 0 0 5.73 4-4ndis.dat
1 0 0 -.25 0 4 0 0 0 1 0 0 0 5.73 4-4disc.dat
0 // Red faces
4 4 0 -.25 5.73 -6.5 -.25 12.1422 -8 -.25 10.6422 -4 -.25 5.73
3 4 0 -.25 5.73 6.5 -.25 12.1422 -6.5 -.25 12.1422
4 4 0 -.25 5.73 4 -.25 5.73 8 -.25 10.6422 6.5 -.25 12.1422
3 4 -4 -.25 0 -4 -.25 5.73 -8 -.25 10.6422
3 4 -4 -.25 0 -8 -.25 10.6422 -8 -.25 -10.6422
3 4 -4 -.25 0 -8 -.25 -10.6422 -4 -.25 -5.73
3 4 4 -.25 0 8 -.25 10.6422 4 -.25 5.73
3 4 4 -.25 0 8 -.25 -10.6422 8 -.25 10.6422
3 4 4 -.25 0 4 -.25 -5.73 8 -.25 -10.6422
4 4 0 -.25 -5.73 -4 -.25 -5.73 -8 -.25 -10.6422 -6.5 -.25 -12.1422
3 4 0 -.25 -5.73 -6.5 -.25 -12.1422 6.5 -.25 -12.1422
4 4 0 -.25 -5.73 6.5 -.25 -12.1422 8 -.25 -10.6422 4 -.25 -5.73
