0 Sticker  0.8 x  1.8 with Yellow Rects and Logos on Red Background
0 Name: 6221805d.dat
0 Author: Massimo Maso [Sirio]
0 !LDRAW_ORG Unofficial_Part
0 !LICENSE Licensed under CC BY 4.0 : see CAreadme.txt

0 BFC CERTIFY CCW

0 !KEYWORDS 1962, 1979, 24h, 250, 312, 488, Equipe nationale belge, Ferrari
0 !KEYWORDS Garage, Gilles Villeneuve, GTE, GTO, Jean "Beurly" Blaton, Le Mans
0 !KEYWORDS Léon "Eldé" Dernier, Set 75889, Speed Champions, T4, Ultimate

0 // Logos primitives
1 1 0 -.25 3.25 .3 0 0 0 1 0 0 0 .3 s\logomicht02.dat
1 14 0 -.25 3.25 .3 0 0 0 1 0 0 0 .3 s\logomichb05.dat
1 14 -3.6 -.25 -3.25 .5 0 0 0 1 0 0 0 .5 logo-agip-black-dog.dat
1 14 -3.6 -.25 -3.25 .5 0 0 0 1 0 0 0 .5 logo-agip-black-dog-box.dat
1 14 2.8 -.25 -3.25 .6 0 0 0 1 0 0 0 .6 logo-agip-text.dat
1 14 2.8 -.25 -3.25 .6 0 0 0 1 0 0 0 .6 logo-agip-text-box.dat
0 // Primitives
1 16 -16.5 0 6.5 -1.5 0 0 0 -1 0 0 0 1.5 1-4chrd.dat
1 16 16.5 0 6.5 1.5 0 0 0 -1 0 0 0 1.5 1-4chrd.dat
1 16 0 -.25 0 0 0 18 0 .25 0 6.5 0 0 box3u12.dat
1 16 -16.5 0 -6.5 -1.5 0 0 0 -1 0 0 0 -1.5 1-4chrd.dat
1 16 16.5 0 -6.5 1.5 0 0 0 -1 0 0 0 -1.5 1-4chrd.dat
1 16 -16.5 0 6.5 -1.5 0 0 0 -.25 0 0 0 1.5 1-4cyli.dat
1 16 16.5 0 6.5 1.5 0 0 0 -.25 0 0 0 1.5 1-4cyli.dat
1 16 -16.5 0 -6.5 -1.5 0 0 0 -.25 0 0 0 -1.5 1-4cyli.dat
1 16 16.5 0 -6.5 1.5 0 0 0 -.25 0 0 0 -1.5 1-4cyli.dat
1 4 -16.5 -.25 6.5 -1.5 0 0 0 1 0 0 0 1.5 1-4chrd.dat
1 4 16.5 -.25 6.5 1.5 0 0 0 1 0 0 0 1.5 1-4chrd.dat
1 4 -16.5 -.25 -6.5 -1.5 0 0 0 1 0 0 0 -1.5 1-4chrd.dat
1 4 16.5 -.25 -6.5 1.5 0 0 0 1 0 0 0 -1.5 1-4chrd.dat
0 // Bottom faces
4 16 -18 0 6.5 -16.5 0 8 16.5 0 8 18 0 6.5
4 16 -18 0 -6.5 18 0 -6.5 16.5 0 -8 -16.5 0 -8
0 // Lateral faces
4 16 -16.5 0 8 -16.5 -.25 8 16.5 -.25 8 16.5 0 8
4 16 -16.5 0 -8 16.5 0 -8 16.5 -.25 -8 -16.5 -.25 -8
0 // Top faces
0 // Red faces
4 4 -18 -.25 6.5 18 -.25 6.5 16.5 -.25 8 -16.5 -.25 8
4 4 -18 -.25 6.5 -16 -.25 5.75 16 -.25 5.75 18 -.25 6.5
4 4 -18 -.25 6.5 -18 -.25 -6.5 -16 -.25 .75 -16 -.25 5.75
4 4 18 -.25 6.5 16 -.25 5.75 16 -.25 .75 18 -.25 -6.5
4 4 16 -.25 .75 -16 -.25 .75 -7.5 -.25 -.75 7.5 -.25 -.75
4 4 16 -.25 .75 7.5 -.25 -.75 7.5 -.25 -5.75 18 -.25 -6.5
4 4 -18 -.25 -6.5 -7.5 -.25 -5.75 -7.5 -.25 -.75 -16 -.25 .75
4 4 -18 -.25 -6.5 18 -.25 -6.5 7.5 -.25 -5.75 -7.5 -.25 -5.75
4 4 -18 -.25 -6.5 -16.5 -.25 -8 16.5 -.25 -8 18 -.25 -6.5
0 // Yellow faces
0 // Rect of Michelin logo
4 14 -16 -.25 5.75 -16 -.25 .75 -12.9 -.25 1.75 -12.9 -.25 4.75
3 14 -16 -.25 5.75 -12.9 -.25 4.75 -6.45 -.25 4.75
3 14 -16 -.25 5.75 -6.45 -.25 4.75 0 -.25 4.75
3 14 -16 -.25 5.75 0 -.25 4.75 16 -.25 5.75
3 14 16 -.25 5.75 0 -.25 4.75 6.45 -.25 4.75
3 14 16 -.25 5.75 6.45 -.25 4.75 12.9 -.25 4.75
4 14 16 -.25 5.75 12.9 -.25 4.75 12.9 -.25 1.75 16 -.25 .75
3 14 -16 -.25 .75 -6.45 -.25 1.75 -12.9 -.25 1.75
3 14 -16 -.25 .75 0 -.25 1.75 -6.45 -.25 1.75
3 14 -16 -.25 .75 16 -.25 .75 0 -.25 1.75
3 14 16 -.25 .75 12.9 -.25 1.75 6.45 -.25 1.75
3 14 16 -.25 .75 6.45 -.25 1.75 0 -.25 1.75
0 // Rect of Agip logo
4 14 7.5 -.25 -.75 -7.5 -.25 -.75 -6.1 -.25 -1.5 -1.1 -.25 -1.5
4 14 7.5 -.25 -.75 -1.1 -.25 -1.5 -.5 -.25 -1.69 1.549 -.25 -1.69
3 14 7.5 -.25 -.75 1.549 -.25 -1.69 3.949 -.25 -1.69
3 14 7.5 -.25 -.75 3.949 -.25 -1.69 6.1 -.25 -1.69
4 14 7.5 -.25 -.75 6.1 -.25 -1.69 6.1 -.25 -4.81 7.5 -.25 -5.75
4 14 -1.1 -.25 -5 -.5 -.25 -4.81 -.5 -.25 -1.69 -1.1 -.25 -1.5
4 14 -7.5 -.25 -5.75 -6.1 -.25 -5 -6.1 -.25 -1.5 -7.5 -.25 -.75
3 14 7.5 -.25 -5.75 6.1 -.25 -4.81 3.949 -.25 -4.81
3 14 7.5 -.25 -5.75 3.949 -.25 -4.81 1.549 -.25 -4.81
4 14 7.5 -.25 -5.75 1.549 -.25 -4.81 -.5 -.25 -4.81 -1.1 -.25 -5
3 14 7.5 -.25 -5.75 -1.1 -.25 -5 -3.6 -.25 -5
4 14 7.5 -.25 -5.75 -3.6 -.25 -5 -6.1 -.25 -5 -7.5 -.25 -5.75
