0 Sticker  0.8 x  2.5 with Black Air Vent on Red Background Right (Formed) (Need Works)
0 Name: 6221805sc01.dat
0 Author: Massimo Maso [Sirio]
0 !LDRAW_ORG Unofficial_Part
0 !LICENSE Licensed under CC BY 4.0 : see CAreadme.txt

0 !HELP Need works: Halftone of black and red instead of dark red in the air vent

0 BFC CERTIFY CCW

0 !KEYWORDS 1962, 1979, 24h, 250, 312, 488, Equipe nationale belge, Ferrari
0 !KEYWORDS Garage, Gilles Villeneuve, GTE, GTO, Jean "Beurly" Blaton, Le Mans
0 !KEYWORDS Léon "Eldé" Dernier, Set 75889, Speed Champions, T4, Ultimate

0 // Bottom faces
4 16 7.9871 -7.8246 6.7005 8 -7.8142 6.5049 8 -7.1369 -6.2369 7.9488 -7.8348 6.8926
4 16 7.8858 -7.8447 7.0781 7.9488 -7.8348 6.8926 8 -7.1369 -6.2369 7.799 -7.854 7.2539
4 16 7.6901 -7.8627 7.4168 7.799 -7.854 7.2539 8 -7.1369 -6.2369 7.5625 -7.8705 7.5641
4 16 7.4132 -7.8774 7.6934 7.5625 -7.8705 7.5641 8 -7.1369 -6.2369 7.25 -7.8832 7.8021
4 16 7.074 -7.8878 7.8888 7.25 -7.8832 7.8021 8 -7.1369 -6.2369 6.8882 -7.8911 7.9517
4 16 6.6958 -7.8932 7.9899 6.8882 -7.8911 7.9517 8 -7.1369 -6.2369 6.5 -7.8938 8.0028
4 16 -6.5001 -7.8938 8.0028 6.5 -7.8938 8.0028 8 -7.1369 -6.2369 -6.6959 -7.8932 7.99
4 16 -6.8883 -7.8911 7.9517 -6.6959 -7.8932 7.99 8 -7.1369 -6.2369 -7.0742 -7.8878 7.8889
4 16 -7.25 -7.8832 7.8022 -7.0742 -7.8878 7.8889 8 -7.1369 -6.2369 -7.4132 -7.8774 7.6935
3 16 -7.4132 -7.8774 7.6935 8 -7.1369 -6.2369 -7.4292 -7.8767 7.681
3 16 -7.4284 -7.8767 7.6802 8 -7.1369 -6.2369 -7.5606 -7.8676 7.5644
4 16 -7.6901 -7.8565 7.4174 -7.5606 -7.8676 7.5644 8 -7.1369 -6.2369 -7.799 -7.8446 7.2546
4 16 -7.8858 -7.8321 7.0792 -7.799 -7.8446 7.2546 8 -7.1369 -6.2369 -7.9488 -7.8193 6.8937
4 16 -7.9871 -7.8063 6.7017 -7.9488 -7.8193 6.8937 8 -7.1369 -6.2369 -8 -7.7933 6.5064
4 16 -8 -6.9834 -5.8441 -8 -7.7933 6.5064 8 -7.1369 -6.2369 8 -7.0346 -7.7969
4 16 -8 -6.9834 -5.8441 8 -7.0346 -7.7969 8 -4.4561 -23.6612 -8 -6.6969 -7.6068
4 16 -8 -3.9501 -21.2148 -8 -6.6969 -7.6068 8 -4.4561 -23.6612 8 -4.1509 -25.1732
4 16 7.9871 .2126 -39.9818 7.949 .27 -40.1655 8 -4.1509 -25.1732 8 .1563 -39.7943
4 16 7.8862 .3275 -40.3424 7.7997 .384 -40.5091 8 -4.1509 -25.1732 7.949 .27 -40.1655
4 16 7.6911 .4386 -40.6631 7.5621 .4904 -40.8016 8 -4.1509 -25.1732 7.7997 .384 -40.5091
4 16 7.4152 .5386 -40.9224 7.2525 .5821 -41.0231 8 -4.1509 -25.1732 7.5621 .4904 -40.8016
4 16 7.0772 .6204 -41.1023 6.8919 .6528 -41.1584 8 -4.1509 -25.1732 7.2525 .5821 -41.0231
4 16 6.7002 .6787 -41.1907 6.505 .6977 -41.1986 8 -4.1509 -25.1732 6.8919 .6528 -41.1584
4 16 6.3099 .7094 -41.1817 6.1181 .7136 -41.1405 8 -4.1509 -25.1732 6.505 .6977 -41.1986
4 16 5.9328 .7104 -41.0758 5.8615 .707 -41.0435 8 -4.1509 -25.1732 6.1181 .7136 -41.1405
3 16 3.337 .5641 -39.8263 8 -4.1509 -25.1732 5.8615 .707 -41.0435
4 16 -8 -3.2518 -23.5852 -8 -3.9501 -21.2148 8 -4.1509 -25.1732 3.337 .5641 -39.8263
4 16 3.337 .5641 -39.8263 -6.4052 .4214 -34.9552 -8 -1.5068 -28.64 -8 -3.2518 -23.5852
4 16 -7.156 .465 -34.5566 -7.2705 .4694 -34.4897 -8 -1.5068 -28.64 -6.4052 .4214 -34.9552
4 16 -7.4292 .4672 -34.3744 -7.5726 .4544 -34.2411 -8 -1.5068 -28.64 -7.2705 .4694 -34.4897
4 16 -7.6986 .4315 -34.0924 -7.8045 .3986 -33.9306 -8 -1.5068 -28.64 -7.5726 .4544 -34.2411
4 16 -7.8889 .3566 -33.7586 -7.9502 .3058 -33.5792 -8 -1.5068 -28.64 -7.8045 .3986 -33.9306
4 16 -7.9875 .2475 -33.3956 -7.9502 .3058 -33.5792 -8 -1.5068 -28.64 -8 .1824 -33.2109
0 // Conditional lines
5 24 -7.4284 -7.8767 7.6802 8 -7.1369 -6.2369 -7.4132 -7.8774 7.6935 -7.5606 -7.8676 7.5644
5 24 -8 -6.9834 -5.8441 8 -7.0346 -7.7969 8 -7.1369 -6.2369 8 -4.4561 -23.6612
5 24 -8 -6.6969 -7.6068 8 -4.4561 -23.6612 8 -7.0346 -7.7969 8 -4.1509 -25.1732
5 24 -8 -3.9501 -21.2148 8 -4.1509 -25.1732 8 -4.4561 -23.6612 8 .1563 -39.7943
5 24 -8 -3.2518 -23.5852 3.337 .5641 -39.8263 5.8615 .707 -41.0435 -6.4052 .4214 -34.9552
5 24 -8 -1.5068 -28.64 -6.4052 .4214 -34.9552 3.337 .5641 -39.8263 -7.156 .465 -34.5566
0 // Lateral faces
4 16 6.5 -8.1435 7.9895 6.5 -7.8938 8.0028 -6.5001 -7.8938 8.0028 -6.5003 -8.1435 7.9895
4 16 6.6958 -8.1428 7.9767 6.6958 -7.8932 7.9899 6.5 -7.8938 8.0028 6.5 -8.1435 7.9895
4 16 6.8882 -8.1408 7.9384 6.8882 -7.8911 7.9517 6.6958 -7.8932 7.9899 6.6958 -8.1428 7.9767
4 16 7.074 -8.1374 7.8755 7.074 -7.8878 7.8888 6.8882 -7.8911 7.9517 6.8882 -8.1408 7.9384
4 16 7.25 -8.1328 7.7888 7.25 -7.8832 7.8021 7.074 -7.8878 7.8888 7.074 -8.1374 7.8755
4 16 7.4132 -8.127 7.6801 7.4132 -7.8774 7.6934 7.25 -7.8832 7.8021 7.25 -8.1328 7.7888
4 16 7.5625 -8.1202 7.5509 7.5625 -7.8705 7.5641 7.4132 -7.8774 7.6934 7.4132 -8.127 7.6801
4 16 7.6901 -8.1123 7.4036 7.6901 -7.8627 7.4168 7.5625 -7.8705 7.5641 7.5625 -8.1202 7.5509
4 16 7.799 -8.1037 7.2406 7.799 -7.854 7.2539 7.6901 -7.8627 7.4168 7.6901 -8.1123 7.4036
4 16 7.8858 -8.0943 7.0649 7.8858 -7.8447 7.0781 7.799 -7.854 7.2539 7.799 -8.1037 7.2406
4 16 7.9488 -8.0845 6.8793 7.9488 -7.8348 6.8926 7.8858 -7.8447 7.0781 7.8858 -8.0943 7.0649
4 16 7.9871 -8.0743 6.6872 7.9871 -7.8246 6.7005 7.9488 -7.8348 6.8926 7.9488 -8.0845 6.8793
4 16 8 -8.0639 6.4917 8 -7.8142 6.5049 7.9871 -7.8246 6.7005 7.9871 -8.0743 6.6872
4 16 8 -7.3864 -6.253 8 -7.1369 -6.2369 8 -7.8142 6.5049 8 -8.0639 6.4917
4 16 8 -7.2833 -7.8257 8 -7.0346 -7.7969 8 -7.1369 -6.2369 8 -7.3864 -6.253
4 16 8 -4.7005 -23.7165 8 -4.4561 -23.6612 8 -7.0346 -7.7969 8 -7.2833 -7.8257
4 16 8 -4.3934 -25.2376 8 -4.1509 -25.1732 8 -4.4561 -23.6612 8 -4.7005 -23.7165
4 16 8 -.0761 -39.8931 8 .1563 -39.7943 8 -4.1509 -25.1732 8 -4.3934 -25.2376
4 16 7.9871 -.0198 -40.0806 7.9871 .2126 -39.9818 8 .1563 -39.7943 8 -.0761 -39.8931
4 16 7.949 .0376 -40.2643 7.949 .27 -40.1655 7.9871 .2126 -39.9818 7.9871 -.0198 -40.0806
4 16 7.8862 .0951 -40.4412 7.8862 .3275 -40.3424 7.949 .27 -40.1655 7.949 .0376 -40.2643
4 16 7.7997 .1516 -40.6079 7.7997 .384 -40.5091 7.8862 .3275 -40.3424 7.8862 .0951 -40.4412
4 16 7.6911 .2062 -40.762 7.6911 .4386 -40.6631 7.7997 .384 -40.5091 7.7997 .1516 -40.6079
4 16 7.5621 .258 -40.9004 7.5621 .4904 -40.8016 7.6911 .4386 -40.6631 7.6911 .2062 -40.762
4 16 7.4152 .3062 -41.0212 7.4152 .5386 -40.9224 7.5621 .4904 -40.8016 7.5621 .258 -40.9004
4 16 7.2525 .3497 -41.1219 7.2525 .5821 -41.0231 7.4152 .5386 -40.9224 7.4152 .3062 -41.0212
4 16 7.0772 .388 -41.2011 7.0772 .6204 -41.1023 7.2525 .5821 -41.0231 7.2525 .3497 -41.1219
4 16 6.8919 .4204 -41.2572 6.8919 .6528 -41.1584 7.0772 .6204 -41.1023 7.0772 .388 -41.2011
4 16 6.7002 .4463 -41.2895 6.7002 .6787 -41.1907 6.8919 .6528 -41.1584 6.8919 .4204 -41.2572
4 16 6.505 .4653 -41.2974 6.505 .6977 -41.1986 6.7002 .6787 -41.1907 6.7002 .4463 -41.2895
4 16 6.3099 .477 -41.2805 6.3099 .7094 -41.1817 6.505 .6977 -41.1986 6.505 .4653 -41.2974
4 16 6.1181 .4812 -41.2393 6.1181 .7136 -41.1405 6.3099 .7094 -41.1817 6.3099 .477 -41.2805
4 16 5.9328 .478 -41.1746 5.9328 .7104 -41.0758 6.1181 .7136 -41.1405 6.1181 .4812 -41.2393
4 16 5.8615 .4746 -41.1423 5.8615 .707 -41.0435 5.9328 .7104 -41.0758 5.9328 .478 -41.1746
4 16 -6.6959 -8.1428 7.9767 -6.5003 -8.1435 7.9895 -6.5001 -7.8938 8.0028 -6.6959 -7.8932 7.99
4 16 -6.8883 -8.1408 7.9385 -6.6959 -8.1428 7.9767 -6.6959 -7.8932 7.99 -6.8883 -7.8911 7.9517
4 16 -7.0742 -8.1374 7.8756 -6.8883 -8.1408 7.9385 -6.8883 -7.8911 7.9517 -7.0742 -7.8878 7.8889
4 16 -7.25 -8.1328 7.789 -7.0742 -8.1374 7.8756 -7.0742 -7.8878 7.8889 -7.25 -7.8832 7.8022
4 16 -7.4132 -8.127 7.6802 -7.25 -8.1328 7.789 -7.25 -7.8832 7.8022 -7.4132 -7.8774 7.6935
4 16 -7.4299 -8.1263 7.6656 -7.4132 -8.127 7.6802 -7.4132 -7.8774 7.6935 -7.4284 -7.8767 7.6802
4 16 -7.5606 -8.1173 7.5511 -7.4299 -8.1263 7.6656 -7.4284 -7.8767 7.6802 -7.5606 -7.8676 7.5644
4 16 -7.6901 -8.1062 7.4041 -7.5606 -8.1173 7.5511 -7.5606 -7.8676 7.5644 -7.6901 -7.8565 7.4174
4 16 -7.799 -8.0943 7.2413 -7.6901 -8.1062 7.4041 -7.6901 -7.8565 7.4174 -7.799 -7.8446 7.2546
4 16 -7.8858 -8.0818 7.0659 -7.799 -8.0943 7.2413 -7.799 -7.8446 7.2546 -7.8858 -7.8321 7.0792
4 16 -7.9488 -8.069 6.8804 -7.8858 -8.0818 7.0659 -7.8858 -7.8321 7.0792 -7.9488 -7.8193 6.8937
4 16 -7.9871 -8.0559 6.6885 -7.9488 -8.069 6.8804 -7.9488 -7.8193 6.8937 -7.9871 -7.8063 6.7017
4 16 -8 -8.043 6.4931 -7.9871 -8.0559 6.6885 -7.9871 -7.8063 6.7017 -8 -7.7933 6.5064
4 16 -8 -7.2321 -5.8729 -8 -8.043 6.4931 -8 -7.7933 6.5064 -8 -6.9834 -5.8441
4 16 -8 -6.9413 -7.6621 -8 -7.2321 -5.8729 -8 -6.9834 -5.8441 -8 -6.6969 -7.6068
4 16 -8 -4.1926 -21.2792 -8 -6.9413 -7.6621 -8 -6.6969 -7.6068 -8 -3.9501 -21.2148
4 16 -8 -3.4789 -23.702 -8 -4.1926 -21.2792 -8 -3.9501 -21.2148 -8 -3.2518 -23.5852
4 16 -8 -1.6807 -28.911 -8 -3.4789 -23.702 -8 -3.2518 -23.5852 -8 -1.5068 -28.64
4 16 -8 -.0544 -33.3116 -8 -1.6807 -28.911 -8 -1.5068 -28.64 -8 .1824 -33.2109
4 16 -7.9875 .0107 -33.4963 -8 -.0544 -33.3116 -8 .1824 -33.2109 -7.9875 .2475 -33.3956
4 16 -7.9502 .069 -33.6799 -7.9875 .0107 -33.4963 -7.9875 .2475 -33.3956 -7.9502 .3058 -33.5792
4 16 -7.8889 .1198 -33.8593 -7.9502 .069 -33.6799 -7.9502 .3058 -33.5792 -7.8889 .3566 -33.7586
4 16 -7.8045 .1618 -34.0313 -7.8889 .1198 -33.8593 -7.8889 .3566 -33.7586 -7.8045 .3986 -33.9306
4 16 -7.6986 .1947 -34.1931 -7.8045 .1618 -34.0313 -7.8045 .3986 -33.9306 -7.6986 .4315 -34.0924
4 16 -7.5726 .2176 -34.3418 -7.6986 .1947 -34.1931 -7.6986 .4315 -34.0924 -7.5726 .4544 -34.2411
4 16 -7.4292 .2304 -34.4751 -7.5726 .2176 -34.3418 -7.5726 .4544 -34.2411 -7.4292 .4672 -34.3744
4 16 -7.2705 .2327 -34.5904 -7.4292 .2304 -34.4751 -7.4292 .4672 -34.3744 -7.2705 .4694 -34.4897
4 16 -7.156 .2283 -34.6573 -7.2705 .2327 -34.5904 -7.2705 .4694 -34.4897 -7.156 .465 -34.5566
4 16 -7.156 .465 -34.5566 -6.4052 .4214 -34.9552 -6.4549 .1875 -35.0295 -7.156 .2283 -34.6573
4 16 3.3181 .3306 -39.916 -6.4549 .1875 -35.0295 -6.4052 .4214 -34.9552 3.337 .5641 -39.8263
3 16 4.4 .3919 -40.4376 5.8615 .707 -41.0435 5.8615 .4746 -41.1423
4 16 3.3181 .3306 -39.916 3.337 .5641 -39.8263 5.8615 .707 -41.0435 4.4 .3919 -40.4376
0 // Lateral conditional lines
5 24 6.5 -8.1435 7.9895 6.5 -7.8938 8.0028 -6.5001 -7.8938 8.0028 6.6958 -7.8932 7.9899
5 24 6.6958 -8.1428 7.9767 6.6958 -7.8932 7.9899 6.5 -7.8938 8.0028 6.8882 -7.8911 7.9517
5 24 6.8882 -8.1408 7.9384 6.8882 -7.8911 7.9517 6.6958 -7.8932 7.9899 7.074 -7.8878 7.8888
5 24 7.074 -8.1374 7.8755 7.074 -7.8878 7.8888 6.8882 -7.8911 7.9517 7.25 -7.8832 7.8021
5 24 7.25 -8.1328 7.7888 7.25 -7.8832 7.8021 7.074 -7.8878 7.8888 7.4132 -7.8774 7.6934
5 24 7.4132 -8.127 7.6801 7.4132 -7.8774 7.6934 7.25 -7.8832 7.8021 7.5625 -7.8705 7.5641
5 24 7.5625 -8.1202 7.5509 7.5625 -7.8705 7.5641 7.4132 -7.8774 7.6934 7.6901 -7.8627 7.4168
5 24 7.6901 -8.1123 7.4036 7.6901 -7.8627 7.4168 7.5625 -7.8705 7.5641 7.799 -7.854 7.2539
5 24 7.799 -8.1037 7.2406 7.799 -7.854 7.2539 7.6901 -7.8627 7.4168 7.8858 -7.8447 7.0781
5 24 7.8858 -8.0943 7.0649 7.8858 -7.8447 7.0781 7.799 -7.854 7.2539 7.9488 -7.8348 6.8926
5 24 7.9488 -8.0845 6.8793 7.9488 -7.8348 6.8926 7.8858 -7.8447 7.0781 7.9871 -7.8246 6.7005
5 24 7.9871 -8.0743 6.6872 7.9871 -7.8246 6.7005 7.9488 -7.8348 6.8926 8 -7.8142 6.5049
5 24 8 -8.0639 6.4917 8 -7.8142 6.5049 7.9871 -7.8246 6.7005 8 -7.1369 -6.2369
5 24 -6.5003 -8.1435 7.9895 -6.5001 -7.8938 8.0028 6.5 -7.8938 8.0028 -6.6959 -7.8932 7.99
5 24 -6.6959 -8.1428 7.9767 -6.6959 -7.8932 7.99 -6.5001 -7.8938 8.0028 -6.8883 -7.8911 7.9517
5 24 -6.8883 -8.1408 7.9385 -6.8883 -7.8911 7.9517 -6.6959 -7.8932 7.99 -7.0742 -7.8878 7.8889
5 24 -7.0742 -8.1374 7.8756 -7.0742 -7.8878 7.8889 -6.8883 -7.8911 7.9517 -7.25 -7.8832 7.8022
5 24 -7.25 -8.1328 7.789 -7.25 -7.8832 7.8022 -7.0742 -7.8878 7.8889 -7.4132 -7.8774 7.6935
5 24 -7.4132 -8.127 7.6802 -7.4132 -7.8774 7.6935 -7.25 -7.8832 7.8022 -7.5606 -7.8676 7.5644
5 24 -7.5606 -8.1173 7.5511 -7.5606 -7.8676 7.5644 -7.4132 -7.8774 7.6935 -7.6901 -7.8565 7.4174
5 24 -7.6901 -8.1062 7.4041 -7.6901 -7.8565 7.4174 -7.5606 -7.8676 7.5644 -7.799 -7.8446 7.2546
5 24 -7.799 -8.0943 7.2413 -7.799 -7.8446 7.2546 -7.6901 -7.8565 7.4174 -7.8858 -7.8321 7.0792
5 24 -7.8858 -8.0818 7.0659 -7.8858 -7.8321 7.0792 -7.799 -7.8446 7.2546 -7.9488 -7.8193 6.8937
5 24 -7.9488 -8.069 6.8804 -7.9488 -7.8193 6.8937 -7.8858 -7.8321 7.0792 -7.9871 -7.8063 6.7017
5 24 -7.9871 -8.0559 6.6885 -7.9871 -7.8063 6.7017 -7.9488 -7.8193 6.8937 -8 -7.7933 6.5064
5 24 -8 -8.043 6.4931 -8 -7.7933 6.5064 -7.9871 -7.8063 6.7017 -8 -6.9834 -5.8441
5 24 8 -.0761 -39.8931 8 .1563 -39.7943 8 -4.3934 -25.2376 7.9871 .2126 -39.9818
5 24 7.9871 -.0198 -40.0806 7.9871 .2126 -39.9818 8 .1563 -39.7943 7.949 .27 -40.1655
5 24 7.949 .0376 -40.2643 7.949 .27 -40.1655 7.9871 .2126 -39.9818 7.8862 .3275 -40.3424
5 24 7.8862 .0951 -40.4412 7.8862 .3275 -40.3424 7.949 .27 -40.1655 7.7997 .384 -40.5091
5 24 7.7997 .1516 -40.6079 7.7997 .384 -40.5091 7.8862 .3275 -40.3424 7.6911 .4386 -40.6631
5 24 7.6911 .2062 -40.762 7.6911 .4386 -40.6631 7.7997 .384 -40.5091 7.5621 .4904 -40.8016
5 24 7.5621 .258 -40.9004 7.5621 .4904 -40.8016 7.6911 .4386 -40.6631 7.4152 .5386 -40.9224
5 24 7.4152 .3062 -41.0212 7.4152 .5386 -40.9224 7.5621 .4904 -40.8016 7.2525 .5821 -41.0231
5 24 7.2525 .3497 -41.1219 7.2525 .5821 -41.0231 7.4152 .5386 -40.9224 7.0772 .6204 -41.1023
5 24 7.0772 .388 -41.2011 7.0772 .6204 -41.1023 7.2525 .5821 -41.0231 6.8919 .6528 -41.1584
5 24 6.8919 .4204 -41.2572 6.8919 .6528 -41.1584 7.0772 .6204 -41.1023 6.7002 .6787 -41.1907
5 24 6.7002 .4463 -41.2895 6.7002 .6787 -41.1907 6.8919 .6528 -41.1584 6.505 .6977 -41.1986
5 24 6.505 .4653 -41.2974 6.505 .6977 -41.1986 6.7002 .6787 -41.1907 6.3099 .7094 -41.1817
5 24 6.3099 .477 -41.2805 6.3099 .7094 -41.1817 6.505 .6977 -41.1986 6.1181 .7136 -41.1405
5 24 6.1181 .4812 -41.2393 6.1181 .7136 -41.1405 6.3099 .7094 -41.1817 5.9328 .7104 -41.0758
5 24 5.9328 .478 -41.1746 5.9328 .7104 -41.0758 6.1181 .7136 -41.1405 5.8615 .707 -41.0435
5 24 5.8615 .4746 -41.1423 5.8615 .707 -41.0435 5.9328 .7104 -41.0758 3.337 .5641 -39.8263
5 24 -8 -.0544 -33.3116 -8 .1824 -33.2109 -8 -1.5068 -28.64 -7.9875 .2475 -33.3956
5 24 -7.9875 .0107 -33.4963 -7.9875 .2475 -33.3956 -8 .1824 -33.2109 -7.9502 .3058 -33.5792
5 24 -7.9502 .069 -33.6799 -7.9502 .3058 -33.5792 -7.9875 .2475 -33.3956 -7.8889 .3566 -33.7586
5 24 -7.8889 .1198 -33.8593 -7.8889 .3566 -33.7586 -7.9502 .3058 -33.5792 -7.8045 .3986 -33.9306
5 24 -7.8045 .1618 -34.0313 -7.8045 .3986 -33.9306 -7.8889 .3566 -33.7586 -7.6986 .4315 -34.0924
5 24 -7.6986 .1947 -34.1931 -7.6986 .4315 -34.0924 -7.8045 .3986 -33.9306 -7.5726 .4544 -34.2411
5 24 -7.5726 .2176 -34.3418 -7.5726 .4544 -34.2411 -7.6986 .4315 -34.0924 -7.4292 .4672 -34.3744
5 24 -7.4292 .2304 -34.4751 -7.4292 .4672 -34.3744 -7.5726 .4544 -34.2411 -7.2705 .4694 -34.4897
5 24 -7.2705 .2327 -34.5904 -7.2705 .4694 -34.4897 -7.4292 .4672 -34.3744 -7.156 .465 -34.5566
5 24 -7.156 .2283 -34.6573 -7.156 .465 -34.5566 -7.2705 .4694 -34.4897 -6.4052 .4214 -34.9552
0 // Conditional lines
5 24 -7.4299 -8.1263 7.6656 8 -7.3864 -6.253 -7.4132 -8.127 7.6802 -7.5606 -8.1173 7.5511
5 24 -8 -7.2321 -5.8729 8 -7.2833 -7.8257 8 -7.3864 -6.253 8 -4.7005 -23.7165
5 24 -8 -6.9413 -7.6621 8 -4.7005 -23.7165 8 -7.2833 -7.8257 8 -4.3934 -25.2376
5 24 -8 -4.1926 -21.2792 8 -4.3934 -25.2376 8 -4.7005 -23.7165 8 -.0761 -39.8931
5 24 -8 -3.4789 -23.702 3.3181 .3306 -39.916 5.8615 .4746 -41.1423 -6.4549 .1875 -35.0295
5 24 -8 -1.6807 -28.911 -6.4549 .1875 -35.0295 3.3181 .3306 -39.916 -7.156 .2283 -34.6573
0 // Top faces
0 // Black faces
4 0 -4.9833 -2.8517 -26.7059 4.9833 -3.6352 -26.9367 4.9833 -3.9743 -25.7856 -4.9833 -3.1908 -25.5548
4 0 -4.9833 -2.8517 -26.7059 -4.9286 -2.4451 -28.102 4.8892 -3.2169 -28.3294 4.9833 -3.6352 -26.9367
4 0 -4.9286 -2.4451 -28.102 -3.237 -1.8758 -30.5253 -2.66 -1.806 -30.9294 -2.0332 -1.7635 -31.2555
4 0 -4.9286 -2.4451 -28.102 -2.0332 -1.7635 -31.2555 -1.3682 -1.7489 -31.4978 -.6773 -1.7626 -31.6516
4 0 -4.9286 -2.4451 -28.102 -.6773 -1.7626 -31.6516 .0265 -1.8044 -31.7141 .7304 -1.8733 -31.6842
4 0 -4.9286 -2.4451 -28.102 .7304 -1.8733 -31.6842 1.4213 -1.9682 -31.5624 2.0863 -2.0873 -31.3509
4 0 -4.9286 -2.4451 -28.102 2.0863 -2.0873 -31.3509 2.7131 -2.2284 -31.0538 3.2901 -2.3888 -30.6764
4 0 -4.9286 -2.4451 -28.102 3.2901 -2.3888 -30.6764 3.5364 -2.4685 -30.4773 4.6552 -2.8511 -29.5031
3 0 -4.9286 -2.4451 -28.102 4.6552 -2.8511 -29.5031 4.8892 -3.2169 -28.3294
4 0 3.2186 -2.2531 -31.1165 4.2791 -2.4845 -30.6362 4.6552 -2.8511 -29.5031 3.5364 -2.4685 -30.4773
4 0 3.2186 -2.2531 -31.1165 2.8297 -2.043 -31.717 3.7224 -2.1238 -31.7016 4.2791 -2.4845 -30.6362
4 0 2.3265 -1.8424 -32.2624 2.9907 -1.7799 -32.6568 3.7224 -2.1238 -31.7016 2.8297 -2.043 -31.717
4 0 2.3265 -1.8424 -32.2624 1.8101 -1.658 -32.7281 2.0575 -1.4719 -33.4317 2.9907 -1.7799 -32.6568
4 0 .9701 -1.4608 -33.1539 .9386 -1.2277 -33.9363 2.0575 -1.4719 -33.4317 1.8101 -1.658 -32.7281
4 0 .9701 -1.4608 -33.1539 .0265 -1.3381 -33.2968 .0265 -1.1262 -34.0163 .9386 -1.2277 -33.9363
4 0 -.917 -1.3125 -33.1102 -.8855 -1.0843 -33.894 .0265 -1.1262 -34.0163 .0265 -1.3381 -33.2968
3 0 -.917 -1.3125 -33.1102 -1.757 -1.3776 -32.6455 -.8855 -1.0843 -33.894
4 0 -3.5288 -1.8795 -30.3808 -3.237 -1.8758 -30.5253 -4.9286 -2.4451 -28.102 -4.6885 -2.0736 -29.2879
4 0 -3.5288 -1.8795 -30.3808 -4.6885 -2.0736 -29.2879 -4.2948 -1.7371 -30.4429 -3.199 -1.7111 -31.0196
4 0 -2.7979 -1.5664 -31.6223 -3.199 -1.7111 -31.0196 -4.2948 -1.7371 -30.4429 -3.7333 -1.4472 -31.5396
4 0 -2.7979 -1.5664 -31.6223 -3.7333 -1.4472 -31.5396 -2.9848 -1.2218 -32.5351 -2.319 -1.4521 -32.1725
4 0 -1.757 -1.3776 -32.6455 -2.319 -1.4521 -32.1725 -2.9848 -1.2218 -32.5351 -2.0319 -1.0884 -33.3575
3 0 -1.757 -1.3776 -32.6455 -2.0319 -1.0884 -33.3575 -.8855 -1.0843 -33.894
0 // Dark red faces (Actually halftone)
3 320 3.2186 -2.2531 -31.1165 3.5364 -2.4685 -30.4773 3.2901 -2.3888 -30.6764
4 320 2.8297 -2.043 -31.717 3.2186 -2.2531 -31.1165 3.2901 -2.3888 -30.6764 2.7131 -2.2284 -31.0538
4 320 2.8297 -2.043 -31.717 2.7131 -2.2284 -31.0538 2.0863 -2.0873 -31.3509 2.3265 -1.8424 -32.2624
4 320 1.8101 -1.658 -32.7281 2.3265 -1.8424 -32.2624 2.0863 -2.0873 -31.3509 1.4213 -1.9682 -31.5624
4 320 1.8101 -1.658 -32.7281 1.4213 -1.9682 -31.5624 .7304 -1.8733 -31.6842 .9701 -1.4608 -33.1539
4 320 .0265 -1.3381 -33.2968 .9701 -1.4608 -33.1539 .7304 -1.8733 -31.6842 .0265 -1.8044 -31.7141
4 320 .0265 -1.3381 -33.2968 .0265 -1.8044 -31.7141 -.6773 -1.7626 -31.6516 -.917 -1.3125 -33.1102
4 320 -1.757 -1.3776 -32.6455 -.917 -1.3125 -33.1102 -.6773 -1.7626 -31.6516 -1.3682 -1.7489 -31.4978
3 320 -1.757 -1.3776 -32.6455 -1.3682 -1.7489 -31.4978 -2.0332 -1.7635 -31.2555
3 320 -1.757 -1.3776 -32.6455 -2.0332 -1.7635 -31.2555 -2.66 -1.806 -30.9294
3 320 -1.757 -1.3776 -32.6455 -2.66 -1.806 -30.9294 -3.237 -1.8758 -30.5253
4 320 -2.319 -1.4521 -32.1725 -1.757 -1.3776 -32.6455 -3.237 -1.8758 -30.5253 -3.5288 -1.8795 -30.3808
4 320 -2.319 -1.4521 -32.1725 -3.5288 -1.8795 -30.3808 -3.199 -1.7111 -31.0196 -2.7979 -1.5664 -31.6223
0 // Red faces
3 4 8 -7.3864 -6.253 8 -8.0639 6.4917 7.9871 -8.0743 6.6872
4 4 8 -7.3864 -6.253 7.9871 -8.0743 6.6872 7.9488 -8.0845 6.8793 7.8858 -8.0943 7.0649
4 4 8 -7.3864 -6.253 7.8858 -8.0943 7.0649 7.799 -8.1037 7.2406 7.6901 -8.1123 7.4036
4 4 8 -7.3864 -6.253 7.6901 -8.1123 7.4036 7.5625 -8.1202 7.5509 7.4132 -8.127 7.6801
4 4 8 -7.3864 -6.253 7.4132 -8.127 7.6801 7.25 -8.1328 7.7888 7.074 -8.1374 7.8755
4 4 8 -7.3864 -6.253 7.074 -8.1374 7.8755 6.8882 -8.1408 7.9384 6.6958 -8.1428 7.9767
4 4 8 -7.3864 -6.253 6.6958 -8.1428 7.9767 6.5 -8.1435 7.9895 -6.5003 -8.1435 7.9895
4 4 8 -7.3864 -6.253 -6.5003 -8.1435 7.9895 -6.6959 -8.1428 7.9767 -6.8883 -8.1408 7.9385
4 4 8 -7.3864 -6.253 -6.8883 -8.1408 7.9385 -7.0742 -8.1374 7.8756 -7.25 -8.1328 7.789
4 4 8 -7.3864 -6.253 -7.25 -8.1328 7.789 -7.4132 -8.127 7.6802 -7.4299 -8.1263 7.6656
4 4 8 -7.3864 -6.253 -7.4299 -8.1263 7.6656 -7.5606 -8.1173 7.5511 -7.6901 -8.1062 7.4041
4 4 8 -7.3864 -6.253 -7.6901 -8.1062 7.4041 -7.799 -8.0943 7.2413 -7.8858 -8.0818 7.0659
4 4 8 -7.3864 -6.253 -7.8858 -8.0818 7.0659 -7.9488 -8.069 6.8804 -7.9871 -8.0559 6.6885
4 4 8 -7.3864 -6.253 -7.9871 -8.0559 6.6885 -8 -8.043 6.4931 -8 -7.2321 -5.8729
3 4 8 -7.3864 -6.253 -8 -7.2321 -5.8729 8 -7.2833 -7.8257
4 4 -8 -6.9413 -7.6621 8 -4.7005 -23.7165 8 -7.2833 -7.8257 -8 -7.2321 -5.8729
4 4 -8 -6.9413 -7.6621 -8 -4.1926 -21.2792 8 -4.3934 -25.2376 8 -4.7005 -23.7165
4 4 -8 -4.1926 -21.2792 -8 -3.4789 -23.702 -4.9286 -2.4451 -28.102 -4.9833 -2.8517 -26.7059
3 4 -8 -4.1926 -21.2792 -4.9833 -2.8517 -26.7059 -4.9833 -3.1908 -25.5548
4 4 -8 -4.1926 -21.2792 -4.9833 -3.1908 -25.5548 4.9833 -3.9743 -25.7856 8 -4.3934 -25.2376
3 4 8 -4.3934 -25.2376 4.9833 -3.9743 -25.7856 4.9833 -3.6352 -26.9367
3 4 8 -4.3934 -25.2376 4.9833 -3.6352 -26.9367 4.8892 -3.2169 -28.3294
3 4 8 -4.3934 -25.2376 4.8892 -3.2169 -28.3294 4.6552 -2.8511 -29.5031
3 4 8 -4.3934 -25.2376 4.6552 -2.8511 -29.5031 4.2791 -2.4845 -30.6362
4 4 8 -4.3934 -25.2376 4.2791 -2.4845 -30.6362 3.3181 .3306 -39.916 4.4 .3919 -40.4376
3 4 8 -4.3934 -25.2376 4.4 .3919 -40.4376 5.8615 .4746 -41.1423
4 4 8 -4.3934 -25.2376 5.8615 .4746 -41.1423 5.9328 .478 -41.1746 6.1181 .4812 -41.2393
4 4 8 -4.3934 -25.2376 6.1181 .4812 -41.2393 6.3099 .477 -41.2805 6.505 .4653 -41.2974
4 4 8 -4.3934 -25.2376 6.505 .4653 -41.2974 6.7002 .4463 -41.2895 6.8919 .4204 -41.2572
4 4 8 -4.3934 -25.2376 6.8919 .4204 -41.2572 7.0772 .388 -41.2011 7.2525 .3497 -41.1219
4 4 8 -4.3934 -25.2376 7.2525 .3497 -41.1219 7.4152 .3062 -41.0212 7.5621 .258 -40.9004
4 4 8 -4.3934 -25.2376 7.5621 .258 -40.9004 7.6911 .2062 -40.762 7.7997 .1516 -40.6079
4 4 8 -4.3934 -25.2376 7.7997 .1516 -40.6079 7.8862 .0951 -40.4412 7.949 .0376 -40.2643
4 4 8 -4.3934 -25.2376 7.949 .0376 -40.2643 7.9871 -.0198 -40.0806 8 -.0761 -39.8931
3 4 3.3181 .3306 -39.916 4.2791 -2.4845 -30.6362 3.7224 -2.1238 -31.7016
3 4 3.3181 .3306 -39.916 3.7224 -2.1238 -31.7016 2.9907 -1.7799 -32.6568
3 4 3.3181 .3306 -39.916 2.9907 -1.7799 -32.6568 2.0575 -1.4719 -33.4317
3 4 3.3181 .3306 -39.916 2.0575 -1.4719 -33.4317 .9386 -1.2277 -33.9363
3 4 3.3181 .3306 -39.916 .9386 -1.2277 -33.9363 .0265 -1.1262 -34.0163
3 4 3.3181 .3306 -39.916 .0265 -1.1262 -34.0163 -.8855 -1.0843 -33.894
4 4 -6.4549 .1875 -35.0295 -4.9286 -2.4451 -28.102 -8 -3.4789 -23.702 -8 -1.6807 -28.911
3 4 -6.4549 .1875 -35.0295 -4.6885 -2.0736 -29.2879 -4.9286 -2.4451 -28.102
3 4 -6.4549 .1875 -35.0295 -4.2948 -1.7371 -30.4429 -4.6885 -2.0736 -29.2879
3 4 -6.4549 .1875 -35.0295 -3.7333 -1.4472 -31.5396 -4.2948 -1.7371 -30.4429
3 4 -6.4549 .1875 -35.0295 -2.9848 -1.2218 -32.5351 -3.7333 -1.4472 -31.5396
3 4 -6.4549 .1875 -35.0295 -2.0319 -1.0884 -33.3575 -2.9848 -1.2218 -32.5351
4 4 -6.4549 .1875 -35.0295 3.3181 .3306 -39.916 -.8855 -1.0843 -33.894 -2.0319 -1.0884 -33.3575
4 4 -8 -1.6807 -28.911 -8 -.0544 -33.3116 -7.9875 .0107 -33.4963 -7.9502 .069 -33.6799
4 4 -8 -1.6807 -28.911 -7.9502 .069 -33.6799 -7.8889 .1198 -33.8593 -7.8045 .1618 -34.0313
4 4 -8 -1.6807 -28.911 -7.8045 .1618 -34.0313 -7.6986 .1947 -34.1931 -7.5726 .2176 -34.3418
4 4 -8 -1.6807 -28.911 -7.5726 .2176 -34.3418 -7.4292 .2304 -34.4751 -7.2705 .2327 -34.5904
4 4 -8 -1.6807 -28.911 -7.2705 .2327 -34.5904 -7.156 .2283 -34.6573 -6.4549 .1875 -35.0295
