0 Sticker  0.8 x  3.1 with Black Line and Orange Light on Lime Backgound (Formed)
0 Name: 6221655zc01.dat
0 Author: Massimo Maso [Sirio]
0 !LDRAW_ORG Unofficial_Part
0 !LICENSE Licensed under CC BY 4.0 : see CAreadme.txt

0 BFC CERTIFY CCW

0 !KEYWORDS 3.0, 911 RSR, Porsche, Set 75888, Speed Champions, Turbo

1 16 0 .86 16.95 1 0 0 0 .997836 -.065758 0 .065758 .997836 s\6221655zs01.dat
1 16 0 13.4 -20 1 0 0 0 .896709 -.442621 0 .442621 .896709 s\6221655zs02.dat
1 16 0 13.4 -20 1 0 0 0 .83461 -.550842 0 .550842 .83461 s\6221655zs03.dat
1 16 0 0 0 1 0 0 0 1 0 0 0 1 s\6221655zs05.dat
0 // Complementary faces
0 // Black faces
4 0 -4.5 .6116 16.9173 -4.5 3.168 4.0552 4.5 3.168 4.0552 4.5 .6116 16.9173
4 0 -4.5 3.168 4.0552 -4.5 7.3785 -8.3659 4.5 7.3785 -8.3659 4.5 3.168 4.0552
0 // Green faces
4 27 -4.5 .6116 16.9173 -8 .6116 16.9173 -8 3.168 4.0552 -4.5 3.168 4.0552
4 27 4.5 .6116 16.9173 4.5 3.168 4.0552 8 3.168 4.0552 8 .6116 16.9173
4 27 -4.5 3.168 4.0552 -8 3.168 4.0552 -8 7.3785 -8.3659 -4.5 7.3785 -8.3659
4 27 4.5 3.168 4.0552 4.5 7.3785 -8.3659 8 7.3785 -8.3659 8 3.168 4.0552
