0 Sticker  0.9 x  1.8 with Black "turbo" on Green Background
0 Name: 6221655x.dat
0 Author: Massimo Maso [Sirio]
0 !LDRAW_ORG Unofficial_Part
0 !LICENSE Licensed under CC BY 4.0 : see CAreadme.txt

0 BFC CERTIFY CCW

0 !KEYWORDS 3.0, 911 RSR, Porsche, Set 75888, Speed Champions

0 // Logo primitive
1 0 0 -.25 -4.4 .54 0 0 0 1 0 0 0 .54 logo-porsche-turbo-text.dat
1 27 0 -.25 -4.4 .54 0 0 0 1 0 0 0 .54 logo-porsche-turbo-text-box.dat
0 // Primitives
1 16 -16.5 0 7.7732 -1.5 0 0 0 -1 0 0 0 1.5 1-4chrd.dat
1 16 16.5 0 7.7732 1.5 0 0 0 -1 0 0 0 1.5 1-4chrd.dat
1 16 0 -.25 0 0 0 18 0 .25 0 7.7732 0 0 box3u12.dat
1 16 -16.5 0 -7.7732 -1.5 0 0 0 -1 0 0 0 -1.5 1-4chrd.dat
1 16 16.5 0 -7.7732 1.5 0 0 0 -1 0 0 0 -1.5 1-4chrd.dat
1 16 -16.5 -.25 7.7732 -1.5 0 0 0 .25 0 0 0 1.5 1-4cyli.dat
1 16 16.5 -.25 7.7732 1.5 0 0 0 .25 0 0 0 1.5 1-4cyli.dat
1 16 -16.5 -.25 -7.7732 -1.5 0 0 0 .25 0 0 0 -1.5 1-4cyli.dat
1 16 16.5 -.25 -7.7732 1.5 0 0 0 .25 0 0 0 -1.5 1-4cyli.dat
1 27 -16.5 -.25 7.7732 -1.5 0 0 0 1 0 0 0 1.5 1-4chrd.dat
1 27 16.5 -.25 7.7732 1.5 0 0 0 1 0 0 0 1.5 1-4chrd.dat
1 27 -16.5 -.25 -7.7732 -1.5 0 0 0 1 0 0 0 -1.5 1-4chrd.dat
1 27 16.5 -.25 -7.7732 1.5 0 0 0 1 0 0 0 -1.5 1-4chrd.dat
0 // Bottom face
4 16 -16.5 0 9.2732 16.5 0 9.2732 18 0 7.7732 -18 0 7.7732
4 16 -16.5 0 -9.2732 -18 0 -7.7732 18 0 -7.7732 16.5 0 -9.2732
0 // Lateral face
4 16 -16.5 0 9.2732 -16.5 -.25 9.2732 16.5 -.25 9.2732 16.5 0 9.2732
4 16 -16.5 0 -9.2732 16.5 0 -9.2732 16.5 -.25 -9.2732 -16.5 -.25 -9.2732
0 // Top face
0 // Green faces
4 27 -16.5 -.25 9.2732 -18 -.25 7.7732 -14.553 -.25 -1.7 -11.38374 -.25 -1.7
3 27 -16.5 -.25 9.2732 -11.38374 -.25 -1.7 -10.1277 -.25 -1.7
4 27 -16.5 -.25 9.2732 -10.1277 -.25 -1.7 14.553 -.25 -1.7 16.5 -.25 9.2732
3 27 18 -.25 7.7732 16.5 -.25 9.2732 14.553 -.25 -1.7
3 27 18 -.25 7.7732 14.553 -.25 -1.7 14.553 -.25 -4.4
4 27 18 -.25 7.7732 14.553 -.25 -4.4 14.553 -.25 -7.1 18 -.25 -7.7732
4 27 -18 -.25 -7.7732 -14.553 -.25 -3.21092 -14.553 -.25 -1.7 -18 -.25 7.7732
3 27 -18 -.25 -7.7732 -14.553 -.25 -5.57018 -14.553 -.25 -3.21092
4 27 -18 -.25 -7.7732 -16.5 -.25 -9.2732 -14.553 -.25 -7.1 -14.553 -.25 -5.57018
3 27 -16.5 -.25 -9.2732 3.21192 -.25 -7.1 -14.553 -.25 -7.1
4 27 16.5 -.25 -9.2732 14.553 -.25 -7.1 3.21192 -.25 -7.1 -16.5 -.25 -9.2732
3 27 16.5 -.25 -9.2732 18 -.25 -7.7732 14.553 -.25 -7.1
