0 Sticker  1.8 x  1.8 Chequered
0 Name: 6221805ah.dat
0 Author: Massimo Maso [Sirio]
0 !LDRAW_ORG Unofficial_Part
0 !LICENSE Licensed under CC BY 4.0 : see CAreadme.txt

0 BFC CERTIFY CCW

0 !KEYWORDS 1962, 1979, 24h, 250, 312, 488, Equipe nationale belge, Ferrari
0 !KEYWORDS Garage, Gilles Villeneuve, GTE, GTO, Jean "Beurly" Blaton, Le Mans
0 !KEYWORDS Léon "Eldé" Dernier, Set 75889, Speed Champions, T4, Ultimate

0 // Primitives
1 16 -16.5 0 16.5 -1.5 0 0 0 -1 0 0 0 1.5 1-4chrd.dat
1 16 16.5 0 16.5 1.5 0 0 0 -1 0 0 0 1.5 1-4chrd.dat
1 16 -16.5 0 -16.5 -1.5 0 0 0 -1 0 0 0 -1.5 1-4chrd.dat
1 16 16.5 0 -16.5 1.5 0 0 0 -1 0 0 0 -1.5 1-4chrd.dat
1 16 -16.5 0 16.5 -1.5 0 0 0 -.25 0 0 0 1.5 1-4cyli.dat
1 16 16.5 0 16.5 1.5 0 0 0 -.25 0 0 0 1.5 1-4cyli.dat
1 16 -16.5 0 -16.5 -1.5 0 0 0 -.25 0 0 0 -1.5 1-4cyli.dat
1 16 16.5 0 -16.5 1.5 0 0 0 -.25 0 0 0 -1.5 1-4cyli.dat
1 0 -16.5 -.25 16.5 -1.5 0 0 0 1 0 0 0 1.5 1-4chrd.dat
1 0 16.5 -.25 16.5 1.5 0 0 0 1 0 0 0 1.5 1-4chrd.dat
1 0 -16.5 -.25 -16.5 -1.5 0 0 0 1 0 0 0 -1.5 1-4chrd.dat
1 0 16.5 -.25 -16.5 1.5 0 0 0 1 0 0 0 -1.5 1-4chrd.dat
0 // Bottom faces
4 16 16.5 0 18 18 0 16.5 -18 0 16.5 -16.5 0 18
4 16 18 0 16.5 18 0 -16.5 -18 0 -16.5 -18 0 16.5
4 16 16.5 0 -18 -16.5 0 -18 -18 0 -16.5 18 0 -16.5
0 // Lateral faces
3 16 -16.5 0 18 -16.5 -.25 18 -11.4 -.25 18
3 16 -16.5 0 18 -11.4 -.25 18 -3.8 -.25 18
4 16 -16.5 0 18 -3.8 -.25 18 3.8 -.25 18 16.5 0 18
3 16 16.5 0 18 3.8 -.25 18 11.4 -.25 18
3 16 16.5 0 18 11.4 -.25 18 16.5 -.25 18
3 16 -18 0 16.5 -18 -.25 11.4 -18 -.25 16.5
3 16 18 0 16.5 18 -.25 16.5 18 -.25 11.4
3 16 -18 0 16.5 -18 -.25 3.8 -18 -.25 11.4
3 16 18 0 16.5 18 -.25 11.4 18 -.25 3.8
4 16 -18 0 16.5 -18 0 -16.5 -18 -.25 -3.8 -18 -.25 3.8
4 16 18 0 16.5 18 -.25 3.8 18 -.25 -3.8 18 0 -16.5
3 16 -18 0 -16.5 -18 -.25 -11.4 -18 -.25 -3.8
3 16 18 0 -16.5 18 -.25 -3.8 18 -.25 -11.4
3 16 -18 0 -16.5 -18 -.25 -16.5 -18 -.25 -11.4
3 16 18 0 -16.5 18 -.25 -11.4 18 -.25 -16.5
3 16 -16.5 0 -18 -11.4 -.25 -18 -16.5 -.25 -18
3 16 -16.5 0 -18 -3.8 -.25 -18 -11.4 -.25 -18
4 16 -16.5 0 -18 16.5 0 -18 3.8 -.25 -18 -3.8 -.25 -18
3 16 16.5 0 -18 11.4 -.25 -18 3.8 -.25 -18
3 16 16.5 0 -18 16.5 -.25 -18 11.4 -.25 -18
0 // White top faces
4 15 -11.4 -.25 18 -11.4 -.25 11.4 -3.8 -.25 11.4 -3.8 -.25 18
4 15 3.8 -.25 18 3.8 -.25 11.4 11.4 -.25 11.4 11.4 -.25 18
4 15 -18 -.25 11.4 -18 -.25 3.8 -11.4 -.25 3.8 -11.4 -.25 11.4
4 15 -3.8 -.25 11.4 -3.8 -.25 3.8 3.8 -.25 3.8 3.8 -.25 11.4
4 15 11.4 -.25 11.4 11.4 -.25 3.8 18 -.25 3.8 18 -.25 11.4
4 15 -11.4 -.25 3.8 -11.4 -.25 -3.8 -3.8 -.25 -3.8 -3.8 -.25 3.8
4 15 3.8 -.25 3.8 3.8 -.25 -3.8 11.4 -.25 -3.8 11.4 -.25 3.8
4 15 -18 -.25 -3.8 -18 -.25 -11.4 -11.4 -.25 -11.4 -11.4 -.25 -3.8
4 15 -3.8 -.25 -3.8 -3.8 -.25 -11.4 3.8 -.25 -11.4 3.8 -.25 -3.8
4 15 11.4 -.25 -3.8 11.4 -.25 -11.4 18 -.25 -11.4 18 -.25 -3.8
4 15 -11.4 -.25 -11.4 -11.4 -.25 -18 -3.8 -.25 -18 -3.8 -.25 -11.4
4 15 3.8 -.25 -11.4 3.8 -.25 -18 11.4 -.25 -18 11.4 -.25 -11.4
0 // Black top faces
4 0 -11.4 -.25 18 -16.5 -.25 18 -18 -.25 16.5 -18 -.25 11.4
3 0 -11.4 -.25 18 -18 -.25 11.4 -11.4 -.25 11.4
4 0 -3.8 -.25 18 -3.8 -.25 11.4 3.8 -.25 11.4 3.8 -.25 18
3 0 11.4 -.25 18 11.4 -.25 11.4 18 -.25 11.4
4 0 11.4 -.25 18 18 -.25 11.4 18 -.25 16.5 16.5 -.25 18
4 0 -11.4 -.25 11.4 -11.4 -.25 3.8 -3.8 -.25 3.8 -3.8 -.25 11.4
4 0 3.8 -.25 11.4 3.8 -.25 3.8 11.4 -.25 3.8 11.4 -.25 11.4
4 0 -18 -.25 3.8 -18 -.25 -3.8 -11.4 -.25 -3.8 -11.4 -.25 3.8
4 0 -3.8 -.25 3.8 -3.8 -.25 -3.8 3.8 -.25 -3.8 3.8 -.25 3.8
4 0 11.4 -.25 3.8 11.4 -.25 -3.8 18 -.25 -3.8 18 -.25 3.8
4 0 -11.4 -.25 -3.8 -11.4 -.25 -11.4 -3.8 -.25 -11.4 -3.8 -.25 -3.8
4 0 3.8 -.25 -3.8 3.8 -.25 -11.4 11.4 -.25 -11.4 11.4 -.25 -3.8
4 0 -11.4 -.25 -18 -18 -.25 -11.4 -18 -.25 -16.5 -16.5 -.25 -18
3 0 -11.4 -.25 -18 -11.4 -.25 -11.4 -18 -.25 -11.4
4 0 -3.8 -.25 -11.4 -3.8 -.25 -18 3.8 -.25 -18 3.8 -.25 -11.4
3 0 11.4 -.25 -18 18 -.25 -11.4 11.4 -.25 -11.4
4 0 11.4 -.25 -18 16.5 -.25 -18 18 -.25 -16.5 18 -.25 -11.4
