0 Sticker  1.8 x  1.8 with Green Rounded Square with Black Outline
0 Name: 6227186f.dat
0 Author: Gerald Lasser [GeraldLasser]
0 !LDRAW_ORG Unofficial_Part
0 !LICENSE Licensed under CC BY 4.0 : see CAreadme.txt

0 BFC CERTIFY CCW

0 !KEYWORDS On-Button, Set 60197, Train

1 16 0 0 0 1 0 0 0 1 0 0 0 1 s\6227186fs01.dat

1 16 16.5 0 -16.5 1.5 0 0 0 -1 0 0 0 -1.5 1-4chrd.dat
1 16 16.5 -.25 -16.5 1.5 0 0 0 .25 0 0 0 -1.5 1-4cyli.dat

1 16 -16.5 -.25 -16.5 -1.5 0 0 0 .25 0 0 0 -1.5 1-4cyli.dat
1 16 -16.5 0 -16.5 -1.5 0 0 0 -1 0 0 0 -1.5 1-4chrd.dat
1 16 16.5 -.25 16.5 1.5 0 0 0 .25 0 0 0 1.5 1-4cyli.dat
1 16 16.5 0 16.5 1.5 0 0 0 -1 0 0 0 1.5 1-4chrd.dat
1 16 -16.5 -.25 16.5 -1.5 0 0 0 .25 0 0 0 1.5 1-4cyli.dat
1 16 -16.5 0 16.5 -1.5 0 0 0 -1 0 0 0 1.5 1-4chrd.dat

4 16 -16.5 0 -18 -18 0 -16.5 -18 0 16.5 -16.5 0 18
4 16 -16.5 0 -18 -16.5 0 18 16.5 0 18 16.5 0 -18
4 16 18 0 -16.5 16.5 0 -18 16.5 0 18 18 0 16.5
4 16 18 0 16.5 18 -.25 16.5 18 -.25 -16.5 18 0 -16.5
4 16 16.5 0 -18 16.5 -.25 -18 -16.5 -.25 -18 -16.5 0 -18
4 16 -18 0 -16.5 -18 -.25 -16.5 -18 -.25 16.5 -18 0 16.5
4 16 -16.5 0 18 -16.5 -.25 18 16.5 -.25 18 16.5 0 18
