0 Sticker  0.8 x  3.8 with Dark Blue Chiron Logo on Light Bluish Grey Background
0 Name: 6228775t.dat
0 Author: Gabriel Läufer [Dr.Bricktacular]
0 !LDRAW_ORG Unofficial_Part
0 !LICENSE Licensed under CC BY 4.0 : see CAreadme.txt

0 BFC CERTIFY CCW

0 !KEYWORDS Bricklink 42083stk01, Brickowl 885585, Bugatti, Lego Technic
0 !KEYWORDS Rebrickable 38973, set 42083

0 // Sticker-Bottom
1 16 37.0 0 -7.0 1 0 0 0 -1 0 0 0 -1 1-4chrd.dat
1 16 37.0 0 7.0 1 0 0 0 -1 0 0 0 1 1-4chrd.dat
1 16 -37.0 0 -7.0 -1 0 0 0 -1 0 0 0 -1 1-4chrd.dat
1 16 -37.0 0 7.0 -1 0 0 0 -1 0 0 0 1 1-4chrd.dat
4 16 38.0 0 7.0 38.0 0 -7.0 37.0 0 -8.0 37.0 0 8.0
4 16 -38.0 0 7.0 -37.0 0 8.0 -37.0 0 -8.0 -38.0 0 -7.0
4 16 37.0 0 8.0 37.0 0 -8.0 -37.0 0 -8.0 -37.0 0 8.0

0 // Sticker-Side
1 16 37.0 -0.25 -7.0 1 0 0 0 0.25 0 0 0 -1 1-4cyli.dat
1 16 37.0 -0.25 7.0 1 0 0 0 0.25 0 0 0 1 1-4cyli.dat
1 16 -37.0 -0.25 -7.0 -1 0 0 0 0.25 0 0 0 -1 1-4cyli.dat
1 16 -37.0 -0.25 7.0 -1 0 0 0 0.25 0 0 0 1 1-4cyli.dat
4 16 38.0 0 7.0 38.0 -0.25 7.0 38.0 -0.25 -7.0 38.0 0 -7.0
4 16 -38.0 0 7.0 -38.0 0 -7.0 -38.0 -0.25 -7.0 -38.0 -0.25 7.0
4 16 -37.0 0 8.0 -37.0 -0.25 8.0 37.0 -0.25 8.0 37.0 0 8.0
4 16 -37.0 0 -8.0 37.0 0 -8.0 37.0 -0.25 -8.0 -37.0 -0.25 -8.0

0 // Sticker-Front
1 71 37 -0.25 7 1 0 0 0 1 0 0 0 1 1-4chrd.dat
1 71 37 -0.25 -7 1 0 0 0 1 0 0 0 -1 1-4chrd.dat
1 71 -37 -0.25 -7 -1 0 0 0 1 0 0 0 -1 1-4chrd.dat
1 71 -37 -0.25 7 -1 0 0 0 1 0 0 0 1 1-4chrd.dat
1 71 -0.4 -0.25 1.2 2.25 0 0 0 1 0 0 0 2.25 logo-bugatti-chiron-box.dat
1 272 -0.4 -0.25 1.2 2.25 0 0 0 1 0 0 0 2.25 logo-bugatti-chiron-text.dat
4 71 -38 -0.25 7 -38 -0.25 -7 -37 -0.25 -8 -37 -0.25 8
4 71 -30.775 -0.25 6.85875 -37 -0.25 8 -37 -0.25 -8 -30.775 -0.25 -4.45875
4 71 38 -0.25 -7 38 -0.25 7 37 -0.25 8 37 -0.25 -8
4 71 37 -0.25 -8 37 -0.25 8 29.975 -0.25 6.85875 29.975 -0.25 -4.45875
4 71 37 -0.25 8 -37 -0.25 8 -30.775 -0.25 6.85875 29.975 -0.25 6.85875
4 71 -30.775 -0.25 -4.45875 -37 -0.25 -8 37 -0.25 -8 29.975 -0.25 -4.45875
