0 Sticker  0.8 x  3.9 with Bugatti Chiron Sticker #5 with Zipper (Formed)
0 Name: 6228775ec01.dat
0 Author: Jens Brühl [jb70]
0 !LDRAW_ORG Unofficial_Part
0 !LICENSE Licensed under CC BY 4.0 : see CAreadme.txt

0 BFC CERTIFY CCW

0 !KEYWORDS set 42083

0 // Sticker Bottom
1 16 0 0 0 1 0 0 0 1 0 0 0 1 s\6228775es01.dat

0 // Sticker Top
3 0 -.8 -7.782 34.436 .036 -7.782 34.436 0 -7.551 34.8
3 0 0 -15.004 13.6 0 -14.889 14.4 -.8 -14.946 14
3 0 0 -10.123 29.6 0 -9.736 30.4 -.8 -9.929 30
4 0 0 -15.409 -10.8 .8 -15.351 -11.2 0 -15.466 -10.4 -.8 -15.524 -10
3 0 1.6 -12.292 24 .8 -12.149 24.4 .8 -12.435 23.6
3 0 .8 -14.716 -15.2 .24 -14.854 -14.64 0 -14.815 -14.8
3 0 -.006 -12.883 -22.348 -.802 -12.833 -22.488 1.055 -12.659 -22.973
4 0 .8 -14.716 -15.2 0 -14.815 -14.8 .8 -14.618 -15.6 1.6 -14.52 -16
4 0 .8 -10.51 28.8 1.6 -10.76 28.284 1.6 -8.961 32 .8 -9.348 31.2
4 0 3 -14.618 15.6 3 -14.029 18 2.6 -14.029 18 2.6 -14.618 15.6
4 0 2.6 -16.08 3.6 2.6 -16.193 1.2 3 -16.193 1.2 3 -16.08 3.6
4 0 .8 -14.716 -15.2 1.6 -14.52 -16 1.6 -14.854 -14.64 .8 -14.854 -14.64
4 0 -4.485 -12.22 -24.2 -5.266 -12.282 -24.027 -5.276 -12.115 -24.495 -4.489 -12.165 -24.356
4 0 2.6 -15.902 7.384 2.6 -15.967 6 3 -15.967 6 3 -15.902 7.384
4 0 -.802 -12.833 -22.488 -.006 -12.883 -22.348 0 -13.133 -21.648 -.8 -13.133 -21.648
4 0 0 -15.409 10.8 0 -15.062 13.2 -.8 -14.946 14 -.8 -15.524 10
4 0 2.6 -15.755 8.4 2.6 -15.902 7.384 3 -15.902 7.384 3 -15.755 8.4
3 0 -.8 -13.133 21.648 0 -13.133 21.648 0 -12.864 22.4
4 0 4.095 -8.331 -33.302 3.211 -10.76 -28.284 2.398 -10.76 -28.284 3.307 -8.264 -33.441
4 0 -1.8 -15.902 7.384 -1.8 -15.755 8.4 -2.2 -15.755 8.4 -2.2 -15.902 7.384
4 0 -2.2 -15.902 -7.384 -2.2 -15.755 -8.4 -1.8 -15.755 -8.4 -1.8 -15.902 -7.384
4 0 0 -15.902 7.384 0 -15.64 9.2 -.8 -15.524 10 -.8 -15.902 7.384
4 0 .8 -16.099 -3.2 1.6 -16.061 -4 1.6 -16.25 0 .8 -16.212 -.8
3 0 3.122 -7.62 -34.692 3.558 -7.727 -34.522 3.648 -7.782 -34.436
4 0 -2.2 -16.08 3.6 -2.2 -16.193 1.2 -1.8 -16.193 1.2 -1.8 -16.08 3.6
4 0 -.8 -7.782 34.436 -.8 -9.929 30 0 -9.542 30.8 0 -8.38 33.2
3 0 1.6 -13.133 -21.648 .8 -13.341 -20.8 .801 -13.133 -21.648
3 0 .8 -15.12 -12.8 .8 -14.854 -14.64 1.6 -14.854 -14.64
3 0 .8 -12.578 23.2 .8 -13.133 21.648 1.6 -13.133 21.648
4 0 3 -13.133 21.648 3 -12.721 22.8 2.6 -12.721 22.8 2.6 -13.133 21.648
4 0 2.6 -13.133 21.648 2.6 -13.439 20.4 3 -13.439 20.4 3 -13.133 21.648
3 0 3.648 -7.782 -34.436 2.983 -8.04 -33.904 -.036 -7.782 -34.436
3 0 .8 -9.155 31.6 .8 -9.348 31.2 1.6 -8.961 32
4 0 -.383 -7.227 -35.311 1.998 -7.494 -34.89 -.036 -7.782 -34.436 -2.237 -7.536 -34.824
4 0 1.6 -7.782 34.436 .8 -7.782 34.436 .8 -8.574 32.8 1.6 -8.961 32
4 0 2.6 -13.133 -21.648 2.6 -12.721 -22.8 3 -12.721 -22.8 3 -13.133 -21.648
4 0 3 -11.863 25.2 3 -11.005 27.6 2.6 -11.005 27.6 2.6 -11.863 25.2
4 0 -1.8 -15.062 -13.2 -1.8 -15.409 -10.8 -2.2 -15.409 -10.8 -2.2 -15.062 -13.2
3 0 .24 -14.854 14.64 0 -14.815 14.8 -.8 -14.854 14.64
4 0 0 -16.25 0 0 -16.193 1.2 -.8 -16.156 2 -.8 -16.25 0
4 0 0 -15.902 -7.384 0 -15.93 -6.8 -.8 -15.967 -6 -.8 -15.902 -7.384
4 0 -1.8 -13.133 21.648 -1.8 -12.721 22.8 -2.2 -12.721 22.8 -2.2 -13.133 21.648
4 0 0 -15.004 -13.6 -.8 -14.946 -14 -.8 -14.854 -14.64 0 -14.889 -14.4
3 0 -.8 -14.854 -14.64 .24 -14.854 -14.64 0 -14.889 -14.4
4 0 -2.2 -15.967 -6 -2.2 -15.902 -7.384 -1.8 -15.902 -7.384 -1.8 -15.967 -6
4 0 3 -7.551 34.8 3 -6.028 37.2 2.6 -6.028 37.2 2.6 -7.551 34.8
4 0 .801 -12.934 -22.205 1.6 -12.9 -22.3 1.6 -13.133 -21.648 .801 -13.133 -21.648
4 0 -.8 -9.929 30 -.8 -10.76 28.284 0 -10.76 28.284 0 -10.317 29.2
3 0 1.6 -16.25 0 .8 -16.231 .4 .8 -16.25 0
4 0 0 -16.137 2.4 0 -16.118 2.8 -.8 -15.967 6 -.8 -16.156 2
3 0 0 -16.118 2.8 0 -16.005 5.2 -.8 -15.967 6
4 0 -2.2 -13.133 21.648 -2.2 -13.439 20.4 -1.8 -13.439 20.4 -1.8 -13.133 21.648
4 0 2.6 -15.062 13.2 2.6 -15.409 10.8 3 -15.409 10.8 3 -15.062 13.2
4 0 -.8 -14.854 14.64 -.8 -14.946 14 0 -14.889 14.4 .24 -14.854 14.64
3 0 -.8 -14.029 -18 0 -13.931 -18.4 0 -14.127 -17.6
3 0 0 -13.145 -21.6 0 -13.243 -21.2 -.8 -13.133 -21.648
3 0 -.8 -13.133 -21.648 0 -13.133 -21.648 0 -13.145 -21.6
3 0 0 -6.218 -36.9 -.223 -6.454 -36.528 -.295 -6.474 -36.497
4 0 .8 -10.704 28.4 1.6 -10.76 28.284 .8 -10.51 28.8 0 -10.317 29.2
3 0 1.6 -10.76 28.284 .8 -10.704 28.4 .8 -10.76 28.284
4 0 .8 -13.439 20.4 .8 -13.734 19.2 1.6 -14.52 16 1.6 -13.538 20
3 0 .8 -13.734 19.2 .8 -14.324 16.8 1.6 -14.52 16
4 0 -2.2 -14.029 18 -2.2 -14.618 15.6 -1.8 -14.618 15.6 -1.8 -14.029 18
4 0 .8 -4.885 39 .8 -6.281 36.8 1.6 -6.789 36 1.6 -4.885 39
4 0 .8 -15.871 -7.6 1.6 -15.813 -8 1.6 -15.902 -7.384 .584 -15.902 -7.384
4 0 -.8 -15.524 -10 -.8 -14.946 -14 0 -15.062 -13.2 0 -15.409 -10.8
4 0 -2.892 -10.76 -28.284 -2.371 -9.331 -31.237 -1.977 -9.364 -31.168 -2.485 -10.76 -28.284
4 0 3 -15.902 -7.384 3 -15.967 -6 2.6 -15.967 -6 2.6 -15.902 -7.384
3 0 1.6 -15.902 7.384 .8 -15.871 7.6 .584 -15.902 7.384
4 0 3 -15.755 -8.4 3 -15.902 -7.384 2.6 -15.902 -7.384 2.6 -15.755 -8.4
4 0 -2.206 -13.133 -21.648 -2.211 -12.744 -22.736 -1.823 -12.768 -22.668 -1.813 -13.133 -21.648
4 0 -3.43 -11.852 -25.23 -2.892 -10.76 -28.284 -2.485 -10.76 -28.284 -3.036 -11.877 -25.16
4 0 3 -16.08 -3.6 3 -16.193 -1.2 2.6 -16.193 -1.2 2.6 -16.08 -3.6
3 0 3.128 -8.067 -33.848 2.983 -8.04 -33.904 3.648 -7.782 -34.436
4 0 1.373 -10.76 -28.284 1.765 -9.683 -30.508 2.159 -9.717 -30.438 1.779 -10.76 -28.284
3 0 .8 -6.281 -36.8 1.6 -6.044 -37.174 1.6 -6.398 -36.616
3 0 0 -15.948 -6.4 0 -15.986 -5.6 -.8 -15.967 -6
3 0 1.6 -13.538 -20 .8 -13.636 -19.6 .8 -13.439 -20.4
4 0 2.003 -6.701 -36.139 1.6 -6.398 -36.616 2.072 -6.451 -36.533 2.076 -6.719 -36.111
3 0 1.6 -13.538 -20 .8 -13.734 -19.2 .8 -13.636 -19.6
3 0 -.8 -13.133 -21.648 0 -13.243 -21.2 0 -13.832 -18.8
4 0 -2.2 -13.439 -20.4 -2.206 -13.133 -21.648 -1.813 -13.133 -21.648 -1.8 -13.439 -20.4
4 0 .6 -4.885 39 .2 -4.885 39 0 -5.012 38.8 0 -5.266 38.4
4 0 -2.2 -11.005 27.6 -2.2 -11.863 25.2 -1.8 -11.863 25.2 -1.8 -11.005 27.6
4 0 1.6 -14.854 14.64 .8 -14.854 14.64 .8 -15.12 12.8 1.6 -15.235 12
4 0 0 -15.93 6.8 -.8 -15.967 6 0 -15.948 6.4 .8 -15.911 7.2
4 0 2.6 -13.439 -20.4 2.6 -13.133 -21.648 3 -13.133 -21.648 3 -13.439 -20.4
4 0 0 -15.93 6.8 0 -15.902 7.384 -.8 -15.902 7.384 -.8 -15.967 6
4 0 -5.078 -12.435 -23.599 -4.422 -12.271 -24.058 -4.31 -12.31 -23.95 -4.739 -12.551 -23.275
4 0 0 -15.948 -6.4 -.8 -15.967 -6 0 -15.93 -6.8 .8 -15.911 -7.2
4 0 .8 -9.348 31.2 .8 -9.155 31.6 0 -9.542 30.8 0 -9.736 30.4
4 0 .8 -15.697 -8.8 .8 -15.755 -8.4 0 -15.64 -9.2 0 -15.582 -9.6
4 0 3 -9.929 30 3 -8.768 32.4 2.6 -8.768 32.4 2.6 -9.929 30
4 0 0 -7.551 34.8 .036 -7.782 34.436 .8 -7.297 35.2 .8 -7.043 35.6
4 0 1.998 -7.494 -34.89 2.165 -6.848 -35.908 2.554 -6.744 -36.072 2.985 -7.604 -34.716
3 0 .8 -15.697 -8.8 .8 -15.351 -11.2 1.6 -15.235 -12
4 0 -4.422 -12.271 -24.058 -5.078 -12.435 -23.599 -5.266 -12.282 -24.027 -4.485 -12.22 -24.2
4 0 .474 -12.171 -24.338 .405 -12.312 -23.944 -2.944 -12.101 -24.535 -2.874 -11.96 -24.928
3 0 1.055 -12.659 -22.973 -.802 -12.833 -22.488 -1.823 -12.768 -22.668
4 0 -3.488 -7.653 -34.639 -2.7 -7.741 -34.5 -2.711 -7.782 -34.436 -3.524 -7.782 -34.436
3 0 -.8 -14.029 -18 0 -14.127 -17.6 0 -14.225 -17.2
4 0 -1.823 -12.768 -22.668 -2.211 -12.744 -22.736 -4.164 -12.33 -23.893 1.055 -12.659 -22.973
3 0 -2.211 -12.744 -22.736 -4.303 -12.612 -23.105 -4.164 -12.33 -23.893
4 0 .8 -16.024 4.8 0 -16.005 5.2 .8 -16.043 4.4 1.6 -16.061 4
3 0 -.8 -9.929 30 0 -9.736 30.4 0 -9.542 30.8
3 0 .036 -7.782 34.436 -.8 -7.782 34.436 0 -7.799 34.4
3 0 0 -5.012 -38.8 0 -5.266 -38.4 -.8 -4.885 -39
4 0 -3.524 -7.782 -34.436 -2.711 -7.782 -34.436 -3.796 -10.76 -28.284 -4.608 -10.76 -28.284
4 0 -3.162 -12.071 -24.619 -2.947 -11.95 -24.957 -2.874 -11.96 -24.928 -2.944 -12.101 -24.535
4 0 1.6 -14.854 14.64 1.6 -14.52 16 .8 -14.716 15.2 .8 -14.854 14.64
4 0 3.648 -7.782 -34.436 -.036 -7.782 -34.436 1.998 -7.494 -34.89 2.985 -7.604 -34.716
3 0 .8 -16.024 -4.8 .8 -15.911 -7.2 1.6 -15.902 -7.384
4 0 -3.318 -7.376 -35.075 -2.994 -7.161 -35.414 -2.393 -7.538 -34.821 -2.536 -7.578 -34.758
3 0 0 -15.582 9.6 0 -15.466 10.4 -.8 -15.524 10
3 0 .8 -7.297 35.2 .8 -7.782 34.436 1.6 -7.782 34.436
3 0 -.8 -13.133 21.648 0 -12.864 22.4 0 -12.721 22.8
4 0 -.8 -11.577 26 -.8 -13.133 21.648 0 -12.721 22.8 0 -11.863 25.2
4 0 1.354 -12.636 -23.039 1.462 -12.595 -23.152 2.137 -12.749 -22.722 1.813 -12.87 -22.384
4 0 2.307 -12.593 -23.158 2.137 -12.749 -22.722 1.462 -12.595 -23.152 1.519 -12.543 -23.297
3 0 0 -13.931 18.4 0 -13.832 18.8 -.8 -14.029 18
4 0 -2.2 -7.037 -35.61 -1.8 -7.068 -35.561 -2.237 -7.536 -34.824 -2.393 -7.538 -34.821
3 0 0 -5.266 38.4 0 -5.012 38.8 -.8 -4.885 39
3 0 0 -5.012 38.8 0 -4.885 39 -.8 -4.885 39
3 0 0 -13.145 21.6 0 -13.133 21.648 -.8 -13.133 21.648
3 0 -.8 -13.133 21.648 0 -13.243 21.2 0 -13.145 21.6
3 0 0 -16.175 1.6 0 -16.137 2.4 -.8 -16.156 2
4 0 .8 -16.024 -4.8 .8 -16.043 -4.4 0 -16.005 -5.2 0 -15.986 -5.6
4 0 0 -11.291 26.8 0 -10.76 28.284 -.8 -10.76 28.284 -.8 -11.577 26
4 0 .853 -12.276 -24.044 .624 -12.159 -24.371 .678 -12.139 -24.428 1.015 -12.216 -24.213
3 0 -2.536 -7.578 -34.758 -2.643 -7.649 -34.645 -3.318 -7.376 -35.075
4 0 -2.286 -9.225 -31.455 -1.949 -9.329 -31.24 -1.977 -9.364 -31.168 -2.371 -9.331 -31.237
3 0 3.648 -7.782 -34.436 2.985 -7.604 -34.716 3.122 -7.62 -34.692
4 0 -.9 -7.169 -35.401 -.8 -6.599 -36.3 -.377 -6.556 -36.368 -.383 -7.227 -35.311
3 0 1.6 -6.789 36 .8 -6.535 36.4 .8 -7.043 35.6
4 0 .8 -16.024 4.8 1.6 -16.061 4 1.6 -15.902 7.384 .8 -15.911 7.2
4 0 0 -14.225 -17.2 0 -14.127 -17.6 .8 -14.324 -16.8 .8 -14.422 -16.4
3 0 1.6 -13.538 20 .8 -13.341 20.8 .8 -13.439 20.4
3 0 0 -16.137 -2.4 0 -16.175 -1.6 -.8 -16.156 -2
4 0 0 -13.832 18.8 0 -13.243 21.2 -.8 -13.133 21.648 -.8 -14.029 18
4 0 -4.489 -12.165 -24.356 -5.276 -12.115 -24.495 -4.608 -10.76 -28.284 -3.796 -10.76 -28.284
4 0 0 -15.062 -13.2 0 -15.004 -13.6 .8 -15.12 -12.8 .8 -15.178 -12.4
4 0 0 -13.243 21.2 .8 -13.439 20.4 .8 -13.341 20.8 0 -13.145 21.6
3 0 0 -15.986 5.6 0 -15.948 6.4 -.8 -15.967 6
4 0 2.307 -12.593 -23.158 1.519 -12.543 -23.297 2.398 -10.76 -28.284 3.211 -10.76 -28.284
4 0 0 -16.175 1.6 -.8 -16.156 2 0 -16.193 1.2 .8 -16.212 .8
3 0 1.6 -6.398 -36.616 2.003 -6.701 -36.139 -.145 -6.453 -36.53
4 0 1.603 -9.572 -30.739 -1.745 -9.286 -31.33 -1.676 -9.095 -31.724 1.672 -9.381 -31.133
4 0 -1.949 -9.329 -31.24 -2.286 -9.225 -31.455 -2.124 -9.143 -31.624 -1.895 -9.301 -31.297
3 0 .8 -9.155 31.6 1.6 -8.961 32 .8 -8.768 32.4
4 0 -.8 -14.029 18 -.8 -14.854 14.64 0 -14.815 14.8 0 -14.225 17.2
4 0 0 -16.005 5.2 .8 -16.024 4.8 0 -15.986 5.6 -.8 -15.967 6
3 0 1.6 -15.235 12 .8 -15.178 12.4 .8 -15.293 11.6
4 0 -2.2 -6.028 37.2 -2.2 -7.551 34.8 -1.8 -7.551 34.8 -1.8 -6.028 37.2
4 0 0 -13.832 -18.8 .8 -13.636 -19.6 .8 -13.734 -19.2 0 -13.931 -18.4
4 0 0 -13.243 -21.2 0 -13.145 -21.6 .8 -13.341 -20.8 .8 -13.439 -20.4
4 0 2.554 -6.744 -36.072 2.6 -6.028 -37.2 3 -6.028 -37.2 2.985 -7.604 -34.716
3 0 0 -15.004 -13.6 0 -15.062 -13.2 -.8 -14.946 -14
4 0 -1.8 -9.929 30 -1.8 -8.768 32.4 -2.2 -8.768 32.4 -2.2 -9.929 30
4 0 3 -15.062 -13.2 3 -15.409 -10.8 2.6 -15.409 -10.8 2.6 -15.062 -13.2
3 0 -1.8 -7.068 -35.561 -.9 -7.169 -35.401 -2.237 -7.536 -34.824
4 0 -1.91 -9.097 -31.719 -1.823 -9.286 -31.328 -1.895 -9.301 -31.297 -2.124 -9.143 -31.624
4 0 -2.994 -7.161 -35.414 -2.566 -7.042 -35.602 -2.2 -7.037 -35.61 -2.393 -7.538 -34.821
3 0 -.8 -11.577 26 0 -11.434 26.4 0 -11.291 26.8
4 0 -3.331 -12.013 -24.781 -3.003 -11.93 -25.011 -2.947 -11.95 -24.957 -3.162 -12.071 -24.619
4 0 -1.8 -14.029 -18 -1.8 -14.618 -15.6 -2.2 -14.618 -15.6 -2.2 -14.029 -18
4 0 -.145 -6.453 -36.53 -.223 -6.454 -36.528 0 -6.218 -36.9 .35 -6.25 -36.85
4 0 0 -13.832 18.8 0 -13.931 18.4 .8 -13.734 19.2 .8 -13.636 19.6
4 0 -2.2 -15.062 13.2 -2.2 -15.409 10.8 -1.8 -15.409 10.8 -1.8 -15.062 13.2
4 0 .8 -14.716 15.2 .8 -14.618 15.6 0 -14.815 14.8 .24 -14.854 14.64
4 0 1.6 -12.9 -22.3 .801 -12.934 -22.205 1.055 -12.659 -22.973 1.211 -12.658 -22.976
3 0 .801 -12.934 -22.205 -.006 -12.883 -22.348 1.055 -12.659 -22.973
4 0 -1.8 -15.967 6 -1.8 -15.902 7.384 -2.2 -15.902 7.384 -2.2 -15.967 6
4 0 .8 -16.212 .8 0 -16.193 1.2 .8 -16.231 .4 1.6 -16.25 0
4 0 .639 -12.31 -23.949 .552 -12.17 -24.34 .624 -12.159 -24.371 .853 -12.276 -24.044
4 0 1.813 -12.87 -22.384 1.6 -12.9 -22.3 1.211 -12.658 -22.976 1.354 -12.636 -23.039
4 0 .8 -12.149 24.4 1.6 -12.292 24 .8 -12.006 24.8 0 -11.863 25.2
4 0 4.095 -8.331 -33.302 3.307 -8.264 -33.441 3.304 -8.188 -33.597 4.085 -8.104 -33.77
4 0 2.6 -14.618 -15.6 2.6 -14.029 -18 3 -14.029 -18 3 -14.618 -15.6
4 0 1.6 -16.061 4 .8 -16.099 3.2 .8 -16.212 .8 1.6 -16.25 0
4 0 0 -11.863 25.2 .8 -12.006 24.8 0 -11.72 25.6 -.8 -11.577 26
4 0 3.241 -8.119 -33.74 3.896 -7.897 -34.198 4.085 -8.104 -33.77 3.304 -8.188 -33.597
4 0 -.8 -16.25 0 -.8 -16.156 -2 0 -16.193 -1.2 0 -16.25 0
3 0 1.6 -14.52 16 .8 -14.324 16.8 .8 -14.422 16.4
3 0 1.6 -14.52 -16 .8 -14.618 -15.6 .8 -14.422 -16.4
3 0 .8 -16.099 -3.2 .8 -16.08 -3.6 1.6 -16.061 -4
3 0 -.8 -15.524 -10 0 -15.582 -9.6 0 -15.64 -9.2
4 0 -.8 -15.902 -7.384 -.8 -15.524 -10 0 -15.64 -9.2 0 -15.902 -7.384
3 0 1.6 -14.52 -16 .8 -14.618 -15.6 .8 -14.324 -16.8
4 0 0 -15.64 9.2 .8 -15.697 8.8 0 -15.582 9.6 -.8 -15.524 10
4 0 1.6 -10.76 28.284 .8 -11.148 27.2 .8 -12.006 24.8 1.6 -12.292 24
4 0 0 -16.118 2.8 0 -16.137 2.4 .8 -16.099 3.2 .8 -16.08 3.6
3 0 1.6 -16.061 4 .8 -16.043 4.4 .8 -16.08 3.6
3 0 0 -13.931 18.4 -.8 -14.029 18 0 -14.127 17.6
4 0 .8 -15.178 12.4 1.6 -15.235 12 .8 -15.12 12.8 0 -15.062 13.2
4 0 0 -15.062 13.2 .8 -15.12 12.8 0 -15.004 13.6 -.8 -14.946 14
4 0 .8 -13.734 -19.2 1.6 -13.538 -20 1.6 -14.52 -16 .8 -14.324 -16.8
3 0 0 -11.72 25.6 0 -11.434 26.4 -.8 -11.577 26
4 0 .706 -12.113 -24.5 1.1 -12.138 -24.431 1.015 -12.216 -24.213 .678 -12.139 -24.428
4 0 -3.425 -11.936 -24.996 -3.035 -11.905 -25.082 -3.003 -11.93 -25.011 -3.331 -12.013 -24.781
4 0 -2.2 -6.028 -37.2 -1.8 -6.028 -37.2 -1.8 -7.068 -35.561 -2.2 -7.037 -35.61
4 0 1.6 -13.133 21.648 .8 -13.133 21.648 .8 -13.341 20.8 1.6 -13.538 20
3 0 0 -4.885 -39 0 -5.012 -38.8 -.8 -4.885 -39
4 0 -1.676 -9.095 -31.724 -1.745 -9.286 -31.33 -1.823 -9.286 -31.328 -1.91 -9.097 -31.719
4 0 .405 -12.312 -23.944 .474 -12.171 -24.338 .552 -12.17 -24.34 .639 -12.31 -23.949
3 0 -.8 -6.599 -36.3 -.349 -6.51 -36.44 -.377 -6.556 -36.368
3 0 0 -6.218 -36.9 -.295 -6.474 -36.497 -.349 -6.51 -36.44
3 0 1.6 -15.235 -12 .8 -15.293 -11.6 .8 -15.178 -12.4
4 0 .6 -4.885 -39 0 -5.266 -38.4 0 -5.012 -38.8 .2 -4.885 -39
3 0 0 -5.266 -38.4 0 -5.774 -37.6 -.8 -4.885 -39
4 0 0 -14.225 17.2 .8 -14.422 16.4 .8 -14.324 16.8 0 -14.127 17.6
3 0 0 -15.466 -10.4 0 -15.582 -9.6 -.8 -15.524 -10
4 0 -1.8 -16.08 -3.6 -1.8 -16.193 -1.2 -2.2 -16.193 -1.2 -2.2 -16.08 -3.6
3 0 1.6 -14.52 16 .8 -14.422 16.4 .8 -14.618 15.6
4 0 2.163 -6.798 -35.986 2.46 -6.607 -36.287 2.554 -6.744 -36.072 2.165 -6.848 -35.908
4 0 .8 -12.578 23.2 .8 -12.435 23.6 0 -12.721 22.8 0 -12.864 22.4
3 0 0 -8.187 33.6 0 -7.799 34.4 -.8 -7.782 34.436
3 0 -.8 -15.967 -6 0 -15.986 -5.6 0 -16.005 -5.2
4 0 -.8 -16.059 -4.061 -.8 -15.967 -6 0 -16.005 -5.2 0 -16.118 -2.8
3 0 -.383 -7.227 -35.311 -2.237 -7.536 -34.824 -.9 -7.169 -35.401
4 0 3.128 -8.067 -33.848 3.648 -7.782 -34.436 3.896 -7.897 -34.198 3.241 -8.119 -33.74
3 0 -.383 -7.227 -35.311 -2.237 -7.536 -34.824 -1.8 -7.068 -35.561
3 0 1.6 -15.813 -8 .8 -15.871 -7.6 .8 -15.755 -8.4
4 0 .8 -15.755 8.4 1.6 -15.813 8 .8 -15.697 8.8 0 -15.64 9.2
4 0 -3.035 -11.905 -25.082 -3.425 -11.936 -24.996 -3.43 -11.852 -25.23 -3.036 -11.877 -25.16
4 0 -3.318 -7.376 -35.075 -2.643 -7.649 -34.645 -2.7 -7.741 -34.5 -3.488 -7.653 -34.639
4 0 0 -10.317 29.2 .8 -10.51 28.8 0 -10.123 29.6 -.8 -9.929 30
3 0 .8 -10.76 28.284 .8 -11.005 27.6 1.6 -10.76 28.284
4 0 -4.164 -12.33 -23.893 -4.303 -12.612 -23.105 -4.739 -12.551 -23.275 -4.31 -12.31 -23.95
4 0 1.6 -4.885 -39 1.6 -6.044 -37.174 .8 -6.281 -36.8 .6 -4.885 -39
4 0 0 -11.291 26.8 0 -11.434 26.4 .8 -11.148 27.2 .8 -11.005 27.6
3 0 0 -5.774 37.6 0 -5.266 38.4 -.8 -4.885 39
4 0 0 -7.551 34.8 0 -6.028 37.2 -.8 -4.885 39 -.8 -7.782 34.436
4 0 1.779 -10.76 -28.284 1.1 -12.138 -24.431 .706 -12.113 -24.5 1.373 -10.76 -28.284
4 0 .8 -16.099 -3.2 0 -16.137 -2.4 0 -16.118 -2.8 .8 -16.08 -3.6
4 0 0 -16.118 -2.8 0 -16.137 -2.4 -.8 -16.156 -2 -.8 -16.059 -4.061
4 0 2.154 -9.604 -30.672 2.159 -9.717 -30.438 1.765 -9.683 -30.508 1.763 -9.646 -30.586
4 0 2.154 -9.604 -30.672 1.763 -9.646 -30.586 1.732 -9.611 -30.657 2.06 -9.5 -30.887
4 0 1.676 -9.585 -30.711 1.891 -9.422 -31.048 2.06 -9.5 -30.887 1.732 -9.611 -30.657
4 0 1.891 -9.422 -31.048 1.676 -9.585 -30.711 1.603 -9.572 -30.739 1.672 -9.381 -31.133
4 0 -.349 -6.51 -36.44 -.8 -6.599 -36.3 0 -6.028 -37.2 0 -6.218 -36.9
4 0 0 -5.774 -37.6 0 -6.028 -37.2 -.8 -6.599 -36.3 -.8 -4.885 -39
4 0 1.6 -6.398 -36.616 -.145 -6.453 -36.53 .35 -6.25 -36.85 .8 -6.281 -36.8
4 0 0 -6.028 -37.2 0 -5.774 -37.6 .8 -6.281 -36.8 .35 -6.25 -36.85
4 0 -.8 -13.133 -21.648 0 -13.832 -18.8 0 -13.931 -18.4 -.8 -14.029 -18
4 0 0 -14.815 -14.8 -.8 -14.854 -14.64 -.8 -14.029 -18 0 -14.225 -17.2
3 0 0 -14.815 -14.8 .24 -14.854 -14.64 -.8 -14.854 -14.64
4 0 .8 -15.351 -11.2 0 -15.409 -10.8 .8 -15.293 -11.6 1.6 -15.235 -12
3 0 .584 -15.902 -7.384 .8 -15.911 -7.2 0 -15.93 -6.8
3 0 .8 -15.911 -7.2 .584 -15.902 -7.384 1.6 -15.902 -7.384
4 0 .8 -15.871 7.6 1.6 -15.902 7.384 1.6 -15.813 8 .8 -15.755 8.4
3 0 .8 -15.911 7.2 1.6 -15.902 7.384 .584 -15.902 7.384
3 0 .8 -15.911 7.2 .584 -15.902 7.384 0 -15.93 6.8
4 0 .8 -15.697 8.8 1.6 -15.813 8 1.6 -15.235 12 .8 -15.351 11.2
4 0 .8 -15.293 11.6 0 -15.409 10.8 0 -15.466 10.4 .8 -15.351 11.2
3 0 0 -15.466 10.4 0 -15.409 10.8 -.8 -15.524 10
3 0 .8 -15.293 11.6 .8 -15.351 11.2 1.6 -15.235 12
3 0 0 -14.225 17.2 0 -14.127 17.6 -.8 -14.029 18
4 0 2.076 -6.719 -36.111 2.072 -6.451 -36.533 2.291 -6.505 -36.448 2.132 -6.753 -36.057
4 0 2.46 -6.607 -36.287 2.163 -6.798 -35.986 2.132 -6.753 -36.057 2.291 -6.505 -36.448
4 0 1.6 -7.782 34.436 1.6 -6.789 36 .8 -7.043 35.6 .8 -7.297 35.2
3 0 .8 -11.005 27.6 .8 -11.148 27.2 1.6 -10.76 28.284
4 0 1.6 -13.133 21.648 1.6 -12.292 24 .8 -12.435 23.6 .8 -12.578 23.2
3 0 .8 -14.618 15.6 .8 -14.716 15.2 1.6 -14.52 16
3 0 .8 -16.08 3.6 .8 -16.099 3.2 1.6 -16.061 4
4 0 1.6 -13.133 -21.648 1.6 -13.538 -20 .8 -13.439 -20.4 .8 -13.341 -20.8
3 0 .8 -16.25 0 .8 -16.231 -.4 1.6 -16.25 0
4 0 .8 -16.212 -.8 1.6 -16.25 0 .8 -16.231 -.4 0 -16.193 -1.2
4 0 0 -16.175 -1.6 .8 -16.212 -.8 0 -16.193 -1.2 -.8 -16.156 -2
4 0 1.6 -15.902 -7.384 1.6 -16.061 -4 .8 -16.043 -4.4 .8 -16.024 -4.8
4 0 1.6 -15.235 -12 1.6 -15.813 -8 .8 -15.755 -8.4 .8 -15.697 -8.8
4 0 1.6 -14.854 -14.64 1.6 -15.235 -12 .8 -15.178 -12.4 .8 -15.12 -12.8
3 0 1.6 -16.061 -4 .8 -16.08 -3.6 .8 -16.043 -4.4
3 0 0 -6.028 37.2 0 -5.774 37.6 -.8 -4.885 39
3 0 .8 -6.281 36.8 .8 -6.535 36.4 1.6 -6.789 36
4 0 .8 -6.535 36.4 .8 -6.281 36.8 0 -5.774 37.6 0 -6.028 37.2
3 0 0 -8.187 33.6 -.8 -7.782 34.436 0 -8.38 33.2
3 0 .8 -8.574 32.8 .8 -8.768 32.4 1.6 -8.961 32
4 0 .8 -8.574 32.8 0 -8.187 33.6 0 -8.38 33.2 .8 -8.768 32.4

3 80 .584 -15.902 -7.384 0 -15.93 -6.8 0 -15.902 -7.384
3 80 0 -15.902 7.384 0 -15.93 6.8 .584 -15.902 7.384
3 80 .8 -7.782 34.436 .8 -7.297 35.2 .036 -7.782 34.436
4 80 0 -13.145 -21.6 0 -13.133 -21.648 .801 -13.133 -21.648 .8 -13.341 -20.8
4 80 .8 -11.005 27.6 .8 -10.76 28.284 0 -10.76 28.284 0 -11.291 26.8
4 80 .8 -16.231 -.4 .8 -16.25 0 0 -16.25 0 0 -16.193 -1.2
3 80 .8 -14.854 14.64 .8 -14.716 15.2 .24 -14.854 14.64
4 80 0 -14.127 -17.6 0 -13.931 -18.4 .8 -13.734 -19.2 .8 -14.324 -16.8
4 80 .8 -16.08 3.6 .8 -16.043 4.4 0 -16.005 5.2 0 -16.118 2.8
4 80 0 -12.864 22.4 0 -13.133 21.648 .8 -13.133 21.648 .8 -12.578 23.2
3 80 .24 -14.854 -14.64 .8 -14.854 -14.64 .8 -15.12 -12.8
4 80 0 -16.118 -2.8 0 -16.005 -5.2 .8 -16.043 -4.4 .8 -16.08 -3.6
4 80 0 -15.582 -9.6 0 -15.466 -10.4 .8 -15.351 -11.2 .8 -15.697 -8.8
4 80 .8 -9.155 31.6 .8 -8.768 32.4 0 -8.38 33.2 0 -9.542 30.8
3 80 0 -15.64 -9.2 .8 -15.755 -8.4 0 -15.902 -7.384
4 80 .8 -14.422 -16.4 .8 -14.618 -15.6 0 -14.815 -14.8 0 -14.225 -17.2
4 80 0 -16.175 -1.6 0 -16.137 -2.4 .8 -16.099 -3.2 .8 -16.212 -.8
4 80 0 -15.986 -5.6 0 -15.948 -6.4 .8 -15.911 -7.2 .8 -16.024 -4.8
4 80 .8 -13.636 19.6 .8 -13.439 20.4 0 -13.243 21.2 0 -13.832 18.8
4 80 0 -9.736 30.4 0 -10.123 29.6 .8 -10.51 28.8 .8 -9.348 31.2
3 80 .35 -6.25 -36.85 0 -6.218 -36.9 0 -6.028 -37.2
4 80 .8 -16.212 .8 .8 -16.099 3.2 0 -16.137 2.4 0 -16.175 1.6
4 80 .8 -13.341 20.8 .8 -13.133 21.648 0 -13.133 21.648 0 -13.145 21.6
4 80 .8 -7.043 35.6 .8 -6.535 36.4 0 -6.028 37.2 0 -7.551 34.8
4 80 0 -10.317 29.2 0 -10.76 28.284 .8 -10.76 28.284 .8 -10.704 28.4
4 80 0 -14.225 17.2 0 -14.815 14.8 .8 -14.618 15.6 .8 -14.422 16.4
3 80 .2 -4.885 39 0 -4.885 39 0 -5.012 38.8
4 80 .8 -15.293 11.6 .8 -15.178 12.4 0 -15.062 13.2 0 -15.409 10.8
4 80 .8 -15.697 8.8 .8 -15.351 11.2 0 -15.466 10.4 0 -15.582 9.6
3 80 0 -5.266 38.4 0 -5.774 37.6 .8 -6.281 36.8
3 80 .8 -14.854 -14.64 .24 -14.854 -14.64 .8 -14.716 -15.2
3 80 .2 -4.885 -39 0 -5.012 -38.8 0 -4.885 -39
4 80 0 -16.193 1.2 0 -16.25 0 .8 -16.25 0 .8 -16.231 .4
4 80 .8 -15.12 -12.8 0 -15.004 -13.6 0 -14.889 -14.4 .24 -14.854 -14.64
4 80 .8 -6.281 36.8 .8 -4.885 39 .6 -4.885 39 0 -5.266 38.4
4 80 .8 -15.755 8.4 0 -15.902 7.384 .584 -15.902 7.384 .8 -15.871 7.6
3 80 .8 -15.755 8.4 0 -15.64 9.2 0 -15.902 7.384
4 80 0 -5.774 -37.6 0 -5.266 -38.4 .6 -4.885 -39 .8 -6.281 -36.8
4 80 .8 -14.324 16.8 .8 -13.734 19.2 0 -13.931 18.4 0 -14.127 17.6
3 80 0 -14.889 14.4 0 -15.004 13.6 .8 -15.12 12.8
4 80 0 -15.948 6.4 0 -15.986 5.6 .8 -16.024 4.8 .8 -15.911 7.2
4 80 .8 -14.854 14.64 .24 -14.854 14.64 0 -14.889 14.4 .8 -15.12 12.8
4 80 0 -13.832 -18.8 0 -13.243 -21.2 .8 -13.439 -20.4 .8 -13.636 -19.6
3 80 0 -7.799 34.4 0 -8.187 33.6 .8 -8.574 32.8
4 80 0 -7.799 34.4 .8 -8.574 32.8 .8 -7.782 34.436 .036 -7.782 34.436
4 80 .801 -12.934 -22.205 .801 -13.133 -21.648 0 -13.133 -21.648 -.006 -12.883 -22.348
4 80 .8 -15.755 -8.4 .8 -15.871 -7.6 .584 -15.902 -7.384 0 -15.902 -7.384
4 80 .8 -15.178 -12.4 .8 -15.293 -11.6 0 -15.409 -10.8 0 -15.062 -13.2
4 80 .8 -12.149 24.4 0 -11.863 25.2 0 -12.721 22.8 .8 -12.435 23.6
4 80 .8 -11.148 27.2 0 -11.434 26.4 0 -11.72 25.6 .8 -12.006 24.8

4 28 1.6 -4.885 39 8 -5.52 38 7.383 -4.933 38.924 7 -4.885 39
4 28 -7.383 -4.933 38.924 -8 -5.52 38 -.8 -4.885 39 -7 -4.885 39
4 28 7.383 -4.933 -38.924 8 -5.52 -38 1.6 -4.885 -39 7 -4.885 -39

4 28 7.924 -5.277 38.383 7.707 -5.071 38.707 7.383 -4.933 38.924 8 -5.52 38
4 28 -7.383 -4.933 38.924 -7.707 -5.071 38.707 -7.924 -5.277 38.383 -8 -5.52 38
4 28 7.383 -4.933 -38.924 7.707 -5.071 -38.707 7.924 -5.277 -38.383 8 -5.52 -38
4 28 -.8 -4.885 -39 -8 -5.52 -38 -7.383 -4.933 -38.924 -7 -4.885 -39
4 28 -7.383 -4.933 -38.924 -8 -5.52 -38 -7.924 -5.277 -38.383 -7.707 -5.071 -38.707

4 28 -.8 -6.599 -36.3 -.9 -7.169 -35.401 -1.8 -7.068 -35.561 -1.8 -6.028 -37.2
4 28 -2.2 -6.028 -37.2 -8 -5.52 -38 -.8 -4.885 -39 -1.8 -6.028 -37.2
4 28 -3.524 -7.782 -34.436 -8 -7.782 -34.436 -8 -5.52 -38 -3.488 -7.653 -34.639
4 28 -2.2 -6.028 -37.2 -2.2 -7.037 -35.61 -2.566 -7.042 -35.602 -8 -5.52 -38
3 28 -2.566 -7.042 -35.602 -2.994 -7.161 -35.414 -8 -5.52 -38
3 28 -8 -5.52 -38 -2.994 -7.161 -35.414 -3.318 -7.376 -35.075
3 28 -8 -5.52 -38 -3.318 -7.376 -35.075 -3.488 -7.653 -34.639
3 28 -.8 -6.599 -36.3 -1.8 -6.028 -37.2 -.8 -4.885 -39
3 28 -.349 -6.51 -36.44 -.295 -6.474 -36.497 -.223 -6.454 -36.528
4 28 -.223 -6.454 -36.528 -.145 -6.453 -36.53 -.377 -6.556 -36.368 -.349 -6.51 -36.44
3 28 2.132 -6.753 -36.057 2.163 -6.798 -35.986 2.076 -6.719 -36.111
4 28 2.076 -6.719 -36.111 2.163 -6.798 -35.986 2.165 -6.848 -35.908 2.003 -6.701 -36.139
4 28 -.145 -6.453 -36.53 2.003 -6.701 -36.139 2.165 -6.848 -35.908 -.377 -6.556 -36.368
4 28 -.383 -7.227 -35.311 -.377 -6.556 -36.368 2.165 -6.848 -35.908 1.998 -7.494 -34.89
3 28 2.554 -6.744 -36.072 2.46 -6.607 -36.287 2.6 -6.028 -37.2
3 28 2.6 -6.028 -37.2 2.46 -6.607 -36.287 2.291 -6.505 -36.448
3 28 2.6 -6.028 -37.2 2.291 -6.505 -36.448 2.072 -6.451 -36.533
4 28 2.6 -6.028 -37.2 2.072 -6.451 -36.533 1.6 -6.398 -36.616 1.6 -6.044 -37.174
3 28 2.6 -6.028 -37.2 1.6 -6.044 -37.174 1.6 -4.885 -39
4 28 3 -6.028 -37.2 2.6 -6.028 -37.2 1.6 -4.885 -39 8 -5.52 -38
4 28 8 -7.782 -34.436 3.558 -7.727 -34.522 3.122 -7.62 -34.692 8 -5.52 -38
3 28 3.648 -7.782 -34.436 3.558 -7.727 -34.522 8 -7.782 -34.436
3 28 3.648 -7.782 -34.436 8 -7.782 -34.436 3.896 -7.897 -34.198
3 28 3.896 -7.897 -34.198 8 -7.782 -34.436 4.085 -8.104 -33.77
3 28 4.085 -8.104 -33.77 8 -7.782 -34.436 4.095 -8.331 -33.302
4 28 4.095 -8.331 -33.302 8 -7.782 -34.436 8 -10.76 -28.284 3.211 -10.76 -28.284
4 28 2.398 -10.76 -28.284 1.779 -10.76 -28.284 2.159 -9.717 -30.438 3.307 -8.264 -33.441
4 28 3.307 -8.264 -33.441 2.159 -9.717 -30.438 2.154 -9.604 -30.672 3.304 -8.188 -33.597
4 28 3.304 -8.188 -33.597 2.154 -9.604 -30.672 2.06 -9.5 -30.887 3.241 -8.119 -33.74
4 28 3.241 -8.119 -33.74 2.06 -9.5 -30.887 1.891 -9.422 -31.048 3.128 -8.067 -33.848
4 28 3.128 -8.067 -33.848 1.891 -9.422 -31.048 1.672 -9.381 -31.133 2.983 -8.04 -33.904
4 28 2.983 -8.04 -33.904 1.672 -9.381 -31.133 -1.676 -9.095 -31.724 -.036 -7.782 -34.436
4 28 -2.711 -7.782 -34.436 -.036 -7.782 -34.436 -1.676 -9.095 -31.724 -1.91 -9.097 -31.719
4 28 -2.7 -7.741 -34.5 -2.643 -7.649 -34.645 -2.536 -7.578 -34.758 -2.393 -7.538 -34.821
4 28 -2.711 -7.782 -34.436 -2.7 -7.741 -34.5 -2.393 -7.538 -34.821 -2.237 -7.536 -34.824
3 28 -2.237 -7.536 -34.824 -.036 -7.782 -34.436 -2.711 -7.782 -34.436
3 28 -1.91 -9.097 -31.719 -2.124 -9.143 -31.624 -2.711 -7.782 -34.436
3 28 -2.711 -7.782 -34.436 -2.124 -9.143 -31.624 -2.286 -9.225 -31.455
3 28 -2.711 -7.782 -34.436 -2.286 -9.225 -31.455 -2.371 -9.331 -31.237
4 28 -2.371 -9.331 -31.237 -2.892 -10.76 -28.284 -3.796 -10.76 -28.284 -2.711 -7.782 -34.436
3 28 -1.895 -9.301 -31.297 -1.823 -9.286 -31.328 -1.745 -9.286 -31.33
3 28 -1.977 -9.364 -31.168 -1.949 -9.329 -31.24 -1.895 -9.301 -31.297
3 28 -1.977 -9.364 -31.168 -1.895 -9.301 -31.297 -1.745 -9.286 -31.33
4 28 -1.745 -9.286 -31.33 1.603 -9.572 -30.739 1.765 -9.683 -30.508 -1.977 -9.364 -31.168
4 28 -2.485 -10.76 -28.284 -1.977 -9.364 -31.168 1.765 -9.683 -30.508 1.373 -10.76 -28.284
3 28 1.763 -9.646 -30.586 1.765 -9.683 -30.508 1.732 -9.611 -30.657
4 28 1.676 -9.585 -30.711 1.732 -9.611 -30.657 1.765 -9.683 -30.508 1.603 -9.572 -30.739
4 28 -8 -10.76 -28.284 -8 -7.782 -34.436 -3.524 -7.782 -34.436 -4.608 -10.76 -28.284
4 28 -8 -10.76 -28.284 -4.608 -10.76 -28.284 -5.276 -12.115 -24.495 -8 -13.133 -21.648
4 28 -2.206 -13.133 -21.648 -8 -13.133 -21.648 -4.303 -12.612 -23.105 -2.211 -12.744 -22.736
3 28 -4.739 -12.551 -23.275 -4.303 -12.612 -23.105 -8 -13.133 -21.648
3 28 -4.739 -12.551 -23.275 -8 -13.133 -21.648 -5.078 -12.435 -23.599
3 28 -5.266 -12.282 -24.027 -5.078 -12.435 -23.599 -8 -13.133 -21.648
3 28 -5.266 -12.282 -24.027 -8 -13.133 -21.648 -5.276 -12.115 -24.495
3 28 -2.947 -11.95 -24.957 -3.003 -11.93 -25.011 -3.035 -11.905 -25.082
3 28 .624 -12.159 -24.371 .552 -12.17 -24.34 .678 -12.139 -24.428
4 28 .678 -12.139 -24.428 .552 -12.17 -24.34 .474 -12.171 -24.338 .706 -12.113 -24.5
4 28 -2.874 -11.96 -24.928 -2.947 -11.95 -24.957 -3.035 -11.905 -25.082 -3.036 -11.877 -25.16
4 28 .706 -12.113 -24.5 .474 -12.171 -24.338 -2.874 -11.96 -24.928 -3.036 -11.877 -25.16
4 28 1.373 -10.76 -28.284 .706 -12.113 -24.5 -3.036 -11.877 -25.16 -2.485 -10.76 -28.284
4 28 -3.796 -10.76 -28.284 -2.892 -10.76 -28.284 -3.43 -11.852 -25.23 -4.489 -12.165 -24.356
4 28 -4.485 -12.22 -24.2 -4.489 -12.165 -24.356 -3.43 -11.852 -25.23 -3.425 -11.936 -24.996
4 28 -3.425 -11.936 -24.996 -3.331 -12.013 -24.781 -4.422 -12.271 -24.058 -4.485 -12.22 -24.2
4 28 -3.331 -12.013 -24.781 -3.162 -12.071 -24.619 -4.31 -12.31 -23.95 -4.422 -12.271 -24.058
4 28 -3.162 -12.071 -24.619 -2.944 -12.101 -24.535 -4.164 -12.33 -23.893 -4.31 -12.31 -23.95
4 28 -4.164 -12.33 -23.893 -2.944 -12.101 -24.535 .405 -12.312 -23.944 1.055 -12.659 -22.973
4 28 1.055 -12.659 -22.973 .405 -12.312 -23.944 .639 -12.31 -23.949 1.211 -12.658 -22.976
4 28 1.211 -12.658 -22.976 .639 -12.31 -23.949 .853 -12.276 -24.044 1.354 -12.636 -23.039
4 28 1.354 -12.636 -23.039 .853 -12.276 -24.044 1.015 -12.216 -24.213 1.462 -12.595 -23.152
4 28 1.462 -12.595 -23.152 1.015 -12.216 -24.213 1.1 -12.138 -24.431 1.519 -12.543 -23.297
4 28 1.519 -12.543 -23.297 1.1 -12.138 -24.431 1.779 -10.76 -28.284 2.398 -10.76 -28.284
4 28 2.6 -12.721 -22.8 2.307 -12.593 -23.158 3.211 -10.76 -28.284 3 -12.721 -22.8
4 28 2.6 -13.133 -21.648 1.6 -13.133 -21.648 1.6 -12.9 -22.3 1.813 -12.87 -22.384
4 28 2.137 -12.749 -22.722 2.6 -12.721 -22.8 2.6 -13.133 -21.648 1.813 -12.87 -22.384
3 28 2.6 -12.721 -22.8 2.137 -12.749 -22.722 2.307 -12.593 -23.158
4 28 -.802 -12.833 -22.488 -.8 -13.133 -21.648 -1.813 -13.133 -21.648 -1.823 -12.768 -22.668
4 28 3 -12.721 -22.8 3.211 -10.76 -28.284 8 -10.76 -28.284 8 -13.133 -21.648
3 28 3 -13.133 -21.648 3 -12.721 -22.8 8 -13.133 -21.648
4 28 -2.2 -14.029 -18 -8 -14.854 -14.64 -8 -13.133 -21.648 -2.2 -13.439 -20.4
4 28 -1.8 -14.029 -18 -2.2 -14.029 -18 -2.2 -13.439 -20.4 -1.8 -13.439 -20.4
4 28 -.8 -13.133 -21.648 -.8 -14.029 -18 -1.8 -14.029 -18 -1.8 -13.439 -20.4
4 28 -.8 -14.854 -14.64 -1.8 -14.618 -15.6 -1.8 -14.029 -18 -.8 -14.029 -18
4 28 -2.2 -14.618 -15.6 -1.8 -14.618 -15.6 -.8 -14.854 -14.64 -8 -14.854 -14.64
3 28 -1.8 -13.439 -20.4 -1.813 -13.133 -21.648 -.8 -13.133 -21.648
3 28 -2.2 -13.439 -20.4 -8 -13.133 -21.648 -2.206 -13.133 -21.648
3 28 -2.2 -14.618 -15.6 -8 -14.854 -14.64 -2.2 -14.029 -18
4 28 2.6 -13.439 -20.4 1.6 -13.538 -20 1.6 -13.133 -21.648 2.6 -13.133 -21.648
4 28 2.6 -14.029 -18 1.6 -14.52 -16 1.6 -13.538 -20 2.6 -13.439 -20.4
4 28 3 -14.029 -18 2.6 -14.029 -18 2.6 -13.439 -20.4 3 -13.439 -20.4
4 28 3 -14.029 -18 3 -13.439 -20.4 8 -13.133 -21.648 8 -14.854 -14.64
4 28 8 -14.854 -14.64 1.6 -14.854 -14.64 2.6 -14.618 -15.6 3 -14.618 -15.6
4 28 2.6 -14.618 -15.6 1.6 -14.854 -14.64 1.6 -14.52 -16 2.6 -14.029 -18
3 28 8 -14.854 -14.64 3 -14.618 -15.6 3 -14.029 -18
3 28 3 -13.439 -20.4 3 -13.133 -21.648 8 -13.133 -21.648
4 28 -2.2 -15.755 -8.4 -8 -15.902 -7.384 -8 -14.854 -14.64 -2.2 -15.409 -10.8
4 28 -2.2 -15.062 -13.2 -8 -14.854 -14.64 -.8 -14.854 -14.64 -1.8 -15.062 -13.2
4 28 -.8 -15.524 -10 -1.8 -15.409 -10.8 -1.8 -15.062 -13.2 -.8 -14.946 -14
4 28 -1.8 -15.755 -8.4 -2.2 -15.755 -8.4 -2.2 -15.409 -10.8 -1.8 -15.409 -10.8
4 28 -.8 -15.524 -10 -.8 -15.902 -7.384 -1.8 -15.755 -8.4 -1.8 -15.409 -10.8
4 28 3 -15.062 -13.2 2.6 -15.062 -13.2 1.6 -14.854 -14.64 8 -14.854 -14.64
4 28 8 -14.854 -14.64 8 -15.902 -7.384 3 -15.409 -10.8 3 -15.062 -13.2
4 28 3 -15.755 -8.4 2.6 -15.755 -8.4 2.6 -15.409 -10.8 3 -15.409 -10.8
4 28 2.6 -15.409 -10.8 2.6 -15.755 -8.4 1.6 -15.813 -8 1.6 -15.235 -12
4 28 2.6 -15.062 -13.2 2.6 -15.409 -10.8 1.6 -15.235 -12 1.6 -14.854 -14.64
4 28 2.6 -15.902 -7.384 1.6 -15.902 -7.384 1.6 -15.813 -8 2.6 -15.755 -8.4
3 28 3 -15.755 -8.4 3 -15.409 -10.8 8 -15.902 -7.384
3 28 3 -15.755 -8.4 8 -15.902 -7.384 3 -15.902 -7.384
3 28 -.8 -14.946 -14 -1.8 -15.062 -13.2 -.8 -14.854 -14.64
3 28 -2.2 -15.062 -13.2 -2.2 -15.409 -10.8 -8 -14.854 -14.64
3 28 -2.2 -15.902 -7.384 -8 -15.902 -7.384 -2.2 -15.755 -8.4
3 28 -.8 -15.902 -7.384 -1.8 -15.902 -7.384 -1.8 -15.755 -8.4
4 28 -2.2 -16.08 -3.6 -8 -16.25 0 -8 -15.902 -7.384 -2.2 -15.967 -6
4 28 -1.8 -16.08 -3.6 -2.2 -16.08 -3.6 -2.2 -15.967 -6 -1.8 -15.967 -6
4 28 -.8 -16.059 -4.061 -1.8 -16.08 -3.6 -1.8 -15.967 -6 -.8 -15.967 -6
4 28 -.8 -15.967 -6 -1.8 -15.967 -6 -1.8 -15.902 -7.384 -.8 -15.902 -7.384
4 28 -.8 -16.156 -2 -1.8 -16.193 -1.2 -1.8 -16.08 -3.6 -.8 -16.059 -4.061
4 28 -.8 -16.25 0 -8 -16.25 0 -2.2 -16.193 -1.2 -1.8 -16.193 -1.2
3 28 -.8 -16.25 0 -1.8 -16.193 -1.2 -.8 -16.156 -2
3 28 -2.2 -16.08 -3.6 -2.2 -16.193 -1.2 -8 -16.25 0
3 28 -2.2 -15.967 -6 -8 -15.902 -7.384 -2.2 -15.902 -7.384
4 28 8 -15.902 -7.384 8 -16.25 0 3 -16.08 -3.6 3 -15.967 -6
4 28 3 -16.08 -3.6 2.6 -16.08 -3.6 2.6 -15.967 -6 3 -15.967 -6
4 28 2.6 -16.193 -1.2 1.6 -16.25 0 1.6 -16.061 -4 2.6 -16.08 -3.6
4 28 2.6 -15.967 -6 2.6 -16.08 -3.6 1.6 -16.061 -4 1.6 -15.902 -7.384
4 28 8 -16.25 0 1.6 -16.25 0 2.6 -16.193 -1.2 3 -16.193 -1.2
3 28 8 -16.25 0 3 -16.193 -1.2 3 -16.08 -3.6
3 28 3 -15.967 -6 3 -15.902 -7.384 8 -15.902 -7.384
3 28 2.6 -15.967 -6 1.6 -15.902 -7.384 2.6 -15.902 -7.384
4 28 -2.2 -15.967 6 -8 -15.902 7.384 -8 -16.25 0 -2.2 -16.08 3.6
4 28 -1.8 -16.193 1.2 -2.2 -16.193 1.2 -8 -16.25 0 -.8 -16.25 0
4 28 -1.8 -15.967 6 -2.2 -15.967 6 -2.2 -16.08 3.6 -1.8 -16.08 3.6
4 28 -.8 -15.967 6 -1.8 -15.967 6 -1.8 -16.08 3.6 -.8 -16.156 2
4 28 -.8 -16.156 2 -1.8 -16.08 3.6 -1.8 -16.193 1.2 -.8 -16.25 0
4 28 -.8 -15.902 7.384 -1.8 -15.902 7.384 -1.8 -15.967 6 -.8 -15.967 6
4 28 3 -15.967 6 2.6 -15.967 6 2.6 -16.08 3.6 3 -16.08 3.6
4 28 8 -16.25 0 8 -15.902 7.384 3 -15.967 6 3 -16.08 3.6
4 28 2.6 -15.967 6 1.6 -15.902 7.384 1.6 -16.061 4 2.6 -16.08 3.6
4 28 2.6 -16.193 1.2 2.6 -16.08 3.6 1.6 -16.061 4 1.6 -16.25 0
4 28 3 -16.193 1.2 2.6 -16.193 1.2 1.6 -16.25 0 8 -16.25 0
3 28 -2.2 -15.902 7.384 -8 -15.902 7.384 -2.2 -15.967 6
3 28 -2.2 -16.193 1.2 -2.2 -16.08 3.6 -8 -16.25 0
3 28 3 -16.08 3.6 3 -16.193 1.2 8 -16.25 0
3 28 8 -15.902 7.384 3 -15.902 7.384 3 -15.967 6
3 28 2.6 -15.902 7.384 1.6 -15.902 7.384 2.6 -15.967 6
4 28 -2.2 -15.409 10.8 -8 -14.854 14.64 -8 -15.902 7.384 -2.2 -15.755 8.4
4 28 -1.8 -15.409 10.8 -2.2 -15.409 10.8 -2.2 -15.755 8.4 -1.8 -15.755 8.4
4 28 -.8 -15.902 7.384 -.8 -15.524 10 -1.8 -15.409 10.8 -1.8 -15.755 8.4
4 28 -.8 -14.946 14 -1.8 -15.062 13.2 -1.8 -15.409 10.8 -.8 -15.524 10
4 28 -.8 -14.854 14.64 -8 -14.854 14.64 -2.2 -15.062 13.2 -1.8 -15.062 13.2
4 28 8 -15.902 7.384 8 -14.854 14.64 3 -15.409 10.8 3 -15.755 8.4
4 28 3 -15.409 10.8 2.6 -15.409 10.8 2.6 -15.755 8.4 3 -15.755 8.4
4 28 2.6 -15.755 8.4 2.6 -15.409 10.8 1.6 -15.235 12 1.6 -15.813 8
4 28 8 -14.854 14.64 1.6 -14.854 14.64 2.6 -15.062 13.2 3 -15.062 13.2
4 28 2.6 -15.062 13.2 1.6 -14.854 14.64 1.6 -15.235 12 2.6 -15.409 10.8
4 28 2.6 -15.755 8.4 1.6 -15.813 8 1.6 -15.902 7.384 2.6 -15.902 7.384
3 28 3 -15.755 8.4 3 -15.902 7.384 8 -15.902 7.384
3 28 8 -14.854 14.64 3 -15.062 13.2 3 -15.409 10.8
3 28 -2.2 -15.062 13.2 -8 -14.854 14.64 -2.2 -15.409 10.8
3 28 -.8 -14.946 14 -.8 -14.854 14.64 -1.8 -15.062 13.2
3 28 -1.8 -15.755 8.4 -1.8 -15.902 7.384 -.8 -15.902 7.384
3 28 -2.2 -15.755 8.4 -8 -15.902 7.384 -2.2 -15.902 7.384
4 28 -2.2 -13.439 20.4 -8 -13.133 21.648 -8 -14.854 14.64 -2.2 -14.029 18
4 28 -1.8 -13.439 20.4 -2.2 -13.439 20.4 -2.2 -14.029 18 -1.8 -14.029 18
4 28 -.8 -14.029 18 -.8 -13.133 21.648 -1.8 -13.439 20.4 -1.8 -14.029 18
4 28 -.8 -14.029 18 -1.8 -14.029 18 -1.8 -14.618 15.6 -.8 -14.854 14.64
4 28 -1.8 -14.618 15.6 -2.2 -14.618 15.6 -8 -14.854 14.64 -.8 -14.854 14.64
4 28 3 -13.439 20.4 2.6 -13.439 20.4 2.6 -14.029 18 3 -14.029 18
4 28 8 -14.854 14.64 8 -13.133 21.648 3 -13.439 20.4 3 -14.029 18
4 28 2.6 -14.029 18 2.6 -13.439 20.4 1.6 -13.538 20 1.6 -14.52 16
4 28 3 -14.618 15.6 2.6 -14.618 15.6 1.6 -14.854 14.64 8 -14.854 14.64
4 28 2.6 -14.618 15.6 2.6 -14.029 18 1.6 -14.52 16 1.6 -14.854 14.64
4 28 2.6 -13.439 20.4 2.6 -13.133 21.648 1.6 -13.133 21.648 1.6 -13.538 20
3 28 3 -14.029 18 3 -14.618 15.6 8 -14.854 14.64
3 28 8 -13.133 21.648 3 -13.133 21.648 3 -13.439 20.4
3 28 -.8 -13.133 21.648 -1.8 -13.133 21.648 -1.8 -13.439 20.4
3 28 -2.2 -13.133 21.648 -8 -13.133 21.648 -2.2 -13.439 20.4
3 28 -2.2 -14.618 15.6 -2.2 -14.029 18 -8 -14.854 14.64
4 28 -2.2 -11.863 25.2 -8 -10.76 28.284 -8 -13.133 21.648 -2.2 -12.721 22.8
4 28 -1.8 -11.863 25.2 -2.2 -11.863 25.2 -2.2 -12.721 22.8 -1.8 -12.721 22.8
4 28 -.8 -11.577 26 -1.8 -11.863 25.2 -1.8 -12.721 22.8 -.8 -13.133 21.648
4 28 -.8 -10.76 28.284 -8 -10.76 28.284 -2.2 -11.005 27.6 -1.8 -11.005 27.6
4 28 -.8 -11.577 26 -.8 -10.76 28.284 -1.8 -11.005 27.6 -1.8 -11.863 25.2
3 28 -.8 -13.133 21.648 -1.8 -12.721 22.8 -1.8 -13.133 21.648
4 28 3 -11.863 25.2 2.6 -11.863 25.2 2.6 -12.721 22.8 3 -12.721 22.8
4 28 8 -13.133 21.648 8 -10.76 28.284 3 -11.863 25.2 3 -12.721 22.8
4 28 2.6 -12.721 22.8 1.6 -12.292 24 1.6 -13.133 21.648 2.6 -13.133 21.648
4 28 2.6 -11.863 25.2 2.6 -11.005 27.6 1.6 -10.76 28.284 1.6 -12.292 24
4 28 8 -10.76 28.284 1.6 -10.76 28.284 2.6 -11.005 27.6 3 -11.005 27.6
3 28 8 -10.76 28.284 3 -11.005 27.6 3 -11.863 25.2
3 28 3 -12.721 22.8 3 -13.133 21.648 8 -13.133 21.648
3 28 -2.2 -11.005 27.6 -8 -10.76 28.284 -2.2 -11.863 25.2
3 28 -2.2 -12.721 22.8 -8 -13.133 21.648 -2.2 -13.133 21.648
3 28 2.6 -11.863 25.2 1.6 -12.292 24 2.6 -12.721 22.8
4 28 -2.2 -8.768 32.4 -8 -7.782 34.436 -8 -10.76 28.284 -2.2 -9.929 30
4 28 -1.8 -9.929 30 -2.2 -9.929 30 -8 -10.76 28.284 -.8 -10.76 28.284
4 28 -.8 -7.782 34.436 -8 -7.782 34.436 -2.2 -8.768 32.4 -1.8 -8.768 32.4
4 28 -.8 -7.782 34.436 -1.8 -8.768 32.4 -1.8 -9.929 30 -.8 -9.929 30
4 28 8 -10.76 28.284 8 -7.782 34.436 3 -8.768 32.4 3 -9.929 30
4 28 3 -9.929 30 2.6 -9.929 30 1.6 -10.76 28.284 8 -10.76 28.284
4 28 2.6 -9.929 30 2.6 -8.768 32.4 1.6 -8.961 32 1.6 -10.76 28.284
4 28 8 -7.782 34.436 1.6 -7.782 34.436 2.6 -8.768 32.4 3 -8.768 32.4
3 28 2.6 -8.768 32.4 1.6 -7.782 34.436 1.6 -8.961 32
3 28 -.8 -9.929 30 -1.8 -9.929 30 -.8 -10.76 28.284
4 28 -2.2 -6.028 37.2 -8 -5.52 38 -8 -7.782 34.436 -2.2 -7.551 34.8
4 28 -1.8 -7.551 34.8 -2.2 -7.551 34.8 -8 -7.782 34.436 -.8 -7.782 34.436
4 28 -.8 -4.885 39 -8 -5.52 38 -2.2 -6.028 37.2 -1.8 -6.028 37.2
4 28 -.8 -4.885 39 -1.8 -6.028 37.2 -1.8 -7.551 34.8 -.8 -7.782 34.436
4 28 2.6 -6.028 37.2 1.6 -4.885 39 1.6 -6.789 36 2.6 -7.551 34.8
4 28 3 -7.551 34.8 2.6 -7.551 34.8 1.6 -7.782 34.436 8 -7.782 34.436
4 28 8 -5.52 38 3 -6.028 37.2 3 -7.551 34.8 8 -7.782 34.436
4 28 8 -5.52 38 1.6 -4.885 39 2.6 -6.028 37.2 3 -6.028 37.2
3 28 2.6 -7.551 34.8 1.6 -6.789 36 1.6 -7.782 34.436
4 28 3.122 -7.62 -34.692 2.985 -7.604 -34.716 3 -6.028 -37.2 8 -5.52 -38

5 24 8 -14.854 14.64 -8 -14.854 14.64 8 -13.133 21.648 -8 -15.902 7.384
5 24 8 -13.133 21.648 -8 -13.133 21.648 8 -10.76 28.284 -8 -14.854 14.64
5 24 -8 -15.902 7.384 8 -15.902 7.384 8 -14.854 14.64 -8 -16.25 0
5 24 8 -7.782 34.436 -8 -7.782 34.436 8 -5.52 38 -8 -10.76 28.284
5 24 8 -16.25 0 -8 -16.25 0 8 -15.902 7.384 -8 -15.902 -7.384
5 24 8 -7.782 -34.436 -8 -7.782 -34.436 -8 -5.52 -38 8 -10.76 -28.284
5 24 8 -10.76 -28.284 -8 -10.76 -28.284 8 -13.133 -21.648 -8 -7.782 -34.436
5 24 8 -10.76 28.284 -8 -10.76 28.284 8 -7.782 34.436 -8 -13.133 21.648
5 24 8 -14.854 -14.64 -8 -14.854 -14.64 8 -15.902 -7.384 -8 -13.133 -21.648
5 24 8 -15.902 -7.384 -8 -15.902 -7.384 8 -16.25 0 -8 -14.854 -14.64
5 24 -8 -13.133 -21.648 8 -13.133 -21.648 8 -14.854 -14.64 -8 -10.76 -28.284
