0 Sticker  0.9 x  0.9 Halfround with Silver Bugatti "EB" Logo
0 Name: 6228775p.dat
0 Author: Gabriel Läufer [Dr.Bricktacular]
0 !LDRAW_ORG Unofficial_Part
0 !LICENSE Licensed under CC BY 4.0 : see CAreadme.txt

0 BFC CERTIFY CCW

0 !KEYWORDS Bricklink 42083stk01, Brickowl 885585, Bugatti Chiron, Lego Technic
0 !KEYWORDS Rebrickable 38973, set 42083

0 // Sticker-Bottom
1 16 7.5 0 -7.5 1 0 0 0 -1 0 0 0 -1 1-4chrd.dat
1 16 -7.5 0 -7.5 -1 0 0 0 -1 0 0 0 -1 1-4chrd.dat
1 16 0 0 0 8.5 0 0 0 -1 0 0 0 8.5 2-4chrd.dat
4 16 8.5 0 -7.5 7.5 0 -8.5 -7.5 0 -8.5 -8.5 0 -7.5
4 16 8.5 0 0 8.5 0 -7.5 -8.5 0 -7.5 -8.5 0 0

0 // Sticker-Side
1 16 7.5 -.25 -7.5 1 0 0 0 .25 0 0 0 -1 1-4cyli.dat
1 16 -7.5 -.25 -7.5 -1 0 0 0 .25 0 0 0 -1 1-4cyli.dat
1 16 0 0 0 8.5 0 0 0 -.25 0 0 0 8.5 2-4cyli.dat
4 16 8.5 0 0 8.5 -.25 0 8.5 -.25 -7.5 8.5 0 -7.5
4 16 -8.5 0 0 -8.5 0 -7.5 -8.5 -.25 -7.5 -8.5 -.25 0
4 16 -7.5 0 -8.5 7.5 0 -8.5 7.5 -.25 -8.5 -7.5 -.25 -8.5

0 // Sticker-Front
1 28 -7.5 -0.25 -7.5 -1 0 0 0 1 0 0 0 -1 1-4chrd.dat
1 28 7.5 -0.25 -7.5 1 0 0 0 1 0 0 0 -1 1-4chrd.dat
1 28 0 -0.25 -1.8 0.44 0 0 0 1 0 0 0 0.44 logo-bugatti-eb-box.dat
1 80 0 -0.25 -1.8 0.44 0 0 0 1 0 0 0 0.44 logo-bugatti-eb.dat
1 80 0 -.25 0 .225 0 0 0 1 0 0 0 .225 2-4ring31.dat
1 28 0 -0.25 0 0.45 0 0 0 1 0 0 0 0.45 2-4rin16.dat
1 28 0 -0.25 0 0.85 0 0 0 1 0 0 0 0.85 2-4ring9.dat
1 80 0 -0.25 0 0.775 0 0 0 1 0 0 0 0.775 2-4ring8.dat
1 28 0 -0.25 0 6.2 0 0 0 1 0 0 0 6.2 1-8chrd.dat
1 28 0 -0.25 0 -6.2 0 0 0 1 0 0 0 6.2 1-8chrd.dat
1 28 0 -0.25 0 0 0 6.2 0 1 0 6.2 0 0 1-8chrd.dat
1 28 0 -0.25 0 0 0 -6.2 0 1 0 6.2 0 0 1-8chrd.dat
4 28 -8.5 -0.25 0 -8.5 -0.25 -7.5 -7.5 -0.25 -8.5 -7.65 -0.25 0
4 28 -7.2 -0.25 0 -7.65 -0.25 0 -7.5 -0.25 -8.5 -7.2 -0.25 -7.2
4 28 -7.2 -0.25 -7.2 -7.5 -0.25 -8.5 7.5 -0.25 -8.5 7.2 -0.25 -7.2
4 28 8.5 -0.25 -7.5 8.5 -0.25 0 7.65 -0.25 0 7.2 -0.25 -7.2
3 28 7.65 -0.25 0 7.2 -0.25 0 7.2 -0.25 -7.2
3 80 -6.975 -0.25 0 -7.2 -0.25 0 -7.2 -0.25 -7.2
3 28 7.2 -0.25 -7.2 7.5 -0.25 -8.5 8.5 -0.25 -7.5
3 80 7.2 -0.25 0 6.975 -0.25 0 7.2 -0.25 -7.2
4 80 7.2 -.25 -7.2 6.975 -.25 0 6.2 -.25 0 6.2 -.25 -6.3
4 80 -7.2 -.25 -7.2 7.2 -.25 -7.2 6.2 -.25 -6.3 -6.2 -.25 -6.3
4 80 -7.2 -.25 -7.2 -6.2 -.25 -6.3 -6.2 -.25 0 -6.975 -.25 0
3 28 0 -.25 6.2 -4.384 -.25 4.384 4.384 -.25 4.384
4 28 5.236 -.25 -3.34 5.236 -.25 -5.54 6.2 -.25 -6.3 6.2 -.25 0
3 28 5.236 -.25 -1.14 5.236 -.25 -3.34 6.2 -.25 0
3 28 5.236 -.25 -1.14 6.2 -.25 0 5.236 -.25 1.94
3 28 5.236 -.25 1.94 6.2 -.25 0 4.384 -.25 4.384
3 28 4.972 -.25 1.94 5.236 -.25 1.94 4.384 -.25 4.384
4 28 -6.2 -.25 -6.3 -5.236 -.25 -5.54 -5.236 -.25 -3.648 -6.2 -.25 0
3 28 -6.2 -.25 0 -5.236 -.25 -3.648 -5.236 -.25 .048
3 28 -6.2 -.25 0 -5.236 -.25 .048 -5.236 -.25 1.94
3 28 -6.2 -.25 0 -5.236 -.25 1.94 -4.38402 -.25 4.38402
4 28 4.384 -.25 4.384 -4.38402 -.25 4.38402 -5.236 -.25 1.94 2.816 -.25 1.94
3 28 4.384 -.25 4.384 2.816 -.25 1.94 4.972 -.25 1.94
4 28 3.036 -.25 -5.54 -5.236 -.25 -5.54 -6.2 -.25 -6.3 6.2 -.25 -6.3
3 28 3.036 -.25 -5.54 6.2 -.25 -6.3 5.236 -.25 -5.54
