0 Sticker  0.8 x  3.9 with White "Bugatti" on Dark Azure Background
0 Name: 6228775q.dat
0 Author: Gabriel Läufer [Dr.Bricktacular]
0 !LDRAW_ORG Unofficial_Part
0 !LICENSE Licensed under CC BY 4.0 : see CAreadme.txt

0 BFC CERTIFY CCW

0 !KEYWORDS Bricklink 42083stk01, Brickowl 885585, Bugatti Chiron, Lego Technic
0 !KEYWORDS Rebrickable 38973, set 42083

0 // Sticker-Bottom

1 16 38.0 0 -7.0 1 0 0 0 -1 0 0 0 -1 1-4chrd.dat
1 16 38.0 0 7.0 1 0 0 0 -1 0 0 0 1 1-4chrd.dat
1 16 -38.0 0 -7.0 -1 0 0 0 -1 0 0 0 -1 1-4chrd.dat
1 16 -38.0 0 7.0 -1 0 0 0 -1 0 0 0 1 1-4chrd.dat
4 16 39.0 0 7.0 39.0 0 -7.0 38.0 0 -8.0 38.0 0 8.0
4 16 -39.0 0 7.0 -38.0 0 8.0 -38.0 0 -8.0 -39.0 0 -7.0
4 16 38.0 0 8.0 38.0 0 -8.0 -38.0 0 -8.0 -38.0 0 8.0
0 // Sticker-Side

1 16 38.0 -0.25 -7.0 1 0 0 0 0.25 0 0 0 -1 1-4cyli.dat
1 16 38.0 -0.25 7.0 1 0 0 0 0.25 0 0 0 1 1-4cyli.dat
1 16 -38.0 -0.25 -7.0 -1 0 0 0 0.25 0 0 0 -1 1-4cyli.dat
1 16 -38.0 -0.25 7.0 -1 0 0 0 0.25 0 0 0 1 1-4cyli.dat
4 16 39.0 0 7.0 39.0 -0.25 7.0 39.0 -0.25 -7.0 39.0 0 -7.0
4 16 -39.0 0 7.0 -39.0 0 -7.0 -39.0 -0.25 -7.0 -39.0 -0.25 7.0
4 16 -38.0 0 8.0 -38.0 -0.25 8.0 38.0 -0.25 8.0 38.0 0 8.0
4 16 -38.0 0 -8.0 38.0 0 -8.0 38.0 -0.25 -8.0 -38.0 -0.25 -8.0

0 // Sticker-Front
1 321 38 -.25 7 1 0 0 0 1 0 0 0 1 1-4chrd.dat
1 321 38 -.25 -7 1 0 0 0 1 0 0 0 -1 1-4chrd.dat
1 321 -38 -.25 -7 -1 0 0 0 1 0 0 0 -1 1-4chrd.dat
1 321 -38 -.25 7 -1 0 0 0 1 0 0 0 1 1-4chrd.dat
4 15 -4.809 -.25 2.902 -4.933 -.25 2.638 -4.034 -.25 2.282 -3.956 -.25 2.452
4 15 -2.453 -.25 3.553 -2.902 -.25 2.793 -2.685 -.25 2.685 -2.236 -.25 3.444
4 15 -1.988 -.25 3.32 -2.236 -.25 3.444 -2.685 -.25 2.685 -2.499 -.25 2.483
4 15 -1.647 -.25 2.933 -1.74 -.25 3.057 -2.499 -.25 2.483 -1.523 -.25 2.7
4 15 -2.391 -.25 2.251 -1.43 -.25 2.406 -1.523 -.25 2.7 -2.499 -.25 2.483
4 15 -2.375 -.25 2.158 -1.383 -.25 2.096 -1.43 -.25 2.406 -2.391 -.25 2.251
4 15 -1.383 -.25 2.096 -2.375 -.25 2.158 -2.344 -.25 1.832 -1.383 -.25 1.832
4 15 -2.375 -.25 .143 -2.375 -.25 -.834 -1.383 -.25 -.927 -1.383 -.25 1.057
4 15 -2.794 -.25 -1.547 -2.468 -.25 -2.353 -2.205 -.25 -2.229 -2.608 -.25 -1.423
3 15 -1.988 -.25 3.32 -2.499 -.25 2.483 -1.74 -.25 3.057
4 15 -2.902 -.25 2.793 -2.453 -.25 3.553 -2.685 -.25 3.63 -3.042 -.25 2.824
4 15 -3.646 -.25 2.747 -4.111 -.25 3.475 -4.375 -.25 3.351 -3.832 -.25 2.607
4 15 -4.654 -.25 3.072 -4.809 -.25 2.902 -3.956 -.25 2.452 -3.832 -.25 2.607
4 15 -4.034 -.25 2.282 -4.933 -.25 2.638 -5.01 -.25 2.39 -4.065 -.25 2.142
4 15 -4.065 -.25 2.142 -5.01 -.25 2.39 -5.057 -.25 2.096 -5.057 -.25 -.896
4 15 -2.375 -.25 .143 -1.383 -.25 1.057 -3.212 -.25 1.057 -3.212 -.25 .143
4 15 -3.925 -.25 -1.299 -4.003 -.25 -1.159 -4.793 -.25 -1.733 -4.607 -.25 -1.965
4 15 -3.786 -.25 -1.454 -4.406 -.25 -2.105 -4.189 -.25 -2.244 -3.646 -.25 -1.547
4 15 -3.817 -.25 -2.384 -3.646 -.25 -2.43 -3.491 -.25 -1.609 -3.646 -.25 -1.547
4 15 -3.228 -.25 -1.655 -3.352 -.25 -2.461 -3.011 -.25 -2.477 -2.902 -.25 -2.461
4 15 -2.995 -.25 -1.624 -2.902 -.25 -2.461 -2.701 -.25 -2.43 -2.468 -.25 -2.353
4 15 -2.608 -.25 -1.423 -2.205 -.25 -2.229 -2.034 -.25 -2.12 -1.91 -.25 -1.996
4 15 -2.484 -.25 -1.252 -1.755 -.25 -1.81 -1.616 -.25 -1.624 -2.391 -.25 -1.051
4 15 -2.391 -.25 -1.051 -1.616 -.25 -1.624 -1.507 -.25 -1.407 -1.43 -.25 -1.206
4 15 -2.375 -.25 -.834 -2.391 -.25 -1.051 -1.43 -.25 -1.206 -1.383 -.25 -.927
4 15 -1.755 -.25 -1.81 -2.484 -.25 -1.252 -2.608 -.25 -1.423 -1.91 -.25 -1.996
3 15 -2.794 -.25 -1.547 -2.995 -.25 -1.624 -2.468 -.25 -2.353
3 15 -2.995 -.25 -1.624 -3.228 -.25 -1.655 -2.902 -.25 -2.461
4 15 -3.987 -.25 -2.322 -3.817 -.25 -2.384 -3.646 -.25 -1.547 -4.189 -.25 -2.244
4 15 -4.406 -.25 -2.105 -3.786 -.25 -1.454 -3.925 -.25 -1.299 -4.607 -.25 -1.965
4 15 -7.49 -.25 -2.43 -7.165 -.25 -2.353 -7.63 -.25 -1.593 -7.738 -.25 -1.624
4 15 -4.917 -.25 -1.485 -4.793 -.25 -1.733 -4.003 -.25 -1.159 -4.065 -.25 -.958
4 15 -5.01 -.25 -1.19 -4.917 -.25 -1.485 -4.065 -.25 -.958 -5.057 -.25 -.896
4 15 -11.427 -.25 3.289 -11.66 -.25 3.444 -12.094 -.25 2.576 -11.179 -.25 3.041
3 15 -4.065 -.25 2.142 -5.057 -.25 -.896 -4.065 -.25 -.958
4 15 -10.916 -.25 2.561 -11.04 -.25 2.824 -11.846 -.25 2.235 -10.854 -.25 2.328
3 15 -4.375 -.25 3.351 -4.654 -.25 3.072 -3.832 -.25 2.607
4 15 -3.879 -.25 3.584 -4.111 -.25 3.475 -3.646 -.25 2.747 -3.553 -.25 3.646
4 15 -6.111 -.25 -.849 -6.111 -.25 3.661 -7.087 -.25 3.661 -7.103 -.25 -.942
4 15 -6.157 -.25 -1.175 -6.111 -.25 -.849 -7.103 -.25 -.942 -6.204 -.25 -1.33
4 15 -12.295 -.25 2.669 -11.861 -.25 3.537 -12.047 -.25 3.599 -12.187 -.25 3.63
4 15 -11.923 -.25 2.39 -11.04 -.25 2.824 -11.179 -.25 3.041 -12.094 -.25 2.576
4 15 -7.149 -.25 -1.113 -6.359 -.25 -1.702 -6.25 -.25 -1.469 -6.204 -.25 -1.33
4 15 -12.094 -.25 2.576 -11.66 -.25 3.444 -11.861 -.25 3.537 -12.295 -.25 2.669
4 15 -12.466 -.25 2.716 -12.295 -.25 2.669 -12.187 -.25 3.63 -12.404 -.25 3.661
4 15 -10.885 -.25 1.398 -10.838 -.25 1.6 -11.799 -.25 1.77 -11.846 -.25 1.6
4 15 -11.148 -.25 .902 -10.993 -.25 1.135 -11.923 -.25 1.445 -11.319 -.25 .716
4 15 -8.808 -.25 -.911 -8.808 -.25 3.661 -9.784 -.25 -.973 -9.753 -.25 -1.128
4 15 -10.993 -.25 1.135 -10.885 -.25 1.398 -11.846 -.25 1.6 -11.923 -.25 1.445
4 15 -10.885 -.25 -1.64 -10.776 -.25 -1.438 -11.753 -.25 -1.19 -11.009 -.25 -1.826
4 15 -11.784 -.25 -.121 -10.885 -.25 .251 -11.04 -.25 .468 -11.226 -.25 .639
4 15 -11.613 -.25 -.524 -10.637 -.25 -.477 -10.668 -.25 -.26 -10.761 -.25 .019
4 15 -11.691 -.25 -.26 -10.761 -.25 .019 -10.885 -.25 .251 -11.784 -.25 -.121
4 15 -11.66 -.25 -.989 -10.776 -.25 -1.438 -10.683 -.25 -1.159 -11.613 -.25 -.818
4 15 -11.257 -.25 -2.074 -11.009 -.25 -1.826 -11.753 -.25 -1.19 -11.939 -.25 -1.376
4 15 -12.14 -.25 -1.469 -12.016 -.25 -2.43 -11.706 -.25 -2.337 -11.939 -.25 -1.376
4 15 -11.939 -.25 -1.376 -11.706 -.25 -2.337 -11.458 -.25 -2.213 -11.257 -.25 -2.074
4 15 -12.233 -.25 -2.477 -12.016 -.25 -2.43 -12.311 -.25 -1.516 -13.411 -.25 -1.516
3 15 -13.411 -.25 -1.516 -14.403 -.25 -2.477 -12.233 -.25 -2.477
4 15 -13.411 -.25 2.716 -12.466 -.25 2.716 -12.404 -.25 3.661 -14.403 -.25 3.661
4 15 -8.699 -.25 -1.237 -9.474 -.25 -1.733 -9.428 -.25 -1.81 -8.575 -.25 -1.407
4 15 -8.575 -.25 -1.407 -9.428 -.25 -1.81 -9.257 -.25 -2.027 -9.118 -.25 -2.151
4 15 -6.545 -.25 -1.965 -7.227 -.25 -1.283 -7.444 -.25 -1.5 -6.886 -.25 -2.244
4 15 -8.389 -.25 -1.547 -8.575 -.25 -1.407 -9.118 -.25 -2.151 -8.916 -.25 -2.291
4 15 -7.165 -.25 -2.353 -6.886 -.25 -2.244 -7.444 -.25 -1.5 -7.63 -.25 -1.593
3 15 -7.103 -.25 -.942 -7.149 -.25 -1.113 -6.204 -.25 -1.33
4 15 -6.359 -.25 -1.702 -7.149 -.25 -1.113 -7.227 -.25 -1.283 -6.545 -.25 -1.965
4 15 -9.583 -.25 -1.547 -9.474 -.25 -1.733 -8.699 -.25 -1.237 -8.761 -.25 -1.097
4 15 -9.707 -.25 -1.33 -9.583 -.25 -1.547 -8.761 -.25 -1.097 -8.808 -.25 -.911
3 15 -8.808 -.25 -.911 -9.753 -.25 -1.128 -9.707 -.25 -1.33
4 15 5.003 -.25 2.716 5.995 -.25 2.716 7.328 -.25 3.661 3.67 -.25 3.661
4 15 11.528 -.25 3.661 7.855 -.25 3.661 7.855 -.25 2.716 9.203 -.25 2.716
3 15 11.528 -.25 3.661 9.203 -.25 2.716 10.195 -.25 2.716
3 15 11.528 -.25 3.661 10.195 -.25 2.716 11.528 -.25 2.716
3 15 7.328 -.25 3.661 5.995 -.25 2.716 7.328 -.25 2.716
4 15 12.427 -.25 -2.461 13.404 -.25 -2.461 13.404 -.25 3.661 12.412 -.25 3.661
4 15 9.203 -.25 2.716 9.203 -.25 -2.461 10.18 -.25 -2.461 10.195 -.25 2.716
4 15 -10.807 -.25 2.096 -10.854 -.25 2.328 -11.799 -.25 2.065 -10.807 -.25 1.817
4 15 -11.799 -.25 1.77 -10.838 -.25 1.6 -10.807 -.25 1.817 -11.799 -.25 2.065
3 15 -11.04 -.25 2.824 -11.923 -.25 2.39 -11.846 -.25 2.235
3 15 -10.854 -.25 2.328 -11.846 -.25 2.235 -11.799 -.25 2.065
4 15 -11.319 -.25 .716 -11.923 -.25 1.445 -12.109 -.25 1.259 -12.063 -.25 .096
4 15 -11.892 -.25 -.012 -11.226 -.25 .639 -11.319 -.25 .716 -12.063 -.25 .096
4 15 -12.109 -.25 1.259 -12.342 -.25 1.15 -12.233 -.25 .158 -12.063 -.25 .096
4 15 -12.233 -.25 .158 -12.574 -.25 1.119 -13.411 -.25 1.135 -13.411 -.25 .174
3 15 -14.403 -.25 3.661 -13.411 -.25 1.135 -13.411 -.25 2.716
4 15 -13.411 -.25 .174 -13.411 -.25 1.135 -14.403 -.25 3.661 -14.403 -.25 -2.477
4 15 2.011 -.25 -.291 .802 -.25 -.291 .585 -.25 -1.237 2.228 -.25 -1.237
3 15 -12.342 -.25 1.15 -12.574 -.25 1.119 -12.233 -.25 .158
3 15 -11.226 -.25 .639 -11.892 -.25 -.012 -11.784 -.25 -.121
4 15 -10.637 -.25 -.911 -10.637 -.25 -.477 -11.613 -.25 -.818 -10.683 -.25 -1.159
3 15 -10.761 -.25 .019 -11.691 -.25 -.26 -11.613 -.25 -.524
3 15 -10.637 -.25 -.477 -11.613 -.25 -.524 -11.613 -.25 -.818
3 15 -11.66 -.25 -.989 -11.753 -.25 -1.19 -10.776 -.25 -1.438
3 15 -12.14 -.25 -1.469 -12.311 -.25 -1.516 -12.016 -.25 -2.43
3 15 -13.411 -.25 .174 -14.403 -.25 -2.477 -13.411 -.25 -1.516
3 15 3.67 -.25 3.661 3.67 -.25 2.716 5.003 -.25 2.716
4 15 5.995 -.25 2.716 5.003 -.25 2.716 5.018 -.25 -2.461 5.995 -.25 -2.461
3 15 -8.808 -.25 3.661 -9.784 -.25 3.661 -9.784 -.25 -.973
4 15 -8.389 -.25 -1.547 -8.916 -.25 -2.291 -8.684 -.25 -2.384 -8.529 -.25 -2.43
4 15 -.67 -.25 -2.461 .291 -.25 -2.461 .585 -.25 -1.237 .725 -.25 3.661
4 15 2.228 -.25 -1.237 2.507 -.25 -2.461 3.484 -.25 -2.461 2.089 -.25 3.661
3 15 2.089 -.25 3.661 .725 -.25 3.661 1.422 -.25 2.359
4 15 2.011 -.25 -.291 2.228 -.25 -1.237 2.089 -.25 3.661 1.422 -.25 2.359
3 15 .725 -.25 3.661 .585 -.25 -1.237 .802 -.25 -.291
3 15 .725 -.25 3.661 .802 -.25 -.291 1.422 -.25 2.359
4 15 -3.553 -.25 3.646 -3.646 -.25 2.747 -3.414 -.25 2.824 -3.274 -.25 3.677
4 15 -3.274 -.25 3.677 -3.414 -.25 2.824 -3.042 -.25 2.824 -2.964 -.25 3.677
3 15 -2.964 -.25 3.677 -3.042 -.25 2.824 -2.685 -.25 3.63
4 15 -8.219 -.25 -1.609 -8.389 -.25 -1.547 -8.529 -.25 -2.43 -8.296 -.25 -2.461
4 15 -7.955 -.25 -1.655 -8.219 -.25 -1.609 -8.296 -.25 -2.461 -7.955 -.25 -2.477
4 15 -7.738 -.25 -1.624 -7.955 -.25 -1.655 -7.955 -.25 -2.477 -7.723 -.25 -2.461
3 15 -7.738 -.25 -1.624 -7.723 -.25 -2.461 -7.49 -.25 -2.43
4 15 -3.228 -.25 -1.655 -3.491 -.25 -1.609 -3.646 -.25 -2.43 -3.352 -.25 -2.461
3 321 .725 -.25 3.661 -2.685 -.25 3.63 -2.453 -.25 3.553
3 321 .725 -.25 3.661 -2.453 -.25 3.553 -2.236 -.25 3.444
3 321 .725 -.25 3.661 -2.236 -.25 3.444 -1.988 -.25 3.32
3 321 .725 -.25 3.661 -1.988 -.25 3.32 -1.74 -.25 3.057
3 321 .725 -.25 3.661 -1.74 -.25 3.057 -1.647 -.25 2.933
4 321 -2.499 -.25 2.483 -2.902 -.25 2.793 -3.042 -.25 2.824 -2.375 -.25 2.158
4 321 -2.375 -.25 2.158 -4.065 -.25 2.142 -3.212 -.25 1.057 -2.344 -.25 1.832
3 321 -2.499 -.25 2.483 -2.375 -.25 2.158 -2.391 -.25 2.251
3 321 -2.902 -.25 2.793 -2.499 -.25 2.483 -2.685 -.25 2.685
4 321 -4.065 -.25 2.142 -2.375 -.25 2.158 -3.042 -.25 2.824 -3.414 -.25 2.824
4 321 -3.956 -.25 2.452 -3.414 -.25 2.824 -3.646 -.25 2.747 -3.832 -.25 2.607
4 321 -4.065 -.25 2.142 -3.414 -.25 2.824 -3.956 -.25 2.452 -4.034 -.25 2.282
3 321 -14.605 -.25 4.002 -9.784 -.25 3.661 -8.808 -.25 3.661
4 321 -4.065 -.25 2.142 -4.065 -.25 -.958 -3.212 -.25 .143 -3.212 -.25 1.057
4 321 -3.646 -.25 -1.547 -4.065 -.25 -.958 -4.003 -.25 -1.159 -3.925 -.25 -1.299
3 321 -3.925 -.25 -1.299 -3.786 -.25 -1.454 -3.646 -.25 -1.547
4 321 -3.228 -.25 -1.655 -4.065 -.25 -.958 -3.646 -.25 -1.547 -3.491 -.25 -1.609
4 321 -4.065 -.25 -.958 -3.228 -.25 -1.655 -2.995 -.25 -1.624 -2.484 -.25 -1.252
4 321 -2.484 -.25 -1.252 -2.995 -.25 -1.624 -2.794 -.25 -1.547 -2.608 -.25 -1.423
4 321 -3.212 -.25 .143 -4.065 -.25 -.958 -2.484 -.25 -1.252 -2.375 -.25 -.834
3 321 -2.375 -.25 -.834 -2.484 -.25 -1.252 -2.391 -.25 -1.051
4 321 -3.212 -.25 1.057 -1.383 -.25 1.057 -1.383 -.25 1.832 -2.344 -.25 1.832
3 321 -2.375 -.25 .143 -3.212 -.25 .143 -2.375 -.25 -.834
3 321 -1.91 -.25 -1.996 -2.034 -.25 -2.12 -.67 -.25 -2.461
4 321 -11.846 -.25 1.6 -11.799 -.25 1.77 -12.342 -.25 1.15 -12.109 -.25 1.259
4 321 -8.219 -.25 -1.609 -7.955 -.25 -1.655 -7.738 -.25 -1.624 -7.103 -.25 -.942
4 321 -8.575 -.25 -1.407 -8.389 -.25 -1.547 -8.219 -.25 -1.609 -8.699 -.25 -1.237
4 321 -5.057 -.25 -.896 -5.057 -.25 2.096 -6.111 -.25 -.849 -6.157 -.25 -1.175
4 321 -5.057 -.25 2.096 -5.01 -.25 2.39 -6.111 -.25 3.661 -6.111 -.25 -.849
3 321 -6.111 -.25 3.661 -5.01 -.25 2.39 -4.933 -.25 2.638
3 321 -6.111 -.25 3.661 -4.933 -.25 2.638 -4.809 -.25 2.902
3 321 -6.111 -.25 3.661 -4.111 -.25 3.475 -3.879 -.25 3.584
3 321 -9.784 -.25 3.661 -11.66 -.25 3.444 -11.427 -.25 3.289
3 321 -9.784 -.25 3.661 -11.427 -.25 3.289 -11.179 -.25 3.041
4 321 -8.808 -.25 3.661 -8.808 -.25 -.911 -7.103 -.25 -.942 -7.087 -.25 3.661
4 321 -8.761 -.25 -1.097 -8.699 -.25 -1.237 -8.219 -.25 -1.609 -8.808 -.25 -.911
4 321 -11.923 -.25 2.39 -12.094 -.25 2.576 -12.295 -.25 2.669 -11.846 -.25 2.235
4 321 -10.807 -.25 2.096 -10.807 -.25 1.817 -9.784 -.25 -.973 -9.784 -.25 3.661
3 321 -10.807 -.25 1.817 -10.838 -.25 1.6 -9.784 -.25 -.973
4 321 -10.885 -.25 .251 -10.885 -.25 1.398 -10.993 -.25 1.135 -11.04 -.25 .468
4 321 -11.04 -.25 .468 -10.993 -.25 1.135 -11.148 -.25 .902 -11.226 -.25 .639
3 321 -11.148 -.25 .902 -11.319 -.25 .716 -11.226 -.25 .639
4 321 -10.885 -.25 1.398 -10.885 -.25 .251 -10.761 -.25 .019 -9.784 -.25 -.973
3 321 -10.838 -.25 1.6 -10.885 -.25 1.398 -9.784 -.25 -.973
3 321 -10.761 -.25 .019 -10.668 -.25 -.26 -9.784 -.25 -.973
3 321 -10.637 -.25 -.477 -10.637 -.25 -.911 -9.784 -.25 -.973
4 321 -9.118 -.25 -2.151 -9.257 -.25 -2.027 -11.257 -.25 -2.074 -11.458 -.25 -2.213
4 321 -9.707 -.25 -1.33 -10.683 -.25 -1.159 -10.776 -.25 -1.438 -9.583 -.25 -1.547
4 321 -11.784 -.25 -.121 -11.892 -.25 -.012 -11.613 -.25 -.524 -11.691 -.25 -.26
4 321 -12.233 -.25 .158 -13.411 -.25 -1.516 -12.311 -.25 -1.516 -11.613 -.25 -.524
4 321 -14.605 -.25 -2.802 -14.403 -.25 -2.477 -14.403 -.25 3.661 -14.605 -.25 4.002
3 321 -9.784 -.25 3.661 -11.861 -.25 3.537 -11.66 -.25 3.444
3 321 -6.111 -.25 3.661 -4.809 -.25 2.902 -4.654 -.25 3.072
3 321 -10.668 -.25 -.26 -10.637 -.25 -.477 -9.784 -.25 -.973
4 321 -4.406 -.25 -2.105 -4.607 -.25 -1.965 -6.545 -.25 -1.965 -6.886 -.25 -2.244
4 321 -4.189 -.25 -2.244 -4.406 -.25 -2.105 -6.886 -.25 -2.244 -7.165 -.25 -2.353
3 321 -8.808 -.25 -.911 -8.219 -.25 -1.609 -7.103 -.25 -.942
4 321 -6.204 -.25 -1.33 -6.25 -.25 -1.469 -4.917 -.25 -1.485 -5.01 -.25 -1.19
4 321 -7.149 -.25 -1.113 -7.738 -.25 -1.624 -7.63 -.25 -1.593 -7.444 -.25 -1.5
4 321 -6.359 -.25 -1.702 -4.793 -.25 -1.733 -4.917 -.25 -1.485 -6.25 -.25 -1.469
3 321 -7.149 -.25 -1.113 -7.444 -.25 -1.5 -7.227 -.25 -1.283
3 321 -7.103 -.25 -.942 -7.738 -.25 -1.624 -7.149 -.25 -1.113
4 321 -5.01 -.25 -1.19 -5.057 -.25 -.896 -6.157 -.25 -1.175 -6.204 -.25 -1.33
3 321 -14.605 -.25 4.002 -8.808 -.25 3.661 -7.087 -.25 3.661
3 321 -6.111 -.25 3.661 -4.654 -.25 3.072 -4.375 -.25 3.351
3 321 -14.605 -.25 4.002 -7.087 -.25 3.661 -6.111 -.25 3.661
3 321 -6.111 -.25 3.661 -4.375 -.25 3.351 -4.111 -.25 3.475
4 321 -4.607 -.25 -1.965 -4.793 -.25 -1.733 -6.359 -.25 -1.702 -6.545 -.25 -1.965
4 321 -3.817 -.25 -2.384 -3.987 -.25 -2.322 -7.165 -.25 -2.353 -7.49 -.25 -2.43
4 321 -8.916 -.25 -2.291 -9.118 -.25 -2.151 -11.458 -.25 -2.213 -11.706 -.25 -2.337
4 321 -14.605 -.25 -2.802 -8.529 -.25 -2.43 -8.684 -.25 -2.384 -12.233 -.25 -2.477
4 321 -11.009 -.25 -1.826 -11.257 -.25 -2.074 -9.257 -.25 -2.027 -9.428 -.25 -1.81
4 321 -9.474 -.25 -1.733 -10.885 -.25 -1.64 -11.009 -.25 -1.826 -9.428 -.25 -1.81
4 321 -8.684 -.25 -2.384 -8.916 -.25 -2.291 -11.706 -.25 -2.337 -12.016 -.25 -2.43
4 321 -9.583 -.25 -1.547 -10.776 -.25 -1.438 -10.885 -.25 -1.64 -9.474 -.25 -1.733
4 321 -9.784 -.25 -.973 -10.637 -.25 -.911 -10.683 -.25 -1.159 -9.753 -.25 -1.128
3 321 -9.753 -.25 -1.128 -10.683 -.25 -1.159 -9.707 -.25 -1.33
3 321 -9.784 -.25 3.661 -12.047 -.25 3.599 -11.861 -.25 3.537
3 321 13.605 -.25 4.002 2.089 -.25 3.661 3.67 -.25 3.661
3 321 -1.755 -.25 -1.81 -1.91 -.25 -1.996 -.67 -.25 -2.461
3 321 -2.034 -.25 -2.12 -2.205 -.25 -2.229 -.67 -.25 -2.461
3 321 13.605 -.25 4.002 .725 -.25 3.661 2.089 -.25 3.661
4 321 7.855 -.25 2.716 7.855 -.25 3.661 7.328 -.25 3.661 7.328 -.25 2.716
3 321 5.995 -.25 -2.461 5.018 -.25 -2.461 13.605 -.25 -2.802
3 321 13.605 -.25 4.002 3.67 -.25 3.661 7.328 -.25 3.661
3 321 13.605 -.25 4.002 12.412 -.25 3.661 13.404 -.25 3.661
4 321 13.605 -.25 -2.802 13.605 -.25 4.002 13.404 -.25 3.661 13.404 -.25 -2.461
4 321 11.528 -.25 2.716 10.195 -.25 2.716 10.18 -.25 -2.461 12.427 -.25 -2.461
3 321 13.605 -.25 4.002 7.855 -.25 3.661 11.528 -.25 3.661
3 321 13.605 -.25 4.002 7.328 -.25 3.661 7.855 -.25 3.661
3 321 13.404 -.25 -2.461 12.427 -.25 -2.461 13.605 -.25 -2.802
4 321 11.528 -.25 3.661 11.528 -.25 2.716 12.427 -.25 -2.461 12.412 -.25 3.661
3 321 13.605 -.25 4.002 11.528 -.25 3.661 12.412 -.25 3.661
4 321 -11.799 -.25 2.065 -11.846 -.25 2.235 -12.295 -.25 2.669 -12.574 -.25 1.119
4 321 -12.574 -.25 1.119 -12.342 -.25 1.15 -11.799 -.25 1.77 -11.799 -.25 2.065
3 321 -11.846 -.25 1.6 -12.109 -.25 1.259 -11.923 -.25 1.445
4 321 -12.574 -.25 1.119 -12.295 -.25 2.669 -12.466 -.25 2.716 -13.411 -.25 2.716
3 321 -13.411 -.25 2.716 -13.411 -.25 1.135 -12.574 -.25 1.119
4 321 -11.613 -.25 -.524 -11.892 -.25 -.012 -12.063 -.25 .096 -12.233 -.25 .158
4 321 -11.613 -.25 -.818 -11.613 -.25 -.524 -12.311 -.25 -1.516 -12.14 -.25 -1.469
4 321 -11.66 -.25 -.989 -11.613 -.25 -.818 -12.14 -.25 -1.469 -11.753 -.25 -1.19
3 321 -11.753 -.25 -1.19 -12.14 -.25 -1.469 -11.939 -.25 -1.376
3 321 -13.411 -.25 .174 -13.411 -.25 -1.516 -12.233 -.25 .158
3 321 -9.784 -.25 3.661 -11.179 -.25 3.041 -11.04 -.25 2.824
3 321 -9.784 -.25 3.661 -11.04 -.25 2.824 -10.916 -.25 2.561
3 321 -9.784 -.25 3.661 -10.916 -.25 2.561 -10.854 -.25 2.328
3 321 -9.784 -.25 3.661 -10.854 -.25 2.328 -10.807 -.25 2.096
3 321 1.422 -.25 2.359 .802 -.25 -.291 2.011 -.25 -.291
4 321 2.228 -.25 -1.237 .585 -.25 -1.237 .291 -.25 -2.461 2.507 -.25 -2.461
4 321 3.67 -.25 2.716 3.67 -.25 3.661 2.089 -.25 3.661 3.484 -.25 -2.461
4 321 5.003 -.25 2.716 3.67 -.25 2.716 3.484 -.25 -2.461 5.018 -.25 -2.461
4 321 7.328 -.25 2.716 5.995 -.25 2.716 5.995 -.25 -2.461 9.203 -.25 -2.461
3 321 7.855 -.25 2.716 7.328 -.25 2.716 9.203 -.25 -2.461
3 321 9.203 -.25 2.716 7.855 -.25 2.716 9.203 -.25 -2.461
3 321 .725 -.25 3.661 -1.647 -.25 2.933 -1.523 -.25 2.7
3 321 .725 -.25 3.661 -1.523 -.25 2.7 -1.43 -.25 2.406
3 321 .725 -.25 3.661 -1.43 -.25 2.406 -1.383 -.25 2.096
3 321 .725 -.25 3.661 -1.383 -.25 2.096 -1.383 -.25 1.832
4 321 .725 -.25 3.661 -1.383 -.25 1.832 -1.383 -.25 1.057 -.67 -.25 -2.461
3 321 -1.616 -.25 -1.624 -1.755 -.25 -1.81 -.67 -.25 -2.461
3 321 -1.507 -.25 -1.407 -1.616 -.25 -1.624 -.67 -.25 -2.461
3 321 -1.43 -.25 -1.206 -1.507 -.25 -1.407 -.67 -.25 -2.461
3 321 -1.383 -.25 -.927 -1.43 -.25 -1.206 -.67 -.25 -2.461
3 321 -1.383 -.25 1.057 -1.383 -.25 -.927 -.67 -.25 -2.461
3 321 12.427 -.25 -2.461 10.18 -.25 -2.461 13.605 -.25 -2.802
3 321 10.18 -.25 -2.461 9.203 -.25 -2.461 13.605 -.25 -2.802
3 321 9.203 -.25 -2.461 5.995 -.25 -2.461 13.605 -.25 -2.802
3 321 5.018 -.25 -2.461 3.484 -.25 -2.461 13.605 -.25 -2.802
3 321 3.484 -.25 -2.461 2.507 -.25 -2.461 13.605 -.25 -2.802
3 321 2.507 -.25 -2.461 .291 -.25 -2.461 13.605 -.25 -2.802
3 321 .291 -.25 -2.461 -.67 -.25 -2.461 13.605 -.25 -2.802
3 321 -14.605 -.25 4.002 -14.403 -.25 3.661 -12.404 -.25 3.661
4 321 -9.784 -.25 3.661 -14.605 -.25 4.002 -12.404 -.25 3.661 -12.187 -.25 3.63
3 321 -9.784 -.25 3.661 -12.187 -.25 3.63 -12.047 -.25 3.599
3 321 -2.205 -.25 -2.229 -2.468 -.25 -2.353 -.67 -.25 -2.461
3 321 -2.468 -.25 -2.353 -2.701 -.25 -2.43 -.67 -.25 -2.461
4 321 -.67 -.25 -2.461 -2.701 -.25 -2.43 -2.902 -.25 -2.461 13.605 -.25 -2.802
3 321 -12.233 -.25 -2.477 -14.403 -.25 -2.477 -14.605 -.25 -2.802
3 321 -8.529 -.25 -2.43 -14.605 -.25 -2.802 -8.296 -.25 -2.461
3 321 -8.296 -.25 -2.461 -14.605 -.25 -2.802 -7.955 -.25 -2.477
3 321 -8.684 -.25 -2.384 -12.016 -.25 -2.43 -12.233 -.25 -2.477
4 321 -2.964 -.25 3.677 13.605 -.25 4.002 -14.605 -.25 4.002 -3.274 -.25 3.677
4 321 -14.605 -.25 4.002 -6.111 -.25 3.661 -3.879 -.25 3.584 -3.553 -.25 3.646
3 321 -14.605 -.25 4.002 -3.553 -.25 3.646 -3.274 -.25 3.677
4 321 13.605 -.25 4.002 -2.964 -.25 3.677 -2.685 -.25 3.63 .725 -.25 3.661
3 321 -4.189 -.25 -2.244 -7.165 -.25 -2.353 -3.987 -.25 -2.322
3 321 -3.011 -.25 -2.477 -14.605 -.25 -2.802 13.605 -.25 -2.802
3 321 -2.902 -.25 -2.461 -3.011 -.25 -2.477 13.605 -.25 -2.802
4 321 -14.605 -.25 -2.802 -3.011 -.25 -2.477 -3.352 -.25 -2.461 -7.955 -.25 -2.477
3 321 -3.646 -.25 -2.43 -7.955 -.25 -2.477 -3.352 -.25 -2.461
4 321 -7.955 -.25 -2.477 -3.646 -.25 -2.43 -3.817 -.25 -2.384 -7.723 -.25 -2.461
3 321 -3.817 -.25 -2.384 -7.49 -.25 -2.43 -7.723 -.25 -2.461
4 321 -39 -.25 7 -39 -.25 -7 -38 -.25 -8 -38 -.25 8
4 321 39 -.25 -7 39 -.25 7 38 -.25 8 38 -.25 -8
4 321 38 -.25 -8 38 -.25 8 13.605 -.25 4.002 13.605 -.25 -2.802
4 321 -14.605 -.25 -2.802 -14.605 -.25 4.002 -38 -.25 8 -38 -.25 -8
4 321 38 -.25 8 -38 -.25 8 -14.605 -.25 4.002 13.605 -.25 4.002
4 321 13.605 -.25 -2.802 -14.605 -.25 -2.802 -38 -.25 -8 38 -.25 -8
