0 Sticker  0.8 x  1.9 with "W16" and Bugatti Logo (Formed)
0 Name: 6228775yc01.dat
0 Author: Jens Brühl [jb70]
0 !LDRAW_ORG Unofficial_Part
0 !LICENSE Licensed under CC BY 4.0 : see CAreadme.txt

0 BFC CERTIFY CCW

0 !KEYWORDS set 42083

0 // Formed Sticker Bottom
3 16 8 -5.2694 -18 7.3827 -4.6829 -18.9239 7 -4.6346 -19
4 16 -7.7071 -4.8206 -18.7071 -7.9239 -5.0265 -18.3827 -8 -5.2694 -18 -7.3827 -4.6829 -18.9239
4 16 7.7071 -15.9392 18.7071 7.9239 -15.9239 18.3827 8 -15.9059 18 7.3827 -15.9494 18.9239
4 16 7.7071 -4.8206 -18.7071 7.3827 -4.6829 -18.9239 8 -5.2694 -18 7.9239 -5.0265 -18.3827
3 16 -7.3827 -4.6829 -18.9239 -8 -5.2694 -18 -7 -4.6346 -19
4 16 -8 -15.9059 18 -7.9239 -15.9239 18.3827 -7.7071 -15.9392 18.7071 -7.3827 -15.9494 18.9239
3 16 -7.3827 -15.9494 18.9239 -7 -15.953 19 -8 -15.9059 18
3 16 7 -15.953 19 7.3827 -15.9494 18.9239 8 -15.9059 18
4 16 -8 -15.9059 18 -7 -15.953 19 7 -15.953 19 8 -15.9059 18
4 16 -8 -15.6524 12.616 -8 -15.9059 18 8 -15.9059 18 8 -15.6524 12.616
4 16 -8 -14.6036 5.36 -8 -15.6524 12.616 8 -15.6524 12.616 8 -14.6036 5.36
4 16 -8 -12.8827 -1.648 -8 -14.6036 5.36 8 -14.6036 5.36 8 -12.8827 -1.648
4 16 -8 -10.5099 -8.284 -8 -12.8827 -1.648 8 -12.8827 -1.648 8 -10.5099 -8.284
4 16 -8 -7.5316 -14.436 -8 -10.5099 -8.284 8 -10.5099 -8.284 8 -7.5316 -14.436
4 16 -8 -5.2694 -18 -8 -7.5316 -14.436 8 -7.5316 -14.436 8 -5.2694 -18
4 16 -8 -5.2694 -18 8 -5.2694 -18 7 -4.6346 -19 -7 -4.6346 -19

0 // Formed Sticker Top
4 71 8 -16.1559 18 7.9239 -16.1739 18.3827 7.7071 -16.1892 18.7071 7.3827 -16.1994 18.9239
4 71 -7.7071 -16.1892 18.7071 -7.9239 -16.1739 18.3827 -8 -16.1559 18 -7.3827 -16.1994 18.9239
3 71 -7 -16.203 19 -7.3827 -16.1994 18.9239 -8 -16.1559 18
3 71 7.3827 -16.1994 18.9239 7 -16.203 19 8 -16.1559 18
4 71 7 -16.203 19 -7 -16.203 19 -8 -16.1559 18 8 -16.1559 18

4 72 3.115 -15.9402 13.419 3.095 -15.918 12.948 3.593 -15.9242 13.079 3.409 -15.9476 13.576
3 72 -8 -15.9024 12.616 -7.2462 -15.9024 12.616 -8 -16.1559 18
4 72 3.115 -15.9402 13.419 2.879 -15.9455 13.531 2.643 -15.9239 13.072 3.095 -15.918 12.948
4 71 3.115 -15.9402 13.419 3.409 -15.9476 13.576 3.532 -15.9596 13.83 2.879 -15.9455 13.531
3 71 -3.914 -16.0617 16 -8 -16.1559 18 -3.858 -15.9911 14.5
4 71 -3.298 -16.0124 14.952 -3.291 -15.9877 14.428 -3.028 -15.9877 14.428 -2.771 -16.0124 14.952
4 71 3.029 -15.9923 14.526 3.573 -15.975 14.159 3.481 -15.9911 14.5 3.259 -15.9963 14.611
4 71 1.51 -16.0627 16.02 2.993 -16.0557 15.872 3.521 -16.0623 16.013 8 -16.1559 18
4 72 2.329 -15.9411 13.439 2.643 -15.9239 13.072 2.879 -15.9455 13.531 2.787 -15.9621 13.884
4 72 -2.257 -16.0617 16 -2.771 -16.0124 14.952 -2.073 -16.0238 15.194 -1.582 -16.0617 16
3 71 -8 -16.1559 18 -3.311 -16.0617 16 -2.257 -16.0617 16
4 71 -2.037 -15.9721 14.097 -2.055 -15.998 14.646 -2.347 -15.998 14.646 -2.62 -15.9721 14.097
4 72 3.532 -15.9596 13.83 3.986 -15.9442 13.504 4.143 -15.9732 14.12 3.573 -15.975 14.159
4 71 2.224 -15.9717 14.087 1.192 -15.9916 14.51 .874 -15.9205 13 2.329 -15.9411 13.439
4 71 -.023 -16.0263 15.247 .65 -16.0432 15.607 .069 -16.0617 16 -.293 -16.0264 15.25
3 72 -.293 -16.0264 15.25 .069 -16.0617 16 -.527 -16.0617 16
4 71 -2.001 -15.9205 13 -2.037 -15.9721 14.097 -2.62 -15.9721 14.097 -3.167 -15.9205 13
3 71 3.521 -16.0623 16.013 3.82 -16.0602 15.967 8 -16.1559 18
4 72 -1.379 -15.9205 13 -1.516 -15.964 13.924 -2.055 -15.998 14.646 -2.037 -15.9721 14.097
3 72 -3.285 -15.963 13.904 -3.858 -15.9911 14.5 -3.802 -15.9205 13
4 72 -1.516 -15.964 13.924 -1.379 -15.9205 13 -.655 -15.9911 14.5 -1.022 -16.0129 14.962
3 71 4.051 -16.0537 15.83 4.213 -16.0428 15.597 8 -16.1559 18
3 71 -8 -16.1559 18 -3.914 -16.0617 16 -3.311 -16.0617 16
3 71 .614 -15.994 14.562 .724 -16.0186 15.083 .292 -16.0081 14.86
4 72 3.475 -16.0401 15.541 3.521 -16.0623 16.013 2.993 -16.0557 15.872 3.213 -16.0346 15.424
4 72 -3.291 -15.9877 14.428 -3.298 -16.0124 14.952 -3.858 -15.9911 14.5 -3.285 -15.963 13.904
3 72 -1.549 -16.0129 14.962 -1.582 -16.0617 16 -2.073 -16.0238 15.194
4 72 3.986 -15.9442 13.504 3.532 -15.9596 13.83 3.409 -15.9476 13.576 3.593 -15.9242 13.079
3 71 2.993 -16.0557 15.872 1.51 -16.0627 16.02 2.578 -16.0358 15.45
3 72 -2.037 -15.9721 14.097 -2.001 -15.9205 13 -1.379 -15.9205 13
3 71 -3.802 -15.9205 13 -3.858 -15.9911 14.5 -8 -16.1559 18
4 72 3.665 -16.012 14.944 3.344 -16.0148 15.004 3.259 -15.9963 14.611 3.481 -15.9911 14.5
4 72 -2.771 -16.0124 14.952 -3.028 -15.9877 14.428 -2.347 -15.998 14.646 -2.073 -16.0238 15.194
3 71 -3.028 -15.9877 14.428 -3.291 -15.9877 14.428 -3.285 -15.963 13.904
3 71 -2.055 -15.998 14.646 -2.073 -16.0238 15.194 -2.347 -15.998 14.646
3 71 -1.022 -16.0129 14.962 -1.549 -16.0129 14.962 -1.516 -15.964 13.924
4 72 3.259 -15.9963 14.611 3.344 -16.0148 15.004 2.944 -16.009 14.88 3.029 -15.9923 14.526
3 71 2.643 -15.9239 13.072 2.329 -15.9411 13.439 .874 -15.9205 13
4 71 2.879 -15.9455 13.531 3.532 -15.9596 13.83 3.573 -15.975 14.159 2.787 -15.9621 13.884
4 72 -1.022 -16.0129 14.962 -.655 -15.9911 14.5 -.293 -16.0264 15.25 -.527 -16.0617 16
4 71 -.134 -16.0016 14.723 -.023 -16.0263 15.247 -.293 -16.0264 15.25 -.655 -15.9911 14.5
3 71 4.294 -16.0272 15.266 8 -16.1559 18 4.213 -16.0428 15.597
3 71 3.82 -16.0602 15.967 4.051 -16.0537 15.83 8 -16.1559 18
4 72 .874 -15.9205 13 1.192 -15.9916 14.51 .504 -15.9695 14.041 .285 -15.9205 13
4 71 -1.582 -16.0617 16 -1.549 -16.0129 14.962 -1.022 -16.0129 14.962 -.527 -16.0617 16
4 72 .292 -16.0081 14.86 .724 -16.0186 15.083 -.023 -16.0263 15.247 -.134 -16.0016 14.723
4 72 -3.028 -15.9877 14.428 -3.285 -15.963 13.904 -2.62 -15.9721 14.097 -2.347 -15.998 14.646
4 71 2.787 -15.9621 13.884 3.573 -15.975 14.159 3.029 -15.9923 14.526 2.853 -15.9797 14.258
4 72 2.312 -16.0067 14.831 2.224 -15.9717 14.087 2.853 -15.9797 14.258 3.029 -15.9923 14.526
4 72 -3.914 -16.0617 16 -3.858 -15.9911 14.5 -3.298 -16.0124 14.952 -3.311 -16.0617 16
4 71 .614 -15.994 14.562 -.655 -15.9911 14.5 -1.379 -15.9205 13 .504 -15.9695 14.041
4 72 4.087 -15.9904 14.484 3.481 -15.9911 14.5 3.573 -15.975 14.159 4.143 -15.9732 14.12
4 71 .292 -16.0081 14.86 -.134 -16.0016 14.723 -.655 -15.9911 14.5 .614 -15.994 14.562
4 72 2.224 -15.9717 14.087 2.329 -15.9411 13.439 2.787 -15.9621 13.884 2.853 -15.9797 14.258
3 71 -8 -16.1559 18 -2.257 -16.0617 16 -1.582 -16.0617 16
4 72 -3.285 -15.963 13.904 -3.802 -15.9205 13 -3.167 -15.9205 13 -2.62 -15.9721 14.097
4 71 -2.771 -16.0124 14.952 -2.257 -16.0617 16 -3.311 -16.0617 16 -3.298 -16.0124 14.952
4 72 3.92 -16.0034 14.762 3.665 -16.012 14.944 3.481 -15.9911 14.5 4.087 -15.9904 14.484
4 72 -1.549 -16.0129 14.962 -2.073 -16.0238 15.194 -2.055 -15.998 14.646 -1.516 -15.964 13.924
3 72 8 -15.9024 12.616 8 -16.1559 18 7.2694 -15.9024 12.616
4 71 3.743 -16.0251 15.221 3.213 -16.0346 15.424 3.344 -16.0148 15.004 3.665 -16.012 14.944
3 71 3.213 -16.0346 15.424 2.944 -16.009 14.88 3.344 -16.0148 15.004
4 71 3.743 -16.0251 15.221 3.665 -16.012 14.944 3.92 -16.0034 14.762 4.294 -16.0272 15.266
4 71 4.294 -16.0272 15.266 3.92 -16.0034 14.762 4.087 -15.9904 14.484 8 -16.1559 18
3 71 4.087 -15.9904 14.484 4.143 -15.9732 14.12 8 -16.1559 18
3 71 8 -16.1559 18 4.143 -15.9732 14.12 3.986 -15.9442 13.504
3 71 8 -16.1559 18 3.986 -15.9442 13.504 7.2694 -15.9024 12.616
4 71 8 -16.1559 18 -8 -16.1559 18 -1.582 -16.0617 16 -.527 -16.0617 16
3 71 -.527 -16.0617 16 .069 -16.0617 16 8 -16.1559 18
3 71 8 -16.1559 18 .069 -16.0617 16 1.15 -16.0627 16.02
3 71 8 -16.1559 18 1.15 -16.0627 16.02 1.51 -16.0627 16.02
3 71 1.15 -16.0627 16.02 .069 -16.0617 16 .65 -16.0432 15.607
3 71 2.578 -16.0358 15.45 1.51 -16.0627 16.02 2.312 -16.0067 14.831
4 71 1.51 -16.0627 16.02 1.192 -15.9916 14.51 2.224 -15.9717 14.087 2.312 -16.0067 14.831
4 71 -7.2462 -15.9024 12.616 7.2694 -15.9024 12.616 .285 -15.9205 13 -1.379 -15.9205 13
3 71 .285 -15.9205 13 .504 -15.9695 14.041 -1.379 -15.9205 13
3 71 -8 -16.1559 18 -7.2462 -15.9024 12.616 -3.802 -15.9205 13
3 71 -3.167 -15.9205 13 -7.2462 -15.9024 12.616 -2.001 -15.9205 13
3 71 -2.001 -15.9205 13 -7.2462 -15.9024 12.616 -1.379 -15.9205 13
3 71 2.643 -15.9239 13.072 .874 -15.9205 13 3.095 -15.918 12.948
3 71 .285 -15.9205 13 7.2694 -15.9024 12.616 .874 -15.9205 13
3 71 .874 -15.9205 13 7.2694 -15.9024 12.616 3.095 -15.918 12.948
3 71 3.095 -15.918 12.948 7.2694 -15.9024 12.616 3.593 -15.9242 13.079
3 71 3.593 -15.9242 13.079 7.2694 -15.9024 12.616 3.986 -15.9442 13.504
3 72 .614 -15.994 14.562 .504 -15.9695 14.041 1.192 -15.9916 14.51
3 72 .614 -15.994 14.562 1.192 -15.9916 14.51 .724 -16.0186 15.083
3 72 .724 -16.0186 15.083 1.192 -15.9916 14.51 1.51 -16.0627 16.02
3 72 .724 -16.0186 15.083 1.51 -16.0627 16.02 1.15 -16.0627 16.02
3 72 .724 -16.0186 15.083 1.15 -16.0627 16.02 .65 -16.0432 15.607
3 72 .724 -16.0186 15.083 .65 -16.0432 15.607 -.023 -16.0263 15.247
3 72 2.993 -16.0557 15.872 2.578 -16.0358 15.45 3.213 -16.0346 15.424
3 72 3.213 -16.0346 15.424 2.578 -16.0358 15.45 2.944 -16.009 14.88
3 72 2.944 -16.009 14.88 2.578 -16.0358 15.45 2.312 -16.0067 14.831
3 72 2.944 -16.009 14.88 2.312 -16.0067 14.831 3.029 -15.9923 14.526
4 71 3.658 -16.0367 15.469 3.475 -16.0401 15.541 3.213 -16.0346 15.424 3.743 -16.0251 15.221
3 71 -3.167 -15.9205 13 -3.802 -15.9205 13 -7.2462 -15.9024 12.616

1 72 0 -15.2184 7.8838 .3 0 0 0 1 -.04292 0 0 .29691 logo-bugatti-eb.dat
1 71 0 -15.2184 7.8838 .3 0 0 0 1 -.04292 0 0 .29691 logo-bugatti-eb-box.dat
4 71 7.2694 -15.9024 12.616 -7.2462 -15.9024 12.616 -3.57 -15.5832 10.4075 3.57 -15.5832 10.4075
4 71 3.57 -14.8536 5.36 6.2847 -14.8536 5.36 7.2694 -15.9024 12.616 3.57 -15.5832 10.4075
4 71 -3.57 -14.8536 5.36 -3.57 -15.5832 10.4075 -7.2462 -15.9024 12.616 -6.2304 -14.8536 5.36
4 72 8 -14.8536 5.36 8 -15.9024 12.616 7.2694 -15.9024 12.616 6.2847 -14.8536 5.36
4 72 -8 -15.9024 12.616 -8 -14.8536 5.36 -6.2304 -14.8536 5.36 -7.2462 -15.9024 12.616

4 71 3.57 -14.8536 5.36 -3.57 -14.8536 5.36 -5.9 -14.2741 3 5.978 -14.2986 3.1
3 71 6.2847 -14.8536 5.36 3.57 -14.8536 5.36 5.978 -14.2986 3.1
3 71 -3.57 -14.8536 5.36 -6.2304 -14.8536 5.36 -5.9 -14.2741 3
4 71 5.757 -14.0712 2.174 5.978 -14.2986 3.1 -5.9 -14.2741 3 -5.679 -14.0467 2.074
4 71 5.757 -14.0712 2.174 -5.679 -14.0467 2.074 -5.239 -13.8313 1.197 5.317 -13.8559 1.297
4 71 5.317 -13.8559 1.297 -5.239 -13.8313 1.197 -4.671 -13.6351 .398 4.75 -13.6597 .498
4 71 4.051 -13.4934 -.179 4.75 -13.6597 .498 -4.671 -13.6351 .398 -3.972 -13.4689 -.279
4 71 4.051 -13.4934 -.179 -3.972 -13.4689 -.279 -3.14 -13.3431 -.791 3.219 -13.3677 -.691
4 71 3.219 -13.3677 -.691 -3.14 -13.3431 -.791 -2.2 -13.2673 -1.1 2.278 -13.2918 -1
4 71 -2.2 -13.2673 -1.1 -.8 -13.2452 -1.19 .9 -13.2427 -1.2 2.278 -13.2918 -1
3 72 -8 -13.1327 -1.648 -3.14 -13.3431 -.791 -3.972 -13.4689 -.279
4 72 .9 -13.2427 -1.2 -.8 -13.2452 -1.19 -8 -13.1327 -1.648 8 -13.1327 -1.648
4 72 4.213 -16.0428 15.597 3.658 -16.0367 15.469 3.743 -16.0251 15.221 4.294 -16.0272 15.266
3 72 -8 -13.1327 -1.648 -2.2 -13.2673 -1.1 -3.14 -13.3431 -.791
3 72 -8 -13.1327 -1.648 -3.972 -13.4689 -.279 -4.671 -13.6351 .398
4 72 3.475 -16.0401 15.541 3.658 -16.0367 15.469 3.82 -16.0602 15.967 3.521 -16.0623 16.013
3 72 3.219 -13.3677 -.691 8 -13.1327 -1.648 4.051 -13.4934 -.179
3 72 8 -14.8536 5.36 6.2847 -14.8536 5.36 5.978 -14.2986 3.1
3 72 -8 -13.1327 -1.648 -4.671 -13.6351 .398 -5.239 -13.8313 1.197
3 72 -8 -13.1327 -1.648 -5.239 -13.8313 1.197 -5.679 -14.0467 2.074
3 72 .9 -13.2427 -1.2 8 -13.1327 -1.648 2.278 -13.2918 -1
3 72 2.278 -13.2918 -1 8 -13.1327 -1.648 3.219 -13.3677 -.691
3 72 -8 -13.1327 -1.648 -.8 -13.2452 -1.19 -2.2 -13.2673 -1.1
4 72 4.051 -16.0537 15.83 3.82 -16.0602 15.967 3.658 -16.0367 15.469 4.213 -16.0428 15.597
3 72 -8 -13.1327 -1.648 -5.679 -14.0467 2.074 -5.9 -14.2741 3
3 72 -5.9 -14.2741 3 -8 -14.8536 5.36 -8 -13.1327 -1.648
3 72 -6.2304 -14.8536 5.36 -8 -14.8536 5.36 -5.9 -14.2741 3
3 72 8 -14.8536 5.36 5.978 -14.2986 3.1 8 -13.1327 -1.648
3 72 8 -13.1327 -1.648 5.978 -14.2986 3.1 5.757 -14.0712 2.174
3 72 8 -13.1327 -1.648 5.757 -14.0712 2.174 5.317 -13.8559 1.297
3 72 8 -13.1327 -1.648 5.317 -13.8559 1.297 4.75 -13.6597 .498
3 72 8 -13.1327 -1.648 4.75 -13.6597 .498 4.051 -13.4934 -.179

4 72 8 -13.1327 -1.648 -8 -13.1327 -1.648 -8 -10.7599 -8.284 8 -10.7599 -8.284
4 72 8 -10.7599 -8.284 -8 -10.7599 -8.284 -8 -7.7816 -14.436 8 -7.7816 -14.436
4 72 8 -7.7816 -14.436 -8 -7.7816 -14.436 -8 -5.5194 -18 8 -5.5194 -18

3 72 7.3827 -4.9329 -18.9239 8 -5.5194 -18 7 -4.8846 -19
4 72 -8 -5.5194 -18 -7.9239 -5.2765 -18.3827 -7.7071 -5.0706 -18.7071 -7.3827 -4.9329 -18.9239
4 72 8 -5.5194 -18 7.3827 -4.9329 -18.9239 7.7071 -5.0706 -18.7071 7.9239 -5.2765 -18.3827
3 72 -8 -5.5194 -18 -7.3827 -4.9329 -18.9239 -7 -4.8846 -19
4 72 7 -4.8846 -19 8 -5.5194 -18 -8 -5.5194 -18 -7 -4.8846 -19

0 // Formed Sticker Side
4 16 7.9239 -15.9239 18.3827 7.9239 -16.1739 18.3827 8 -16.1559 18 8 -15.9059 18
4 16 7.7071 -15.9392 18.7071 7.7071 -16.1892 18.7071 7.9239 -16.1739 18.3827 7.9239 -15.9239 18.3827
4 16 7.3827 -15.9494 18.9239 7.3827 -16.1994 18.9239 7.7071 -16.1892 18.7071 7.7071 -15.9392 18.7071
4 16 7 -15.953 19 7 -16.203 19 7.3827 -16.1994 18.9239 7.3827 -15.9494 18.9239
4 16 -7 -16.203 19 7 -16.203 19 7 -15.953 19 -7 -15.953 19
4 16 -7.3827 -15.9494 18.9239 -7.3827 -16.1994 18.9239 -7 -16.203 19 -7 -15.953 19
4 16 -7.7071 -15.9392 18.7071 -7.7071 -16.1892 18.7071 -7.3827 -16.1994 18.9239 -7.3827 -15.9494 18.9239
4 16 -7.9239 -15.9239 18.3827 -7.9239 -16.1739 18.3827 -7.7071 -16.1892 18.7071 -7.7071 -15.9392 18.7071
4 16 -8 -15.9059 18 -8 -16.1559 18 -7.9239 -16.1739 18.3827 -7.9239 -15.9239 18.3827
4 16 -8 -15.9024 12.616 -8 -16.1559 18 -8 -15.9059 18 -8 -15.6524 12.616
4 16 -8 -14.8536 5.36 -8 -15.9024 12.616 -8 -15.6524 12.616 -8 -14.6036 5.36
4 16 -8 -13.1327 -1.648 -8 -14.8536 5.36 -8 -14.6036 5.36 -8 -12.8827 -1.648
4 16 -8 -10.7599 -8.284 -8 -13.1327 -1.648 -8 -12.8827 -1.648 -8 -10.5099 -8.284
4 16 -8 -7.7816 -14.436 -8 -10.7599 -8.284 -8 -10.5099 -8.284 -8 -7.5316 -14.436
4 16 -8 -5.5194 -18 -8 -7.7816 -14.436 -8 -7.5316 -14.436 -8 -5.2694 -18
4 16 -7.9239 -5.2765 -18.3827 -8 -5.5194 -18 -8 -5.2694 -18 -7.9239 -5.0265 -18.3827
4 16 -7.7071 -5.0706 -18.7071 -7.9239 -5.2765 -18.3827 -7.9239 -5.0265 -18.3827 -7.7071 -4.8206 -18.7071
4 16 -7.3827 -4.9329 -18.9239 -7.7071 -5.0706 -18.7071 -7.7071 -4.8206 -18.7071 -7.3827 -4.6829 -18.9239
4 16 -7 -4.8846 -19 -7.3827 -4.9329 -18.9239 -7.3827 -4.6829 -18.9239 -7 -4.6346 -19
4 16 7 -4.8846 -19 -7 -4.8846 -19 -7 -4.6346 -19 7 -4.6346 -19
4 16 7.3827 -4.9329 -18.9239 7 -4.8846 -19 7 -4.6346 -19 7.3827 -4.6829 -18.9239
4 16 7.7071 -5.0706 -18.7071 7.3827 -4.9329 -18.9239 7.3827 -4.6829 -18.9239 7.7071 -4.8206 -18.7071
4 16 7.9239 -5.2765 -18.3827 7.7071 -5.0706 -18.7071 7.7071 -4.8206 -18.7071 7.9239 -5.0265 -18.3827
4 16 8 -5.5194 -18 7.9239 -5.2765 -18.3827 7.9239 -5.0265 -18.3827 8 -5.2694 -18
4 16 8 -7.5316 -14.436 8 -7.7816 -14.436 8 -5.5194 -18 8 -5.2694 -18
4 16 8 -10.5099 -8.284 8 -10.7599 -8.284 8 -7.7816 -14.436 8 -7.5316 -14.436
4 16 8 -13.1327 -1.648 8 -10.7599 -8.284 8 -10.5099 -8.284 8 -12.8827 -1.648
4 16 8 -14.8536 5.36 8 -13.1327 -1.648 8 -12.8827 -1.648 8 -14.6036 5.36
4 16 8 -15.9024 12.616 8 -14.8536 5.36 8 -14.6036 5.36 8 -15.6524 12.616
4 16 8 -16.1559 18 8 -15.9024 12.616 8 -15.6524 12.616 8 -15.9059 18
5 24 8 -14.6036 5.36 -8 -14.6036 5.36 8 -12.8827 -1.648 -8 -15.6524 12.616
5 24 7 -4.8846 -19 7 -4.6346 -19 -7 -4.8846 -19 7.3827 -4.6829 -18.9239
5 24 -7.9239 -16.1739 18.3827 -7.9239 -15.9239 18.3827 -7.7071 -16.1892 18.7071 -8 -15.9059 18
5 24 7.7071 -15.9392 18.7071 7.7071 -16.1892 18.7071 7.9239 -16.1739 18.3827 7.3827 -15.9494 18.9239
5 24 -7.3827 -15.9494 18.9239 -7.3827 -16.1994 18.9239 -7.7071 -15.9392 18.7071 -7 -16.203 19
5 24 7.3827 -4.9329 -18.9239 7.3827 -4.6829 -18.9239 7 -4.8846 -19 7.7071 -4.8206 -18.7071
5 24 7.2694 -15.9024 12.616 8 -15.9024 12.616 6.2847 -14.8536 5.36 8 -16.1559 18
5 24 -7 -4.8846 -19 -7 -4.6346 -19 -7.3827 -4.9329 -18.9239 7 -4.6346 -19
5 24 -8 -10.7599 -8.284 8 -10.7599 -8.284 8 -13.1327 -1.648 -8 -7.7816 -14.436
5 24 -7.3827 -4.6829 -18.9239 -7.3827 -4.9329 -18.9239 -7 -4.6346 -19 -7.7071 -5.0706 -18.7071
5 24 -8 -16.1559 18 -8 -15.9059 18 -8 -15.6524 12.616 -7.9239 -16.1739 18.3827
5 24 -8 -12.8827 -1.648 8 -12.8827 -1.648 -8 -14.6036 5.36 8 -10.5099 -8.284
5 24 8 -5.5194 -18 8 -5.2694 -18 7.9239 -5.2765 -18.3827 8 -7.5316 -14.436
5 24 7.9239 -5.2765 -18.3827 7.9239 -5.0265 -18.3827 7.7071 -5.0706 -18.7071 8 -5.2694 -18
5 24 7.7071 -4.8206 -18.7071 7.7071 -5.0706 -18.7071 7.3827 -4.9329 -18.9239 7.9239 -5.0265 -18.3827
5 24 7.3827 -16.1994 18.9239 7.3827 -15.9494 18.9239 7.7071 -16.1892 18.7071 7 -15.953 19
5 24 7.2694 -15.9024 12.616 -7.2462 -15.9024 12.616 -3.57 -15.5832 10.4075 .285 -15.9205 13
5 24 -7.7071 -5.0706 -18.7071 -7.7071 -4.8206 -18.7071 -7.9239 -5.2765 -18.3827 -7.3827 -4.6829 -18.9239
5 24 -8 -15.6524 12.616 8 -15.6524 12.616 -8 -15.9059 18 8 -14.6036 5.36
5 24 7 -16.203 19 7 -15.953 19 -7 -15.953 19 7.3827 -16.1994 18.9239
5 24 -7.9239 -5.2765 -18.3827 -7.9239 -5.0265 -18.3827 -8 -5.5194 -18 -7.7071 -4.8206 -18.7071
5 24 -7.7071 -16.1892 18.7071 -7.7071 -15.9392 18.7071 -7.3827 -16.1994 18.9239 -7.9239 -15.9239 18.3827
5 24 -8 -13.1327 -1.648 8 -13.1327 -1.648 .9 -13.2427 -1.2 -8 -10.7599 -8.284
5 24 8 -7.7816 -14.436 -8 -7.7816 -14.436 8 -10.7599 -8.284 -8 -5.5194 -18
5 24 -8 -7.5316 -14.436 8 -7.5316 -14.436 -8 -10.5099 -8.284 8 -5.2694 -18
5 24 8 -16.1559 18 8 -15.9059 18 7.9239 -15.9239 18.3827 8 -15.9024 12.616
5 24 -7 -16.203 19 -7 -15.953 19 -7.3827 -15.9494 18.9239 7 -16.203 19
5 24 7.9239 -16.1739 18.3827 7.9239 -15.9239 18.3827 8 -16.1559 18 7.7071 -15.9392 18.7071
5 24 -8 -10.5099 -8.284 8 -10.5099 -8.284 -8 -12.8827 -1.648 8 -7.5316 -14.436
5 24 -8 -15.9024 12.616 -7.2462 -15.9024 12.616 -8 -14.8536 5.36 -8 -16.1559 18
5 24 -8 -5.5194 -18 -8 -5.2694 -18 -8 -7.7816 -14.436 -7.9239 -5.0265 -18.3827
5 24 8 -14.8536 5.36 -8 -14.8536 5.36 -8 -15.9024 12.616 -8 -13.1327 -1.648
