0 Sticker  0.9 x  1.8 with Ferrari Badge on Red Background
0 Name: 6253618f.dat
0 Author: Massimo Maso [Sirio]
0 !LDRAW_ORG Unofficial_Part
0 !LICENSE Licensed under CC BY 4.0 : see CAreadme.txt

0 BFC CERTIFY CCW

0 !KEYWORDS Competizione, F40, Ferrari, Set 75890, Speed Champions

0 // Logo primitive
1 4 0 -.25 0 .65 0 0 0 1 0 0 0 .65 s\logoferraris01.dat
0 // Primitives
1 16 -16.5 0 7.7732 -1.5 0 0 0 -1 0 0 0 1.5 1-4chrd.dat
1 16 16.5 0 7.7732 1.5 0 0 0 -1 0 0 0 1.5 1-4chrd.dat
1 16 0 -.25 0 0 0 18 0 .25 0 7.7732 0 0 box3u12.dat
1 16 -16.5 0 -7.7732 -1.5 0 0 0 -1 0 0 0 -1.5 1-4chrd.dat
1 16 16.5 0 -7.7732 1.5 0 0 0 -1 0 0 0 -1.5 1-4chrd.dat
1 16 -16.5 -.25 7.7732 -1.5 0 0 0 .25 0 0 0 1.5 1-4cyli.dat
1 16 16.5 -.25 7.7732 1.5 0 0 0 .25 0 0 0 1.5 1-4cyli.dat
1 16 -16.5 -.25 -7.7732 -1.5 0 0 0 .25 0 0 0 -1.5 1-4cyli.dat
1 16 16.5 -.25 -7.7732 1.5 0 0 0 .25 0 0 0 -1.5 1-4cyli.dat
1 4 -16.5 -.25 7.7732 -1.5 0 0 0 1 0 0 0 1.5 1-4chrd.dat
1 4 16.5 -.25 7.7732 1.5 0 0 0 1 0 0 0 1.5 1-4chrd.dat
1 4 -16.5 -.25 -7.7732 -1.5 0 0 0 1 0 0 0 -1.5 1-4chrd.dat
1 4 16.5 -.25 -7.7732 1.5 0 0 0 1 0 0 0 -1.5 1-4chrd.dat
0 // Bottom face
4 16 -18 0 7.7732 -16.5 0 9.2732 16.5 0 9.2732 18 0 7.7732
4 16 -18 0 -7.7732 18 0 -7.7732 16.5 0 -9.2732 -16.5 0 -9.2732
0 // Lateral face
4 16 -16.5 0 9.2732 -16.5 -.25 9.2732 16.5 -.25 9.2732 16.5 0 9.2732
4 16 16.5 0 -9.2732 16.5 -.25 -9.2732 -16.5 -.25 -9.2732 -16.5 0 -9.2732
0 // Top face
4 4 -16.5 -.25 9.2732 -18 -.25 7.7732 -3.562 -.25 5.3625 -3.562 -.25 5.72
3 4 -16.5 -.25 9.2732 -3.562 -.25 5.72 -3.2045 -.25 5.72
4 4 -16.5 -.25 9.2732 -3.2045 -.25 5.72 3.2045 -.25 5.72 16.5 -.25 9.2732
3 4 16.5 -.25 9.2732 3.2045 -.25 5.72 3.562 -.25 5.72
4 4 16.5 -.25 9.2732 3.562 -.25 5.72 3.562 -.25 5.3625 18 -.25 7.7732
3 4 -18 -.25 7.7732 -3.562 -.25 4.65075 -3.562 -.25 5.3625
3 4 -18 -.25 7.7732 -3.562 -.25 4.1665 -3.562 -.25 4.65075
3 4 -18 -.25 7.7732 -3.562 -.25 -3.65625 -3.562 -.25 4.1665
4 4 -18 -.25 7.7732 -18 -.25 -7.7732 -3.562 -.25 -5.3625 -3.562 -.25 -3.65625
3 4 18 -.25 7.7732 3.562 -.25 5.3625 3.562 -.25 4.65075
3 4 18 -.25 7.7732 3.562 -.25 4.65075 3.562 -.25 4.1665
3 4 18 -.25 7.7732 3.562 -.25 4.1665 3.562 -.25 -3.65625
4 4 18 -.25 7.7732 3.562 -.25 -3.65625 3.562 -.25 -5.3625 18 -.25 -7.7732
4 4 -16.5 -.25 -9.2732 -3.562 -.25 -5.72 -3.562 -.25 -5.3625 -18 -.25 -7.7732
3 4 -16.5 -.25 -9.2732 -3.2045 -.25 -5.72 -3.562 -.25 -5.72
4 4 -16.5 -.25 -9.2732 16.5 -.25 -9.2732 3.2045 -.25 -5.72 -3.2045 -.25 -5.72
4 4 16.5 -.25 -9.2732 18 -.25 -7.7732 3.562 -.25 -5.3625 3.562 -.25 -5.72
3 4 16.5 -.25 -9.2732 3.562 -.25 -5.72 3.2045 -.25 -5.72
