0 Sticker  1.8 x  1.7 with Brown Vines and Olive Green Leaves #1 Pattern
0 Name: 6399475j.dat
0 Author: Evert-Jan Boer [ejboer]
0 !LDRAW_ORG Unofficial_Part
0 !LICENSE Licensed under CC BY 4.0 : see CAreadme.txt

0 BFC CERTIFY CCW

0 !KEYWORDS Groot, Set 76217

1 16 16.5 0 17.75 1 0 0 0 -1 0 0 0 1 1-4chrd.dat
1 16 16.5 0 -17.75 0 0 1 0 -1 0 -1 0 0 1-4chrd.dat
1 16 -16.5 0 -17.75 -1 0 0 0 -1 0 0 0 -1 1-4chrd.dat
1 16 -16.5 0 17.75 0 0 -1 0 -1 0 1 0 0 1-4chrd.dat
4 16 16.5 0 -18.75 -16.5 0 -18.75 -17.5 0 -17.75 17.5 0 -17.75
4 16 17.5 0 17.75 17.5 0 -17.75 -17.5 0 -17.75 -17.5 0 17.75
4 16 17.5 0 17.75 -17.5 0 17.75 -16.5 0 18.75 16.5 0 18.75

1 16 16.5 -.25 17.75 1 0 0 0 .25 0 0 0 1 1-4cyli.dat
1 16 -16.5 -.25 17.75 0 0 -1 0 .25 0 1 0 0 1-4cyli.dat
1 16 -16.5 -.25 -17.75 -1 0 0 0 .25 0 0 0 -1 1-4cyli.dat
1 16 16.5 -.25 -17.75 0 0 1 0 .25 0 -1 0 0 1-4cyli.dat
4 16 16.5 -.25 -18.75 -16.5 -.25 -18.75 -16.5 0 -18.75 16.5 0 -18.75
4 16 17.5 -.25 17.75 17.5 -.25 -17.75 17.5 0 -17.75 17.5 0 17.75
4 16 -16.5 -.25 18.75 16.5 -.25 18.75 16.5 0 18.75 -16.5 0 18.75
4 16 -17.5 -.25 -17.75 -17.5 -.25 17.75 -17.5 0 17.75 -17.5 0 -17.75

1 330 16.5 -.25 17.75 1 0 0 0 1 0 0 0 1 1-4chrd.dat
1 330 -16.5 -.25 17.75 0 0 -1 0 1 0 1 0 0 1-4chrd.dat
1 28 -16.5 -.25 -17.75 -1 0 0 0 1 0 0 0 -1 1-4chrd.dat
1 28 16.5 -.25 -17.75 0 0 1 0 1 0 -1 0 0 1-4chrd.dat
4 70 -7.85 -.25 18.2 -8 -.25 18.75 -10.9 -.25 18.75 -7.9 -.25 17.8
4 70 -8.1 -.25 17.35 -7.9 -.25 17.8 -10.9 -.25 18.75 -9.25 -.25 15.6
4 70 -9.25 -.25 15.6 -10.9 -.25 18.75 -10.85 -.25 15.35 -9.5 -.25 15.2
4 70 -9.7 -.25 11.5 -9.65 -.25 14.75 -10.95 -.25 13 -11 -.25 9.7
3 70 -9.7 -.25 11.5 -11 -.25 9.7 -9.65 -.25 10.65
4 70 -9.65 -.25 14.75 -9.5 -.25 15.2 -10.85 -.25 15.35 -10.95 -.25 13
4 70 -8.95 -.25 9.3 -9.65 -.25 10.65 -11 -.25 9.7 -10.1 -.25 8.25
4 70 -10.1 -.25 8.25 -11 -.25 9.7 -10.95 -.25 7.5 -10.2 -.25 7.45
4 70 -10.2 -.25 7.45 -10.95 -.25 7.5 -10.9 -.25 5.55 -10.3 -.25 5.45
4 70 -10.3 -.25 5.45 -10.9 -.25 5.55 -10.8 -.25 4.75 -10.4 -.25 4.75
3 70 -10.4 -.25 4.75 -10.8 -.25 4.75 -10.6 -.25 4
4 70 -8.95 -.25 9.3 -10.1 -.25 8.25 -9.05 -.25 6.85 -7.45 -.25 6.9
4 70 -7.45 -.25 6.9 -9.05 -.25 6.85 -7.5 -.25 4.55 -5.65 -.25 3.9
4 70 -5.65 -.25 3.9 -7.5 -.25 4.55 -5.5 -.25 1.7 -4.15 -.25 1.45
4 70 -4.15 -.25 1.45 -5.5 -.25 1.7 -4.75 -.25 .7 -3.95 -.25 1
4 70 -3.85 -.25 .5 -3.95 -.25 1 -4.75 -.25 .7 -4.65 -.25 .3
4 70 -3.85 -.25 -1.25 -3.85 -.25 .5 -4.65 -.25 .3 -4.5 -.25 -2
4 70 -4 -.25 -2.95 -3.85 -.25 -1.25 -4.5 -.25 -2 -4.25 -.25 -4.35
4 70 8.85 -.25 15.4 8.9 -.25 18.75 6.2 -.25 18.75 6.15 -.25 15.45
4 70 8.85 -.25 15.4 6.15 -.25 15.45 8 -.25 13.65 8.3 -.25 13.6
4 70 8.95 -.25 14.5 8.85 -.25 15.4 8.3 -.25 13.6 8.55 -.25 13.4
4 70 9.15 -.25 14 8.95 -.25 14.5 8.55 -.25 13.4 9.15 -.25 12.65
4 70 10.35 -.25 12.65 9.15 -.25 14 9.15 -.25 12.65 9.7 -.25 11.95
4 70 10.65 -.25 12.25 10.35 -.25 12.65 9.7 -.25 11.95 10.85 -.25 11.8
4 70 10.85 -.25 11.8 9.7 -.25 11.95 9.85 -.25 11.45 10.95 -.25 11.15
4 70 10.95 -.25 11.15 9.85 -.25 11.45 9.9 -.25 10.65 10.65 -.25 5.3
4 70 10.65 -.25 5.3 9.9 -.25 10.65 9.65 -.25 7.3 9.55 -.25 5.2
4 70 10.65 -.25 5.3 9.55 -.25 5.2 9.6 -.25 4.35 10.7 -.25 4.5
4 70 10.7 -.25 4.5 9.6 -.25 4.35 9.75 -.25 3.9 10.85 -.25 4.1
4 70 10.85 -.25 4.1 9.75 -.25 3.9 10.15 -.25 3.3 11.3 -.25 3.5
4 70 11.3 -.25 3.5 10.15 -.25 3.3 11.15 -.25 2.5 12.25 -.25 2.8
4 70 12.25 -.25 2.8 11.15 -.25 2.5 12.5 -.25 1.8 14.95 -.25 .8
4 70 7.75 -.25 13.4 8 -.25 13.65 6.15 -.25 15.45 6.2 -.25 11.9
3 70 7.75 -.25 13.4 6.2 -.25 11.9 7.65 -.25 13
4 70 7.6 -.25 11.9 7.65 -.25 13 6.2 -.25 11.9 6.2 -.25 10.85
4 70 7.6 -.25 10.9 7.6 -.25 11.9 6.2 -.25 10.85 7.45 -.25 10.05
4 70 7.05 -.25 9.3 7.45 -.25 10.05 6.2 -.25 10.85 6.1 -.25 10.2
4 70 6.45 -.25 8.45 7.05 -.25 9.3 6.1 -.25 10.2 5.7 -.25 9.6
4 70 5.45 -.25 7.4 6.45 -.25 8.45 5.7 -.25 9.6 3.9 -.25 7.8
4 70 4.55 -.25 6.45 5.45 -.25 7.4 3.9 -.25 7.8 2.9 -.25 6.75
4 70 4.55 -.25 6.45 2.9 -.25 6.75 2.65 -.25 6.15 4.25 -.25 5.95
4 70 4.25 -.25 5.95 2.65 -.25 6.15 2.5 -.25 5.25 4.05 -.25 5.3
4 70 4.05 -.25 5.3 2.5 -.25 5.25 2.35 -.25 1.55 3.9 -.25 1.35
4 70 3.9 -.25 1.35 2.35 -.25 1.55 2.25 -.25 -4.95 3.5 -.25 -4.8
4 70 3.35 -.25 -6.65 3.5 -.25 -4.8 2.25 -.25 -4.95 2.25 -.25 -6.8
4 70 3.35 -.25 -6.65 2.25 -.25 -6.8 2.35 -.25 -7.4 3.45 -.25 -7.1
4 70 3.45 -.25 -7.1 2.35 -.25 -7.4 2.7 -.25 -7.9 3.8 -.25 -7.4
4 70 3.8 -.25 -7.4 2.7 -.25 -7.9 3.75 -.25 -8.45 4.7 -.25 -7.8
4 70 4.7 -.25 -7.8 3.75 -.25 -8.45 5.05 -.25 -9 5.7 -.25 -8.4
4 70 6.05 -.25 -8.8 5.7 -.25 -8.4 5.05 -.25 -9 5.3 -.25 -9.25
4 70 6.2 -.25 -9.3 6.05 -.25 -8.8 5.3 -.25 -9.25 5.35 -.25 -9.7
4 70 6.2 -.25 -10.1 6.2 -.25 -9.3 5.35 -.25 -9.7 5.45 -.25 -12.4
4 70 6.05 -.25 -12.45 6.2 -.25 -10.1 5.45 -.25 -12.4 5.8 -.25 -14.8
4 308 -10.95 -.25 13 -10.85 -.25 15.35 -11.2 -.25 15.25 -11.3 -.25 12.55
4 308 -11 -.25 9.7 -10.95 -.25 13 -11.3 -.25 12.55 -11.35 -.25 9.3
4 308 -10.95 -.25 7.5 -11 -.25 9.7 -11.35 -.25 9.3 -11.31 -.25 7.55
4 308 -10.8 -.25 4.75 -10.9 -.25 5.55 -11.25 -.25 5.6 -11.15 -.25 4.3
4 308 -10.6 -.25 4 -10.8 -.25 4.75 -11.15 -.25 4.3 -11 -.25 3.6
4 308 -10.6 -.25 4 -11 -.25 3.6 -10.9 -.25 3.3 -10.65 -.25 3.2
4 308 -10.6 -.25 4 -10.65 -.25 3.2 -10.4 -.25 3.35 -10.25 -.25 3.7
4 308 -10.6 -.25 4 -10.25 -.25 3.7 -10.1 -.25 4.2 -10.4 -.25 4.75
4 308 -10.4 -.25 4.75 -10.1 -.25 4.2 -10 -.25 4.75 -10.3 -.25 5.45
4 308 -10.3 -.25 5.45 -10 -.25 4.75 -9.9 -.25 5.75 -10.2 -.25 7.45
4 308 -10.2 -.25 7.45 -9.9 -.25 5.75 -9.85 -.25 7.3 -10.1 -.25 8.25
4 308 -9.05 -.25 6.85 -10.1 -.25 8.25 -9.85 -.25 7.3 -9.05 -.25 6.25
4 308 -7.55 -.25 18.75 -8 -.25 18.75 -7.85 -.25 18.2 -7.4 -.25 18.3
4 308 -7.4 -.25 17.9 -7.4 -.25 18.3 -7.85 -.25 18.2 -7.9 -.25 17.8
4 308 -7.5 -.25 17.55 -7.4 -.25 17.9 -7.9 -.25 17.8 -8.1 -.25 17.35
4 308 -7.65 -.25 17.25 -7.5 -.25 17.55 -8.1 -.25 17.35 -9.25 -.25 15.6
4 308 -9.05 -.25 15 -7.65 -.25 17.25 -9.25 -.25 15.6 -9.5 -.25 15.2
4 308 -9.15 -.25 14.7 -9.05 -.25 15 -9.5 -.25 15.2 -9.65 -.25 14.75
4 308 -9.2 -.25 14.35 -9.15 -.25 14.7 -9.65 -.25 14.75 -9.7 -.25 11.5
4 308 -9.25 -.25 11.15 -9.2 -.25 14.35 -9.7 -.25 11.5 -9.65 -.25 10.65
3 308 -9.25 -.25 11.15 -9.65 -.25 10.65 -9.2 -.25 10.7
4 308 -9.05 -.25 10.25 -9.2 -.25 10.7 -9.65 -.25 10.65 -8.95 -.25 9.3
4 308 -4.05 -.25 2 -6.35 -.25 5.8 -5.65 -.25 3.9 -4.15 -.25 1.45
4 308 -3.65 -.25 1.3 -4.05 -.25 2 -4.15 -.25 1.45 -3.95 -.25 1
4 308 -3.55 -.25 .9 -3.65 -.25 1.3 -3.95 -.25 1 -3.85 -.25 .5
4 308 -3.5 -.25 .5 -3.55 -.25 .9 -3.85 -.25 .5 -3.85 -.25 -1.25
4 308 -3.55 -.25 -1.7 -3.5 -.25 .5 -3.85 -.25 -1.25 -4 -.25 -2.95
4 308 -3.7 -.25 -3.45 -3.55 -.25 -1.7 -4 -.25 -2.95 -4.25 -.25 -4.35
4 308 -3.9 -.25 -4.55 -3.7 -.25 -3.45 -4.25 -.25 -4.35 -4.05 -.25 -4.85
4 308 -4.25 -.25 -4.95 -4.05 -.25 -4.85 -4.25 -.25 -4.35 -4.5 -.25 -4.8
4 308 -4.6 -.25 -4.55 -4.5 -.25 -4.8 -4.25 -.25 -4.35 -4.5 -.25 -2
4 308 -4.85 -.25 -2 -4.6 -.25 -4.55 -4.5 -.25 -2 -5 -.25 .15
4 308 -5 -.25 .15 -4.5 -.25 -2 -4.65 -.25 .3 -5.05 -.25 .45
4 308 -5.05 -.25 .45 -4.65 -.25 .3 -4.75 -.25 .7 -5.15 -.25 .7
4 308 -5.15 -.25 .7 -4.75 -.25 .7 -5.5 -.25 1.7 -7.7 -.25 4.25
4 308 -7.7 -.25 4.25 -5.5 -.25 1.7 -7.5 -.25 4.55 -9.05 -.25 6.25
3 308 -9.05 -.25 6.85 -9.05 -.25 6.25 -7.5 -.25 4.55
4 308 6.15 -.25 15.45 6.2 -.25 18.75 5.9 -.25 18.75 5.85 -.25 15.35
4 308 6.15 -.25 15.45 5.85 -.25 15.35 5.9 -.25 12 6.2 -.25 11.9
4 308 6.2 -.25 11.9 5.9 -.25 12 5.9 -.25 10.9 6.2 -.25 10.85
4 308 6.2 -.25 10.85 5.9 -.25 10.9 5.85 -.25 10.55 6.1 -.25 10.2
4 308 6.1 -.25 10.2 5.85 -.25 10.55 5.75 -.25 10.25 5.7 -.25 9.6
3 308 5.75 -.25 10.25 5.55 -.25 10 5.7 -.25 9.6
4 308 5.7 -.25 9.6 5.55 -.25 10 3.7 -.25 8.1 3.9 -.25 7.8
4 308 3.9 -.25 7.8 3.7 -.25 8.1 2.65 -.25 7.05 2.9 -.25 6.75
4 308 2.9 -.25 6.75 2.65 -.25 7.05 2.4 -.25 6.65 2.65 -.25 6.15
4 308 2.65 -.25 6.15 2.4 -.25 6.65 2.25 -.25 6.15 2.2 -.25 5.7
3 308 2.65 -.25 6.15 2.2 -.25 5.7 2.5 -.25 5.25
4 308 2.35 -.25 1.55 2.5 -.25 5.25 2.2 -.25 5.7 1.95 -.25 .1
4 308 2.25 -.25 -4.95 2.35 -.25 1.55 1.95 -.25 .1 1.9 -.25 -6.9
4 308 2.25 -.25 -6.8 2.25 -.25 -4.95 1.9 -.25 -6.9 1.95 -.25 -7.45
4 308 2.35 -.25 -7.4 2.25 -.25 -6.8 1.95 -.25 -7.45 2.1 -.25 -7.85
4 308 2.7 -.25 -7.9 2.35 -.25 -7.4 2.1 -.25 -7.85 2.45 -.25 -8.15
4 308 3.75 -.25 -8.45 2.7 -.25 -7.9 2.45 -.25 -8.15 3.8 -.25 -8.85
4 308 5.05 -.25 -9 3.75 -.25 -8.45 3.8 -.25 -8.85 4.9 -.25 -9.25
4 308 5.3 -.25 -9.25 5.05 -.25 -9 4.9 -.25 -9.25 4.95 -.25 -9.45
4 308 5.35 -.25 -9.7 5.3 -.25 -9.25 4.95 -.25 -9.45 5 -.25 -10.85
4 308 5.45 -.25 -12.4 5.35 -.25 -9.7 5 -.25 -10.85 5.25 -.25 -13.85
4 308 5.8 -.25 -14.8 5.45 -.25 -12.4 5.25 -.25 -13.85 5.5 -.25 -15.2
4 308 5.8 -.25 -14.8 5.5 -.25 -15.2 5.65 -.25 -15.45 5.9 -.25 -15.45
4 308 5.8 -.25 -14.8 5.9 -.25 -15.45 6.05 -.25 -15.25 6.15 -.25 -14.9
4 308 6.05 -.25 -12.45 5.8 -.25 -14.8 6.15 -.25 -14.9 6.4 -.25 -12.2
4 308 6.2 -.25 -10.1 6.05 -.25 -12.45 6.4 -.25 -12.2 6.55 -.25 -9.65
4 308 6.2 -.25 -9.3 6.2 -.25 -10.1 6.55 -.25 -9.65 6.5 -.25 -8.95
4 308 6.2 -.25 -9.3 6.5 -.25 -8.95 6.4 -.25 -8.6 6.05 -.25 -8.8
4 308 6.05 -.25 -8.8 6.4 -.25 -8.6 6.2 -.25 -8.3 5.7 -.25 -8.4
4 308 5.7 -.25 -8.4 6.2 -.25 -8.3 5.9 -.25 -8.05 4.7 -.25 -7.8
4 308 4.7 -.25 -7.8 5.9 -.25 -8.05 4.8 -.25 -7.45 3.95 -.25 -7.05
4 308 3.8 -.25 -7.4 4.7 -.25 -7.8 3.95 -.25 -7.05 3.45 -.25 -7.1
4 308 3.45 -.25 -7.1 3.95 -.25 -7.05 3.8 -.25 -6.85 3.35 -.25 -6.65
3 308 3.75 -.25 -6.6 3.35 -.25 -6.65 3.8 -.25 -6.85
4 308 3.5 -.25 -4.8 3.35 -.25 -6.65 3.75 -.25 -6.6 3.9 -.25 -4.7
4 308 3.5 -.25 -4.8 3.9 -.25 -4.7 4.05 -.25 -2.15 3.9 -.25 1.35
4 308 4.05 -.25 5.3 3.9 -.25 1.35 4.25 -.25 1.55 4.35 -.25 5
4 308 4.05 -.25 5.3 4.35 -.25 5 4.45 -.25 5.5 4.25 -.25 5.95
4 308 4.25 -.25 5.95 4.45 -.25 5.5 4.65 -.25 5.95 4.55 -.25 6.45
4 308 4.55 -.25 6.45 4.65 -.25 5.95 4.9 -.25 6.3 5.45 -.25 7.4
4 308 5.45 -.25 7.4 4.9 -.25 6.3 5.85 -.25 7.3 6.45 -.25 8.45
4 308 6.45 -.25 8.45 5.85 -.25 7.3 6.8 -.25 8.3 7.3 -.25 9
4 308 7.05 -.25 9.3 6.45 -.25 8.45 7.3 -.25 9 7.6 -.25 9.6
4 308 7.45 -.25 10.05 7.05 -.25 9.3 7.6 -.25 9.6 7.8 -.25 10.15
4 308 7.45 -.25 10.05 7.8 -.25 10.15 7.9 -.25 10.7 7.6 -.25 10.9
4 308 7.6 -.25 10.9 7.9 -.25 10.7 7.95 -.25 11.4 7.6 -.25 11.9
4 308 7.6 -.25 11.9 7.95 -.25 11.4 8 -.25 12.7 7.65 -.25 13
4 308 7.75 -.25 13.4 7.65 -.25 13 8 -.25 12.7 8.05 -.25 13.1
4 308 8 -.25 13.65 7.75 -.25 13.4 8.05 -.25 13.1 8.2 -.25 13.2
4 308 8.3 -.25 13.6 8 -.25 13.65 8.2 -.25 13.2 8.55 -.25 13.4
4 308 8.55 -.25 13.4 8.2 -.25 13.2 8.35 -.25 13.1 9.15 -.25 12.65
4 308 9.15 -.25 12.65 8.35 -.25 13.1 9 -.25 12.3 9.7 -.25 11.95
4 308 9.7 -.25 11.95 9 -.25 12.3 9.45 -.25 11.65 9.85 -.25 11.45
4 308 9.85 -.25 11.45 9.45 -.25 11.65 9.55 -.25 11.25 9.9 -.25 10.65
4 308 9.9 -.25 10.65 9.55 -.25 11.25 9.55 -.25 10.35 9.65 -.25 7.3
4 308 9.65 -.25 7.3 9.55 -.25 10.35 9.3 -.25 6.75 9.55 -.25 5.2
4 308 9.55 -.25 5.2 9.3 -.25 6.75 9.25 -.25 5 9.3 -.25 4.35
4 308 9.6 -.25 4.35 9.55 -.25 5.2 9.3 -.25 4.35 9.35 -.25 3.9
4 308 9.75 -.25 3.9 9.6 -.25 4.35 9.35 -.25 3.9 9.55 -.25 3.5
4 308 10.15 -.25 3.3 9.75 -.25 3.9 9.55 -.25 3.5 9.9 -.25 3.1
4 308 10.15 -.25 3.3 9.9 -.25 3.1 10.45 -.25 2.6 11.15 -.25 2.5
4 308 11.15 -.25 2.5 10.45 -.25 2.6 11.5 -.25 1.95 12.5 -.25 1.8
4 308 12.5 -.25 1.8 11.5 -.25 1.95 12.8 -.25 1.35 14.95 -.25 .8
3 308 12.8 -.25 1.35 15.05 -.25 .45 14.95 -.25 .8
4 308 9.3 -.25 18.75 8.9 -.25 18.75 8.85 -.25 15.4 9.2 -.25 15.25
4 308 9.25 -.25 14.75 9.2 -.25 15.25 8.85 -.25 15.4 8.95 -.25 14.5
4 308 9.35 -.25 14.4 9.25 -.25 14.75 8.95 -.25 14.5 9.15 -.25 14
4 308 9.55 -.25 14.1 9.35 -.25 14.4 9.15 -.25 14 10.35 -.25 12.65
4 308 10.65 -.25 12.85 9.55 -.25 14.1 10.35 -.25 12.65 10.9 -.25 12.5
4 308 10.9 -.25 12.5 10.35 -.25 12.65 10.65 -.25 12.25 11.05 -.25 12.2
4 308 11.05 -.25 12.2 10.65 -.25 12.25 10.85 -.25 11.8 11.15 -.25 11.85
4 308 11.25 -.25 11.4 11.15 -.25 11.85 10.85 -.25 11.8 10.95 -.25 11.15
4 308 11.3 -.25 10.9 11.25 -.25 11.4 10.95 -.25 11.15 11.26 -.25 10.25
4 308 11.3 -.25 4 11.1 -.25 4.3 10.85 -.25 4.1 11.3 -.25 3.5
4 308 11.85 -.25 3.5 11.3 -.25 4 11.3 -.25 3.5 12.25 -.25 2.8
4 308 13 -.25 2.7 11.85 -.25 3.5 12.25 -.25 2.8 14.75 -.25 1.4
4 308 14.75 -.25 1.4 12.25 -.25 2.8 14.95 -.25 .8 15.45 -.25 .85
4 308 15.45 -.25 .85 14.95 -.25 .8 15.05 -.25 .45 15.45 -.25 .3
4 308 15.7 -.25 .65 15.45 -.25 .85 15.45 -.25 .3 15.75 -.25 .5
3 308 15.75 -.25 .5 15.45 -.25 .3 15.6 -.25 .3
4 308 -7.05 -.25 6.95 -9.05 -.25 10.25 -8.95 -.25 9.3 -7.45 -.25 6.9
4 0x2464628 -11.35 -.25 17.4 -11.55 -.25 18.2 -11.9 -.25 17.05 -11.55 -.25 16.55
4 0x2464628 -11.55 -.25 16.55 -11.9 -.25 17.05 -12.5 -.25 14.2 -12.1 -.25 13.85
4 0x2464628 -12.1 -.25 13.85 -12.5 -.25 14.2 -12.9 -.25 11.4 -12.45 -.25 11.25
4 0x2464628 -12.45 -.25 11.25 -12.9 -.25 11.4 -13 -.25 10.35 -12.5 -.25 10.3
4 0x2464628 -12.5 -.25 10.3 -13 -.25 10.35 -12.95 -.25 9.8 -12.45 -.25 9.8
4 0x2464628 -12.45 -.25 9.8 -12.95 -.25 9.8 -12.7 -.25 8.95 -12.2 -.25 9
4 0x2464628 -12.2 -.25 9 -12.7 -.25 8.95 -12.1 -.25 7.9 -11.31 -.25 7.55
4 0x2464628 -16.8 -.25 2.3 -17.5 -.25 2.45 -17.5 -.25 1.35 -16.85 -.25 1.4
4 0x2464628 -16.8 -.25 2.3 -16.85 -.25 1.4 -16.35 -.25 1.45 -16.35 -.25 2.35
4 0x2464628 -16.35 -.25 2.35 -16.35 -.25 1.45 -15.55 -.25 1.75 -15.95 -.25 2.6
4 0x2464628 -15.95 -.25 2.6 -15.55 -.25 1.75 -15.3 -.25 2.1 -15.4 -.25 3.2
4 0x2464628 -15.4 -.25 3.2 -15.3 -.25 2.1 -14.75 -.25 3.05 -14.9 -.25 3.8
4 0x2464628 -14.9 -.25 3.8 -14.75 -.25 3.05 -14.55 -.25 3.65 -14.7 -.25 4.1
3 0x2464628 -14.7 -.25 4.1 -14.55 -.25 3.65 -14.5 -.25 4.05
4 0x2464628 -15.45 -.25 1.45 -15.55 -.25 1.75 -16.35 -.25 1.45 -16.05 -.25 .9
4 0x2464628 -15.15 -.25 .5 -15.45 -.25 1.45 -16.05 -.25 .9 -15.8 -.25 -.05
4 0x2464628 -15 -.25 -.15 -15.15 -.25 .5 -15.8 -.25 -.05 -15.6 -.25 -.6
4 0x2464628 -15 -.25 -.15 -15.6 -.25 -.6 -15.35 -.25 -1.1 -14.7 -.25 -.85
4 0x2464628 -14.6 -.25 -1.25 -14.7 -.25 -.85 -15.35 -.25 -1.1 -14.6 -.25 -1.55
4 0x2464628 -14.75 -.25 -1.85 -14.6 -.25 -1.55 -15.35 -.25 -1.1 -15.4 -.25 -1.45
4 0x2464628 -14.95 -.25 -2.05 -14.75 -.25 -1.85 -15.4 -.25 -1.45 -15.6 -.25 -1.7
4 0x2464628 -14.95 -.25 -2.05 -15.6 -.25 -1.7 -15.7 -.25 -2.1 -15 -.25 -2.5
4 0x2464628 -15 -.25 -2.5 -15.7 -.25 -2.1 -15.7 -.25 -2.85 -15.05 -.25 -3.05
4 0x2464628 -15.2 -.25 -3.6 -15.05 -.25 -3.05 -15.7 -.25 -2.85 -15.8 -.25 -3.3
4 0x2464628 -17.5 -.25 -3.6 -17.5 -.25 -4.65 -16.75 -.25 -4.45 -16.75 -.25 -3.55
4 0x2464628 -16.75 -.25 -3.55 -16.75 -.25 -4.45 -16.05 -.25 -4.2 -15.8 -.25 -3.3
4 0x2464628 -15.2 -.25 -3.6 -15.8 -.25 -3.3 -16.05 -.25 -4.2 -15.75 -.25 -4.35
4 0x2464628 -15.05 -.25 -3.9 -15.2 -.25 -3.6 -15.75 -.25 -4.35 -15.15 -.25 -4.85
4 0x2464628 -13.95 -.25 -5.05 -15.05 -.25 -3.9 -15.15 -.25 -4.85 -14.4 -.25 -5.7
4 0x2464628 -13.65 -.25 -5.5 -13.95 -.25 -5.05 -14.4 -.25 -5.7 -14.2 -.25 -6.1
4 0x2464628 -13.55 -.25 -5.85 -13.65 -.25 -5.5 -14.2 -.25 -6.1 -13.55 -.25 -6.3
4 0x2464628 -13.55 -.25 -6.3 -14.2 -.25 -6.1 -14.05 -.25 -6.65 -13.5 -.25 -7.25
4 0x2464628 -13.5 -.25 -7.25 -14.05 -.25 -6.65 -14.1 -.25 -7.4 -13.7 -.25 -7.85
4 0x2464628 -16.6 -.25 -8.65 -17.5 -.25 -8.05 -17.5 -.25 -8.65 -16.65 -.25 -9.2
4 0x2464628 -15.7 -.25 -9.1 -16.6 -.25 -8.65 -16.65 -.25 -9.2 -15.8 -.25 -9.6
4 0x2464628 -15.2 -.25 -9.2 -15.7 -.25 -9.1 -15.8 -.25 -9.6 -15.1 -.25 -9.75
4 0x2464628 -14.85 -.25 -9.2 -15.2 -.25 -9.2 -15.1 -.25 -9.75 -14.6 -.25 -9.7
4 0x2464628 -14.6 -.25 -9.05 -14.85 -.25 -9.2 -14.6 -.25 -9.7 -14.25 -.25 -9.5
4 0x2464628 -14.6 -.25 -9.05 -14.25 -.25 -9.5 -14.05 -.25 -9.2 -14.45 -.25 -8.8
4 0x2464628 -14.45 -.25 -8.8 -14.05 -.25 -9.2 -13.9 -.25 -8.55 -14.35 -.25 -8.25
4 0x2464628 -14.35 -.25 -8.25 -13.9 -.25 -8.55 -13.85 -.25 -8.2 -14.25 -.25 -7.85
4 0x2464628 -14.25 -.25 -7.85 -13.85 -.25 -8.2 -13.7 -.25 -7.85 -14.1 -.25 -7.4
4 0x2464628 -13.5 -.25 -7.25 -13.7 -.25 -7.85 -13.3 -.25 -7.9 -13.1 -.25 -7.5
4 0x2464628 -13.1 -.25 -7.5 -13.3 -.25 -7.9 -12.95 -.25 -8.05 -12.65 -.25 -7.7
4 0x2464628 -12.65 -.25 -7.7 -12.95 -.25 -8.05 -12.6 -.25 -8.2 -12.25 -.25 -7.75
4 0x2464628 -12.25 -.25 -7.75 -12.6 -.25 -8.2 -12.15 -.25 -8.25 -11.7 -.25 -7.65
4 0x2464628 -11.7 -.25 -7.65 -12.15 -.25 -8.25 -11.65 -.25 -8.15 -11.1 -.25 -7.95
4 0x2464628 -11.15 -.25 -7.45 -11.7 -.25 -7.65 -11.1 -.25 -7.95 -10.6 -.25 -7.7
4 0x2464628 -10.75 -.25 -7.15 -11.15 -.25 -7.45 -10.6 -.25 -7.7 -10.15 -.25 -7.35
4 0x2464628 -10.45 -.25 -6.85 -10.75 -.25 -7.15 -10.15 -.25 -7.35 -9.9 -.25 -6.95
4 0x2464628 -10.4 -.25 -6.5 -10.45 -.25 -6.85 -9.9 -.25 -6.95 -9.9 -.25 -6.35
4 0x2464628 -10.45 -.25 -6.15 -10.4 -.25 -6.5 -9.9 -.25 -6.35 -9.75 -.25 -6.15
4 0x2464628 -10.45 -.25 -6.15 -9.75 -.25 -6.15 -9.8 -.25 -5.85 -9.95 -.25 -5.55
4 0x2464628 -10.45 -.25 -6.15 -9.95 -.25 -5.55 -10.15 -.25 -5.4 -10.65 -.25 -5.9
4 0x2464628 -10.65 -.25 -5.9 -10.15 -.25 -5.4 -10.4 -.25 -5.25 -10.9 -.25 -5.55
4 0x2464628 -11.1 -.25 -5.2 -10.9 -.25 -5.55 -10.4 -.25 -5.25 -10.55 -.25 -5
4 0x2464628 -11.25 -.25 -4.6 -11.1 -.25 -5.2 -10.55 -.25 -5 -10.8 -.25 -4.25
4 0x2464628 -11.3 -.25 -3.85 -11.25 -.25 -4.6 -10.8 -.25 -4.25 -10.85 -.25 -3.75
4 0x2464628 -11.3 -.25 -3.5 -11.3 -.25 -3.85 -10.85 -.25 -3.75 -10.8 -.25 -3.5
4 0x2464628 -11.2 -.25 -3.25 -11.3 -.25 -3.5 -10.8 -.25 -3.5 -10.95 -.25 -2.9
4 0x2464628 -10.95 -.25 -2.9 -10.8 -.25 -3.5 -10.65 -.25 -3.25 -10.15 -.25 -2.05
4 0x2464628 -10.15 -.25 -2.05 -10.65 -.25 -3.25 -9.65 -.25 -2.25 -9.4 -.25 -1.95
4 0x2464628 -12.9 -.25 2.35 -13.1 -.25 2.3 -13.1 -.25 2.15 -12.7 -.25 2.3
4 0x2464628 -12.7 -.25 2.3 -13.1 -.25 2.15 -13 -.25 2 -12.05 -.25 2.05
4 0x2464628 -12.05 -.25 2.05 -13 -.25 2 -12.4 -.25 1.65 -11.35 -.25 1.65
4 0x2464628 -11.35 -.25 1.65 -12.4 -.25 1.65 -11.6 -.25 1.15 -10.6 -.25 1.15
4 0x2464628 -10.6 -.25 1.15 -11.6 -.25 1.15 -10.95 -.25 .7 -9.95 -.25 .65
4 0x2464628 -9.95 -.25 .65 -10.95 -.25 .7 -10.4 -.25 .25 -9.55 -.25 .25
4 0x2464628 -9.55 -.25 .25 -10.4 -.25 .25 -10.15 -.25 -.05 -9.55 -.25 -.15
4 0x2464628 -9.55 -.25 -.15 -10.15 -.25 -.05 -10.05 -.25 -.45 -9.45 -.25 -.65
4 0x2464628 -9.45 -.25 -.65 -10.05 -.25 -.45 -9.8 -.25 -1 -9.25 -.25 -1.15
4 0x2464628 -9.25 -.25 -1.15 -9.8 -.25 -1 -9.75 -.25 -1.35 -9.25 -.25 -1.55
4 0x2464628 -9.25 -.25 -1.55 -9.75 -.25 -1.35 -9.85 -.25 -1.7 -9.4 -.25 -1.95
3 0x2464628 -9.85 -.25 -1.7 -10.15 -.25 -2.05 -9.4 -.25 -1.95
4 0x2464628 -9.45 -.25 4 -10 -.25 4.75 -10.1 -.25 4.2 -9.7 -.25 3.65
4 0x2464628 -8.95 -.25 3.25 -9.45 -.25 4 -9.7 -.25 3.65 -9.3 -.25 3
4 0x2464628 -8.95 -.25 3.25 -9.3 -.25 3 -9.15 -.25 2.7 -8.75 -.25 2.9
4 0x2464628 -8.65 -.25 2.55 -8.75 -.25 2.9 -9.15 -.25 2.7 -9.1 -.25 2.45
4 0x2464628 -8.65 -.25 2.15 -8.65 -.25 2.55 -9.1 -.25 2.45 -9.15 -.25 2.15
4 0x2464628 -8.75 -.25 1.8 -8.65 -.25 2.15 -9.15 -.25 2.15 -9.3 -.25 1.75
4 0x2464628 -8.95 -.25 1.35 -8.75 -.25 1.8 -9.3 -.25 1.75 -9.6 -.25 1.15
4 0x2464628 -9.25 -.25 .9 -8.95 -.25 1.35 -9.6 -.25 1.15 -9.95 -.25 .65
3 0x2464628 -9.25 -.25 .9 -9.95 -.25 .65 -9.55 -.25 .25
4 0x2464628 -6 -.25 6.3 -6.35 -.25 5.8 -5.5 -.25 5.65 -4.65 -.25 5.9
4 0x2464628 -4.65 -.25 5.9 -5.5 -.25 5.65 -4.6 -.25 5.35 -3.8 -.25 5.6
4 0x2464628 -3.8 -.25 5.6 -4.6 -.25 5.35 -3.7 -.25 5 -3.3 -.25 5.3
4 0x2464628 -3.1 -.25 5.05 -3.3 -.25 5.3 -3.7 -.25 5 -3.6 -.25 4.75
4 0x2464628 -2.8 -.25 4.35 -3.1 -.25 5.05 -3.6 -.25 4.75 -3.25 -.25 4
4 0x2464628 -2.6 -.25 4 -2.8 -.25 4.35 -3.25 -.25 4 -2.95 -.25 3.6
4 0x2464628 -2.6 -.25 4 -2.95 -.25 3.6 -2.7 -.25 3.4 -2.4 -.25 3.95
4 0x2464628 -2.4 -.25 3.95 -2.7 -.25 3.4 -2.4 -.25 3.35 -2.1 -.25 3.4
4 0x2464628 -2.1 -.25 4 -2.4 -.25 3.95 -2.1 -.25 3.4 -1.6 -.25 3.65
4 0x2464628 -1.75 -.25 4.15 -2.1 -.25 4 -1.6 -.25 3.65 -.9 -.25 4.25
4 0x2464628 -1 -.25 4.8 -1.75 -.25 4.15 -.9 -.25 4.25 -.1 -.25 5.25
4 0x2464628 -.4 -.25 5.6 -1 -.25 4.8 -.1 -.25 5.25 .3 -.25 6.1
4 0x2464628 -.1 -.25 6.2 -.4 -.25 5.6 .3 -.25 6.1 .35 -.25 6.5
4 0x2464628 -.05 -.25 6.6 -.1 -.25 6.2 .35 -.25 6.5 .3 -.25 6.9
4 0x2464628 -.1 -.25 6.9 -.05 -.25 6.6 .3 -.25 6.9 .1 -.25 7.3
4 0x2464628 -.45 -.25 7.45 -.1 -.25 6.9 .1 -.25 7.3 -.4 -.25 8.05
4 0x2464628 -1.1 -.25 8.35 -.45 -.25 7.45 -.4 -.25 8.05 -.85 -.25 8.7
4 0x2464628 -1.8 -.25 9.4 -1.1 -.25 8.35 -.85 -.25 8.7 -1.3 -.25 9.3
4 0x2464628 -4.6 -.25 10.15 -4.8 -.25 10 -4.8 -.25 9.85 -4.55 -.25 9.7
4 0x2464628 -4.05 -.25 10.2 -4.6 -.25 10.15 -4.55 -.25 9.7 -3.85 -.25 9.55
4 0x2464628 -2.85 -.25 10.2 -4.05 -.25 10.2 -3.85 -.25 9.55 -2.7 -.25 9.4
4 0x2464628 -2.05 -.25 10.1 -2.85 -.25 10.2 -2.7 -.25 9.4 -1.8 -.25 9.4
4 0x2464628 -1.45 -.25 10.05 -2.05 -.25 10.1 -1.8 -.25 9.4 -1.2 -.25 9.8
3 0x2464628 -1.2 -.25 9.8 -1.8 -.25 9.4 -1.3 -.25 9.55
3 0x2464628 -1.3 -.25 9.55 -1.8 -.25 9.4 -1.3 -.25 9.3
4 0x2464628 -1.45 -.25 10.05 -1.2 -.25 9.8 -.9 -.25 10 -.8 -.25 10.2
4 0x2464628 -1.35 -.25 10.3 -1.45 -.25 10.05 -.8 -.25 10.2 -.75 -.25 10.5
4 0x2464628 -1.4 -.25 10.6 -1.35 -.25 10.3 -.75 -.25 10.5 -.9 -.25 11.1
4 0x2464628 -.65 -.25 11.2 -.9 -.25 11.1 -.75 -.25 10.5 -.35 -.25 10.7
4 0x2464628 -.65 -.25 11.2 -.35 -.25 10.7 -.1 -.25 10.95 -.45 -.25 11.35
4 0x2464628 -.45 -.25 11.35 -.1 -.25 10.95 .3 -.25 11.75 -.2 -.25 11.8
4 0x2464628 .2 -.25 12.65 -.2 -.25 11.8 .3 -.25 11.75 1 -.25 13.4
4 0x2464628 .55 -.25 13.5 .2 -.25 12.65 1 -.25 13.4 1.05 -.25 13.7
4 0x2464628 -1.4 -.25 10.6 -.9 -.25 11.1 -1.15 -.25 11.25 -1.65 -.25 10.9
4 0x2464628 -1.65 -.25 10.9 -1.15 -.25 11.25 -1.6 -.25 11.85 -2.3 -.25 11.6
4 0x2464628 -2.3 -.25 11.6 -1.6 -.25 11.85 -2.1 -.25 12.8 -2.8 -.25 12.65
4 0x2464628 -2.8 -.25 12.65 -2.1 -.25 12.8 -2.45 -.25 13.35 -3 -.25 13.1
4 0x2464628 -3 -.25 13.1 -2.45 -.25 13.35 -2.7 -.25 13.8 -3.35 -.25 13.5
4 0x2464628 -3.5 -.25 13.7 -3.35 -.25 13.5 -2.7 -.25 13.8 -3.55 -.25 14
4 0x2464628 -3.4 -.25 14.35 -3.55 -.25 14 -2.7 -.25 13.8 -2.7 -.25 14.15
4 0x2464628 -3 -.25 15.1 -3.4 -.25 14.35 -2.7 -.25 14.15 -2.4 -.25 14.65
4 0x2464628 -2.5 -.25 15.7 -3 -.25 15.1 -2.4 -.25 14.65 -2 -.25 15.15
4 0x2464628 -2 -.25 16.05 -2.5 -.25 15.7 -2 -.25 15.15 -1.6 -.25 15.35
4 0x2464628 -1.5 -.25 16.15 -2 -.25 16.05 -1.6 -.25 15.35 -.95 -.25 16.15
4 0x2464628 -.65 -.25 15.75 -.95 -.25 16.15 -1.6 -.25 15.35 -.7 -.25 15.6
3 0x2464628 -.7 -.25 15.6 -1.6 -.25 15.35 -1.2 -.25 15.35
4 0x2464628 -.2 -.25 15.35 -.7 -.25 15.6 -1.2 -.25 15.35 -.55 -.25 15.05
4 0x2464628 .55 -.25 14.75 -.2 -.25 15.35 -.55 -.25 15.05 .35 -.25 14.35
4 0x2464628 .95 -.25 14.3 .55 -.25 14.75 .35 -.25 14.35 .55 -.25 14.05
4 0x2464628 1.05 -.25 14 .95 -.25 14.3 .55 -.25 14.05 .6 -.25 13.8
4 0x2464628 1.05 -.25 13.7 1.05 -.25 14 .6 -.25 13.8 .55 -.25 13.5
4 0x2464628 -.05 -.25 16.1 -.95 -.25 16.15 -.65 -.25 15.75 .2 -.25 15.7
4 0x2464628 .6 -.25 16.15 -.05 -.25 16.1 .2 -.25 15.7 .9 -.25 15.8
4 0x2464628 .95 -.25 16.3 .6 -.25 16.15 .9 -.25 15.8 1.45 -.25 16
4 0x2464628 1.3 -.25 16.55 .95 -.25 16.3 1.45 -.25 16 1.7 -.25 16.3
4 0x2464628 1.45 -.25 16.95 1.3 -.25 16.55 1.7 -.25 16.3 1.9 -.25 17.05
4 0x2464628 1.6 -.25 17.4 1.45 -.25 16.95 1.9 -.25 17.05 2.05 -.25 17.35
4 0x2464628 1.85 -.25 17.75 1.6 -.25 17.4 2.05 -.25 17.35 2.25 -.25 17.65
4 0x2464628 1.95 -.25 18 1.85 -.25 17.75 2.25 -.25 17.65 2.35 -.25 18.05
4 0x2464628 1.9 -.25 18.75 1.95 -.25 18 2.35 -.25 18.05 2.3 -.25 18.75
3 0x2464628 -6.77 -.25 6.49 -6.35 -.25 5.8 -6 -.25 6.3
3 0x2464628 -12.1 -.25 7.9 -11.29 -.25 6.75 -11.31 -.25 7.55
4 308 -10.95 -.25 7.5 -11.31 -.25 7.55 -11.29 -.25 6.75 -10.9 -.25 5.55
3 308 -11.29 -.25 6.75 -11.25 -.25 5.6 -10.9 -.25 5.55
3 308 -7.05 -.25 6.95 -7.45 -.25 6.9 -6.77 -.25 6.49
4 308 -7.45 -.25 6.9 -5.65 -.25 3.9 -6.35 -.25 5.8 -6.77 -.25 6.49
4 308 -10.9 -.25 18.75 -11.2 -.25 18.75 -11.2 -.25 17.85 -10.85 -.25 15.35
3 308 -11.2 -.25 17.85 -11.2 -.25 15.25 -10.85 -.25 15.35
4 0x2464628 -11.55 -.25 18.2 -11.35 -.25 17.4 -11.2 -.25 17.85 -11.2 -.25 18.75
4 0x2464628 5.55 -.25 1.55 5.4 -.25 .9 7.45 -.25 2.5 7.6 -.25 3.1
4 0x2464628 7.6 -.25 3.1 7.45 -.25 2.5 9.35 -.25 3.9 9.3 -.25 4.35
4 0x2464628 12.55 -.25 8.95 11.7 -.25 9.75 11.7 -.25 8.8 12.3 -.25 8.3
4 0x2464628 13.05 -.25 8.55 12.55 -.25 8.95 12.3 -.25 8.3 12.45 -.25 8
4 0x2464628 13.05 -.25 8.55 12.45 -.25 8 13.05 -.25 7.8 13.5 -.25 7.8
4 0x2464628 13.5 -.25 8.3 13.05 -.25 8.55 13.5 -.25 7.8 14.45 -.25 7.6
4 0x2464628 14.55 -.25 8.05 13.5 -.25 8.3 14.45 -.25 7.6 15.25 -.25 7.4
4 0x2464628 15.55 -.25 7.85 14.55 -.25 8.05 15.25 -.25 7.4 15.8 -.25 7.2
4 0x2464628 12.85 -.25 7.4 13.05 -.25 7.8 12.45 -.25 8 12.3 -.25 7.6
4 0x2464628 12.4 -.25 6.55 12.85 -.25 7.4 12.3 -.25 7.6 11.8 -.25 6.75
4 0x2464628 12.4 -.25 6.55 11.8 -.25 6.75 11.6 -.25 6.1 12.15 -.25 5.95
4 0x2464628 12.15 -.25 5.95 11.6 -.25 6.1 11.6 -.25 5.6 12.15 -.25 5.35
4 0x2464628 12.15 -.25 5.35 11.6 -.25 5.6 11.5 -.25 5.25 11.8 -.25 4.9
4 0x2464628 12.3 -.25 5 12.15 -.25 5.35 11.8 -.25 4.9 12.1 -.25 4.5
4 0x2464628 11.8 -.25 4.9 11.5 -.25 5.25 11.3 -.25 5 11.45 -.25 4.6
4 0x2464628 12.7 -.25 4.75 12.3 -.25 5 12.1 -.25 4.5 12.65 -.25 4.2
4 0x2464628 13.3 -.25 4.6 12.7 -.25 4.75 12.65 -.25 4.2 13.4 -.25 4.05
4 0x2464628 13.75 -.25 4.55 13.3 -.25 4.6 13.4 -.25 4.05 14 -.25 4.1
4 0x2464628 14.2 -.25 4.65 13.75 -.25 4.55 14 -.25 4.1 14.6 -.25 4.3
4 0x2464628 14.95 -.25 5.05 14.2 -.25 4.65 14.6 -.25 4.3 15.4 -.25 4.85
4 0x2464628 15.65 -.25 5.75 14.95 -.25 5.05 15.4 -.25 4.85 16.25 -.25 5.7
4 0x2464628 16.1 -.25 6.4 15.65 -.25 5.75 16.25 -.25 5.7 16.65 -.25 6.4
4 0x2464628 16.2 -.25 6.8 16.1 -.25 6.4 16.65 -.25 6.4 16.75 -.25 6.9
4 0x2464628 16.1 -.25 7.05 16.2 -.25 6.8 16.75 -.25 6.9 16.7 -.25 7.2
4 0x2464628 16.1 -.25 7.05 16.7 -.25 7.2 16.45 -.25 7.45 15.95 -.25 7.7
4 0x2464628 15.8 -.25 7.2 16.1 -.25 7.05 15.95 -.25 7.7 15.55 -.25 7.85
4 0x2464628 13.55 -.25 11.95 13.4 -.25 11.7 13.45 -.25 11.45 13.75 -.25 11.45
4 0x2464628 14.05 -.25 12.15 13.55 -.25 11.95 13.75 -.25 11.45 14.3 -.25 11.6
4 0x2464628 14.05 -.25 12.15 14.3 -.25 11.6 15.6 -.25 12.1 15.45 -.25 12.65
4 0x2464628 15.45 -.25 12.65 15.6 -.25 12.1 16.25 -.25 12.45 16.6 -.25 13.2
4 0x2464628 16.6 -.25 13.2 16.25 -.25 12.45 17.5 -.25 13.15 17.5 -.25 13.75
4 0x2464628 16.25 -.25 12.45 15.6 -.25 12.1 15.75 -.25 11.7 16.3 -.25 11.75
4 0x2464628 16.3 -.25 11.75 15.75 -.25 11.7 15.75 -.25 11.25 16.2 -.25 11.1
4 0x2464628 16.2 -.25 11.1 15.75 -.25 11.25 15.65 -.25 10.7 16 -.25 10.45
4 0x2464628 16 -.25 10.45 15.65 -.25 10.7 15.45 -.25 10.1 15.9 -.25 9.95
4 0x2464628 15.9 -.25 9.95 15.45 -.25 10.1 15.4 -.25 9.55 15.9 -.25 9.4
4 0x2464628 15.9 -.25 9.4 15.4 -.25 9.55 15.5 -.25 8.95 16 -.25 8.75
4 0x2464628 16 -.25 8.75 15.5 -.25 8.95 15.6 -.25 8.45 16 -.25 8.25
4 0x2464628 16 -.25 8.25 15.6 -.25 8.45 15.55 -.25 7.85 15.95 -.25 7.7
4 0x2464628 11.19 -.25 9.22 11.7 -.25 8.8 11.7 -.25 9.75 11.26 -.25 10.25
4 0x2464628 11.3 -.25 5 10.99 -.25 4.8 11 -.25 4.6 11.45 -.25 4.6
3 0x2464628 11.45 -.25 4.6 11 -.25 4.6 11.06 -.25 4.41
4 308 10.99 -.25 4.8 10.95 -.25 5.35 10.65 -.25 5.3 10.7 -.25 4.5
3 308 10.99 -.25 4.8 10.7 -.25 4.5 11 -.25 4.6
4 308 11.06 -.25 4.41 11 -.25 4.6 10.7 -.25 4.5 10.85 -.25 4.1
3 308 11.06 -.25 4.41 10.85 -.25 4.1 11.1 -.25 4.3
4 308 11.19 -.25 9.22 11.26 -.25 10.25 10.95 -.25 11.15 10.65 -.25 5.3
3 308 11.19 -.25 9.22 10.65 -.25 5.3 10.95 -.25 5.35
4 0x2464628 4.2 -.25 .6 4.16 -.25 -.03 5.4 -.25 .9 5.55 -.25 1.55
3 308 4.25 -.25 1.55 3.9 -.25 1.35 4.2 -.25 .6
3 308 3.9 -.25 1.35 4.16 -.25 -.03 4.2 -.25 .6
3 308 3.9 -.25 1.35 4.05 -.25 -2.15 4.16 -.25 -.03
3 330 5.55 -.25 1.55 4.25 -.25 1.55 4.2 -.25 .6
4 330 4.35 -.25 5 4.25 -.25 1.55 5.55 -.25 1.55 7.6 -.25 3.1
4 330 4.45 -.25 5.5 4.35 -.25 5 7.6 -.25 3.1 4.65 -.25 5.95
4 330 4.9 -.25 6.3 4.65 -.25 5.95 7.6 -.25 3.1 9.3 -.25 4.35
4 330 4.9 -.25 6.3 9.3 -.25 4.35 9.25 -.25 5 5.85 -.25 7.3
4 330 5.85 -.25 7.3 9.25 -.25 5 9.3 -.25 6.75 6.8 -.25 8.3
3 330 7.3 -.25 9 6.8 -.25 8.3 9.3 -.25 6.75
4 330 7.6 -.25 9.6 7.3 -.25 9 9.3 -.25 6.75 9.55 -.25 10.35
3 330 9.55 -.25 10.35 7.8 -.25 10.15 7.6 -.25 9.6
4 330 7.9 -.25 10.7 7.8 -.25 10.15 9.55 -.25 10.35 9.55 -.25 11.25
4 330 7.95 -.25 11.4 7.9 -.25 10.7 9.55 -.25 11.25 9.45 -.25 11.65
4 330 7.95 -.25 11.4 9.45 -.25 11.65 9 -.25 12.3 8 -.25 12.7
4 330 8 -.25 12.7 9 -.25 12.3 8.35 -.25 13.1 8.05 -.25 13.1
3 330 8.2 -.25 13.2 8.05 -.25 13.1 8.35 -.25 13.1
4 330 11.7 -.25 8.8 11.19 -.25 9.22 11.8 -.25 6.75 12.3 -.25 7.6
4 330 12.3 -.25 8.3 11.7 -.25 8.8 12.3 -.25 7.6 12.45 -.25 8
4 330 11.6 -.25 6.1 11.8 -.25 6.75 11.19 -.25 9.22 10.95 -.25 5.35
4 330 11.6 -.25 5.6 11.6 -.25 6.1 10.95 -.25 5.35 11.5 -.25 5.25
4 330 11.3 -.25 5 11.5 -.25 5.25 10.95 -.25 5.35 10.99 -.25 4.8
4 330 13.5 -.25 7.8 13.05 -.25 7.8 12.85 -.25 7.4 14.45 -.25 7.6
4 330 14.45 -.25 7.6 12.85 -.25 7.4 12.4 -.25 6.55 12.15 -.25 5.95
4 330 14.45 -.25 7.6 12.15 -.25 5.95 12.15 -.25 5.35 12.3 -.25 5
4 330 14.45 -.25 7.6 12.3 -.25 5 12.7 -.25 4.75 13.3 -.25 4.6
4 330 14.45 -.25 7.6 13.3 -.25 4.6 13.75 -.25 4.55 14.2 -.25 4.65
4 330 14.45 -.25 7.6 14.2 -.25 4.65 14.95 -.25 5.05 15.25 -.25 7.4
4 330 15.25 -.25 7.4 14.95 -.25 5.05 15.65 -.25 5.75 15.8 -.25 7.2
4 330 15.8 -.25 7.2 15.65 -.25 5.75 16.1 -.25 6.4 16.2 -.25 6.8
3 330 15.8 -.25 7.2 16.2 -.25 6.8 16.1 -.25 7.05
4 330 15.75 -.25 11.7 15.6 -.25 12.1 14.3 -.25 11.6 15.75 -.25 11.25
4 330 15.65 -.25 10.7 15.75 -.25 11.25 14.3 -.25 11.6 15.45 -.25 10.1
4 330 15.45 -.25 10.1 14.3 -.25 11.6 13.75 -.25 11.45 15.4 -.25 9.55
4 330 15.4 -.25 9.55 13.75 -.25 11.45 13.5 -.25 8.3 14.55 -.25 8.05
3 330 15.4 -.25 9.55 14.55 -.25 8.05 15.5 -.25 8.95
4 330 15.6 -.25 8.45 15.5 -.25 8.95 14.55 -.25 8.05 15.55 -.25 7.85
4 330 13.05 -.25 8.55 13.5 -.25 8.3 13.75 -.25 11.45 13.45 -.25 11.45
4 330 12.55 -.25 8.95 13.05 -.25 8.55 13.45 -.25 11.45 11.7 -.25 9.75
4 330 11.7 -.25 9.75 13.45 -.25 11.45 13.4 -.25 11.7 11.26 -.25 10.25
3 330 13.4 -.25 11.7 11.3 -.25 10.9 11.26 -.25 10.25
3 330 13.4 -.25 11.7 11.25 -.25 11.4 11.3 -.25 10.9
4 330 11.15 -.25 11.85 11.25 -.25 11.4 13.4 -.25 11.7 13.55 -.25 11.95
4 330 16.5 -.25 18.75 9.3 -.25 18.75 9.2 -.25 15.25 9.25 -.25 14.75
4 330 16.5 -.25 18.75 9.25 -.25 14.75 9.35 -.25 14.4 9.55 -.25 14.1
4 330 16.5 -.25 18.75 9.55 -.25 14.1 10.65 -.25 12.85 17.5 -.25 17.75
4 330 17.5 -.25 17.75 10.65 -.25 12.85 10.9 -.25 12.5 13.55 -.25 11.95
3 330 10.9 -.25 12.5 11.05 -.25 12.2 13.55 -.25 11.95
3 330 11.05 -.25 12.2 11.15 -.25 11.85 13.55 -.25 11.95
3 330 17.5 -.25 17.75 13.55 -.25 11.95 14.05 -.25 12.15
4 330 17.5 -.25 17.75 14.05 -.25 12.15 15.45 -.25 12.65 16.6 -.25 13.2
3 330 17.5 -.25 17.75 16.6 -.25 13.2 17.5 -.25 13.75
4 330 -1.15 -.25 11.25 -.9 -.25 11.1 -.65 -.25 11.2 -.45 -.25 11.35
4 330 -1.6 -.25 11.85 -1.15 -.25 11.25 -.45 -.25 11.35 -.2 -.25 11.8
4 330 -2.1 -.25 12.8 -1.6 -.25 11.85 -.2 -.25 11.8 .2 -.25 12.65
4 330 -2.1 -.25 12.8 .2 -.25 12.65 .55 -.25 13.5 .6 -.25 13.8
4 330 -2.1 -.25 12.8 .6 -.25 13.8 .55 -.25 14.05 .35 -.25 14.35
4 330 -2.45 -.25 13.35 -2.1 -.25 12.8 .35 -.25 14.35 -2.7 -.25 13.8
4 330 -2.7 -.25 14.15 -2.7 -.25 13.8 .35 -.25 14.35 -2.4 -.25 14.65
4 330 -2.4 -.25 14.65 .35 -.25 14.35 -.55 -.25 15.05 -2 -.25 15.15
4 330 -2 -.25 15.15 -.55 -.25 15.05 -1.2 -.25 15.35 -1.6 -.25 15.35
4 330 1.9 -.25 18.75 -7.55 -.25 18.75 -7.4 -.25 18.3 -1.5 -.25 16.15
3 330 1.9 -.25 18.75 -1.5 -.25 16.15 -.95 -.25 16.15
4 330 1.9 -.25 18.75 -.95 -.25 16.15 -.05 -.25 16.1 1.6 -.25 17.4
4 330 1.9 -.25 18.75 1.6 -.25 17.4 1.85 -.25 17.75 1.95 -.25 18
4 330 -.05 -.25 16.1 .6 -.25 16.15 1.45 -.25 16.95 1.6 -.25 17.4
4 330 1.45 -.25 16.95 .6 -.25 16.15 .95 -.25 16.3 1.3 -.25 16.55
4 330 -1.5 -.25 16.15 -7.4 -.25 18.3 -7.4 -.25 17.9 -2 -.25 16.05
4 330 -2 -.25 16.05 -7.4 -.25 17.9 -7.5 -.25 17.55 -2.5 -.25 15.7
4 330 -2.5 -.25 15.7 -7.5 -.25 17.55 -7.65 -.25 17.25 -3 -.25 15.1
4 330 -3 -.25 15.1 -7.65 -.25 17.25 -9.05 -.25 15 -3.4 -.25 14.35
4 330 -3.4 -.25 14.35 -9.05 -.25 15 -9.15 -.25 14.7 -3.55 -.25 14
4 330 -3.55 -.25 14 -9.15 -.25 14.7 -9.2 -.25 14.35 -3.5 -.25 13.7
4 330 -3.5 -.25 13.7 -9.2 -.25 14.35 -9.25 -.25 11.15 -3.35 -.25 13.5
4 330 -3.35 -.25 13.5 -9.25 -.25 11.15 -4.6 -.25 10.15 -4.05 -.25 10.2
4 330 -3 -.25 13.1 -3.35 -.25 13.5 -4.05 -.25 10.2 -2.8 -.25 12.65
4 330 -2.8 -.25 12.65 -4.05 -.25 10.2 -2.85 -.25 10.2 -2.3 -.25 11.6
4 330 -2.3 -.25 11.6 -2.85 -.25 10.2 -2.05 -.25 10.1 -1.65 -.25 10.9
4 330 -1.4 -.25 10.6 -1.65 -.25 10.9 -2.05 -.25 10.1 -1.35 -.25 10.3
3 330 -1.35 -.25 10.3 -2.05 -.25 10.1 -1.45 -.25 10.05
4 330 -9.25 -.25 11.15 -9.2 -.25 10.7 -4.8 -.25 10 -4.6 -.25 10.15
4 330 -4.8 -.25 10 -9.2 -.25 10.7 -9.05 -.25 10.25 -4.8 -.25 9.85
4 330 -4.8 -.25 9.85 -9.05 -.25 10.25 -7.05 -.25 6.95 -4.55 -.25 9.7
4 330 -4.55 -.25 9.7 -7.05 -.25 6.95 -6.77 -.25 6.49 -6 -.25 6.3
4 330 -3.85 -.25 9.55 -4.55 -.25 9.7 -6 -.25 6.3 -4.65 -.25 5.9
4 330 -2.7 -.25 9.4 -3.85 -.25 9.55 -4.65 -.25 5.9 -3.8 -.25 5.6
4 330 -1.8 -.25 9.4 -2.7 -.25 9.4 -3.8 -.25 5.6 -1.1 -.25 8.35
4 330 -1.1 -.25 8.35 -3.8 -.25 5.6 -3.3 -.25 5.3 -.45 -.25 7.45
4 330 -.1 -.25 6.9 -.45 -.25 7.45 -3.3 -.25 5.3 -.05 -.25 6.6
4 330 -.1 -.25 6.2 -.05 -.25 6.6 -3.3 -.25 5.3 -3.1 -.25 5.05
4 330 -.4 -.25 5.6 -.1 -.25 6.2 -3.1 -.25 5.05 -1 -.25 4.8
4 330 -1 -.25 4.8 -3.1 -.25 5.05 -2.8 -.25 4.35 -1.75 -.25 4.15
4 330 -2.1 -.25 4 -1.75 -.25 4.15 -2.8 -.25 4.35 -2.4 -.25 3.95
3 330 -2.8 -.25 4.35 -2.6 -.25 4 -2.4 -.25 3.95
4 330 -16.5 -.25 18.75 -17.5 -.25 17.75 -11.55 -.25 18.2 -11.2 -.25 18.75
3 330 -11.55 -.25 18.2 -17.5 -.25 17.75 -11.9 -.25 17.05
3 330 -17.5 -.25 17.75 -12.5 -.25 14.2 -11.9 -.25 17.05
3 330 -17.5 -.25 17.75 -12.9 -.25 11.4 -12.5 -.25 14.2
3 330 -17.5 -.25 17.75 -13 -.25 10.35 -12.9 -.25 11.4
4 330 -14.7 -.25 4.1 -14.5 -.25 4.05 -12.7 -.25 8.95 -12.95 -.25 9.8
4 330 -17.5 -.25 17.75 -17.5 -.25 2.45 -16.8 -.25 2.3 -16.35 -.25 2.35
4 330 -17.5 -.25 17.75 -16.35 -.25 2.35 -15.95 -.25 2.6 -15.4 -.25 3.2
4 330 -17.5 -.25 17.75 -15.4 -.25 3.2 -14.9 -.25 3.8 -14.7 -.25 4.1
4 330 -17.5 -.25 17.75 -14.7 -.25 4.1 -12.95 -.25 9.8 -13 -.25 10.35
4 330 -12.1 -.25 7.9 -12.7 -.25 8.95 -14.5 -.25 4.05 -11.25 -.25 5.6
3 330 -12.1 -.25 7.9 -11.25 -.25 5.6 -11.29 -.25 6.75
4 330 -11.15 -.25 4.3 -11.25 -.25 5.6 -14.5 -.25 4.05 -12.9 -.25 2.35
4 330 -11.15 -.25 4.3 -12.9 -.25 2.35 -12.7 -.25 2.3 -11 -.25 3.6
4 330 -11 -.25 3.6 -12.7 -.25 2.3 -12.05 -.25 2.05 -10.9 -.25 3.3
4 330 -10.9 -.25 3.3 -12.05 -.25 2.05 -11.35 -.25 1.65 -10.65 -.25 3.2
4 330 -10.65 -.25 3.2 -11.35 -.25 1.65 -10.6 -.25 1.15 -10.4 -.25 3.35
4 330 -10.4 -.25 3.35 -10.6 -.25 1.15 -9.6 -.25 1.15 -9.3 -.25 1.75
4 330 -10.4 -.25 3.35 -9.3 -.25 1.75 -9.15 -.25 2.15 -9.1 -.25 2.45
4 330 -10.4 -.25 3.35 -9.1 -.25 2.45 -9.15 -.25 2.7 -9.3 -.25 3
4 330 -10.4 -.25 3.35 -9.3 -.25 3 -9.7 -.25 3.65 -10.25 -.25 3.7
3 330 -10.1 -.25 4.2 -10.25 -.25 3.7 -9.7 -.25 3.65
3 330 -9.6 -.25 1.15 -10.6 -.25 1.15 -9.95 -.25 .65
4 330 -14.5 -.25 4.05 -14.55 -.25 3.65 -13.1 -.25 2.3 -12.9 -.25 2.35
4 330 -13.1 -.25 2.3 -14.55 -.25 3.65 -14.75 -.25 3.05 -13.1 -.25 2.15
4 330 -13.1 -.25 2.15 -14.75 -.25 3.05 -15.3 -.25 2.1 -13 -.25 2
4 330 -15.45 -.25 1.45 -13 -.25 2 -15.3 -.25 2.1 -15.55 -.25 1.75
4 330 -16.05 -.25 .9 -16.35 -.25 1.45 -16.85 -.25 1.4 -17.5 -.25 -3.6
3 330 -16.85 -.25 1.4 -17.5 -.25 1.35 -17.5 -.25 -3.6
4 330 -15.8 -.25 -.05 -16.05 -.25 .9 -17.5 -.25 -3.6 -16.75 -.25 -3.55
4 330 -15.8 -.25 -.05 -16.75 -.25 -3.55 -15.7 -.25 -2.1 -15.6 -.25 -1.7
4 330 -15.6 -.25 -.6 -15.8 -.25 -.05 -15.6 -.25 -1.7 -15.4 -.25 -1.45
3 330 -15.6 -.25 -.6 -15.4 -.25 -1.45 -15.35 -.25 -1.1
4 330 -16.75 -.25 -3.55 -15.8 -.25 -3.3 -15.7 -.25 -2.85 -15.7 -.25 -2.1
4 330 -13 -.25 2 -15.45 -.25 1.45 -15.15 -.25 .5 -12.4 -.25 1.65
4 330 -12.4 -.25 1.65 -15.15 -.25 .5 -15 -.25 -.15 -11.6 -.25 1.15
4 330 -11.6 -.25 1.15 -15 -.25 -.15 -14.7 -.25 -.85 -10.95 -.25 .7
4 330 -10.4 -.25 .25 -10.95 -.25 .7 -14.7 -.25 -.85 -14.6 -.25 -1.25
4 330 -10.15 -.25 -.05 -10.4 -.25 .25 -14.6 -.25 -1.25 -10.05 -.25 -.45
4 330 -10.05 -.25 -.45 -14.6 -.25 -1.25 -14.6 -.25 -1.55 -9.8 -.25 -1
4 330 -9.75 -.25 -1.35 -9.8 -.25 -1 -14.6 -.25 -1.55 -9.85 -.25 -1.7
4 330 -10.15 -.25 -2.05 -9.85 -.25 -1.7 -14.6 -.25 -1.55 -14.75 -.25 -1.85
4 330 -10.95 -.25 -2.9 -10.15 -.25 -2.05 -14.75 -.25 -1.85 -14.95 -.25 -2.05
4 330 -10.95 -.25 -2.9 -14.95 -.25 -2.05 -15 -.25 -2.5 -11.2 -.25 -3.25
4 330 -11.3 -.25 -3.5 -11.2 -.25 -3.25 -15 -.25 -2.5 -15.05 -.25 -3.05
4 330 -11.3 -.25 -3.85 -11.3 -.25 -3.5 -15.05 -.25 -3.05 -15.2 -.25 -3.6
4 330 -11.3 -.25 -3.85 -15.2 -.25 -3.6 -15.05 -.25 -3.9 -13.95 -.25 -5.05
4 330 -11.25 -.25 -4.6 -11.3 -.25 -3.85 -13.95 -.25 -5.05 -13.65 -.25 -5.5
4 330 -11.1 -.25 -5.2 -11.25 -.25 -4.6 -13.65 -.25 -5.5 -13.55 -.25 -5.85
4 330 -10.9 -.25 -5.55 -11.1 -.25 -5.2 -13.55 -.25 -5.85 -13.55 -.25 -6.3
4 330 -10.65 -.25 -5.9 -10.9 -.25 -5.55 -13.55 -.25 -6.3 -13.5 -.25 -7.25
4 330 -10.45 -.25 -6.15 -10.65 -.25 -5.9 -13.5 -.25 -7.25 -13.1 -.25 -7.5
4 330 -10.45 -.25 -6.15 -13.1 -.25 -7.5 -12.65 -.25 -7.7 -10.4 -.25 -6.5
4 330 -10.4 -.25 -6.5 -12.65 -.25 -7.7 -12.25 -.25 -7.75 -11.7 -.25 -7.65
4 330 -10.4 -.25 -6.5 -11.7 -.25 -7.65 -11.15 -.25 -7.45 -10.75 -.25 -7.15
3 330 -10.4 -.25 -6.5 -10.75 -.25 -7.15 -10.45 -.25 -6.85
4 330 -15.75 -.25 -4.35 -16.05 -.25 -4.2 -16.75 -.25 -4.45 -15.15 -.25 -4.85
4 330 -15.15 -.25 -4.85 -16.75 -.25 -4.45 -17.5 -.25 -4.65 -17.5 -.25 -8.05
4 330 -15.15 -.25 -4.85 -17.5 -.25 -8.05 -16.6 -.25 -8.65 -14.4 -.25 -5.7
4 330 -14.2 -.25 -6.1 -14.4 -.25 -5.7 -16.6 -.25 -8.65 -14.05 -.25 -6.65
4 330 -14.1 -.25 -7.4 -14.05 -.25 -6.65 -16.6 -.25 -8.65 -14.25 -.25 -7.85
4 330 -14.25 -.25 -7.85 -16.6 -.25 -8.65 -15.7 -.25 -9.1 -14.35 -.25 -8.25
4 330 -14.35 -.25 -8.25 -15.7 -.25 -9.1 -15.2 -.25 -9.2 -14.45 -.25 -8.8
4 330 -14.45 -.25 -8.8 -15.2 -.25 -9.2 -14.85 -.25 -9.2 -14.6 -.25 -9.05
4 28 -12.2 -.25 9 -11.31 -.25 7.55 -11.35 -.25 9.3 -12.45 -.25 9.8
4 28 -12.5 -.25 10.3 -12.45 -.25 9.8 -11.35 -.25 9.3 -12.45 -.25 11.25
4 28 -12.45 -.25 11.25 -11.35 -.25 9.3 -11.3 -.25 12.55 -12.1 -.25 13.85
4 28 -12.1 -.25 13.85 -11.3 -.25 12.55 -11.2 -.25 15.25 -11.55 -.25 16.55
4 28 -11.35 -.25 17.4 -11.55 -.25 16.55 -11.2 -.25 15.25 -11.2 -.25 17.85
4 28 -.65 -.25 15.75 -.7 -.25 15.6 -.2 -.25 15.35 .2 -.25 15.7
4 28 .2 -.25 15.7 -.2 -.25 15.35 .55 -.25 14.75 .9 -.25 15.8
4 28 .9 -.25 15.8 .55 -.25 14.75 .95 -.25 14.3 1.45 -.25 16
4 28 1.45 -.25 16 .95 -.25 14.3 5.85 -.25 15.35 1.7 -.25 16.3
4 28 1.9 -.25 17.05 1.7 -.25 16.3 5.85 -.25 15.35 2.05 -.25 17.35
3 28 2.25 -.25 17.65 2.05 -.25 17.35 5.85 -.25 15.35
4 28 5.9 -.25 18.75 2.3 -.25 18.75 2.35 -.25 18.05 5.85 -.25 15.35
3 28 2.35 -.25 18.05 2.25 -.25 17.65 5.85 -.25 15.35
4 28 5.85 -.25 15.35 .95 -.25 14.3 1.05 -.25 14 5.9 -.25 12
3 28 1.05 -.25 14 1.05 -.25 13.7 5.9 -.25 12
4 28 5.9 -.25 12 1.05 -.25 13.7 1 -.25 13.4 5.9 -.25 10.9
4 28 5.85 -.25 10.55 5.9 -.25 10.9 1 -.25 13.4 5.75 -.25 10.25
4 28 5.55 -.25 10 5.75 -.25 10.25 1 -.25 13.4 .3 -.25 11.75
4 28 3.7 -.25 8.1 5.55 -.25 10 .3 -.25 11.75 -.1 -.25 10.95
4 28 2.65 -.25 7.05 3.7 -.25 8.1 -.1 -.25 10.95 -.35 -.25 10.7
4 28 .1 -.25 7.3 2.65 -.25 7.05 -.35 -.25 10.7 -.4 -.25 8.05
4 28 -.8 -.25 10.2 -.4 -.25 8.05 -.35 -.25 10.7 -.75 -.25 10.5
4 28 -.9 -.25 10 -.85 -.25 8.7 -.4 -.25 8.05 -.8 -.25 10.2
4 28 -1.3 -.25 9.3 -.85 -.25 8.7 -.9 -.25 10 -1.2 -.25 9.8
3 28 -1.2 -.25 9.8 -1.3 -.25 9.55 -1.3 -.25 9.3
4 28 2.65 -.25 7.05 .1 -.25 7.3 .3 -.25 6.9 2.4 -.25 6.65
4 28 2.4 -.25 6.65 .3 -.25 6.9 .35 -.25 6.5 2.25 -.25 6.15
4 28 2.25 -.25 6.15 .35 -.25 6.5 .3 -.25 6.1 2.2 -.25 5.7
4 28 2.2 -.25 5.7 .3 -.25 6.1 -.1 -.25 5.25 1.95 -.25 .1
3 28 -.1 -.25 5.25 -.9 -.25 4.25 1.95 -.25 .1
3 28 -.9 -.25 4.25 -1.6 -.25 3.65 1.95 -.25 .1
4 28 -5.5 -.25 5.65 -6.35 -.25 5.8 -4.05 -.25 2 -4.6 -.25 5.35
4 28 -4.6 -.25 5.35 -4.05 -.25 2 -3.6 -.25 4.75 -3.7 -.25 5
4 28 -3.25 -.25 4 -3.6 -.25 4.75 -4.05 -.25 2 -3.65 -.25 1.3
3 28 -3.25 -.25 4 -3.65 -.25 1.3 -2.95 -.25 3.6
4 28 -2.7 -.25 3.4 -2.95 -.25 3.6 -3.65 -.25 1.3 -3.55 -.25 .9
4 28 -2.4 -.25 3.35 -2.7 -.25 3.4 -3.55 -.25 .9 -3.5 -.25 .5
4 28 -2.1 -.25 3.4 -2.4 -.25 3.35 -3.5 -.25 .5 1.95 -.25 .1
3 28 -1.6 -.25 3.65 -2.1 -.25 3.4 1.95 -.25 .1
4 28 -9.05 -.25 6.25 -9.85 -.25 7.3 -9.9 -.25 5.75 -7.7 -.25 4.25
4 28 -9.45 -.25 4 -7.7 -.25 4.25 -9.9 -.25 5.75 -10 -.25 4.75
3 28 -7.7 -.25 4.25 -9.45 -.25 4 -8.95 -.25 3.25
3 28 -7.7 -.25 4.25 -8.95 -.25 3.25 -8.75 -.25 2.9
4 28 -7.7 -.25 4.25 -8.75 -.25 2.9 -8.65 -.25 2.55 -5.15 -.25 .7
4 28 -5.15 -.25 .7 -8.65 -.25 2.55 -8.65 -.25 2.15 -5.05 -.25 .45
4 28 -5.05 -.25 .45 -8.65 -.25 2.15 -8.75 -.25 1.8 -5 -.25 .15
3 28 -8.75 -.25 1.8 -8.95 -.25 1.35 -5 -.25 .15
4 28 -5 -.25 .15 -8.95 -.25 1.35 -9.25 -.25 .9 -4.85 -.25 -2
4 28 -4.85 -.25 -2 -9.25 -.25 .9 -9.55 -.25 .25 -9.55 -.25 -.15
4 28 -4.85 -.25 -2 -9.55 -.25 -.15 -9.45 -.25 -.65 -9.25 -.25 -1.15
4 28 -4.85 -.25 -2 -9.25 -.25 -1.15 -9.25 -.25 -1.55 -4.6 -.25 -4.55
3 28 -9.25 -.25 -1.55 -9.4 -.25 -1.95 -4.6 -.25 -4.55
4 28 -4.6 -.25 -4.55 -9.4 -.25 -1.95 -9.65 -.25 -2.25 -9.95 -.25 -5.55
4 28 -10.15 -.25 -5.4 -9.95 -.25 -5.55 -9.65 -.25 -2.25 -10.65 -.25 -3.25
4 28 -10.15 -.25 -5.4 -10.65 -.25 -3.25 -10.8 -.25 -3.5 -10.85 -.25 -3.75
4 28 -10.15 -.25 -5.4 -10.85 -.25 -3.75 -10.8 -.25 -4.25 -10.55 -.25 -5
3 28 -10.55 -.25 -5 -10.4 -.25 -5.25 -10.15 -.25 -5.4
4 28 -4.5 -.25 -4.8 -4.6 -.25 -4.55 -9.95 -.25 -5.55 -9.8 -.25 -5.85
4 28 -4.25 -.25 -4.95 -4.5 -.25 -4.8 -9.8 -.25 -5.85 -9.75 -.25 -6.15
4 28 -4.25 -.25 -4.95 -9.75 -.25 -6.15 0 -.25 -18.75 2.1 -.25 -7.85
4 28 1.95 -.25 .1 -3.5 -.25 .5 -3.55 -.25 -1.7 1.9 -.25 -6.9
3 28 -3.55 -.25 -1.7 -3.7 -.25 -3.45 1.9 -.25 -6.9
3 28 -3.7 -.25 -3.45 -3.9 -.25 -4.55 1.9 -.25 -6.9
4 28 1.9 -.25 -6.9 -3.9 -.25 -4.55 -4.05 -.25 -4.85 1.95 -.25 -7.45
4 28 1.95 -.25 -7.45 -4.05 -.25 -4.85 -4.25 -.25 -4.95 2.1 -.25 -7.85
3 28 2.1 -.25 -7.85 0 -.25 -18.75 2.45 -.25 -8.15
4 28 3.8 -.25 -8.85 2.45 -.25 -8.15 0 -.25 -18.75 4.95 -.25 -9.45
3 28 3.8 -.25 -8.85 4.95 -.25 -9.45 4.9 -.25 -9.25
3 28 4.95 -.25 -9.45 0 -.25 -18.75 5 -.25 -10.85
3 28 5 -.25 -10.85 0 -.25 -18.75 5.25 -.25 -13.85
3 28 5.25 -.25 -13.85 0 -.25 -18.75 5.5 -.25 -15.2
3 28 5.5 -.25 -15.2 0 -.25 -18.75 5.65 -.25 -15.45
4 28 5.9 -.25 -15.45 5.65 -.25 -15.45 0 -.25 -18.75 16.5 -.25 -18.75
4 28 -16.65 -.25 -9.2 -17.5 -.25 -8.65 -17.5 -.25 -17.75 -16.5 -.25 -18.75
3 28 -16.65 -.25 -9.2 -16.5 -.25 -18.75 -15.8 -.25 -9.6
3 28 -15.8 -.25 -9.6 -16.5 -.25 -18.75 -15.1 -.25 -9.75
3 28 -14.6 -.25 -9.7 -15.1 -.25 -9.75 -16.5 -.25 -18.75
4 28 -14.25 -.25 -9.5 -14.6 -.25 -9.7 -16.5 -.25 -18.75 0 -.25 -18.75
4 28 -14.05 -.25 -9.2 -14.25 -.25 -9.5 0 -.25 -18.75 -12.15 -.25 -8.25
4 28 -14.05 -.25 -9.2 -12.15 -.25 -8.25 -12.6 -.25 -8.2 -13.9 -.25 -8.55
4 28 -13.9 -.25 -8.55 -12.6 -.25 -8.2 -12.95 -.25 -8.05 -13.85 -.25 -8.2
4 28 -13.85 -.25 -8.2 -12.95 -.25 -8.05 -13.3 -.25 -7.9 -13.7 -.25 -7.85
3 28 -11.65 -.25 -8.15 -12.15 -.25 -8.25 0 -.25 -18.75
3 28 -11.1 -.25 -7.95 -11.65 -.25 -8.15 0 -.25 -18.75
3 28 -10.6 -.25 -7.7 -11.1 -.25 -7.95 0 -.25 -18.75
3 28 -10.15 -.25 -7.35 -10.6 -.25 -7.7 0 -.25 -18.75
3 28 -9.9 -.25 -6.95 -10.15 -.25 -7.35 0 -.25 -18.75
4 28 -9.9 -.25 -6.35 -9.9 -.25 -6.95 0 -.25 -18.75 -9.75 -.25 -6.15
4 28 6.05 -.25 -15.25 5.9 -.25 -15.45 16.5 -.25 -18.75 17.5 -.25 -17.75
3 28 6.15 -.25 -14.9 6.05 -.25 -15.25 17.5 -.25 -17.75
3 28 6.4 -.25 -12.2 6.15 -.25 -14.9 17.5 -.25 -17.75
4 28 6.55 -.25 -9.65 6.4 -.25 -12.2 17.5 -.25 -17.75 17.5 -.25 0
4 28 6.55 -.25 -9.65 17.5 -.25 0 15.6 -.25 .3 15.45 -.25 .3
3 28 15.75 -.25 .5 15.6 -.25 .3 17.5 -.25 0
3 28 15.45 -.25 .3 6.5 -.25 -8.95 6.55 -.25 -9.65
4 28 6.4 -.25 -8.6 6.5 -.25 -8.95 15.45 -.25 .3 15.05 -.25 .45
4 28 6.2 -.25 -8.3 6.4 -.25 -8.6 15.05 -.25 .45 12.8 -.25 1.35
3 28 12.8 -.25 1.35 5.9 -.25 -8.05 6.2 -.25 -8.3
4 28 5.4 -.25 .9 4.16 -.25 -.03 4.05 -.25 -2.15 12.8 -.25 1.35
4 28 5.4 -.25 .9 12.8 -.25 1.35 11.5 -.25 1.95 7.45 -.25 2.5
3 28 10.45 -.25 2.6 7.45 -.25 2.5 11.5 -.25 1.95
3 28 9.9 -.25 3.1 7.45 -.25 2.5 10.45 -.25 2.6
3 28 9.55 -.25 3.5 7.45 -.25 2.5 9.9 -.25 3.1
3 28 9.35 -.25 3.9 7.45 -.25 2.5 9.55 -.25 3.5
4 28 11.45 -.25 4.6 11.06 -.25 4.41 11.1 -.25 4.3 11.3 -.25 4
4 28 11.45 -.25 4.6 11.3 -.25 4 12.1 -.25 4.5 11.8 -.25 4.9
4 28 12.1 -.25 4.5 11.3 -.25 4 11.85 -.25 3.5 12.65 -.25 4.2
4 28 12.65 -.25 4.2 11.85 -.25 3.5 13 -.25 2.7 13.4 -.25 4.05
4 28 14 -.25 4.1 13.4 -.25 4.05 13 -.25 2.7 14.75 -.25 1.4
4 28 14.6 -.25 4.3 14 -.25 4.1 14.75 -.25 1.4 15.45 -.25 .85
4 28 15.4 -.25 4.85 14.6 -.25 4.3 15.45 -.25 .85 15.7 -.25 .65
4 28 16.25 -.25 5.7 15.4 -.25 4.85 15.7 -.25 .65 17.5 -.25 0
3 28 15.7 -.25 .65 15.75 -.25 .5 17.5 -.25 0
3 28 16.65 -.25 6.4 16.25 -.25 5.7 17.5 -.25 0
3 28 17.5 -.25 13.15 16.25 -.25 12.45 16.3 -.25 11.75
4 28 17.5 -.25 13.15 16.3 -.25 11.75 16.2 -.25 11.1 17.5 -.25 10
4 28 17.5 -.25 10 16.2 -.25 11.1 16 -.25 10.45 15.9 -.25 9.95
4 28 17.5 -.25 10 15.9 -.25 9.95 15.9 -.25 9.4 16 -.25 8.75
4 28 16 -.25 8.25 15.95 -.25 7.7 16.45 -.25 7.45 17.5 -.25 10
3 28 17.5 -.25 10 16 -.25 8.75 16 -.25 8.25
3 28 17.5 -.25 10 16.45 -.25 7.45 16.7 -.25 7.2
3 28 17.5 -.25 10 16.7 -.25 7.2 16.75 -.25 6.9
4 28 17.5 -.25 0 17.5 -.25 10 16.75 -.25 6.9 16.65 -.25 6.4
4 28 12.8 -.25 1.35 4.05 -.25 -2.15 3.9 -.25 -4.7 4.8 -.25 -7.45
4 28 4.8 -.25 -7.45 3.9 -.25 -4.7 3.75 -.25 -6.6 3.95 -.25 -7.05
3 28 3.75 -.25 -6.6 3.8 -.25 -6.85 3.95 -.25 -7.05
3 28 12.8 -.25 1.35 4.8 -.25 -7.45 5.9 -.25 -8.05
