0 Sticker  1.8 x  1.7 with Brown and Olive Green Vines #5 Pattern (Formed)
0 Name: 6399475kc01.dat
0 Author: Evert-Jan Boer [ejboer]
0 !LDRAW_ORG Unofficial_Part
0 !LICENSE Licensed under CC BY 4.0 : see CAreadme.txt

0 BFC CERTIFY CCW

0 !KEYWORDS Groot, Set 76217

4 16 17.5 -5.4281 -17.75 17.4239 -5.1851 -18.1327 16.8827 -4.8416 -18.6739 16.5 -4.7933 -18.75
3 16 16.8827 -4.8416 -18.6739 17.4239 -5.1851 -18.1327 17.2071 -4.9792 -18.4571
4 16 -16.5 -4.7933 -18.75 -16.8827 -4.8416 -18.6739 -17.4239 -5.1851 -18.1327 -17.5 -5.4281 -17.75
3 16 -17.2071 -4.9792 -18.4571 -17.4239 -5.1851 -18.1327 -16.8827 -4.8416 -18.6739
4 16 -17.5 -5.4281 -17.75 -17.5 -7.5316 -14.436 17.5 -7.5316 -14.436 17.5 -5.4281 -17.75
4 16 16.5 -4.7933 -18.75 -16.5 -4.7933 -18.75 -17.5 -5.4281 -17.75 17.5 -5.4281 -17.75
4 16 -17.5 -7.5316 -14.436 -17.5 -10.5099 -8.284 17.5 -10.5099 -8.284 17.5 -7.5316 -14.436
4 16 -17.5 -10.5099 -8.284 -17.5 -12.8827 -1.648 17.5 -12.8827 -1.648 17.5 -10.5099 -8.284
4 16 -17.5 -12.8827 -1.648 -17.5 -14.6036 5.36 17.5 -14.6036 5.36 17.5 -12.8827 -1.648
4 16 -17.5 -14.6036 5.36 -17.5 -15.6524 12.616 17.5 -15.6524 12.616 17.5 -14.6036 5.36
4 16 -17.5 -15.8941 17.75 -17.4239 -15.9121 18.1327 -16.8827 -15.9376 18.6739 -16.5 -15.9412 18.75
3 16 -17.2071 -15.9274 18.4571 -16.8827 -15.9376 18.6739 -17.4239 -15.9121 18.1327
4 16 16.5 -15.9412 18.75 16.8827 -15.9376 18.6739 17.4239 -15.9121 18.1327 17.5 -15.8941 17.75
3 16 17.4239 -15.9121 18.1327 16.8827 -15.9376 18.6739 17.2071 -15.9274 18.4571
4 16 17.5 -15.6524 12.616 -17.5 -15.6524 12.616 -17.5 -15.8941 17.75 17.5 -15.8941 17.75
4 16 16.5 -15.9412 18.75 17.5 -15.8941 17.75 -17.5 -15.8941 17.75 -16.5 -15.9412 18.75

5 24 -17.5 -10.5099 -8.284 17.5 -10.5099 -8.284 17.5 -12.8827 -1.648 -17.5 -7.5316 -14.436
5 24 -17.5 -7.5316 -14.436 17.5 -7.5316 -14.436 -17.5 -5.4281 -17.75 17.5 -10.5099 -8.284
5 24 -17.5 -12.8827 -1.648 17.5 -12.8827 -1.648 -17.5 -10.5099 -8.284 17.5 -14.6036 5.36
5 24 -17.5 -14.6036 5.36 17.5 -14.6036 5.36 -17.5 -12.8827 -1.648 17.5 -15.6524 12.616
5 24 17.5 -15.6524 12.616 -17.5 -15.6524 12.616 17.5 -15.8941 17.75 -17.5 -14.6036 5.36

5 24 17.5 -10.7264 -8.409 -17.5 -10.7264 -8.409 17.5 -13.1137 -1.7437 -17.5 -7.7299 -14.5882
5 24 17.5 -7.7299 -14.5882 -17.5 -7.7299 -14.5882 -17.5 -5.6136 -17.9168 17.5 -10.7264 -8.409
5 24 17.5 -13.1137 -1.7437 -17.5 -13.1137 -1.7437 -17.5 -10.7264 -8.409 17.5 -14.8451 5.2953
5 24 17.5 -14.8451 5.2953 -17.5 -14.8451 5.2953 -17.5 -13.1137 -1.7437 17.5 -15.9003 12.5834
5 24 -17.5 -15.9003 12.5834 17.5 -15.9003 12.5834 17.5 -16.1435 17.7401 -17.5 -14.8451 5.2953

4 16 16.8827 -5.0235 -18.8448 16.5 -4.9749 -18.9212 16.5 -4.7933 -18.75 16.8827 -4.8416 -18.6739
4 16 17.2071 -5.162 -18.627 16.8827 -5.0235 -18.8448 16.8827 -4.8416 -18.6739 17.2071 -4.9792 -18.4571
4 16 17.4239 -5.3691 -18.3012 17.2071 -5.162 -18.627 17.2071 -4.9792 -18.4571 17.4239 -5.1851 -18.1327
4 16 17.5 -5.6136 -17.9168 17.4239 -5.3691 -18.3012 17.4239 -5.1851 -18.1327 17.5 -5.4281 -17.75
4 16 17.5 -7.7299 -14.5882 17.5 -5.6136 -17.9168 17.5 -5.4281 -17.75 17.5 -7.5316 -14.436
4 16 17.5 -10.7264 -8.409 17.5 -7.7299 -14.5882 17.5 -7.5316 -14.436 17.5 -10.5099 -8.284
4 16 17.5 -13.1137 -1.7437 17.5 -10.7264 -8.409 17.5 -10.5099 -8.284 17.5 -12.8827 -1.648
4 16 17.5 -14.8451 5.2953 17.5 -13.1137 -1.7437 17.5 -12.8827 -1.648 17.5 -14.6036 5.36
4 16 17.5 -15.9003 12.5834 17.5 -14.8451 5.2953 17.5 -14.6036 5.36 17.5 -15.6524 12.616
4 16 17.5 -16.1435 17.7401 17.5 -15.9003 12.5834 17.5 -15.6524 12.616 17.5 -15.8941 17.75
4 16 17.4239 -15.9121 18.1327 17.4239 -16.1616 18.1244 17.5 -16.1435 17.7401 17.5 -15.8941 17.75
4 16 17.2071 -15.9274 18.4571 17.2071 -16.177 18.4503 17.4239 -16.1616 18.1244 17.4239 -15.9121 18.1327
4 16 16.8827 -15.9376 18.6739 16.8827 -16.1872 18.668 17.2071 -16.177 18.4503 17.2071 -15.9274 18.4571
4 16 16.5 -15.9412 18.75 16.5 -16.1909 18.7445 16.8827 -16.1872 18.668 16.8827 -15.9376 18.6739
4 16 -16.5 -16.1909 18.7445 16.5 -16.1909 18.7445 16.5 -15.9412 18.75 -16.5 -15.9412 18.75
4 16 -16.8827 -15.9376 18.6739 -16.8827 -16.1872 18.668 -16.5 -16.1909 18.7445 -16.5 -15.9412 18.75
4 16 -17.2071 -15.9274 18.4571 -17.2071 -16.177 18.4503 -16.8827 -16.1872 18.668 -16.8827 -15.9376 18.6739
4 16 -17.4239 -15.9121 18.1327 -17.4239 -16.1616 18.1244 -17.2071 -16.177 18.4503 -17.2071 -15.9274 18.4571
4 16 -17.5 -15.8941 17.75 -17.5 -16.1435 17.7401 -17.4239 -16.1616 18.1244 -17.4239 -15.9121 18.1327
4 16 -17.5 -15.9003 12.5834 -17.5 -16.1435 17.7401 -17.5 -15.8941 17.75 -17.5 -15.6524 12.616
4 16 -17.5 -14.8451 5.2953 -17.5 -15.9003 12.5834 -17.5 -15.6524 12.616 -17.5 -14.6036 5.36
4 16 -17.5 -13.1137 -1.7437 -17.5 -14.8451 5.2953 -17.5 -14.6036 5.36 -17.5 -12.8827 -1.648
4 16 -17.5 -10.7264 -8.409 -17.5 -13.1137 -1.7437 -17.5 -12.8827 -1.648 -17.5 -10.5099 -8.284
4 16 -17.5 -7.7299 -14.5882 -17.5 -10.7264 -8.409 -17.5 -10.5099 -8.284 -17.5 -7.5316 -14.436
4 16 -17.5 -5.6136 -17.9168 -17.5 -7.7299 -14.5882 -17.5 -7.5316 -14.436 -17.5 -5.4281 -17.75
4 16 -17.4239 -5.3691 -18.3012 -17.5 -5.6136 -17.9168 -17.5 -5.4281 -17.75 -17.4239 -5.1851 -18.1327
4 16 -17.2071 -5.162 -18.627 -17.4239 -5.3691 -18.3012 -17.4239 -5.1851 -18.1327 -17.2071 -4.9792 -18.4571
4 16 -16.8827 -5.0235 -18.8448 -17.2071 -5.162 -18.627 -17.2071 -4.9792 -18.4571 -16.8827 -4.8416 -18.6739
4 16 -16.5 -4.9749 -18.9212 -16.8827 -5.0235 -18.8448 -16.8827 -4.8416 -18.6739 -16.5 -4.7933 -18.75
4 16 16.5 -4.9749 -18.9212 -16.5 -4.9749 -18.9212 -16.5 -4.7933 -18.75 16.5 -4.7933 -18.75

5 24 -16.8827 -5.0235 -18.8448 -16.8827 -4.8416 -18.6739 -17.2071 -5.162 -18.627 -16.5 -4.7933 -18.75
5 24 -17.5 -5.4281 -17.75 -17.5 -5.6136 -17.9168 -17.5 -7.7299 -14.5882 -17.4239 -5.1851 -18.1327
5 24 -16.5 -4.7933 -18.75 -16.5 -4.9749 -18.9212 -16.8827 -5.0235 -18.8448 16.5 -4.7933 -18.75
5 24 17.4239 -15.9121 18.1327 17.4239 -16.1616 18.1244 17.2071 -15.9274 18.4571 17.5 -16.1435 17.7401
5 24 -17.5 -15.8941 17.75 -17.5 -16.1435 17.7401 -17.4239 -16.1616 18.1244 -17.5 -15.6524 12.616
5 24 17.2071 -5.162 -18.627 17.2071 -4.9792 -18.4571 16.8827 -5.0235 -18.8448 17.4239 -5.1851 -18.1327
5 24 17.4239 -5.1851 -18.1327 17.4239 -5.3691 -18.3012 17.5 -5.4281 -17.75 17.2071 -5.162 -18.627
5 24 -17.4239 -5.3691 -18.3012 -17.4239 -5.1851 -18.1327 -17.5 -5.6136 -17.9168 -17.2071 -4.9792 -18.4571
5 24 16.5 -4.7933 -18.75 16.5 -4.9749 -18.9212 16.8827 -4.8416 -18.6739 -16.5 -4.9749 -18.9212
5 24 17.2071 -16.177 18.4503 17.2071 -15.9274 18.4571 17.4239 -16.1616 18.1244 16.8827 -15.9376 18.6739
5 24 -16.8827 -16.1872 18.668 -16.8827 -15.9376 18.6739 -16.5 -16.1909 18.7445 -17.2071 -15.9274 18.4571
5 24 -16.5 -15.9412 18.75 -16.5 -16.1909 18.7445 -16.8827 -15.9376 18.6739 16.5 -16.1909 18.7445
5 24 -17.2071 -15.9274 18.4571 -17.2071 -16.177 18.4503 -17.4239 -15.9121 18.1327 -16.8827 -16.1872 18.668
5 24 16.5 -16.1909 18.7445 16.5 -15.9412 18.75 -16.5 -15.9412 18.75 16.8827 -16.1872 18.668
5 24 17.5 -5.6136 -17.9168 17.5 -5.4281 -17.75 17.4239 -5.3691 -18.3012 17.5 -7.5316 -14.436
5 24 16.8827 -4.8416 -18.6739 16.8827 -5.0235 -18.8448 16.5 -4.9749 -18.9212 17.2071 -4.9792 -18.4571
5 24 -17.4239 -16.1616 18.1244 -17.4239 -15.9121 18.1327 -17.2071 -16.177 18.4503 -17.5 -15.8941 17.75
5 24 16.8827 -15.9376 18.6739 16.8827 -16.1872 18.668 16.5 -15.9412 18.75 17.2071 -16.177 18.4503
5 24 17.5 -16.1435 17.7401 17.5 -15.8941 17.75 17.4239 -15.9121 18.1327 17.5 -15.9003 12.5834
5 24 -17.2071 -4.9792 -18.4571 -17.2071 -5.162 -18.627 -17.4239 -5.3691 -18.3012 -16.8827 -4.8416 -18.6739

4 28 -17.4239 -5.3691 -18.3012 -16.8827 -5.0235 -18.8448 -16.5 -4.9749 -18.9212 -17.5 -5.6136 -17.9168
3 28 -17.4239 -5.3691 -18.3012 -17.2071 -5.162 -18.627 -16.8827 -5.0235 -18.8448
4 28 16.8827 -5.0235 -18.8448 17.4239 -5.3691 -18.3012 17.5 -5.6136 -17.9168 16.5 -4.9749 -18.9212
3 28 17.4239 -5.3691 -18.3012 16.8827 -5.0235 -18.8448 17.2071 -5.162 -18.627
4 70 2.55 -4.9749 -18.9212 3.9 -4.9749 -18.9212 3.85 -5.7732 -17.6657 2.4 -5.9009 -17.4648
4 70 2.4 -5.9009 -17.4648 3.85 -5.7732 -17.6657 3.65 -6.6353 -16.3097 2.1 -6.795 -16.0586
4 70 1.7986 -7.7299 -14.5882 2.1 -6.795 -16.0586 3.65 -6.6353 -16.3097 3.3257 -7.7299 -14.5882
4 308 2.15 -4.9749 -18.9212 2.55 -4.9749 -18.9212 2.4 -5.9009 -17.4648 1.95 -5.8371 -17.5653
4 308 1.95 -5.8371 -17.5653 2.4 -5.9009 -17.4648 2.1 -6.795 -16.0586 1.7 -6.6992 -16.2093
4 308 1.7986 -7.7299 -14.5882 1.4 -7.5613 -14.8533 1.7 -6.6992 -16.2093 2.1 -6.795 -16.0586
4 308 4.15 -6.5395 -16.4604 3.65 -6.6353 -16.3097 3.85 -5.7732 -17.6657 4.3 -5.6136 -17.9168
4 308 4.35 -4.9749 -18.9212 4.3 -5.6136 -17.9168 3.85 -5.7732 -17.6657 3.9 -4.9749 -18.9212
4 330 -.35 -7.0824 -15.6067 .6 -7.1462 -15.5062 .5585 -7.7299 -14.5882 -.9294 -7.7299 -14.5882
4 330 .6 -7.1462 -15.5062 -.35 -7.0824 -15.6067 0 -6.827 -16.0084 .55 -6.8907 -15.908
3 330 .55 -6.8907 -15.908 0 -6.827 -16.0084 .3 -6.7631 -16.1089
4 330 -15.65 -4.9749 -18.9212 -12.55 -4.9749 -18.9212 -12.3591 -7.7299 -14.5882 -15.5723 -7.7299 -14.5882
4 0x2464628 .6 -7.1462 -15.5062 1.05 -7.3698 -15.1547 .9694 -7.7299 -14.5882 .5585 -7.7299 -14.5882
4 0x2464628 1 -6.9546 -15.8075 1.05 -7.3698 -15.1547 .6 -7.1462 -15.5062 .55 -6.8907 -15.908
4 0x2464628 .85 -6.7311 -16.1591 1 -6.9546 -15.8075 .55 -6.8907 -15.908 .3 -6.7631 -16.1089
4 0x2464628 .5 -6.5076 -16.5106 .85 -6.7311 -16.1591 .3 -6.7631 -16.1089 .2 -6.4757 -16.5609
4 0x2464628 -.15 -6.5395 -16.4604 .2 -6.4757 -16.5609 .3 -6.7631 -16.1089 0 -6.827 -16.0084
4 0x2464628 -.4 -6.6673 -16.2595 -.15 -6.5395 -16.4604 0 -6.827 -16.0084 -.35 -7.0824 -15.6067
4 0x2464628 -.9294 -7.7299 -14.5882 -.85 -7.0504 -15.6569 -.4 -6.6673 -16.2595 -.35 -7.0824 -15.6067
4 0x2464628 -16.05 -4.9749 -18.9212 -15.65 -4.9749 -18.9212 -15.5723 -7.7299 -14.5882 -16.0046 -7.7299 -14.5882
4 0x2464628 -12.3591 -7.7299 -14.5882 -12.55 -4.9749 -18.9212 -12.15 -4.9749 -18.9212 -11.9503 -7.7299 -14.5882
4 28 1.05 -7.3698 -15.1547 1.4 -7.5613 -14.8533 1.367 -7.7299 -14.5882 .9694 -7.7299 -14.5882
4 28 1.7 -6.6992 -16.2093 1.4 -7.5613 -14.8533 1.05 -7.3698 -15.1547 1 -6.9546 -15.8075
4 28 1.7 -6.6992 -16.2093 1 -6.9546 -15.8075 .85 -6.7311 -16.1591 1.95 -5.8371 -17.5653
4 28 1.95 -5.8371 -17.5653 .85 -6.7311 -16.1591 .5 -6.5076 -16.5106 2.15 -4.9749 -18.9212
3 28 .5 -6.5076 -16.5106 .2 -6.4757 -16.5609 2.15 -4.9749 -18.9212
4 28 -12.15 -4.9749 -18.9212 -.85 -7.0504 -15.6569 -1.4626 -7.7299 -14.5882 -11.9503 -7.7299 -14.5882
3 28 -.85 -7.0504 -15.6569 -12.15 -4.9749 -18.9212 -.4 -6.6673 -16.2595
4 28 2.15 -4.9749 -18.9212 .2 -6.4757 -16.5609 -.15 -6.5395 -16.4604 -12.15 -4.9749 -18.9212
3 28 -.4 -6.6673 -16.2595 -12.15 -4.9749 -18.9212 -.15 -6.5395 -16.4604
4 28 -16.0046 -7.7299 -14.5882 -17.5 -5.6136 -17.9168 -16.5 -4.9749 -18.9212 -16.05 -4.9749 -18.9212
3 28 4.3 -5.6136 -17.9168 4.35 -4.9749 -18.9212 16.5 -4.9749 -18.9212
3 0x2464628 -.9294 -7.7299 -14.5882 -1.4626 -7.7299 -14.5882 -.85 -7.0504 -15.6569
3 308 1.367 -7.7299 -14.5882 1.4 -7.5613 -14.8533 1.7986 -7.7299 -14.5882
3 308 3.7977 -7.7299 -14.5882 3.3257 -7.7299 -14.5882 4.15 -6.5395 -16.4604
3 308 3.3257 -7.7299 -14.5882 3.65 -6.6353 -16.3097 4.15 -6.5395 -16.4604
3 28 -16.0046 -7.7299 -14.5882 -17.5 -7.7299 -14.5882 -17.5 -5.6136 -17.9168
4 28 17.5 -7.7299 -14.5882 3.7977 -7.7299 -14.5882 4.15 -6.5395 -16.4604 17.5 -5.6136 -17.9168
4 28 16.5 -4.9749 -18.9212 17.5 -5.6136 -17.9168 4.15 -6.5395 -16.4604 4.3 -5.6136 -17.9168
4 70 3.3 -7.7961 -14.4516 1.75 -7.8448 -14.3511 1.7986 -7.7299 -14.5882 3.3257 -7.7299 -14.5882
4 70 1.65 -8.4537 -13.0956 1.75 -7.8448 -14.3511 3.3 -7.7961 -14.4516 3.1 -8.5511 -12.8947
4 70 1.65 -9.0138 -11.9405 1.65 -8.4537 -13.0956 3.1 -8.5511 -12.8947 3.1 -8.9651 -12.041
4 70 1.75 -9.5252 -10.8859 1.65 -9.0138 -11.9405 3.1 -8.9651 -12.041 3.15 -9.7932 -10.3335
4 70 1.85 -10.1828 -9.5299 1.75 -9.5252 -10.8859 3.15 -9.7932 -10.3335 3.1 -10.4751 -8.9273
4 70 1.85 -10.1828 -9.5299 3.1 -10.4751 -8.9273 3.0241 -10.7264 -8.409 1.7977 -10.7264 -8.409
4 308 1.75 -7.8448 -14.3511 1.65 -8.4537 -13.0956 1.25 -8.1858 -13.648 1.367 -7.7299 -14.5882
4 308 1.2 -8.7947 -12.3925 1.25 -8.1858 -13.648 1.65 -8.4537 -13.0956 1.65 -9.0138 -11.9405
4 308 1.3 -9.3061 -11.3379 1.2 -8.7947 -12.3925 1.65 -9.0138 -11.9405 1.75 -9.5252 -10.8859
4 308 1.4 -9.9392 -10.0321 1.3 -9.3061 -11.3379 1.75 -9.5252 -10.8859 1.85 -10.1828 -9.5299
3 308 1.4 -10.4751 -8.9273 1.4 -9.9392 -10.0321 1.85 -10.1828 -9.5299
4 308 3.4691 -10.7264 -8.409 3.1 -10.4751 -8.9273 3.6 -9.8418 -10.233 3.55 -10.4507 -8.9775
4 308 3.6 -9.8418 -10.233 3.1 -10.4751 -8.9273 3.15 -9.7932 -10.3335 3.6 -9.3061 -11.3379
4 308 3.6 -9.3061 -11.3379 3.15 -9.7932 -10.3335 3.1 -8.9651 -12.041 3.55 -8.6242 -12.7441
4 308 3.55 -8.6242 -12.7441 3.1 -8.9651 -12.041 3.1 -8.5511 -12.8947 3.65 -8.1615 -13.6983
4 308 3.65 -8.1615 -13.6983 3.1 -8.5511 -12.8947 3.3 -7.7961 -14.4516 3.7977 -7.7299 -14.5882
4 330 -3.6602 -10.7264 -8.409 -4.2 -9.4765 -10.9863 -3.1 -9.2817 -11.3881 -2.65 -10.4264 -9.0277
4 330 -1.85 -10.2559 -9.3793 -2.65 -10.4264 -9.0277 -3.1 -9.2817 -11.3881 -1.1 -10.0367 -9.8312
4 330 -1.1 -10.0367 -9.8312 -3.1 -9.2817 -11.3881 -2.6 -9.16 -11.6392 -.65 -9.7932 -10.3335
4 330 -.65 -9.7932 -10.3335 -2.6 -9.16 -11.6392 -2.3 -9.0138 -11.9405 -.1 -9.0869 -11.7899
4 330 -.1 -9.0869 -11.7899 -2.3 -9.0138 -11.9405 -1.15 -7.9179 -14.2005 .55 -7.8205 -14.4014
4 330 .5585 -7.7299 -14.5882 .55 -7.8205 -14.4014 -1.15 -7.9179 -14.2005 -.9294 -7.7299 -14.5882
4 330 -13.616 -10.7264 -8.409 -14.4 -10.0854 -9.7308 -15.15 -9.4035 -11.137 -11.9 -8.8921 -12.1916
4 330 -12.15 -8.6485 -12.6938 -11.9 -8.8921 -12.1916 -15.15 -9.4035 -11.137 -15.45 -8.8677 -12.2418
4 330 -12.15 -8.6485 -12.6938 -15.45 -8.8677 -12.2418 -15.55 -8.3319 -13.3467 -12.3 -8.3807 -13.2463
4 330 -12.3591 -7.7299 -14.5882 -12.3 -8.3807 -13.2463 -15.55 -8.3319 -13.3467 -15.5723 -7.7299 -14.5882
4 0x2464628 -15.15 -9.4035 -11.137 -15.15 -9.8175 -10.2832 -15.6 -9.3304 -11.2877 -15.8 -9.0382 -11.8903
4 0x2464628 -15.45 -8.8677 -12.2418 -15.15 -9.4035 -11.137 -15.8 -9.0382 -11.8903 -15.95 -8.6485 -12.6938
4 0x2464628 -15.55 -8.3319 -13.3467 -15.45 -8.8677 -12.2418 -15.95 -8.6485 -12.6938 -16 -7.9423 -14.1502
4 0x2464628 -2.6911 -10.7264 -8.409 -2.65 -10.4264 -9.0277 -1.85 -10.2559 -9.3793 -2.2 -10.5968 -8.6762
4 0x2464628 -1.65 -10.4751 -8.9273 -2.2 -10.5968 -8.6762 -1.85 -10.2559 -9.3793 -1.05 -10.3289 -9.2286
4 0x2464628 -1.05 -10.3289 -9.2286 -1.85 -10.2559 -9.3793 -1.1 -10.0367 -9.8312 -.5 -10.1098 -9.6806
4 0x2464628 -.5 -10.1098 -9.6806 -1.1 -10.0367 -9.8312 -.65 -9.7932 -10.3335 -.15 -9.8662 -10.1828
4 0x2464628 -.15 -9.8662 -10.1828 -.65 -9.7932 -10.3335 -.1 -9.0869 -11.7899 .4 -9.0869 -11.7899
4 0x2464628 .4 -9.0869 -11.7899 -.1 -9.0869 -11.7899 .55 -7.8205 -14.4014 .95 -7.7961 -14.4516
4 0x2464628 .9694 -7.7299 -14.5882 .95 -7.7961 -14.4516 .55 -7.8205 -14.4014 .5585 -7.7299 -14.5882
4 0x2464628 -1.15 -7.9179 -14.2005 -2.6 -8.8677 -12.2418 -1.8 -8.0154 -13.9996 -1.4626 -7.7299 -14.5882
3 0x2464628 -2.3 -9.0138 -11.9405 -2.6 -8.8677 -12.2418 -1.15 -7.9179 -14.2005
4 0x2464628 -2.8 -8.9895 -11.9907 -2.6 -8.8677 -12.2418 -2.3 -9.0138 -11.9405 -2.6 -9.16 -11.6392
4 0x2464628 -3.05 -9.0625 -11.8401 -2.8 -8.9895 -11.9907 -2.6 -9.16 -11.6392 -3.1 -9.2817 -11.3881
4 0x2464628 -4.15 -9.2574 -11.4383 -3.05 -9.0625 -11.8401 -3.1 -9.2817 -11.3881 -4.2 -9.4765 -10.9863
4 0x2464628 -5.35 -9.5497 -10.8357 -4.15 -9.2574 -11.4383 -4.2 -9.4765 -10.9863 -5.4 -9.8175 -10.2832
4 0x2464628 -15.5723 -7.7299 -14.5882 -15.55 -8.3319 -13.3467 -16 -7.9423 -14.1502 -16.0046 -7.7299 -14.5882
4 0x2464628 -11.9 -8.2588 -13.4974 -12.3 -8.3807 -13.2463 -12.3591 -7.7299 -14.5882 -11.9503 -7.7299 -14.5882
4 0x2464628 -12.15 -8.6485 -12.6938 -12.3 -8.3807 -13.2463 -11.9 -8.2588 -13.4974 -11.8 -8.5024 -12.9952
4 0x2464628 -11.9 -8.8921 -12.1916 -12.15 -8.6485 -12.6938 -11.8 -8.5024 -12.9952 -11.6 -8.7216 -12.5432
4 0x2464628 -11.9 -8.8921 -12.1916 -11.6 -8.7216 -12.5432 -10.95 -9.2331 -11.4885 -10.2 -10.2315 -9.4295
4 0x2464628 -9.1067 -10.7264 -8.409 -10.2 -10.2315 -9.4295 -10.95 -9.2331 -11.4885 -9.75 -10.1585 -9.5801
4 0x2464628 -7.8506 -10.7264 -8.409 -8.6043 -10.7264 -8.409 -7.55 -10.3046 -9.2788 -5.4 -9.8175 -10.2832
3 0x2464628 -7.55 -10.3046 -9.2788 -5.35 -9.5497 -10.8357 -5.4 -9.8175 -10.2832
4 28 1.3263 -10.7264 -8.409 -1.65 -10.4751 -8.9273 -1.05 -10.3289 -9.2286 1.4 -10.4751 -8.9273
4 28 1.4 -10.4751 -8.9273 -1.05 -10.3289 -9.2286 -.5 -10.1098 -9.6806 1.4 -9.9392 -10.0321
4 28 1.4 -9.9392 -10.0321 -.5 -10.1098 -9.6806 -.15 -9.8662 -10.1828 1.3 -9.3061 -11.3379
4 28 1.3 -9.3061 -11.3379 -.15 -9.8662 -10.1828 .4 -9.0869 -11.7899 1.2 -8.7947 -12.3925
4 28 1.25 -8.1858 -13.648 1.2 -8.7947 -12.3925 .4 -9.0869 -11.7899 .95 -7.7961 -14.4516
4 28 1.367 -7.7299 -14.5882 1.25 -8.1858 -13.648 .95 -7.7961 -14.4516 .9694 -7.7299 -14.5882
4 28 -9.1067 -10.7264 -8.409 -9.75 -10.1585 -9.5801 -7.55 -10.3046 -9.2788 -8.6043 -10.7264 -8.409
4 28 -7.55 -10.3046 -9.2788 -9.75 -10.1585 -9.5801 -10.95 -9.2331 -11.4885 -5.35 -9.5497 -10.8357
4 28 -5.35 -9.5497 -10.8357 -10.95 -9.2331 -11.4885 -11.6 -8.7216 -12.5432 -4.15 -9.2574 -11.4383
4 28 -4.15 -9.2574 -11.4383 -11.6 -8.7216 -12.5432 -11.8 -8.5024 -12.9952 -11.9 -8.2588 -13.4974
4 28 -3.05 -9.0625 -11.8401 -4.15 -9.2574 -11.4383 -11.9 -8.2588 -13.4974 -2.8 -8.9895 -11.9907
4 28 -2.6 -8.8677 -12.2418 -2.8 -8.9895 -11.9907 -11.9 -8.2588 -13.4974 -1.8 -8.0154 -13.9996
4 28 -1.4626 -7.7299 -14.5882 -1.8 -8.0154 -13.9996 -11.9 -8.2588 -13.4974 -11.9503 -7.7299 -14.5882
4 28 -17.5 -10.7264 -8.409 -17.5 -7.7299 -14.5882 -15.95 -8.6485 -12.6938 -15.8 -9.0382 -11.8903
3 330 -3.6602 -10.7264 -8.409 -7.8506 -10.7264 -8.409 -5.4 -9.8175 -10.2832
3 330 -3.6602 -10.7264 -8.409 -5.4 -9.8175 -10.2832 -4.2 -9.4765 -10.9863
4 330 -10.2 -10.2315 -9.4295 -9.6548 -10.7264 -8.409 -13.616 -10.7264 -8.409 -11.9 -8.8921 -12.1916
3 0x2464628 -13.616 -10.7264 -8.409 -14.1548 -10.7264 -8.409 -14.4 -10.0854 -9.7308
4 0x2464628 -14.4 -10.0854 -9.7308 -14.1548 -10.7264 -8.409 -15.15 -9.8175 -10.2832 -15.15 -9.4035 -11.137
3 0x2464628 -9.1067 -10.7264 -8.409 -9.6548 -10.7264 -8.409 -10.2 -10.2315 -9.4295
3 0x2464628 -2.6911 -10.7264 -8.409 -3.6602 -10.7264 -8.409 -2.65 -10.4264 -9.0277
3 0x2464628 -.9294 -7.7299 -14.5882 -1.15 -7.9179 -14.2005 -1.4626 -7.7299 -14.5882
3 308 1.367 -7.7299 -14.5882 1.7986 -7.7299 -14.5882 1.75 -7.8448 -14.3511
3 308 3.7977 -7.7299 -14.5882 3.3 -7.7961 -14.4516 3.3257 -7.7299 -14.5882
4 308 1.3263 -10.7264 -8.409 1.4 -10.4751 -8.9273 1.85 -10.1828 -9.5299 1.7977 -10.7264 -8.409
3 308 3.4691 -10.7264 -8.409 3.0241 -10.7264 -8.409 3.1 -10.4751 -8.9273
3 28 -14.1548 -10.7264 -8.409 -17.5 -10.7264 -8.409 -15.15 -9.8175 -10.2832
3 28 -17.5 -10.7264 -8.409 -15.6 -9.3304 -11.2877 -15.15 -9.8175 -10.2832
3 28 -17.5 -10.7264 -8.409 -15.8 -9.0382 -11.8903 -15.6 -9.3304 -11.2877
3 28 -16.0046 -7.7299 -14.5882 -16 -7.9423 -14.1502 -17.5 -7.7299 -14.5882
3 28 -15.95 -8.6485 -12.6938 -17.5 -7.7299 -14.5882 -16 -7.9423 -14.1502
4 28 17.5 -10.7264 -8.409 3.4691 -10.7264 -8.409 3.55 -10.4507 -8.9775 17.5 -7.7299 -14.5882
3 28 3.55 -10.4507 -8.9775 3.6 -9.8418 -10.233 17.5 -7.7299 -14.5882
3 28 3.6 -9.8418 -10.233 3.6 -9.3061 -11.3379 17.5 -7.7299 -14.5882
4 28 17.5 -7.7299 -14.5882 3.6 -9.3061 -11.3379 3.55 -8.6242 -12.7441 3.65 -8.1615 -13.6983
3 28 3.65 -8.1615 -13.6983 3.7977 -7.7299 -14.5882 17.5 -7.7299 -14.5882
3 28 -2.6911 -10.7264 -8.409 -2.2 -10.5968 -8.6762 1.3263 -10.7264 -8.409
3 28 1.3263 -10.7264 -8.409 -2.2 -10.5968 -8.6762 -1.65 -10.4751 -8.9273
4 70 -6.15 -12.8431 -2.499 -7.35 -12.6813 -2.951 -7.2 -12.4114 -3.7043 -6.1 -12.4655 -3.5536
4 70 -6.1 -12.4655 -3.5536 -7.2 -12.4114 -3.7043 -6.8 -12.1417 -4.4576 -5.95 -12.2136 -4.2567
4 70 -5.95 -12.2136 -4.2567 -6.8 -12.1417 -4.4576 -6.2 -11.9078 -5.1105 -5.5 -11.9258 -5.0603
4 70 -5.5 -11.9258 -5.0603 -6.2 -11.9078 -5.1105 -5.5 -11.6559 -5.8136 -4.05 -11.2602 -6.9184
4 70 2.85 -11.1523 -7.2198 1.6 -11.4581 -6.366 1.65 -11.0984 -7.3704 1.7977 -10.7264 -8.409
4 70 1.6 -11.4581 -6.366 2.85 -11.1523 -7.2198 2.45 -11.602 -5.9642 1.65 -11.728 -5.6127
3 70 1.95 -12.0337 -4.7589 1.65 -11.728 -5.6127 2.45 -11.602 -5.9642
4 70 10.7 -12.6273 -3.1016 11.6 -12.9331 -2.2479 11.6 -13.1137 -1.7437 10.6099 -13.1137 -1.7437
4 70 11.5 -12.2856 -4.0558 11.6 -12.9331 -2.2479 10.7 -12.6273 -3.1016 10.85 -12.1057 -4.558
4 70 11.4 -12.0517 -4.7087 11.5 -12.2856 -4.0558 10.85 -12.1057 -4.558 11.1 -11.71 -5.6629
4 308 11.9 -13.1137 -1.7437 11.6 -12.9331 -2.2479 11.8 -12.3215 -3.9554 11.9 -12.8251 -2.5492
4 308 11.8 -12.3215 -3.9554 11.6 -12.9331 -2.2479 11.5 -12.2856 -4.0558 11.7 -12.0697 -4.6585
4 308 11.7 -12.0697 -4.6585 11.5 -12.2856 -4.0558 11.4 -12.0517 -4.7087 11.4 -11.6559 -5.8136
4 308 10.35 -12.8971 -2.3483 10.7 -12.6273 -3.1016 10.6099 -13.1137 -1.7437 10.3124 -13.1137 -1.7437
4 308 10.7 -12.6273 -3.1016 10.35 -12.8971 -2.3483 10.5 -12.3036 -4.0056 10.85 -12.1057 -4.558
4 308 10.85 -12.1057 -4.558 10.5 -12.3036 -4.0056 10.65 -11.8899 -5.1607 10.8 -11.6559 -5.8136
4 308 11.1 -11.71 -5.6629 10.85 -12.1057 -4.558 10.8 -11.6559 -5.8136 10.95 -11.566 -6.0647
4 308 11.1 -11.71 -5.6629 10.95 -11.566 -6.0647 11.15 -11.5481 -6.1149 11.3 -11.584 -6.0145
4 308 11.1 -11.71 -5.6629 11.3 -11.584 -6.0145 11.4 -11.6559 -5.8136 11.4 -12.0517 -4.7087
4 308 -7.35 -12.6813 -2.951 -7.65 -12.6813 -2.951 -7.6 -12.4834 -3.5034 -7.2 -12.4114 -3.7043
4 308 -7.2 -12.4114 -3.7043 -7.6 -12.4834 -3.5034 -7.45 -12.3215 -3.9554 -7.2 -12.1417 -4.4576
4 308 -6.8 -12.1417 -4.4576 -7.2 -12.4114 -3.7043 -7.2 -12.1417 -4.4576 -6.9 -11.9977 -4.8594
4 308 -6.2 -11.9078 -5.1105 -6.8 -12.1417 -4.4576 -6.9 -11.9977 -4.8594 -6.05 -11.692 -5.7131
4 308 -5.5 -11.6559 -5.8136 -6.2 -11.9078 -5.1105 -6.05 -11.692 -5.7131 -5.4 -11.4762 -6.3158
4 308 -4.05 -11.2602 -6.9184 -5.5 -11.6559 -5.8136 -5.4 -11.4762 -6.3158 -4.05 -11.1164 -7.3202
4 308 -4.05 -11.2602 -6.9184 -4.05 -11.1164 -7.3202 -3.8 -11.0984 -7.3704 -3.6 -11.1344 -7.27
4 308 -4.05 -11.2602 -6.9184 -3.6 -11.1344 -7.27 -3.55 -11.1883 -7.1193 -3.7 -11.2963 -6.818
4 308 -5.65 -12.3395 -3.9052 -5.75 -12.5014 -3.4532 -6.1 -12.4655 -3.5536 -5.95 -12.2136 -4.2567
4 308 -5.5 -12.1776 -4.3572 -5.65 -12.3395 -3.9052 -5.95 -12.2136 -4.2567 -5.5 -11.9258 -5.0603
3 308 -5.5 -12.1776 -4.3572 -5.5 -11.9258 -5.0603 -5.05 -11.9438 -5.01
4 308 -4.2 -11.5301 -6.1651 -5.05 -11.9438 -5.01 -5.5 -11.9258 -5.0603 -4.05 -11.2602 -6.9184
3 308 -4.2 -11.5301 -6.1651 -4.05 -11.2602 -6.9184 -3.7 -11.2963 -6.818
4 308 1.65 -11.0984 -7.3704 1.25 -10.9185 -7.8726 1.3263 -10.7264 -8.409 1.7977 -10.7264 -8.409
4 308 1.15 -11.3682 -6.6171 1.25 -10.9185 -7.8726 1.65 -11.0984 -7.3704 1.6 -11.4581 -6.366
4 308 1.2 -11.7459 -5.5625 1.15 -11.3682 -6.6171 1.6 -11.4581 -6.366 1.65 -11.728 -5.6127
4 308 1.45 -12.0877 -4.6083 1.2 -11.7459 -5.5625 1.65 -11.728 -5.6127 1.95 -12.0337 -4.7589
4 308 1.6 -12.2136 -4.2567 1.45 -12.0877 -4.6083 1.95 -12.0337 -4.7589 1.8 -12.2676 -4.1061
4 308 2.05 -12.2676 -4.1061 1.8 -12.2676 -4.1061 1.95 -12.0337 -4.7589 2.25 -12.2136 -4.2567
4 308 2.45 -12.0877 -4.6083 2.25 -12.2136 -4.2567 1.95 -12.0337 -4.7589 2.45 -11.602 -5.9642
4 308 3 -11.4941 -6.2656 2.45 -12.0877 -4.6083 2.45 -11.602 -5.9642 2.85 -11.1523 -7.2198
4 308 3.35 -11.0264 -7.5713 3 -11.4941 -6.2656 2.85 -11.1523 -7.2198 3.0241 -10.7264 -8.409
4 330 9.4298 -13.1137 -1.7437 7.35 -12.8971 -2.3483 7.7 -12.7712 -2.6999 9.5 -13.059 -1.8963
4 330 9.6 -12.6633 -3.0012 9.5 -13.059 -1.8963 7.7 -12.7712 -2.6999 8.1 -12.4474 -3.6038
4 330 9.5 -12.2856 -4.0558 9.6 -12.6633 -3.0012 8.1 -12.4474 -3.6038 8.45 -12.0877 -4.6083
4 330 9.3 -12.0517 -4.7087 9.5 -12.2856 -4.0558 8.45 -12.0877 -4.6083 8.75 -11.9438 -5.01
3 330 9.3 -12.0517 -4.7087 8.75 -11.9438 -5.01 9.1 -11.9438 -5.01
4 330 -8.9449 -13.1137 -1.7437 -12.2 -12.5733 -3.2523 -12.05 -12.1057 -4.558 -8.8 -12.7712 -2.6999
4 330 -8.6 -12.0877 -4.6083 -8.8 -12.7712 -2.6999 -12.05 -12.1057 -4.558 -12.05 -11.9258 -5.0603
4 330 -8.6 -12.0877 -4.6083 -12.05 -11.9258 -5.0603 -9.1 -11.0984 -7.3704 -7 -11.602 -5.9642
4 330 -4.7 -10.9545 -7.7722 -7 -11.602 -5.9642 -9.1 -11.0984 -7.3704 -7.8506 -10.7264 -8.409
3 330 -12.05 -11.9258 -5.0603 -12.2 -11.62 -5.914 -9.1 -11.0984 -7.3704
4 0x2464628 6.204 -13.1137 -1.7437 6 -12.969 -2.1474 6.7 -12.8431 -2.499 6.6 -13.023 -1.9968
4 0x2464628 7.35 -12.8971 -2.3483 6.6 -13.023 -1.9968 6.7 -12.8431 -2.499 7.2 -12.7352 -2.8003
4 0x2464628 7.7 -12.7712 -2.6999 7.35 -12.8971 -2.3483 7.2 -12.7352 -2.8003 7.4 -12.6452 -3.0514
4 0x2464628 8.1 -12.4474 -3.6038 7.7 -12.7712 -2.6999 7.4 -12.6452 -3.0514 7.65 -12.3934 -3.7545
4 0x2464628 8.45 -12.0877 -4.6083 8.1 -12.4474 -3.6038 7.65 -12.3934 -3.7545 8.15 -11.9438 -5.01
4 0x2464628 8.75 -11.9438 -5.01 8.45 -12.0877 -4.6083 8.15 -11.9438 -5.01 8.45 -11.7999 -5.4118
4 0x2464628 8.75 -11.9438 -5.01 8.45 -11.7999 -5.4118 8.8 -11.7459 -5.5625 9.1 -11.9438 -5.01
4 0x2464628 9.1 -11.9438 -5.01 8.8 -11.7459 -5.5625 9.2 -11.7459 -5.5625 9.45 -11.7999 -5.4118
4 0x2464628 9.3 -12.0517 -4.7087 9.1 -11.9438 -5.01 9.45 -11.7999 -5.4118 9.65 -11.9258 -5.0603
4 0x2464628 9.3 -12.0517 -4.7087 9.65 -11.9258 -5.0603 9.9 -12.1596 -4.4074 9.5 -12.2856 -4.0558
4 0x2464628 9.5 -12.2856 -4.0558 9.9 -12.1596 -4.4074 10.05 -12.4655 -3.5536 9.6 -12.6633 -3.0012
4 0x2464628 9.6 -12.6633 -3.0012 10.05 -12.4655 -3.5536 10 -12.8251 -2.5492 9.5 -13.059 -1.8963
4 0x2464628 9.8995 -13.1135 -1.7444 9.5434 -13.1137 -1.7437 9.5 -13.059 -1.8963 10 -12.8251 -2.5492
3 0x2464628 9.5434 -13.1137 -1.7437 9.4298 -13.1137 -1.7437 9.5 -13.059 -1.8963
4 0x2464628 -8.5141 -13.1137 -1.7437 -8.9449 -13.1137 -1.7437 -8.8 -12.7712 -2.6999 -8.25 -12.2136 -4.2567
3 0x2464628 -8.8 -12.7712 -2.6999 -8.6 -12.0877 -4.6083 -8.25 -12.2136 -4.2567
4 0x2464628 -12.2 -12.5733 -3.2523 -12.65 -12.5374 -3.3527 -12.55 -12.2495 -4.1563 -12.05 -12.1057 -4.558
4 0x2464628 -12.05 -12.1057 -4.558 -12.55 -12.2495 -4.1563 -12.5 -12.0157 -4.8091 -12.05 -11.9258 -5.0603
4 0x2464628 -12.05 -11.9258 -5.0603 -12.5 -12.0157 -4.8091 -12.55 -11.8538 -5.2611 -12.2 -11.62 -5.914
4 0x2464628 -12.2 -11.62 -5.914 -12.55 -11.8538 -5.2611 -12.75 -11.6559 -5.8136 -13 -11.0984 -7.3704
4 0x2464628 -13 -11.0984 -7.3704 -12.75 -11.6559 -5.8136 -13.95 -10.8645 -8.0233 -13.616 -10.7264 -8.409
4 0x2464628 -6.95 -11.7819 -5.462 -8.25 -12.2136 -4.2567 -8.6 -12.0877 -4.6083 -7 -11.602 -5.9642
4 0x2464628 -5.05 -11.2602 -6.9184 -6.95 -11.7819 -5.462 -7 -11.602 -5.9642 -4.7 -10.9545 -7.7722
4 0x2464628 -3.4 -10.8645 -8.0233 -5.05 -11.2602 -6.9184 -4.7 -10.9545 -7.7722 -3.6602 -10.7264 -8.409
4 0x2464628 -7.8506 -10.7264 -8.409 -9.1 -11.0984 -7.3704 -8.95 -10.8285 -8.1237 -8.6043 -10.7264 -8.409
4 28 -8.25 -12.2136 -4.2567 -7.6 -12.4834 -3.5034 -7.65 -12.6813 -2.951 -8.5141 -13.1137 -1.7437
3 28 -7.6 -12.4834 -3.5034 -8.25 -12.2136 -4.2567 -7.45 -12.3215 -3.9554
4 28 -7.2 -12.1417 -4.4576 -7.45 -12.3215 -3.9554 -8.25 -12.2136 -4.2567 -6.95 -11.7819 -5.462
3 28 -7.2 -12.1417 -4.4576 -6.95 -11.7819 -5.462 -6.9 -11.9977 -4.8594
3 28 -6.9 -11.9977 -4.8594 -6.95 -11.7819 -5.462 -6.05 -11.692 -5.7131
4 28 -5.4 -11.4762 -6.3158 -6.05 -11.692 -5.7131 -6.95 -11.7819 -5.462 -5.05 -11.2602 -6.9184
4 28 -4.05 -11.1164 -7.3202 -5.4 -11.4762 -6.3158 -5.05 -11.2602 -6.9184 -3.4 -10.8645 -8.0233
3 28 -4.05 -11.1164 -7.3202 -3.4 -10.8645 -8.0233 -3.8 -11.0984 -7.3704
3 28 -3.6 -11.1344 -7.27 -3.8 -11.0984 -7.3704 -3.4 -10.8645 -8.0233
4 28 -3.55 -11.1883 -7.1193 -3.6 -11.1344 -7.27 -3.4 -10.8645 -8.0233 -2.6911 -10.7264 -8.409
4 28 -3.55 -11.1883 -7.1193 1.15 -11.3682 -6.6171 1.2 -11.7459 -5.5625 -3.7 -11.2963 -6.818
4 28 -3.7 -11.2963 -6.818 1.2 -11.7459 -5.5625 1.45 -12.0877 -4.6083 -4.2 -11.5301 -6.1651
4 28 -4.2 -11.5301 -6.1651 1.45 -12.0877 -4.6083 1.6 -12.2136 -4.2567 -5.05 -11.9438 -5.01
4 28 -5.5 -12.1776 -4.3572 -5.05 -11.9438 -5.01 1.6 -12.2136 -4.2567 -5.65 -12.3395 -3.9052
4 28 -5.75 -12.5014 -3.4532 -5.65 -12.3395 -3.9052 1.6 -12.2136 -4.2567 -5.8401 -13.1137 -1.7437
4 28 6.7 -12.8431 -2.499 6 -12.969 -2.1474 3.35 -11.0264 -7.5713 7.2 -12.7352 -2.8003
4 28 7.4 -12.6452 -3.0514 7.2 -12.7352 -2.8003 3.35 -11.0264 -7.5713 7.65 -12.3934 -3.7545
4 28 8.15 -11.9438 -5.01 7.65 -12.3934 -3.7545 3.35 -11.0264 -7.5713 3.4691 -10.7264 -8.409
3 28 -8.95 -10.8285 -8.1237 -9.1067 -10.7264 -8.409 -8.6043 -10.7264 -8.409
4 28 -13.95 -10.8645 -8.0233 -12.75 -11.6559 -5.8136 -12.55 -11.8538 -5.2611 -17.5 -13.1137 -1.7437
4 28 -12.55 -11.8538 -5.2611 -12.5 -12.0157 -4.8091 -12.55 -12.2495 -4.1563 -17.5 -13.1137 -1.7437
4 28 10.35 -12.8971 -2.3483 10.3124 -13.1137 -1.7437 9.8995 -13.1135 -1.7444 10 -12.8251 -2.5492
4 28 10.35 -12.8971 -2.3483 10 -12.8251 -2.5492 10.05 -12.4655 -3.5536 10.5 -12.3036 -4.0056
4 28 10.5 -12.3036 -4.0056 10.05 -12.4655 -3.5536 9.9 -12.1596 -4.4074 10.65 -11.8899 -5.1607
4 28 10.65 -11.8899 -5.1607 9.9 -12.1596 -4.4074 9.65 -11.9258 -5.0603 10.8 -11.6559 -5.8136
3 28 9.65 -11.9258 -5.0603 9.45 -11.7999 -5.4118 10.8 -11.6559 -5.8136
3 28 9.45 -11.7999 -5.4118 9.2 -11.7459 -5.5625 10.8 -11.6559 -5.8136
3 330 -8.9449 -13.1137 -1.7437 -12.5349 -13.1137 -1.7437 -12.2 -12.5733 -3.2523
3 330 9.4298 -13.1137 -1.7437 6.204 -13.1137 -1.7437 6.6 -13.023 -1.9968
3 330 9.4298 -13.1137 -1.7437 6.6 -13.023 -1.9968 7.35 -12.8971 -2.3483
3 330 -3.6602 -10.7264 -8.409 -4.7 -10.9545 -7.7722 -7.8506 -10.7264 -8.409
4 330 -13 -11.0984 -7.3704 -13.616 -10.7264 -8.409 -9.6548 -10.7264 -8.409 -9.1 -11.0984 -7.3704
3 330 -12.2 -11.62 -5.914 -13 -11.0984 -7.3704 -9.1 -11.0984 -7.3704
3 70 2.85 -11.1523 -7.2198 1.7977 -10.7264 -8.409 3.0241 -10.7264 -8.409
4 70 -6.15 -12.8431 -2.499 -6.1842 -13.1137 -1.7437 -7.4074 -13.1137 -1.7437 -7.35 -12.6813 -2.951
3 0x2464628 -12.5349 -13.1137 -1.7437 -12.9978 -13.1137 -1.7437 -12.65 -12.5374 -3.3527
3 0x2464628 -12.5349 -13.1137 -1.7437 -12.65 -12.5374 -3.3527 -12.2 -12.5733 -3.2523
3 0x2464628 -13.616 -10.7264 -8.409 -13.95 -10.8645 -8.0233 -14.1548 -10.7264 -8.409
4 0x2464628 -9.1 -11.0984 -7.3704 -9.6548 -10.7264 -8.409 -9.1067 -10.7264 -8.409 -8.95 -10.8285 -8.1237
3 0x2464628 -2.6911 -10.7264 -8.409 -3.4 -10.8645 -8.0233 -3.6602 -10.7264 -8.409
3 308 3.4691 -10.7264 -8.409 3.35 -11.0264 -7.5713 3.0241 -10.7264 -8.409
4 308 -7.4074 -13.1137 -1.7437 -7.769 -13.1137 -1.7437 -7.65 -12.6813 -2.951 -7.35 -12.6813 -2.951
3 308 11.9 -13.1137 -1.7437 11.6 -13.1137 -1.7437 11.6 -12.9331 -2.2479
4 28 -12.65 -12.5374 -3.3527 -12.9978 -13.1137 -1.7437 -17.5 -13.1137 -1.7437 -12.55 -12.2495 -4.1563
4 28 -14.1548 -10.7264 -8.409 -13.95 -10.8645 -8.0233 -17.5 -13.1137 -1.7437 -17.5 -10.7264 -8.409
3 28 8.15 -11.9438 -5.01 3.4691 -10.7264 -8.409 8.45 -11.7999 -5.4118
3 28 8.45 -11.7999 -5.4118 3.4691 -10.7264 -8.409 8.8 -11.7459 -5.5625
4 28 9.2 -11.7459 -5.5625 8.8 -11.7459 -5.5625 3.4691 -10.7264 -8.409 10.8 -11.6559 -5.8136
3 28 10.8 -11.6559 -5.8136 3.4691 -10.7264 -8.409 10.95 -11.566 -6.0647
4 28 11.15 -11.5481 -6.1149 10.95 -11.566 -6.0647 3.4691 -10.7264 -8.409 17.5 -10.7264 -8.409
3 28 11.3 -11.584 -6.0145 11.15 -11.5481 -6.1149 17.5 -10.7264 -8.409
4 28 11.4 -11.6559 -5.8136 11.3 -11.584 -6.0145 17.5 -10.7264 -8.409 17.5 -13.1137 -1.7437
3 28 17.5 -13.1137 -1.7437 11.7 -12.0697 -4.6585 11.4 -11.6559 -5.8136
3 28 17.5 -13.1137 -1.7437 11.8 -12.3215 -3.9554 11.7 -12.0697 -4.6585
3 28 17.5 -13.1137 -1.7437 11.9 -12.8251 -2.5492 11.8 -12.3215 -3.9554
3 28 17.5 -13.1137 -1.7437 11.9 -13.1137 -1.7437 11.9 -12.8251 -2.5492
3 0x2464628 6.204 -13.1137 -1.7437 5.3747 -13.1137 -1.7437 6 -12.969 -2.1474
3 28 5.3747 -13.1137 -1.7437 -5.8401 -13.1137 -1.7437 1.8 -12.2676 -4.1061
4 28 5.3747 -13.1137 -1.7437 1.8 -12.2676 -4.1061 2.05 -12.2676 -4.1061 6 -12.969 -2.1474
3 28 6 -12.969 -2.1474 2.05 -12.2676 -4.1061 2.25 -12.2136 -4.2567
3 28 -5.8401 -13.1137 -1.7437 1.6 -12.2136 -4.2567 1.8 -12.2676 -4.1061
3 28 6 -12.969 -2.1474 2.25 -12.2136 -4.2567 2.45 -12.0877 -4.6083
3 28 6 -12.969 -2.1474 2.45 -12.0877 -4.6083 3 -11.4941 -6.2656
3 28 6 -12.969 -2.1474 3 -11.4941 -6.2656 3.35 -11.0264 -7.5713
3 28 -7.769 -13.1137 -1.7437 -8.5141 -13.1137 -1.7437 -7.65 -12.6813 -2.951
4 28 1.15 -11.3682 -6.6171 -3.55 -11.1883 -7.1193 -2.6911 -10.7264 -8.409 1.25 -10.9185 -7.8726
3 28 -2.6911 -10.7264 -8.409 1.3263 -10.7264 -8.409 1.25 -10.9185 -7.8726
4 70 -8.7 -14.3362 3.2262 -7 -14.1633 2.5231 -7.6805 -14.8451 5.2953 -9.2568 -14.8451 5.2953
4 70 -7 -14.1633 2.5231 -8.7 -14.3362 3.2262 -7.85 -13.6444 .4138 -6.4 -13.4961 -.1888
4 70 -6.4 -13.4961 -.1888 -7.85 -13.6444 .4138 -7.5 -13.2738 -1.0928 -6.2 -13.1996 -1.3941
4 70 -6.1842 -13.1137 -1.7437 -6.2 -13.1996 -1.3941 -7.5 -13.2738 -1.0928 -7.4074 -13.1137 -1.7437
4 70 7.95 -14.6944 4.6826 9.55 -14.682 4.6324 9.5639 -14.8451 5.2953 7.9406 -14.8451 5.2953
4 70 9.55 -14.682 4.6324 7.95 -14.6944 4.6826 8.05 -14.5708 4.1804 8.25 -14.4597 3.7284
4 70 9.65 -14.5956 4.2808 9.55 -14.682 4.6324 8.25 -14.4597 3.7284 9.15 -14.1015 2.272
4 70 10.05 -14.4474 3.6782 9.65 -14.5956 4.2808 9.15 -14.1015 2.272 10.7 -14.1509 2.4729
4 70 11.25 -13.8296 1.1671 10.7 -14.1509 2.4729 9.15 -14.1015 2.272 10.2 -13.6567 .4641
4 70 11.5 -13.6444 .4138 11.25 -13.8296 1.1671 10.2 -13.6567 .4641 10.45 -13.5085 -.1386
4 70 11.6 -13.4221 -.4901 11.5 -13.6444 .4138 10.45 -13.5085 -.1386 10.55 -13.3355 -.8417
4 70 11.6 -13.1137 -1.7437 11.6 -13.4221 -.4901 10.55 -13.3355 -.8417 10.6099 -13.1137 -1.7437
4 308 9.55 -14.682 4.6324 9.9 -14.7191 4.7831 9.9074 -14.8451 5.2953 9.5639 -14.8451 5.2953
4 308 9.95 -14.6326 4.4315 9.9 -14.7191 4.7831 9.55 -14.682 4.6324 9.65 -14.5956 4.2808
4 308 10.1 -14.5586 4.1302 9.95 -14.6326 4.4315 9.65 -14.5956 4.2808 10.05 -14.4474 3.6782
4 308 10.5 -14.4103 3.5275 10.1 -14.5586 4.1302 10.05 -14.4474 3.6782 10.7 -14.1509 2.4729
4 308 11 -14.1755 2.5733 10.5 -14.4103 3.5275 10.7 -14.1509 2.4729 11.4 -13.9656 1.7196
4 308 11.4 -13.9656 1.7196 10.7 -14.1509 2.4729 11.25 -13.8296 1.1671 11.65 -13.805 1.0667
4 308 11.8 -13.6691 .5143 11.65 -13.805 1.0667 11.25 -13.8296 1.1671 11.5 -13.6444 .4138
4 308 11.85 -13.5455 .0121 11.8 -13.6691 .5143 11.5 -13.6444 .4138 11.6 -13.4221 -.4901
4 308 11.9 -13.212 -1.3439 11.85 -13.5455 .0121 11.6 -13.4221 -.4901 11.6 -13.1137 -1.7437
4 308 7.7 -14.6574 4.5319 7.95 -14.6944 4.6826 7.9406 -14.8451 5.2953 7.6869 -14.8451 5.2953
4 308 7.95 -14.6944 4.6826 7.7 -14.6574 4.5319 7.75 -14.5708 4.1804 8.05 -14.5708 4.1804
4 308 8.05 -14.5708 4.1804 7.75 -14.5708 4.1804 7.85 -14.4844 3.8289 8.25 -14.4597 3.7284
4 308 8.25 -14.4597 3.7284 7.85 -14.4844 3.8289 8.1 -14.3732 3.3769 9.15 -14.1015 2.272
4 308 9.15 -14.1015 2.272 8.1 -14.3732 3.3769 9.2 -13.9408 1.6191 10.2 -13.6567 .4641
4 308 10.2 -13.6567 .4641 9.2 -13.9408 1.6191 9.95 -13.6197 .3134 10.1 -13.5579 .0623
4 308 10.45 -13.5085 -.1386 10.2 -13.6567 .4641 10.1 -13.5579 .0623 10.2 -13.4715 -.2893
4 308 10.55 -13.3355 -.8417 10.45 -13.5085 -.1386 10.2 -13.4715 -.2893 10.25 -13.3603 -.7413
4 308 10.6099 -13.1137 -1.7437 10.55 -13.3355 -.8417 10.25 -13.3603 -.7413 10.3124 -13.1137 -1.7437
4 308 -1.55 -14.608 4.3311 -1.35 -14.682 4.6324 -1.57 -14.8451 5.2953 -1.8906 -14.8451 5.2953
4 308 -1.25 -14.5708 4.1804 -1.35 -14.682 4.6324 -1.55 -14.608 4.3311 -1.5 -14.4844 3.8289
4 308 -7.85 -13.6444 .4138 -8.95 -14.2744 2.9751 -8.1 -13.5455 .0121 -7.5 -13.2738 -1.0928
3 308 -8.1 -13.5455 .0121 -7.85 -13.2738 -1.0928 -7.5 -13.2738 -1.0928
4 308 -2.4 -14.682 4.6324 -2.35 -14.8056 5.1346 -2.4679 -14.8451 5.2953 -2.88 -14.8451 5.2953
4 308 -1.55 -14.608 4.3311 -2.35 -14.8056 5.1346 -2.4 -14.682 4.6324 -1.8 -14.5214 3.9795
3 308 -1.55 -14.608 4.3311 -1.8 -14.5214 3.9795 -1.5 -14.4844 3.8289
4 308 -1.25 -14.5214 3.9795 -1.25 -14.5708 4.1804 -1.5 -14.4844 3.8289 -1.3 -14.4844 3.8289
4 308 -7 -14.1633 2.5231 -6.55 -14.0767 2.1716 -7.2742 -14.8451 5.2953 -7.6805 -14.8451 5.2953
4 308 -6.55 -14.0767 2.1716 -7 -14.1633 2.5231 -6.4 -13.4961 -.1888 -6.05 -13.5332 -.0382
4 308 -5.95 -13.3479 -.7915 -6.05 -13.5332 -.0382 -6.4 -13.4961 -.1888 -6.2 -13.1996 -1.3941
4 308 -5.85 -13.1626 -1.5448 -5.95 -13.3479 -.7915 -6.2 -13.1996 -1.3941 -6.1842 -13.1137 -1.7437
4 330 6.6 -14.0891 2.2218 3.6 -13.9162 1.5187 3.9 -13.7185 .7152 6.7 -13.9408 1.6191
4 330 6.7 -13.9408 1.6191 3.9 -13.7185 .7152 4.55 -13.4715 -.2893 7 -13.805 1.0667
4 330 7 -13.805 1.0667 4.55 -13.4715 -.2893 5.5 -13.2244 -1.2937 6.204 -13.1137 -1.7437
4 330 9.2 -13.2367 -1.2435 8.7 -13.3973 -.5906 7.85 -13.6073 .2632 6.204 -13.1137 -1.7437
4 330 -10.4281 -14.8451 5.2953 -13.85 -14.5708 4.1804 -12.5349 -13.1137 -1.7437 -9.15 -13.4467 -.3897
4 0x2464628 3.2858 -14.8451 5.2953 2.95 -14.2497 2.8747 3.05 -13.9903 1.82 3.45 -14.1755 2.5733
4 0x2464628 3.6 -13.9162 1.5187 3.45 -14.1755 2.5733 3.05 -13.9903 1.82 3.25 -13.805 1.0667
4 0x2464628 3.6 -13.9162 1.5187 3.25 -13.805 1.0667 3.5 -13.6691 .5143 3.9 -13.7185 .7152
4 0x2464628 3.9 -13.7185 .7152 3.5 -13.6691 .5143 3.9 -13.4837 -.239 4.55 -13.4715 -.2893
4 0x2464628 4.55 -13.4715 -.2893 3.9 -13.4837 -.239 4.5 -13.3109 -.9421 5.5 -13.2244 -1.2937
3 0x2464628 9.7 -13.2491 -1.1932 9.5434 -13.1137 -1.7437 9.8995 -13.1135 -1.7444
4 0x2464628 6.6 -14.0891 2.2218 7 -14.1385 2.4227 6.9845 -14.8451 5.2953 6.5833 -14.8451 5.2953
4 0x2464628 7 -14.1385 2.4227 6.6 -14.0891 2.2218 6.7 -13.9408 1.6191 7.05 -14.015 1.9205
4 0x2464628 7.05 -14.015 1.9205 6.7 -13.9408 1.6191 7 -13.805 1.0667 7.25 -13.8914 1.4182
4 0x2464628 7.9 -13.7308 .7654 7.25 -13.8914 1.4182 7 -13.805 1.0667 7.85 -13.6073 .2632
4 0x2464628 8.85 -13.5085 -.1386 7.9 -13.7308 .7654 7.85 -13.6073 .2632 8.7 -13.3973 -.5906
4 0x2464628 9.35 -13.3849 -.6408 8.85 -13.5085 -.1386 8.7 -13.3973 -.5906 9.2 -13.2367 -1.2435
4 0x2464628 9.7 -13.2491 -1.1932 9.35 -13.3849 -.6408 9.2 -13.2367 -1.2435 9.4298 -13.1137 -1.7437
3 0x2464628 9.7 -13.2491 -1.1932 9.4298 -13.1137 -1.7437 9.5434 -13.1137 -1.7437
4 0x2464628 -9.15 -13.4467 -.3897 -8.7 -13.4467 -.3897 -9.9129 -14.8451 5.2953 -10.4281 -14.8451 5.2953
4 0x2464628 -8.5141 -13.1137 -1.7437 -8.7 -13.4467 -.3897 -9.15 -13.4467 -.3897 -8.9449 -13.1137 -1.7437
4 0x2464628 -14.75 -14.7068 4.7328 -14.7 -14.8056 5.1346 -15.2973 -14.8451 5.2953 -16.95 -14.8451 5.2953
4 0x2464628 -14.25 -14.7562 4.9337 -14.7 -14.8056 5.1346 -14.75 -14.7068 4.7328 -14.45 -14.6574 4.5319
4 0x2464628 -14 -14.682 4.6324 -14.25 -14.7562 4.9337 -14.45 -14.6574 4.5319 -14.3 -14.5956 4.2808
4 0x2464628 -13.85 -14.5708 4.1804 -14 -14.682 4.6324 -14.3 -14.5956 4.2808 -12.9978 -13.1137 -1.7437
4 28 -1.57 -14.8451 5.2953 -1.35 -14.682 4.6324 2.95 -14.2497 2.8747 2.8027 -14.8451 5.2953
3 28 -1.35 -14.682 4.6324 -1.25 -14.5708 4.1804 2.95 -14.2497 2.8747
3 28 -1.25 -14.5708 4.1804 -1.25 -14.5214 3.9795 2.95 -14.2497 2.8747
4 28 2.95 -14.2497 2.8747 -1.25 -14.5214 3.9795 -1.3 -14.4844 3.8289 3.05 -13.9903 1.82
4 28 3.05 -13.9903 1.82 -1.3 -14.4844 3.8289 -1.5 -14.4844 3.8289 -5.85 -13.1626 -1.5448
3 28 -1.5 -14.4844 3.8289 -5.95 -13.3479 -.7915 -5.85 -13.1626 -1.5448
4 28 -6.05 -13.5332 -.0382 -5.95 -13.3479 -.7915 -1.5 -14.4844 3.8289 -1.8 -14.5214 3.9795
4 28 -6.55 -14.0767 2.1716 -6.05 -13.5332 -.0382 -1.8 -14.5214 3.9795 -2.4 -14.682 4.6324
4 28 -7.2742 -14.8451 5.2953 -6.55 -14.0767 2.1716 -2.4 -14.682 4.6324 -2.88 -14.8451 5.2953
4 28 -8.95 -14.2744 2.9751 -9.9129 -14.8451 5.2953 -8.7 -13.4467 -.3897 -8.1 -13.5455 .0121
4 28 -7.85 -13.2738 -1.0928 -8.1 -13.5455 .0121 -8.7 -13.4467 -.3897 -8.5141 -13.1137 -1.7437
4 28 -14.75 -14.7068 4.7328 -16.95 -14.8451 5.2953 -17.5 -14.8451 5.2953 -17.5 -13.1137 -1.7437
4 28 7 -14.1385 2.4227 7.7 -14.6574 4.5319 7.6869 -14.8451 5.2953 6.9845 -14.8451 5.2953
4 28 7.75 -14.5708 4.1804 7.7 -14.6574 4.5319 7 -14.1385 2.4227 7.05 -14.015 1.9205
4 28 7.85 -14.4844 3.8289 7.75 -14.5708 4.1804 7.05 -14.015 1.9205 7.25 -13.8914 1.4182
4 28 8.1 -14.3732 3.3769 7.85 -14.4844 3.8289 7.25 -13.8914 1.4182 7.9 -13.7308 .7654
4 28 9.2 -13.9408 1.6191 8.1 -14.3732 3.3769 7.9 -13.7308 .7654 8.85 -13.5085 -.1386
4 28 9.95 -13.6197 .3134 9.2 -13.9408 1.6191 8.85 -13.5085 -.1386 9.35 -13.3849 -.6408
4 28 10.1 -13.5579 .0623 9.95 -13.6197 .3134 9.35 -13.3849 -.6408 10.2 -13.4715 -.2893
4 28 10.25 -13.3603 -.7413 10.2 -13.4715 -.2893 9.35 -13.3849 -.6408 9.7 -13.2491 -1.1932
4 28 10.3124 -13.1137 -1.7437 10.25 -13.3603 -.7413 9.7 -13.2491 -1.1932 9.8995 -13.1135 -1.7444
4 330 6.5833 -14.8451 5.2953 3.2858 -14.8451 5.2953 3.45 -14.1755 2.5733 6.6 -14.0891 2.2218
3 330 3.45 -14.1755 2.5733 3.6 -13.9162 1.5187 6.6 -14.0891 2.2218
3 330 -10.4281 -14.8451 5.2953 -15.2973 -14.8451 5.2953 -14.7 -14.8056 5.1346
3 330 -10.4281 -14.8451 5.2953 -14.7 -14.8056 5.1346 -14.25 -14.7562 4.9337
3 330 -10.4281 -14.8451 5.2953 -14.25 -14.7562 4.9337 -14 -14.682 4.6324
3 330 -10.4281 -14.8451 5.2953 -14 -14.682 4.6324 -13.85 -14.5708 4.1804
3 330 -8.9449 -13.1137 -1.7437 -9.15 -13.4467 -.3897 -12.5349 -13.1137 -1.7437
3 330 7 -13.805 1.0667 6.204 -13.1137 -1.7437 7.85 -13.6073 .2632
3 330 9.4298 -13.1137 -1.7437 9.2 -13.2367 -1.2435 6.204 -13.1137 -1.7437
3 70 -1.8906 -14.8451 5.2953 -2.4679 -14.8451 5.2953 -2.35 -14.8056 5.1346
3 70 -1.8906 -14.8451 5.2953 -2.35 -14.8056 5.1346 -1.55 -14.608 4.3311
3 0x2464628 3.2858 -14.8451 5.2953 2.8027 -14.8451 5.2953 2.95 -14.2497 2.8747
3 0x2464628 -12.5349 -13.1137 -1.7437 -13.85 -14.5708 4.1804 -12.9978 -13.1137 -1.7437
4 308 -7.5 -13.2738 -1.0928 -7.85 -13.2738 -1.0928 -7.769 -13.1137 -1.7437 -7.4074 -13.1137 -1.7437
3 308 -5.85 -13.1626 -1.5448 -6.1842 -13.1137 -1.7437 -5.8401 -13.1137 -1.7437
3 308 11.9 -13.1137 -1.7437 11.9 -13.212 -1.3439 11.6 -13.1137 -1.7437
3 308 -9.2568 -14.8451 5.2953 -9.5733 -14.8451 5.2953 -8.7 -14.3362 3.2262
4 308 -8.7 -14.3362 3.2262 -9.5733 -14.8451 5.2953 -8.95 -14.2744 2.9751 -7.85 -13.6444 .4138
4 28 17.5 -14.8451 5.2953 9.9074 -14.8451 5.2953 9.9 -14.7191 4.7831 9.95 -14.6326 4.4315
4 28 17.5 -14.8451 5.2953 9.95 -14.6326 4.4315 10.1 -14.5586 4.1302 10.5 -14.4103 3.5275
4 28 17.5 -14.8451 5.2953 10.5 -14.4103 3.5275 11 -14.1755 2.5733 17.5 -13.1137 -1.7437
3 28 11 -14.1755 2.5733 11.4 -13.9656 1.7196 17.5 -13.1137 -1.7437
3 28 11.4 -13.9656 1.7196 11.65 -13.805 1.0667 17.5 -13.1137 -1.7437
3 28 11.9 -13.212 -1.3439 11.9 -13.1137 -1.7437 17.5 -13.1137 -1.7437
3 28 11.65 -13.805 1.0667 11.8 -13.6691 .5143 17.5 -13.1137 -1.7437
3 28 11.8 -13.6691 .5143 11.85 -13.5455 .0121 17.5 -13.1137 -1.7437
3 28 11.85 -13.5455 .0121 11.9 -13.212 -1.3439 17.5 -13.1137 -1.7437
3 28 -9.5733 -14.8451 5.2953 -9.9129 -14.8451 5.2953 -8.95 -14.2744 2.9751
4 28 -14.45 -14.6574 4.5319 -14.75 -14.7068 4.7328 -17.5 -13.1137 -1.7437 -14.3 -14.5956 4.2808
3 28 -14.3 -14.5956 4.2808 -17.5 -13.1137 -1.7437 -12.9978 -13.1137 -1.7437
4 0x2464628 5.5 -13.2244 -1.2937 4.5 -13.3109 -.9421 5.3747 -13.1137 -1.7437 6.204 -13.1137 -1.7437
4 28 3.25 -13.805 1.0667 3.05 -13.9903 1.82 -5.85 -13.1626 -1.5448 -5.8401 -13.1137 -1.7437
3 28 3.25 -13.805 1.0667 -5.8401 -13.1137 -1.7437 3.5 -13.6691 .5143
3 28 3.5 -13.6691 .5143 -5.8401 -13.1137 -1.7437 3.9 -13.4837 -.239
3 28 3.9 -13.4837 -.239 -5.8401 -13.1137 -1.7437 4.5 -13.3109 -.9421
3 28 5.3747 -13.1137 -1.7437 4.5 -13.3109 -.9421 -5.8401 -13.1137 -1.7437
3 28 -7.769 -13.1137 -1.7437 -7.85 -13.2738 -1.0928 -8.5141 -13.1137 -1.7437
4 70 -14.6 -15.7526 11.5629 -13.1 -15.8252 12.0651 -13.0961 -15.9003 12.5834 -14.6071 -15.9003 12.5834
4 70 -13.1 -15.8252 12.0651 -14.6 -15.7526 11.5629 -14.55 -15.6508 10.8598 -13.05 -15.738 11.4624
4 70 -13.05 -15.738 11.4624 -14.55 -15.6508 10.8598 -14.4 -15.5853 10.4078 -12.9 -15.7017 11.2113
4 70 -12.9 -15.7017 11.2113 -14.4 -15.5853 10.4078 -14.05 -15.5199 9.9558 -13.7 -15.4762 9.6545
4 70 -12.55 -15.6726 11.0104 -12.9 -15.7017 11.2113 -13.7 -15.4762 9.6545 -13.2 -15.4399 9.4034
4 70 -10.45 -15.5853 10.4078 -12.55 -15.6726 11.0104 -13.2 -15.4399 9.4034 -10.35 -15.3381 8.7003
4 70 -10.45 -15.5853 10.4078 -10.35 -15.3381 8.7003 -8.4 -15.2872 8.3487 -6.5 -15.4108 9.2025
4 70 -6.5 -15.4108 9.2025 -8.4 -15.2872 8.3487 -5.7 -15.1999 7.7461 -4.15 -15.3018 8.4492
4 70 -4.15 -15.3018 8.4492 -5.7 -15.1999 7.7461 -3.95 -15.1345 7.2941 -3.4 -15.2509 8.0976
4 70 -2.95 -15.1999 7.7461 -3.4 -15.2509 8.0976 -3.95 -15.1345 7.2941 -3.65 -15.0909 6.9928
4 70 -2.55 -15.0836 6.9426 -2.95 -15.1999 7.7461 -3.65 -15.0909 6.9928 -3.05 -14.96 6.0888
4 70 -2.1 -14.9309 5.8879 -2.55 -15.0836 6.9426 -3.05 -14.96 6.0888 -2.4679 -14.8451 5.2953
4 70 -8.4 -15.2872 8.3487 -10.35 -15.3381 8.7003 -9.7 -15.0836 6.9426 -7.9 -14.9746 6.1892
4 70 -7.6805 -14.8451 5.2953 -7.9 -14.9746 6.1892 -9.7 -15.0836 6.9426 -9.2568 -14.8451 5.2953
4 70 8 -15.8689 12.3664 9.85 -15.8471 12.2158 10.1062 -15.9003 12.5834 8.0017 -15.9003 12.5834
4 70 9.7 -15.7817 11.7638 9.85 -15.8471 12.2158 8 -15.8689 12.3664 7.9 -15.229 7.947
4 70 9.5639 -14.8451 5.2953 9.7 -15.7817 11.7638 7.9 -15.229 7.947 7.9406 -14.8451 5.2953
4 308 9.85 -15.8471 12.2158 10.35 -15.8761 12.4166 10.4449 -15.9003 12.5834 10.1062 -15.9003 12.5834
4 308 10.1 -15.8252 12.0651 10.35 -15.8761 12.4166 9.85 -15.8471 12.2158 9.7 -15.7817 11.7638
3 308 10.1 -15.8252 12.0651 9.7 -15.7817 11.7638 10 -15.7743 11.7135
4 308 9.9074 -14.8451 5.2953 10 -15.7743 11.7135 9.7 -15.7817 11.7638 9.5639 -14.8451 5.2953
4 308 7.75 -15.8398 12.1655 8 -15.8689 12.3664 8.0017 -15.9003 12.5834 7.75 -15.9003 12.5834
4 308 7.9 -15.229 7.947 8 -15.8689 12.3664 7.75 -15.8398 12.1655 7.65 -15.1563 7.4448
4 308 7.9406 -14.8451 5.2953 7.9 -15.229 7.947 7.65 -15.1563 7.4448 7.6869 -14.8451 5.2953
4 308 -13.1 -15.8252 12.0651 -12.75 -15.7817 11.7638 -12.75 -15.9003 12.5834 -13.0961 -15.9003 12.5834
4 308 -12.75 -15.7817 11.7638 -13.1 -15.8252 12.0651 -13.05 -15.738 11.4624 -12.7 -15.7526 11.5629
4 308 -12.7 -15.7526 11.5629 -13.05 -15.738 11.4624 -12.9 -15.7017 11.2113 -12.6 -15.7308 11.4122
4 308 -12.6 -15.7308 11.4122 -12.9 -15.7017 11.2113 -12.55 -15.6726 11.0104 -12.4 -15.7162 11.3118
4 308 -12.4 -15.7162 11.3118 -12.55 -15.6726 11.0104 -10.45 -15.5853 10.4078 -9.8 -15.6071 10.5585
4 308 -9.8 -15.6071 10.5585 -10.45 -15.5853 10.4078 -6.5 -15.4108 9.2025 -5.8 -15.4327 9.3532
4 308 -5.8 -15.4327 9.3532 -6.5 -15.4108 9.2025 -4.15 -15.3018 8.4492 -3.85 -15.3381 8.7003
4 308 -3.4 -15.309 8.4994 -3.85 -15.3381 8.7003 -4.15 -15.3018 8.4492 -3.4 -15.2509 8.0976
4 308 -2.95 -15.2653 8.1981 -3.4 -15.309 8.4994 -3.4 -15.2509 8.0976 -2.95 -15.1999 7.7461
4 308 -2.65 -15.2218 7.8968 -2.95 -15.2653 8.1981 -2.95 -15.1999 7.7461 -2.45 -15.1709 7.5452
4 308 -2.45 -15.1709 7.5452 -2.95 -15.1999 7.7461 -2.55 -15.0836 6.9426 -2 -15.0037 6.3901
4 308 -2 -15.0037 6.3901 -2.55 -15.0836 6.9426 -2.1 -14.9309 5.8879 -1.57 -14.8451 5.2953
3 308 -2.1 -14.9309 5.8879 -1.8906 -14.8451 5.2953 -1.57 -14.8451 5.2953
4 308 -14.9 -15.738 11.4624 -14.6 -15.7526 11.5629 -14.6071 -15.9003 12.5834 -14.9077 -15.9003 12.5834
4 308 -14.6 -15.7526 11.5629 -14.9 -15.738 11.4624 -14.85 -15.6434 10.8096 -14.55 -15.6508 10.8598
4 308 -14.55 -15.6508 10.8598 -14.85 -15.6434 10.8096 -14.7 -15.5708 10.3074 -14.4 -15.5853 10.4078
4 308 -14.4 -15.5853 10.4078 -14.7 -15.5708 10.3074 -14.5 -15.5199 9.9558 -14.05 -15.5199 9.9558
4 308 -14.05 -15.5199 9.9558 -14.5 -15.5199 9.9558 -14.2 -15.4762 9.6545 -13.7 -15.4762 9.6545
4 308 -13.7 -15.4762 9.6545 -14.2 -15.4762 9.6545 -13.75 -15.4327 9.3532 -13.2 -15.4399 9.4034
4 308 -13.2 -15.4399 9.4034 -13.75 -15.4327 9.3532 -13.2 -15.3962 9.1021 -10.55 -15.3018 8.4492
3 308 -13.2 -15.4399 9.4034 -10.55 -15.3018 8.4492 -10.35 -15.3381 8.7003
4 308 -10.35 -15.3381 8.7003 -10.55 -15.3018 8.4492 -10.25 -15.1781 7.5954 -9.7 -15.0836 6.9426
4 308 -9.7 -15.0836 6.9426 -10.25 -15.1781 7.5954 -9.8 -14.9672 6.139 -9.2568 -14.8451 5.2953
4 308 -5.7 -15.1999 7.7461 -8.4 -15.2872 8.3487 -7.95 -15.2145 7.8465 -4.3 -15.0981 7.043
4 308 -3.95 -15.1345 7.2941 -5.7 -15.1999 7.7461 -4.3 -15.0981 7.043 -4.05 -15.0836 6.9426
4 308 -3.65 -15.0909 6.9928 -3.95 -15.1345 7.2941 -4.05 -15.0836 6.9426 -3.85 -15.0618 6.7919
4 308 -3.05 -14.96 6.0888 -3.65 -15.0909 6.9928 -3.85 -15.0618 6.7919 -3.2 -14.9091 5.7373
4 308 -2.4679 -14.8451 5.2953 -3.05 -14.96 6.0888 -3.2 -14.9091 5.7373 -2.88 -14.8451 5.2953
4 308 -7.95 -15.2145 7.8465 -8.4 -15.2872 8.3487 -7.9 -14.9746 6.1892 -7.4 -14.9237 5.8377
4 308 -7.2742 -14.8451 5.2953 -7.4 -14.9237 5.8377 -7.9 -14.9746 6.1892 -7.6805 -14.8451 5.2953
4 330 6.55 -15.7308 11.4122 6.4528 -15.9003 12.5834 2.85 -15.8252 12.0651 2.95 -15.6508 10.8598
4 330 -14.25 -15.3599 8.8509 -17.5 -15.5271 10.006 -17.5 -14.9309 5.8879 -15.2973 -14.8451 5.2953
4 330 -11.8 -15.2145 7.8465 -12.7 -15.2727 8.2483 -14.25 -15.3599 8.8509 -15.2973 -14.8451 5.2953
4 0x2464628 2.592 -15.9003 12.5834 2.25 -15.8543 12.266 2.4 -15.8034 11.9144 2.85 -15.8252 12.0651
4 0x2464628 6.55 -15.7308 11.4122 6.95 -15.7671 11.6633 6.8703 -15.9003 12.5834 6.4528 -15.9003 12.5834
4 0x2464628 6.9845 -14.8451 5.2953 6.95 -15.7671 11.6633 6.55 -15.7308 11.4122 6.5833 -14.8451 5.2953
4 0x2464628 -17.5 -15.6071 10.5585 -17.5 -15.5271 10.006 -14.25 -15.3599 8.8509 -12.6 -15.3308 8.6501
4 0x2464628 -12.6 -15.3308 8.6501 -14.25 -15.3599 8.8509 -12.7 -15.2727 8.2483 -11.7 -15.2727 8.2483
4 0x2464628 -11.7 -15.2727 8.2483 -12.7 -15.2727 8.2483 -11.8 -15.2145 7.8465 -11.15 -15.2218 7.8968
4 0x2464628 -11.15 -15.2218 7.8968 -11.8 -15.2145 7.8465 -11.3 -15.1563 7.4448 -10.7 -15.1563 7.4448
4 0x2464628 -10.7 -15.1563 7.4448 -11.3 -15.1563 7.4448 -10.9 -15.069 6.8421 -10.35 -15.0763 6.8923
4 0x2464628 -10.35 -15.0763 6.8923 -10.9 -15.069 6.8421 -10.55 -14.9237 5.8377 -10.05 -14.9382 5.9381
4 0x2464628 -9.9129 -14.8451 5.2953 -10.05 -14.9382 5.9381 -10.55 -14.9237 5.8377 -10.4281 -14.8451 5.2953
4 0x2464628 -15.2973 -14.8451 5.2953 -17.5 -14.9309 5.8879 -17.5 -14.8655 5.4359 -16.95 -14.8451 5.2953
4 28 -14.9 -15.738 11.4624 -17.5 -15.9003 12.5834 -17.5 -15.6071 10.5585 -14.85 -15.6434 10.8096
3 28 -14.85 -15.6434 10.8096 -17.5 -15.6071 10.5585 -14.7 -15.5708 10.3074
3 28 -17.5 -15.6071 10.5585 -14.5 -15.5199 9.9558 -14.7 -15.5708 10.3074
3 28 -17.5 -15.6071 10.5585 -14.2 -15.4762 9.6545 -14.5 -15.5199 9.9558
4 28 -10.55 -15.3018 8.4492 -13.2 -15.3962 9.1021 -12.6 -15.3308 8.6501 -11.7 -15.2727 8.2483
3 28 -10.55 -15.3018 8.4492 -11.7 -15.2727 8.2483 -11.15 -15.2218 7.8968
4 28 -10.55 -15.3018 8.4492 -11.15 -15.2218 7.8968 -10.7 -15.1563 7.4448 -10.25 -15.1781 7.5954
4 28 -10.25 -15.1781 7.5954 -10.7 -15.1563 7.4448 -10.35 -15.0763 6.8923 -9.8 -14.9672 6.139
4 28 -9.5733 -14.8451 5.2953 -9.8 -14.9672 6.139 -10.35 -15.0763 6.8923 -10.05 -14.9382 5.9381
3 28 -17.5 -15.6071 10.5585 -13.75 -15.4327 9.3532 -14.2 -15.4762 9.6545
4 28 -13.75 -15.4327 9.3532 -17.5 -15.6071 10.5585 -12.6 -15.3308 8.6501 -13.2 -15.3962 9.1021
4 28 2.4 -15.8034 11.9144 2.25 -15.8543 12.266 -2.65 -15.2218 7.8968 -2.45 -15.1709 7.5452
4 28 2.4 -15.8034 11.9144 -2.45 -15.1709 7.5452 -2 -15.0037 6.3901 2.8027 -14.8451 5.2953
4 28 -3.2 -14.9091 5.7373 -7.4 -14.9237 5.8377 -7.2742 -14.8451 5.2953 -2.88 -14.8451 5.2953
4 28 -7.4 -14.9237 5.8377 -3.2 -14.9091 5.7373 -3.85 -15.0618 6.7919 -4.05 -15.0836 6.9426
4 28 -7.4 -14.9237 5.8377 -4.05 -15.0836 6.9426 -4.3 -15.0981 7.043 -7.95 -15.2145 7.8465
3 28 -17.5 -14.8655 5.4359 -17.5 -14.8451 5.2953 -16.95 -14.8451 5.2953
4 28 7.6869 -14.8451 5.2953 7.65 -15.1563 7.4448 6.95 -15.7671 11.6633 6.9845 -14.8451 5.2953
3 330 6.4528 -15.9003 12.5834 2.592 -15.9003 12.5834 2.85 -15.8252 12.0651
4 330 6.55 -15.7308 11.4122 2.95 -15.6508 10.8598 3.2858 -14.8451 5.2953 6.5833 -14.8451 5.2953
4 330 -11.3 -15.1563 7.4448 -11.8 -15.2145 7.8465 -15.2973 -14.8451 5.2953 -10.9 -15.069 6.8421
4 330 -10.55 -14.9237 5.8377 -10.9 -15.069 6.8421 -15.2973 -14.8451 5.2953 -10.4281 -14.8451 5.2953
3 70 -1.8906 -14.8451 5.2953 -2.1 -14.9309 5.8879 -2.4679 -14.8451 5.2953
3 0x2464628 2.592 -15.9003 12.5834 1.9127 -15.9003 12.5834 2.25 -15.8543 12.266
4 0x2464628 2.95 -15.6508 10.8598 2.85 -15.8252 12.0651 2.4 -15.8034 11.9144 2.8027 -14.8451 5.2953
3 0x2464628 3.2858 -14.8451 5.2953 2.95 -15.6508 10.8598 2.8027 -14.8451 5.2953
3 308 -9.2568 -14.8451 5.2953 -9.8 -14.9672 6.139 -9.5733 -14.8451 5.2953
3 28 -14.9077 -15.9003 12.5834 -17.5 -15.9003 12.5834 -14.9 -15.738 11.4624
3 28 1.9127 -15.9003 12.5834 -12.75 -15.9003 12.5834 -12.75 -15.7817 11.7638
3 28 7.75 -15.9003 12.5834 6.8703 -15.9003 12.5834 7.75 -15.8398 12.1655
4 28 10 -15.7743 11.7135 9.9074 -14.8451 5.2953 17.5 -14.8451 5.2953 10.1 -15.8252 12.0651
4 28 10.35 -15.8761 12.4166 10.1 -15.8252 12.0651 17.5 -14.8451 5.2953 17.5 -15.9003 12.5834
3 28 17.5 -15.9003 12.5834 10.4449 -15.9003 12.5834 10.35 -15.8761 12.4166
4 28 7.75 -15.8398 12.1655 6.8703 -15.9003 12.5834 6.95 -15.7671 11.6633 7.65 -15.1563 7.4448
3 28 -2 -15.0037 6.3901 -1.57 -14.8451 5.2953 2.8027 -14.8451 5.2953
4 28 2.25 -15.8543 12.266 1.9127 -15.9003 12.5834 -12.75 -15.7817 11.7638 -12.7 -15.7526 11.5629
4 28 2.25 -15.8543 12.266 -12.7 -15.7526 11.5629 -12.6 -15.7308 11.4122 -12.4 -15.7162 11.3118
3 28 2.25 -15.8543 12.266 -12.4 -15.7162 11.3118 -9.8 -15.6071 10.5585
3 28 2.25 -15.8543 12.266 -9.8 -15.6071 10.5585 -5.8 -15.4327 9.3532
3 28 2.25 -15.8543 12.266 -5.8 -15.4327 9.3532 -3.85 -15.3381 8.7003
3 28 2.25 -15.8543 12.266 -3.85 -15.3381 8.7003 -3.4 -15.309 8.4994
3 28 2.25 -15.8543 12.266 -3.4 -15.309 8.4994 -2.95 -15.2653 8.1981
3 28 2.25 -15.8543 12.266 -2.95 -15.2653 8.1981 -2.65 -15.2218 7.8968
3 28 -9.5733 -14.8451 5.2953 -10.05 -14.9382 5.9381 -9.9129 -14.8451 5.2953
4 28 17.4239 -16.1616 18.1244 16.8827 -16.1872 18.668 16.5 -16.1909 18.7445 17.5 -16.1435 17.7401
3 28 16.8827 -16.1872 18.668 17.4239 -16.1616 18.1244 17.2071 -16.177 18.4503
4 28 -16.8827 -16.1872 18.668 -17.4239 -16.1616 18.1244 -17.5 -16.1435 17.7401 -16.5 -16.1909 18.7445
3 28 -16.8827 -16.1872 18.668 -17.2071 -16.177 18.4503 -17.4239 -16.1616 18.1244
4 70 -13.0961 -15.9003 12.5834 -13.05 -16.1909 18.7445 -14.65 -16.1909 18.7445 -14.6071 -15.9003 12.5834
4 70 10.55 -16.0061 14.8272 10.55 -16.1909 18.7445 8.05 -16.1909 18.7445 8.0017 -15.9003 12.5834
4 70 10.4 -15.9327 13.2704 10.5 -15.9659 13.9735 10.55 -16.0061 14.8272 8.0017 -15.9003 12.5834
4 70 10.1062 -15.9003 12.5834 10.2 -15.9066 12.718 10.4 -15.9327 13.2704 8.0017 -15.9003 12.5834
4 308 10.9 -16.1909 18.7445 10.55 -16.1909 18.7445 10.55 -16.0061 14.8272 10.85 -15.9967 14.6264
4 308 10.85 -15.9967 14.6264 10.55 -16.0061 14.8272 10.5 -15.9659 13.9735 10.8 -15.9612 13.873
4 308 10.7 -15.9327 13.2704 10.8 -15.9612 13.873 10.5 -15.9659 13.9735 10.4 -15.9327 13.2704
4 308 10.55 -15.909 12.7682 10.7 -15.9327 13.2704 10.4 -15.9327 13.2704 10.2 -15.9066 12.718
4 308 10.4449 -15.9003 12.5834 10.55 -15.909 12.7682 10.2 -15.9066 12.718 10.1062 -15.9003 12.5834
4 308 8.0017 -15.9003 12.5834 8.05 -16.1909 18.7445 7.75 -16.1909 18.7445 7.75 -15.9003 12.5834
4 308 -12.75 -15.9003 12.5834 -12.75 -16.1909 18.7445 -13.05 -16.1909 18.7445 -13.0961 -15.9003 12.5834
4 308 -14.6071 -15.9003 12.5834 -14.65 -16.1909 18.7445 -14.95 -16.1909 18.7445 -14.9077 -15.9003 12.5834
4 330 2.3 -16.1198 17.2378 1.95 -16.1909 18.7445 -1.7 -16.1909 18.7445 -1.25 -16.0866 16.5348
4 330 2.3 -16.1198 17.2378 -1.25 -16.0866 16.5348 -.95 -16.0345 15.4299 2.5 -16.1009 16.8361
4 330 2.5 -16.1009 16.8361 -.95 -16.0345 15.4299 -.55 -15.999 14.6766 -.05 -15.9729 14.1241
4 330 2.85 -16.089 16.585 2.5 -16.1009 16.8361 -.05 -15.9729 14.1241 .9 -15.9446 13.5215
4 330 3.6 -16.0748 16.2836 2.85 -16.089 16.585 .9 -15.9446 13.5215 4.5 -16.0511 15.7814
4 330 4.5 -16.0511 15.7814 .9 -15.9446 13.5215 2 -15.9232 13.0695 5.25 -16.025 15.229
4 330 5.25 -16.025 15.229 2 -15.9232 13.0695 2.55 -15.9043 12.6677 5.9 -15.9848 14.3753
4 330 6.3 -15.9469 13.5717 5.9 -15.9848 14.3753 2.55 -15.9043 12.6677 2.592 -15.9003 12.5834
4 0x2464628 -1.7 -16.1909 18.7445 -2.15 -16.1909 18.7445 -1.8 -16.0961 16.7356 -1.25 -16.0866 16.5348
4 0x2464628 -1.25 -16.0866 16.5348 -1.8 -16.0961 16.7356 -1.45 -16.0322 15.3797 -.95 -16.0345 15.4299
4 0x2464628 -.95 -16.0345 15.4299 -1.45 -16.0322 15.3797 -1.2 -16.0037 14.777 -.55 -15.999 14.6766
4 0x2464628 -.55 -15.999 14.6766 -1.2 -16.0037 14.777 -.75 -15.9753 14.1744 -.05 -15.9729 14.1241
4 0x2464628 -.05 -15.9729 14.1241 -.75 -15.9753 14.1744 -.15 -15.9493 13.6219 .4 -15.9327 13.2704
4 0x2464628 .9 -15.9446 13.5215 -.05 -15.9729 14.1241 .4 -15.9327 13.2704 1.25 -15.9138 12.8686
4 0x2464628 2 -15.9232 13.0695 .9 -15.9446 13.5215 1.25 -15.9138 12.8686 1.9127 -15.9003 12.5834
4 0x2464628 2.45 -16.1909 18.7445 1.95 -16.1909 18.7445 2.3 -16.1198 17.2378 2.75 -16.1293 17.4387
4 0x2464628 2.75 -16.1293 17.4387 2.3 -16.1198 17.2378 2.5 -16.1009 16.8361 2.95 -16.1151 17.1374
4 0x2464628 2.95 -16.1151 17.1374 2.5 -16.1009 16.8361 2.85 -16.089 16.585 3.3 -16.1079 16.9867
4 0x2464628 3.3 -16.1079 16.9867 2.85 -16.089 16.585 3.6 -16.0748 16.2836 4.2 -16.089 16.585
4 0x2464628 4.2 -16.089 16.585 3.6 -16.0748 16.2836 4.5 -16.0511 15.7814 5.05 -16.0653 16.0828
4 0x2464628 5.05 -16.0653 16.0828 4.5 -16.0511 15.7814 5.25 -16.025 15.229 5.8 -16.0298 15.3295
4 0x2464628 5.8 -16.0298 15.3295 5.25 -16.025 15.229 5.9 -15.9848 14.3753 6.4 -15.9895 14.4757
4 0x2464628 6.4 -15.9895 14.4757 5.9 -15.9848 14.3753 6.3 -15.9469 13.5717 6.75 -15.9446 13.5215
4 0x2464628 6.85 -15.9114 12.8184 6.75 -15.9446 13.5215 6.3 -15.9469 13.5717 6.4528 -15.9003 12.5834
4 28 -14.95 -16.1909 18.7445 -16.5 -16.1909 18.7445 -17.5 -16.1435 17.7401 -14.9077 -15.9003 12.5834
4 28 -1.8 -16.0961 16.7356 -2.15 -16.1909 18.7445 -12.75 -16.1909 18.7445 -12.75 -15.9003 12.5834
4 28 7.75 -16.1909 18.7445 2.45 -16.1909 18.7445 2.75 -16.1293 17.4387 2.95 -16.1151 17.1374
3 28 7.75 -16.1909 18.7445 2.95 -16.1151 17.1374 3.3 -16.1079 16.9867
3 28 7.75 -16.1909 18.7445 3.3 -16.1079 16.9867 4.2 -16.089 16.585
3 28 7.75 -16.1909 18.7445 4.2 -16.089 16.585 5.05 -16.0653 16.0828
3 28 7.75 -16.1909 18.7445 5.05 -16.0653 16.0828 5.8 -16.0298 15.3295
3 28 7.75 -16.1909 18.7445 5.8 -16.0298 15.3295 6.4 -15.9895 14.4757
3 28 7.75 -16.1909 18.7445 6.4 -15.9895 14.4757 6.75 -15.9446 13.5215
4 28 7.75 -16.1909 18.7445 6.75 -15.9446 13.5215 6.85 -15.9114 12.8184 7.75 -15.9003 12.5834
4 28 17.5 -16.1435 17.7401 16.5 -16.1909 18.7445 10.9 -16.1909 18.7445 10.85 -15.9967 14.6264
3 28 17.5 -16.1435 17.7401 10.85 -15.9967 14.6264 10.8 -15.9612 13.873
3 28 17.5 -16.1435 17.7401 10.8 -15.9612 13.873 10.7 -15.9327 13.2704
4 28 17.5 -16.1435 17.7401 10.7 -15.9327 13.2704 10.55 -15.909 12.7682 17.5 -15.9003 12.5834
3 330 6.4528 -15.9003 12.5834 6.3 -15.9469 13.5717 2.592 -15.9003 12.5834
4 0x2464628 1.9127 -15.9003 12.5834 2.592 -15.9003 12.5834 2.55 -15.9043 12.6677 2 -15.9232 13.0695
3 0x2464628 6.85 -15.9114 12.8184 6.4528 -15.9003 12.5834 6.8703 -15.9003 12.5834
3 28 -14.9077 -15.9003 12.5834 -17.5 -16.1435 17.7401 -17.5 -15.9003 12.5834
3 28 1.9127 -15.9003 12.5834 1.25 -15.9138 12.8686 -12.75 -15.9003 12.5834
3 28 .4 -15.9327 13.2704 -12.75 -15.9003 12.5834 1.25 -15.9138 12.8686
3 28 -.15 -15.9493 13.6219 -12.75 -15.9003 12.5834 .4 -15.9327 13.2704
3 28 -.75 -15.9753 14.1744 -12.75 -15.9003 12.5834 -.15 -15.9493 13.6219
3 28 -1.2 -16.0037 14.777 -12.75 -15.9003 12.5834 -.75 -15.9753 14.1744
3 28 -1.45 -16.0322 15.3797 -12.75 -15.9003 12.5834 -1.2 -16.0037 14.777
3 28 -1.8 -16.0961 16.7356 -12.75 -15.9003 12.5834 -1.45 -16.0322 15.3797
3 28 7.75 -15.9003 12.5834 6.85 -15.9114 12.8184 6.8703 -15.9003 12.5834
3 28 10.55 -15.909 12.7682 10.4449 -15.9003 12.5834 17.5 -15.9003 12.5834
3 308 -6.1842 -13.1137 -1.7437 -6.15 -12.8431 -2.499 -5.8401 -13.1137 -1.7437
3 308 -5.8401 -13.1137 -1.7437 -6.15 -12.8431 -2.499 -5.75 -12.5014 -3.4532
3 308 -5.75 -12.5014 -3.4532 -6.15 -12.8431 -2.499 -6.1 -12.4655 -3.5536
