0 Sticker  1.7 x  1.8 with Brown and Olive Green Vines #4 Pattern (Formed)
0 Name: 6399475ic01.dat
0 Author: Evert-Jan Boer [ejboer]
0 !LDRAW_ORG Unofficial_Part
0 !LICENSE Licensed under CC BY 4.0 : see CAreadme.txt

0 BFC CERTIFY CCW

0 !KEYWORDS Groot, Set 76217

4 16 17.5 -5.4281 -7.75 17.4239 -5.1851 -8.1327 16.8827 -4.8416 -8.6739 16.5 -4.7933 -8.75
3 16 16.8827 -4.8416 -8.6739 17.4239 -5.1851 -8.1327 17.2071 -4.9792 -8.4571
4 16 -16.5 -4.7933 -8.75 -16.8827 -4.8416 -8.6739 -17.4239 -5.1851 -8.1327 -17.5 -5.4281 -7.75
3 16 -17.2071 -4.9792 -8.4571 -17.4239 -5.1851 -8.1327 -16.8827 -4.8416 -8.6739
4 16 -17.5 -5.4281 -7.75 -17.5 -7.5316 -4.436 17.5 -7.5316 -4.436 17.5 -5.4281 -7.75
4 16 16.5 -4.7933 -8.75 -16.5 -4.7933 -8.75 -17.5 -5.4281 -7.75 17.5 -5.4281 -7.75
4 16 -17.5 -7.5316 -4.436 -17.5 -10.5099 1.716 17.5 -10.5099 1.716 17.5 -7.5316 -4.436
4 16 -17.5 -10.5099 1.716 -17.5 -12.8827 8.352 17.5 -12.8827 8.352 17.5 -10.5099 1.716
4 16 -17.5 -12.8827 8.352 -17.5 -14.6036 15.36 17.5 -14.6036 15.36 17.5 -12.8827 8.352
4 16 -17.5 -14.6036 15.36 -17.5 -15.6524 22.616 17.5 -15.6524 22.616 17.5 -14.6036 15.36
4 16 -17.5 -15.8941 27.75 -17.4239 -15.9121 28.1327 -16.8827 -15.9376 28.6739 -16.5 -15.9412 28.75
3 16 -17.2071 -15.9274 28.4571 -16.8827 -15.9376 28.6739 -17.4239 -15.9121 28.1327
4 16 16.5 -15.9412 28.75 16.8827 -15.9376 28.6739 17.4239 -15.9121 28.1327 17.5 -15.8941 27.75
3 16 17.4239 -15.9121 28.1327 16.8827 -15.9376 28.6739 17.2071 -15.9274 28.4571
4 16 17.5 -15.6524 22.616 -17.5 -15.6524 22.616 -17.5 -15.8941 27.75 17.5 -15.8941 27.75
4 16 16.5 -15.9412 28.75 17.5 -15.8941 27.75 -17.5 -15.8941 27.75 -16.5 -15.9412 28.75

5 24 -17.5 -10.5099 1.716 17.5 -10.5099 1.716 17.5 -12.8827 8.352 -17.5 -7.5316 -4.436
5 24 -17.5 -7.5316 -4.436 17.5 -7.5316 -4.436 -17.5 -5.4281 -7.75 17.5 -10.5099 1.716
5 24 -17.5 -12.8827 8.352 17.5 -12.8827 8.352 -17.5 -10.5099 1.716 17.5 -14.6036 15.36
5 24 -17.5 -14.6036 15.36 17.5 -14.6036 15.36 -17.5 -12.8827 8.352 17.5 -15.6524 22.616
5 24 17.5 -15.6524 22.616 -17.5 -15.6524 22.616 17.5 -15.8941 27.75 -17.5 -14.6036 15.36

5 24 17.5 -10.7264 1.591 -17.5 -10.7264 1.591 17.5 -13.1137 8.2563 -17.5 -7.7299 -4.5882
5 24 17.5 -7.7299 -4.5882 -17.5 -7.7299 -4.5882 -17.5 -5.6136 -7.9168 17.5 -10.7264 1.591
5 24 17.5 -13.1137 8.2563 -17.5 -13.1137 8.2563 -17.5 -10.7264 1.591 17.5 -14.8451 15.2953
5 24 17.5 -14.8451 15.2953 -17.5 -14.8451 15.2953 -17.5 -13.1137 8.2563 17.5 -15.9003 22.5834
5 24 -17.5 -15.9003 22.5834 17.5 -15.9003 22.5834 17.5 -16.1435 27.7401 -17.5 -14.8451 15.2953

4 16 16.8827 -5.0235 -8.8448 16.5 -4.9749 -8.9212 16.5 -4.7933 -8.75 16.8827 -4.8416 -8.6739
4 16 17.2071 -5.162 -8.627 16.8827 -5.0235 -8.8448 16.8827 -4.8416 -8.6739 17.2071 -4.9792 -8.4571
4 16 17.4239 -5.3691 -8.3012 17.2071 -5.162 -8.627 17.2071 -4.9792 -8.4571 17.4239 -5.1851 -8.1327
4 16 17.5 -5.6136 -7.9168 17.4239 -5.3691 -8.3012 17.4239 -5.1851 -8.1327 17.5 -5.4281 -7.75
4 16 17.5 -7.7299 -4.5882 17.5 -5.6136 -7.9168 17.5 -5.4281 -7.75 17.5 -7.5316 -4.436
4 16 17.5 -10.7264 1.591 17.5 -7.7299 -4.5882 17.5 -7.5316 -4.436 17.5 -10.5099 1.716
4 16 17.5 -13.1137 8.2563 17.5 -10.7264 1.591 17.5 -10.5099 1.716 17.5 -12.8827 8.352
4 16 17.5 -14.8451 15.2953 17.5 -13.1137 8.2563 17.5 -12.8827 8.352 17.5 -14.6036 15.36
4 16 17.5 -15.9003 22.5834 17.5 -14.8451 15.2953 17.5 -14.6036 15.36 17.5 -15.6524 22.616
4 16 17.5 -16.1435 27.7401 17.5 -15.9003 22.5834 17.5 -15.6524 22.616 17.5 -15.8941 27.75
4 16 17.4239 -15.9121 28.1327 17.4239 -16.1616 28.1244 17.5 -16.1435 27.7401 17.5 -15.8941 27.75
4 16 17.2071 -15.9274 28.4571 17.2071 -16.177 28.4503 17.4239 -16.1616 28.1244 17.4239 -15.9121 28.1327
4 16 16.8827 -15.9376 28.6739 16.8827 -16.1872 28.668 17.2071 -16.177 28.4503 17.2071 -15.9274 28.4571
4 16 16.5 -15.9412 28.75 16.5 -16.1909 28.7445 16.8827 -16.1872 28.668 16.8827 -15.9376 28.6739
4 16 -16.5 -16.1909 28.7445 16.5 -16.1909 28.7445 16.5 -15.9412 28.75 -16.5 -15.9412 28.75
4 16 -16.8827 -15.9376 28.6739 -16.8827 -16.1872 28.668 -16.5 -16.1909 28.7445 -16.5 -15.9412 28.75
4 16 -17.2071 -15.9274 28.4571 -17.2071 -16.177 28.4503 -16.8827 -16.1872 28.668 -16.8827 -15.9376 28.6739
4 16 -17.4239 -15.9121 28.1327 -17.4239 -16.1616 28.1244 -17.2071 -16.177 28.4503 -17.2071 -15.9274 28.4571
4 16 -17.5 -15.8941 27.75 -17.5 -16.1435 27.7401 -17.4239 -16.1616 28.1244 -17.4239 -15.9121 28.1327
4 16 -17.5 -15.9003 22.5834 -17.5 -16.1435 27.7401 -17.5 -15.8941 27.75 -17.5 -15.6524 22.616
4 16 -17.5 -14.8451 15.2953 -17.5 -15.9003 22.5834 -17.5 -15.6524 22.616 -17.5 -14.6036 15.36
4 16 -17.5 -13.1137 8.2563 -17.5 -14.8451 15.2953 -17.5 -14.6036 15.36 -17.5 -12.8827 8.352
4 16 -17.5 -10.7264 1.591 -17.5 -13.1137 8.2563 -17.5 -12.8827 8.352 -17.5 -10.5099 1.716
4 16 -17.5 -7.7299 -4.5882 -17.5 -10.7264 1.591 -17.5 -10.5099 1.716 -17.5 -7.5316 -4.436
4 16 -17.5 -5.6136 -7.9168 -17.5 -7.7299 -4.5882 -17.5 -7.5316 -4.436 -17.5 -5.4281 -7.75
4 16 -17.4239 -5.3691 -8.3012 -17.5 -5.6136 -7.9168 -17.5 -5.4281 -7.75 -17.4239 -5.1851 -8.1327
4 16 -17.2071 -5.162 -8.627 -17.4239 -5.3691 -8.3012 -17.4239 -5.1851 -8.1327 -17.2071 -4.9792 -8.4571
4 16 -16.8827 -5.0235 -8.8448 -17.2071 -5.162 -8.627 -17.2071 -4.9792 -8.4571 -16.8827 -4.8416 -8.6739
4 16 -16.5 -4.9749 -8.9212 -16.8827 -5.0235 -8.8448 -16.8827 -4.8416 -8.6739 -16.5 -4.7933 -8.75
4 16 16.5 -4.9749 -8.9212 -16.5 -4.9749 -8.9212 -16.5 -4.7933 -8.75 16.5 -4.7933 -8.75

5 24 -16.8827 -5.0235 -8.8448 -16.8827 -4.8416 -8.6739 -17.2071 -5.162 -8.627 -16.5 -4.7933 -8.75
5 24 -17.5 -5.4281 -7.75 -17.5 -5.6136 -7.9168 -17.5 -7.7299 -4.5882 -17.4239 -5.1851 -8.1327
5 24 -16.5 -4.7933 -8.75 -16.5 -4.9749 -8.9212 -16.8827 -5.0235 -8.8448 16.5 -4.7933 -8.75
5 24 17.4239 -15.9121 28.1327 17.4239 -16.1616 28.1244 17.2071 -15.9274 28.4571 17.5 -16.1435 27.7401
5 24 -17.5 -15.8941 27.75 -17.5 -16.1435 27.7401 -17.4239 -16.1616 28.1244 -17.5 -15.6524 22.616
5 24 17.2071 -5.162 -8.627 17.2071 -4.9792 -8.4571 16.8827 -5.0235 -8.8448 17.4239 -5.1851 -8.1327
5 24 17.4239 -5.1851 -8.1327 17.4239 -5.3691 -8.3012 17.5 -5.4281 -7.75 17.2071 -5.162 -8.627
5 24 -17.4239 -5.3691 -8.3012 -17.4239 -5.1851 -8.1327 -17.5 -5.6136 -7.9168 -17.2071 -4.9792 -8.4571
5 24 16.5 -4.7933 -8.75 16.5 -4.9749 -8.9212 16.8827 -4.8416 -8.6739 -16.5 -4.9749 -8.9212
5 24 17.2071 -16.177 28.4503 17.2071 -15.9274 28.4571 17.4239 -16.1616 28.1244 16.8827 -15.9376 28.6739
5 24 -16.8827 -16.1872 28.668 -16.8827 -15.9376 28.6739 -16.5 -16.1909 28.7445 -17.2071 -15.9274 28.4571
5 24 -16.5 -15.9412 28.75 -16.5 -16.1909 28.7445 -16.8827 -15.9376 28.6739 16.5 -16.1909 28.7445
5 24 -17.2071 -15.9274 28.4571 -17.2071 -16.177 28.4503 -17.4239 -15.9121 28.1327 -16.8827 -16.1872 28.668
5 24 16.5 -16.1909 28.7445 16.5 -15.9412 28.75 -16.5 -15.9412 28.75 16.8827 -16.1872 28.668
5 24 17.5 -5.6136 -7.9168 17.5 -5.4281 -7.75 17.4239 -5.3691 -8.3012 17.5 -7.5316 -4.436
5 24 16.8827 -4.8416 -8.6739 16.8827 -5.0235 -8.8448 16.5 -4.9749 -8.9212 17.2071 -4.9792 -8.4571
5 24 -17.4239 -16.1616 28.1244 -17.4239 -15.9121 28.1327 -17.2071 -16.177 28.4503 -17.5 -15.8941 27.75
5 24 16.8827 -15.9376 28.6739 16.8827 -16.1872 28.668 16.5 -15.9412 28.75 17.2071 -16.177 28.4503
5 24 17.5 -16.1435 27.7401 17.5 -15.8941 27.75 17.4239 -15.9121 28.1327 17.5 -15.9003 22.5834
5 24 -17.2071 -4.9792 -8.4571 -17.2071 -5.162 -8.627 -17.4239 -5.3691 -8.3012 -16.8827 -4.8416 -8.6739

4 330 16.8827 -5.0235 -8.8448 17.4239 -5.3691 -8.3012 17.5 -5.6136 -7.9168 16.5 -4.975 -8.9212
3 330 17.2071 -5.162 -8.627 17.4239 -5.3691 -8.3012 16.8827 -5.0235 -8.8448
4 330 17.5 -7.7299 -4.5882 15.25 -6.0606 -7.2137 16 -5.3582 -8.3186 17.5 -5.6136 -7.9168
3 330 17.5 -5.6136 -7.9168 16 -5.3582 -8.3186 16.5 -4.9749 -8.9212
3 330 11.15 -7.274 -5.3053 8.35 -7.0185 -5.7071 9.8 -7.0504 -5.6569
4 0x2464628 -7.364 -7.7299 -4.5882 -7.3 -7.274 -5.3053 -6.6 -6.9227 -5.8578 -6.8 -7.3698 -5.1547
4 0x2464628 -6 -7.0185 -5.7071 -6.8 -7.3698 -5.1547 -6.6 -6.9227 -5.8578 -6 -6.6992 -6.2093
4 0x2464628 -6 -7.0185 -5.7071 -6 -6.6992 -6.2093 -5.25 -6.5076 -6.5106 -4.85 -6.7311 -6.1591
4 0x2464628 -4.85 -6.7311 -6.1591 -5.25 -6.5076 -6.5106 -4.4 -6.3798 -6.7115 -3.65 -6.6034 -6.36
4 0x2464628 -3.65 -6.6034 -6.36 -4.4 -6.3798 -6.7115 -3.45 -6.3161 -6.812 -2.5 -6.5715 -6.4102
4 0x2464628 -2.5 -6.5715 -6.4102 -3.45 -6.3161 -6.812 -2.15 -6.3161 -6.812 -1.2 -6.6034 -6.36
4 0x2464628 -1.2 -6.6034 -6.36 -2.15 -6.3161 -6.812 -.6 -6.3798 -6.7115 .65 -6.6992 -6.2093
4 0x2464628 .65 -6.6992 -6.2093 -.6 -6.3798 -6.7115 1.9 -6.5076 -6.5106 3.35 -6.827 -6.0084
4 0x2464628 3.35 -6.827 -6.0084 1.9 -6.5076 -6.5106 4.85 -6.6353 -6.3097 5.85 -6.9546 -5.8075
4 0x2464628 5.85 -6.9546 -5.8075 4.85 -6.6353 -6.3097 7.55 -6.7311 -6.1591 8.35 -7.0185 -5.7071
4 0x2464628 8.35 -7.0185 -5.7071 7.55 -6.7311 -6.1591 9.7 -6.7631 -6.1089 9.8 -7.0504 -5.6569
4 0x2464628 9.8 -7.0504 -5.6569 9.7 -6.7631 -6.1089 10.3 -6.795 -6.0586 10.8 -6.8907 -5.908
4 0x2464628 11.15 -7.274 -5.3053 9.8 -7.0504 -5.6569 10.8 -6.8907 -5.908 11.5 -7.0504 -5.6569
4 0x2464628 11.95 -7.4336 -5.0542 11.15 -7.274 -5.3053 11.5 -7.0504 -5.6569 12.05 -7.1143 -5.5564
4 0x2464628 12.8 -7.4655 -5.004 11.95 -7.4336 -5.0542 12.05 -7.1143 -5.5564 12.6 -7.1462 -5.5062
4 0x2464628 13.45 -7.4016 -5.1044 12.8 -7.4655 -5.004 12.6 -7.1462 -5.5062 13.05 -7.1143 -5.5564
4 0x2464628 14 -7.1462 -5.5062 13.45 -7.4016 -5.1044 13.05 -7.1143 -5.5564 13.5 -7.0185 -5.7071
4 0x2464628 14 -7.1462 -5.5062 13.5 -7.0185 -5.7071 13.95 -6.795 -6.0586 14.65 -6.6673 -6.2595
4 0x2464628 14.65 -6.6673 -6.2595 13.95 -6.795 -6.0586 14.55 -6.2841 -6.8622 15.25 -6.0606 -7.2137
4 0x2464628 15.25 -6.0606 -7.2137 14.55 -6.2841 -6.8622 15.15 -5.6455 -7.8666 16 -5.3582 -8.3186
4 0x2464628 16 -5.3582 -8.3186 15.15 -5.6455 -7.8666 15.85 -4.9749 -8.9212 16.5 -4.9749 -8.9212
3 28 15.15 -5.6455 -7.8666 10 -4.9749 -8.9212 15.85 -4.9749 -8.9212
4 28 10 -4.9749 -8.9212 15.15 -5.6455 -7.8666 14.55 -6.2841 -6.8622 13.95 -6.795 -6.0586
4 28 10 -4.9749 -8.9212 13.95 -6.795 -6.0586 13.5 -7.0185 -5.7071 13.05 -7.1143 -5.5564
4 28 10 -4.9749 -8.9212 13.05 -7.1143 -5.5564 12.6 -7.1462 -5.5062 12.05 -7.1143 -5.5564
4 28 10 -4.9749 -8.9212 12.05 -7.1143 -5.5564 11.5 -7.0504 -5.6569 10.8 -6.8907 -5.908
3 28 10.8 -6.8907 -5.908 10.3 -6.795 -6.0586 10 -4.9749 -8.9212
3 28 10.3 -6.795 -6.0586 9.7 -6.7631 -6.1089 10 -4.9749 -8.9212
4 28 10 -4.9749 -8.9212 9.7 -6.7631 -6.1089 7.55 -6.7311 -6.1591 4.85 -6.6353 -6.3097
4 28 10 -4.9749 -8.9212 4.85 -6.6353 -6.3097 1.9 -6.5076 -6.5106 -.6 -6.3798 -6.7115
4 28 0 -4.9749 -8.9212 10 -4.9749 -8.9212 -.6 -6.3798 -6.7115 -2.15 -6.3161 -6.812
4 28 -16.5 -4.9749 -8.9212 -7.3 -7.274 -5.3053 -7.8 -7.6252 -4.7529 -17.5 -5.6136 -7.9168
3 28 -7.3 -7.274 -5.3053 -16.5 -4.9749 -8.9212 -6.6 -6.9227 -5.8578
3 28 -6.6 -6.9227 -5.8578 -16.5 -4.9749 -8.9212 -6 -6.6992 -6.2093
3 28 -6 -6.6992 -6.2093 -16.5 -4.9749 -8.9212 -5.25 -6.5076 -6.5106
3 28 -2.15 -6.3161 -6.812 -3.45 -6.3161 -6.812 0 -4.9749 -8.9212
4 28 0 -4.9749 -8.9212 -3.45 -6.3161 -6.812 -4.4 -6.3798 -6.7115 -16.5 -4.9749 -8.9212
3 28 -5.25 -6.5076 -6.5106 -16.5 -4.9749 -8.9212 -4.4 -6.3798 -6.7115
3 330 17.5 -7.7299 -4.5882 14.65 -6.6673 -6.2595 15.25 -6.0606 -7.2137
3 330 17.5 -7.7299 -4.5882 14 -7.1462 -5.5062 14.65 -6.6673 -6.2595
3 330 17.5 -7.7299 -4.5882 13.45 -7.4016 -5.1044 14 -7.1462 -5.5062
3 330 17.5 -7.7299 -4.5882 12.8 -7.4655 -5.004 13.45 -7.4016 -5.1044
4 330 -7.364 -7.7299 -4.5882 -6.8 -7.3698 -5.1547 11.95 -7.4336 -5.0542 12.8 -7.4655 -5.004
3 330 17.5 -7.7299 -4.5882 -7.364 -7.7299 -4.5882 12.8 -7.4655 -5.004
4 330 -6.8 -7.3698 -5.1547 -6 -7.0185 -5.7071 11.15 -7.274 -5.3053 11.95 -7.4336 -5.0542
4 330 5.85 -6.9546 -5.8075 8.35 -7.0185 -5.7071 11.15 -7.274 -5.3053 -6 -7.0185 -5.7071
4 330 5.85 -6.9546 -5.8075 -6 -7.0185 -5.7071 -4.7 -6.7311 -6.1591 3.35 -6.827 -6.0084
3 330 3.35 -6.827 -6.0084 -4.7 -6.7311 -6.1591 .65 -6.6992 -6.2093
4 330 -1.2 -6.6034 -6.36 .65 -6.6992 -6.2093 -4.7 -6.7311 -6.1591 -2.5 -6.5715 -6.4102
3 330 -4.7 -6.7311 -6.1591 -3.65 -6.6034 -6.36 -2.5 -6.5715 -6.4102
4 0x2464628 -7.364 -7.7299 -4.5882 -7.9388 -7.7299 -4.5882 -7.8 -7.6252 -4.7529 -7.3 -7.274 -5.3053
3 28 -7.9388 -7.7299 -4.5882 -17.5 -7.7299 -4.5882 -17.5 -5.6136 -7.9168
3 28 -7.9388 -7.7299 -4.5882 -17.5 -5.6136 -7.9168 -7.8 -7.6252 -4.7529
4 70 5.7 -10.0367 .1688 7.5 -9.6714 -.5846 10.1473 -10.7264 1.591 7.2308 -10.7264 1.591
4 70 6.1 -9.0869 -1.7899 7.5 -9.6714 -.5846 5.7 -10.0367 .1688 4.8 -9.5497 -.8357
4 70 5.15 -8.7216 -2.5432 6.1 -9.0869 -1.7899 4.8 -9.5497 -.8357 4.05 -9.2331 -1.4885
4 70 4.2 -8.4781 -3.0454 5.15 -8.7216 -2.5432 4.05 -9.2331 -1.4885 3 -8.9408 -2.0912
4 70 3.1 -8.2588 -3.4974 4.2 -8.4781 -3.0454 3 -8.9408 -2.0912 1.65 -8.6485 -2.6938
4 70 1.45 -8.1858 -3.648 3.1 -8.2588 -3.4974 1.65 -8.6485 -2.6938 .6 -8.5024 -2.9952
4 70 .35 -8.1858 -3.648 1.45 -8.1858 -3.648 .6 -8.5024 -2.9952 -1.05 -8.2832 -3.4472
4 308 9.8 -10.3289 .7714 10.1473 -10.7264 1.591 7.5 -9.6714 -.5846 8.3 -9.7688 -.3837
4 308 7.25 -9.3304 -1.2877 8.3 -9.7688 -.3837 7.5 -9.6714 -.5846 6.1 -9.0869 -1.7899
4 308 6.2 -8.8677 -2.2418 7.25 -9.3304 -1.2877 6.1 -9.0869 -1.7899 5.15 -8.7216 -2.5432
4 308 4.95 -8.4537 -3.0956 6.2 -8.8677 -2.2418 5.15 -8.7216 -2.5432 4.2 -8.4781 -3.0454
4 308 4.2 -8.2588 -3.4974 4.95 -8.4537 -3.0956 4.2 -8.4781 -3.0454 3.1 -8.2588 -3.4974
4 308 3.1 -8.0884 -3.8489 4.2 -8.2588 -3.4974 3.1 -8.2588 -3.4974 2.3 -8.0154 -3.9996
4 308 2.3 -8.0154 -3.9996 3.1 -8.2588 -3.4974 1.45 -8.1858 -3.648 1.25 -7.991 -4.0498
4 308 .4 -7.991 -4.0498 1.25 -7.991 -4.0498 1.45 -8.1858 -3.648 .35 -8.1858 -3.648
4 308 -.4 -8.0154 -3.9996 .4 -7.991 -4.0498 .35 -8.1858 -3.648 -1.05 -8.2832 -3.4472
4 308 -1.15 -8.0884 -3.8489 -.4 -8.0154 -3.9996 -1.05 -8.2832 -3.4472 -1.6 -8.1371 -3.7485
4 308 -1.8 -8.2101 -3.5978 -1.6 -8.1371 -3.7485 -1.05 -8.2832 -3.4472 -1.85 -8.3075 -3.3969
4 308 -1.7 -8.4294 -3.1458 -1.85 -8.3075 -3.3969 -1.05 -8.2832 -3.4472 -1.4 -8.5024 -2.9952
4 308 -.15 -8.6242 -2.7441 -1.4 -8.5024 -2.9952 -1.05 -8.2832 -3.4472 .6 -8.5024 -2.9952
4 308 1.05 -8.7703 -2.4427 -.15 -8.6242 -2.7441 .6 -8.5024 -2.9952 1.65 -8.6485 -2.6938
4 308 2.1 -8.9651 -2.041 1.05 -8.7703 -2.4427 1.65 -8.6485 -2.6938 3 -8.9408 -2.0912
4 308 3.1 -9.1844 -1.589 2.1 -8.9651 -2.041 3 -8.9408 -2.0912 4.05 -9.2331 -1.4885
4 308 3.9 -9.4278 -1.0868 3.1 -9.1844 -1.589 4.05 -9.2331 -1.4885 4.8 -9.5497 -.8357
4 308 4.75 -9.7932 -.3335 3.9 -9.4278 -1.0868 4.8 -9.5497 -.8357 5.7 -10.0367 .1688
4 330 12.6637 -10.7264 1.591 10.7877 -10.7264 1.591 10.25 -10.4994 1.123 12.65 -10.3289 .7714
4 330 12.65 -10.3289 .7714 10.25 -10.4994 1.123 10.2 -10.2315 .5705 10.3 -9.9392 -.0321
4 330 12.85 -10.0611 .219 12.65 -10.3289 .7714 10.3 -9.9392 -.0321 10.55 -9.5252 -.8859
4 330 12.85 -10.0611 .219 10.55 -9.5252 -.8859 10.95 -9.1356 -1.6894 13.15 -9.8662 -.1828
4 330 13.15 -9.8662 -.1828 10.95 -9.1356 -1.6894 11.55 -8.7216 -2.5432 14.1 -9.5009 -.9361
4 330 14.1 -9.5009 -.9361 11.55 -8.7216 -2.5432 12.25 -8.3563 -3.2965 15.2 -9.0869 -1.7899
4 330 16.15 -8.6485 -2.6938 15.2 -9.0869 -1.7899 12.25 -8.3563 -3.2965 16.8 -8.2588 -3.4974
4 330 6.7 -8.2345 -3.5476 4.2 -8.2588 -3.4974 3.1 -8.0884 -3.8489 17.5 -7.7299 -4.5882
4 330 -1.15 -8.0884 -3.8489 -1.6 -8.1371 -3.7485 -2.45 -8.1128 -3.7987 -7.364 -7.7299 -4.5882
4 330 -5.5 -8.6972 -2.5934 -6.05 -9.0625 -1.8401 -7.6 -7.8448 -4.3511 -7.364 -7.7299 -4.5882
4 330 -8.25 -8.2832 -3.4472 -7.6 -7.8448 -4.3511 -6.05 -9.0625 -1.8401 -6.6 -9.4765 -.9863
4 330 -8.25 -8.2832 -3.4472 -6.6 -9.4765 -.9863 -7.3 -9.9149 -.0823 -9.1 -8.8434 -2.2921
4 330 -9.0029 -10.7264 1.591 -10.95 -9.7688 -.3837 -9.9 -9.3061 -1.3379 -8.25 -10.4264 .9723
4 330 -7.3 -9.9149 -.0823 -8.25 -10.4264 .9723 -9.9 -9.3061 -1.3379 -9.1 -8.8434 -2.2921
4 0x2464628 12.65 -10.3289 .7714 13.15 -10.4994 1.123 13.1924 -10.7264 1.591 12.6637 -10.7264 1.591
4 0x2464628 13.2 -10.3046 .7212 13.15 -10.4994 1.123 12.65 -10.3289 .7714 12.85 -10.0611 .219
4 0x2464628 13.35 -10.1098 .3194 13.2 -10.3046 .7212 12.85 -10.0611 .219 13.15 -9.8662 -.1828
4 0x2464628 13.8 -9.9149 -.0823 13.35 -10.1098 .3194 13.15 -9.8662 -.1828 14.1 -9.5009 -.9361
4 0x2464628 14.55 -9.6227 -.685 13.8 -9.9149 -.0823 14.1 -9.5009 -.9361 15.5 -9.2331 -1.4885
4 0x2464628 15.5 -9.2331 -1.4885 14.1 -9.5009 -.9361 15.2 -9.0869 -1.7899 16.3 -8.8921 -2.1916
4 0x2464628 16.3 -8.8921 -2.1916 15.2 -9.0869 -1.7899 16.15 -8.6485 -2.6938 16.95 -8.5268 -2.9449
4 0x2464628 16.95 -8.5268 -2.9449 16.15 -8.6485 -2.6938 16.8 -8.2588 -3.4974 17.5 -8.1371 -3.7485
4 0x2464628 10.2 -10.2315 .5705 10.25 -10.4994 1.123 9.8 -10.3289 .7714 9.85 -10.0124 .1185
4 0x2464628 10.3 -9.9392 -.0321 10.2 -10.2315 .5705 9.85 -10.0124 .1185 10 -9.6714 -.5846
4 0x2464628 10.55 -9.5252 -.8859 10.3 -9.9392 -.0321 10 -9.6714 -.5846 10.3 -9.3061 -1.3379
4 0x2464628 10.95 -9.1356 -1.6894 10.55 -9.5252 -.8859 10.3 -9.3061 -1.3379 10.75 -8.8921 -2.1916
4 0x2464628 11.55 -8.7216 -2.5432 10.95 -9.1356 -1.6894 10.75 -8.8921 -2.1916 11.4 -8.4781 -3.0454
4 0x2464628 11.55 -8.7216 -2.5432 11.4 -8.4781 -3.0454 11.65 -8.3075 -3.3969 12.25 -8.3563 -3.2965
4 0x2464628 10.75 -8.2345 -3.5476 11.65 -8.3075 -3.3969 11.4 -8.4781 -3.0454 10.7 -8.4294 -3.1458
4 0x2464628 9.3 -8.2101 -3.5978 10.75 -8.2345 -3.5476 10.7 -8.4294 -3.1458 9.25 -8.405 -3.196
4 0x2464628 6.7 -8.2345 -3.5476 9.3 -8.2101 -3.5978 9.25 -8.405 -3.196 6.65 -8.4294 -3.1458
4 0x2464628 6.7 -8.2345 -3.5476 6.65 -8.4294 -3.1458 4.95 -8.4537 -3.0956 4.2 -8.2588 -3.4974
4 0x2464628 -8.2563 -10.7264 1.591 -8.25 -10.4264 .9723 -7.3 -9.9149 -.0823 -7.45 -10.3533 .8216
4 0x2464628 -6.7 -9.9392 -.0321 -7.45 -10.3533 .8216 -7.3 -9.9149 -.0823 -6.6 -9.4765 -.9863
4 0x2464628 -6.05 -9.4765 -.9863 -6.7 -9.9392 -.0321 -6.6 -9.4765 -.9863 -6.05 -9.0625 -1.8401
4 0x2464628 -5.55 -9.1112 -1.7396 -6.05 -9.4765 -.9863 -6.05 -9.0625 -1.8401 -5.5 -8.6972 -2.5934
4 0x2464628 -5.15 -8.8921 -2.1916 -5.55 -9.1112 -1.7396 -5.5 -8.6972 -2.5934 -5 -8.4781 -3.0454
4 0x2464628 -4.75 -8.6729 -2.6436 -5.15 -8.8921 -2.1916 -5 -8.4781 -3.0454 -4.25 -8.2832 -3.4472
3 0x2464628 -4.75 -8.6729 -2.6436 -4.25 -8.2832 -3.4472 -4.25 -8.5511 -2.8947
4 0x2464628 -3.75 -8.4537 -3.0956 -4.25 -8.5511 -2.8947 -4.25 -8.2832 -3.4472 -3.35 -8.1615 -3.6983
4 0x2464628 -3.05 -8.3807 -3.2463 -3.75 -8.4537 -3.0956 -3.35 -8.1615 -3.6983 -2.45 -8.1128 -3.7987
4 0x2464628 -2.4 -8.3319 -3.3467 -3.05 -8.3807 -3.2463 -2.45 -8.1128 -3.7987 -1.8 -8.2101 -3.5978
3 0x2464628 -2.4 -8.3319 -3.3467 -1.8 -8.2101 -3.5978 -1.85 -8.3075 -3.3969
3 0x2464628 -1.8 -8.2101 -3.5978 -2.45 -8.1128 -3.7987 -1.6 -8.1371 -3.7485
3 0x2464628 -15.3752 -10.7264 1.591 -14.35 -10.4994 1.123 -14.1884 -10.7264 1.591
4 0x2464628 -13.15 -10.4751 1.0727 -14.35 -10.4994 1.123 -13.15 -10.2072 .5203 -12.2 -10.1828 .4701
4 0x2464628 -12.2 -10.1828 .4701 -13.15 -10.2072 .5203 -12.2 -9.9149 -.0823 -10.95 -9.7688 -.3837
4 0x2464628 -10.95 -9.7688 -.3837 -12.2 -9.9149 -.0823 -11.3 -9.5984 -.7352 -9.9 -9.3061 -1.3379
4 0x2464628 -9.9 -9.3061 -1.3379 -11.3 -9.5984 -.7352 -10.3 -9.1844 -1.589 -9.1 -8.8434 -2.2921
3 0x2464628 -10.3 -9.1844 -1.589 -9.5 -8.746 -2.493 -9.1 -8.8434 -2.2921
4 0x2464628 -9.1 -8.8434 -2.2921 -9.5 -8.746 -2.493 -8.9 -8.3563 -3.2965 -8.25 -8.2832 -3.4472
4 0x2464628 -8.25 -8.2832 -3.4472 -8.9 -8.3563 -3.2965 -8.35 -7.9667 -4.1 -7.6 -7.8448 -4.3511
4 28 13.1924 -10.7264 1.591 13.15 -10.4994 1.123 13.2 -10.3046 .7212 13.35 -10.1098 .3194
3 28 9.8 -10.3289 .7714 8.3 -9.7688 -.3837 9.85 -10.0124 .1185
4 28 10 -9.6714 -.5846 9.85 -10.0124 .1185 8.3 -9.7688 -.3837 7.25 -9.3304 -1.2877
4 28 10.3 -9.3061 -1.3379 10 -9.6714 -.5846 7.25 -9.3304 -1.2877 6.65 -8.4294 -3.1458
4 28 10.3 -9.3061 -1.3379 6.65 -8.4294 -3.1458 9.25 -8.405 -3.196 10.75 -8.8921 -2.1916
4 28 10.75 -8.8921 -2.1916 9.25 -8.405 -3.196 10.7 -8.4294 -3.1458 11.4 -8.4781 -3.0454
3 28 7.25 -9.3304 -1.2877 6.2 -8.8677 -2.2418 6.65 -8.4294 -3.1458
3 28 6.2 -8.8677 -2.2418 4.95 -8.4537 -3.0956 6.65 -8.4294 -3.1458
4 28 -11.3 -9.5984 -.7352 -12.2 -9.9149 -.0823 -13.15 -10.2072 .5203 -17.5 -7.7299 -4.5882
4 28 -9.5 -8.746 -2.493 -10.3 -9.1844 -1.589 -11.3 -9.5984 -.7352 -17.5 -7.7299 -4.5882
4 28 -8.35 -7.9667 -4.1 -8.9 -8.3563 -3.2965 -9.5 -8.746 -2.493 -17.5 -7.7299 -4.5882
4 28 -2.4 -8.3319 -3.3467 -1.85 -8.3075 -3.3969 -1.7 -8.4294 -3.1458 -3.05 -8.3807 -3.2463
4 28 3.1 -9.1844 -1.589 3.9 -9.4278 -1.0868 4.75 -9.7932 -.3335 -6.7 -9.9392 -.0321
3 330 -9.0029 -10.7264 1.591 -14.1884 -10.7264 1.591 -13.15 -10.4751 1.0727
3 330 -9.0029 -10.7264 1.591 -13.15 -10.4751 1.0727 -12.2 -10.1828 .4701
3 330 -9.0029 -10.7264 1.591 -12.2 -10.1828 .4701 -10.95 -9.7688 -.3837
3 330 -5.5 -8.6972 -2.5934 -7.364 -7.7299 -4.5882 -5 -8.4781 -3.0454
3 330 -5 -8.4781 -3.0454 -7.364 -7.7299 -4.5882 -4.25 -8.2832 -3.4472
3 330 -4.25 -8.2832 -3.4472 -7.364 -7.7299 -4.5882 -3.35 -8.1615 -3.6983
3 330 -3.35 -8.1615 -3.6983 -7.364 -7.7299 -4.5882 -2.45 -8.1128 -3.7987
3 330 -1.15 -8.0884 -3.8489 -7.364 -7.7299 -4.5882 -.4 -8.0154 -3.9996
3 330 -.4 -8.0154 -3.9996 -7.364 -7.7299 -4.5882 .4 -7.991 -4.0498
4 330 1.25 -7.991 -4.0498 .4 -7.991 -4.0498 -7.364 -7.7299 -4.5882 17.5 -7.7299 -4.5882
3 330 2.3 -8.0154 -3.9996 1.25 -7.991 -4.0498 17.5 -7.7299 -4.5882
4 330 17.5 -7.7299 -4.5882 16.8 -8.2588 -3.4974 12.25 -8.3563 -3.2965 11.65 -8.3075 -3.3969
3 330 11.65 -8.3075 -3.3969 10.75 -8.2345 -3.5476 17.5 -7.7299 -4.5882
3 330 10.75 -8.2345 -3.5476 9.3 -8.2101 -3.5978 17.5 -7.7299 -4.5882
3 330 6.7 -8.2345 -3.5476 17.5 -7.7299 -4.5882 9.3 -8.2101 -3.5978
3 330 3.1 -8.0884 -3.8489 2.3 -8.0154 -3.9996 17.5 -7.7299 -4.5882
3 0x2464628 16.8 -8.2588 -3.4974 17.5 -7.7299 -4.5882 17.5 -8.1371 -3.7485
4 0x2464628 -7.6 -7.8448 -4.3511 -8.35 -7.9667 -4.1 -7.9388 -7.7299 -4.5882 -7.364 -7.7299 -4.5882
3 0x2464628 -14.1884 -10.7264 1.591 -14.35 -10.4994 1.123 -13.15 -10.4751 1.0727
3 0x2464628 -8.2563 -10.7264 1.591 -9.0029 -10.7264 1.591 -8.25 -10.4264 .9723
4 308 5.55 -10.2072 .5203 4.75 -9.7932 -.3335 5.7 -10.0367 .1688 6.6604 -10.7264 1.591
3 308 7.2308 -10.7264 1.591 6.6604 -10.7264 1.591 5.7 -10.0367 .1688
4 308 10.25 -10.4994 1.123 10.7877 -10.7264 1.591 10.1473 -10.7264 1.591 9.8 -10.3289 .7714
4 28 -17.5 -7.7299 -4.5882 -13.15 -10.2072 .5203 -14.35 -10.4994 1.123 -15.3752 -10.7264 1.591
3 28 -7.9388 -7.7299 -4.5882 -8.35 -7.9667 -4.1 -17.5 -7.7299 -4.5882
3 28 -15.3752 -10.7264 1.591 -17.5 -10.7264 1.591 -17.5 -7.7299 -4.5882
4 28 17.5 -10.7264 1.591 13.1924 -10.7264 1.591 13.35 -10.1098 .3194 13.8 -9.9149 -.0823
3 28 17.5 -10.7264 1.591 13.8 -9.9149 -.0823 14.55 -9.6227 -.685
3 28 17.5 -10.7264 1.591 14.55 -9.6227 -.685 15.5 -9.2331 -1.4885
3 28 17.5 -10.7264 1.591 15.5 -9.2331 -1.4885 16.3 -8.8921 -2.1916
3 28 17.5 -10.7264 1.591 16.3 -8.8921 -2.1916 16.95 -8.5268 -2.9449
3 28 17.5 -10.7264 1.591 16.95 -8.5268 -2.9449 17.5 -8.1371 -3.7485
4 28 6.6604 -10.7264 1.591 -8.2563 -10.7264 1.591 -7.45 -10.3533 .8216 5.55 -10.2072 .5203
4 28 5.55 -10.2072 .5203 -7.45 -10.3533 .8216 -6.7 -9.9392 -.0321 4.75 -9.7932 -.3335
4 28 2.1 -8.9651 -2.041 3.1 -9.1844 -1.589 -6.7 -9.9392 -.0321 1.05 -8.7703 -2.4427
3 28 -6.7 -9.9392 -.0321 -6.05 -9.4765 -.9863 1.05 -8.7703 -2.4427
4 28 1.05 -8.7703 -2.4427 -6.05 -9.4765 -.9863 -5.55 -9.1112 -1.7396 -5.15 -8.8921 -2.1916
4 28 1.05 -8.7703 -2.4427 -5.15 -8.8921 -2.1916 -4.75 -8.6729 -2.6436 -.15 -8.6242 -2.7441
3 28 -4.75 -8.6729 -2.6436 -1.4 -8.5024 -2.9952 -.15 -8.6242 -2.7441
4 28 -1.7 -8.4294 -3.1458 -1.4 -8.5024 -2.9952 -4.75 -8.6729 -2.6436 -4.25 -8.5511 -2.8947
4 28 -1.7 -8.4294 -3.1458 -4.25 -8.5511 -2.8947 -3.75 -8.4537 -3.0956 -3.05 -8.3807 -3.2463
3 0x2464628 -15.3752 -10.7264 1.591 -14.1884 -10.7264 1.591 -15.35 -10.9006 2.0772
4 70 14.2 -12.0337 5.2411 15.15 -12.5374 6.6473 13.55 -12.8612 7.5512 12.5 -12.3934 6.2455
4 70 12.55 -11.4762 3.6842 14.2 -12.0337 5.2411 12.5 -12.3934 6.2455 10.1 -11.62 4.086
4 70 7.7 -10.8826 2.0269 7.2308 -10.7264 1.591 10.1473 -10.7264 1.591 10.1 -11.62 4.086
4 70 -14.553 -13.1137 8.2563 -16.65 -12.5194 6.597 -15.1 -12.2136 5.7433 -13.8 -12.9331 7.7521
4 70 -13.8 -12.9331 7.7521 -15.1 -12.2136 5.7433 -13.85 -12.0517 5.2913 -12.8 -12.7892 7.3504
4 70 -12.8 -12.7892 7.3504 -13.85 -12.0517 5.2913 -12.85 -11.9977 5.1406 -12 -11.9977 5.1406
4 70 -11.8 -12.7173 7.1495 -12.8 -12.7892 7.3504 -12 -11.9977 5.1406 -10.9 -12.0517 5.2913
4 70 -10.7 -12.7352 7.1997 -11.8 -12.7173 7.1495 -10.9 -12.0517 5.2913 -9.1 -12.2495 5.8437
4 70 -9.5 -12.8792 7.6015 -10.7 -12.7352 7.1997 -9.1 -12.2495 5.8437 -7.75 -12.4834 6.4966
4 308 15.65 -12.5733 6.7477 15.9 -12.8251 7.4508 15.55 -12.8251 7.4508 15.15 -12.5374 6.6473
4 308 15.2 -12.2856 5.9442 15.65 -12.5733 6.7477 15.15 -12.5374 6.6473 14.2 -12.0337 5.2411
4 308 14.55 -11.9618 5.0402 15.2 -12.2856 5.9442 14.2 -12.0337 5.2411 13.85 -11.674 4.2367
4 308 13.15 -11.4401 3.5838 13.85 -11.674 4.2367 14.2 -12.0337 5.2411 12.55 -11.4762 3.6842
4 308 11.75 -11.0264 2.4287 13.15 -11.4401 3.5838 12.55 -11.4762 3.6842 10.1473 -10.7264 1.591
4 308 13.4 -13.023 8.0032 13.55 -12.8612 7.5512 13.901 -13.1137 8.2563 13.54 -13.1137 8.2563
4 308 13.55 -12.8612 7.5512 13.4 -13.023 8.0032 12.6 -12.6273 6.8984 12.5 -12.3934 6.2455
4 308 12.5 -12.3934 6.2455 12.6 -12.6273 6.8984 11.65 -12.2856 5.9442 10.1 -11.62 4.086
4 308 10.1 -11.62 4.086 11.65 -12.2856 5.9442 9.7 -11.6559 4.1864 7.7 -10.8826 2.0269
4 308 -13.9869 -13.1137 8.2563 -13.8 -12.9331 7.7521 -12.8 -12.7892 7.3504 -13.45 -13.005 7.953
3 308 -13.45 -13.005 7.953 -12.8 -12.7892 7.3504 -12.65 -12.8971 7.6517
4 308 -12.15 -12.8612 7.5512 -12.65 -12.8971 7.6517 -12.8 -12.7892 7.3504 -11.8 -12.7173 7.1495
3 308 -12.15 -12.8612 7.5512 -11.8 -12.7173 7.1495 -11.6 -12.8431 7.501
4 308 -11.1 -12.8431 7.501 -11.6 -12.8431 7.501 -11.8 -12.7173 7.1495 -10.7 -12.7352 7.1997
4 308 -10.45 -12.8792 7.6015 -11.1 -12.8431 7.501 -10.7 -12.7352 7.1997 -9.5 -12.8792 7.6015
3 308 -9.4 -13.023 8.0032 -10.45 -12.8792 7.6015 -9.5 -12.8792 7.6015
4 308 -2.05 -12.969 7.8526 -1.2 -13.041 8.0534 -.6445 -13.1137 8.2563 -1.943 -13.1137 8.2563
4 308 -3.3 -12.8612 7.5512 -2.65 -13.041 8.0534 -4.25 -12.9331 7.7521 -4.65 -12.7532 7.2499
4 308 -4.65 -12.7532 7.2499 -4.25 -12.9331 7.7521 -5.9 -12.7712 7.3001 -5.95 -12.6273 6.8984
4 308 -5.95 -12.6273 6.8984 -5.9 -12.7712 7.3001 -6.9 -12.6452 6.9486 -6.85 -12.5014 6.5468
4 308 -6.85 -12.5014 6.5468 -6.9 -12.6452 6.9486 -7.75 -12.4834 6.4966 -7.55 -12.3575 6.145
4 308 -8.3 -12.2315 5.7935 -7.55 -12.3575 6.145 -7.75 -12.4834 6.4966 -9.1 -12.2495 5.8437
4 308 -9.35 -12.0877 5.3917 -8.3 -12.2315 5.7935 -9.1 -12.2495 5.8437 -10.35 -11.9797 5.0904
4 308 -10.35 -11.9797 5.0904 -9.1 -12.2495 5.8437 -10.9 -12.0517 5.2913 -11.15 -11.9258 4.9397
4 308 -11.85 -11.8899 4.8393 -11.15 -11.9258 4.9397 -10.9 -12.0517 5.2913 -12 -11.9977 5.1406
4 308 -12.5 -11.8719 4.7891 -11.85 -11.8899 4.8393 -12 -11.9977 5.1406 -12.85 -11.9977 5.1406
4 308 -13.25 -11.8899 4.8393 -12.5 -11.8719 4.7891 -12.85 -11.9977 5.1406 -13.9 -11.9258 4.9397
4 308 -13.9 -11.9258 4.9397 -12.85 -11.9977 5.1406 -13.85 -12.0517 5.2913 -15.05 -12.0517 5.2913
4 308 -15.05 -12.0517 5.2913 -13.85 -12.0517 5.2913 -15.1 -12.2136 5.7433 -16 -12.2136 5.7433
4 308 -16 -12.2136 5.7433 -15.1 -12.2136 5.7433 -16.65 -12.5194 6.597 -16.85 -12.3934 6.2455
4 308 -17.5 -12.5553 6.6975 -16.85 -12.3934 6.2455 -16.65 -12.5194 6.597 -17.5 -12.7352 7.1997
3 330 13.15 -11.4401 3.5838 11.75 -11.0264 2.4287 12.75 -10.9904 2.3283
4 330 12.6637 -10.7264 1.591 12.75 -10.9904 2.3283 11.75 -11.0264 2.4287 10.7877 -10.7264 1.591
4 330 -.6445 -13.1137 8.2563 -1.2 -13.041 8.0534 -.65 -12.1596 5.5926 1.1 -12.3934 6.2455
4 330 -.65 -12.1596 5.5926 -1.2 -13.041 8.0534 -2.05 -12.969 7.8526 -2.15 -12.0157 5.1909
4 330 -2.15 -12.0157 5.1909 -2.05 -12.969 7.8526 -3.3 -12.8612 7.5512 -4 -11.8719 4.7891
4 330 -4 -11.8719 4.7891 -3.3 -12.8612 7.5512 -4.65 -12.7532 7.2499 -5.95 -12.6273 6.8984
4 330 -5.35 -11.71 4.3371 -4 -11.8719 4.7891 -5.95 -12.6273 6.8984 -6.85 -12.5014 6.5468
4 330 -5.35 -11.71 4.3371 -6.85 -12.5014 6.5468 -7.55 -12.3575 6.145 -6.75 -11.4762 3.6842
4 330 -8.05 -11.2963 3.182 -6.75 -11.4762 3.6842 -7.55 -12.3575 6.145 -8.3 -12.2315 5.7935
4 330 -8.05 -11.2963 3.182 -8.3 -12.2315 5.7935 -9.35 -12.0877 5.3917 -9.05 -11.1883 2.8807
4 330 -9.05 -11.1883 2.8807 -9.35 -12.0877 5.3917 -10.35 -11.9797 5.0904 -9.75 -11.1164 2.6798
4 330 -10.4 -11.0804 2.5794 -9.75 -11.1164 2.6798 -10.35 -11.9797 5.0904 -11.15 -11.9258 4.9397
3 330 -11.15 -11.9258 4.9397 -11.85 -11.8899 4.8393 -10.4 -11.0804 2.5794
4 330 -16.85 -12.3934 6.2455 -17.5 -12.5553 6.6975 -17.5 -11.1523 2.7802 -16.55 -11.0624 2.5291
4 330 -16 -12.2136 5.7433 -16.85 -12.3934 6.2455 -16.55 -11.0624 2.5291 -15.35 -10.9006 2.0772
4 330 -15.05 -12.0517 5.2913 -16 -12.2136 5.7433 -15.35 -10.9006 2.0772 -14.1884 -10.7264 1.591
4 330 -10.4 -11.0804 2.5794 -11.85 -11.8899 4.8393 -12.5 -11.8719 4.7891 -14.1884 -10.7264 1.591
3 0x2464628 13.85 -11.674 4.2367 13.15 -11.4401 3.5838 13.45 -11.2602 3.0816
4 0x2464628 13.25 -10.9365 2.1776 13.45 -11.2602 3.0816 13.15 -11.4401 3.5838 12.75 -10.9904 2.3283
4 0x2464628 3 -12.5194 6.597 4.25 -12.7173 7.1495 4.25 -12.8971 7.6517 2.55 -12.6273 6.8984
4 0x2464628 1.55 -12.2856 5.9442 3 -12.5194 6.597 2.55 -12.6273 6.8984 1.1 -12.3934 6.2455
4 0x2464628 .35 -12.1237 5.4922 1.55 -12.2856 5.9442 1.1 -12.3934 6.2455 -.65 -12.1596 5.5926
4 0x2464628 -1.1 -11.9618 5.0402 .35 -12.1237 5.4922 -.65 -12.1596 5.5926 -2.15 -12.0157 5.1909
4 0x2464628 -2.5 -11.8358 4.6886 -1.1 -11.9618 5.0402 -2.15 -12.0157 5.1909 -3.6 -11.7459 4.4375
4 0x2464628 -3.6 -11.7459 4.4375 -2.15 -12.0157 5.1909 -4 -11.8719 4.7891 -4.35 -11.674 4.2367
4 0x2464628 -4.35 -11.674 4.2367 -4 -11.8719 4.7891 -5.35 -11.71 4.3371 -5.35 -11.5301 3.8349
4 0x2464628 -5.35 -11.5301 3.8349 -5.35 -11.71 4.3371 -6.75 -11.4762 3.6842 -6.55 -11.3322 3.2825
4 0x2464628 -7.7 -11.1703 2.8305 -6.55 -11.3322 3.2825 -6.75 -11.4762 3.6842 -8.05 -11.2963 3.182
4 0x2464628 -8.3 -11.0984 2.6296 -7.7 -11.1703 2.8305 -8.05 -11.2963 3.182 -9.05 -11.1883 2.8807
4 0x2464628 -9.25 -11.0084 2.3785 -8.3 -11.0984 2.6296 -9.05 -11.1883 2.8807 -9.75 -11.1164 2.6798
4 0x2464628 -9.35 -10.8285 1.8763 -9.25 -11.0084 2.3785 -9.75 -11.1164 2.6798 -10.4 -11.0804 2.5794
4 0x2464628 -8.45 -10.7926 1.7758 -9.25 -11.0084 2.3785 -9.35 -10.8285 1.8763 -9.0029 -10.7264 1.591
4 0x2464628 -16.55 -11.0624 2.5291 -17.5 -11.1523 2.7802 -17.5 -10.9545 2.2278 -16.65 -10.8645 1.9767
4 0x2464628 -15.35 -10.9006 2.0772 -16.55 -11.0624 2.5291 -16.65 -10.8645 1.9767 -15.3752 -10.7264 1.591
3 28 17.5 -13.1137 8.2563 16.0891 -13.1137 8.2563 16.05 -12.987 7.9028
4 28 -10.45 -12.8792 7.6015 -9.4 -13.023 8.0032 -8.8378 -13.1137 8.2563 -11.6 -12.8431 7.501
3 28 -10.45 -12.8792 7.6015 -11.6 -12.8431 7.501 -11.1 -12.8431 7.501
4 28 -13.9869 -13.1137 8.2563 -13.45 -13.005 7.953 -12.65 -12.8971 7.6517 -8.8378 -13.1137 8.2563
3 28 -8.3 -11.0984 2.6296 -9.25 -11.0084 2.3785 -8.45 -10.7926 1.7758
4 28 -7.7 -11.1703 2.8305 -8.3 -11.0984 2.6296 -8.45 -10.7926 1.7758 -8.2563 -10.7264 1.591
4 28 6.3342 -13.1137 8.2563 5.4 -12.9151 7.7019 9.7 -11.6559 4.1864 11.65 -12.2856 5.9442
3 330 -.6445 -13.1137 8.2563 1.1 -12.3934 6.2455 2.55 -12.6273 6.8984
4 330 -.6445 -13.1137 8.2563 2.55 -12.6273 6.8984 4.25 -12.8971 7.6517 5.3637 -13.1137 8.2563
3 330 -15.05 -12.0517 5.2913 -14.1884 -10.7264 1.591 -13.9 -11.9258 4.9397
3 330 -13.9 -11.9258 4.9397 -14.1884 -10.7264 1.591 -13.25 -11.8899 4.8393
3 330 -13.25 -11.8899 4.8393 -14.1884 -10.7264 1.591 -12.5 -11.8719 4.7891
4 330 -9.35 -10.8285 1.8763 -10.4 -11.0804 2.5794 -14.1884 -10.7264 1.591 -9.0029 -10.7264 1.591
4 0x2464628 12.75 -10.9904 2.3283 12.6637 -10.7264 1.591 13.1924 -10.7264 1.591 13.25 -10.9365 2.1776
3 0x2464628 -8.2563 -10.7264 1.591 -8.45 -10.7926 1.7758 -9.0029 -10.7264 1.591
4 0x2464628 5.3637 -13.1137 8.2563 4.25 -12.8971 7.6517 4.25 -12.7173 7.1495 5.4 -12.9151 7.7019
3 0x2464628 5.3637 -13.1137 8.2563 5.4 -12.9151 7.7019 6.3342 -13.1137 8.2563
3 308 -13.9869 -13.1137 8.2563 -14.553 -13.1137 8.2563 -13.8 -12.9331 7.7521
4 308 -8.8378 -13.1137 8.2563 -9.4 -13.023 8.0032 -9.5 -12.8792 7.6015 -8.0935 -13.1137 8.2563
4 308 -2.05 -12.969 7.8526 -1.943 -13.1137 8.2563 -2.65 -13.041 8.0534 -3.3 -12.8612 7.5512
4 308 6.6604 -10.7264 1.591 7.2308 -10.7264 1.591 7.7 -10.8826 2.0269 9.7 -11.6559 4.1864
3 308 11.75 -11.0264 2.4287 10.1473 -10.7264 1.591 10.7877 -10.7264 1.591
4 308 16.05 -12.987 7.9028 16.0891 -13.1137 8.2563 15.6945 -13.1137 8.2563 15.55 -12.8251 7.4508
3 308 16.05 -12.987 7.9028 15.55 -12.8251 7.4508 15.9 -12.8251 7.4508
3 70 15.6945 -13.1137 8.2563 13.901 -13.1137 8.2563 15.55 -12.8251 7.4508
4 70 15.55 -12.8251 7.4508 13.901 -13.1137 8.2563 13.55 -12.8612 7.5512 15.15 -12.5374 6.6473
4 70 -8.0935 -13.1137 8.2563 -9.5 -12.8792 7.6015 -7.75 -12.4834 6.4966 -6.9 -12.6452 6.9486
3 70 -8.0935 -13.1137 8.2563 -6.9 -12.6452 6.9486 -5.9 -12.7712 7.3001
3 70 -8.0935 -13.1137 8.2563 -5.9 -12.7712 7.3001 -4.25 -12.9331 7.7521
4 70 -8.0935 -13.1137 8.2563 -4.25 -12.9331 7.7521 -2.65 -13.041 8.0534 -1.943 -13.1137 8.2563
3 70 -14.553 -13.1137 8.2563 -17.5 -13.1137 8.2563 -17.5 -12.7352 7.1997
3 70 -14.553 -13.1137 8.2563 -17.5 -12.7352 7.1997 -16.65 -12.5194 6.597
3 70 10.1 -11.62 4.086 10.1473 -10.7264 1.591 12.55 -11.4762 3.6842
4 28 -16.65 -10.8645 1.9767 -17.5 -10.9545 2.2278 -17.5 -10.7264 1.591 -15.3752 -10.7264 1.591
4 28 13.25 -10.9365 2.1776 13.1924 -10.7264 1.591 17.5 -10.7264 1.591 13.45 -11.2602 3.0816
4 28 13.85 -11.674 4.2367 13.45 -11.2602 3.0816 17.5 -10.7264 1.591 14.55 -11.9618 5.0402
3 28 15.2 -12.2856 5.9442 14.55 -11.9618 5.0402 17.5 -10.7264 1.591
4 28 15.65 -12.5733 6.7477 15.2 -12.2856 5.9442 17.5 -10.7264 1.591 17.5 -13.1137 8.2563
3 28 17.5 -13.1137 8.2563 15.9 -12.8251 7.4508 15.65 -12.5733 6.7477
3 28 17.5 -13.1137 8.2563 16.05 -12.987 7.9028 15.9 -12.8251 7.4508
4 28 13.4 -13.023 8.0032 13.54 -13.1137 8.2563 6.3342 -13.1137 8.2563 12.6 -12.6273 6.8984
3 28 6.3342 -13.1137 8.2563 11.65 -12.2856 5.9442 12.6 -12.6273 6.8984
4 28 6.6604 -10.7264 1.591 4.25 -12.7173 7.1495 3 -12.5194 6.597 1.55 -12.2856 5.9442
4 28 5.4 -12.9151 7.7019 4.25 -12.7173 7.1495 6.6604 -10.7264 1.591 9.7 -11.6559 4.1864
4 28 -6.55 -11.3322 3.2825 -7.7 -11.1703 2.8305 -8.2563 -10.7264 1.591 6.6604 -10.7264 1.591
4 28 -5.35 -11.5301 3.8349 -6.55 -11.3322 3.2825 6.6604 -10.7264 1.591 -4.35 -11.674 4.2367
4 28 -3.6 -11.7459 4.4375 -4.35 -11.674 4.2367 6.6604 -10.7264 1.591 -2.5 -11.8358 4.6886
3 28 -1.1 -11.9618 5.0402 -2.5 -11.8358 4.6886 6.6604 -10.7264 1.591
3 28 .35 -12.1237 5.4922 -1.1 -11.9618 5.0402 6.6604 -10.7264 1.591
3 28 1.55 -12.2856 5.9442 .35 -12.1237 5.4922 6.6604 -10.7264 1.591
4 28 -8.8378 -13.1137 8.2563 -12.65 -12.8971 7.6517 -12.15 -12.8612 7.5512 -11.6 -12.8431 7.501
4 70 15.95 -14.8056 15.1346 17.5 -14.5708 14.1804 17.5 -14.8451 15.2953 15.7033 -14.8451 15.2953
4 70 11.9 -14.7191 14.7831 12.3284 -14.8451 15.2953 9.9 -14.8179 15.1848 9.95 -14.7438 14.8835
4 70 11.75 -14.608 14.3311 11.9 -14.7191 14.7831 9.95 -14.7438 14.8835 9.7 -14.645 14.4817
4 70 11.85 -14.5214 13.9795 11.75 -14.608 14.3311 9.7 -14.645 14.4817 9.65 -14.5214 13.9795
4 70 11.85 -14.5214 13.9795 9.65 -14.5214 13.9795 9.7 -14.4103 13.5275 9.9 -14.2991 13.0755
4 70 13.25 -14.1261 12.3724 11.85 -14.5214 13.9795 9.9 -14.2991 13.0755 11.25 -13.9532 11.6694
4 70 13.25 -14.1261 12.3724 11.25 -13.9532 11.6694 12.9 -13.595 10.2129 14.75 -13.6567 10.4641
4 70 9.65 -14.8303 15.235 7.215 -14.8451 15.2953 6.45 -14.7191 14.7831 8.95 -14.7685 14.9839
4 70 6.55 -14.472 13.7786 8.95 -14.7685 14.9839 6.45 -14.7191 14.7831 4.6 -14.2991 13.0755
4 70 14.75 -13.6567 10.4641 12.9 -13.595 10.2129 13.95 -13.3479 9.2085 15.5 -13.3973 9.4094
4 70 15.7 -13.2491 8.8068 15.5 -13.3973 9.4094 13.95 -13.3479 9.2085 14.05 -13.2614 8.857
4 70 15.6945 -13.1137 8.2563 15.7 -13.2491 8.8068 14.05 -13.2614 8.857 14 -13.1626 8.4552
4 70 -13.55 -14.0026 11.8702 -11.15 -14.3115 13.1258 -13.2 -14.2003 12.6738 -15.55 -14.0273 11.9707
4 70 -15.85 -13.7802 10.9663 -13.55 -14.0026 11.8702 -15.55 -14.0273 11.9707 -17.5 -13.8668 11.3178
3 70 -17.5 -13.8668 11.3178 -16.8 -13.6444 10.4138 -15.85 -13.7802 10.9663
4 70 -17.5 -13.5209 9.9116 -16.9 -13.595 10.2129 -16.8 -13.6444 10.4138 -17.5 -13.8668 11.3178
3 70 -16.9 -13.595 10.2129 -17.5 -13.5209 9.9116 -16.8 -13.5332 9.9618
4 70 -16.3 -13.4097 9.4596 -16.8 -13.5332 9.9618 -17.5 -13.5209 9.9116 -17.5 -13.1137 8.2563
4 70 -2 -13.3479 9.2085 -1.943 -13.1137 8.2563 -1.25 -13.1626 8.4552 -.65 -13.3973 9.4094
4 70 -.65 -13.3973 9.4094 -1.25 -13.1626 8.4552 -.1 -13.2861 8.9574 1.4 -13.5703 10.1125
4 308 16.6 -14.5832 14.2306 17.5 -14.472 13.7786 17.5 -14.5708 14.1804 15.95 -14.8056 15.1346
4 308 11.9 -14.7191 14.7831 12.25 -14.645 14.4817 12.8645 -14.8451 15.2953 12.3284 -14.8451 15.2953
4 308 12.25 -14.645 14.4817 11.9 -14.7191 14.7831 11.75 -14.608 14.3311 12.2 -14.5832 14.2306
4 308 12.2 -14.5832 14.2306 11.75 -14.608 14.3311 11.85 -14.5214 13.9795 12.3 -14.5214 13.9795
4 308 13.3 -14.2373 12.8244 12.3 -14.5214 13.9795 11.85 -14.5214 13.9795 13.25 -14.1261 12.3724
4 308 14.8 -13.7926 11.0165 13.3 -14.2373 12.8244 13.25 -14.1261 12.3724 14.75 -13.6567 10.4641
4 308 15.6 -13.5455 10.0121 14.8 -13.7926 11.0165 14.75 -13.6567 10.4641 15.5 -13.3973 9.4094
4 308 15.9 -13.3973 9.4094 15.6 -13.5455 10.0121 15.5 -13.3973 9.4094 15.7 -13.2491 8.8068
4 308 16.05 -13.2614 8.857 15.9 -13.3973 9.4094 15.7 -13.2491 8.8068 16.1 -13.1379 8.3548
4 308 16.0891 -13.1137 8.2563 16.1 -13.1379 8.3548 15.7 -13.2491 8.8068 15.6945 -13.1137 8.2563
4 308 4.6 -14.2991 13.0755 5.1 -14.5586 14.1302 4.25 -14.3485 13.2764 4.15 -14.2867 13.0253
4 308 4.6 -14.2991 13.0755 4.15 -14.2867 13.0253 4.25 -14.2249 12.7742 4.45 -14.2003 12.6738
4 308 4.6 -14.2991 13.0755 4.45 -14.2003 12.6738 4.85 -14.2127 12.724 5.45 -14.2621 12.9249
4 308 6.55 -14.472 13.7786 4.6 -14.2991 13.0755 5.45 -14.2621 12.9249 6.45 -14.3609 13.3266
4 308 6.55 -14.472 13.7786 6.45 -14.3609 13.3266 7.55 -14.4844 13.8289 8.7 -14.6326 14.4315
4 308 8.95 -14.7685 14.9839 6.55 -14.472 13.7786 8.7 -14.6326 14.4315 9.1 -14.682 14.6324
4 308 9.95 -14.7438 14.8835 9.9 -14.8179 15.1848 9.65 -14.8303 15.235 9.35 -14.6697 14.5822
4 308 9.1 -14.682 14.6324 9.35 -14.6697 14.5822 9.65 -14.8303 15.235 8.95 -14.7685 14.9839
4 308 9.7 -14.645 14.4817 9.95 -14.7438 14.8835 9.35 -14.6697 14.5822 9.3 -14.5708 14.1804
4 308 9.65 -14.5214 13.9795 9.7 -14.645 14.4817 9.3 -14.5708 14.1804 9.3 -14.4597 13.7284
4 308 9.7 -14.4103 13.5275 9.65 -14.5214 13.9795 9.3 -14.4597 13.7284 9.4 -14.3362 13.2262
4 308 9.9 -14.2991 13.0755 9.7 -14.4103 13.5275 9.4 -14.3362 13.2262 9.6 -14.2373 12.8244
4 308 9.9 -14.2991 13.0755 9.6 -14.2373 12.8244 10.7 -13.9408 11.6191 11.25 -13.9532 11.6694
4 308 11.25 -13.9532 11.6694 10.7 -13.9408 11.6191 11.05 -13.8668 11.3178 12.9 -13.595 10.2129
4 308 12.9 -13.595 10.2129 11.05 -13.8668 11.3178 12.6 -13.5332 9.9618 13.45 -13.3603 9.2587
4 308 13.95 -13.3479 9.2085 12.9 -13.595 10.2129 13.45 -13.3603 9.2587 13.65 -13.2985 9.0076
4 308 14.05 -13.2614 8.857 13.95 -13.3479 9.2085 13.65 -13.2985 9.0076 13.7 -13.2367 8.7565
4 308 14 -13.1626 8.4552 14.05 -13.2614 8.857 13.7 -13.2367 8.7565 13.65 -13.1626 8.4552
4 308 13.901 -13.1137 8.2563 14 -13.1626 8.4552 13.65 -13.1626 8.4552 13.54 -13.1137 8.2563
4 308 -17.5 -13.9656 11.7196 -17.5 -13.8668 11.3178 -15.55 -14.0273 11.9707 -15.3 -14.1385 12.4227
4 308 -15.3 -14.1385 12.4227 -15.55 -14.0273 11.9707 -13.2 -14.2003 12.6738 -12.75 -14.3238 13.176
4 308 -12.75 -14.3238 13.176 -13.2 -14.2003 12.6738 -11.15 -14.3115 13.1258 -10.3 -14.472 13.7786
4 308 -9.9 -14.472 13.7786 -10.3 -14.472 13.7786 -11.15 -14.3115 13.1258 -9.65 -14.4474 13.6782
4 308 -9.65 -14.3979 13.4773 -9.65 -14.4474 13.6782 -11.15 -14.3115 13.1258 -9.8 -14.3362 13.2262
4 308 -10.35 -14.2621 12.9249 -9.8 -14.3362 13.2262 -11.15 -14.3115 13.1258 -12.5 -14.015 11.9205
4 308 -12.5 -14.015 11.9205 -11.15 -14.3115 13.1258 -13.55 -14.0026 11.8702 -15 -13.7679 10.916
4 308 -15 -13.7679 10.916 -13.55 -14.0026 11.8702 -15.85 -13.7802 10.9663 -16.45 -13.6073 10.2632
4 308 -16.45 -13.6073 10.2632 -15.85 -13.7802 10.9663 -16.8 -13.6444 10.4138 -16.9 -13.595 10.2129
4 308 -16.45 -13.6073 10.2632 -16.9 -13.595 10.2129 -16.8 -13.5332 9.9618 -16.4 -13.5455 10.0121
4 308 -16.4 -13.5455 10.0121 -16.8 -13.5332 9.9618 -16.3 -13.4097 9.4596 -16.25 -13.4961 9.8112
4 308 -15.35 -13.3232 9.1081 -16.25 -13.4961 9.8112 -16.3 -13.4097 9.4596 -15.3 -13.2367 8.7565
4 308 -14.25 -13.1502 8.405 -15.35 -13.3232 9.1081 -15.3 -13.2367 8.7565 -14.553 -13.1137 8.2563
4 308 -6.8 -13.212 8.6561 -7.95 -13.212 8.6561 -8.8378 -13.1137 8.2563 -8.0935 -13.1137 8.2563
4 308 -6.85 -13.2985 9.0076 -7.95 -13.212 8.6561 -6.8 -13.212 8.6561 -5.3 -13.2861 8.9574
4 308 -5.35 -13.3603 9.2587 -6.85 -13.2985 9.0076 -5.3 -13.2861 8.9574 -3.6 -13.3973 9.4094
3 308 -3.6 -13.3973 9.4094 -5.3 -13.2861 8.9574 -3.4 -13.3232 9.1081
4 308 -3.6 -13.3973 9.4094 -3.4 -13.3232 9.1081 -2 -13.3479 9.2085 -1.95 -13.4343 9.5601
4 308 -1.95 -13.4343 9.5601 -2 -13.3479 9.2085 -.65 -13.3973 9.4094 -.95 -13.4715 9.7107
4 308 .05 -13.5455 10.0121 -.95 -13.4715 9.7107 -.65 -13.3973 9.4094 1.4 -13.5703 10.1125
4 308 1.05 -13.6567 10.4641 .05 -13.5455 10.0121 1.4 -13.5703 10.1125 2.05 -13.6691 10.5143
4 308 1.05 -13.6567 10.4641 2.05 -13.6691 10.5143 2 -13.7308 10.7654 1.75 -13.7432 10.8156
4 308 1.8 -13.5455 10.0121 2.05 -13.6691 10.5143 1.4 -13.5703 10.1125 1.3 -13.4221 9.5099
4 308 .65 -13.2861 8.9574 1.3 -13.4221 9.5099 1.4 -13.5703 10.1125 -.1 -13.2861 8.9574
4 308 -.1 -13.1626 8.4552 .65 -13.2861 8.9574 -.1 -13.2861 8.9574 -1.25 -13.1626 8.4552
4 308 -.6445 -13.1137 8.2563 -.1 -13.1626 8.4552 -1.25 -13.1626 8.4552 -1.943 -13.1137 8.2563
4 330 17.5 -13.6938 10.6147 17.5 -14.472 13.7786 16.6 -14.5832 14.2306 16.35 -13.8544 11.2676
4 330 16.35 -13.8544 11.2676 16.6 -14.5832 14.2306 15.65 -14.7191 14.7831 15.35 -14.0273 11.9707
4 330 14.85 -14.1385 12.4227 15.35 -14.0273 11.9707 15.65 -14.7191 14.7831 14.35 -14.2744 12.9751
4 330 14 -14.4474 13.6782 14.35 -14.2744 12.9751 15.65 -14.7191 14.7831 13.75 -14.6326 14.4315
4 330 13.75 -14.6326 14.4315 15.65 -14.7191 14.7831 14.868 -14.8451 15.2953 13.65 -14.8451 15.2953
4 330 9.3 -14.5708 14.1804 9.35 -14.6697 14.5822 9.1 -14.682 14.6324 8.7 -14.6326 14.4315
4 330 9.3 -14.4597 13.7284 9.3 -14.5708 14.1804 8.7 -14.6326 14.4315 7.55 -14.4844 13.8289
4 330 9.4 -14.3362 13.2262 9.3 -14.4597 13.7284 7.55 -14.4844 13.8289 6.45 -14.3609 13.3266
3 330 6.45 -14.3609 13.3266 9.6 -14.2373 12.8244 9.4 -14.3362 13.2262
4 330 10.7 -13.9408 11.6191 9.6 -14.2373 12.8244 6.45 -14.3609 13.3266 9.45 -13.7062 10.6649
4 330 8 -13.4837 9.761 9.45 -13.7062 10.6649 6.45 -14.3609 13.3266 5.65 -14.2127 12.724
4 330 6.1 -13.212 8.6561 8 -13.4837 9.761 5.65 -14.2127 12.724 4.25 -13.9779 11.7698
4 330 6.1 -13.212 8.6561 4.25 -13.9779 11.7698 3 -13.7926 11.0165 1.8 -13.5455 10.0121
4 0x2464628 13.75 -14.6326 14.4315 13.45 -14.6697 14.5822 13.65 -14.4844 13.8289 14 -14.4474 13.6782
4 0x2464628 14 -14.4474 13.6782 13.65 -14.4844 13.8289 13.85 -14.3238 13.176 14.35 -14.2744 12.9751
4 0x2464628 14.35 -14.2744 12.9751 13.85 -14.3238 13.176 14.2 -14.1879 12.6236 14.6 -14.0767 12.1716
4 0x2464628 14.85 -14.1385 12.4227 14.35 -14.2744 12.9751 14.6 -14.0767 12.1716 15.15 -13.9532 11.6694
4 0x2464628 15.35 -14.0273 11.9707 14.85 -14.1385 12.4227 15.15 -13.9532 11.6694 15.85 -13.8296 11.1671
4 0x2464628 16.35 -13.8544 11.2676 15.35 -14.0273 11.9707 15.85 -13.8296 11.1671 16.75 -13.6938 10.6147
4 0x2464628 17.5 -13.6938 10.6147 16.35 -13.8544 11.2676 16.75 -13.6938 10.6147 17.5 -13.595 10.2129
3 0x2464628 6.45 -14.3609 13.3266 5.45 -14.2621 12.9249 5.65 -14.2127 12.724
4 0x2464628 5.65 -14.2127 12.724 5.45 -14.2621 12.9249 4.85 -14.2127 12.724 4.25 -13.9779 11.7698
4 0x2464628 4.25 -13.9779 11.7698 4.85 -14.2127 12.724 3.75 -14.0397 12.0209 3 -13.7926 11.0165
4 0x2464628 3 -13.7926 11.0165 3.75 -14.0397 12.0209 2.45 -13.842 11.2174 2 -13.7308 10.7654
3 0x2464628 3 -13.7926 11.0165 2 -13.7308 10.7654 2.05 -13.6691 10.5143
3 0x2464628 2.45 -13.842 11.2174 1.75 -13.7432 10.8156 2 -13.7308 10.7654
4 0x2464628 10.15 -13.6938 10.6147 11.05 -13.8668 11.3178 10.7 -13.9408 11.6191 9.45 -13.7062 10.6649
4 0x2464628 9.05 -13.5085 9.8614 10.15 -13.6938 10.6147 9.45 -13.7062 10.6649 8 -13.4837 9.761
4 0x2464628 7.75 -13.3109 9.0579 9.05 -13.5085 9.8614 8 -13.4837 9.761 6.1 -13.212 8.6561
3 28 13.2982 -14.8451 15.2953 12.8645 -14.8451 15.2953 12.25 -14.645 14.4817
4 28 13.3553 -14.8451 15.2953 13.2982 -14.8451 15.2953 12.25 -14.645 14.4817 12.2 -14.5832 14.2306
4 28 13.45 -14.6697 14.5822 13.3553 -14.8451 15.2953 12.2 -14.5832 14.2306 12.3 -14.5214 13.9795
4 28 13.65 -14.4844 13.8289 13.45 -14.6697 14.5822 12.3 -14.5214 13.9795 13.3 -14.2373 12.8244
3 28 13.65 -14.4844 13.8289 13.3 -14.2373 12.8244 13.85 -14.3238 13.176
3 28 13.85 -14.3238 13.176 13.3 -14.2373 12.8244 14.2 -14.1879 12.6236
4 28 14.6 -14.0767 12.1716 14.2 -14.1879 12.6236 13.3 -14.2373 12.8244 14.8 -13.7926 11.0165
3 28 14.6 -14.0767 12.1716 14.8 -13.7926 11.0165 15.15 -13.9532 11.6694
4 28 15.85 -13.8296 11.1671 15.15 -13.9532 11.6694 14.8 -13.7926 11.0165 15.6 -13.5455 10.0121
4 28 16.75 -13.6938 10.6147 15.85 -13.8296 11.1671 15.6 -13.5455 10.0121 15.9 -13.3973 9.4094
4 28 17.5 -13.595 10.2129 16.75 -13.6938 10.6147 15.9 -13.3973 9.4094 16.05 -13.2614 8.857
4 28 17.5 -13.595 10.2129 16.05 -13.2614 8.857 16.1 -13.1379 8.3548 17.5 -13.1137 8.2563
3 28 16.1 -13.1379 8.3548 16.0891 -13.1137 8.2563 17.5 -13.1137 8.2563
3 28 -17.5 -14.8451 15.2953 -17.5 -13.9656 11.7196 -15.3 -14.1385 12.4227
4 28 -.95 -13.4715 9.7107 .05 -13.5455 10.0121 -9.65 -14.4474 13.6782 -9.65 -14.3979 13.4773
4 28 -1.95 -13.4343 9.5601 -.95 -13.4715 9.7107 -9.65 -14.3979 13.4773 -3.6 -13.3973 9.4094
4 28 -3.6 -13.3973 9.4094 -9.65 -14.3979 13.4773 -9.8 -14.3362 13.2262 -5.35 -13.3603 9.2587
4 28 -5.35 -13.3603 9.2587 -9.8 -14.3362 13.2262 -10.35 -14.2621 12.9249 -6.85 -13.2985 9.0076
4 28 -6.85 -13.2985 9.0076 -10.35 -14.2621 12.9249 -12.5 -14.015 11.9205 -7.95 -13.212 8.6561
4 28 -8.8378 -13.1137 8.2563 -7.95 -13.212 8.6561 -12.5 -14.015 11.9205 -13.9869 -13.1137 8.2563
4 28 -14.25 -13.1502 8.405 -13.9869 -13.1137 8.2563 -12.5 -14.015 11.9205 -15 -13.7679 10.916
4 28 -15.35 -13.3232 9.1081 -14.25 -13.1502 8.405 -15 -13.7679 10.916 -16.25 -13.4961 9.8112
4 28 -16.4 -13.5455 10.0121 -16.25 -13.4961 9.8112 -15 -13.7679 10.916 -16.45 -13.6073 10.2632
4 28 13.45 -13.3603 9.2587 13.65 -13.1626 8.4552 13.7 -13.2367 8.7565 13.65 -13.2985 9.0076
4 28 4.15 -14.2867 13.0253 2.45 -13.842 11.2174 3.75 -14.0397 12.0209 4.25 -14.2249 12.7742
3 28 4.85 -14.2127 12.724 4.45 -14.2003 12.6738 3.75 -14.0397 12.0209
3 28 4.25 -14.2249 12.7742 3.75 -14.0397 12.0209 4.45 -14.2003 12.6738
4 330 -.1 -13.1626 8.4552 -.6445 -13.1137 8.2563 5.3637 -13.1137 8.2563 6.1 -13.212 8.6561
3 330 .65 -13.2861 8.9574 -.1 -13.1626 8.4552 6.1 -13.212 8.6561
3 330 1.3 -13.4221 9.5099 .65 -13.2861 8.9574 6.1 -13.212 8.6561
3 330 1.8 -13.5455 10.0121 1.3 -13.4221 9.5099 6.1 -13.212 8.6561
3 330 3 -13.7926 11.0165 2.05 -13.6691 10.5143 1.8 -13.5455 10.0121
3 0x2464628 5.3637 -13.1137 8.2563 6.3342 -13.1137 8.2563 6.1 -13.212 8.6561
3 0x2464628 7.75 -13.3109 9.0579 6.1 -13.212 8.6561 6.3342 -13.1137 8.2563
4 0x2464628 13.3553 -14.8451 15.2953 13.45 -14.6697 14.5822 13.75 -14.6326 14.4315 13.65 -14.8451 15.2953
4 308 15.7033 -14.8451 15.2953 14.868 -14.8451 15.2953 15.65 -14.7191 14.7831 15.95 -14.8056 15.1346
3 308 15.95 -14.8056 15.1346 15.65 -14.7191 14.7831 16.6 -14.5832 14.2306
3 308 7.215 -14.8451 15.2953 6.5277 -14.8451 15.2953 6.45 -14.7191 14.7831
4 308 6.45 -14.7191 14.7831 6.5277 -14.8451 15.2953 5.1 -14.5586 14.1302 4.6 -14.2991 13.0755
3 308 -13.9869 -13.1137 8.2563 -14.25 -13.1502 8.405 -14.553 -13.1137 8.2563
3 70 12.3284 -14.8451 15.2953 9.65 -14.8303 15.235 9.9 -14.8179 15.1848
3 70 7.215 -14.8451 15.2953 9.65 -14.8303 15.235 12.3284 -14.8451 15.2953
3 70 15.6945 -13.1137 8.2563 14 -13.1626 8.4552 13.901 -13.1137 8.2563
4 70 -6.8 -13.212 8.6561 -8.0935 -13.1137 8.2563 -1.943 -13.1137 8.2563 -5.3 -13.2861 8.9574
4 70 -3.4 -13.3232 9.1081 -5.3 -13.2861 8.9574 -1.943 -13.1137 8.2563 -2 -13.3479 9.2085
3 70 -16.3 -13.4097 9.4596 -17.5 -13.1137 8.2563 -15.3 -13.2367 8.7565
3 70 -14.553 -13.1137 8.2563 -15.3 -13.2367 8.7565 -17.5 -13.1137 8.2563
4 28 6.3342 -13.1137 8.2563 13.54 -13.1137 8.2563 13.65 -13.1626 8.4552 7.75 -13.3109 9.0579
4 28 7.75 -13.3109 9.0579 13.65 -13.1626 8.4552 13.45 -13.3603 9.2587 12.6 -13.5332 9.9618
3 28 12.6 -13.5332 9.9618 9.05 -13.5085 9.8614 7.75 -13.3109 9.0579
3 28 10.15 -13.6938 10.6147 9.05 -13.5085 9.8614 12.6 -13.5332 9.9618
3 28 11.05 -13.8668 11.3178 10.15 -13.6938 10.6147 12.6 -13.5332 9.9618
3 28 -17.5 -14.8451 15.2953 -15.3 -14.1385 12.4227 -12.75 -14.3238 13.176
3 28 -17.5 -14.8451 15.2953 -12.75 -14.3238 13.176 -10.3 -14.472 13.7786
4 28 -17.5 -14.8451 15.2953 -10.3 -14.472 13.7786 -9.9 -14.472 13.7786 6.5277 -14.8451 15.2953
4 28 5.1 -14.5586 14.1302 6.5277 -14.8451 15.2953 -9.9 -14.472 13.7786 -9.65 -14.4474 13.6782
3 28 5.1 -14.5586 14.1302 -9.65 -14.4474 13.6782 4.25 -14.3485 13.2764
4 28 4.15 -14.2867 13.0253 4.25 -14.3485 13.2764 -9.65 -14.4474 13.6782 2.45 -13.842 11.2174
4 28 1.75 -13.7432 10.8156 2.45 -13.842 11.2174 -9.65 -14.4474 13.6782 1.05 -13.6567 10.4641
3 28 -9.65 -14.4474 13.6782 .05 -13.5455 10.0121 1.05 -13.6567 10.4641
4 70 12.5194 -15.9003 22.5834 10 -15.8107 21.9646 10.7 -15.5053 19.8554 12.8 -15.7234 21.362
4 70 12.8 -15.7234 21.362 10.7 -15.5053 19.8554 11.15 -15.3453 18.7505 13.3 -15.4908 19.7549
4 70 13.6 -15.4108 19.2025 13.3 -15.4908 19.7549 11.15 -15.3453 18.7505 11.2 -15.2727 18.2483
4 70 14.05 -15.3236 18.5998 13.6 -15.4108 19.2025 11.2 -15.2727 18.2483 13.65 -15.0255 16.5408
4 70 14.9 -15.1854 17.6456 14.05 -15.3236 18.5998 13.65 -15.0255 16.5408 14.1 -14.9963 16.3399
4 70 16.05 -15.04 16.6412 14.9 -15.1854 17.6456 14.1 -14.9963 16.3399 15.7033 -14.8451 15.2953
4 70 17.5 -14.8451 15.2953 17.5 -14.8728 15.4861 16.05 -15.04 16.6412 15.7033 -14.8451 15.2953
4 70 13.3 -15.0109 16.4403 13.65 -15.0255 16.5408 11.2 -15.2727 18.2483 11.05 -15.2145 17.8465
4 70 12.95 -14.9527 16.0386 13.3 -15.0109 16.4403 11.05 -15.2145 17.8465 9.95 -15.1054 17.0932
4 70 12.3284 -14.8451 15.2953 12.95 -14.9527 16.0386 9.95 -15.1054 17.0932 8.4 -14.96 16.0888
4 70 -3.05 -15.8325 22.1153 -1.05 -15.8325 22.1153 .0739 -15.9003 22.5834 -2.0545 -15.9003 22.5834
4 70 -3.3 -15.7017 21.2113 -1.05 -15.8325 22.1153 -3.05 -15.8325 22.1153 -7.7 -15.4836 19.7047
4 308 12.8 -15.7234 21.362 13.1 -15.8107 21.9646 12.95 -15.9003 22.5834 12.5194 -15.9003 22.5834
4 308 13.5 -15.6144 20.6087 13.1 -15.8107 21.9646 12.8 -15.7234 21.362 13.3 -15.4908 19.7549
4 308 13.8 -15.4981 19.8051 13.5 -15.6144 20.6087 13.3 -15.4908 19.7549 13.6 -15.4108 19.2025
4 308 14.1 -15.4181 19.2527 13.8 -15.4981 19.8051 13.6 -15.4108 19.2025 14.05 -15.3236 18.5998
4 308 14.7 -15.3018 18.4492 14.1 -15.4181 19.2527 14.05 -15.3236 18.5998 14.9 -15.1854 17.6456
4 308 15.7 -15.1636 17.495 14.7 -15.3018 18.4492 14.9 -15.1854 17.6456 16.05 -15.04 16.6412
4 308 13.9 -14.9455 15.9884 14.5 -14.88 15.5364 14.1 -14.9963 16.3399 13.65 -15.0255 16.5408
4 308 13.65 -14.96 16.0888 13.9 -14.9455 15.9884 13.65 -15.0255 16.5408 13.3 -15.0109 16.4403
4 308 13.45 -14.9527 16.0386 13.65 -14.96 16.0888 13.3 -15.0109 16.4403 12.95 -14.9527 16.0386
3 308 13.45 -14.9527 16.0386 12.95 -14.9527 16.0386 13.35 -14.9382 15.9381
4 308 12.8645 -14.8451 15.2953 13.35 -14.9382 15.9381 12.95 -14.9527 16.0386 12.3284 -14.8451 15.2953
4 308 -7.7 -15.4836 19.7047 -4.35 -15.7962 21.8642 -7.2 -15.5926 20.458 -7.9 -15.5344 20.0563
4 308 -7.7 -15.4836 19.7047 -7.9 -15.5344 20.0563 -8.3 -15.4908 19.7549 -8.4 -15.4544 19.5038
4 308 -7.7 -15.4836 19.7047 -8.4 -15.4544 19.5038 -8.35 -15.4327 19.3532 -8.1 -15.4181 19.2527
4 308 -7.7 -15.4836 19.7047 -8.1 -15.4181 19.2527 -7.8 -15.4253 19.3029 -7.15 -15.4471 19.4536
4 308 -7.7 -15.4836 19.7047 -7.15 -15.4471 19.4536 -4.1 -15.6071 20.5585 -3.3 -15.7017 21.2113
4 308 -3.3 -15.7017 21.2113 -4.1 -15.6071 20.5585 -1.85 -15.7234 21.362 -1.05 -15.8325 22.1153
4 308 9.5 -15.8398 22.1655 10 -15.8107 21.9646 9.7994 -15.9003 22.5834 9.3613 -15.9003 22.5834
4 308 10 -15.8107 21.9646 9.5 -15.8398 22.1655 10.05 -15.5853 20.4078 10.7 -15.5053 19.8554
4 308 10.7 -15.5053 19.8554 10.05 -15.5853 20.4078 10.65 -15.3672 18.9012 11.15 -15.3453 18.7505
4 308 11.15 -15.3453 18.7505 10.65 -15.3672 18.9012 10.75 -15.309 18.4994 11.2 -15.2727 18.2483
4 308 11.2 -15.2727 18.2483 10.75 -15.309 18.4994 10.75 -15.2727 18.2483 11.05 -15.2145 17.8465
3 308 10.75 -15.2727 18.2483 10.65 -15.2436 18.0474 11.05 -15.2145 17.8465
4 308 11.05 -15.2145 17.8465 10.65 -15.2436 18.0474 10.25 -15.1999 17.7461 9.95 -15.1054 17.0932
4 308 9.95 -15.1054 17.0932 10.25 -15.1999 17.7461 8.4 -15.0327 16.591 8.4 -14.96 16.0888
4 308 8.4 -14.96 16.0888 8.4 -15.0327 16.591 6.7 -14.8655 15.4359 7.215 -14.8451 15.2953
4 330 16.5576 -15.9003 22.5834 13.1 -15.8107 21.9646 16.85 -15.6289 20.7091 16.65 -15.8398 22.1655
4 330 16.85 -15.6289 20.7091 13.1 -15.8107 21.9646 13.5 -15.6144 20.6087 13.8 -15.4981 19.8051
4 330 16.85 -15.6289 20.7091 13.8 -15.4981 19.8051 14.1 -15.4181 19.2527 16.95 -15.3817 19.0016
4 330 16.95 -15.3817 19.0016 14.1 -15.4181 19.2527 14.7 -15.3018 18.4492 15.7 -15.1636 17.495
3 330 16.95 -15.3817 19.0016 15.7 -15.1636 17.495 17 -15.0167 16.4805
4 330 14.5 -14.88 15.5364 13.9 -14.9455 15.9884 13.65 -14.96 16.0888 13.65 -14.8451 15.2953
4 308 17 -15.0167 16.4805 15.7 -15.1636 17.495 16.05 -15.04 16.6412 17.5 -14.8728 15.4861
4 0x2464628 16.9947 -15.9003 22.5834 16.65 -15.8398 22.1655 16.85 -15.6289 20.7091 17.1 -15.7962 21.8642
4 0x2464628 17.3 -15.549 20.1567 17.1 -15.7962 21.8642 16.85 -15.6289 20.7091 16.95 -15.3817 19.0016
4 0x2464628 17.35 -15.2509 18.0976 17.3 -15.549 20.1567 16.95 -15.3817 19.0016 17 -15.0167 16.4805
3 0x2464628 17.35 -15.2509 18.0976 17 -15.0167 16.4805 17.31 -14.9818 16.2395
4 308 17.5 -14.8728 15.4861 17.5 -14.96 16.0888 17.31 -14.9818 16.2395 17 -15.0167 16.4805
4 28 17.35 -15.2509 18.0976 17.31 -14.9818 16.2395 17.5 -14.96 16.0888 17.5 -15.9003 22.5834
3 28 13.35 -14.9382 15.9381 12.8645 -14.8451 15.2953 13.2982 -14.8451 15.2953
4 28 10.05 -15.5853 20.4078 8.4 -15.0327 16.591 10.25 -15.1999 17.7461 10.65 -15.3672 18.9012
4 28 10.65 -15.3672 18.9012 10.25 -15.1999 17.7461 10.65 -15.2436 18.0474 10.75 -15.309 18.4994
3 28 10.75 -15.309 18.4994 10.65 -15.2436 18.0474 10.75 -15.2727 18.2483
3 330 16.5576 -15.9003 22.5834 12.95 -15.9003 22.5834 13.1 -15.8107 21.9646
3 330 14.5 -14.88 15.5364 13.65 -14.8451 15.2953 14.868 -14.8451 15.2953
4 0x2464628 13.35 -14.9382 15.9381 13.3553 -14.8451 15.2953 13.65 -14.8451 15.2953 13.45 -14.9527 16.0386
3 0x2464628 13.65 -14.96 16.0888 13.45 -14.9527 16.0386 13.65 -14.8451 15.2953
3 0x2464628 16.5576 -15.9003 22.5834 16.65 -15.8398 22.1655 16.9947 -15.9003 22.5834
4 308 -4.35 -15.7962 21.8642 -7.7 -15.4836 19.7047 -3.05 -15.8325 22.1153 -2.7916 -15.9003 22.5834
3 308 -2.7916 -15.9003 22.5834 -3.05 -15.8325 22.1153 -2.0545 -15.9003 22.5834
4 308 .65 -15.8761 22.4166 .0739 -15.9003 22.5834 -1.05 -15.8325 22.1153 -1.85 -15.7234 21.362
3 308 .0739 -15.9003 22.5834 .65 -15.8761 22.4166 1.0558 -15.9003 22.5834
4 308 14.1 -14.9963 16.3399 14.5 -14.88 15.5364 14.868 -14.8451 15.2953 15.7033 -14.8451 15.2953
3 308 7.215 -14.8451 15.2953 6.7 -14.8655 15.4359 6.5277 -14.8451 15.2953
3 70 9.7994 -15.9003 22.5834 10 -15.8107 21.9646 12.5194 -15.9003 22.5834
3 70 7.215 -14.8451 15.2953 12.3284 -14.8451 15.2953 8.4 -14.96 16.0888
4 28 -17.5 -14.8451 15.2953 6.5277 -14.8451 15.2953 6.7 -14.8655 15.4359 -8.1 -15.4181 19.2527
3 28 -7.8 -15.4253 19.3029 -8.1 -15.4181 19.2527 6.7 -14.8655 15.4359
3 28 -7.15 -15.4471 19.4536 -7.8 -15.4253 19.3029 6.7 -14.8655 15.4359
4 28 -8.4 -15.4544 19.5038 -17.5 -15.9003 22.5834 -17.5 -14.8451 15.2953 -8.35 -15.4327 19.3532
3 28 -8.35 -15.4327 19.3532 -17.5 -14.8451 15.2953 -8.1 -15.4181 19.2527
4 28 -4.1 -15.6071 20.5585 -7.15 -15.4471 19.4536 6.7 -14.8655 15.4359 -1.85 -15.7234 21.362
4 28 .65 -15.8761 22.4166 -1.85 -15.7234 21.362 6.7 -14.8655 15.4359 9.5 -15.8398 22.1655
4 28 9.3613 -15.9003 22.5834 1.0558 -15.9003 22.5834 .65 -15.8761 22.4166 9.5 -15.8398 22.1655
4 28 9.5 -15.8398 22.1655 6.7 -14.8655 15.4359 8.4 -15.0327 16.591 10.05 -15.5853 20.4078
3 28 -2.7916 -15.9003 22.5834 -17.5 -15.9003 22.5834 -4.35 -15.7962 21.8642
3 28 -17.5 -15.9003 22.5834 -8.4 -15.4544 19.5038 -8.3 -15.4908 19.7549
3 28 -17.5 -15.9003 22.5834 -8.3 -15.4908 19.7549 -7.9 -15.5344 20.0563
3 28 -17.5 -15.9003 22.5834 -7.9 -15.5344 20.0563 -7.2 -15.5926 20.458
3 28 -17.5 -15.9003 22.5834 -7.2 -15.5926 20.458 -4.35 -15.7962 21.8642
3 28 17.5 -15.9003 22.5834 16.9947 -15.9003 22.5834 17.1 -15.7962 21.8642
3 28 17.5 -15.9003 22.5834 17.1 -15.7962 21.8642 17.3 -15.549 20.1567
3 28 17.5 -15.9003 22.5834 17.3 -15.549 20.1567 17.35 -15.2509 18.0976
4 70 11.1 -16.1909 28.7445 8.1 -16.1909 28.7445 8.95 -16.0392 25.5303 12.05 -15.9967 24.6264
4 70 12.05 -15.9967 24.6264 8.95 -16.0392 25.5303 9.3 -15.9729 24.1241 9.7994 -15.9003 22.5834
4 70 9.3 -15.9729 24.1241 8.95 -16.0392 25.5303 8.65 -16.025 25.229 8.8 -15.9682 24.0237
4 70 8.8 -15.9682 24.0237 8.65 -16.025 25.229 7.45 -16.0014 24.7268 7.45 -15.9469 23.5717
4 70 7.45 -15.9469 23.5717 7.45 -16.0014 24.7268 6.5 -15.9848 24.3753 6.55 -15.9304 23.2202
4 70 6 -15.928 23.17 6.55 -15.9304 23.2202 6.5 -15.9848 24.3753 5.75 -15.9824 24.325
4 70 5.3 -15.9327 23.2704 6 -15.928 23.17 5.75 -15.9824 24.325 4.5 -15.9872 24.4255
4 70 4 -15.9398 23.4211 5.3 -15.9327 23.2704 4.5 -15.9872 24.4255 3.45 -15.9943 24.5761
4 70 3.2 -15.9421 23.4713 4 -15.9398 23.4211 3.45 -15.9943 24.5761 2.5 -15.9919 24.5259
4 70 2.5 -15.9398 23.4211 3.2 -15.9421 23.4713 2.5 -15.9919 24.5259 1.2 -15.9706 24.0739
4 70 1 -15.9185 22.9691 2.5 -15.9398 23.4211 1.2 -15.9706 24.0739 -.7 -15.9304 23.2202
4 70 .0739 -15.9003 22.5834 1 -15.9185 22.9691 -.7 -15.9304 23.2202 -2.0545 -15.9003 22.5834
4 308 12.15 -16.0558 25.8819 11.5 -16.1909 28.7445 11.1 -16.1909 28.7445 12.05 -15.9967 24.6264
4 308 12.95 -15.9003 22.5834 12.15 -16.0558 25.8819 12.05 -15.9967 24.6264 12.5194 -15.9003 22.5834
3 308 8.1 -16.1909 28.7445 7.6 -16.1909 28.7445 8 -16.1293 27.4387
4 308 8.1 -16.1909 28.7445 8 -16.1293 27.4387 8.5 -16.0441 25.6308 8.95 -16.0392 25.5303
4 308 8.65 -16.025 25.229 8.95 -16.0392 25.5303 8.5 -16.0441 25.6308 7.6 -16.025 25.229
4 308 7.45 -16.0014 24.7268 8.65 -16.025 25.229 7.6 -16.025 25.229 6.7 -16.0061 24.8272
4 308 6.5 -15.9848 24.3753 7.45 -16.0014 24.7268 6.7 -16.0061 24.8272 6.2 -15.999 24.6766
4 308 5.75 -15.9824 24.325 6.5 -15.9848 24.3753 6.2 -15.999 24.6766 5.75 -15.999 24.6766
4 308 5.75 -15.9824 24.325 5.75 -15.999 24.6766 5 -16.0014 24.7268 4.5 -15.9872 24.4255
4 308 4.5 -15.9872 24.4255 5 -16.0014 24.7268 4.25 -16.0061 24.8272 3.45 -15.9943 24.5761
4 308 3.45 -15.9943 24.5761 4.25 -16.0061 24.8272 3.3 -16.0109 24.9277 2.7 -16.0084 24.8775
4 308 2.5 -15.9919 24.5259 3.45 -15.9943 24.5761 2.7 -16.0084 24.8775 1.95 -16.0014 24.7268
4 308 2.5 -15.9919 24.5259 1.95 -16.0014 24.7268 1.15 -15.9872 24.4255 1.2 -15.9706 24.0739
4 308 1.2 -15.9706 24.0739 1.15 -15.9872 24.4255 -.6 -15.9516 23.6722 -.7 -15.9304 23.2202
4 308 -.7 -15.9304 23.2202 -.6 -15.9516 23.6722 -2.5 -15.9066 22.718 -2.0545 -15.9003 22.5834
4 308 2.5 -15.9398 23.4211 1 -15.9185 22.9691 1.75 -15.9138 22.8686 2.4 -15.9232 23.0695
4 308 3.2 -15.9421 23.4713 2.5 -15.9398 23.4211 2.4 -15.9232 23.0695 3.15 -15.9255 23.1197
4 308 4 -15.9398 23.4211 3.2 -15.9421 23.4713 3.15 -15.9255 23.1197 4.3 -15.9208 23.0193
4 308 5.3 -15.9327 23.2704 4 -15.9398 23.4211 4.3 -15.9208 23.0193 5.25 -15.9138 22.8686
4 308 6 -15.928 23.17 5.3 -15.9327 23.2704 5.25 -15.9138 22.8686 6 -15.9114 22.8184
4 308 6 -15.928 23.17 6 -15.9114 22.8184 6.5 -15.9138 22.8686 6.55 -15.9304 23.2202
4 308 6.55 -15.9304 23.2202 6.5 -15.9138 22.8686 7.2 -15.9232 23.0695 7.45 -15.9469 23.5717
4 308 7.45 -15.9469 23.5717 7.2 -15.9232 23.0695 7.95 -15.9374 23.3708 8.8 -15.9682 24.0237
4 308 8.8 -15.9682 24.0237 7.95 -15.9374 23.3708 9 -15.9516 23.6722 9.3 -15.9729 24.1241
4 308 9.7994 -15.9003 22.5834 9.3 -15.9729 24.1241 9 -15.9516 23.6722 9.3613 -15.9003 22.5834
4 330 15.35 -16.1056 26.9365 14.75 -16.1909 28.7445 11.5 -16.1909 28.7445 12.15 -16.0558 25.8819
4 330 16.15 -15.9872 24.4255 15.35 -16.1056 26.9365 12.15 -16.0558 25.8819 12.95 -15.9003 22.5834
4 0x2464628 15.3 -16.1909 28.7445 14.75 -16.1909 28.7445 15.35 -16.1056 26.9365 15.9 -16.0985 26.7859
4 0x2464628 16.5 -16.0109 24.9277 15.9 -16.0985 26.7859 15.35 -16.1056 26.9365 16.15 -15.9872 24.4255
4 0x2464628 16.85 -15.9469 23.5717 16.5 -16.0109 24.9277 16.15 -15.9872 24.4255 16.5576 -15.9003 22.5834
4 28 16.5 -16.1909 28.7445 15.3 -16.1909 28.7445 15.9 -16.0985 26.7859 17.5 -16.1435 27.7401
3 28 17.5 -16.1435 27.7401 15.9 -16.0985 26.7859 16.5 -16.0109 24.9277
4 28 17.5 -16.1435 27.7401 16.5 -16.0109 24.9277 16.85 -15.9469 23.5717 17.5 -15.9003 22.5834
3 28 8 -16.1293 27.4387 7.6 -16.025 25.229 8.5 -16.0441 25.6308
4 28 6.7 -16.0061 24.8272 7.6 -16.025 25.229 8 -16.1293 27.4387 7.6 -16.1909 28.7445
4 28 6.2 -15.999 24.6766 6.7 -16.0061 24.8272 7.6 -16.1909 28.7445 5.75 -15.999 24.6766
4 28 5 -16.0014 24.7268 5.75 -15.999 24.6766 7.6 -16.1909 28.7445 4.25 -16.0061 24.8272
4 28 3.3 -16.0109 24.9277 4.25 -16.0061 24.8272 7.6 -16.1909 28.7445 0 -16.1909 28.7445
3 28 0 -16.1909 28.7445 2.7 -16.0084 24.8775 3.3 -16.0109 24.9277
3 28 0 -16.1909 28.7445 1.95 -16.0014 24.7268 2.7 -16.0084 24.8775
3 28 0 -16.1909 28.7445 1.15 -15.9872 24.4255 1.95 -16.0014 24.7268
3 28 0 -16.1909 28.7445 -.6 -15.9516 23.6722 1.15 -15.9872 24.4255
4 28 -2.5 -15.9066 22.718 -.6 -15.9516 23.6722 0 -16.1909 28.7445 -16.5 -16.1909 28.7445
4 28 -2.7916 -15.9003 22.5834 -2.5 -15.9066 22.718 -16.5 -16.1909 28.7445 -17.5 -16.1435 27.7401
4 28 3.15 -15.9255 23.1197 2.4 -15.9232 23.0695 1.75 -15.9138 22.8686 4.3 -15.9208 23.0193
4 28 9 -15.9516 23.6722 7.95 -15.9374 23.3708 7.2 -15.9232 23.0695 9.3613 -15.9003 22.5834
3 330 16.5576 -15.9003 22.5834 16.15 -15.9872 24.4255 12.95 -15.9003 22.5834
3 0x2464628 16.5576 -15.9003 22.5834 16.9947 -15.9003 22.5834 16.85 -15.9469 23.5717
3 308 -2.7916 -15.9003 22.5834 -2.0545 -15.9003 22.5834 -2.5 -15.9066 22.718
3 308 .0739 -15.9003 22.5834 1.0558 -15.9003 22.5834 1 -15.9185 22.9691
3 308 1 -15.9185 22.9691 1.0558 -15.9003 22.5834 1.75 -15.9138 22.8686
3 70 9.7994 -15.9003 22.5834 12.5194 -15.9003 22.5834 12.05 -15.9967 24.6264
4 28 4.3 -15.9208 23.0193 1.75 -15.9138 22.8686 1.0558 -15.9003 22.5834 5.25 -15.9138 22.8686
3 28 7.2 -15.9232 23.0695 6.5 -15.9138 22.8686 9.3613 -15.9003 22.5834
3 28 6.5 -15.9138 22.8686 6 -15.9114 22.8184 9.3613 -15.9003 22.5834
4 28 6 -15.9114 22.8184 5.25 -15.9138 22.8686 1.0558 -15.9003 22.5834 9.3613 -15.9003 22.5834
3 28 -2.7916 -15.9003 22.5834 -17.5 -16.1435 27.7401 -17.5 -15.9003 22.5834
3 28 16.85 -15.9469 23.5717 16.9947 -15.9003 22.5834 17.5 -15.9003 22.5834
3 28 -17.4239 -5.3691 -8.3012 -17.2071 -5.162 -8.627 -16.8827 -5.0235 -8.8448
4 28 -16.8827 -5.0235 -8.8448 -16.5 -4.9749 -8.9212 -17.5 -5.6136 -7.9168 -17.4239 -5.3691 -8.3012
3 28 -17.2071 -16.177 28.4503 -17.4239 -16.1616 28.1244 -16.8827 -16.1872 28.668
4 28 -17.5 -16.1435 27.7401 -16.5 -16.1909 28.7445 -16.8827 -16.1872 28.668 -17.4239 -16.1616 28.1244
3 28 17.2071 -16.177 28.4503 16.8827 -16.1872 28.668 17.4239 -16.1616 28.1244
4 28 16.5 -16.1909 28.7445 17.5 -16.1435 27.7401 17.4239 -16.1616 28.1244 16.8827 -16.1872 28.668
