0 Sticker  1.7 x  2.7 with Botanical Garden Map
0 Name: 6435269g.dat
0 Author: Philippe Hurbain [Philo]
0 !LDRAW_ORG Unofficial_Part
0 !LICENSE Licensed under CC BY 4.0 : see CAreadme.txt

0 BFC CERTIFY CCW

0 !KEYWORDS Bricklink 41757stk01, Rebrickable 10109627, Set 41757

1 16 -25.5 -.25 15.5 0 0 -2 0 .25 0 2 0 0 1-4cyli.dat
1 16 25.5 -.25 15.5 2 0 0 0 .25 0 0 0 2 1-4cyli.dat
4 16 -25.5 -.25 17.5 25.5 -.25 17.5 25.5 0 17.5 -25.5 0 17.5
1 16 -25.5 0 15.5 0 0 -2 0 -1 0 2 0 0 1-4chrd.dat
1 16 25.5 0 15.5 2 0 0 0 -1 0 0 0 2 1-4chrd.dat
4 16 -25.5 0 17.5 25.5 0 17.5 27.5 0 15.5 -27.5 0 15.5

1 16 -25.5 -.25 -15.5 0 0 -2 0 .25 0 -2 0 0 1-4cyli.dat
1 16 25.5 -.25 -15.5 2 0 0 0 .25 0 0 0 -2 1-4cyli.dat
4 16 -25.5 -.25 -17.5 -25.5 0 -17.5 25.5 0 -17.5 25.5 -.25 -17.5
1 16 -25.5 0 -15.5 0 0 -2 0 -1 0 -2 0 0 1-4chrd.dat
1 16 25.5 0 -15.5 2 0 0 0 -1 0 0 0 -2 1-4chrd.dat
4 16 -25.5 0 -17.5 -27.5 0 -15.5 27.5 0 -15.5 25.5 0 -17.5
4 16 27.5 -.25 15.5 27.5 -.25 -15.5 27.5 0 -15.5 27.5 0 15.5
4 16 27.5 0 15.5 27.5 0 -15.5 -27.5 0 -15.5 -27.5 0 15.5
4 16 -27.5 -.25 -15.5 -27.5 -.25 15.5 -27.5 0 15.5 -27.5 0 -15.5
3 0 23.29 -.25 -16.15 10.15 -.25 -14.97 9.97 -.25 -15.02
4 0 1.6 -.25 3.6 2.07 -.25 4.03 1.36 -.25 4.32 1.41 -.25 3.79
4 0 14.79 -.25 9.67 14.17 -.25 9.86 13.58 -.25 9.23 14.21 -.25 9.24
4 0 17.17 -.25 9.94 17.67 -.25 10.03 17.54 -.25 10.34 17.39 -.25 10.22
4 0 21.76 -.25 10.67 20.99 -.25 10.72 21 -.25 10.27 21.64 -.25 10.33
4 0 17.48 -.25 8.18 16.39 -.25 7.36 16.44 -.25 6.63 18.5 -.25 7.21
4 0 16.05 -.25 9.47 14.85 -.25 8.99 14.41 -.25 8.56 16.21 -.25 7.7
4 0 17.27 -.25 9.43 17.15 -.25 8.85 17.99 -.25 8.97 17.65 -.25 9.5
4 0 22.51 -.25 1.91 21.08 -.25 1.74 20.74 -.25 .29 22.49 -.25 .25
3 0 22.28 -.25 2.12 22.46 -.25 2.09 26 -.25 5.41
3 0 14.77 -.25 -.11 14.48 -.25 -.07 12.78 -.25 -.95
3 0 17.01 -.25 -1.95 14.58 -.25 -1.95 14.41 -.25 -3.46
3 0 22.31 -.25 -1.58 22.46 -.25 -1.64 26.34 -.25 -.29
4 0 25.61 -.25 -8.84 12.78 -.25 -8.46 18.32 -.25 -9 20 -.25 -9
4 0 22.54 -.25 -10.93 22.53 -.25 -11.19 25.41 -.25 -13.46 26.18 -.25 -10.68
4 0 -2.07 -.25 -3.28 1.51 -.25 -3.24 .06 -.25 -.76 -1.49 -.25 -1.25
4 0 -10.44 -.25 -7.13 -11.27 -.25 -8.42 -10.71 -.25 -8.59 -10.38 -.25 -8.31
4 0 -18.22 -.25 -7.18 -17.79 -.25 -6.99 -17.59 -.25 -5.52 -18.08 -.25 -5.57
4 0 -19.4 -.25 .03 -19.32 -.25 -.25 -17.62 -.25 .16 -18.78 -.25 .3
4 0 -16.09 -.25 8.39 -16.52 -.25 8.48 -15.41 -.25 7.66 -15.83 -.25 8.24
4 0 -13.54 -.25 7.55 -14.75 -.25 7.53 -14.94 -.25 7.19 -13.46 -.25 7.11
3 0 -16.29 -.25 6.43 -15.87 -.25 6.4 -15.31 -.25 7.2
4 0 -13.71 -.25 6.16 -13.93 -.25 6.72 -14.56 -.25 6.7 -14.54 -.25 6.14
4 0 -14.41 -.25 3.51 -13.68 -.25 3.59 -13.47 -.25 3.83 -13.41 -.25 4.12
4 0 -15.56 -.25 5.61 -16.82 -.25 5.54 -15.64 -.25 3.64 -15.5 -.25 3.77
4 0 -18.46 -.25 2.78 -17.21 -.25 3.25 -17.27 -.25 5.03 -18.57 -.25 5.04
4 0 -9.86 -.25 .89 -9.32 -.25 .98 -9.19 -.25 1.86 -9.85 -.25 1.8
3 0 -19.41 -.25 -.73 -18.85 -.25 -1.03 -18.53 -.25 -.98
4 0 26.83 -.25 13.27 26.81 -.25 -13.18 27.5 -.25 -15.5 27.5 -.25 15.5
4 0 24.87 -.25 -14.63 27.5 -.25 -15.5 26.81 -.25 -13.18 25.76 -.25 -13.81
4 0 -24.88 -.25 -14.61 -25.78 -.25 -13.79 -26.82 -.25 -13.16 -27.5 -.25 -15.5
3 0 -27.5 -.25 -15.5 -25.5 -.25 -17.5 -24.88 -.25 -14.61
4 0 -24.88 -.25 -14.61 -25.5 -.25 -17.5 -23.57 -.25 -16.65 -24.17 -.25 -15.59
4 0 23.5 -.25 -16.64 25.5 -.25 -17.5 24.87 -.25 -14.63 24.12 -.25 -15.58
3 0 27.5 -.25 -15.5 24.87 -.25 -14.63 25.5 -.25 -17.5
4 0 25.5 -.25 -17.5 23.5 -.25 -16.64 -23.57 -.25 -16.65 -25.5 -.25 -17.5
4 0 -26.81 -.25 13.31 -27.5 -.25 15.5 -27.5 -.25 -15.5 -26.82 -.25 -13.16
4 0 -24.89 -.25 14.74 -27.5 -.25 15.5 -26.81 -.25 13.31 -25.78 -.25 13.94
4 0 24.93 -.25 14.74 25.8 -.25 13.92 26.83 -.25 13.27 27.5 -.25 15.5
4 0 24.17 -.25 15.67 24.93 -.25 14.74 27.5 -.25 15.5 25.5 -.25 17.5
3 0 23.57 -.25 16.74 24.17 -.25 15.67 25.5 -.25 17.5
4 0 -23.66 -.25 16.79 -25.5 -.25 17.5 -24.89 -.25 14.74 -24.15 -.25 15.69
3 0 -27.5 -.25 15.5 -24.89 -.25 14.74 -25.5 -.25 17.5
4 0 -25.5 -.25 17.5 -23.66 -.25 16.79 23.57 -.25 16.74 25.5 -.25 17.5
4 0 23.73 -.25 11.14 26.24 -.25 12.02 26.38 -.25 12.88 25.44 -.25 13.57
4 0 22.29 -.25 11.98 23.3 -.25 11.55 25.44 -.25 13.57 24.61 -.25 14.39
3 0 26.24 -.25 12.02 23.73 -.25 11.14 24.08 -.25 10.63
4 0 26.24 -.25 12.02 24.08 -.25 10.63 25.95 -.25 9.9 26.21 -.25 10.76
4 0 25.89 -.25 9.34 25.27 -.25 8.07 25.3 -.25 7.85 26.07 -.25 7.61
3 0 25.27 -.25 8.07 25.89 -.25 9.34 25.02 -.25 8.43
4 0 25.95 -.25 9.9 24.08 -.25 10.63 25.02 -.25 8.43 25.89 -.25 9.34
3 0 23.86 -.25 15.27 23.24 -.25 16.26 22.4 -.25 16.34
4 0 1.76 -.25 9.74 5.92 -.25 15.9 3.89 -.25 16.05 1.38 -.25 11.07
4 0 1.38 -.25 11.07 3.89 -.25 16.05 2.81 -.25 15.96 1.09 -.25 11.49
4 0 1.37 -.25 16.29 .93 -.25 11.56 1.09 -.25 11.49 2.81 -.25 15.96
4 0 20.8 -.25 12.88 20.99 -.25 12.77 23.86 -.25 15.27 22.4 -.25 16.34
4 0 18.99 -.25 12.77 22.4 -.25 16.34 5.92 -.25 15.9 14.78 -.25 13.31
3 0 23.73 -.25 11.14 25.44 -.25 13.57 23.3 -.25 11.55
4 0 11.78 -.25 11.66 12.49 -.25 11.95 14.78 -.25 13.31 5.92 -.25 15.9
3 0 1.37 -.25 16.29 -23.31 -.25 16.31 -14.22 -.25 15.68
3 0 1.37 -.25 16.29 -14.22 -.25 15.68 -13.82 -.25 15.49
4 0 -26.17 -.25 12.4 -26.22 -.25 11.84 -26.12 -.25 10.85 -23.83 -.25 10.6
4 0 -23.83 -.25 10.6 -26.12 -.25 10.85 -26.3 -.25 9.97 -24.15 -.25 10.18
4 0 -26.41 -.25 4.61 -24.2 -.25 6.81 -24.15 -.25 10.18 -26.3 -.25 9.97
4 0 -25.23 -.25 -.49 -24.2 -.25 6.81 -26.41 -.25 4.61 -26.16 -.25 2.06
4 0 -26.35 -.25 12.98 -26.17 -.25 12.4 -23.83 -.25 10.6 -25.39 -.25 13.62
4 0 -21.3 -.25 12.48 -24.55 -.25 14.4 -25.39 -.25 13.62 -23.83 -.25 10.6
3 0 -23.85 -.25 15.3 -24.55 -.25 14.4 -21.3 -.25 12.48
4 0 -23.31 -.25 16.31 -21.3 -.25 12.48 -17.2 -.25 12.52 -16.39 -.25 13.28
4 0 -14.6 -.25 15.53 -16.39 -.25 13.28 -15.04 -.25 14.11 -14.69 -.25 14.93
3 0 -16.39 -.25 13.28 -14.6 -.25 15.53 -23.31 -.25 16.31
3 0 -23.85 -.25 15.3 -21.3 -.25 12.48 -23.31 -.25 16.31
4 0 20.99 -.25 12.52 21.66 -.25 11.92 22.29 -.25 11.98 20.99 -.25 12.77
4 0 24.61 -.25 14.39 23.86 -.25 15.27 20.99 -.25 12.77 22.29 -.25 11.98
3 0 -23.31 -.25 16.31 -14.6 -.25 15.53 -14.22 -.25 15.68
4 0 20.99 -.25 12.52 20.75 -.25 11.96 21.14 -.25 11.56 21.66 -.25 11.92
4 0 20.75 -.25 11.96 20.5 -.25 10.8 20.99 -.25 10.72 21.01 -.25 11.14
3 0 21.01 -.25 11.14 21.14 -.25 11.56 20.75 -.25 11.96
4 0 -7.76 -.25 10.43 1.37 -.25 16.29 -13.82 -.25 15.49 -12.02 -.25 13.1
4 0 -13.44 -.25 14.21 -12.02 -.25 13.1 -13.82 -.25 15.49 -13.73 -.25 14.92
3 0 -12.02 -.25 13.1 -11.03 -.25 11.98 -7.76 -.25 10.43
3 0 20.03 -.25 12.98 20.8 -.25 12.88 22.4 -.25 16.34
4 0 .49 -.25 11.47 1.37 -.25 16.29 -4.96 -.25 9.93 -.21 -.25 11.12
3 0 18.99 -.25 12.77 20.03 -.25 12.98 22.4 -.25 16.34
3 0 15.72 -.25 12.59 17.49 -.25 11.77 18.19 -.25 12.33
4 0 15.16 -.25 12.98 15.72 -.25 12.59 18.19 -.25 12.33 18.99 -.25 12.77
3 0 14.78 -.25 13.31 15.16 -.25 12.98 18.99 -.25 12.77
4 0 -8.13 -.25 8.56 -10.42 -.25 11.16 -10.85 -.25 11.24 -10.79 -.25 8.83
4 0 -10.67 -.25 8.35 -9.27 -.25 8 -8.13 -.25 8.56 -10.79 -.25 8.83
3 0 -9.27 -.25 8 -8.44 -.25 7.65 -8.13 -.25 8.56
4 0 -10.42 -.25 11.16 -8.13 -.25 8.56 -7.46 -.25 8.67 -7.41 -.25 9.23
4 0 -10.42 -.25 11.16 -7.41 -.25 9.23 -6.8 -.25 8.95 -6.99 -.25 9.61
4 0 -5.97 -.25 8.6 -6.86 -.25 8.73 -7.14 -.25 8.51 -6.66 -.25 8.12
4 0 -6.22 -.25 9.83 -6.9 -.25 9.95 -6.99 -.25 9.61 -6.25 -.25 9.59
4 0 -6.16 -.25 9.3 -6.25 -.25 9.59 -6.99 -.25 9.61 -6.8 -.25 8.95
4 0 -5.97 -.25 8.6 -5.99 -.25 8.77 -6.8 -.25 8.95 -6.86 -.25 8.73
4 0 -7.85 -.25 7.73 -7.56 -.25 7.66 -7.22 -.25 7.66 -7.43 -.25 8.18
3 0 -7.85 -.25 7.73 -7.77 -.25 7.51 -7.56 -.25 7.66
4 0 -6.79 -.25 7.05 -7.22 -.25 7.66 -7.56 -.25 7.66 -7.36 -.25 7.29
3 0 -6.07 -.25 6.52 -5.95 -.25 7.11 -6.31 -.25 7.07
4 0 -5.97 -.25 8.6 -6.24 -.25 7.77 -5.69 -.25 7.7 -5.55 -.25 8.35
4 0 -6.24 -.25 6.17 -6.07 -.25 6.52 -6.31 -.25 7.07 -6.79 -.25 7.05
3 0 -5.55 -.25 8.35 -5.57 -.25 8.54 -5.97 -.25 8.6
4 0 -6.24 -.25 7.77 -6.57 -.25 7.87 -6.79 -.25 7.05 -6.31 -.25 7.07
4 0 -6.8 -.25 8.95 -5.99 -.25 8.77 -5.86 -.25 9.05 -6.16 -.25 9.3
4 0 -6.57 -.25 7.87 -6.24 -.25 7.77 -5.97 -.25 8.6 -6.66 -.25 8.12
3 0 -6.57 -.25 7.87 -7.22 -.25 7.66 -6.79 -.25 7.05
4 0 -6.22 -.25 9.83 -6.1 -.25 9.96 -7.22 -.25 10.24 -6.9 -.25 9.95
4 0 14.27 -.25 10.75 13.86 -.25 10.39 14.17 -.25 9.86 14.46 -.25 10.23
3 0 13.58 -.25 10.02 14.17 -.25 9.86 13.86 -.25 10.39
4 0 12.73 -.25 10.33 11.79 -.25 9.83 11.51 -.25 9.51 12.91 -.25 9.99
4 0 12.91 -.25 9.99 13.58 -.25 10.02 13.86 -.25 10.39 12.73 -.25 10.33
3 0 -5.93 -.25 9.93 -5.62 -.25 9.54 -5.18 -.25 9.9
4 0 -5.93 -.25 9.93 -4.96 -.25 9.93 -7.22 -.25 10.24 -6.1 -.25 9.96
3 0 13.86 -.25 10.39 14.27 -.25 10.75 13.71 -.25 11.52
4 0 13.59 -.25 11.73 13.71 -.25 11.52 14.27 -.25 10.75 14.17 -.25 11.78
4 0 14.17 -.25 11.78 14.42 -.25 12.88 13.03 -.25 11.98 13.59 -.25 11.73
4 0 14.78 -.25 13.31 12.49 -.25 11.95 13.03 -.25 11.98 14.42 -.25 12.88
3 0 -5.93 -.25 9.93 -5.18 -.25 9.9 -4.96 -.25 9.93
4 0 -4.52 -.25 8.75 -4.89 -.25 9.19 -5.37 -.25 8.76 -4.63 -.25 8.62
4 0 -4.96 -.25 8.09 -4.63 -.25 8.62 -5.37 -.25 8.76 -5.32 -.25 8.39
4 0 -7.76 -.25 10.43 -7.22 -.25 10.24 -4.96 -.25 9.93 1.37 -.25 16.29
4 0 -3.56 -.25 8.63 -4.96 -.25 9.93 -4.89 -.25 9.19 -4.18 -.25 8.82
3 0 -4.89 -.25 9.19 -4.52 -.25 8.75 -4.18 -.25 8.82
4 0 5.92 -.25 15.9 1.76 -.25 9.74 1.82 -.25 9.08 10.05 -.25 8.77
3 0 10.05 -.25 8.77 10.8 -.25 10.68 5.92 -.25 15.9
3 0 1.38 -.25 11.07 1.48 -.25 10.32 1.76 -.25 9.74
3 0 10.8 -.25 10.68 11.17 -.25 11.16 5.92 -.25 15.9
3 0 11.17 -.25 11.16 11.78 -.25 11.66 5.92 -.25 15.9
3 0 .93 -.25 11.56 1.37 -.25 16.29 .49 -.25 11.47
4 0 -.71 -.25 7.32 -1.01 -.25 8.75 -1.32 -.25 9.46 -3.56 -.25 8.63
3 0 -1.19 -.25 10.21 -.21 -.25 11.12 -4.96 -.25 9.93
4 0 -3.56 -.25 8.63 -1.36 -.25 9.82 -1.19 -.25 10.21 -4.96 -.25 9.93
3 0 -1.32 -.25 9.46 -1.36 -.25 9.82 -3.56 -.25 8.63
4 0 -.6 -.25 7.2 -.23 -.25 7.51 -.43 -.25 7.97 -.71 -.25 7.32
3 0 -.43 -.25 7.97 -1.01 -.25 8.75 -.71 -.25 7.32
4 0 -.23 -.25 7.51 -.6 -.25 7.2 -.56 -.25 6.84 -.1 -.25 6.86
4 0 -24.92 -.25 -10.23 -25.23 -.25 -.49 -26.16 -.25 2.06 -26.41 -.25 -12.83
4 0 -24.81 -.25 -10.8 -26.41 -.25 -12.83 -25.44 -.25 -13.45 -24.48 -.25 -11.03
3 0 -24.92 -.25 -10.23 -26.41 -.25 -12.83 -24.81 -.25 -10.8
4 0 -21.66 -.25 -15.92 -23.88 -.25 -15.12 -23.29 -.25 -16.11 -22.83 -.25 -16.16
4 0 -21.66 -.25 -15.92 -20.88 -.25 -15.86 -18.37 -.25 -14.63 -22.28 -.25 -12.04
4 0 -25.44 -.25 -13.45 -24.59 -.25 -14.22 -22.28 -.25 -12.04 -24.48 -.25 -11.03
4 0 -21.66 -.25 -15.92 -22.28 -.25 -12.04 -24.59 -.25 -14.22 -23.88 -.25 -15.12
3 0 -10.73 -.25 -14.71 -12.3 -.25 -14.52 -8.41 -.25 -16.03
4 0 -20.88 -.25 -15.86 -8.41 -.25 -16.03 -12.3 -.25 -14.52 -17.84 -.25 -14.83
3 0 -17.84 -.25 -14.83 -18.37 -.25 -14.63 -20.88 -.25 -15.86
3 0 -5.67 -.25 -14.5 -6.08 -.25 -15.97 -4.68 -.25 -14.19
4 0 -2.39 -.25 -15.85 -1.73 -.25 -16.07 -.94 -.25 -16.14 -2.03 -.25 -14.21
4 0 -7.22 -.25 -15.83 -6.08 -.25 -15.97 -5.67 -.25 -14.5 -6.73 -.25 -14.42
4 0 1.93 -.25 -15.01 -2.03 -.25 -14.21 -.94 -.25 -16.14 1.03 -.25 -15.91
4 0 -3.35 -.25 -14.08 -2.81 -.25 -15.81 -2.39 -.25 -15.85 -2.03 -.25 -14.21
4 0 9.97 -.25 -15.02 1.93 -.25 -15.01 1.39 -.25 -15.93 1.95 -.25 -16.14
3 0 1.95 -.25 -16.14 23.29 -.25 -16.15 9.97 -.25 -15.02
3 0 1.03 -.25 -15.91 1.39 -.25 -15.93 1.93 -.25 -15.01
4 0 10.15 -.25 -14.97 23.29 -.25 -16.15 23.85 -.25 -15.14 10.23 -.25 -14.62
3 0 -9.43 -.25 -14.72 -10.73 -.25 -14.71 -8.41 -.25 -16.03
4 0 -7.22 -.25 -15.83 -6.73 -.25 -14.42 -9.43 -.25 -14.72 -8.41 -.25 -16.03
4 0 -6.08 -.25 -15.97 -2.81 -.25 -15.81 -3.35 -.25 -14.08 -4.68 -.25 -14.19
4 0 -11.89 -.25 12.4 -12.02 -.25 11.54 -11.35 -.25 11.49 -11.51 -.25 11.89
4 0 -12.97 -.25 11.18 -12.4 -.25 11.48 -11.89 -.25 12.4 -12.68 -.25 13.11
4 0 -13.54 -.25 13.35 -14 -.25 12.97 -12.68 -.25 13.11 -13.21 -.25 13.35
3 0 -13.54 -.25 13.35 -13.91 -.25 13.27 -14 -.25 12.97
4 0 -12.68 -.25 13.11 -14 -.25 12.97 -14 -.25 10.64 -12.97 -.25 11.18
4 0 -13.94 -.25 10.48 -13.57 -.25 10.51 -12.97 -.25 11.18 -14 -.25 10.64
3 0 -12.4 -.25 11.48 -12.02 -.25 11.54 -11.89 -.25 12.4
4 0 -12.59 -.25 7.95 -11.25 -.25 8.33 -11.24 -.25 10.68 -12.93 -.25 10.62
4 0 -11.31 -.25 10.89 -11.56 -.25 11.06 -11.84 -.25 11.15 -11.24 -.25 10.68
4 0 -12.66 -.25 10.91 -11.24 -.25 10.68 -11.84 -.25 11.15 -12.26 -.25 11.11
3 0 -12.66 -.25 10.91 -12.93 -.25 10.62 -11.24 -.25 10.68
3 0 -12.93 -.25 10.62 -12.95 -.25 7.91 -12.59 -.25 7.95
4 0 -10.16 -.25 7.8 -10.46 -.25 7.9 -10.97 -.25 7.9 -10.48 -.25 7.66
4 0 -11.76 -.25 7.53 -11.27 -.25 7.52 -10.97 -.25 7.9 -11.75 -.25 7.79
3 0 -10.48 -.25 7.66 -10.97 -.25 7.9 -11.27 -.25 7.52
3 0 -11.75 -.25 7.79 -12.03 -.25 7.66 -11.76 -.25 7.53
4 0 -7.65 -.25 6.04 -7.23 -.25 5.61 -6.66 -.25 5.74 -6.61 -.25 6.2
3 0 -6.61 -.25 6.2 -6.75 -.25 6.59 -7.65 -.25 6.04
4 0 -7.5 -.25 6.93 -7.65 -.25 6.04 -6.75 -.25 6.59 -7.01 -.25 6.83
4 0 -8.87 -.25 6.78 -8.03 -.25 6.8 -8.17 -.25 7.29 -8.7 -.25 7.06
3 0 -7.5 -.25 6.93 -8.03 -.25 6.8 -7.65 -.25 6.04
3 0 -7.28 -.25 5.06 -6.66 -.25 5.74 -7.23 -.25 5.61
4 0 -8.87 -.25 6.78 -8.47 -.25 5.33 -7.88 -.25 5.23 -7.65 -.25 6.04
3 0 -8.03 -.25 6.8 -8.87 -.25 6.78 -7.65 -.25 6.04
3 0 -8.87 -.25 6.78 -8.88 -.25 4.35 -8.47 -.25 5.33
4 0 -8.47 -.25 5.33 -8.88 -.25 4.35 -8.84 -.25 4.08 -8.51 -.25 4.65
4 0 -7.88 -.25 3.86 -8.35 -.25 4.64 -8.51 -.25 4.65 -8.84 -.25 4.08
3 0 -7.88 -.25 3.86 -7.67 -.25 4.73 -8.35 -.25 4.64
3 0 -5.03 -.25 7.86 -5.26 -.25 7.77 -4.67 -.25 7.22
3 0 -4.67 -.25 7.22 -3.98 -.25 7.15 -3.67 -.25 7.86
4 0 -3.67 -.25 7.86 -4.96 -.25 8.09 -5.03 -.25 7.86 -4.67 -.25 7.22
3 0 -4.63 -.25 8.62 -4.96 -.25 8.09 -3.67 -.25 7.86
4 0 -3.28 -.25 7.6 -1.16 -.25 7.02 -4.63 -.25 8.62 -3.67 -.25 7.86
4 0 -.08 -.25 5.55 -.1 -.25 6.86 -.56 -.25 6.84 -.6 -.25 5.97
4 0 -1.65 -.25 5.98 -.6 -.25 5.97 -.56 -.25 6.84 -1.16 -.25 7.02
3 0 -1.16 -.25 7.02 -3.28 -.25 7.6 -3.21 -.25 7.4
4 0 -3.5 -.25 7.05 -2.94 -.25 6.51 -1.16 -.25 7.02 -3.21 -.25 7.4
4 0 -3.76 -.25 5.42 -1.65 -.25 5.98 -1.16 -.25 7.02 -2.94 -.25 6.51
4 0 -3.59 -.25 6.28 -3.76 -.25 5.42 -2.94 -.25 6.51 -3.25 -.25 6.46
3 0 -3.59 -.25 6.28 -3.9 -.25 6.75 -4.07 -.25 6.31
4 0 -3.76 -.25 5.42 -3.59 -.25 6.28 -4.07 -.25 6.31 -4.27 -.25 6.08
3 0 -4.02 -.25 5.38 -4.42 -.25 5.22 -4.49 -.25 3.6
3 0 -4.42 -.25 5.22 -4.49 -.25 5.75 -4.99 -.25 5.54
4 0 .69 -.25 6.13 .2 -.25 5.89 .31 -.25 5.16 .66 -.25 5.72
4 0 .51 -.25 4.58 1.09 -.25 4.53 .66 -.25 5.72 .31 -.25 5.16
4 0 -.31 -.25 4.97 -.1 -.25 4.8 .31 -.25 5.16 .04 -.25 5.26
3 0 .51 -.25 4.58 .31 -.25 5.16 -.1 -.25 4.8
4 0 3.07 -.25 3.64 3.67 -.25 4.5 3.02 -.25 4.68 2.7 -.25 4.06
4 0 3.06 -.25 2.45 3.07 -.25 3.64 2.7 -.25 4.06 2.63 -.25 2.52
4 0 2.94 -.25 1.73 3.06 -.25 2.45 2.63 -.25 2.52 2.5 -.25 1.92
3 0 3.77 -.25 5.93 3.57 -.25 5.46 3.94 -.25 4.88
3 0 3.67 -.25 4.78 3.02 -.25 4.68 3.67 -.25 4.5
4 0 3.84 -.25 6.4 5.72 -.25 3.99 11.17 -.25 2.78 14.03 -.25 6.49
4 0 12.78 -.25 2.78 16.54 -.25 5.35 15.78 -.25 6.44 14.68 -.25 6.39
3 0 17.16 -.25 4.81 16.54 -.25 5.35 12.78 -.25 2.78
4 0 14.68 -.25 6.39 14.03 -.25 6.49 11.17 -.25 2.78 12.78 -.25 2.78
3 0 17.73 -.25 4.46 17.16 -.25 4.81 12.78 -.25 2.78
3 0 18.38 -.25 4.26 17.73 -.25 4.46 12.78 -.25 2.78
4 0 18.72 -.25 4.36 20.23 -.25 6.61 19.1 -.25 6.85 18.8 -.25 5.77
4 0 26 -.25 5.41 20.94 -.25 6.67 20.23 -.25 6.61 18.72 -.25 4.36
3 0 21.76 -.25 7.04 20.94 -.25 6.67 26 -.25 5.41
4 0 26.07 -.25 7.61 22.37 -.25 7.55 21.76 -.25 7.04 26 -.25 5.41
4 0 11.17 -.25 1.17 11.17 -.25 2.78 5.72 -.25 3.99 5.85 -.25 3.83
4 0 3.84 -.25 6.4 3.77 -.25 5.93 3.94 -.25 4.88 5.72 -.25 3.99
3 0 26 -.25 5.41 18.72 -.25 4.36 18.38 -.25 4.26
4 0 -4.57 -.25 6.78 -5.05 -.25 6.93 -5.29 -.25 6.16 -4.79 -.25 6.08
3 0 -4.57 -.25 6.78 -4.58 -.25 7.04 -5.05 -.25 6.93
3 0 -5.05 -.25 6.93 -5.51 -.25 6.89 -5.29 -.25 6.16
4 0 -6.91 -.25 3.47 -6.21 -.25 3.34 -6.09 -.25 4.92 -6.81 -.25 4.23
3 0 -6.81 -.25 4.23 -7.09 -.25 3.69 -6.91 -.25 3.47
3 0 -6.21 -.25 3.34 -6.1 -.25 3.18 -4.49 -.25 3.6
4 0 -6.02 -.25 2.55 -5.43 -.25 2.33 -4.49 -.25 3.6 -6.1 -.25 3.18
4 0 -6.21 -.25 3.34 -4.49 -.25 3.6 -5.37 -.25 5.47 -6.09 -.25 4.92
4 0 -5.51 -.25 6.89 -6.09 -.25 4.92 -5.37 -.25 5.47 -5.29 -.25 6.16
4 0 -4.99 -.25 5.54 -5.37 -.25 5.47 -4.49 -.25 3.6 -4.42 -.25 5.22
4 0 -5.25 -.25 .36 -4.42 -.25 1.98 -5.43 -.25 2.33 -5.42 -.25 1.53
3 0 -4.49 -.25 3.6 -5.43 -.25 2.33 -4.42 -.25 1.98
3 0 -5.42 -.25 1.53 -5.55 -.25 1.1 -5.25 -.25 .36
4 0 3.02 -.25 4.68 3.67 -.25 4.78 3.94 -.25 4.88 3.57 -.25 5.46
4 0 4.23 -.25 2.16 5.43 -.25 3.46 5.08 -.25 3.79 4.13 -.25 2.41
4 0 4.13 -.25 2.41 5.08 -.25 3.79 3.67 -.25 4.5 3.36 -.25 3.09
3 0 3.36 -.25 3.09 3.67 -.25 4.5 3.07 -.25 3.64
4 0 2.94 -.25 1.73 2.5 -.25 1.92 2.34 -.25 1.76 2.57 -.25 1.32
4 0 2.03 -.25 1.21 2.08 -.25 1.73 1.66 -.25 1.58 1.8 -.25 1.33
3 0 1.6 -.25 1.91 1.66 -.25 1.58 2.08 -.25 1.73
3 0 .51 -.25 4.58 .93 -.25 4.02 1.09 -.25 4.53
4 0 1.09 -.25 4.53 .93 -.25 4.02 1.41 -.25 3.79 1.36 -.25 4.32
3 0 -.6 -.25 5.97 -.47 -.25 5.25 -.08 -.25 5.55
4 0 -.08 -.25 5.55 -.47 -.25 5.25 -.31 -.25 4.97 .04 -.25 5.26
4 0 -4.02 -.25 5.38 -4.49 -.25 3.6 -1.7 -.25 4.39 -3.76 -.25 5.42
3 0 -1.7 -.25 4.39 -1.65 -.25 5.98 -3.76 -.25 5.42
3 0 -6.44 -.25 .4 -5.26 -.25 -.04 -5.97 -.25 .63
4 0 -5.26 -.25 -.04 -5.25 -.25 .36 -5.55 -.25 1.1 -5.97 -.25 .63
4 0 2.57 -.25 1.32 2.34 -.25 1.76 2.08 -.25 1.73 2.03 -.25 1.21
4 0 1.6 -.25 1.91 2.08 -.25 1.73 2.07 -.25 4.03 1.6 -.25 3.6
4 0 1.95 -.25 8.06 1.7 -.25 8.71 1.16 -.25 8.46 1.54 -.25 8.09
4 0 1.21 -.25 7.84 .94 -.25 8.27 .43 -.25 7.36 1.1 -.25 7.55
4 0 1.1 -.25 7.55 .43 -.25 7.36 .39 -.25 6.64 .98 -.25 6.76
4 0 .2 -.25 5.89 .69 -.25 6.13 .98 -.25 6.76 .39 -.25 6.64
3 0 1.82 -.25 9.08 1.7 -.25 8.71 1.95 -.25 8.06
4 0 10.05 -.25 8.77 1.82 -.25 9.08 1.95 -.25 8.06 2.7 -.25 7.7
4 0 3.7 -.25 6.79 9.57 -.25 7.92 10.05 -.25 8.77 2.7 -.25 7.7
4 0 3.7 -.25 6.79 3.84 -.25 6.4 9.93 -.25 7.78 9.57 -.25 7.92
4 0 13.42 -.25 6.75 10.73 -.25 7.65 9.93 -.25 7.78 3.84 -.25 6.4
4 0 1.16 -.25 8.46 .94 -.25 8.27 1.21 -.25 7.84 1.54 -.25 8.09
3 0 3.84 -.25 6.4 14.03 -.25 6.49 13.42 -.25 6.75
4 0 10.73 -.25 7.65 13.42 -.25 6.75 12.75 -.25 7.38 11.95 -.25 7.64
4 0 14.21 -.25 9.24 13.58 -.25 9.23 12.96 -.25 8.29 13.31 -.25 8
3 0 11.95 -.25 7.64 12.75 -.25 7.38 12.26 -.25 7.7
4 0 13.31 -.25 8 12.96 -.25 8.29 12.58 -.25 8.1 12.78 -.25 7.66
4 0 12.75 -.25 7.38 12.78 -.25 7.66 12.58 -.25 8.1 12.26 -.25 7.7
3 0 14.79 -.25 9.67 14.46 -.25 10.23 14.17 -.25 9.86
4 0 14.84 -.25 10.92 16.78 -.25 11.48 15 -.25 12.27 14.77 -.25 11.88
4 0 15.39 -.25 10 16.78 -.25 11.48 14.84 -.25 10.92 15.05 -.25 10.41
4 0 16.78 -.25 11.48 15.39 -.25 10 16.65 -.25 9.52 17.15 -.25 11.06
4 0 17.39 -.25 10.22 17.15 -.25 11.06 16.65 -.25 9.52 17.17 -.25 9.94
4 0 18.55 -.25 9.25 19.02 -.25 9.49 19.68 -.25 10.28 18.11 -.25 9.82
4 0 18.47 -.25 11.8 17.68 -.25 11.04 18.11 -.25 9.82 19.68 -.25 10.28
4 0 20.19 -.25 12.34 19.84 -.25 12.36 19.41 -.25 12.27 20.02 -.25 11.23
4 0 19.68 -.25 10.28 20.02 -.25 11.23 19.41 -.25 12.27 18.47 -.25 11.8
4 0 17.54 -.25 10.34 18.11 -.25 9.82 17.68 -.25 11.04 17.58 -.25 10.79
3 0 17.67 -.25 10.03 18.11 -.25 9.82 17.54 -.25 10.34
4 0 20.69 -.25 9.81 21 -.25 10.27 20.5 -.25 10.8 20.22 -.25 10.02
3 0 20.69 -.25 9.81 21.09 -.25 10.06 21 -.25 10.27
3 0 21.76 -.25 9.43 22.37 -.25 7.55 22.92 -.25 7.65
3 0 26.07 -.25 7.61 25.3 -.25 7.85 23.87 -.25 7.62
4 0 22.37 -.25 7.55 21.76 -.25 9.43 21.38 -.25 9.88 21.21 -.25 9.38
3 0 22.37 -.25 7.55 26.07 -.25 7.61 23.87 -.25 7.62
4 0 20.69 -.25 9.81 21.21 -.25 9.38 21.38 -.25 9.88 21.09 -.25 10.06
3 0 22.37 -.25 7.55 23.87 -.25 7.62 22.92 -.25 7.65
4 0 22.48 -.25 10.41 21.76 -.25 10.67 21.64 -.25 10.33 22.03 -.25 10.23
3 0 20.99 -.25 10.72 20.5 -.25 10.8 21 -.25 10.27
4 0 23.57 -.25 9.24 23.49 -.25 9.47 23.02 -.25 10.02 22.6 -.25 9.93
4 0 22.03 -.25 10.23 22.6 -.25 9.93 23.02 -.25 10.02 22.48 -.25 10.41
3 0 20.55 -.25 9.2 20.05 -.25 9.41 19.61 -.25 9.38
3 0 20.07 -.25 7.16 20.55 -.25 9.2 19.66 -.25 7.19
3 0 19.61 -.25 9.38 18.58 -.25 9.05 19.24 -.25 7.37
3 0 18.13 -.25 8.36 17.88 -.25 8.19 18.35 -.25 8.11
4 0 19.66 -.25 7.19 20.55 -.25 9.2 19.61 -.25 9.38 19.24 -.25 7.37
4 0 18.13 -.25 8.36 18.35 -.25 8.11 19.24 -.25 7.37 18.58 -.25 9.05
4 0 21.61 -.25 7.66 20.83 -.25 8.96 20.86 -.25 7.26 21.32 -.25 7.43
4 0 20.55 -.25 9.2 20.07 -.25 7.16 20.86 -.25 7.26 20.83 -.25 8.96
4 0 17.02 -.25 5.71 18.28 -.25 5.87 18.58 -.25 6.87 16.71 -.25 6.09
4 0 16.44 -.25 6.63 16.71 -.25 6.09 18.58 -.25 6.87 18.5 -.25 7.21
3 0 18.5 -.25 7.21 17.88 -.25 8.19 17.48 -.25 8.18
4 0 16.9 -.25 8.34 16.62 -.25 7.95 16.39 -.25 7.36 17.48 -.25 8.18
3 0 16.39 -.25 7.36 16.34 -.25 7.04 16.44 -.25 6.63
4 0 18.13 -.25 4.95 18.28 -.25 5.87 17.02 -.25 5.71 17.58 -.25 5.24
4 0 14.63 -.25 6.95 14.41 -.25 8.56 13.61 -.25 7.37 14.04 -.25 7.11
4 0 16.21 -.25 7.7 14.41 -.25 8.56 14.63 -.25 6.95 15.25 -.25 6.93
4 0 15.77 -.25 7.08 15.99 -.25 7.26 16.21 -.25 7.7 15.25 -.25 6.93
4 0 16.46 -.25 9.48 16.05 -.25 9.47 16.21 -.25 7.7 16.8 -.25 8.52
3 0 17.09 -.25 9.14 17.15 -.25 8.85 17.27 -.25 9.43
4 0 17.83 -.25 8.66 17.99 -.25 8.97 17.15 -.25 8.85 17.52 -.25 8.59
3 0 17.99 -.25 8.97 17.96 -.25 9.31 17.65 -.25 9.5
4 0 7.15 -.25 -5.32 11.17 -.25 -.95 11.17 -.25 1.17 5.85 -.25 3.83
3 0 7.15 -.25 -5.32 11.17 -.25 -2.56 11.17 -.25 -.95
4 0 11.17 -.25 1.17 11.17 -.25 -.95 12.78 -.25 -.95 12.78 -.25 1.17
4 0 14.43 -.25 .27 12.78 -.25 1.17 12.78 -.25 -.95 14.35 -.25 .04
4 0 14.59 -.25 .32 14.59 -.25 1.75 14.35 -.25 1.87 14.43 -.25 .27
4 0 12.78 -.25 2.78 12.78 -.25 1.17 14.43 -.25 .27 14.35 -.25 1.87
4 0 19.21 -.25 .34 17.68 -.25 1.79 14.59 -.25 1.75 14.59 -.25 .32
4 0 19.21 -.25 .34 19.05 -.25 1.75 17.9 -.25 1.96 17.68 -.25 1.79
4 0 26 -.25 5.41 22.51 -.25 1.91 22.49 -.25 .25 26.34 -.25 -.29
4 0 19.38 -.25 .27 20.74 -.25 .29 21.08 -.25 1.74 19.05 -.25 1.75
3 0 19.05 -.25 1.75 19.21 -.25 .34 19.38 -.25 .27
3 0 22.49 -.25 .25 22.54 -.25 .05 26.34 -.25 -.29
3 0 19.38 -.25 .27 20.56 -.25 .13 20.74 -.25 .29
4 0 19.05 -.25 1.75 19.03 -.25 2.08 17.83 -.25 2.14 17.9 -.25 1.96
4 0 19.03 -.25 2.08 19.2 -.25 2.15 17.65 -.25 2.17 17.83 -.25 2.14
4 0 22.28 -.25 2.12 26 -.25 5.41 17.65 -.25 2.17 19.2 -.25 2.15
3 0 14.35 -.25 1.87 14.45 -.25 2.12 12.78 -.25 2.78
3 0 22.46 -.25 2.09 22.51 -.25 1.91 26 -.25 5.41
4 0 18.38 -.25 4.26 12.78 -.25 2.78 17.65 -.25 2.17 26 -.25 5.41
3 0 12.78 -.25 2.78 14.45 -.25 2.12 17.65 -.25 2.17
4 0 19.38 -.25 .27 19.42 -.25 -.01 20.64 -.25 -.02 20.56 -.25 .13
4 0 19.42 -.25 -.01 19.23 -.25 -.05 20.85 -.25 -.06 20.64 -.25 -.02
4 0 14.77 -.25 -.11 12.78 -.25 -.95 20.85 -.25 -.06 19.23 -.25 -.05
3 0 26.34 -.25 -.29 22.54 -.25 .05 22.18 -.25 -.07
4 0 26.34 -.25 -.29 22.18 -.25 -.07 20.85 -.25 -.06 12.78 -.25 -.95
3 0 14.48 -.25 -.07 14.35 -.25 .04 12.78 -.25 -.95
4 0 12.78 -.25 -.95 12.78 -.25 -2.56 14.42 -.25 -1.89 14.36 -.25 -1.72
4 0 14.36 -.25 -3.63 14.41 -.25 -3.46 14.42 -.25 -1.89 12.78 -.25 -2.56
4 0 22.51 -.25 -3.43 18.39 -.25 -1.86 17.01 -.25 -1.95 14.41 -.25 -3.46
4 0 25.88 -.25 -7.6 26.34 -.25 -.29 22.51 -.25 -3.43 22.52 -.25 -3.75
3 0 26.34 -.25 -.29 22.49 -.25 -1.89 22.51 -.25 -3.43
3 0 22.31 -.25 -1.92 18.39 -.25 -1.86 22.51 -.25 -3.43
3 0 18.39 -.25 -1.86 17.17 -.25 -1.87 17.01 -.25 -1.95
3 0 22.49 -.25 -1.89 22.31 -.25 -1.92 22.51 -.25 -3.43
3 0 14.58 -.25 -1.95 14.42 -.25 -1.89 14.41 -.25 -3.46
4 0 18.39 -.25 -1.86 18.4 -.25 -1.63 17.15 -.25 -1.67 17.17 -.25 -1.87
4 0 18.59 -.25 -1.58 17.01 -.25 -1.56 17.15 -.25 -1.67 18.4 -.25 -1.63
3 0 12.78 -.25 -.95 14.36 -.25 -1.72 14.59 -.25 -1.56
3 0 17.01 -.25 -1.56 18.59 -.25 -1.58 12.78 -.25 -.95
4 0 12.78 -.25 -.95 18.59 -.25 -1.58 22.31 -.25 -1.58 26.34 -.25 -.29
3 0 12.78 -.25 -.95 14.59 -.25 -1.56 17.01 -.25 -1.56
3 0 22.46 -.25 -1.64 22.49 -.25 -1.89 26.34 -.25 -.29
4 0 12.78 -.25 -4.73 14.38 -.25 -5.35 14.79 -.25 -3.86 14.36 -.25 -3.63
4 0 12.78 -.25 -2.56 11.17 -.25 -2.56 12.78 -.25 -4.73 14.36 -.25 -3.63
3 0 11.17 -.25 -2.56 7.15 -.25 -5.32 11.17 -.25 -4.73
4 0 11.17 -.25 -8.46 11.17 -.25 -6.34 7.15 -.25 -5.32 10.11 -.25 -10.04
3 0 11.17 -.25 -4.73 7.15 -.25 -5.32 11.17 -.25 -6.34
3 0 14.38 -.25 -5.35 16.95 -.25 -5.26 14.79 -.25 -3.86
3 0 11.17 -.25 -2.56 11.17 -.25 -4.73 12.78 -.25 -4.73
4 0 22.52 -.25 -3.75 22.52 -.25 -5.34 22.53 -.25 -5.51 25.88 -.25 -7.6
4 0 18.44 -.25 -5.33 17.14 -.25 -5.36 17.18 -.25 -5.55 18.36 -.25 -5.49
4 0 14.79 -.25 -3.86 16.95 -.25 -5.26 17.14 -.25 -5.36 18.44 -.25 -5.33
3 0 22.03 -.25 -5.29 22.52 -.25 -5.34 22.52 -.25 -3.75
4 0 20 -.25 -5.29 20.24 -.25 -5.44 21.39 -.25 -5.51 21.49 -.25 -5.34
4 0 20 -.25 -5.29 21.49 -.25 -5.34 22.03 -.25 -5.29 22.52 -.25 -3.75
4 0 14.79 -.25 -3.86 18.44 -.25 -5.33 20 -.25 -5.29 22.52 -.25 -3.75
4 0 20.24 -.25 -5.44 20.08 -.25 -5.63 21.55 -.25 -5.63 21.39 -.25 -5.51
4 0 25.61 -.25 -8.84 25.88 -.25 -7.6 22.53 -.25 -5.51 22.52 -.25 -7.47
4 0 19.72 -.25 -7.22 22.37 -.25 -7.17 22.53 -.25 -5.51 21.55 -.25 -5.63
3 0 22.37 -.25 -7.17 22.52 -.25 -7.47 22.53 -.25 -5.51
4 0 19.72 -.25 -7.22 18.52 -.25 -7.19 18.56 -.25 -7.49 19.69 -.25 -7.39
3 0 21.55 -.25 -5.63 20.08 -.25 -5.63 19.72 -.25 -7.22
4 0 17.18 -.25 -5.55 18.52 -.25 -7.19 18.59 -.25 -5.65 18.36 -.25 -5.49
4 0 14.58 -.25 -7.15 18.52 -.25 -7.19 17.18 -.25 -5.55 16.8 -.25 -5.66
4 0 20.08 -.25 -5.63 18.59 -.25 -5.65 18.52 -.25 -7.19 19.72 -.25 -7.22
3 0 16.8 -.25 -5.66 14.93 -.25 -5.67 14.58 -.25 -7.15
4 0 12.78 -.25 -6.34 14.36 -.25 -5.55 14.38 -.25 -5.35 12.78 -.25 -4.73
3 0 14.93 -.25 -5.67 14.36 -.25 -5.55 14.58 -.25 -7.15
4 0 12.78 -.25 -6.34 14.32 -.25 -7.33 14.58 -.25 -7.15 14.36 -.25 -5.55
4 0 18.05 -.25 -7.55 19.86 -.25 -7.54 19.69 -.25 -7.39 18.56 -.25 -7.49
3 0 22.52 -.25 -7.47 22.14 -.25 -7.53 25.61 -.25 -8.84
3 0 22.14 -.25 -7.53 19.86 -.25 -7.54 25.61 -.25 -8.84
4 0 19.86 -.25 -7.54 18.05 -.25 -7.55 12.78 -.25 -8.46 25.61 -.25 -8.84
3 0 10.11 -.25 -10.04 11.17 -.25 -10.07 11.17 -.25 -8.46
3 0 11.17 -.25 -8.46 12.78 -.25 -8.46 11.17 -.25 -6.34
3 0 14.59 -.25 -7.56 12.78 -.25 -8.46 18.05 -.25 -7.55
3 0 14.4 -.25 -7.51 14.32 -.25 -7.33 12.78 -.25 -8.46
4 0 12.78 -.25 -6.34 11.17 -.25 -6.34 12.78 -.25 -8.46 14.32 -.25 -7.33
3 0 12.78 -.25 -8.46 14.59 -.25 -7.56 14.4 -.25 -7.51
4 0 10.23 -.25 -14.62 14.36 -.25 -11.19 11.17 -.25 -10.07 10.11 -.25 -10.04
4 0 14.37 -.25 -10.88 12.78 -.25 -10.07 11.17 -.25 -10.07 14.36 -.25 -11.19
4 0 12.78 -.25 -10.07 14.37 -.25 -9.36 14.37 -.25 -9.12 12.78 -.25 -8.46
4 0 20.31 -.25 -9.3 20.14 -.25 -9.39 19.47 -.25 -10.85 21.94 -.25 -10.82
4 0 14.37 -.25 -10.88 18.22 -.25 -10.82 16.79 -.25 -9.34 16.59 -.25 -9.4
4 0 16.59 -.25 -9.4 14.37 -.25 -9.36 12.78 -.25 -10.07 14.37 -.25 -10.88
4 0 16.86 -.25 -9.16 16.79 -.25 -9.34 18.22 -.25 -10.82 18.02 -.25 -9.36
4 0 21.53 -.25 -9.35 21.94 -.25 -10.82 22.54 -.25 -10.93 22.35 -.25 -9.35
3 0 22.35 -.25 -9.35 22.54 -.25 -10.93 22.52 -.25 -9.26
4 0 26.18 -.25 -10.68 25.61 -.25 -8.84 22.52 -.25 -9.26 22.54 -.25 -10.93
4 0 20.33 -.25 -9.1 20.31 -.25 -9.3 21.53 -.25 -9.35 21.49 -.25 -9.1
4 0 18.22 -.25 -10.82 19.47 -.25 -10.85 20.14 -.25 -9.39 18.02 -.25 -9.36
3 0 21.53 -.25 -9.35 20.31 -.25 -9.3 21.94 -.25 -10.82
4 0 18.32 -.25 -9 16.66 -.25 -9.01 16.86 -.25 -9.16 18.04 -.25 -9.12
3 0 16.86 -.25 -9.16 18.02 -.25 -9.36 18.04 -.25 -9.12
3 0 12.78 -.25 -8.46 14.37 -.25 -9.12 16.66 -.25 -9.01
3 0 22.36 -.25 -9.03 22.52 -.25 -9.26 25.61 -.25 -8.84
4 0 22.36 -.25 -9.03 20 -.25 -9 20.33 -.25 -9.1 21.49 -.25 -9.1
3 0 22.36 -.25 -9.03 25.61 -.25 -8.84 20 -.25 -9
3 0 12.78 -.25 -8.46 16.66 -.25 -9.01 18.32 -.25 -9
4 0 18.22 -.25 -10.82 18.21 -.25 -11.16 19.47 -.25 -11.22 19.47 -.25 -10.85
4 0 23.85 -.25 -15.14 19.64 -.25 -11.26 19.47 -.25 -11.22 18.21 -.25 -11.16
4 0 14.36 -.25 -11.19 10.23 -.25 -14.62 23.85 -.25 -15.14 18.21 -.25 -11.16
4 0 24.56 -.25 -14.23 22.38 -.25 -11.25 19.64 -.25 -11.26 23.85 -.25 -15.14
3 0 25.41 -.25 -13.46 26.37 -.25 -12.83 26.18 -.25 -10.68
4 0 25.41 -.25 -13.46 22.53 -.25 -11.19 22.38 -.25 -11.25 24.56 -.25 -14.23
3 0 -5.12 -.25 -.26 -5.26 -.25 -.04 -6.35 -.25 -.85
4 0 -6.44 -.25 .4 -7.52 -.25 .05 -6.35 -.25 -.85 -5.26 -.25 -.04
4 0 -11.56 -.25 -1.29 -10.74 -.25 -1.43 -9.74 -.25 -.34 -11.46 -.25 .03
3 0 -6.35 -.25 -.85 -7.52 -.25 .05 -6.62 -.25 -.84
4 0 -15.88 -.25 -.73 -19.32 -.25 -.25 -19.41 -.25 -.73 -16.13 -.25 -.97
4 0 -4.6 -.25 -.59 -5.12 -.25 -.26 -6.35 -.25 -.85 -5.39 -.25 -1.54
3 0 -19.32 -.25 -.25 -15.88 -.25 -.73 -14.97 -.25 -.45
4 0 -11.46 -.25 .03 -19.32 -.25 -.25 -14.97 -.25 -.45 -14.14 -.25 -.35
4 0 4.1 -.25 1.79 4.92 -.25 -.69 5.43 -.25 3.46 4.23 -.25 2.16
4 0 5.37 -.25 -5.56 6.65 -.25 -5.31 5.43 -.25 3.46 4.92 -.25 -.69
4 0 5.58 -.25 -6.49 6.78 -.25 -5.69 6.65 -.25 -5.31 5.37 -.25 -5.56
4 0 6.52 -.25 -9.14 8.44 -.25 -11.44 9.67 -.25 -10.71 9.56 -.25 -10.07
4 0 5.58 -.25 -6.49 6.52 -.25 -9.14 9.56 -.25 -10.07 6.78 -.25 -5.69
3 0 -11.46 -.25 .03 -14.14 -.25 -.35 -13.62 -.25 -.49
3 0 -13.62 -.25 -.49 -11.56 -.25 -1.29 -11.46 -.25 .03
4 0 -8.92 -.25 -1.46 -9.74 -.25 -.34 -10.74 -.25 -1.43 -9.56 -.25 -1.51
4 0 -9.74 -.25 -.34 -8.92 -.25 -1.46 -6.62 -.25 -.84 -7.52 -.25 .05
4 0 4.1 -.25 1.79 3.86 -.25 1.5 3.93 -.25 -.82 4.92 -.25 -.69
4 0 3.79 -.25 -.97 3.93 -.25 -.82 3.86 -.25 1.5 1.7 -.25 .05
4 0 3.79 -.25 -.97 1.51 -.25 -3.24 1.67 -.25 -3.9 3.62 -.25 -5.14
4 0 .06 -.25 -.76 1.51 -.25 -3.24 3.79 -.25 -.97 1.7 -.25 .05
4 0 -1.49 -.25 -1.25 -2.13 -.25 -1.27 -2.56 -.25 -3.17 -2.07 -.25 -3.28
4 0 -2.13 -.25 -1.27 -4.6 -.25 -.59 -5.39 -.25 -1.54 -2.56 -.25 -3.17
4 0 -2.85 -.25 -13.11 -.41 -.25 -12.1 -1.41 -.25 -9.83 -3.2 -.25 -10.36
4 0 -2.85 -.25 -13.11 -3.2 -.25 -10.36 -4.89 -.25 -11.6 -4.05 -.25 -13.04
4 0 -2.85 -.25 -13.11 2.11 -.25 -14 .48 -.25 -12.28 -.41 -.25 -12.1
3 0 -4.05 -.25 -13.04 -4.89 -.25 -11.6 -5.6 -.25 -11.84
3 0 -5.6 -.25 -11.84 -6.38 -.25 -11.97 -4.05 -.25 -13.04
4 0 -4.05 -.25 -13.04 -6.38 -.25 -11.97 -13.83 -.25 -11.79 -17.77 -.25 -13.84
4 0 -17.77 -.25 -13.84 -13.83 -.25 -11.79 -14.44 -.25 -11.86 -15.93 -.25 -12.44
3 0 -15.93 -.25 -12.44 -16.15 -.25 -12.45 -17.77 -.25 -13.84
4 0 -18.4 -.25 -10.71 -18.12 -.25 -13.7 -17.77 -.25 -13.84 -17.58 -.25 -11.51
3 0 -16.15 -.25 -12.45 -17.58 -.25 -11.51 -17.77 -.25 -13.84
4 0 .48 -.25 -12.28 2.11 -.25 -14 9.75 -.25 -14.01 8.01 -.25 -12.63
4 0 8.32 -.25 -12.56 9.75 -.25 -14.01 9.67 -.25 -10.71 8.42 -.25 -12.22
3 0 9.67 -.25 -10.71 8.44 -.25 -11.44 8.42 -.25 -12.22
3 0 8.32 -.25 -12.56 8.01 -.25 -12.63 9.75 -.25 -14.01
4 0 -15.6 -.25 -8.95 -15.88 -.25 -9.03 -17.25 -.25 -10.18 -14.8 -.25 -10.14
3 0 -13.26 -.25 -9.93 -13.11 -.25 -9.86 -12.97 -.25 -8.06
4 0 -11.94 -.25 -10.88 -11.99 -.25 -10.48 -12.46 -.25 -9.11 -12.42 -.25 -11.22
4 0 -11.73 -.25 -11.37 -11.94 -.25 -10.88 -12.42 -.25 -11.22 -12.03 -.25 -11.38
3 0 -11.94 -.25 -10.88 -11.73 -.25 -11.37 -11.72 -.25 -10.87
3 0 -11.24 -.25 -11.11 -11.01 -.25 -10.79 -11.51 -.25 -10.69
4 0 -10.89 -.25 -10.24 -11.43 -.25 -10.41 -11.51 -.25 -10.69 -11.01 -.25 -10.79
4 0 -11.43 -.25 -10.41 -10.89 -.25 -10.24 -10.87 -.25 -8.87 -11.38 -.25 -8.95
4 0 -12.46 -.25 -9.11 -12.75 -.25 -8.23 -12.97 -.25 -8.06 -13.11 -.25 -9.86
4 0 -18.12 -.25 -13.7 -18.4 -.25 -10.71 -20.21 -.25 -9.46 -22.52 -.25 -10.87
3 0 -20.21 -.25 -9.46 -18.4 -.25 -10.71 -19.25 -.25 -9.46
4 0 -23.86 -.25 -8.42 -24.43 -.25 -9.69 -24.33 -.25 -10.04 -23.62 -.25 -8.56
4 0 -21.87 -.25 -9.15 -23.62 -.25 -8.56 -24.33 -.25 -10.04 -22.52 -.25 -10.87
4 0 -24.23 -.25 -3.44 -24.43 -.25 -9.69 -23.86 -.25 -8.42 -23.88 -.25 -6.26
3 0 -20.21 -.25 -9.46 -21.87 -.25 -9.15 -22.52 -.25 -10.87
3 0 -10.21 -.25 -9.05 -9.97 -.25 -9.47 -9.73 -.25 -9.03
4 0 -9.73 -.25 -9.03 -9.97 -.25 -9.47 -9.5 -.25 -9.72 -9.41 -.25 -9.28
4 0 -9.26 -.25 -9.15 -9.41 -.25 -9.28 -9.5 -.25 -9.72 -9.18 -.25 -9.72
4 0 -8.77 -.25 -8 -9.26 -.25 -9.15 -9.18 -.25 -9.72 -8.85 -.25 -9.6
4 0 -7.68 -.25 -7.55 -8.05 -.25 -8.16 -7.78 -.25 -8.57 -7.38 -.25 -8.33
3 0 -7.78 -.25 -8.57 -7.48 -.25 -8.86 -7.38 -.25 -8.33
4 0 -7.38 -.25 -8.33 -7.48 -.25 -8.86 -7.27 -.25 -8.96 -7.12 -.25 -8.47
4 0 -6.61 -.25 -10.3 -7.02 -.25 -10.3 -7 -.25 -10.94 -6.59 -.25 -10.72
4 0 -6.77 -.25 -11.4 -6.45 -.25 -11.05 -6.59 -.25 -10.72 -7 -.25 -10.94
4 0 -6.77 -.25 -11.4 -6.54 -.25 -11.53 -6.29 -.25 -11.55 -6.45 -.25 -11.05
4 0 -6.08 -.25 -10.6 -6.24 -.25 -10.99 -5.87 -.25 -11.32 -5.7 -.25 -11
4 0 -5.99 -.25 -8.57 -6.08 -.25 -10.6 -5.7 -.25 -11 -5.56 -.25 -8.86
4 0 -10.38 -.25 -8.31 -10.21 -.25 -9.05 -9.73 -.25 -9.03 -9.85 -.25 -8.38
4 0 -1.41 -.25 -9.83 -1.92 -.25 -9.18 -3.27 -.25 -10.05 -3.2 -.25 -10.36
3 0 -3.76 -.25 -9.22 -3.27 -.25 -10.05 -1.92 -.25 -9.18
4 0 -1.92 -.25 -9.18 -2.47 -.25 -7.86 -4.13 -.25 -9.03 -3.76 -.25 -9.22
4 0 -5.99 -.25 -8.57 -5.56 -.25 -8.86 -5.19 -.25 -8.17 -5.86 -.25 -8.44
4 0 -4.46 -.25 -6.91 -4.51 -.25 -7.22 -4.13 -.25 -9.03 -2.47 -.25 -7.86
4 0 -4.51 -.25 -7.22 -5.19 -.25 -8.17 -5.56 -.25 -8.86 -4.13 -.25 -9.03
4 0 -18.4 -.25 -10.71 -17.91 -.25 -10.35 -17.7 -.25 -9.01 -19.25 -.25 -9.46
4 0 -17.91 -.25 -10.35 -17.25 -.25 -10.18 -15.88 -.25 -9.03 -17.7 -.25 -9.01
4 0 -14.8 -.25 -10.14 -13.26 -.25 -9.93 -12.97 -.25 -8.06 -15.6 -.25 -8.95
4 0 -7.02 -.25 -10.3 -6.61 -.25 -10.3 -6.42 -.25 -8.81 -6.89 -.25 -8.99
4 0 -6.66 -.25 -8.42 -6.89 -.25 -8.99 -6.42 -.25 -8.81 -6.45 -.25 -8.58
4 0 -7.27 -.25 -8.96 -6.89 -.25 -8.99 -6.66 -.25 -8.42 -7.12 -.25 -8.47
4 0 -8.94 -.25 -5.86 -8.7 -.25 -6.69 -8.16 -.25 -7.07 -8.28 -.25 -6.37
3 0 -9.29 -.25 -6.93 -9.26 -.25 -9.15 -8.77 -.25 -8
4 0 -9.29 -.25 -6.93 -8.77 -.25 -8 -8.16 -.25 -7.07 -8.7 -.25 -6.69
4 0 -7.68 -.25 -7.55 -8.16 -.25 -7.07 -8.77 -.25 -8 -8.05 -.25 -8.16
4 0 -13.32 -.25 -6.43 -14.76 -.25 -6.93 -14.79 -.25 -7.17 -13.38 -.25 -6.78
4 0 -13.38 -.25 -6.78 -14.79 -.25 -7.17 -15.6 -.25 -8.95 -12.97 -.25 -8.06
4 0 -12.75 -.25 -8.23 -12.46 -.25 -9.11 -11.99 -.25 -10.48 -11.93 -.25 -8.62
4 0 -10.71 -.25 -8.59 -11.27 -.25 -8.42 -11.38 -.25 -8.95 -10.87 -.25 -8.87
4 0 -10.44 -.25 -7.13 -9.84 -.25 -7.18 -9.73 -.25 -6.22 -10.19 -.25 -6.22
4 0 -9.85 -.25 -8.38 -9.84 -.25 -7.18 -10.44 -.25 -7.13 -10.38 -.25 -8.31
4 0 -5.87 -.25 -11.32 -6.24 -.25 -10.99 -6.45 -.25 -11.05 -6.29 -.25 -11.55
4 0 -11.73 -.25 -11.37 -11.24 -.25 -11.11 -11.51 -.25 -10.69 -11.72 -.25 -10.87
4 0 -22.81 -.25 -5.19 -23.27 -.25 -5.74 -23.26 -.25 -7.84 -22.82 -.25 -7.29
4 0 -22.94 -.25 -7.99 -22.76 -.25 -7.49 -22.82 -.25 -7.29 -23.26 -.25 -7.84
3 0 -22.94 -.25 -7.99 -22.47 -.25 -7.94 -22.76 -.25 -7.49
4 0 -22.05 -.25 -7.66 -22.42 -.25 -7.37 -22.76 -.25 -7.49 -22.47 -.25 -7.94
4 0 -22.29 -.25 -7.08 -22.42 -.25 -7.37 -22.05 -.25 -7.66 -21.92 -.25 -7.46
4 0 -22.26 -.25 -5.88 -22.29 -.25 -7.08 -21.92 -.25 -7.46 -21.81 -.25 -6.98
3 0 -24.23 -.25 -3.44 -24.7 -.25 -.66 -24.43 -.25 -9.69
4 0 -23.88 -.25 -6.26 -23.81 -.25 -5.39 -23.8 -.25 -4.69 -24.23 -.25 -3.44
4 0 -23.39 -.25 -5.47 -23.55 -.25 -4.9 -23.8 -.25 -4.69 -23.81 -.25 -5.39
4 0 -21.81 -.25 -6.98 -21.79 -.25 -5.52 -22.13 -.25 -5.05 -22.26 -.25 -5.88
3 0 -22.13 -.25 -5.05 -21.79 -.25 -5.52 -21.66 -.25 -5.13
4 0 -20.91 -.25 -4.14 -21.22 -.25 -3.6 -22.13 -.25 -5.05 -21.44 -.25 -4.85
4 0 -20.91 -.25 -4.14 -20.64 -.25 -3.25 -21.09 -.25 -3.23 -21.22 -.25 -3.6
4 0 -21.09 -.25 -3.23 -20.64 -.25 -3.25 -20.61 -.25 -2.59 -21.06 -.25 -2.82
4 0 -23.55 -.25 -4.9 -23.39 -.25 -5.47 -23.27 -.25 -5.74 -22.81 -.25 -5.19
4 0 -20.91 -.25 -4.14 -21.44 -.25 -4.85 -21.29 -.25 -5.67 -20.86 -.25 -5.55
4 0 -20.57 -.25 -5.86 -20.86 -.25 -5.55 -21.29 -.25 -5.67 -21.01 -.25 -6.13
4 0 -20.44 -.25 -6.37 -20.57 -.25 -5.86 -21.01 -.25 -6.13 -20.83 -.25 -6.26
4 0 -19.93 -.25 -4.3 -20.34 -.25 -5.94 -19.99 -.25 -6.23 -19.9 -.25 -5.92
4 0 -18.08 -.25 -5.57 -18.45 -.25 -5.07 -18.73 -.25 -5.43 -18.47 -.25 -5.57
3 0 -17.79 -.25 -6.99 -18.22 -.25 -7.18 -17.76 -.25 -7.36
3 0 -18.14 -.25 -7.68 -17.87 -.25 -8.05 -17.63 -.25 -7.67
4 0 -17.41 -.25 -7.62 -17.63 -.25 -7.67 -17.87 -.25 -8.05 -17.38 -.25 -8.15
4 0 -16.98 -.25 -7.85 -17.41 -.25 -7.62 -17.38 -.25 -8.15 -17.22 -.25 -8.12
4 0 -19 -.25 -5.11 -18.73 -.25 -5.43 -18.45 -.25 -5.07 -18.58 -.25 -4.92
4 0 -19.13 -.25 -3.86 -19.32 -.25 -3.75 -19.76 -.25 -3.9 -19.29 -.25 -4.39
3 0 -16.22 -.25 -5.39 -15.4 -.25 -6.64 -13.04 -.25 -5.83
4 0 -13.04 -.25 -5.83 -15.4 -.25 -6.64 -15.23 -.25 -6.78 -14.76 -.25 -6.93
3 0 -13.04 -.25 -5.83 -14.76 -.25 -6.93 -13.32 -.25 -6.43
4 0 -12.85 -.25 -4.86 -15.69 -.25 -3.83 -16.22 -.25 -5.39 -13.04 -.25 -5.83
3 0 -16.4 -.25 -4.79 -16.22 -.25 -5.39 -15.69 -.25 -3.83
4 0 -16.68 -.25 -5.45 -16.22 -.25 -5.39 -16.4 -.25 -4.79 -16.64 -.25 -4.95
4 0 -15.65 -.25 -3.54 -15.69 -.25 -3.83 -12.85 -.25 -4.86 -12.71 -.25 -4.65
4 0 -10.45 -.25 -3.79 -15.65 -.25 -3.54 -12.71 -.25 -4.65 -12.3 -.25 -4.51
4 0 -9.73 -.25 -6.22 -9.78 -.25 -5.86 -10.29 -.25 -5.87 -10.19 -.25 -6.22
4 0 -11.3 -.25 -4.94 -10.29 -.25 -5.87 -9.78 -.25 -5.86 -10.01 -.25 -5.52
3 0 -10.01 -.25 -5.52 -10.93 -.25 -4.61 -11.3 -.25 -4.94
4 0 -10.93 -.25 -4.61 -11.01 -.25 -4.36 -11.8 -.25 -4.64 -11.3 -.25 -4.94
4 0 -11.8 -.25 -4.64 -10.9 -.25 -4.15 -10.45 -.25 -3.79 -12.3 -.25 -4.51
3 0 -11.8 -.25 -4.64 -11.01 -.25 -4.36 -10.9 -.25 -4.15
3 0 -16.64 -.25 -4.95 -17.04 -.25 -5.07 -16.68 -.25 -5.45
4 0 -17.04 -.25 -5.07 -17.18 -.25 -5.22 -16.77 -.25 -5.6 -16.68 -.25 -5.45
4 0 -16.8 -.25 -7.18 -16.77 -.25 -5.6 -17.18 -.25 -5.22 -17.25 -.25 -7.19
4 0 -19.93 -.25 -4.3 -19.76 -.25 -3.9 -19.88 -.25 -3.25 -20.37 -.25 -3.5
3 0 -20.37 -.25 -3.5 -20.34 -.25 -5.94 -19.93 -.25 -4.3
4 0 -20 -.25 -1.6 -20.16 -.25 -1.98 -20.15 -.25 -2.36 -19.68 -.25 -2.09
3 0 -20.15 -.25 -2.36 -19.88 -.25 -3.25 -19.68 -.25 -2.09
4 0 -19.76 -.25 -3.9 -19.32 -.25 -3.75 -19.68 -.25 -2.09 -19.88 -.25 -3.25
3 0 -18.82 -.25 -4.23 -19.13 -.25 -3.86 -19.29 -.25 -4.39
4 0 -19 -.25 -5.11 -18.58 -.25 -4.92 -18.82 -.25 -4.23 -19.29 -.25 -4.39
4 0 -17.59 -.25 -5.52 -17.64 -.25 -5.18 -17.93 -.25 -5.04 -18.08 -.25 -5.57
3 0 -17.93 -.25 -5.04 -18.45 -.25 -5.07 -18.08 -.25 -5.57
3 0 -22.13 -.25 -5.05 -21.66 -.25 -5.13 -21.44 -.25 -4.85
4 0 -16.8 -.25 -7.18 -17.25 -.25 -7.19 -17.41 -.25 -7.62 -16.98 -.25 -7.85
4 0 -19.99 -.25 -6.23 -20.34 -.25 -5.94 -20.57 -.25 -5.86 -20.44 -.25 -6.37
4 0 -18.22 -.25 -7.18 -18.14 -.25 -7.68 -17.63 -.25 -7.67 -17.76 -.25 -7.36
4 0 -23.76 -.25 -1.65 -24.7 -.25 -.66 -24.2 -.25 -3.11 -23.87 -.25 -2.33
3 0 -24.7 -.25 -.66 -24.23 -.25 -3.44 -24.2 -.25 -3.11
4 0 -24.7 -.25 -.66 -23.35 -.25 2.32 -23.1 -.25 3.84 -23.72 -.25 6.91
3 0 -24.7 -.25 -.66 -23.76 -.25 -1.65 -23.6 -.25 -1.33
3 0 -21.67 -.25 8.56 -21.89 -.25 8.09 -21.32 -.25 7.97
4 0 -21.89 -.25 8.09 -22.08 -.25 7.21 -21.48 -.25 7.05 -21.32 -.25 7.97
4 0 -20.48 -.25 8.45 -20.86 -.25 8.98 -21.28 -.25 8.82 -21.08 -.25 8.24
4 0 -21.32 -.25 7.97 -21.08 -.25 8.24 -21.28 -.25 8.82 -21.67 -.25 8.56
4 0 -17.83 -.25 8.99 -17.81 -.25 10.75 -18.42 -.25 11.2 -18.46 -.25 9.49
4 0 -17.83 -.25 8.99 -18.46 -.25 9.49 -20.86 -.25 8.98 -20.48 -.25 8.45
3 0 -24.7 -.25 -.66 -23.6 -.25 -1.33 -23.37 -.25 -1.17
4 0 -22.08 -.25 7.21 -22.15 -.25 5.57 -21.53 -.25 5.14 -21.48 -.25 7.05
3 0 -22.73 -.25 4.26 -22.44 -.25 4.72 -22.79 -.25 5.21
4 0 -22.19 -.25 2.48 -21.77 -.25 2.8 -21.98 -.25 3.62 -22.37 -.25 3.3
4 0 -22.88 -.25 3.55 -22.37 -.25 3.3 -21.98 -.25 3.62 -22.64 -.25 4.05
4 0 -21.53 -.25 5.14 -22.15 -.25 5.57 -22.79 -.25 5.21 -22.44 -.25 4.72
4 0 -20.81 -.25 -2.18 -22.08 -.25 -.91 -22.02 -.25 -1.64 -21.72 -.25 -2.02
4 0 -20.61 -.25 -2.59 -20.81 -.25 -2.18 -21.72 -.25 -2.02 -21.19 -.25 -2.44
3 0 -21.19 -.25 -2.44 -21.06 -.25 -2.82 -20.61 -.25 -2.59
3 0 -22.51 -.25 -1.31 -22.02 -.25 -1.64 -22.08 -.25 -.91
3 0 -23.09 -.25 -1.13 -22.51 -.25 -1.31 -22.08 -.25 -.91
4 0 -23.37 -.25 -1.17 -23.09 -.25 -1.13 -22.08 -.25 -.91 -22.95 -.25 1.25
4 0 -14.14 -.25 3.1 -15.05 -.25 3.3 -15.37 -.25 3.29 -15.35 -.25 2.18
4 0 -18.56 -.25 2.24 -17.73 -.25 1.5 -15.35 -.25 2.18 -15.37 -.25 3.29
3 0 -12.21 -.25 3.21 -12.97 -.25 3.47 -12.34 -.25 3.11
4 0 -13.73 -.25 3.17 -13.55 -.25 2.6 -12.34 -.25 3.11 -12.97 -.25 3.47
4 0 -14.14 -.25 3.1 -14.06 -.25 1.81 -13.78 -.25 1.79 -13.69 -.25 2.35
4 0 -13.73 -.25 3.17 -14.14 -.25 3.1 -13.69 -.25 2.35 -13.55 -.25 2.6
3 0 -15.35 -.25 2.18 -14.06 -.25 1.81 -14.14 -.25 3.1
4 0 -17.73 -.25 1.5 -18.56 -.25 2.24 -18.99 -.25 2.19 -18.69 -.25 1.39
4 0 -22.19 -.25 2.48 -21.94 -.25 2.15 -21.2 -.25 1.89 -21.77 -.25 2.8
4 0 -18.69 -.25 1.39 -18.99 -.25 2.19 -21.77 -.25 2.8 -21.2 -.25 1.89
4 0 -19.71 -.25 .48 -19.49 -.25 .91 -19.79 -.25 1.02 -19.87 -.25 .54
4 0 -21.12 -.25 .83 -20.26 -.25 .51 -19.87 -.25 .54 -19.79 -.25 1.02
4 0 -19.4 -.25 .03 -19.09 -.25 .42 -19.49 -.25 .91 -19.71 -.25 .48
3 0 -18.78 -.25 .3 -19.09 -.25 .42 -19.4 -.25 .03
4 0 -22.88 -.25 3.55 -22.64 -.25 4.05 -22.73 -.25 4.26 -23.1 -.25 3.84
3 0 -21.01 -.25 .12 -20.26 -.25 .51 -21.12 -.25 .83
4 0 -22.08 -.25 -.91 -21.01 -.25 .12 -21.12 -.25 .83 -22.95 -.25 1.25
4 0 -23.72 -.25 6.91 -23.1 -.25 3.84 -22.73 -.25 4.26 -22.79 -.25 5.21
4 0 -23.37 -.25 -1.17 -22.95 -.25 1.25 -23.35 -.25 2.32 -24.7 -.25 -.66
4 0 -11.46 -.25 .03 -17.11 -.25 .2 -17.62 -.25 .16 -19.32 -.25 -.25
4 0 -14.18 -.25 .89 -14.79 -.25 .84 -17.11 -.25 .2 -11.46 -.25 .03
4 0 -22.49 -.25 8.26 -23.72 -.25 6.91 -22.79 -.25 5.21 -22.45 -.25 7.47
4 0 -22.49 -.25 8.26 -22.74 -.25 9.41 -23.68 -.25 10.1 -23.72 -.25 6.91
4 0 -20.13 -.25 11.07 -21 -.25 12.06 -21.26 -.25 11.94 -20.84 -.25 10.89
4 0 -23.68 -.25 10.1 -22.76 -.25 9.87 -20.84 -.25 10.89 -21.26 -.25 11.94
3 0 -18.42 -.25 11.2 -17.81 -.25 10.75 -17.52 -.25 11.99
4 0 -17.52 -.25 11.99 -21 -.25 12.06 -20.13 -.25 11.07 -18.42 -.25 11.2
3 0 -23.68 -.25 10.1 -22.74 -.25 9.41 -22.76 -.25 9.87
4 0 -20.95 -.25 5.22 -19.51 -.25 5.96 -20.9 -.25 6.22 -20.96 -.25 6.05
3 0 -20.95 -.25 5.22 -20.22 -.25 4.81 -19.51 -.25 5.96
4 0 -20.1 -.25 4.55 -19.36 -.25 5.86 -19.51 -.25 5.96 -20.22 -.25 4.81
4 0 -20.61 -.25 3.4 -20.38 -.25 2.97 -19.26 -.25 2.71 -20.46 -.25 4.09
3 0 -19.26 -.25 2.71 -19.36 -.25 5.86 -20.1 -.25 4.55
4 0 -20.61 -.25 3.4 -20.46 -.25 4.09 -20.95 -.25 3.87 -20.89 -.25 3.56
3 0 -19.26 -.25 2.71 -20.1 -.25 4.55 -20.46 -.25 4.09
3 0 -18.9 -.25 6.76 -17.9 -.25 6.95 -19.06 -.25 7.37
4 0 -17.27 -.25 8.4 -17.9 -.25 6.95 -15.41 -.25 7.66 -16.52 -.25 8.48
4 0 -19.38 -.25 7.95 -19.06 -.25 7.37 -17.9 -.25 6.95 -17.27 -.25 8.4
3 0 -15.41 -.25 7.66 -15.56 -.25 7.98 -15.83 -.25 8.24
3 0 -13.41 -.25 7.42 -13.54 -.25 7.55 -13.46 -.25 7.11
3 0 -14.75 -.25 7.53 -14.95 -.25 7.36 -14.94 -.25 7.19
3 0 -21.01 -.25 6.7 -19.35 -.25 6.32 -19.35 -.25 6.92
4 0 -21.01 -.25 6.7 -19.35 -.25 6.92 -19.44 -.25 7.23 -20.91 -.25 7.22
4 0 -20.58 -.25 7.67 -20.91 -.25 7.22 -19.44 -.25 7.23 -19.68 -.25 7.58
4 0 -20.32 -.25 7.78 -20.58 -.25 7.67 -19.68 -.25 7.58 -19.95 -.25 7.75
3 0 -18.9 -.25 6.28 -18.9 -.25 5.46 -18.23 -.25 6.01
3 0 -17.6 -.25 6.05 -17.17 -.25 5.88 -16.55 -.25 6.33
3 0 -18.9 -.25 6.28 -18.23 -.25 6.01 -17.6 -.25 6.05
3 0 -15.87 -.25 6.4 -15.33 -.25 6.11 -15.31 -.25 7.2
4 0 -15.31 -.25 7.2 -18.9 -.25 6.28 -17.6 -.25 6.05 -16.55 -.25 6.33
3 0 -16.55 -.25 6.33 -16.29 -.25 6.43 -15.31 -.25 7.2
4 0 -14.54 -.25 6.14 -14.56 -.25 6.7 -14.71 -.25 6.56 -14.69 -.25 6.27
4 0 -13.58 -.25 6.62 -13.93 -.25 6.72 -13.71 -.25 6.16 -13.58 -.25 6.31
3 0 -12.93 -.25 6.27 -13.02 -.25 5.8 -12.61 -.25 6.42
4 0 -11.82 -.25 6.02 -13.02 -.25 5.8 -12.99 -.25 4.61 -12.06 -.25 4.78
4 0 -11.82 -.25 6.02 -12.09 -.25 6.36 -12.61 -.25 6.42 -13.02 -.25 5.8
3 0 -12.06 -.25 4.78 -11.8 -.25 4.92 -11.82 -.25 6.02
3 0 -11.82 -.25 6.02 -11.9 -.25 6.21 -12.09 -.25 6.36
4 0 -14.83 -.25 4.12 -13.41 -.25 4.12 -13.43 -.25 5.73 -14.83 -.25 5.7
4 0 -14.57 -.25 3.56 -14.41 -.25 3.51 -14.83 -.25 4.12 -14.71 -.25 3.73
3 0 -13.41 -.25 4.12 -14.83 -.25 4.12 -14.41 -.25 3.51
4 0 -15.68 -.25 5.86 -15.95 -.25 6.02 -16.4 -.25 5.94 -15.56 -.25 5.61
4 0 -16.82 -.25 5.54 -15.56 -.25 5.61 -16.4 -.25 5.94 -16.65 -.25 5.76
3 0 -16.82 -.25 5.54 -16.8 -.25 3.38 -15.64 -.25 3.64
4 0 -18.17 -.25 5.57 -17.27 -.25 5.03 -17.36 -.25 5.44 -17.63 -.25 5.62
4 0 -18.57 -.25 5.04 -17.27 -.25 5.03 -18.17 -.25 5.57 -18.35 -.25 5.45
3 0 -18.46 -.25 2.78 -17.31 -.25 3.05 -17.21 -.25 3.25
4 0 -10.76 -.25 2.35 -10.64 -.25 3.05 -11.86 -.25 2.88 -11.7 -.25 2.65
4 0 -10.23 -.25 3.23 -10.64 -.25 3.05 -10.76 -.25 2.35 -9.96 -.25 2.19
4 0 -9.96 -.25 2.19 -9.11 -.25 2.22 -8.69 -.25 2.44 -9 -.25 2.67
4 0 -9.26 -.25 3.47 -9.03 -.25 2.97 -8.26 -.25 3.45 -8.49 -.25 3.54
4 0 -10.23 -.25 3.23 -9.96 -.25 2.19 -9 -.25 2.67 -9.03 -.25 2.97
4 0 -10.23 -.25 3.23 -9.26 -.25 3.47 -9.3 -.25 6.44 -10.08 -.25 5.7
4 0 -10.19 -.25 6.42 -10.08 -.25 5.7 -9.3 -.25 6.44 -9.7 -.25 6.49
3 0 -10.23 -.25 3.23 -9.03 -.25 2.97 -9.26 -.25 3.47
3 0 -6.97 -.25 1.88 -6.52 -.25 2.15 -7.29 -.25 2.65
4 0 -6.75 -.25 3.03 -7.29 -.25 2.65 -6.52 -.25 2.15 -6.55 -.25 2.88
4 0 -8.07 -.25 2.21 -6.97 -.25 1.88 -7.29 -.25 2.65 -7.77 -.25 2.56
3 0 -13.26 -.25 1.66 -13.01 -.25 1.54 -13.13 -.25 2.33
4 0 -12.2 -.25 2.56 -13.01 -.25 1.54 -10.68 -.25 .94 -11.59 -.25 2.21
4 0 -13.13 -.25 2.33 -13.37 -.25 1.99 -13.37 -.25 1.82 -13.26 -.25 1.66
4 0 -12.2 -.25 2.56 -12.71 -.25 2.57 -13.13 -.25 2.33 -13.01 -.25 1.54
3 0 -12.2 -.25 2.56 -12.49 -.25 2.61 -12.71 -.25 2.57
4 0 -6.97 -.25 1.88 -8.07 -.25 2.21 -9.19 -.25 1.86 -9.32 -.25 .98
4 0 -9.86 -.25 .89 -9.85 -.25 1.8 -10.66 -.25 1.91 -10.68 -.25 .94
3 0 -10.66 -.25 1.91 -11.59 -.25 2.21 -10.68 -.25 .94
4 0 -19.51 -.25 -1.63 -19.31 -.25 -1.35 -19.41 -.25 -.73 -20 -.25 -1.6
3 0 -19.68 -.25 -2.09 -19.51 -.25 -1.63 -20 -.25 -1.6
3 0 -16.09 -.25 -1.14 -16.13 -.25 -.97 -16.47 -.25 -1.84
3 0 -16.13 -.25 -.97 -19.41 -.25 -.73 -18.53 -.25 -.98
4 0 -16.47 -.25 -1.84 -16.13 -.25 -.97 -18.53 -.25 -.98 -17.96 -.25 -1.43
3 0 -19.41 -.25 -.73 -19.31 -.25 -1.35 -18.85 -.25 -1.03
4 0 -10.45 -.25 -3.79 -11.38 -.25 -2.75 -15.93 -.25 -1.28 -15.65 -.25 -3.54
4 0 -8.96 -.25 -3.18 -8.37 -.25 -3.43 -6.54 -.25 -2.9 -8.62 -.25 -2.76
3 0 -8.62 -.25 -2.76 -10.93 -.25 -2.82 -9.5 -.25 -3.08
4 0 -8.37 -.25 -3.43 -8.25 -.25 -3.73 -6.38 -.25 -3.03 -6.54 -.25 -2.9
3 0 -9.5 -.25 -3.08 -8.96 -.25 -3.18 -8.62 -.25 -2.76
4 0 -9.99 -.25 -3.28 -10.93 -.25 -2.82 -11.38 -.25 -2.75 -10.45 -.25 -3.79
3 0 -9.99 -.25 -3.28 -9.5 -.25 -3.08 -10.93 -.25 -2.82
3 0 -16.45 -.25 -2.98 -16.25 -.25 -3.18 -16.51 -.25 -2.78
4 0 -15.65 -.25 -3.54 -16.43 -.25 -2.05 -16.51 -.25 -2.78 -16.25 -.25 -3.18
4 0 -16.09 -.25 -1.14 -16.47 -.25 -1.84 -16.43 -.25 -2.05 -15.93 -.25 -1.28
3 0 -16.43 -.25 -2.05 -15.65 -.25 -3.54 -15.93 -.25 -1.28
3 0 -.48 -.25 -5.61 -1.5 -.25 -4.9 -2.51 -.25 -5.63
4 0 -.34 -.25 -6.98 -.48 -.25 -5.61 -2.51 -.25 -5.63 -1.67 -.25 -7.34
3 0 -2.51 -.25 -5.63 -2.9 -.25 -5.68 -1.67 -.25 -7.34
4 0 1.26 -.25 -7.17 3.62 -.25 -5.14 1.67 -.25 -3.9 1.53 -.25 -4.23
4 0 .04 -.25 -5.58 .49 -.25 -7.2 .84 -.25 -7.32 1.26 -.25 -7.17
3 0 .04 -.25 -5.58 1.26 -.25 -7.17 .51 -.25 -5.23
4 0 -2.47 -.25 -7.86 -1.67 -.25 -7.34 -2.9 -.25 -5.68 -4.46 -.25 -6.91
4 0 -5.33 -.25 -6.15 -5.28 -.25 -6.38 -4.46 -.25 -6.91 -4.1 -.25 -5.5
4 0 -.48 -.25 -5.61 -.34 -.25 -6.98 -.08 -.25 -6.99 -.26 -.25 -5.66
3 0 1.53 -.25 -4.23 .51 -.25 -5.23 1.26 -.25 -7.17
3 0 -4.46 -.25 -6.91 -2.9 -.25 -5.68 -4.1 -.25 -5.5
4 0 .49 -.25 -7.2 .04 -.25 -5.58 -.26 -.25 -5.66 -.08 -.25 -6.99
4 0 -4.1 -.25 -5.5 -4.67 -.25 -5.33 -5.25 -.25 -5.37 -5.33 -.25 -6.15
4 0 -5.45 -.25 -5.14 -6.38 -.25 -3.03 -6.38 -.25 -4.89 -5.94 -.25 -5.11
4 0 -6.38 -.25 -4.89 -6.38 -.25 -3.03 -7.29 -.25 -4.37 -6.8 -.25 -4.79
4 0 -8.28 -.25 -6.37 -8.5 -.25 -5.73 -8.96 -.25 -5.41 -8.94 -.25 -5.86
3 0 -8.5 -.25 -5.73 -8.47 -.25 -5.29 -8.96 -.25 -5.41
4 0 -8.25 -.25 -4.9 -8.77 -.25 -4.86 -8.96 -.25 -5.41 -8.47 -.25 -5.29
4 0 -7.29 -.25 -4.37 -6.38 -.25 -3.03 -8.25 -.25 -3.73 -7.53 -.25 -4.33
4 0 -7.82 -.25 -4.46 -7.53 -.25 -4.33 -8.25 -.25 -3.73 -8.29 -.25 -4.15
4 0 -7.82 -.25 -4.46 -8.29 -.25 -4.15 -8.77 -.25 -4.86 -8.25 -.25 -4.9
4 0 -6.38 -.25 -3.03 -5.45 -.25 -5.14 -5.25 -.25 -5.37 -4.67 -.25 -5.33
4 0 -11.15 -.25 3.46 -10.64 -.25 3.47 -11.39 -.25 5.79 -11.35 -.25 3.6
4 0 -10.91 -.25 6.47 -11.39 -.25 5.79 -10.64 -.25 3.47 -10.49 -.25 6.13
4 0 -10.96 -.25 6.65 -11.54 -.25 6.35 -11.39 -.25 5.79 -10.91 -.25 6.47
3 0 -9.39 -.25 6.94 -9.26 -.25 7.08 -9.3 -.25 7.39
4 0 -10.44 -.25 6.83 -9.39 -.25 6.94 -9.3 -.25 7.39 -9.83 -.25 7.38
4 0 -10.96 -.25 6.65 -11.34 -.25 7.13 -11.76 -.25 6.6 -11.54 -.25 6.35
4 0 -9.83 -.25 7.38 -11.34 -.25 7.13 -10.96 -.25 6.65 -10.44 -.25 6.83
4 0 -13.01 -.25 7.34 -13.01 -.25 7.04 -12.92 -.25 6.78 -12.18 -.25 6.83
4 0 -11.76 -.25 6.6 -11.34 -.25 7.13 -13.01 -.25 7.34 -12.18 -.25 6.83
3 0 -17.35 -.25 10.11 -17.31 -.25 8.86 -16.33 -.25 8.88
3 0 -16.33 -.25 8.88 -15.49 -.25 8.62 -15.49 -.25 10.31
4 0 -16.04 -.25 10.93 -15.49 -.25 10.31 -15.55 -.25 10.51 -15.7 -.25 10.71
4 0 -16.97 -.25 10.9 -17.35 -.25 10.11 -16.04 -.25 10.93 -16.46 -.25 11.05
3 0 -16.97 -.25 10.9 -17.28 -.25 10.68 -17.35 -.25 10.11
4 0 -16.04 -.25 10.93 -17.35 -.25 10.11 -16.33 -.25 8.88 -15.49 -.25 10.31
4 0 -15.07 -.25 7.93 -13.41 -.25 7.97 -13.41 -.25 10.01 -15.08 -.25 9.98
4 0 -15 -.25 10.48 -14.4 -.25 10.46 -14.42 -.25 13.24 -15.5 -.25 11.07
3 0 -14.42 -.25 13.24 -14.98 -.25 13.34 -15.5 -.25 11.07
4 0 -15.5 -.25 11.07 -14.98 -.25 13.34 -15.48 -.25 13.32 -15.95 -.25 11.37
4 0 -16.47 -.25 12.69 -15.95 -.25 11.37 -15.48 -.25 13.32 -16.18 -.25 12.94
4 0 -17.29 -.25 11.27 -16.54 -.25 11.42 -16.47 -.25 12.69 -16.92 -.25 12.12
3 0 -15.95 -.25 11.37 -16.47 -.25 12.69 -16.54 -.25 11.42
3 15 -22.83 -.25 -16.16 -23.29 -.25 -16.11 -23.57 -.25 -16.65
3 15 -21.26 -.25 11.94 -21 -.25 12.06 -21.3 -.25 12.48
4 15 -13.41 -.25 7.42 -13.46 -.25 7.11 -13.01 -.25 7.04 -13.01 -.25 7.34
4 15 -8.26 -.25 3.45 -7.88 -.25 3.86 -8.84 -.25 4.08 -8.49 -.25 3.54
4 15 -3.56 -.25 8.63 -4.18 -.25 8.82 -4.52 -.25 8.75 -4.63 -.25 8.62
4 15 1.38 -.25 11.07 1.09 -.25 11.49 .93 -.25 11.56 .49 -.25 11.47
4 15 11.78 -.25 11.66 11.17 -.25 11.16 11.79 -.25 9.83 12.73 -.25 10.33
4 15 18.58 -.25 9.05 18.55 -.25 9.25 17.96 -.25 9.31 17.99 -.25 8.97
4 15 20.75 -.25 11.96 20.99 -.25 12.52 20.8 -.25 12.88 20.19 -.25 12.34
4 15 23.3 -.25 11.55 22.48 -.25 10.41 23.02 -.25 10.02 23.73 -.25 11.14
4 15 16.54 -.25 5.35 16.71 -.25 6.09 16.44 -.25 6.63 15.78 -.25 6.44
4 15 19.23 -.25 -.05 19.21 -.25 .34 14.59 -.25 .32 14.77 -.25 -.11
4 15 11.17 -.25 -2.56 12.78 -.25 -2.56 12.78 -.25 -.95 11.17 -.25 -.95
4 15 14.58 -.25 -1.95 17.01 -.25 -1.95 17.01 -.25 -1.56 14.59 -.25 -1.56
4 15 22.51 -.25 -3.43 14.41 -.25 -3.46 14.36 -.25 -3.63 14.79 -.25 -3.86
4 15 22.03 -.25 -5.29 21.49 -.25 -5.34 21.39 -.25 -5.51 21.55 -.25 -5.63
4 15 22.37 -.25 -7.17 19.72 -.25 -7.22 19.86 -.25 -7.54 22.14 -.25 -7.53
4 15 11.17 -.25 -10.07 12.78 -.25 -10.07 12.78 -.25 -8.46 11.17 -.25 -8.46
4 15 18.22 -.25 -10.82 14.37 -.25 -10.88 14.36 -.25 -11.19 18.21 -.25 -11.16
4 15 20.08 -.25 -5.63 20 -.25 -5.29 18.44 -.25 -5.33 18.59 -.25 -5.65
4 15 -11.01 -.25 -10.79 -7 -.25 -10.94 -8.85 -.25 -9.6 -9.18 -.25 -9.72
4 15 -19.29 -.25 -4.39 -19.93 -.25 -4.3 -19.9 -.25 -5.92 -19 -.25 -5.11
4 15 -22.74 -.25 9.41 -22.49 -.25 8.26 -21.89 -.25 8.09 -21.67 -.25 8.56
4 15 -20.22 -.25 4.81 -20.95 -.25 5.22 -20.95 -.25 3.87 -20.46 -.25 4.09
4 15 -15.95 -.25 6.02 -15.68 -.25 5.86 -15.33 -.25 6.11 -15.87 -.25 6.4
4 15 -15.37 -.25 3.29 -17.31 -.25 3.05 -18.46 -.25 2.78 -18.56 -.25 2.24
4 15 -5.33 -.25 -6.15 -7.68 -.25 -7.55 -6.66 -.25 -8.42 -5.28 -.25 -6.38
4 15 -8.7 -.25 -6.69 -8.94 -.25 -5.86 -9.73 -.25 -6.22 -9.29 -.25 -6.93
4 15 -10.44 -.25 -7.13 -12.75 -.25 -8.23 -11.93 -.25 -8.62 -11.27 -.25 -8.42
4 15 -26.81 -.25 13.31 -26.3 -.25 9.97 -26.12 -.25 10.85 -26.22 -.25 11.84
4 15 -26.35 -.25 12.98 -26.81 -.25 13.31 -26.22 -.25 11.84 -26.17 -.25 12.4
4 15 -26.81 -.25 13.31 -26.35 -.25 12.98 -25.39 -.25 13.62 -25.78 -.25 13.94
4 15 -25.78 -.25 13.94 -25.39 -.25 13.62 -24.55 -.25 14.4 -24.89 -.25 14.74
4 15 -24.15 -.25 15.69 -24.89 -.25 14.74 -24.55 -.25 14.4 -23.85 -.25 15.3
4 15 -23.66 -.25 16.79 -24.15 -.25 15.69 -23.85 -.25 15.3 -23.31 -.25 16.31
3 15 1.37 -.25 16.29 2.81 -.25 15.96 3.89 -.25 16.05
4 15 1.37 -.25 16.29 3.89 -.25 16.05 5.92 -.25 15.9 23.57 -.25 16.74
3 15 5.92 -.25 15.9 22.4 -.25 16.34 23.57 -.25 16.74
4 15 23.57 -.25 16.74 23.24 -.25 16.26 23.86 -.25 15.27 24.17 -.25 15.67
4 15 24.17 -.25 15.67 23.86 -.25 15.27 24.61 -.25 14.39 24.93 -.25 14.74
4 15 23.57 -.25 16.74 -23.66 -.25 16.79 -23.31 -.25 16.31 1.37 -.25 16.29
4 15 25.44 -.25 13.57 25.8 -.25 13.92 24.93 -.25 14.74 24.61 -.25 14.39
4 15 26.83 -.25 13.27 25.8 -.25 13.92 25.44 -.25 13.57 26.38 -.25 12.88
3 15 22.4 -.25 16.34 23.24 -.25 16.26 23.57 -.25 16.74
4 15 26.38 -.25 12.88 26.24 -.25 12.02 26.21 -.25 10.76 26.83 -.25 13.27
3 15 26.21 -.25 10.76 25.95 -.25 9.9 25.89 -.25 9.34
4 15 26.34 -.25 -.29 26.83 -.25 13.27 26.07 -.25 7.61 26 -.25 5.41
4 15 -26.3 -.25 9.97 -26.81 -.25 13.31 -26.82 -.25 -13.16 -26.41 -.25 4.61
4 15 -26.41 -.25 4.61 -26.82 -.25 -13.16 -26.41 -.25 -12.83 -26.16 -.25 2.06
4 15 -24.88 -.25 -14.61 -24.59 -.25 -14.22 -25.44 -.25 -13.45 -25.78 -.25 -13.79
4 15 -24.17 -.25 -15.59 -23.88 -.25 -15.12 -24.59 -.25 -14.22 -24.88 -.25 -14.61
4 15 -22.83 -.25 -16.16 -23.57 -.25 -16.65 -20.88 -.25 -15.86 -21.66 -.25 -15.92
3 15 -8.41 -.25 -16.03 -20.88 -.25 -15.86 -23.57 -.25 -16.65
3 15 -6.08 -.25 -15.97 -7.22 -.25 -15.83 -8.41 -.25 -16.03
4 15 -6.08 -.25 -15.97 -1.73 -.25 -16.07 -2.39 -.25 -15.85 -2.81 -.25 -15.81
4 15 -8.41 -.25 -16.03 -.94 -.25 -16.14 -1.73 -.25 -16.07 -6.08 -.25 -15.97
4 15 -.94 -.25 -16.14 1.95 -.25 -16.14 1.39 -.25 -15.93 1.03 -.25 -15.91
3 15 -.94 -.25 -16.14 -8.41 -.25 -16.03 -23.57 -.25 -16.65
4 15 24.12 -.25 -15.58 24.87 -.25 -14.63 24.56 -.25 -14.23 23.85 -.25 -15.14
4 15 23.5 -.25 -16.64 1.95 -.25 -16.14 -.94 -.25 -16.14 -23.57 -.25 -16.65
3 15 23.29 -.25 -16.15 1.95 -.25 -16.14 23.5 -.25 -16.64
4 15 26.81 -.25 -13.18 26.37 -.25 -12.83 25.41 -.25 -13.46 25.76 -.25 -13.81
4 15 25.41 -.25 -13.46 24.56 -.25 -14.23 24.87 -.25 -14.63 25.76 -.25 -13.81
3 15 25.88 -.25 -7.6 25.61 -.25 -8.84 26.18 -.25 -10.68
4 15 26.18 -.25 -10.68 26.81 -.25 -13.18 26.34 -.25 -.29 25.88 -.25 -7.6
4 15 25.89 -.25 9.34 26.07 -.25 7.61 26.83 -.25 13.27 26.21 -.25 10.76
3 15 26.81 -.25 -13.18 26.83 -.25 13.27 26.34 -.25 -.29
3 15 26.18 -.25 -10.68 26.37 -.25 -12.83 26.81 -.25 -13.18
4 15 -25.44 -.25 -13.45 -26.41 -.25 -12.83 -26.82 -.25 -13.16 -25.78 -.25 -13.79
4 15 -23.88 -.25 -15.12 -24.17 -.25 -15.59 -23.57 -.25 -16.65 -23.29 -.25 -16.11
4 15 23.85 -.25 -15.14 23.29 -.25 -16.15 23.5 -.25 -16.64 24.12 -.25 -15.58
4 15 -24.48 -.25 -11.03 -24.33 -.25 -10.04 -24.92 -.25 -10.23 -24.81 -.25 -10.8
3 15 -24.43 -.25 -9.69 -24.92 -.25 -10.23 -24.33 -.25 -10.04
4 15 -22.28 -.25 -12.04 -22.52 -.25 -10.87 -24.33 -.25 -10.04 -24.48 -.25 -11.03
4 15 -22.52 -.25 -10.87 -22.28 -.25 -12.04 -18.37 -.25 -14.63 -18.12 -.25 -13.7
4 15 -17.84 -.25 -14.83 -17.77 -.25 -13.84 -18.12 -.25 -13.7 -18.37 -.25 -14.63
4 15 -17.77 -.25 -13.84 -12.3 -.25 -14.52 -10.73 -.25 -14.71 -4.05 -.25 -13.04
4 15 -6.73 -.25 -14.42 -4.05 -.25 -13.04 -10.73 -.25 -14.71 -9.43 -.25 -14.72
4 15 -21.26 -.25 11.94 -23.83 -.25 10.6 -24.15 -.25 10.18 -23.68 -.25 10.1
4 15 -24.2 -.25 6.81 -23.72 -.25 6.91 -23.68 -.25 10.1 -24.15 -.25 10.18
4 15 -16.18 -.25 12.94 -15.48 -.25 13.32 -15.04 -.25 14.11 -16.39 -.25 13.28
4 15 -17.2 -.25 12.52 -16.47 -.25 12.69 -16.18 -.25 12.94 -16.39 -.25 13.28
4 15 -13.82 -.25 15.49 -14.22 -.25 15.68 -14.6 -.25 15.53 -14.69 -.25 14.93
3 15 -13.73 -.25 14.92 -13.82 -.25 15.49 -14.69 -.25 14.93
4 15 -13.21 -.25 13.35 -12.68 -.25 13.11 -12.02 -.25 13.1 -13.44 -.25 14.21
4 15 -11.03 -.25 11.98 -12.02 -.25 13.1 -12.68 -.25 13.11 -11.89 -.25 12.4
4 15 -15.04 -.25 14.11 -13.44 -.25 14.21 -13.73 -.25 14.92 -14.69 -.25 14.93
4 15 -10.85 -.25 11.24 -11.03 -.25 11.98 -11.51 -.25 11.89 -11.35 -.25 11.49
3 15 -11.89 -.25 12.4 -11.51 -.25 11.89 -11.03 -.25 11.98
4 15 -4.68 -.25 -14.19 -4.05 -.25 -13.04 -6.73 -.25 -14.42 -5.67 -.25 -14.5
4 15 9.97 -.25 -15.02 9.75 -.25 -14.01 2.11 -.25 -14 1.93 -.25 -15.01
3 15 -3.35 -.25 -14.08 -2.03 -.25 -14.21 -2.85 -.25 -13.11
4 15 5.08 -.25 3.79 5.43 -.25 3.46 5.85 -.25 3.83 5.72 -.25 3.99
4 15 3.67 -.25 4.5 5.08 -.25 3.79 5.72 -.25 3.99 3.94 -.25 4.88
3 15 3.94 -.25 4.88 3.67 -.25 4.78 3.67 -.25 4.5
4 15 5.85 -.25 3.83 5.43 -.25 3.46 6.65 -.25 -5.31 7.15 -.25 -5.32
4 15 9.56 -.25 -10.07 7.15 -.25 -5.32 6.65 -.25 -5.31 6.78 -.25 -5.69
4 15 1.93 -.25 -15.01 2.11 -.25 -14 -2.85 -.25 -13.11 -2.03 -.25 -14.21
4 15 -4.68 -.25 -14.19 -3.35 -.25 -14.08 -2.85 -.25 -13.11 -4.05 -.25 -13.04
4 15 10.15 -.25 -14.97 10.23 -.25 -14.62 9.75 -.25 -14.01 9.97 -.25 -15.02
4 15 10.11 -.25 -10.04 9.67 -.25 -10.71 9.75 -.25 -14.01 10.23 -.25 -14.62
3 15 10.11 -.25 -10.04 7.15 -.25 -5.32 9.56 -.25 -10.07
3 15 -13.54 -.25 13.35 -13.21 -.25 13.35 -13.44 -.25 14.21
3 15 10.11 -.25 -10.04 9.56 -.25 -10.07 9.67 -.25 -10.71
4 15 -14.42 -.25 13.24 -13.91 -.25 13.27 -13.54 -.25 13.35 -13.44 -.25 14.21
4 15 -14.98 -.25 13.34 -14.42 -.25 13.24 -13.44 -.25 14.21 -15.04 -.25 14.11
3 15 -14 -.25 12.97 -13.91 -.25 13.27 -14.42 -.25 13.24
4 15 -14 -.25 10.64 -14 -.25 12.97 -14.42 -.25 13.24 -14.4 -.25 10.46
3 15 -17.84 -.25 -14.83 -12.3 -.25 -14.52 -17.77 -.25 -13.84
3 15 -15.48 -.25 13.32 -14.98 -.25 13.34 -15.04 -.25 14.11
4 15 -24.92 -.25 -10.23 -24.43 -.25 -9.69 -24.7 -.25 -.66 -25.23 -.25 -.49
3 15 -16.92 -.25 12.12 -16.47 -.25 12.69 -17.2 -.25 12.52
4 15 -17.28 -.25 10.68 -17.29 -.25 11.27 -17.52 -.25 11.99 -17.81 -.25 10.75
4 15 -17.2 -.25 12.52 -17.52 -.25 11.99 -17.29 -.25 11.27 -16.92 -.25 12.12
4 15 -21.3 -.25 12.48 -21 -.25 12.06 -17.52 -.25 11.99 -17.2 -.25 12.52
4 15 -23.72 -.25 6.91 -24.2 -.25 6.81 -25.23 -.25 -.49 -24.7 -.25 -.66
3 15 -21.3 -.25 12.48 -23.83 -.25 10.6 -21.26 -.25 11.94
4 15 -11.56 -.25 11.06 -11.35 -.25 11.49 -12.02 -.25 11.54 -11.84 -.25 11.15
4 15 -12.4 -.25 11.48 -12.26 -.25 11.11 -11.84 -.25 11.15 -12.02 -.25 11.54
4 15 -12.26 -.25 11.11 -12.4 -.25 11.48 -12.97 -.25 11.18 -12.66 -.25 10.91
3 15 -13.94 -.25 10.48 -14 -.25 10.64 -14.4 -.25 10.46
4 15 -15.7 -.25 10.71 -15.5 -.25 11.07 -15.95 -.25 11.37 -16.04 -.25 10.93
4 15 -16.04 -.25 10.93 -15.95 -.25 11.37 -16.54 -.25 11.42 -16.46 -.25 11.05
4 15 -17.29 -.25 11.27 -16.97 -.25 10.9 -16.46 -.25 11.05 -16.54 -.25 11.42
4 15 -6.99 -.25 9.61 -7.76 -.25 10.43 -11.03 -.25 11.98 -10.42 -.25 11.16
3 15 -10.42 -.25 11.16 -11.03 -.25 11.98 -10.85 -.25 11.24
4 15 -7.76 -.25 10.43 -6.99 -.25 9.61 -6.9 -.25 9.95 -7.22 -.25 10.24
4 15 -11.35 -.25 11.49 -11.31 -.25 10.89 -11.24 -.25 10.68 -10.85 -.25 11.24
3 15 -11.56 -.25 11.06 -11.31 -.25 10.89 -11.35 -.25 11.49
3 15 -17.29 -.25 11.27 -17.28 -.25 10.68 -16.97 -.25 10.9
4 15 -13.57 -.25 10.51 -12.93 -.25 10.62 -12.66 -.25 10.91 -12.97 -.25 11.18
4 15 -13.94 -.25 10.48 -14.4 -.25 10.46 -15.08 -.25 9.98 -13.41 -.25 10.01
3 15 -13.41 -.25 10.01 -12.93 -.25 10.62 -13.57 -.25 10.51
4 15 -15.07 -.25 7.93 -15.08 -.25 9.98 -15.49 -.25 10.31 -15.49 -.25 8.62
3 15 -13.41 -.25 10.01 -13.57 -.25 10.51 -13.94 -.25 10.48
4 15 -15.08 -.25 9.98 -15 -.25 10.48 -15.55 -.25 10.51 -15.49 -.25 10.31
4 15 -15 -.25 10.48 -15.5 -.25 11.07 -15.7 -.25 10.71 -15.55 -.25 10.51
3 15 -15.08 -.25 9.98 -14.4 -.25 10.46 -15 -.25 10.48
4 15 -12.93 -.25 10.62 -13.41 -.25 10.01 -13.41 -.25 7.97 -12.95 -.25 7.91
3 15 -13.41 -.25 7.97 -15.07 -.25 7.93 -15.41 -.25 7.66
4 15 -15.83 -.25 8.24 -15.56 -.25 7.98 -15.07 -.25 7.93 -15.49 -.25 8.62
4 15 -16.52 -.25 8.48 -16.09 -.25 8.39 -15.49 -.25 8.62 -16.33 -.25 8.88
3 15 -17.31 -.25 8.86 -17.35 -.25 10.11 -17.83 -.25 8.99
4 15 -17.28 -.25 10.68 -17.81 -.25 10.75 -17.83 -.25 8.99 -17.35 -.25 10.11
4 15 -11.25 -.25 8.33 -10.79 -.25 8.83 -10.85 -.25 11.24 -11.24 -.25 10.68
3 15 -10.67 -.25 8.35 -10.79 -.25 8.83 -11.25 -.25 8.33
4 15 -9.27 -.25 8 -10.67 -.25 8.35 -10.46 -.25 7.9 -10.16 -.25 7.8
4 15 -10.46 -.25 7.9 -10.67 -.25 8.35 -11.25 -.25 8.33 -10.97 -.25 7.9
3 15 -10.97 -.25 7.9 -11.25 -.25 8.33 -11.75 -.25 7.79
3 15 -12.59 -.25 7.95 -12.95 -.25 7.91 -12.03 -.25 7.66
4 15 -11.25 -.25 8.33 -12.59 -.25 7.95 -12.03 -.25 7.66 -11.75 -.25 7.79
4 15 -12.95 -.25 7.91 -13.41 -.25 7.97 -15.41 -.25 7.66 -12.03 -.25 7.66
4 15 -18.9 -.25 6.76 -19.06 -.25 7.37 -19.44 -.25 7.23 -19.35 -.25 6.92
4 15 -19.38 -.25 7.95 -19.68 -.25 7.58 -19.44 -.25 7.23 -19.06 -.25 7.37
4 15 -20.48 -.25 8.45 -19.95 -.25 7.75 -19.68 -.25 7.58 -19.38 -.25 7.95
3 15 -20.32 -.25 7.78 -19.95 -.25 7.75 -20.48 -.25 8.45
4 15 -20.48 -.25 8.45 -19.38 -.25 7.95 -17.27 -.25 8.4 -17.83 -.25 8.99
4 15 -21.01 -.25 6.7 -20.91 -.25 7.22 -21.32 -.25 7.97 -21.48 -.25 7.05
4 15 -20.32 -.25 7.78 -20.48 -.25 8.45 -21.08 -.25 8.24 -20.58 -.25 7.67
3 15 -15.56 -.25 7.98 -15.41 -.25 7.66 -15.07 -.25 7.93
4 15 -16.52 -.25 8.48 -17.31 -.25 8.86 -17.83 -.25 8.99 -17.27 -.25 8.4
4 15 -21.08 -.25 8.24 -21.32 -.25 7.97 -20.91 -.25 7.22 -20.58 -.25 7.67
3 15 -16.33 -.25 8.88 -17.31 -.25 8.86 -16.52 -.25 8.48
3 15 -15.83 -.25 8.24 -15.49 -.25 8.62 -16.09 -.25 8.39
4 15 -14.56 -.25 6.7 -13.93 -.25 6.72 -13.46 -.25 7.11 -14.94 -.25 7.19
4 15 -15.31 -.25 7.2 -14.71 -.25 6.56 -14.56 -.25 6.7 -14.94 -.25 7.19
4 15 -7.85 -.25 7.73 -7.43 -.25 8.18 -7.46 -.25 8.67 -8.13 -.25 8.56
4 15 -8.7 -.25 7.06 -8.44 -.25 7.65 -9.27 -.25 8 -9.3 -.25 7.39
4 15 -10.16 -.25 7.8 -9.83 -.25 7.38 -9.3 -.25 7.39 -9.27 -.25 8
3 15 -10.48 -.25 7.66 -11.27 -.25 7.52 -11.34 -.25 7.13
4 15 -10.16 -.25 7.8 -10.48 -.25 7.66 -11.34 -.25 7.13 -9.83 -.25 7.38
4 15 -7.46 -.25 8.67 -6.86 -.25 8.73 -6.8 -.25 8.95 -7.41 -.25 9.23
4 15 -11.27 -.25 7.52 -11.76 -.25 7.53 -13.01 -.25 7.34 -11.34 -.25 7.13
4 15 -6.66 -.25 8.12 -7.14 -.25 8.51 -7.46 -.25 8.67 -7.43 -.25 8.18
3 15 -7.14 -.25 8.51 -6.86 -.25 8.73 -7.46 -.25 8.67
4 15 -7.43 -.25 8.18 -7.22 -.25 7.66 -6.57 -.25 7.87 -6.66 -.25 8.12
3 15 -13.46 -.25 7.11 -13.93 -.25 6.72 -13.58 -.25 6.62
4 15 -13.58 -.25 6.31 -12.93 -.25 6.27 -12.92 -.25 6.78 -13.58 -.25 6.62
4 15 -12.18 -.25 6.83 -12.92 -.25 6.78 -12.93 -.25 6.27 -12.61 -.25 6.42
4 15 -12.92 -.25 6.78 -13.01 -.25 7.04 -13.46 -.25 7.11 -13.58 -.25 6.62
3 15 -7.77 -.25 7.51 -7.85 -.25 7.73 -8.17 -.25 7.29
4 15 -8.13 -.25 8.56 -8.44 -.25 7.65 -8.17 -.25 7.29 -7.85 -.25 7.73
3 15 -7.36 -.25 7.29 -7.56 -.25 7.66 -7.77 -.25 7.51
4 15 -7.01 -.25 6.83 -6.75 -.25 6.59 -6.24 -.25 6.17 -6.79 -.25 7.05
4 15 -7.5 -.25 6.93 -7.01 -.25 6.83 -6.79 -.25 7.05 -7.36 -.25 7.29
3 15 -6.75 -.25 6.59 -6.61 -.25 6.2 -6.24 -.25 6.17
4 15 -11.54 -.25 6.35 -11.82 -.25 6.02 -11.8 -.25 4.92 -11.39 -.25 5.79
3 15 -11.82 -.25 6.02 -11.54 -.25 6.35 -11.9 -.25 6.21
4 15 -11.54 -.25 6.35 -11.76 -.25 6.6 -12.09 -.25 6.36 -11.9 -.25 6.21
3 15 -8.17 -.25 7.29 -8.03 -.25 6.8 -7.5 -.25 6.93
4 15 -11.76 -.25 6.6 -12.18 -.25 6.83 -12.61 -.25 6.42 -12.09 -.25 6.36
4 15 -7.36 -.25 7.29 -7.77 -.25 7.51 -8.17 -.25 7.29 -7.5 -.25 6.93
3 15 -8.7 -.25 7.06 -8.17 -.25 7.29 -8.44 -.25 7.65
4 15 -7.65 -.25 6.04 -7.88 -.25 5.23 -7.28 -.25 5.06 -7.23 -.25 5.61
3 15 -8.47 -.25 5.33 -8.51 -.25 4.65 -8.35 -.25 4.64
3 15 -6.24 -.25 6.17 -6.61 -.25 6.2 -6.66 -.25 5.74
3 15 -7.28 -.25 5.06 -7.88 -.25 5.23 -7.67 -.25 4.73
4 15 -8.47 -.25 5.33 -8.35 -.25 4.64 -7.67 -.25 4.73 -7.88 -.25 5.23
4 15 -7.88 -.25 3.86 -6.81 -.25 4.23 -7.28 -.25 5.06 -7.67 -.25 4.73
4 15 -9.3 -.25 7.39 -9.26 -.25 7.08 -8.87 -.25 6.78 -8.7 -.25 7.06
4 15 -10.19 -.25 6.42 -9.7 -.25 6.49 -9.39 -.25 6.94 -10.44 -.25 6.83
3 15 -10.44 -.25 6.83 -10.96 -.25 6.65 -10.91 -.25 6.47
4 15 -9.3 -.25 6.44 -8.87 -.25 6.78 -9.26 -.25 7.08 -9.39 -.25 6.94
3 15 -8.84 -.25 4.08 -8.88 -.25 4.35 -9.26 -.25 3.47
4 15 -10.64 -.25 3.05 -11.15 -.25 3.46 -11.35 -.25 3.6 -11.86 -.25 2.88
4 15 -12.21 -.25 3.21 -11.35 -.25 3.6 -13.41 -.25 4.12 -12.97 -.25 3.47
3 15 -13.41 -.25 4.12 -13.47 -.25 3.83 -12.97 -.25 3.47
4 15 -13.73 -.25 3.17 -12.97 -.25 3.47 -13.47 -.25 3.83 -13.68 -.25 3.59
4 15 -13.73 -.25 3.17 -13.68 -.25 3.59 -14.41 -.25 3.51 -14.14 -.25 3.1
4 15 -15.05 -.25 3.3 -15.5 -.25 3.77 -15.64 -.25 3.64 -15.37 -.25 3.29
4 15 -15.5 -.25 3.77 -15.05 -.25 3.3 -14.57 -.25 3.56 -14.71 -.25 3.73
4 15 -17.21 -.25 3.25 -15.37 -.25 3.29 -15.64 -.25 3.64 -16.8 -.25 3.38
4 15 -14.14 -.25 3.1 -14.41 -.25 3.51 -14.57 -.25 3.56 -15.05 -.25 3.3
4 15 -12.2 -.25 2.56 -11.86 -.25 2.88 -12.21 -.25 3.21 -12.34 -.25 3.11
3 15 -12.21 -.25 3.21 -11.86 -.25 2.88 -11.35 -.25 3.6
4 15 -10.49 -.25 6.13 -10.64 -.25 3.47 -10.23 -.25 3.23 -10.08 -.25 5.7
3 15 -10.08 -.25 5.7 -10.19 -.25 6.42 -10.49 -.25 6.13
4 15 -7.88 -.25 3.86 -8.26 -.25 3.45 -6.91 -.25 3.47 -7.09 -.25 3.69
4 15 -16.82 -.25 5.54 -17.27 -.25 5.03 -17.21 -.25 3.25 -16.8 -.25 3.38
4 15 -6.31 -.25 7.07 -5.95 -.25 7.11 -5.69 -.25 7.7 -6.24 -.25 7.77
4 15 -5.26 -.25 7.77 -5.69 -.25 7.7 -5.95 -.25 7.11 -5.51 -.25 6.89
3 15 -5.95 -.25 7.11 -6.07 -.25 6.52 -5.51 -.25 6.89
3 15 -9.26 -.25 3.47 -8.49 -.25 3.54 -8.84 -.25 4.08
4 15 -6.66 -.25 5.74 -7.28 -.25 5.06 -6.81 -.25 4.23 -6.09 -.25 4.92
4 15 -6.66 -.25 5.74 -6.09 -.25 4.92 -5.51 -.25 6.89 -6.24 -.25 6.17
4 15 -10.23 -.25 3.23 -10.64 -.25 3.47 -11.15 -.25 3.46 -10.64 -.25 3.05
4 15 -10.91 -.25 6.47 -10.49 -.25 6.13 -10.19 -.25 6.42 -10.44 -.25 6.83
4 15 -5.86 -.25 9.05 -5.99 -.25 8.77 -5.97 -.25 8.6 -5.57 -.25 8.54
4 15 -5.93 -.25 9.93 -6.25 -.25 9.59 -6.16 -.25 9.3 -5.62 -.25 9.54
4 15 -6.1 -.25 9.96 -6.22 -.25 9.83 -6.25 -.25 9.59 -5.93 -.25 9.93
4 15 -5.62 -.25 9.54 -4.89 -.25 9.19 -4.96 -.25 9.93 -5.18 -.25 9.9
3 15 -5.86 -.25 9.05 -5.57 -.25 8.54 -5.37 -.25 8.76
4 15 -6.16 -.25 9.3 -5.86 -.25 9.05 -5.37 -.25 8.76 -5.62 -.25 9.54
3 15 -5.37 -.25 8.76 -4.89 -.25 9.19 -5.62 -.25 9.54
4 15 -5.55 -.25 8.35 -5.32 -.25 8.39 -5.37 -.25 8.76 -5.57 -.25 8.54
4 15 -5.32 -.25 8.39 -5.26 -.25 7.77 -5.03 -.25 7.86 -4.96 -.25 8.09
4 15 -5.69 -.25 7.7 -5.26 -.25 7.77 -5.32 -.25 8.39 -5.55 -.25 8.35
3 15 -6.07 -.25 6.52 -6.24 -.25 6.17 -5.51 -.25 6.89
4 15 -3.5 -.25 7.05 -3.28 -.25 7.6 -3.67 -.25 7.86 -3.98 -.25 7.15
3 15 -3.5 -.25 7.05 -3.21 -.25 7.4 -3.28 -.25 7.6
3 15 -3.9 -.25 6.75 -3.59 -.25 6.28 -3.25 -.25 6.46
4 15 -3.98 -.25 7.15 -4.57 -.25 6.78 -4.07 -.25 6.31 -3.9 -.25 6.75
3 15 -4.02 -.25 5.38 -3.76 -.25 5.42 -4.27 -.25 6.08
4 15 -4.27 -.25 6.08 -4.49 -.25 5.75 -4.42 -.25 5.22 -4.02 -.25 5.38
4 15 -4.27 -.25 6.08 -4.79 -.25 6.08 -4.99 -.25 5.54 -4.49 -.25 5.75
4 15 -5.37 -.25 5.47 -4.99 -.25 5.54 -4.79 -.25 6.08 -5.29 -.25 6.16
4 15 -2.94 -.25 6.51 -3.5 -.25 7.05 -3.9 -.25 6.75 -3.25 -.25 6.46
4 15 -4.07 -.25 6.31 -4.57 -.25 6.78 -4.79 -.25 6.08 -4.27 -.25 6.08
3 15 -5.05 -.25 6.93 -4.58 -.25 7.04 -4.67 -.25 7.22
3 15 -4.58 -.25 7.04 -4.57 -.25 6.78 -3.98 -.25 7.15
3 15 -3.9 -.25 6.75 -3.5 -.25 7.05 -3.98 -.25 7.15
3 15 -7.09 -.25 3.69 -6.81 -.25 4.23 -7.88 -.25 3.86
3 15 -4.58 -.25 7.04 -3.98 -.25 7.15 -4.67 -.25 7.22
4 15 -5.51 -.25 6.89 -5.05 -.25 6.93 -4.67 -.25 7.22 -5.26 -.25 7.77
3 15 -9.39 -.25 6.94 -9.7 -.25 6.49 -9.3 -.25 6.44
4 15 -8.87 -.25 6.78 -9.3 -.25 6.44 -9.26 -.25 3.47 -8.88 -.25 4.35
4 15 -.71 -.25 7.32 -3.56 -.25 8.63 -4.63 -.25 8.62 -1.16 -.25 7.02
4 15 -.56 -.25 6.84 -.6 -.25 7.2 -.71 -.25 7.32 -1.16 -.25 7.02
4 15 .04 -.25 5.26 .31 -.25 5.16 .2 -.25 5.89 -.08 -.25 5.55
4 15 -.08 -.25 5.55 .2 -.25 5.89 .39 -.25 6.64 -.1 -.25 6.86
4 15 -.23 -.25 7.51 -.1 -.25 6.86 .39 -.25 6.64 .43 -.25 7.36
3 15 -.23 -.25 7.51 .43 -.25 7.36 -.43 -.25 7.97
4 15 1.76 -.25 9.74 1.16 -.25 8.46 1.7 -.25 8.71 1.82 -.25 9.08
4 15 1.48 -.25 10.32 -1.01 -.25 8.75 .94 -.25 8.27 1.16 -.25 8.46
4 15 .43 -.25 7.36 .94 -.25 8.27 -1.01 -.25 8.75 -.43 -.25 7.97
4 15 -1.36 -.25 9.82 -1.32 -.25 9.46 -1.01 -.25 8.75 -1.19 -.25 10.21
4 15 -.21 -.25 11.12 1.48 -.25 10.32 1.38 -.25 11.07 .49 -.25 11.47
3 15 1.16 -.25 8.46 1.76 -.25 9.74 1.48 -.25 10.32
4 15 -.21 -.25 11.12 -1.19 -.25 10.21 -1.01 -.25 8.75 1.48 -.25 10.32
4 15 10.73 -.25 7.65 10.05 -.25 8.77 9.57 -.25 7.92 9.93 -.25 7.78
4 15 11.95 -.25 7.64 11.51 -.25 9.51 10.05 -.25 8.77 10.73 -.25 7.65
4 15 11.51 -.25 9.51 11.95 -.25 7.64 12.26 -.25 7.7 12.58 -.25 8.1
4 15 12.91 -.25 9.99 11.51 -.25 9.51 12.58 -.25 8.1 12.96 -.25 8.29
3 15 13.58 -.25 9.23 14.17 -.25 9.86 13.58 -.25 10.02
4 15 12.96 -.25 8.29 13.58 -.25 9.23 13.58 -.25 10.02 12.91 -.25 9.99
4 15 11.51 -.25 9.51 11.79 -.25 9.83 11.17 -.25 11.16 10.8 -.25 10.68
3 15 10.8 -.25 10.68 10.05 -.25 8.77 11.51 -.25 9.51
4 15 13.03 -.25 11.98 12.49 -.25 11.95 11.78 -.25 11.66 12.73 -.25 10.33
3 15 13.59 -.25 11.73 13.03 -.25 11.98 13.71 -.25 11.52
4 15 13.86 -.25 10.39 13.71 -.25 11.52 13.03 -.25 11.98 12.73 -.25 10.33
4 15 14.41 -.25 8.56 14.85 -.25 8.99 14.79 -.25 9.67 14.21 -.25 9.24
4 15 13.61 -.25 7.37 14.41 -.25 8.56 14.21 -.25 9.24 13.31 -.25 8
4 15 12.75 -.25 7.38 13.61 -.25 7.37 13.31 -.25 8 12.78 -.25 7.66
4 15 15.05 -.25 10.41 14.84 -.25 10.92 14.27 -.25 10.75 14.46 -.25 10.23
4 15 16.05 -.25 9.47 15.39 -.25 10 14.79 -.25 9.67 14.85 -.25 8.99
4 15 14.27 -.25 10.75 14.84 -.25 10.92 14.77 -.25 11.88 14.17 -.25 11.78
4 15 16.65 -.25 9.52 15.39 -.25 10 16.05 -.25 9.47 16.46 -.25 9.48
4 15 17.27 -.25 9.43 16.65 -.25 9.52 16.46 -.25 9.48 17.09 -.25 9.14
4 15 14.46 -.25 10.23 14.79 -.25 9.67 15.39 -.25 10 15.05 -.25 10.41
4 15 18.11 -.25 9.82 17.67 -.25 10.03 17.17 -.25 9.94 17.65 -.25 9.5
4 15 16.65 -.25 9.52 17.27 -.25 9.43 17.65 -.25 9.5 17.17 -.25 9.94
4 15 17.65 -.25 9.5 17.96 -.25 9.31 18.55 -.25 9.25 18.11 -.25 9.82
4 15 20.5 -.25 10.8 20.75 -.25 11.96 20.19 -.25 12.34 20.02 -.25 11.23
4 15 20.83 -.25 8.96 21.21 -.25 9.38 20.69 -.25 9.81 20.55 -.25 9.2
4 15 20.22 -.25 10.02 20.05 -.25 9.41 20.55 -.25 9.2 20.69 -.25 9.81
4 15 22.37 -.25 7.55 21.21 -.25 9.38 20.83 -.25 8.96 21.61 -.25 7.66
4 15 20.22 -.25 10.02 20.5 -.25 10.8 20.02 -.25 11.23 19.68 -.25 10.28
4 15 20.05 -.25 9.41 20.22 -.25 10.02 19.68 -.25 10.28 19.61 -.25 9.38
3 15 19.68 -.25 10.28 19.02 -.25 9.49 19.61 -.25 9.38
4 15 19.61 -.25 9.38 19.02 -.25 9.49 18.55 -.25 9.25 18.58 -.25 9.05
4 15 17.54 -.25 10.34 17.58 -.25 10.79 17.15 -.25 11.06 17.39 -.25 10.22
3 15 17.15 -.25 11.06 17.58 -.25 10.79 17.68 -.25 11.04
4 15 16.78 -.25 11.48 17.15 -.25 11.06 17.68 -.25 11.04 17.49 -.25 11.77
4 15 15 -.25 12.27 14.42 -.25 12.88 14.17 -.25 11.78 14.77 -.25 11.88
4 15 18.19 -.25 12.33 17.49 -.25 11.77 17.68 -.25 11.04 18.47 -.25 11.8
4 15 18.19 -.25 12.33 18.47 -.25 11.8 19.41 -.25 12.27 18.99 -.25 12.77
4 15 15.72 -.25 12.59 15.16 -.25 12.98 14.42 -.25 12.88 15 -.25 12.27
4 15 17.49 -.25 11.77 15.72 -.25 12.59 15 -.25 12.27 16.78 -.25 11.48
3 15 15.16 -.25 12.98 14.78 -.25 13.31 14.42 -.25 12.88
3 15 20.99 -.25 12.52 20.99 -.25 12.77 20.8 -.25 12.88
4 15 18.99 -.25 12.77 19.41 -.25 12.27 19.84 -.25 12.36 20.03 -.25 12.98
4 15 20.8 -.25 12.88 20.03 -.25 12.98 19.84 -.25 12.36 20.19 -.25 12.34
4 15 22.92 -.25 7.65 23.57 -.25 9.24 22.6 -.25 9.93 21.76 -.25 9.43
4 15 21.38 -.25 9.88 21.76 -.25 9.43 22.6 -.25 9.93 22.03 -.25 10.23
4 15 21.09 -.25 10.06 21.38 -.25 9.88 22.03 -.25 10.23 21.64 -.25 10.33
3 15 21.64 -.25 10.33 21 -.25 10.27 21.09 -.25 10.06
3 15 22.92 -.25 7.65 23.87 -.25 7.62 23.57 -.25 9.24
3 15 25.3 -.25 7.85 25.27 -.25 8.07 25.02 -.25 8.43
4 15 23.49 -.25 9.47 23.57 -.25 9.24 25.02 -.25 8.43 24.08 -.25 10.63
4 15 25.3 -.25 7.85 25.02 -.25 8.43 23.57 -.25 9.24 23.87 -.25 7.62
4 15 21.76 -.25 10.67 22.48 -.25 10.41 23.3 -.25 11.55 22.29 -.25 11.98
4 15 21.14 -.25 11.56 21.76 -.25 10.67 22.29 -.25 11.98 21.66 -.25 11.92
4 15 20.99 -.25 10.72 21.76 -.25 10.67 21.14 -.25 11.56 21.01 -.25 11.14
4 15 23.73 -.25 11.14 23.02 -.25 10.02 23.49 -.25 9.47 24.08 -.25 10.63
4 15 17.88 -.25 8.19 18.5 -.25 7.21 19.24 -.25 7.37 18.35 -.25 8.11
4 15 19.24 -.25 7.37 18.5 -.25 7.21 18.58 -.25 6.87 19.1 -.25 6.85
4 15 19.24 -.25 7.37 19.1 -.25 6.85 20.23 -.25 6.61 19.66 -.25 7.19
3 15 19.66 -.25 7.19 20.23 -.25 6.61 20.07 -.25 7.16
4 15 20.07 -.25 7.16 20.23 -.25 6.61 20.94 -.25 6.67 20.86 -.25 7.26
4 15 21.76 -.25 7.04 21.32 -.25 7.43 20.86 -.25 7.26 20.94 -.25 6.67
4 15 21.32 -.25 7.43 21.76 -.25 7.04 22.37 -.25 7.55 21.61 -.25 7.66
4 15 19.1 -.25 6.85 18.58 -.25 6.87 18.28 -.25 5.87 18.8 -.25 5.77
4 15 18.72 -.25 4.36 18.8 -.25 5.77 18.28 -.25 5.87 18.13 -.25 4.95
4 15 17.73 -.25 4.46 18.38 -.25 4.26 18.72 -.25 4.36 18.13 -.25 4.95
4 15 18.13 -.25 4.95 17.58 -.25 5.24 17.16 -.25 4.81 17.73 -.25 4.46
4 15 14.03 -.25 6.49 14.68 -.25 6.39 15.25 -.25 6.93 14.63 -.25 6.95
4 15 12.75 -.25 7.38 13.42 -.25 6.75 14.04 -.25 7.11 13.61 -.25 7.37
4 15 14.63 -.25 6.95 14.04 -.25 7.11 13.42 -.25 6.75 14.03 -.25 6.49
4 15 17.16 -.25 4.81 17.02 -.25 5.71 16.71 -.25 6.09 16.54 -.25 5.35
3 15 17.02 -.25 5.71 17.16 -.25 4.81 17.58 -.25 5.24
4 15 14.68 -.25 6.39 15.78 -.25 6.44 15.77 -.25 7.08 15.25 -.25 6.93
3 15 16.44 -.25 6.63 16.34 -.25 7.04 15.78 -.25 6.44
4 15 15.99 -.25 7.26 15.77 -.25 7.08 15.78 -.25 6.44 16.34 -.25 7.04
4 15 16.9 -.25 8.34 16.8 -.25 8.52 16.21 -.25 7.7 16.62 -.25 7.95
4 15 16.34 -.25 7.04 16.39 -.25 7.36 16.21 -.25 7.7 15.99 -.25 7.26
3 15 16.62 -.25 7.95 16.21 -.25 7.7 16.39 -.25 7.36
3 15 17.88 -.25 8.19 18.13 -.25 8.36 17.48 -.25 8.18
4 15 17.52 -.25 8.59 16.8 -.25 8.52 17.48 -.25 8.18 18.13 -.25 8.36
3 15 16.9 -.25 8.34 17.48 -.25 8.18 16.8 -.25 8.52
4 15 18.58 -.25 9.05 17.99 -.25 8.97 17.83 -.25 8.66 18.13 -.25 8.36
4 15 16.46 -.25 9.48 16.8 -.25 8.52 17.15 -.25 8.85 17.09 -.25 9.14
3 15 18.13 -.25 8.36 17.83 -.25 8.66 17.52 -.25 8.59
3 15 17.52 -.25 8.59 17.15 -.25 8.85 16.8 -.25 8.52
4 15 .98 -.25 6.76 3.77 -.25 5.93 3.84 -.25 6.4 3.7 -.25 6.79
4 15 1.1 -.25 7.55 .98 -.25 6.76 3.7 -.25 6.79 2.7 -.25 7.7
3 15 2.7 -.25 7.7 1.95 -.25 8.06 1.1 -.25 7.55
4 15 1.54 -.25 8.09 1.21 -.25 7.84 1.1 -.25 7.55 1.95 -.25 8.06
4 15 3.57 -.25 5.46 .98 -.25 6.76 .69 -.25 6.13 3.02 -.25 4.68
3 15 3.57 -.25 5.46 3.77 -.25 5.93 .98 -.25 6.76
4 15 .69 -.25 6.13 .66 -.25 5.72 1.09 -.25 4.53 3.02 -.25 4.68
4 15 2.07 -.25 4.03 3.02 -.25 4.68 1.09 -.25 4.53 1.36 -.25 4.32
4 15 2.7 -.25 4.06 2.07 -.25 4.03 2.08 -.25 1.73 2.63 -.25 2.52
4 15 2.34 -.25 1.76 2.5 -.25 1.92 2.63 -.25 2.52 2.08 -.25 1.73
3 15 2.7 -.25 4.06 3.02 -.25 4.68 2.07 -.25 4.03
4 15 12.78 -.25 2.78 11.17 -.25 2.78 11.17 -.25 1.17 12.78 -.25 1.17
3 15 14.45 -.25 2.12 14.35 -.25 1.87 14.59 -.25 1.75
4 15 14.45 -.25 2.12 14.59 -.25 1.75 17.68 -.25 1.79 17.65 -.25 2.17
4 15 17.83 -.25 2.14 17.65 -.25 2.17 17.68 -.25 1.79 17.9 -.25 1.96
4 15 21.08 -.25 1.74 22.51 -.25 1.91 22.46 -.25 2.09 22.28 -.25 2.12
3 15 19.2 -.25 2.15 19.03 -.25 2.08 19.05 -.25 1.75
4 15 22.28 -.25 2.12 19.2 -.25 2.15 19.05 -.25 1.75 21.08 -.25 1.74
3 15 22.18 -.25 -.07 22.54 -.25 .05 22.49 -.25 .25
4 15 20.85 -.25 -.06 22.18 -.25 -.07 22.49 -.25 .25 20.74 -.25 .29
4 15 20.56 -.25 .13 20.64 -.25 -.02 20.85 -.25 -.06 20.74 -.25 .29
4 15 14.59 -.25 .32 14.43 -.25 .27 14.35 -.25 .04 14.48 -.25 -.07
3 15 14.48 -.25 -.07 14.77 -.25 -.11 14.59 -.25 .32
4 15 19.42 -.25 -.01 19.38 -.25 .27 19.21 -.25 .34 19.23 -.25 -.05
4 15 14.58 -.25 -1.95 14.59 -.25 -1.56 14.36 -.25 -1.72 14.42 -.25 -1.89
4 15 17.01 -.25 -1.56 17.01 -.25 -1.95 17.17 -.25 -1.87 17.15 -.25 -1.67
4 15 22.31 -.25 -1.58 22.31 -.25 -1.92 22.49 -.25 -1.89 22.46 -.25 -1.64
4 15 18.39 -.25 -1.86 22.31 -.25 -1.92 22.31 -.25 -1.58 18.59 -.25 -1.58
3 15 18.59 -.25 -1.58 18.4 -.25 -1.63 18.39 -.25 -1.86
3 15 14.79 -.25 -3.86 22.52 -.25 -3.75 22.51 -.25 -3.43
4 15 22.52 -.25 -5.34 22.03 -.25 -5.29 21.55 -.25 -5.63 22.53 -.25 -5.51
3 15 22.14 -.25 -7.53 22.52 -.25 -7.47 22.37 -.25 -7.17
3 15 19.72 -.25 -7.22 19.69 -.25 -7.39 19.86 -.25 -7.54
4 15 16.66 -.25 -9.01 14.37 -.25 -9.12 14.37 -.25 -9.36 16.59 -.25 -9.4
4 15 16.86 -.25 -9.16 16.66 -.25 -9.01 16.59 -.25 -9.4 16.79 -.25 -9.34
3 15 22.52 -.25 -9.26 22.36 -.25 -9.03 22.35 -.25 -9.35
4 15 22.35 -.25 -9.35 22.36 -.25 -9.03 21.49 -.25 -9.1 21.53 -.25 -9.35
4 15 20.31 -.25 -9.3 20.33 -.25 -9.1 20 -.25 -9 20.14 -.25 -9.39
4 15 18.02 -.25 -9.36 20.14 -.25 -9.39 20 -.25 -9 18.32 -.25 -9
3 15 18.32 -.25 -9 18.04 -.25 -9.12 18.02 -.25 -9.36
4 15 21.94 -.25 -10.82 22.38 -.25 -11.25 22.53 -.25 -11.19 22.54 -.25 -10.93
4 15 22.38 -.25 -11.25 21.94 -.25 -10.82 19.47 -.25 -10.85 19.64 -.25 -11.26
3 15 19.47 -.25 -10.85 19.47 -.25 -11.22 19.64 -.25 -11.26
4 15 14.59 -.25 -7.56 14.58 -.25 -7.15 14.32 -.25 -7.33 14.4 -.25 -7.51
4 15 18.52 -.25 -7.19 14.58 -.25 -7.15 14.59 -.25 -7.56 18.05 -.25 -7.55
3 15 18.05 -.25 -7.55 18.56 -.25 -7.49 18.52 -.25 -7.19
4 15 11.17 -.25 -6.34 12.78 -.25 -6.34 12.78 -.25 -4.73 11.17 -.25 -4.73
3 15 14.38 -.25 -5.35 14.36 -.25 -5.55 14.93 -.25 -5.67
4 15 14.38 -.25 -5.35 14.93 -.25 -5.67 16.8 -.25 -5.66 16.95 -.25 -5.26
4 15 17.14 -.25 -5.36 16.95 -.25 -5.26 16.8 -.25 -5.66 17.18 -.25 -5.55
3 15 18.36 -.25 -5.49 18.59 -.25 -5.65 18.44 -.25 -5.33
3 15 20.08 -.25 -5.63 20.24 -.25 -5.44 20 -.25 -5.29
3 15 4.1 -.25 1.79 4.23 -.25 2.16 4.13 -.25 2.41
3 15 3.36 -.25 3.09 3.07 -.25 3.64 3.06 -.25 2.45
4 15 3.86 -.25 1.5 4.1 -.25 1.79 4.13 -.25 2.41 3.06 -.25 2.45
3 15 4.13 -.25 2.41 3.36 -.25 3.09 3.06 -.25 2.45
3 15 2.57 -.25 1.32 3.86 -.25 1.5 2.94 -.25 1.73
4 15 -4.42 -.25 1.98 -1.49 -.25 -1.25 .06 -.25 -.76 -1.7 -.25 4.39
4 15 1.8 -.25 1.33 1.66 -.25 1.58 .06 -.25 -.76 1.7 -.25 .05
3 15 1.8 -.25 1.33 1.7 -.25 .05 2.03 -.25 1.21
4 15 -1.49 -.25 -1.25 -4.42 -.25 1.98 -4.6 -.25 -.59 -2.13 -.25 -1.27
4 15 -4.6 -.25 -.59 -5.25 -.25 .36 -5.26 -.25 -.04 -5.12 -.25 -.26
3 15 -4.42 -.25 1.98 -5.25 -.25 .36 -4.6 -.25 -.59
3 15 -1.7 -.25 4.39 -4.49 -.25 3.6 -4.42 -.25 1.98
3 15 -.6 -.25 5.97 -1.65 -.25 5.98 -.47 -.25 5.25
4 15 -.31 -.25 4.97 -.47 -.25 5.25 -1.65 -.25 5.98 -1.7 -.25 4.39
3 15 3.06 -.25 2.45 2.94 -.25 1.73 3.86 -.25 1.5
3 15 .93 -.25 4.02 .51 -.25 4.58 -.1 -.25 4.8
3 15 -.1 -.25 4.8 -.31 -.25 4.97 -1.7 -.25 4.39
4 15 3.86 -.25 1.5 2.57 -.25 1.32 2.03 -.25 1.21 1.7 -.25 .05
4 15 1.6 -.25 1.91 .93 -.25 4.02 -.1 -.25 4.8 -1.7 -.25 4.39
4 15 1.6 -.25 1.91 1.6 -.25 3.6 1.41 -.25 3.79 .93 -.25 4.02
4 15 1.66 -.25 1.58 1.6 -.25 1.91 -1.7 -.25 4.39 .06 -.25 -.76
4 15 8.32 -.25 -12.56 8.42 -.25 -12.22 8.44 -.25 -11.44 8.01 -.25 -12.63
3 15 8.44 -.25 -11.44 6.52 -.25 -9.14 8.01 -.25 -12.63
4 15 -.34 -.25 -6.98 -1.67 -.25 -7.34 -2.47 -.25 -7.86 -1.92 -.25 -9.18
4 15 .49 -.25 -7.2 -.34 -.25 -6.98 -1.92 -.25 -9.18 -1.41 -.25 -9.83
3 15 .49 -.25 -7.2 -.08 -.25 -6.99 -.34 -.25 -6.98
3 15 .84 -.25 -7.32 .49 -.25 -7.2 -1.41 -.25 -9.83
4 15 -.41 -.25 -12.1 .48 -.25 -12.28 .84 -.25 -7.32 -1.41 -.25 -9.83
4 15 8.01 -.25 -12.63 6.52 -.25 -9.14 1.26 -.25 -7.17 .48 -.25 -12.28
3 15 1.26 -.25 -7.17 .84 -.25 -7.32 .48 -.25 -12.28
4 15 3.62 -.25 -5.14 1.26 -.25 -7.17 6.52 -.25 -9.14 5.58 -.25 -6.49
4 15 3.79 -.25 -.97 3.62 -.25 -5.14 5.37 -.25 -5.56 4.92 -.25 -.69
3 15 4.92 -.25 -.69 3.93 -.25 -.82 3.79 -.25 -.97
3 15 5.58 -.25 -6.49 5.37 -.25 -5.56 3.62 -.25 -5.14
4 15 -17.25 -.25 -10.18 -17.91 -.25 -10.35 -18.4 -.25 -10.71 -17.58 -.25 -11.51
4 15 -15.93 -.25 -12.44 -17.25 -.25 -10.18 -17.58 -.25 -11.51 -16.15 -.25 -12.45
4 15 -14.44 -.25 -11.86 -14.8 -.25 -10.14 -17.25 -.25 -10.18 -15.93 -.25 -12.44
4 15 -12.03 -.25 -11.38 -13.83 -.25 -11.79 -6.38 -.25 -11.97 -11.73 -.25 -11.37
4 15 -5.87 -.25 -11.32 -5.6 -.25 -11.84 -4.89 -.25 -11.6 -5.7 -.25 -11
4 15 -3.2 -.25 -10.36 -3.27 -.25 -10.05 -5.7 -.25 -11 -4.89 -.25 -11.6
4 15 -3.76 -.25 -9.22 -4.13 -.25 -9.03 -5.7 -.25 -11 -3.27 -.25 -10.05
3 15 -4.13 -.25 -9.03 -5.56 -.25 -8.86 -5.7 -.25 -11
4 15 -14.44 -.25 -11.86 -13.83 -.25 -11.79 -13.26 -.25 -9.93 -14.8 -.25 -10.14
3 15 -12.42 -.25 -11.22 -12.46 -.25 -9.11 -13.11 -.25 -9.86
4 15 -13.83 -.25 -11.79 -12.42 -.25 -11.22 -13.11 -.25 -9.86 -13.26 -.25 -9.93
3 15 -12.03 -.25 -11.38 -12.42 -.25 -11.22 -13.83 -.25 -11.79
3 15 -11.73 -.25 -11.37 -6.38 -.25 -11.97 -11.24 -.25 -11.11
4 15 -6.38 -.25 -11.97 -5.6 -.25 -11.84 -5.87 -.25 -11.32 -6.29 -.25 -11.55
3 15 -6.29 -.25 -11.55 -6.54 -.25 -11.53 -6.38 -.25 -11.97
4 15 -6.54 -.25 -11.53 -6.77 -.25 -11.4 -11.24 -.25 -11.11 -6.38 -.25 -11.97
4 15 -7 -.25 -10.94 -11.01 -.25 -10.79 -11.24 -.25 -11.11 -6.77 -.25 -11.4
4 15 -10.38 -.25 -8.31 -10.71 -.25 -8.59 -10.87 -.25 -8.87 -10.21 -.25 -9.05
4 15 -9.97 -.25 -9.47 -10.21 -.25 -9.05 -10.87 -.25 -8.87 -10.89 -.25 -10.24
4 15 -9.18 -.25 -9.72 -9.5 -.25 -9.72 -10.89 -.25 -10.24 -11.01 -.25 -10.79
3 15 -7.02 -.25 -10.3 -6.89 -.25 -8.99 -7.27 -.25 -8.96
3 15 -7.02 -.25 -10.3 -7.27 -.25 -8.96 -7.48 -.25 -8.86
3 15 -9.5 -.25 -9.72 -9.97 -.25 -9.47 -10.89 -.25 -10.24
4 15 -7 -.25 -10.94 -7.02 -.25 -10.3 -7.48 -.25 -8.86 -8.85 -.25 -9.6
4 15 -8.77 -.25 -8 -8.85 -.25 -9.6 -7.48 -.25 -8.86 -7.78 -.25 -8.57
3 15 -7.78 -.25 -8.57 -8.05 -.25 -8.16 -8.77 -.25 -8
4 15 -23.39 -.25 -5.47 -23.81 -.25 -5.39 -23.88 -.25 -6.26 -23.27 -.25 -5.74
4 15 -22.94 -.25 -7.99 -23.26 -.25 -7.84 -23.86 -.25 -8.42 -23.62 -.25 -8.56
4 15 -22.47 -.25 -7.94 -22.94 -.25 -7.99 -23.62 -.25 -8.56 -21.87 -.25 -9.15
4 15 -20.44 -.25 -6.37 -20.21 -.25 -9.46 -19.25 -.25 -9.46 -18.14 -.25 -7.68
3 15 -21.87 -.25 -9.15 -21.92 -.25 -7.46 -22.05 -.25 -7.66
4 15 -17.7 -.25 -9.01 -15.88 -.25 -9.03 -16.98 -.25 -7.85 -17.22 -.25 -8.12
4 15 -18.14 -.25 -7.68 -19.25 -.25 -9.46 -17.7 -.25 -9.01 -17.87 -.25 -8.05
4 15 -23.86 -.25 -8.42 -23.26 -.25 -7.84 -23.27 -.25 -5.74 -23.88 -.25 -6.26
4 15 -21.87 -.25 -9.15 -20.21 -.25 -9.46 -20.44 -.25 -6.37 -21.92 -.25 -7.46
3 15 -22.47 -.25 -7.94 -21.87 -.25 -9.15 -22.05 -.25 -7.66
4 15 -14.76 -.25 -6.93 -15.23 -.25 -6.78 -15.6 -.25 -8.95 -14.79 -.25 -7.17
4 15 -15.4 -.25 -6.64 -16.8 -.25 -7.18 -16.98 -.25 -7.85 -15.23 -.25 -6.78
4 15 -16.68 -.25 -5.45 -16.77 -.25 -5.6 -15.4 -.25 -6.64 -16.22 -.25 -5.39
4 15 -15.88 -.25 -9.03 -15.6 -.25 -8.95 -15.23 -.25 -6.78 -16.98 -.25 -7.85
3 15 -15.4 -.25 -6.64 -16.77 -.25 -5.6 -16.8 -.25 -7.18
4 15 -21.44 -.25 -4.85 -21.66 -.25 -5.13 -21.79 -.25 -5.52 -21.29 -.25 -5.67
4 15 -21.01 -.25 -6.13 -21.29 -.25 -5.67 -21.79 -.25 -5.52 -21.81 -.25 -6.98
4 15 -20.83 -.25 -6.26 -21.81 -.25 -6.98 -21.92 -.25 -7.46 -20.44 -.25 -6.37
3 15 -17.7 -.25 -9.01 -17.22 -.25 -8.12 -17.38 -.25 -8.15
3 15 -17.7 -.25 -9.01 -17.38 -.25 -8.15 -17.87 -.25 -8.05
3 15 -20.83 -.25 -6.26 -21.01 -.25 -6.13 -21.81 -.25 -6.98
3 15 -18.22 -.25 -7.18 -18.08 -.25 -5.57 -18.47 -.25 -5.57
4 15 -18.22 -.25 -7.18 -19.99 -.25 -6.23 -20.44 -.25 -6.37 -18.14 -.25 -7.68
4 15 -18.73 -.25 -5.43 -19.99 -.25 -6.23 -18.22 -.25 -7.18 -18.47 -.25 -5.57
3 15 -19.29 -.25 -4.39 -19.76 -.25 -3.9 -19.93 -.25 -4.3
4 15 -19.99 -.25 -6.23 -18.73 -.25 -5.43 -19 -.25 -5.11 -19.9 -.25 -5.92
4 15 -23.8 -.25 -4.69 -21.22 -.25 -3.6 -24.2 -.25 -3.11 -24.23 -.25 -3.44
4 15 -22.13 -.25 -5.05 -21.22 -.25 -3.6 -23.8 -.25 -4.69 -23.55 -.25 -4.9
3 15 -23.55 -.25 -4.9 -22.81 -.25 -5.19 -22.13 -.25 -5.05
4 15 -22.29 -.25 -7.08 -22.26 -.25 -5.88 -22.81 -.25 -5.19 -22.82 -.25 -7.29
4 15 -22.29 -.25 -7.08 -22.82 -.25 -7.29 -22.76 -.25 -7.49 -22.42 -.25 -7.37
4 15 -21.09 -.25 -3.23 -21.72 -.25 -2.02 -23.87 -.25 -2.33 -21.22 -.25 -3.6
3 15 -22.81 -.25 -5.19 -22.26 -.25 -5.88 -22.13 -.25 -5.05
3 15 -23.87 -.25 -2.33 -24.2 -.25 -3.11 -21.22 -.25 -3.6
4 15 -23.87 -.25 -2.33 -22.51 -.25 -1.31 -23.09 -.25 -1.13 -23.76 -.25 -1.65
4 15 -23.76 -.25 -1.65 -23.09 -.25 -1.13 -23.37 -.25 -1.17 -23.6 -.25 -1.33
4 15 -21.09 -.25 -3.23 -21.06 -.25 -2.82 -21.19 -.25 -2.44 -21.72 -.25 -2.02
4 15 -22.51 -.25 -1.31 -23.87 -.25 -2.33 -21.72 -.25 -2.02 -22.02 -.25 -1.64
4 15 -22.08 -.25 7.21 -22.45 -.25 7.47 -22.79 -.25 5.21 -22.15 -.25 5.57
4 15 -21.67 -.25 8.56 -21.28 -.25 8.82 -22.76 -.25 9.87 -22.74 -.25 9.41
4 15 -22.08 -.25 7.21 -21.89 -.25 8.09 -22.49 -.25 8.26 -22.45 -.25 7.47
3 15 -20.13 -.25 11.07 -20.84 -.25 10.89 -20.86 -.25 8.98
4 15 -18.42 -.25 11.2 -20.13 -.25 11.07 -20.86 -.25 8.98 -18.46 -.25 9.49
4 15 -22.76 -.25 9.87 -21.28 -.25 8.82 -20.86 -.25 8.98 -20.84 -.25 10.89
4 15 -20.95 -.25 3.87 -21.53 -.25 5.14 -22.44 -.25 4.72 -21.98 -.25 3.62
4 15 -22.73 -.25 4.26 -22.64 -.25 4.05 -21.98 -.25 3.62 -22.44 -.25 4.72
4 15 -20.61 -.25 3.4 -20.89 -.25 3.56 -21.98 -.25 3.62 -21.77 -.25 2.8
4 15 -19.26 -.25 2.71 -20.38 -.25 2.97 -21.77 -.25 2.8 -18.99 -.25 2.19
4 15 -18.46 -.25 2.78 -19.26 -.25 2.71 -18.99 -.25 2.19 -18.56 -.25 2.24
3 15 -20.38 -.25 2.97 -20.61 -.25 3.4 -21.77 -.25 2.8
3 15 -21.98 -.25 3.62 -20.89 -.25 3.56 -20.95 -.25 3.87
3 15 -20.95 -.25 5.22 -21.53 -.25 5.14 -20.95 -.25 3.87
3 15 -20.1 -.25 4.55 -20.22 -.25 4.81 -20.46 -.25 4.09
4 15 -17.6 -.25 6.05 -17.63 -.25 5.62 -17.36 -.25 5.44 -17.17 -.25 5.88
4 15 -17.27 -.25 5.03 -16.82 -.25 5.54 -17.17 -.25 5.88 -17.36 -.25 5.44
4 15 -16.55 -.25 6.33 -17.17 -.25 5.88 -16.82 -.25 5.54 -16.65 -.25 5.76
4 15 -17.6 -.25 6.05 -18.23 -.25 6.01 -18.17 -.25 5.57 -17.63 -.25 5.62
4 15 -16.29 -.25 6.43 -16.55 -.25 6.33 -16.65 -.25 5.76 -16.4 -.25 5.94
4 15 -14.71 -.25 3.73 -14.83 -.25 4.12 -15.56 -.25 5.61 -15.5 -.25 3.77
4 15 -15.33 -.25 6.11 -15.56 -.25 5.61 -14.83 -.25 4.12 -14.83 -.25 5.7
3 15 -15.68 -.25 5.86 -15.56 -.25 5.61 -15.33 -.25 6.11
4 15 -14.54 -.25 6.14 -14.69 -.25 6.27 -15.33 -.25 6.11 -14.83 -.25 5.7
3 15 -11.35 -.25 3.6 -11.39 -.25 5.79 -11.8 -.25 4.92
3 15 -11.35 -.25 3.6 -11.8 -.25 4.92 -12.06 -.25 4.78
4 15 -20.95 -.25 5.22 -20.96 -.25 6.05 -21.48 -.25 7.05 -21.53 -.25 5.14
4 15 -20.9 -.25 6.22 -21.01 -.25 6.7 -21.48 -.25 7.05 -20.96 -.25 6.05
4 15 -19.35 -.25 6.32 -19.36 -.25 5.86 -18.9 -.25 5.46 -18.9 -.25 6.28
4 15 -19.51 -.25 5.96 -19.35 -.25 6.32 -21.01 -.25 6.7 -20.9 -.25 6.22
4 15 -18.9 -.25 5.46 -18.35 -.25 5.45 -18.17 -.25 5.57 -18.23 -.25 6.01
3 15 -19.35 -.25 6.32 -19.51 -.25 5.96 -19.36 -.25 5.86
4 15 -12.06 -.25 4.78 -12.99 -.25 4.61 -13.41 -.25 4.12 -11.35 -.25 3.6
4 15 -13.02 -.25 5.8 -13.43 -.25 5.73 -13.41 -.25 4.12 -12.99 -.25 4.61
4 15 -12.93 -.25 6.27 -13.58 -.25 6.31 -13.43 -.25 5.73 -13.02 -.25 5.8
4 15 -14.83 -.25 5.7 -13.43 -.25 5.73 -13.71 -.25 6.16 -14.54 -.25 6.14
3 15 -13.58 -.25 6.31 -13.71 -.25 6.16 -13.43 -.25 5.73
4 15 -15.31 -.25 7.2 -15.33 -.25 6.11 -14.69 -.25 6.27 -14.71 -.25 6.56
4 15 -16.4 -.25 5.94 -15.95 -.25 6.02 -15.87 -.25 6.4 -16.29 -.25 6.43
3 15 -18.9 -.25 5.46 -18.57 -.25 5.04 -18.35 -.25 5.45
4 15 -18.9 -.25 6.28 -18.9 -.25 6.76 -19.35 -.25 6.92 -19.35 -.25 6.32
3 15 -15.31 -.25 7.2 -14.94 -.25 7.19 -14.95 -.25 7.36
3 15 -17.9 -.25 6.95 -18.9 -.25 6.76 -18.9 -.25 6.28
4 15 -14.75 -.25 7.53 -15.41 -.25 7.66 -15.31 -.25 7.2 -14.95 -.25 7.36
4 15 -18.9 -.25 6.28 -15.31 -.25 7.2 -15.41 -.25 7.66 -17.9 -.25 6.95
4 15 -13.01 -.25 7.34 -11.76 -.25 7.53 -12.03 -.25 7.66 -13.41 -.25 7.42
4 15 -14.75 -.25 7.53 -13.54 -.25 7.55 -12.03 -.25 7.66 -15.41 -.25 7.66
3 15 -13.54 -.25 7.55 -13.41 -.25 7.42 -12.03 -.25 7.66
3 15 -18.46 -.25 2.78 -18.57 -.25 5.04 -19.26 -.25 2.71
4 15 -18.9 -.25 5.46 -19.36 -.25 5.86 -19.26 -.25 2.71 -18.57 -.25 5.04
3 15 -15.37 -.25 3.29 -17.21 -.25 3.25 -17.31 -.25 3.05
4 15 -13.13 -.25 2.33 -12.71 -.25 2.57 -12.34 -.25 3.11 -13.55 -.25 2.6
4 15 -13.55 -.25 2.6 -13.69 -.25 2.35 -13.37 -.25 1.99 -13.13 -.25 2.33
3 15 -12.34 -.25 3.11 -12.71 -.25 2.57 -12.49 -.25 2.61
3 15 -12.34 -.25 3.11 -12.49 -.25 2.61 -12.2 -.25 2.56
4 15 -10.66 -.25 1.91 -10.76 -.25 2.35 -11.7 -.25 2.65 -11.59 -.25 2.21
4 15 -11.59 -.25 2.21 -11.7 -.25 2.65 -11.86 -.25 2.88 -12.2 -.25 2.56
4 15 -10.76 -.25 2.35 -10.66 -.25 1.91 -9.85 -.25 1.8 -9.96 -.25 2.19
4 15 -9.11 -.25 2.22 -9.96 -.25 2.19 -9.85 -.25 1.8 -9.19 -.25 1.86
4 15 -8.07 -.25 2.21 -8.69 -.25 2.44 -9.11 -.25 2.22 -9.19 -.25 1.86
3 15 -7.29 -.25 2.65 -6.75 -.25 3.03 -6.91 -.25 3.47
3 15 -8.07 -.25 2.21 -7.77 -.25 2.56 -8.69 -.25 2.44
4 15 -7.77 -.25 2.56 -7.29 -.25 2.65 -6.91 -.25 3.47 -8.26 -.25 3.45
3 15 -9.03 -.25 2.97 -9 -.25 2.67 -8.69 -.25 2.44
4 15 -7.77 -.25 2.56 -8.26 -.25 3.45 -9.03 -.25 2.97 -8.69 -.25 2.44
4 15 -6.75 -.25 3.03 -6.55 -.25 2.88 -6.1 -.25 3.18 -6.21 -.25 3.34
3 15 -6.21 -.25 3.34 -6.91 -.25 3.47 -6.75 -.25 3.03
4 15 -6.52 -.25 2.15 -6.02 -.25 2.55 -6.1 -.25 3.18 -6.55 -.25 2.88
4 15 -13.69 -.25 2.35 -13.78 -.25 1.79 -13.37 -.25 1.82 -13.37 -.25 1.99
4 15 -17.73 -.25 1.5 -17.11 -.25 .2 -14.79 -.25 .84 -15.35 -.25 2.18
3 15 -13.26 -.25 1.66 -13.37 -.25 1.82 -13.78 -.25 1.79
3 15 -13.78 -.25 1.79 -14.06 -.25 1.81 -14.18 -.25 .89
4 15 -15.35 -.25 2.18 -14.79 -.25 .84 -14.18 -.25 .89 -14.06 -.25 1.81
4 15 -17.62 -.25 .16 -17.73 -.25 1.5 -18.69 -.25 1.39 -18.78 -.25 .3
4 15 -13.78 -.25 1.79 -14.18 -.25 .89 -13.01 -.25 1.54 -13.26 -.25 1.66
4 15 -14.18 -.25 .89 -11.46 -.25 .03 -10.68 -.25 .94 -13.01 -.25 1.54
4 15 -11.46 -.25 .03 -9.74 -.25 -.34 -9.86 -.25 .89 -10.68 -.25 .94
4 15 -6.02 -.25 2.55 -6.52 -.25 2.15 -5.42 -.25 1.53 -5.43 -.25 2.33
3 15 -6.52 -.25 2.15 -6.97 -.25 1.88 -5.97 -.25 .63
4 15 -5.42 -.25 1.53 -6.52 -.25 2.15 -5.97 -.25 .63 -5.55 -.25 1.1
4 15 -7.52 -.25 .05 -6.44 -.25 .4 -5.97 -.25 .63 -6.97 -.25 1.88
3 15 -9.32 -.25 .98 -7.52 -.25 .05 -6.97 -.25 1.88
3 15 -17.62 -.25 .16 -17.11 -.25 .2 -17.73 -.25 1.5
4 15 -7.52 -.25 .05 -9.32 -.25 .98 -9.86 -.25 .89 -9.74 -.25 -.34
4 15 -18.78 -.25 .3 -18.69 -.25 1.39 -19.49 -.25 .91 -19.09 -.25 .42
4 15 -21.2 -.25 1.89 -21.94 -.25 2.15 -22.95 -.25 1.25 -21.12 -.25 .83
4 15 -18.69 -.25 1.39 -21.2 -.25 1.89 -21.12 -.25 .83 -19.79 -.25 1.02
3 15 -19.79 -.25 1.02 -19.49 -.25 .91 -18.69 -.25 1.39
3 15 -23.1 -.25 3.84 -23.35 -.25 2.32 -22.88 -.25 3.55
4 15 -21.94 -.25 2.15 -22.19 -.25 2.48 -23.35 -.25 2.32 -22.95 -.25 1.25
4 15 -22.88 -.25 3.55 -23.35 -.25 2.32 -22.19 -.25 2.48 -22.37 -.25 3.3
4 15 -19.41 -.25 -.73 -19.32 -.25 -.25 -19.4 -.25 .03 -20.26 -.25 .51
4 15 -19.71 -.25 .48 -19.87 -.25 .54 -20.26 -.25 .51 -19.4 -.25 .03
4 15 -20.81 -.25 -2.18 -20 -.25 -1.6 -21.01 -.25 .12 -22.08 -.25 -.91
4 15 -20.26 -.25 .51 -21.01 -.25 .12 -20 -.25 -1.6 -19.41 -.25 -.73
4 15 -20.16 -.25 -1.98 -20.81 -.25 -2.18 -20.61 -.25 -2.59 -20.15 -.25 -2.36
4 15 -20.34 -.25 -5.94 -20.37 -.25 -3.5 -20.64 -.25 -3.25 -20.91 -.25 -4.14
4 15 -20.57 -.25 -5.86 -20.34 -.25 -5.94 -20.91 -.25 -4.14 -20.86 -.25 -5.55
4 15 -20.64 -.25 -3.25 -19.88 -.25 -3.25 -20.15 -.25 -2.36 -20.61 -.25 -2.59
3 15 -20.16 -.25 -1.98 -20 -.25 -1.6 -20.81 -.25 -2.18
3 15 -20.37 -.25 -3.5 -19.88 -.25 -3.25 -20.64 -.25 -3.25
4 15 -16.13 -.25 -.97 -16.09 -.25 -1.14 -15.93 -.25 -1.28 -15.88 -.25 -.73
4 15 -11.56 -.25 -1.29 -13.62 -.25 -.49 -15.93 -.25 -1.28 -11.38 -.25 -2.75
4 15 -10.93 -.25 -2.82 -10.74 -.25 -1.43 -11.56 -.25 -1.29 -11.38 -.25 -2.75
4 15 -8.62 -.25 -2.76 -9.56 -.25 -1.51 -10.74 -.25 -1.43 -10.93 -.25 -2.82
4 15 -15.88 -.25 -.73 -15.93 -.25 -1.28 -14.14 -.25 -.35 -14.97 -.25 -.45
3 15 -13.62 -.25 -.49 -14.14 -.25 -.35 -15.93 -.25 -1.28
4 15 -8.92 -.25 -1.46 -8.62 -.25 -2.76 -6.54 -.25 -2.9 -6.62 -.25 -.84
3 15 -9.56 -.25 -1.51 -8.62 -.25 -2.76 -8.92 -.25 -1.46
4 15 -5.39 -.25 -1.54 -6.38 -.25 -3.03 -4.67 -.25 -5.33 -2.56 -.25 -3.17
4 15 -2.9 -.25 -5.68 -2.56 -.25 -3.17 -4.67 -.25 -5.33 -4.1 -.25 -5.5
4 15 -6.35 -.25 -.85 -6.54 -.25 -2.9 -6.38 -.25 -3.03 -5.39 -.25 -1.54
3 15 -2.9 -.25 -5.68 -2.51 -.25 -5.63 -2.56 -.25 -3.17
4 15 -2.07 -.25 -3.28 -2.56 -.25 -3.17 -2.51 -.25 -5.63 -1.5 -.25 -4.9
4 15 .04 -.25 -5.58 .51 -.25 -5.23 -1.5 -.25 -4.9 -.48 -.25 -5.61
3 15 -.48 -.25 -5.61 -.26 -.25 -5.66 .04 -.25 -5.58
4 15 -1.5 -.25 -4.9 .51 -.25 -5.23 1.53 -.25 -4.23 1.51 -.25 -3.24
3 15 1.53 -.25 -4.23 1.67 -.25 -3.9 1.51 -.25 -3.24
3 15 1.51 -.25 -3.24 -2.07 -.25 -3.28 -1.5 -.25 -4.9
3 15 -6.35 -.25 -.85 -6.62 -.25 -.84 -6.54 -.25 -2.9
4 15 -5.45 -.25 -5.14 -5.94 -.25 -5.11 -5.33 -.25 -6.15 -5.25 -.25 -5.37
4 15 -5.94 -.25 -5.11 -6.38 -.25 -4.89 -6.8 -.25 -4.79 -8.28 -.25 -6.37
4 15 -5.19 -.25 -8.17 -4.51 -.25 -7.22 -4.46 -.25 -6.91 -5.28 -.25 -6.38
4 15 -7.68 -.25 -7.55 -5.33 -.25 -6.15 -5.94 -.25 -5.11 -8.28 -.25 -6.37
4 15 -8.25 -.25 -4.9 -6.8 -.25 -4.79 -7.29 -.25 -4.37 -7.82 -.25 -4.46
3 15 -7.29 -.25 -4.37 -7.53 -.25 -4.33 -7.82 -.25 -4.46
4 15 -6.66 -.25 -8.42 -5.86 -.25 -8.44 -5.19 -.25 -8.17 -5.28 -.25 -6.38
4 15 -6.8 -.25 -4.79 -8.25 -.25 -4.9 -8.47 -.25 -5.29 -8.5 -.25 -5.73
3 15 -8.28 -.25 -6.37 -8.16 -.25 -7.07 -7.68 -.25 -7.55
3 15 -8.5 -.25 -5.73 -8.28 -.25 -6.37 -6.8 -.25 -4.79
4 15 -6.08 -.25 -10.6 -6.59 -.25 -10.72 -6.45 -.25 -11.05 -6.24 -.25 -10.99
4 15 -5.99 -.25 -8.57 -6.42 -.25 -8.81 -6.61 -.25 -10.3 -6.08 -.25 -10.6
3 15 -6.61 -.25 -10.3 -6.59 -.25 -10.72 -6.08 -.25 -10.6
4 15 -5.99 -.25 -8.57 -5.86 -.25 -8.44 -6.66 -.25 -8.42 -6.45 -.25 -8.58
3 15 -6.45 -.25 -8.58 -6.42 -.25 -8.81 -5.99 -.25 -8.57
4 15 -7.12 -.25 -8.47 -6.66 -.25 -8.42 -7.68 -.25 -7.55 -7.38 -.25 -8.33
4 15 -8.25 -.25 -3.73 -8.96 -.25 -3.18 -8.77 -.25 -4.86 -8.29 -.25 -4.15
3 15 -8.25 -.25 -3.73 -8.37 -.25 -3.43 -8.96 -.25 -3.18
4 15 -8.77 -.25 -4.86 -8.96 -.25 -3.18 -9.5 -.25 -3.08 -9.99 -.25 -3.28
4 15 -11.01 -.25 -4.36 -10.93 -.25 -4.61 -10.45 -.25 -3.79 -10.9 -.25 -4.15
3 15 -8.96 -.25 -5.41 -8.77 -.25 -4.86 -10.01 -.25 -5.52
4 15 -9.99 -.25 -3.28 -10.45 -.25 -3.79 -10.01 -.25 -5.52 -8.77 -.25 -4.86
3 15 -10.01 -.25 -5.52 -10.45 -.25 -3.79 -10.93 -.25 -4.61
4 15 -10.01 -.25 -5.52 -9.78 -.25 -5.86 -8.94 -.25 -5.86 -8.96 -.25 -5.41
3 15 -9.73 -.25 -6.22 -9.84 -.25 -7.18 -9.29 -.25 -6.93
4 15 -9.26 -.25 -9.15 -9.29 -.25 -6.93 -9.84 -.25 -7.18 -9.85 -.25 -8.38
3 15 -8.94 -.25 -5.86 -9.78 -.25 -5.86 -9.73 -.25 -6.22
4 15 -9.85 -.25 -8.38 -9.73 -.25 -9.03 -9.41 -.25 -9.28 -9.26 -.25 -9.15
4 15 -16.47 -.25 -1.84 -17.96 -.25 -1.43 -16.51 -.25 -2.78 -16.43 -.25 -2.05
4 15 -19.31 -.25 -1.35 -17.96 -.25 -1.43 -18.53 -.25 -.98 -18.85 -.25 -1.03
4 15 -17.93 -.25 -5.04 -16.45 -.25 -2.98 -16.51 -.25 -2.78 -18.82 -.25 -4.23
4 15 -17.96 -.25 -1.43 -19.13 -.25 -3.86 -18.82 -.25 -4.23 -16.51 -.25 -2.78
4 15 -19.68 -.25 -2.09 -17.96 -.25 -1.43 -19.31 -.25 -1.35 -19.51 -.25 -1.63
4 15 -17.96 -.25 -1.43 -19.68 -.25 -2.09 -19.32 -.25 -3.75 -19.13 -.25 -3.86
4 15 -18.45 -.25 -5.07 -17.93 -.25 -5.04 -18.82 -.25 -4.23 -18.58 -.25 -4.92
4 15 -17.93 -.25 -5.04 -17.04 -.25 -5.07 -16.25 -.25 -3.18 -16.45 -.25 -2.98
4 15 -16.4 -.25 -4.79 -15.69 -.25 -3.83 -15.65 -.25 -3.54 -16.25 -.25 -3.18
4 15 -16.64 -.25 -4.95 -16.4 -.25 -4.79 -16.25 -.25 -3.18 -17.04 -.25 -5.07
4 15 -17.18 -.25 -5.22 -17.04 -.25 -5.07 -17.93 -.25 -5.04 -17.64 -.25 -5.18
4 15 -17.18 -.25 -5.22 -17.59 -.25 -5.52 -17.79 -.25 -6.99 -17.25 -.25 -7.19
4 15 -17.79 -.25 -6.99 -17.76 -.25 -7.36 -17.41 -.25 -7.62 -17.25 -.25 -7.19
3 15 -17.76 -.25 -7.36 -17.63 -.25 -7.67 -17.41 -.25 -7.62
3 15 -17.64 -.25 -5.18 -17.59 -.25 -5.52 -17.18 -.25 -5.22
4 15 -11.3 -.25 -4.94 -10.44 -.25 -7.13 -10.19 -.25 -6.22 -10.29 -.25 -5.87
4 15 -12.85 -.25 -4.86 -13.04 -.25 -5.83 -11.3 -.25 -4.94 -11.8 -.25 -4.64
4 15 -12.71 -.25 -4.65 -12.85 -.25 -4.86 -11.8 -.25 -4.64 -12.3 -.25 -4.51
4 15 -12.75 -.25 -8.23 -10.44 -.25 -7.13 -13.32 -.25 -6.43 -13.38 -.25 -6.78
3 15 -11.51 -.25 -10.69 -11.43 -.25 -10.41 -11.99 -.25 -10.48
4 15 -11.93 -.25 -8.62 -11.99 -.25 -10.48 -11.43 -.25 -10.41 -11.38 -.25 -8.95
4 15 -13.32 -.25 -6.43 -10.44 -.25 -7.13 -11.3 -.25 -4.94 -13.04 -.25 -5.83
4 15 -11.94 -.25 -10.88 -11.72 -.25 -10.87 -11.51 -.25 -10.69 -11.99 -.25 -10.48
3 15 -11.38 -.25 -8.95 -11.27 -.25 -8.42 -11.93 -.25 -8.62
3 15 -13.38 -.25 -6.78 -12.97 -.25 -8.06 -12.75 -.25 -8.23
1 0 -25.5 -.25 15.5 0 0 -2 0 1 0 2 0 0 1-4chrd.dat
1 0 25.5 -.25 15.5 2 0 0 0 1 0 0 0 2 1-4chrd.dat
1 0 -25.5 -.25 -15.5 0 0 -2 0 1 0 -2 0 0 1-4chrd.dat
1 0 25.5 -.25 -15.5 2 0 0 0 1 0 0 0 -2 1-4chrd.dat
