0 Sticker  1.8 x  1.7 with Black and Dark Nougat Top with Lace and Belt (Formed)
0 Name: 6501596bc01.dat
0 Author: Philippe Hurbain [Philo]
0 !LDRAW_ORG Unofficial_Part
0 !LICENSE Licensed under CC BY 4.0 : see CAreadme.txt

0 BFC CERTIFY CCW

0 !KEYWORDS Addams Family, Set 76780, Wednesday

4 16 17.5 -5.954 -16.922 17.424 -5.711 -17.305 16.883 -5.367 -17.846 16.5 -5.319 -17.922
3 16 17.424 -5.711 -17.305 17.207 -5.505 -17.629 16.883 -5.367 -17.846
4 16 -16.5 -5.319 -17.922 -16.883 -5.367 -17.846 -17.424 -5.711 -17.305 -17.5 -5.954 -16.922
3 16 -16.883 -5.367 -17.846 -17.207 -5.505 -17.629 -17.424 -5.711 -17.305
4 16 16.5 -15.911 18.099 16.883 -15.907 18.023 17.424 -15.882 17.482 17.5 -15.864 17.099
3 16 16.883 -15.907 18.023 17.207 -15.897 17.806 17.424 -15.882 17.482
4 16 -17.5 -15.864 17.099 -17.424 -15.882 17.482 -16.883 -15.907 18.023 -16.5 -15.911 18.099
3 16 -17.424 -15.882 17.482 -17.207 -15.897 17.806 -16.883 -15.907 18.023

4 16 16.5 -5.319 -17.922 -16.5 -5.319 -17.922 -17.5 -5.954 -16.922 17.5 -5.954 -16.922
4 16 17.5 -7.532 -14.436 17.5 -5.954 -16.922 -17.5 -5.954 -16.922 -17.5 -7.532 -14.436
4 16 17.5 -7.532 -14.436 -17.5 -7.532 -14.436 -17.5 -10.51 -8.284 17.5 -10.51 -8.284
4 16 -17.5 -12.883 -1.648 17.5 -12.883 -1.648 17.5 -10.51 -8.284 -17.5 -10.51 -8.284
4 16 -17.5 -14.604 5.36 17.5 -14.604 5.36 17.5 -12.883 -1.648 -17.5 -12.883 -1.648
4 16 -17.5 -15.652 12.616 17.5 -15.652 12.616 17.5 -14.604 5.36 -17.5 -14.604 5.36
4 16 17.5 -15.864 17.099 -17.5 -15.864 17.099 -16.5 -15.911 18.099 16.5 -15.911 18.099
4 16 17.5 -15.864 17.099 17.5 -15.652 12.616 -17.5 -15.652 12.616 -17.5 -15.864 17.099
5 24 17.5 -12.883 -1.648 -17.5 -12.883 -1.648 -17.5 -10.51 -8.284 17.5 -14.604 5.36
5 24 -17.5 -10.51 -8.284 17.5 -10.51 -8.284 17.5 -12.883 -1.648 -17.5 -7.532 -14.436
5 24 17.5 -15.652 12.616 -17.5 -15.652 12.616 -17.5 -14.604 5.36 17.5 -15.864 17.099
5 24 17.5 -7.532 -14.436 -17.5 -7.532 -14.436 -17.5 -5.954 -16.922 17.5 -10.51 -8.284
5 24 -17.5 -14.604 5.36 17.5 -14.604 5.36 -17.5 -12.883 -1.648 17.5 -15.652 12.616

4 16 16.883 -5.571 -18.013 16.5 -5.522 -18.09 16.5 -5.319 -17.922 16.883 -5.367 -17.846
4 16 17.207 -5.709 -17.795 16.883 -5.571 -18.013 16.883 -5.367 -17.846 17.207 -5.505 -17.629
4 16 17.424 -5.916 -17.469 17.207 -5.709 -17.795 17.207 -5.505 -17.629 17.424 -5.711 -17.305
4 16 17.5 -6.16 -17.085 17.424 -5.916 -17.469 17.424 -5.711 -17.305 17.5 -5.954 -16.922
4 16 17.5 -5.954 -16.922 17.5 -7.532 -14.436 17.5 -7.744 -14.59 17.5 -6.16 -17.085
4 16 17.5 -10.51 -8.284 17.5 -10.735 -8.41 17.5 -7.744 -14.59 17.5 -7.532 -14.436
4 16 17.5 -12.883 -1.648 17.5 -13.119 -1.745 17.5 -10.735 -8.41 17.5 -10.51 -8.284
4 16 17.5 -14.604 5.36 17.5 -14.847 5.295 17.5 -13.119 -1.745 17.5 -12.883 -1.648
4 16 17.5 -15.652 12.616 17.5 -15.901 12.583 17.5 -14.847 5.295 17.5 -14.604 5.36
4 16 17.5 -15.864 17.099 17.5 -16.113 17.084 17.5 -15.901 12.583 17.5 -15.652 12.616
4 16 17.424 -15.882 17.482 17.424 -16.131 17.468 17.5 -16.113 17.084 17.5 -15.864 17.099
4 16 17.207 -15.897 17.806 17.207 -16.146 17.794 17.424 -16.131 17.468 17.424 -15.882 17.482
4 16 16.883 -15.907 18.023 16.883 -16.156 18.012 17.207 -16.146 17.794 17.207 -15.897 17.806
4 16 16.5 -15.911 18.099 16.5 -16.16 18.088 16.883 -16.156 18.012 16.883 -15.907 18.023
4 16 -16.5 -16.16 18.088 16.5 -16.16 18.088 16.5 -15.911 18.099 -16.5 -15.911 18.099
4 16 -16.883 -15.907 18.023 -16.883 -16.156 18.012 -16.5 -16.16 18.088 -16.5 -15.911 18.099
4 16 -17.207 -15.897 17.806 -17.207 -16.146 17.794 -16.883 -16.156 18.012 -16.883 -15.907 18.023
4 16 -17.424 -15.882 17.482 -17.424 -16.131 17.468 -17.207 -16.146 17.794 -17.207 -15.897 17.806
4 16 -17.5 -15.864 17.099 -17.5 -16.113 17.084 -17.424 -16.131 17.468 -17.424 -15.882 17.482
4 16 -17.5 -15.901 12.583 -17.5 -16.113 17.084 -17.5 -15.864 17.099 -17.5 -15.652 12.616
4 16 -17.5 -14.847 5.295 -17.5 -15.901 12.583 -17.5 -15.652 12.616 -17.5 -14.604 5.36
4 16 -17.5 -13.119 -1.745 -17.5 -14.847 5.295 -17.5 -14.604 5.36 -17.5 -12.883 -1.648
4 16 -17.5 -10.735 -8.41 -17.5 -13.119 -1.745 -17.5 -12.883 -1.648 -17.5 -10.51 -8.284
4 16 -17.5 -7.744 -14.59 -17.5 -10.735 -8.41 -17.5 -10.51 -8.284 -17.5 -7.532 -14.436
4 16 -17.5 -6.16 -17.085 -17.5 -7.744 -14.59 -17.5 -7.532 -14.436 -17.5 -5.954 -16.922
4 16 -17.424 -5.916 -17.469 -17.5 -6.16 -17.085 -17.5 -5.954 -16.922 -17.424 -5.711 -17.305
4 16 -17.207 -5.709 -17.795 -17.424 -5.916 -17.469 -17.424 -5.711 -17.305 -17.207 -5.505 -17.629
4 16 -16.883 -5.571 -18.013 -17.207 -5.709 -17.795 -17.207 -5.505 -17.629 -16.883 -5.367 -17.846
4 16 -16.5 -5.522 -18.09 -16.883 -5.571 -18.013 -16.883 -5.367 -17.846 -16.5 -5.319 -17.922
4 16 16.5 -5.319 -17.922 16.5 -5.522 -18.09 -16.5 -5.522 -18.09 -16.5 -5.319 -17.922
5 24 -17.424 -5.916 -17.469 -17.424 -5.711 -17.305 -17.5 -6.16 -17.085 -17.207 -5.505 -17.629
5 24 16.5 -5.522 -18.09 16.5 -5.319 -17.922 -16.5 -5.522 -18.09 16.883 -5.367 -17.846
5 24 16.883 -5.367 -17.846 16.883 -5.571 -18.013 16.5 -5.522 -18.09 17.207 -5.505 -17.629
5 24 17.207 -5.709 -17.795 17.207 -5.505 -17.629 16.883 -5.571 -18.013 17.424 -5.711 -17.305
5 24 -17.207 -15.897 17.806 -17.207 -16.146 17.794 -17.424 -15.882 17.482 -16.883 -16.156 18.012
5 24 -17.207 -5.505 -17.629 -17.207 -5.709 -17.795 -17.424 -5.916 -17.469 -16.883 -5.367 -17.846
5 24 17.207 -16.146 17.794 17.207 -15.897 17.806 17.424 -16.131 17.468 16.883 -15.907 18.023
5 24 17.424 -15.882 17.482 17.424 -16.131 17.468 17.207 -15.897 17.806 17.5 -16.113 17.084
5 24 -17.5 -5.954 -16.922 -17.5 -6.16 -17.085 -17.5 -7.744 -14.59 -17.424 -5.711 -17.305
5 24 17.5 -6.16 -17.085 17.5 -5.954 -16.922 17.5 -7.532 -14.436 17.424 -5.916 -17.469
5 24 17.424 -5.711 -17.305 17.424 -5.916 -17.469 17.207 -5.709 -17.795 17.5 -5.954 -16.922
5 24 -16.883 -5.571 -18.013 -16.883 -5.367 -17.846 -17.207 -5.709 -17.795 -16.5 -5.319 -17.922
5 24 -16.5 -5.319 -17.922 -16.5 -5.522 -18.09 16.5 -5.319 -17.922 -16.883 -5.571 -18.013
5 24 -17.5 -15.864 17.099 -17.5 -16.113 17.084 -17.424 -16.131 17.468 -17.5 -15.652 12.616
5 24 -16.5 -15.911 18.099 -16.5 -16.16 18.088 -16.883 -15.907 18.023 16.5 -16.16 18.088
5 24 -16.883 -16.156 18.012 -16.883 -15.907 18.023 -16.5 -16.16 18.088 -17.207 -15.897 17.806
5 24 -17.424 -16.131 17.468 -17.424 -15.882 17.482 -17.207 -16.146 17.794 -17.5 -15.864 17.099
5 24 16.883 -15.907 18.023 16.883 -16.156 18.012 16.5 -15.911 18.099 17.207 -16.146 17.794
5 24 16.5 -16.16 18.088 16.5 -15.911 18.099 16.883 -16.156 18.012 -16.5 -15.911 18.099
5 24 17.5 -16.113 17.084 17.5 -15.864 17.099 17.5 -15.901 12.583 17.424 -15.882 17.482

5 24 17.5 -13.119 -1.745 -17.5 -13.119 -1.745 -17.5 -10.735 -8.41 17.5 -14.847 5.295
5 24 -17.5 -10.735 -8.41 17.5 -10.735 -8.41 17.5 -13.119 -1.745 -17.5 -7.744 -14.59
5 24 17.5 -15.901 12.583 -17.5 -15.901 12.583 -17.5 -14.847 5.295 17.5 -16.085 16.484
5 24 17.5 -7.744 -14.59 -17.5 -7.744 -14.59 -17.5 -6.16 -17.085 17.5 -10.735 -8.41
5 24 -17.5 -14.847 5.295 17.5 -14.847 5.295 -17.5 -13.119 -1.745 17.5 -15.901 12.583
4 0 -17.207 -5.709 -17.795 -16.883 -5.571 -18.013 -17.5 -6.16 -17.085 -17.424 -5.916 -17.469
4 0 17.5 -6.16 -17.085 16.883 -5.571 -18.013 17.207 -5.709 -17.795 17.424 -5.916 -17.469
3 0 17.5 -6.16 -17.085 16.5 -5.522 -18.09 16.883 -5.571 -18.013
3 0 -2.592 -12.565 -3.295 -0.707 -12.669 -3.002 -1.458 -12.669 -3.002
4 0 -14.477 -14.966 6.115 -14.173 -15.016 6.462 -13.8 -15.259 8.139 -15.973 -15.157 7.435
3 0 -1.306 -7.061 -15.666 -16.5 -5.522 -18.09 -0.109 -6.99 -15.777
4 0 -4.164 -13.119 -1.745 -3.547 -12.863 -2.46 -2.658 -13.08 -1.854 -2.687 -13.119 -1.745
4 0 -14.319 -14.847 5.295 -14.378 -14.672 4.582 -13.378 -14.542 4.05 -13.183 -14.847 5.295
4 0 -11.887 -14.847 5.295 -11.772 -14.749 4.892 -11.178 -14.695 4.673 -10.818 -14.829 5.218
3 0 -3.702 -14.169 2.531 -3.722 -14.358 3.303 -4.177 -14.126 2.356
3 0 13.622 -14.393 3.445 13.561 -14.646 4.473 12.443 -14.579 4.2
4 0 -5.729 -13.63 0.336 -5.249 -13.359 -0.766 -4.989 -13.36 -0.761 -4.631 -13.517 -0.122
4 0 -8.705 -13.28 -1.089 -8.285 -13.844 1.207 -8.841 -13.973 1.733 -9.803 -13.737 0.773
4 0 -8.508 -14.184 2.593 -7.846 -14.264 2.918 -7.442 -14.488 3.833 -8.839 -14.211 2.704
4 0 -0.88 -14.331 3.191 -0.597 -14.203 2.67 0.431 -14.13 2.375 0.118 -14.532 4.009
3 0 13.393 -13.833 1.164 14.161 -13.826 1.134 13.394 -13.852 1.242
3 0 -10.888 -14.422 3.564 -9.528 -14.583 4.217 -10.883 -14.553 4.097
3 0 8.664 -16.016 15.021 8.613 -16.006 14.806 9.579 -15.918 12.953
4 0 -9.285 -15.827 12.073 -8.746 -15.746 11.509 -2.032 -15.758 11.596 -9.553 -15.901 12.583
4 0 7.373 -15.583 10.381 8.69 -15.737 11.452 9.526 -15.901 12.583 2.131 -15.738 11.458
3 0 0.566 -15.178 7.579 0.4 -15.133 7.271 1.372 -15.042 6.639
4 0 13.417 -14.847 5.295 13.338 -14.913 5.748 12.52 -14.928 5.855 12.494 -14.847 5.295
3 0 9.149 -14.874 5.479 12.041 -14.847 5.295 9.669 -14.914 5.757
4 0 3.22 -14.847 5.295 3.074 -14.878 5.509 2.057 -14.951 6.014 1.072 -14.865 5.416
4 0 -12.431 -14.892 5.606 -12.569 -14.892 5.604 -12.804 -14.847 5.295 -12.306 -14.847 5.295
4 0 -11.45 -15.179 7.589 -12.234 -15.167 7.503 -12.797 -14.951 6.013 -12.193 -14.991 6.286
3 0 -13.357 -9.538 -10.884 -11.037 -9.589 -10.778 -17.5 -10.735 -8.41
3 0 8.249 -8.313 -13.414 2.342 -7.744 -14.59 8.622 -8.29 -13.463
3 0 1.437 -7.684 -14.684 1.437 -7.744 -14.59 0.435 -7.62 -14.784
3 0 13.649 -7.592 -14.829 17.5 -7.744 -14.59 11.329 -7.659 -14.723
3 0 -17.5 -10.735 -8.41 -17.5 -7.744 -14.59 -14.489 -9.447 -11.072
4 0 -13.345 -9.356 -11.26 -17.5 -7.744 -14.59 -2.739 -8.388 -13.259 -11.026 -9.305 -11.366
3 0 -2.73 -8.602 -12.817 -11.026 -9.305 -11.366 -2.739 -8.388 -13.259
4 0 -11.026 -9.305 -11.366 -2.73 -8.602 -12.817 -2.438 -8.694 -12.626 -2.712 -9.263 -11.451
3 0 -14.489 -9.447 -11.072 -17.5 -7.744 -14.59 -14.26 -9.412 -11.144
3 0 -14.26 -9.412 -11.144 -17.5 -7.744 -14.59 -13.345 -9.356 -11.26
4 0 -1.216 -9.074 -11.843 -1.996 -9.065 -11.861 -2.438 -8.694 -12.626 -0.869 -8.694 -12.626
4 0 0.435 -9.316 -11.342 -0.578 -8.602 -12.817 -0.569 -8.388 -13.259 1.437 -9.267 -11.443
4 0 0.435 -9.316 -11.342 -0.769 -9.308 -11.359 -0.869 -8.694 -12.626 -0.578 -8.602 -12.817
4 0 -1.119 -9.245 -11.489 -1.216 -9.074 -11.843 -0.869 -8.694 -12.626 -0.769 -9.308 -11.359
4 0 -11.216 -13.034 -1.982 -17.5 -10.735 -8.41 -6.042 -12.69 -2.945 -10.862 -13.02 -2.022
4 0 -17.5 -13.119 -1.745 -17.5 -10.735 -8.41 -11.216 -13.034 -1.982 -11.591 -13.119 -1.745
4 0 17.5 -13.119 -1.745 7.279 -13.119 -1.745 6.937 -12.992 -2.101 17.5 -10.735 -8.41
3 0 6.937 -12.992 -2.101 6.521 -12.913 -2.321 17.5 -10.735 -8.41
3 0 -17.5 -10.735 -8.41 -2.961 -12.523 -3.411 -6.042 -12.69 -2.945
3 0 -10.11 -13.119 -1.745 -8.811 -13.066 -1.892 -8.94 -13.119 -1.745
3 0 6.521 -12.913 -2.321 6.128 -12.889 -2.389 17.5 -10.735 -8.41
4 0 5.205 -12.953 -2.209 4.49 -13.119 -1.745 3.914 -13.119 -1.745 3.235 -12.906 -2.339
4 0 2.601 -12.864 -2.456 6.128 -12.889 -2.389 5.205 -12.953 -2.209 3.235 -12.906 -2.339
4 0 -10.11 -13.119 -1.745 -10.46 -13.052 -1.93 -8.517 -13.011 -2.046 -8.811 -13.066 -1.892
4 0 -10.46 -13.052 -1.93 -10.862 -13.02 -2.022 -8.039 -12.971 -2.159 -8.517 -13.011 -2.046
4 0 -6.896 -13.119 -1.745 -7.071 -13.119 -1.745 -7.618 -12.987 -2.114 -6.561 -12.822 -2.574
4 0 -7.618 -12.987 -2.114 -8.039 -12.971 -2.159 -6.042 -12.69 -2.945 -6.561 -12.822 -2.574
3 0 -4.357 -12.801 -2.633 -5.319 -12.68 -2.972 -3.649 -12.602 -3.189
3 0 -8.039 -12.971 -2.159 -10.862 -13.02 -2.022 -6.042 -12.69 -2.945
4 0 -3.649 -12.602 -3.189 -5.319 -12.68 -2.972 -6.042 -12.69 -2.945 -2.961 -12.523 -3.411
4 0 6.128 -12.889 -2.389 2.601 -12.864 -2.456 -0.707 -12.669 -3.002 17.5 -10.735 -8.41
4 0 2.601 -12.864 -2.456 1.936 -12.908 -2.335 -0.415 -12.759 -2.752 -0.707 -12.669 -3.002
3 0 -2.245 -12.779 -2.696 -2.592 -12.565 -3.295 -1.458 -12.669 -3.002
3 0 -2.961 -12.523 -3.411 -0.707 -12.669 -3.002 -2.592 -12.565 -3.295
4 0 -17.5 -10.735 -8.41 17.5 -10.735 -8.41 -0.707 -12.669 -3.002 -2.961 -12.523 -3.411
4 0 0.458 -13.119 -1.745 0.341 -13.1 -1.798 -0.415 -12.759 -2.752 1.936 -12.908 -2.335
3 0 -17.5 -14.847 5.295 -15.538 -14.755 4.917 -14.895 -14.847 5.295
3 0 -17.5 -14.847 5.295 -16.061 -14.553 4.096 -15.538 -14.755 4.917
4 0 -17.5 -14.474 3.774 -17.328 -14.458 3.709 -16.835 -14.449 3.671 -17.5 -14.847 5.295
4 0 -17.5 -14.847 5.295 -16.835 -14.449 3.671 -16.389 -14.478 3.791 -16.061 -14.553 4.096
4 0 -14.895 -14.847 5.295 -16.961 -15.098 7.028 -17.5 -15.056 6.736 -17.5 -14.847 5.295
3 0 -14.741 -14.861 5.385 -14.477 -14.966 6.115 -14.895 -14.847 5.295
3 0 -12.248 -15.217 7.854 -12.858 -15.261 8.159 -12.535 -15.178 7.583
4 0 -16.961 -15.098 7.028 -14.895 -14.847 5.295 -14.477 -14.966 6.115 -15.973 -15.157 7.435
4 0 -14.173 -15.016 6.462 -12.535 -15.178 7.583 -12.858 -15.261 8.159 -13.8 -15.259 8.139
4 0 14.552 -7.427 -15.089 16.5 -5.522 -18.09 17.5 -6.16 -17.085 14.781 -7.473 -15.017
3 0 17.5 -7.744 -14.59 14.781 -7.473 -15.017 17.5 -6.16 -17.085
4 0 -16.883 -5.571 -18.013 -16.5 -5.522 -18.09 -14.489 -7.473 -15.017 -17.5 -6.16 -17.085
4 0 1.089 -7.023 -15.725 -0.109 -6.99 -15.777 -16.5 -5.522 -18.09 16.5 -5.522 -18.09
3 0 -17.5 -7.744 -14.59 -17.5 -6.16 -17.085 -14.489 -7.473 -15.017
3 0 -14.489 -7.473 -15.017 -16.5 -5.522 -18.09 -14.26 -7.427 -15.089
3 0 14.552 -7.427 -15.089 13.638 -7.353 -15.205 16.5 -5.522 -18.09
3 0 13.638 -7.353 -15.205 11.318 -7.286 -15.311 16.5 -5.522 -18.09
3 0 -14.26 -7.427 -15.089 -16.5 -5.522 -18.09 -13.345 -7.353 -15.205
3 0 -13.345 -7.353 -15.205 -16.5 -5.522 -18.09 -11.026 -7.286 -15.311
3 0 16.5 -5.522 -18.09 2.047 -7.118 -15.576 1.089 -7.023 -15.725
4 0 -1.306 -7.061 -15.666 -2.712 -7.232 -15.396 -11.026 -7.286 -15.311 -16.5 -5.522 -18.09
3 0 -2.04 -7.351 -15.209 -2.712 -7.232 -15.396 -1.919 -7.185 -15.47
3 0 -1.919 -7.185 -15.47 -2.712 -7.232 -15.396 -1.306 -7.061 -15.666
3 0 2.256 -7.181 -15.476 2.047 -7.118 -15.576 3.004 -7.232 -15.396
4 0 11.318 -7.286 -15.311 3.004 -7.232 -15.396 2.047 -7.118 -15.576 16.5 -5.522 -18.09
4 0 -5.909 -13.057 -1.916 -5.472 -12.899 -2.36 -4.708 -13.119 -1.745 -5.799 -13.119 -1.745
3 0 -5.472 -12.899 -2.36 -4.696 -13.039 -1.968 -4.708 -13.119 -1.745
4 0 -5.472 -12.899 -2.36 -5.909 -13.057 -1.916 -5.968 -12.928 -2.28 -5.729 -12.893 -2.376
4 0 -2.972 -12.778 -2.698 -2.658 -13.08 -1.854 -3.547 -12.863 -2.46 -3.155 -12.78 -2.691
4 0 -2.148 -13.119 -1.745 -2.055 -13.061 -1.906 -1.531 -12.924 -2.29 -0.502 -13.119 -1.745
4 0 -0.502 -13.119 -1.745 -1.531 -12.924 -2.29 -1.212 -12.892 -2.38 -0.973 -12.905 -2.343
4 0 -14.14 -14.478 3.79 -13.378 -14.542 4.05 -14.378 -14.672 4.582 -14.327 -14.57 4.163
4 0 -13.378 -14.542 4.05 -14.14 -14.478 3.79 -13.74 -14.418 3.546 -13.503 -14.452 3.683
4 0 -12.804 -14.847 5.295 -12.984 -14.505 3.902 -11.935 -14.346 3.253 -12.306 -14.847 5.295
3 0 -13.125 -14.417 3.544 -11.935 -14.346 3.253 -12.984 -14.505 3.902
4 0 -13.513 -14.328 3.179 -12.652 -14.176 2.561 -11.935 -14.346 3.253 -13.125 -14.417 3.544
3 0 -11.935 -14.346 3.253 -12.652 -14.176 2.561 -11.74 -14.276 2.967
4 0 -12.652 -14.176 2.561 -13.513 -14.328 3.179 -13.957 -14.328 3.18 -13.194 -14.096 2.235
4 0 -11.307 -14.028 1.957 -11.49 -14.239 2.816 -11.74 -14.276 2.967 -12.652 -14.176 2.561
4 0 -8.181 -14.474 3.775 -7.943 -14.526 3.985 -7.839 -14.595 4.265 -8.525 -14.562 4.131
4 0 -8.525 -14.562 4.131 -9.298 -14.494 3.856 -9.157 -14.317 3.134 -8.181 -14.474 3.775
4 0 -9.298 -14.494 3.856 -11.18 -14.253 2.875 -11.307 -14.028 1.957 -9.157 -14.317 3.134
3 0 -11.307 -14.028 1.957 -12.652 -14.176 2.561 -11.723 -13.932 1.566
3 0 -11.18 -14.253 2.875 -11.49 -14.239 2.816 -11.307 -14.028 1.957
4 0 -12.652 -14.176 2.561 -12.875 -14.077 2.155 -11.854 -13.832 1.16 -11.723 -13.932 1.566
4 0 -12.251 -13.551 0.014 -11.575 -13.31 -0.964 -11.359 -13.284 -1.071 -11.67 -13.51 -0.153
3 0 -11.67 -13.51 -0.153 -11.841 -13.71 0.664 -12.251 -13.551 0.014
4 0 -11.854 -13.832 1.16 -12.875 -14.077 2.155 -13.631 -13.872 1.321 -12.82 -13.711 0.666
4 0 -12.251 -13.551 0.014 -11.841 -13.71 0.664 -11.854 -13.832 1.16 -12.82 -13.711 0.666
4 0 -13.957 -14.328 3.18 -14.772 -14.027 1.954 -14.284 -13.869 1.31 -13.194 -14.096 2.235
4 0 -13.957 -14.328 3.18 -14.167 -14.353 3.28 -15.2 -14.126 2.357 -14.772 -14.027 1.954
4 0 -14.167 -14.353 3.28 -14.502 -14.431 3.6 -15.792 -14.181 2.58 -15.2 -14.126 2.357
4 0 -16.062 -14.406 3.499 -15.792 -14.181 2.58 -14.502 -14.431 3.6 -15.759 -14.484 3.817
4 0 -16.577 -14.357 3.298 -16.913 -14.346 3.254 -16.809 -14.112 2.298 -16.295 -14.171 2.538
3 0 -14.772 -14.57 4.167 -15.759 -14.484 3.817 -14.502 -14.431 3.6
3 0 -17.5 -13.935 1.578 -17.179 -14.038 1.996 -17.5 -14.363 3.323
4 0 -15.792 -14.181 2.58 -16.062 -14.406 3.499 -16.577 -14.357 3.298 -16.295 -14.171 2.538
4 0 -14.792 -14.761 4.943 -15.073 -14.728 4.809 -15.759 -14.484 3.817 -14.772 -14.57 4.167
4 0 -17.179 -14.038 1.996 -16.809 -14.112 2.298 -16.913 -14.346 3.254 -17.5 -14.363 3.323
3 0 -11.887 -14.847 5.295 -10.818 -14.829 5.218 -10.681 -14.847 5.295
3 0 -11.629 -14.458 3.708 -11.178 -14.695 4.673 -11.772 -14.749 4.892
4 0 -11.533 -14.394 3.449 -11.355 -14.357 3.296 -11.178 -14.695 4.673 -11.629 -14.458 3.708
4 0 -7.653 -14.756 4.924 -6.265 -14.821 5.188 -6.006 -14.847 5.295 -8.268 -14.847 5.295
3 0 -5.662 -14.765 4.958 -6.446 -14.774 4.996 -6.034 -14.575 4.185
4 0 -6.265 -14.821 5.188 -7.653 -14.756 4.924 -7.209 -14.626 4.392 -6.446 -14.774 4.996
4 0 -7.066 -14.392 3.441 -6.148 -14.426 3.578 -6.034 -14.575 4.185 -7.029 -14.474 3.772
4 0 -7.029 -14.474 3.772 -6.034 -14.575 4.185 -6.446 -14.774 4.996 -7.209 -14.626 4.392
4 0 -4.55 -14.784 5.037 -5.181 -14.71 4.734 -5.5 -14.625 4.388 -3.598 -14.494 3.854
4 0 -5.91 -14.47 3.756 -3.722 -14.358 3.303 -3.598 -14.494 3.854 -5.5 -14.625 4.388
4 0 -3.581 -14.773 4.992 -4.056 -14.793 5.072 -4.55 -14.784 5.037 -3.598 -14.494 3.854
4 0 -6.181 -13.848 1.223 -4.374 -14.062 2.096 -5.91 -14.47 3.756 -6.148 -14.426 3.578
4 0 -4.374 -14.062 2.096 -4.177 -14.126 2.356 -3.722 -14.358 3.303 -5.91 -14.47 3.756
4 0 -3.127 -14.689 4.65 -3.227 -14.725 4.794 -3.581 -14.773 4.992 -3.598 -14.494 3.854
3 0 -2.604 -14.65 4.492 -1.287 -14.481 3.8 -2.106 -14.732 4.826
4 0 -3.343 -14.158 2.487 -2.961 -14.103 2.261 -2.604 -14.65 4.492 -3.722 -14.358 3.303
3 0 -7.066 -14.392 3.441 -7.202 -14.309 3.101 -6.148 -14.426 3.578
4 0 -2.106 -14.732 4.826 -1.287 -14.481 3.8 -0.804 -14.73 4.818 -1.599 -14.752 4.905
4 0 -1.287 -14.481 3.8 -2.604 -14.65 4.492 -2.961 -14.103 2.261 -1.34 -14.329 3.185
4 0 -6.148 -14.426 3.578 -7.202 -14.309 3.101 -7.449 -14.225 2.758 -6.181 -13.848 1.223
4 0 -2.063 -13.813 1.082 -1.539 -13.705 0.642 -0.006 -13.889 1.393 -1.022 -14.174 2.552
4 0 -0.815 -13.641 0.38 -0.006 -13.889 1.393 -1.539 -13.705 0.642 -1.192 -13.665 0.479
4 0 -2.063 -13.813 1.082 -1.022 -14.174 2.552 -1.34 -14.329 3.185 -2.961 -14.103 2.261
3 0 -7.774 -14.156 2.48 -6.181 -13.848 1.223 -7.449 -14.225 2.758
4 0 -8.314 -13.964 1.697 -7.774 -14.156 2.48 -8.504 -14.073 2.142 -8.464 -14.01 1.885
4 0 -6.181 -13.848 1.223 -7.774 -14.156 2.48 -8.314 -13.964 1.697 -8.079 -13.931 1.564
4 0 -4.374 -14.062 2.096 -6.181 -13.848 1.223 -4.948 -13.658 0.449 -4.379 -13.93 1.558
4 0 -4.374 -13.613 0.266 -3.991 -13.681 0.546 -4.379 -13.93 1.558 -4.948 -13.658 0.449
3 0 -0.069 -13.687 0.568 0.098 -13.78 0.947 -0.252 -13.655 0.439
4 0 0.098 -13.78 0.947 -0.006 -13.889 1.393 -0.815 -13.641 0.38 -0.252 -13.655 0.439
3 0 -4.003 -13.638 0.37 -3.991 -13.681 0.546 -4.374 -13.613 0.266
3 0 -3.343 -14.158 2.487 -3.722 -14.358 3.303 -3.702 -14.169 2.531
4 0 3.335 -14.806 5.126 3.22 -14.847 5.295 0.317 -14.847 5.295 2.539 -14.743 4.868
4 0 0.317 -14.847 5.295 -0.061 -14.774 4.996 -0.401 -14.657 4.521 0.129 -14.627 4.395
4 0 0.129 -14.627 4.395 1.421 -14.608 4.32 2.539 -14.743 4.868 0.317 -14.847 5.295
4 0 8.354 -14.676 4.598 8.529 -14.675 4.594 12.041 -14.847 5.295 6.952 -14.847 5.295
4 0 10.742 -14.327 3.173 11.821 -14.366 3.335 11.935 -14.445 3.657 10.581 -14.469 3.752
4 0 10.581 -14.469 3.752 11.935 -14.445 3.657 12.041 -14.847 5.295 10.389 -14.528 3.994
3 0 11.638 -14.308 3.099 11.821 -14.366 3.335 11.37 -14.277 2.973
4 0 11.821 -14.366 3.335 10.742 -14.327 3.173 10.946 -14.28 2.983 11.37 -14.277 2.973
3 0 10.389 -14.528 3.994 12.041 -14.847 5.295 9.646 -14.611 4.333
3 0 9.646 -14.611 4.333 12.041 -14.847 5.295 8.529 -14.675 4.594
4 0 6.952 -14.847 5.295 6.562 -14.757 4.924 6.882 -14.362 3.319 8.354 -14.676 4.598
4 0 6.18 -14.71 4.733 6.461 -14.399 3.47 6.882 -14.362 3.319 6.562 -14.757 4.924
3 0 3.893 -14.813 5.153 4.27 -14.645 4.469 4.385 -14.825 5.203
4 0 5.72 -14.71 4.734 6.295 -14.392 3.44 6.461 -14.399 3.47 6.18 -14.71 4.733
3 0 9.175 -14.541 4.045 8.506 -14.63 4.41 8.524 -14.384 3.406
4 0 8.524 -14.384 3.406 8.506 -14.63 4.41 8.354 -14.676 4.598 6.882 -14.362 3.319
4 0 4.385 -14.825 5.203 4.27 -14.645 4.469 4.401 -14.514 3.936 5.72 -14.71 4.734
3 0 7.931 -14.172 2.543 8.524 -14.384 3.406 6.882 -14.362 3.319
4 0 4.407 -14.408 3.504 6.295 -14.392 3.44 5.72 -14.71 4.734 4.401 -14.514 3.936
4 0 4.754 -13.828 1.143 5.38 -13.941 1.604 4.407 -14.408 3.504 4.129 -13.957 1.669
4 0 4.393 -13.847 1.22 4.754 -13.828 1.143 4.129 -13.957 1.669 4.206 -13.895 1.417
4 0 5.38 -13.941 1.604 5.847 -13.97 1.72 7.267 -14.176 2.561 6.347 -14.346 3.254
4 0 8.221 -13.912 1.486 8.03 -13.998 1.836 7.263 -13.886 1.38 7.73 -13.886 1.378
4 0 5.38 -13.941 1.604 6.347 -14.346 3.254 6.295 -14.392 3.44 4.407 -14.408 3.504
4 0 8.03 -13.998 1.836 7.267 -14.176 2.561 5.847 -13.97 1.72 7.263 -13.886 1.38
4 0 10.316 -14.34 3.23 10.196 -14.435 3.617 10.06 -14.465 3.737 9.716 -14.471 3.761
3 0 9.396 -14.437 3.624 10.316 -14.34 3.23 9.716 -14.471 3.761
4 0 10.316 -14.34 3.23 9.396 -14.437 3.624 8.945 -14.354 3.286 10.298 -14.23 2.782
4 0 8.715 -14.275 2.964 10.185 -14.123 2.344 10.298 -14.23 2.782 8.945 -14.354 3.286
4 0 3.623 -14.659 4.526 3.367 -14.684 4.629 3.974 -14.54 4.043 3.832 -14.611 4.333
4 0 4.027 -14.444 3.653 3.974 -14.54 4.043 3.367 -14.684 4.629 2.801 -14.672 4.579
3 0 2.305 -14.583 4.218 4.027 -14.444 3.653 2.801 -14.672 4.579
4 0 4.027 -14.444 3.653 2.305 -14.583 4.218 3.541 -14.115 2.311 3.969 -14.323 3.158
3 0 3.709 -14.094 2.226 3.969 -14.323 3.158 3.541 -14.115 2.311
4 0 12.443 -14.579 4.2 13.561 -14.646 4.473 13.417 -14.847 5.295 12.494 -14.847 5.295
3 0 13.828 -14.847 5.295 14.409 -14.626 4.394 15.545 -14.847 5.295
4 0 14.036 -14.677 4.599 14.409 -14.626 4.394 13.828 -14.847 5.295 13.937 -14.713 4.748
4 0 15.688 -14.657 4.52 15.545 -14.847 5.295 14.409 -14.626 4.394 15.082 -14.581 4.209
3 0 15.626 -14.583 4.218 15.688 -14.657 4.52 15.082 -14.581 4.209
4 0 16.336 -14.818 5.174 16.018 -14.847 5.295 15.896 -14.847 5.295 16.074 -14.687 4.643
4 0 16.336 -14.818 5.174 16.074 -14.687 4.643 16.112 -14.496 3.862 17.5 -14.619 4.366
3 0 17.5 -14.229 2.777 17.5 -14.619 4.366 16.112 -14.496 3.862
4 0 14.78 -14.154 2.471 14.947 -14.082 2.178 17.5 -14.139 2.409 15.594 -14.454 3.691
4 0 17.5 -13.611 0.261 17.5 -14.139 2.409 16.302 -13.632 0.344 17.186 -13.601 0.218
4 0 14.157 -14.296 3.047 15.594 -14.454 3.691 14.042 -14.543 4.055 14.063 -14.378 3.384
3 0 14.78 -14.154 2.471 15.594 -14.454 3.691 14.157 -14.296 3.047
3 0 15.083 -13.795 1.009 17.5 -14.139 2.409 14.947 -14.082 2.178
4 0 15.172 -13.747 0.811 16.302 -13.632 0.344 17.5 -14.139 2.409 15.083 -13.795 1.009
3 0 17.5 -13.455 -0.377 17.07 -13.444 -0.421 17.5 -13.119 -1.745
4 0 12.764 -13.332 -0.876 16.191 -13.48 -0.276 14.181 -13.66 0.458 12.984 -13.404 -0.584
3 0 17.07 -13.444 -0.421 16.191 -13.48 -0.276 17.5 -13.119 -1.745
4 0 8.078 -13.363 -0.752 7.745 -13.296 -1.022 8.866 -13.362 -0.754 8.303 -13.378 -0.688
4 0 7.745 -13.296 -1.022 7.279 -13.119 -1.745 9.86 -13.196 -1.429 8.866 -13.362 -0.754
4 0 14.181 -13.66 0.458 13.499 -13.668 0.492 13.258 -13.637 0.367 12.984 -13.404 -0.584
3 0 9.86 -13.196 -1.429 7.279 -13.119 -1.745 10.035 -13.184 -1.479
3 0 10.736 -13.293 -1.037 10.433 -13.223 -1.319 12.194 -13.268 -1.137
4 0 16.191 -13.48 -0.276 12.764 -13.332 -0.876 12.194 -13.268 -1.137 17.5 -13.119 -1.745
3 0 7.279 -13.119 -1.745 17.5 -13.119 -1.745 10.035 -13.184 -1.479
4 0 17.5 -13.119 -1.745 12.194 -13.268 -1.137 10.433 -13.223 -1.319 10.035 -13.184 -1.479
4 0 3.914 -13.119 -1.745 4.49 -13.119 -1.745 4.214 -13.163 -1.565 4.08 -13.155 -1.599
4 0 2.359 -13.136 -1.674 2.495 -13.119 -1.745 2.874 -13.119 -1.745 2.325 -13.227 -1.305
3 0 3.883 -13.316 -0.941 3.777 -13.398 -0.606 2.874 -13.119 -1.745
4 0 2.23 -13.627 0.325 2.426 -13.541 -0.027 3.777 -13.398 -0.606 3.026 -13.759 0.862
4 0 3.777 -13.398 -0.606 2.437 -13.416 -0.534 2.325 -13.227 -1.305 2.874 -13.119 -1.745
4 0 4.948 -13.224 -1.317 6.479 -13.578 0.124 5.034 -13.752 0.833 4.448 -13.351 -0.801
4 0 4.948 -13.224 -1.317 5.721 -13.119 -1.745 6.49 -13.152 -1.608 6.479 -13.578 0.124
3 0 3.777 -13.398 -0.606 2.426 -13.541 -0.027 2.437 -13.416 -0.534
4 0 1.997 -14.496 3.863 3.026 -13.759 0.862 3.357 -13.697 0.611 3.933 -13.823 1.124
3 0 4.448 -13.351 -0.801 5.034 -13.752 0.833 4.664 -13.724 0.719
4 0 7.131 -13.394 -0.625 6.479 -13.578 0.124 6.49 -13.152 -1.608 6.862 -13.247 -1.222
3 0 4.664 -13.724 0.719 4.199 -13.765 0.885 4.448 -13.351 -0.801
3 0 2.23 -13.627 0.325 3.026 -13.759 0.862 1.869 -13.67 0.499
4 0 1.527 -13.662 0.468 1.869 -13.67 0.499 3.026 -13.759 0.862 0.624 -13.85 1.234
4 0 -0.334 -13.271 -1.127 -0.185 -13.243 -1.241 1.129 -13.596 0.199 -0.046 -13.577 0.121
4 0 -0.334 -13.271 -1.127 -0.046 -13.577 0.121 -0.969 -13.527 -0.081 -0.897 -13.469 -0.321
3 0 -0.046 -13.577 0.121 1.129 -13.596 0.199 0.386 -13.681 0.546
4 0 1.527 -13.662 0.468 0.624 -13.85 1.234 0.386 -13.681 0.546 1.129 -13.596 0.199
3 0 1.096 -14.434 3.609 1.997 -14.496 3.863 1.287 -14.492 3.849
4 0 1.891 -14.52 3.963 1.693 -14.528 3.993 1.287 -14.492 3.849 1.997 -14.496 3.863
4 0 1.096 -14.434 3.609 0.624 -13.85 1.234 3.026 -13.759 0.862 1.997 -14.496 3.863
4 0 4.448 -13.351 -0.801 4.199 -13.765 0.885 3.933 -13.823 1.124 3.357 -13.697 0.611
4 0 7.177 -13.792 0.995 5.672 -13.868 1.308 5.478 -13.849 1.228 6.39 -13.633 0.351
4 0 6.479 -13.578 0.124 6.39 -13.633 0.351 5.478 -13.849 1.228 5.034 -13.752 0.833
3 0 6.39 -13.633 0.351 6.712 -13.606 0.241 7.177 -13.792 0.995
4 0 6.712 -13.606 0.241 7.533 -13.474 -0.297 7.788 -13.789 0.986 7.177 -13.792 0.995
4 0 7.533 -13.474 -0.297 8.069 -13.523 -0.1 8.311 -13.818 1.103 7.788 -13.789 0.986
3 0 9.73 -13.426 -0.493 9.658 -13.49 -0.233 9.194 -13.5 -0.194
4 0 9.658 -13.49 -0.233 9.19 -13.695 0.601 8.702 -13.533 -0.056 9.194 -13.5 -0.194
3 0 8.311 -13.818 1.103 9.19 -13.695 0.601 8.494 -13.848 1.224
4 0 8.069 -13.523 -0.1 8.702 -13.533 -0.056 9.19 -13.695 0.601 8.311 -13.818 1.103
3 0 10.185 -13.473 -0.303 10.506 -13.61 0.255 9.653 -13.634 0.353
4 0 8.494 -13.848 1.224 9.19 -13.695 0.601 10.194 -14.02 1.925 8.62 -13.924 1.536
4 0 10.756 -13.677 0.528 10.194 -14.02 1.925 9.19 -13.695 0.601 9.653 -13.634 0.353
4 0 8.332 -14.071 2.132 8.812 -14.146 2.437 8.445 -14.154 2.47 8.345 -14.125 2.354
4 0 8.332 -14.071 2.132 8.62 -13.924 1.536 10.194 -14.02 1.925 8.812 -14.146 2.437
3 0 10.686 -14.199 2.654 10.547 -14.01 1.883 11.293 -14.174 2.554
4 0 13.199 -14.003 1.856 11.774 -14.208 2.691 11.293 -14.174 2.554 11.629 -13.895 1.415
4 0 11.629 -13.895 1.415 11.293 -14.174 2.554 10.547 -14.01 1.883 11.273 -13.909 1.472
4 0 11.309 -13.877 1.343 10.547 -14.01 1.883 10.194 -14.02 1.925 10.756 -13.677 0.528
3 0 10.506 -13.61 0.255 10.756 -13.677 0.528 9.653 -13.634 0.353
3 0 11.685 -13.776 0.932 11.309 -13.877 1.343 10.756 -13.677 0.528
3 0 11.273 -13.909 1.472 10.547 -14.01 1.883 11.309 -13.877 1.343
4 0 12.714 -13.728 0.735 13.199 -14.003 1.856 11.629 -13.895 1.415 12.397 -13.759 0.861
4 0 11.774 -14.208 2.691 13.199 -14.003 1.856 13.868 -14.222 2.748 12.061 -14.275 2.962
3 0 12.358 -14.443 3.65 12.061 -14.275 2.962 13.868 -14.222 2.748
4 0 -2.732 -13.369 -0.728 -2.148 -13.119 -1.745 -0.502 -13.119 -1.745 -1.512 -13.538 -0.037
4 0 -3.797 -13.557 0.039 -2.868 -13.39 -0.639 -1.512 -13.538 -0.037 -2.685 -13.81 1.07
3 0 -4.179 -13.513 -0.14 -2.868 -13.39 -0.639 -3.797 -13.557 0.039
3 0 -2.732 -13.369 -0.728 -1.512 -13.538 -0.037 -2.868 -13.39 -0.639
3 0 -2.687 -13.119 -1.745 -2.828 -13.248 -1.22 -4.164 -13.119 -1.745
3 0 -2.868 -13.39 -0.639 -4.164 -13.119 -1.745 -2.828 -13.248 -1.22
4 0 -5.573 -13.323 -0.912 -5.249 -13.359 -0.766 -5.729 -13.63 0.336 -6.204 -13.4 -0.599
4 0 -2.868 -13.39 -0.639 -4.179 -13.513 -0.14 -4.708 -13.315 -0.946 -4.164 -13.119 -1.745
4 0 -4.179 -13.513 -0.14 -4.631 -13.517 -0.122 -4.989 -13.36 -0.761 -4.708 -13.315 -0.946
4 0 -6.204 -13.4 -0.599 -6.27 -13.242 -1.243 -6.169 -13.172 -1.527 -5.573 -13.323 -0.912
4 0 -5.799 -13.119 -1.745 -4.708 -13.119 -1.745 -5.103 -13.26 -1.168 -5.705 -13.155 -1.597
3 0 -9.394 -13.246 -1.226 -10.11 -13.119 -1.745 -8.94 -13.119 -1.745
3 0 -11.591 -13.119 -1.745 -11.821 -13.155 -1.598 -17.5 -13.119 -1.745
4 0 -14.936 -13.379 -0.683 -11.821 -13.155 -1.598 -13.312 -13.617 0.286 -14.455 -13.506 -0.166
4 0 -14.113 -13.683 0.551 -14.455 -13.506 -0.166 -13.312 -13.617 0.286 -13.593 -13.68 0.54
3 0 -13.879 -13.711 0.668 -14.113 -13.683 0.551 -13.593 -13.68 0.54
3 0 -17.5 -13.475 -0.296 -17.5 -13.119 -1.745 -17.228 -13.41 -0.558
3 0 -17.228 -13.41 -0.558 -17.5 -13.119 -1.745 -16.804 -13.345 -0.825
3 0 -16.804 -13.345 -0.825 -17.5 -13.119 -1.745 -16.474 -13.322 -0.918
3 0 -16.474 -13.322 -0.918 -17.5 -13.119 -1.745 -15.824 -13.314 -0.952
3 0 -14.936 -13.379 -0.683 -15.318 -13.335 -0.864 -11.821 -13.155 -1.598
4 0 -11.821 -13.155 -1.598 -15.318 -13.335 -0.864 -15.824 -13.314 -0.952 -17.5 -13.119 -1.745
4 0 -14.687 -13.795 1.008 -15.143 -13.98 1.764 -15.107 -13.563 0.065 -14.827 -13.656 0.443
4 0 -15.143 -13.98 1.764 -15.569 -14.058 2.081 -15.989 -14.077 2.159 -16.386 -14.051 2.052
4 0 -15.107 -13.563 0.065 -15.143 -13.98 1.764 -16.386 -14.051 2.052 -16.741 -13.992 1.813
4 0 -16.358 -13.479 -0.28 -15.107 -13.563 0.065 -16.741 -13.992 1.813 -17.036 -13.915 1.496
3 0 -17.381 -13.698 0.612 -16.778 -13.523 -0.1 -17.253 -13.831 1.154
4 0 -17.253 -13.831 1.154 -16.778 -13.523 -0.1 -16.358 -13.479 -0.28 -17.036 -13.915 1.496
4 0 -15.851 -13.468 -0.321 -15.499 -13.493 -0.219 -15.107 -13.563 0.065 -16.358 -13.479 -0.28
4 0 -10.091 -13.659 0.457 -10.593 -13.801 1.035 -11.406 -13.743 0.798 -11.263 -13.572 0.102
4 0 -11.4 -13.867 1.304 -11.406 -13.743 0.798 -10.593 -13.801 1.035 -11.14 -13.876 1.337
3 0 -10.718 -13.233 -1.28 -9.866 -13.368 -0.731 -10.925 -13.326 -0.902
4 0 -10.091 -13.659 0.457 -9.866 -13.368 -0.731 -9.621 -13.426 -0.495 -9.64 -13.458 -0.364
4 0 -11.263 -13.572 0.102 -10.925 -13.326 -0.902 -9.866 -13.368 -0.731 -10.091 -13.659 0.457
4 0 -7.898 -13.17 -1.536 -7.438 -13.26 -1.172 -8.705 -13.28 -1.089 -8.223 -13.189 -1.457
4 0 -7.438 -13.26 -1.172 -7.748 -13.802 1.036 -8.285 -13.844 1.207 -8.705 -13.28 -1.089
4 0 -10.788 -13.957 1.667 -10.343 -13.892 1.404 -9.038 -14.076 2.155 -10.347 -14.038 1.998
3 0 -9.138 -14.196 2.64 -10.347 -14.038 1.998 -9.038 -14.076 2.155
4 0 -9.803 -13.737 0.773 -8.841 -13.973 1.733 -9.038 -14.076 2.155 -10.343 -13.892 1.404
4 0 -7.438 -13.26 -1.172 -6.706 -13.456 -0.373 -6.272 -13.605 0.235 -7.748 -13.802 1.036
4 0 -7.748 -13.802 1.036 -6.272 -13.605 0.235 -6.124 -13.72 0.704 -6.404 -13.767 0.894
3 0 -6.221 -13.752 0.832 -6.404 -13.767 0.894 -6.124 -13.72 0.704
3 0 -7.512 -14.368 3.342 -7.442 -14.488 3.833 -7.846 -14.264 2.918
4 0 -4.024 -13.979 1.76 -3.777 -14.076 2.155 -3.935 -14.063 2.102 -4.026 -14.031 1.972
4 0 -2.884 -13.901 1.439 -3.159 -14.014 1.902 -4.024 -13.979 1.76 -3.546 -13.763 0.877
4 0 -3.777 -14.076 2.155 -4.024 -13.979 1.76 -3.159 -14.014 1.902 -3.363 -14.051 2.051
4 0 -0.882 -14.441 3.64 -0.88 -14.331 3.191 0.118 -14.532 4.009 -0.566 -14.517 3.947
3 0 0.184 -14.006 1.869 0.431 -14.13 2.375 -0.597 -14.203 2.67
4 0 0.431 -14.13 2.375 0.725 -14.491 3.843 0.598 -14.514 3.938 0.118 -14.532 4.009
4 0 1.819 -13.143 -1.645 1.942 -13.253 -1.197 0.887 -13.386 -0.658 0.702 -13.309 -0.971
4 0 0.887 -13.386 -0.658 1.942 -13.253 -1.197 1.992 -13.516 -0.129 1.471 -13.534 -0.054
4 0 1.471 -13.534 -0.054 1.992 -13.516 -0.129 1.935 -13.552 0.02 1.727 -13.564 0.069
4 0 10.704 -13.509 -0.156 10.722 -13.469 -0.319 11.373 -13.433 -0.464 10.839 -13.555 0.032
4 0 10.839 -13.555 0.032 11.373 -13.433 -0.464 12.119 -13.436 -0.454 11.467 -13.65 0.418
4 0 11.467 -13.65 0.418 12.119 -13.436 -0.454 12.429 -13.482 -0.268 12.081 -13.655 0.438
4 0 12.523 -13.588 0.165 12.431 -13.621 0.3 12.081 -13.655 0.438 12.429 -13.482 -0.268
3 0 14.761 -13.79 0.99 14.729 -13.942 1.607 14.161 -13.826 1.134
3 0 14.459 -14.106 2.275 14.126 -14.104 2.265 14.729 -13.942 1.607
4 0 14.161 -13.826 1.134 14.729 -13.942 1.607 14.126 -14.104 2.265 13.896 -14.071 2.133
4 0 13.394 -13.852 1.242 14.161 -13.826 1.134 13.896 -14.071 2.133 13.534 -13.944 1.614
4 0 -8.066 -14.71 4.737 -8.385 -14.765 4.958 -9.07 -14.812 5.152 -9.528 -14.583 4.217
4 0 -10.228 -14.799 5.096 -9.528 -14.583 4.217 -9.07 -14.812 5.152 -9.792 -14.82 5.182
3 0 -10.572 -14.745 4.877 -9.528 -14.583 4.217 -10.228 -14.799 5.096
4 0 -10.572 -14.745 4.877 -10.784 -14.662 4.54 -10.883 -14.553 4.097 -9.528 -14.583 4.217
4 0 6.953 -15.956 13.76 2.541 -15.922 13.039 1.211 -15.901 12.583 9.526 -15.901 12.583
3 0 9.264 -16.16 18.088 8.664 -16.016 15.021 9.579 -15.918 12.953
3 0 8.104 -16.16 18.088 8.242 -16.061 15.974 9.264 -16.16 18.088
4 0 8.56 -16.021 15.126 8.64 -16.02 15.122 9.264 -16.16 18.088 8.242 -16.061 15.974
3 0 8.154 -16.006 14.826 8.56 -16.021 15.126 8.242 -16.061 15.974
3 0 1.211 -15.901 12.583 2.541 -15.922 13.039 1.718 -15.911 12.807
4 0 9.579 -15.918 12.953 7.639 -15.967 13.986 6.953 -15.956 13.76 9.526 -15.901 12.583
3 0 7.639 -15.967 13.986 9.579 -15.918 12.953 8.395 -15.991 14.502
3 0 8.64 -16.02 15.122 8.664 -16.016 15.021 9.264 -16.16 18.088
3 0 8.395 -15.991 14.502 9.579 -15.918 12.953 8.613 -16.006 14.806
4 0 -7.411 -15.96 13.845 -9.553 -15.901 12.583 -1.285 -15.901 12.583 -2.474 -15.92 12.997
4 0 -8.716 -16.012 14.942 -8.695 -16.021 15.14 -9.284 -16.16 18.088 -9.607 -15.924 13.068
4 0 -7.411 -15.96 13.845 -7.978 -15.973 14.115 -9.607 -15.924 13.068 -9.553 -15.901 12.583
3 0 -9.607 -15.924 13.068 -8.543 -15.994 14.571 -8.716 -16.012 14.942
3 0 -8.135 -16.16 18.088 -9.284 -16.16 18.088 -8.296 -16.031 15.358
4 0 -8.53 -16.019 15.094 -8.256 -16.006 14.817 -8.083 -16.005 14.799 -8.296 -16.031 15.358
3 0 -8.543 -15.994 14.571 -9.607 -15.924 13.068 -7.978 -15.973 14.115
4 0 -8.53 -16.019 15.094 -8.296 -16.031 15.358 -9.284 -16.16 18.088 -8.695 -16.021 15.14
4 0 -1.658 -15.813 11.975 -1.285 -15.901 12.583 -9.553 -15.901 12.583 -2.032 -15.758 11.596
4 0 -8.746 -15.746 11.509 -7.478 -15.592 10.448 -5.956 -15.445 9.432 -2.032 -15.758 11.596
4 0 -4.474 -15.342 8.714 -4.219 -15.364 8.866 -5.956 -15.445 9.432 -4.7 -15.347 8.75
3 0 -2.032 -15.758 11.596 -5.956 -15.445 9.432 -4.219 -15.364 8.866
3 0 -1.008 -15.879 12.434 -1.285 -15.901 12.583 -1.658 -15.813 11.975
4 0 1 -15.887 12.49 2.131 -15.738 11.458 9.526 -15.901 12.583 1.211 -15.901 12.583
3 0 4.406 -15.342 8.716 4.882 -15.363 8.861 2.131 -15.738 11.458
3 0 9.492 -15.866 12.34 9.526 -15.901 12.583 8.69 -15.737 11.452
4 0 7.373 -15.583 10.381 2.131 -15.738 11.458 4.882 -15.363 8.861 5.596 -15.417 9.237
3 0 1.326 -15.722 11.343 0.427 -15.566 10.268 0.567 -15.52 9.949
4 0 0.498 -15.793 11.834 0.008 -15.744 11.499 1.326 -15.722 11.343 1.133 -15.761 11.617
3 0 1.326 -15.722 11.343 0.136 -15.591 10.44 0.427 -15.566 10.268
3 0 0.793 -15.792 11.832 0.498 -15.793 11.834 1.133 -15.761 11.617
4 0 -0.898 -15.788 11.804 -1.225 -15.751 11.545 0.008 -15.744 11.499 -0.518 -15.795 11.847
4 0 -0.195 -15.585 10.398 0.136 -15.591 10.44 1.326 -15.722 11.343 0.008 -15.744 11.499
3 0 -1.225 -15.751 11.545 -1.381 -15.697 11.17 0.008 -15.744 11.499
3 0 -0.504 -15.501 9.814 -0.439 -15.551 10.159 -1.381 -15.697 11.17
4 0 0.008 -15.744 11.499 -1.381 -15.697 11.17 -0.439 -15.551 10.159 -0.195 -15.585 10.398
4 0 -0.504 -15.501 9.814 -1.381 -15.697 11.17 -1.402 -14.887 5.57 -0.501 -15.211 7.808
4 0 -0.504 -15.501 9.814 -0.501 -15.211 7.808 -0.336 -15.255 8.116 -0.364 -15.455 9.495
4 0 -0.03 -15.277 8.264 -0.073 -15.43 9.324 -0.364 -15.455 9.495 -0.336 -15.255 8.116
4 0 0.3 -15.266 8.193 0.258 -15.436 9.366 -0.073 -15.43 9.324 -0.03 -15.277 8.264
4 0 0.503 -15.47 9.604 0.527 -15.229 7.932 0.566 -15.178 7.579 1.372 -15.042 6.639
4 0 0.527 -15.229 7.932 0.503 -15.47 9.604 0.258 -15.436 9.366 0.3 -15.266 8.193
4 0 1.372 -15.042 6.639 1.326 -15.722 11.343 0.567 -15.52 9.949 0.503 -15.47 9.604
3 0 -0.501 -15.211 7.808 -1.402 -14.887 5.57 -0.463 -15.16 7.455
4 0 -0.235 -15.122 7.194 0.203 -14.945 5.966 0.824 -14.952 6.018 0.094 -15.112 7.123
3 0 1.316 -15.001 6.354 1.372 -15.042 6.639 0.824 -14.952 6.018
4 0 -1.055 -14.874 5.48 -0.637 -14.877 5.496 0.203 -14.945 5.966 -0.235 -15.122 7.194
4 0 -1.055 -14.874 5.48 -0.235 -15.122 7.194 -0.463 -15.16 7.455 -1.402 -14.887 5.57
4 0 1.372 -15.042 6.639 0.4 -15.133 7.271 0.094 -15.112 7.123 0.824 -14.952 6.018
4 0 15.675 -14.899 5.65 15.955 -14.915 5.759 16.961 -15.154 7.415 15.535 -15.223 7.896
4 0 13.686 -14.951 6.013 15.675 -14.899 5.65 15.535 -15.223 7.896 14.616 -15.234 7.969
4 0 13.083 -15.098 7.025 13.385 -15.063 6.784 14.014 -15.218 7.861 13.436 -15.188 7.654
4 0 13.436 -15.188 7.654 12.746 -15.138 7.306 12.531 -15.111 7.115 13.083 -15.098 7.025
4 0 17.5 -15.141 7.324 16.371 -14.898 5.641 16.844 -14.847 5.295 17.5 -14.847 5.295
4 0 14.014 -15.218 7.861 13.385 -15.063 6.784 13.686 -14.951 6.013 14.616 -15.234 7.969
4 0 17.5 -15.141 7.324 16.961 -15.154 7.415 15.955 -14.915 5.759 16.371 -14.898 5.641
4 0 15.675 -14.899 5.65 13.686 -14.951 6.013 13.828 -14.847 5.295 15.545 -14.847 5.295
4 0 13.048 -15.034 6.583 12.93 -15.032 6.57 12.715 -15 6.351 13.146 -15.007 6.396
4 0 13.146 -15.007 6.396 12.715 -15 6.351 12.52 -14.928 5.855 13.338 -14.913 5.748
3 0 12.041 -14.847 5.295 8.639 -14.866 5.42 6.952 -14.847 5.295
4 0 9.669 -14.914 5.757 12.041 -14.847 5.295 12.066 -14.902 5.673 10.428 -15.009 6.41
3 0 12.041 -14.847 5.295 9.149 -14.874 5.479 8.639 -14.866 5.42
3 0 12.345 -15.035 6.59 11.656 -15.048 6.68 12.066 -14.902 5.673
4 0 10.428 -15.009 6.41 12.066 -14.902 5.673 11.656 -15.048 6.68 10.813 -15.036 6.602
4 0 7.363 -14.883 5.54 6.952 -14.847 5.295 8.639 -14.866 5.42 7.768 -14.885 5.556
3 0 3.22 -14.847 5.295 1.072 -14.865 5.416 0.317 -14.847 5.295
4 0 3.074 -14.878 5.509 2.612 -14.938 5.918 2.325 -14.953 6.025 2.057 -14.951 6.014
3 0 -6.006 -14.847 5.295 -6.915 -14.966 6.114 -8.268 -14.847 5.295
3 0 -5.682 -14.867 5.429 -5.983 -14.93 5.866 -6.006 -14.847 5.295
4 0 -6.915 -14.966 6.114 -6.006 -14.847 5.295 -5.983 -14.93 5.866 -6.489 -14.968 6.131
4 0 -8.872 -14.886 5.558 -8.268 -14.847 5.295 -6.915 -14.966 6.114 -7.961 -14.932 5.882
4 0 -12.057 -14.934 5.89 -11.887 -14.847 5.295 -10.681 -14.847 5.295 -11.195 -14.969 6.134
3 0 -7.908 -14.998 6.337 -9.019 -15.031 6.568 -9.906 -14.91 5.727
4 0 -8.007 -15.019 6.48 -8.433 -15.036 6.6 -9.019 -15.031 6.568 -7.908 -14.998 6.337
4 0 -10.681 -14.847 5.295 -9.906 -14.91 5.727 -9.019 -15.031 6.568 -11.195 -14.969 6.134
4 0 -14.319 -14.847 5.295 -13.183 -14.847 5.295 -13.152 -14.877 5.497 -14.17 -14.922 5.809
4 0 -13.012 -14.919 5.79 -13.954 -14.967 6.119 -14.17 -14.922 5.809 -13.152 -14.877 5.497
3 0 -12.234 -15.167 7.503 -11.45 -15.179 7.589 -12.013 -15.184 7.625
4 0 -10.151 -15.068 6.819 -10.851 -15.141 7.325 -11.45 -15.179 7.589 -12.193 -14.991 6.286
4 0 -12.234 -15.167 7.503 -13.954 -14.967 6.119 -13.012 -14.919 5.79 -12.797 -14.951 6.013
4 0 -2.438 -8.694 -12.626 -1.996 -9.065 -11.861 -2.04 -9.522 -10.918 -2.712 -9.263 -11.451
4 0 -2.712 -9.263 -11.451 -2.04 -9.522 -10.918 -1.919 -9.648 -10.657 -2.722 -9.627 -10.699
3 0 -1.919 -9.648 -10.657 -1.306 -9.743 -10.461 -2.722 -9.627 -10.699
4 0 -1.306 -9.743 -10.461 -17.5 -10.735 -8.41 -11.037 -9.589 -10.778 -2.722 -9.627 -10.699
3 0 -0.109 -9.796 -10.35 -17.5 -10.735 -8.41 -1.306 -9.743 -10.461
3 0 2.342 -9.561 -10.837 3.014 -9.627 -10.699 2.256 -9.651 -10.65
3 0 2.256 -9.651 -10.65 3.014 -9.627 -10.699 2.047 -9.699 -10.551
4 0 11.329 -9.589 -10.778 17.5 -10.735 -8.41 2.047 -9.699 -10.551 3.014 -9.627 -10.699
3 0 2.047 -9.699 -10.551 17.5 -10.735 -8.41 1.089 -9.772 -10.401
4 0 -17.5 -10.735 -8.41 -0.109 -9.796 -10.35 1.089 -9.772 -10.401 17.5 -10.735 -8.41
3 0 14.781 -9.447 -11.072 17.5 -10.735 -8.41 14.564 -9.482 -11
3 0 -14.489 -9.447 -11.072 -14.272 -9.482 -11 -17.5 -10.735 -8.41
3 0 -14.272 -9.482 -11 -13.357 -9.538 -10.884 -17.5 -10.735 -8.41
3 0 14.564 -9.482 -11 17.5 -10.735 -8.41 13.649 -9.538 -10.884
3 0 13.649 -9.538 -10.884 17.5 -10.735 -8.41 11.329 -9.589 -10.778
3 0 17.5 -10.735 -8.41 14.781 -9.447 -11.072 17.5 -7.744 -14.59
4 0 12.296 -8.473 -13.084 17.5 -7.744 -14.59 14.781 -9.447 -11.072 14.552 -9.412 -11.144
4 0 14.552 -9.412 -11.144 13.638 -9.356 -11.26 12.178 -8.581 -12.861 12.296 -8.473 -13.084
3 0 12.178 -8.581 -12.861 13.638 -9.356 -11.26 11.928 -8.633 -12.754
4 0 3.014 -9.627 -10.699 2.342 -9.561 -10.837 2.342 -7.744 -14.59 3.004 -9.263 -11.451
4 0 13.638 -9.356 -11.26 11.318 -9.305 -11.366 11.555 -8.656 -12.705 11.928 -8.633 -12.754
4 0 5.661 -8.671 -12.675 6.033 -8.647 -12.725 11.318 -9.305 -11.366 3.004 -9.263 -11.451
3 0 11.318 -9.305 -11.366 11.183 -8.633 -12.754 11.555 -8.656 -12.705
4 0 9.244 -8.581 -12.861 10.933 -8.581 -12.861 11.183 -8.633 -12.754 11.318 -9.305 -11.366
4 0 5.038 -8.379 -13.277 4.92 -8.487 -13.054 3.004 -9.263 -11.451 2.342 -7.744 -14.59
3 0 4.92 -8.487 -13.054 5.038 -8.595 -12.832 3.004 -9.263 -11.451
4 0 9.244 -8.581 -12.861 9.363 -8.473 -13.084 10.814 -8.473 -13.084 10.933 -8.581 -12.861
3 0 11.318 -9.305 -11.366 8.622 -8.656 -12.705 8.994 -8.633 -12.754
3 0 5.038 -8.595 -12.832 5.288 -8.647 -12.725 3.004 -9.263 -11.451
3 0 5.288 -8.647 -12.725 5.661 -8.671 -12.675 3.004 -9.263 -11.451
3 0 9.244 -8.581 -12.861 11.318 -9.305 -11.366 8.994 -8.633 -12.754
4 0 7.881 -8.473 -13.084 7.999 -8.581 -12.861 6.283 -8.595 -12.832 6.402 -8.487 -13.054
4 0 6.033 -8.647 -12.725 6.283 -8.595 -12.832 7.999 -8.581 -12.861 8.249 -8.633 -12.754
4 0 6.033 -8.647 -12.725 8.249 -8.633 -12.754 8.622 -8.656 -12.705 11.318 -9.305 -11.366
3 0 12.296 -8.473 -13.084 12.178 -8.365 -13.306 17.5 -7.744 -14.59
3 0 12.178 -8.365 -13.306 11.928 -8.313 -13.414 17.5 -7.744 -14.59
3 0 5.038 -8.379 -13.277 2.342 -7.744 -14.59 5.288 -8.327 -13.384
3 0 11.928 -8.313 -13.414 11.555 -8.29 -13.463 17.5 -7.744 -14.59
4 0 8.994 -8.313 -13.414 8.622 -8.29 -13.463 11.555 -8.29 -13.463 11.183 -8.313 -13.414
3 0 5.288 -8.327 -13.384 2.342 -7.744 -14.59 5.661 -8.304 -13.433
4 0 6.033 -8.327 -13.384 5.661 -8.304 -13.433 2.342 -7.744 -14.59 8.249 -8.313 -13.414
4 0 11.555 -8.29 -13.463 8.622 -8.29 -13.463 2.342 -7.744 -14.59 17.5 -7.744 -14.59
4 0 9.244 -8.365 -13.306 10.933 -8.365 -13.306 10.814 -8.473 -13.084 9.363 -8.473 -13.084
4 0 9.244 -8.365 -13.306 8.994 -8.313 -13.414 11.183 -8.313 -13.414 10.933 -8.365 -13.306
4 0 6.402 -8.487 -13.054 6.283 -8.379 -13.277 7.999 -8.365 -13.306 7.881 -8.473 -13.084
4 0 6.283 -8.379 -13.277 6.033 -8.327 -13.384 8.249 -8.313 -13.414 7.999 -8.365 -13.306
4 0 1.437 -9.267 -11.443 -0.569 -8.388 -13.259 -1.132 -7.744 -14.59 1.437 -7.744 -14.59
4 0 -0.569 -8.388 -13.259 -0.833 -8.295 -13.452 -1.216 -7.892 -14.284 -1.132 -7.744 -14.59
4 0 -1.996 -7.901 -14.266 -2.475 -8.295 -13.452 -2.739 -8.388 -13.259 -2.011 -7.744 -14.59
3 0 -17.5 -7.744 -14.59 -2.011 -7.744 -14.59 -2.739 -8.388 -13.259
4 0 -2.475 -8.295 -13.452 -1.996 -7.901 -14.266 -1.216 -7.892 -14.284 -0.833 -8.295 -13.452
3 0 -14.489 -7.473 -15.017 -14.272 -7.518 -14.945 -17.5 -7.744 -14.59
3 0 -14.272 -7.518 -14.945 -13.357 -7.592 -14.829 -17.5 -7.744 -14.59
4 0 -2.011 -7.744 -14.59 -2.722 -7.709 -14.644 -2.712 -7.232 -15.396 -2.04 -7.351 -15.209
3 0 -13.357 -7.592 -14.829 -11.037 -7.659 -14.723 -17.5 -7.744 -14.59
4 0 -17.5 -7.744 -14.59 -11.037 -7.659 -14.723 -2.722 -7.709 -14.644 -2.011 -7.744 -14.59
4 0 -0.769 -7.631 -14.767 0.435 -7.62 -14.784 1.437 -7.744 -14.59 -1.132 -7.744 -14.59
3 0 2.342 -7.299 -15.29 3.014 -7.709 -14.644 2.342 -7.744 -14.59
4 0 2.256 -7.181 -15.476 3.004 -7.232 -15.396 3.014 -7.709 -14.644 2.342 -7.299 -15.29
3 0 14.781 -7.473 -15.017 17.5 -7.744 -14.59 14.564 -7.518 -14.945
3 0 14.564 -7.518 -14.945 17.5 -7.744 -14.59 13.649 -7.592 -14.829
4 0 17.5 -7.744 -14.59 2.342 -7.744 -14.59 3.014 -7.709 -14.644 11.329 -7.659 -14.723
4 71 -11.216 -13.034 -1.982 -10.862 -13.02 -2.022 -10.46 -13.052 -1.93 -11.591 -13.119 -1.745
4 71 -8.517 -13.011 -2.046 -8.039 -12.971 -2.159 -7.618 -12.987 -2.114 -7.071 -13.119 -1.745
4 71 -2.687 -13.119 -1.745 -2.658 -13.08 -1.854 -2.055 -13.061 -1.906 -2.148 -13.119 -1.745
4 71 3.914 -13.119 -1.745 2.874 -13.119 -1.745 2.634 -13.093 -1.817 3.235 -12.906 -2.339
4 71 -14.772 -14.57 4.167 -14.502 -14.431 3.6 -14.14 -14.478 3.79 -14.327 -14.57 4.163
4 71 -7.209 -14.626 4.392 -7.839 -14.595 4.265 -7.943 -14.526 3.985 -7.442 -14.488 3.833
4 71 -10.818 -14.829 5.218 -10.572 -14.745 4.877 -10.228 -14.799 5.096 -10.681 -14.847 5.295
4 71 17.5 -14.619 4.366 17.5 -14.732 4.825 16.844 -14.847 5.295 16.336 -14.818 5.174
4 71 13.258 -13.637 0.367 12.714 -13.728 0.735 12.431 -13.621 0.3 12.523 -13.588 0.165
4 71 2.874 -13.119 -1.745 3.914 -13.119 -1.745 4.08 -13.155 -1.599 3.883 -13.316 -0.941
4 71 -3.991 -13.681 0.546 -3.546 -13.763 0.877 -4.024 -13.979 1.76 -4.379 -13.93 1.558
4 71 -2.148 -13.119 -1.745 -2.732 -13.369 -0.728 -2.868 -13.39 -0.639 -2.828 -13.248 -1.22
4 71 -3.702 -14.169 2.531 -3.777 -14.076 2.155 -3.363 -14.051 2.051 -3.343 -14.158 2.487
4 71 1.527 -13.662 0.468 1.129 -13.596 0.199 0.887 -13.386 -0.658 1.471 -13.534 -0.054
3 71 9.579 -15.918 12.953 9.526 -15.901 12.583 10.238 -15.901 12.583
4 71 8.242 -16.061 15.974 7.521 -16.025 15.216 7.211 -16.001 14.716 8.154 -16.006 14.826
3 71 -7.256 -16.002 14.741 -7.546 -16.027 15.268 -8.083 -16.005 14.799
3 71 -5.682 -14.867 5.429 -6.006 -14.847 5.295 -2.753 -14.856 5.354
4 71 -4.118 -15.237 7.993 -4.474 -15.342 8.714 -4.7 -15.347 8.75 -4.381 -15.224 7.899
4 71 -0.073 -15.43 9.324 0.258 -15.436 9.366 0.503 -15.47 9.604 -0.364 -15.455 9.495
3 71 -0.235 -15.122 7.194 0.094 -15.112 7.123 0.4 -15.133 7.271
4 71 16.371 -14.898 5.641 15.955 -14.915 5.759 15.896 -14.847 5.295 16.018 -14.847 5.295
4 71 5.661 -8.671 -12.675 5.288 -8.647 -12.725 5.038 -8.595 -12.832 5.288 -8.327 -13.384
4 71 8.622 -8.656 -12.705 8.249 -8.633 -12.754 7.999 -8.581 -12.861 8.249 -8.313 -13.414
4 71 2.256 -9.651 -10.65 2.047 -9.699 -10.551 1.437 -9.267 -11.443 2.342 -9.561 -10.837
4 71 11.318 -9.305 -11.366 13.638 -9.356 -11.26 13.649 -9.538 -10.884 11.329 -9.589 -10.778
4 71 -1.996 -7.901 -14.266 -2.011 -7.744 -14.59 -1.132 -7.744 -14.59 -1.216 -7.892 -14.284
4 71 14.564 -7.518 -14.945 13.649 -7.592 -14.829 13.638 -7.353 -15.205 14.552 -7.427 -15.089
4 71 -2.722 -7.709 -14.644 -11.037 -7.659 -14.723 -13.345 -7.353 -15.205 -11.026 -7.286 -15.311
3 71 -10.11 -13.119 -1.745 -11.591 -13.119 -1.745 -10.46 -13.052 -1.93
4 71 -7.071 -13.119 -1.745 -8.94 -13.119 -1.745 -8.811 -13.066 -1.892 -8.517 -13.011 -2.046
3 71 -5.799 -13.119 -1.745 -6.896 -13.119 -1.745 -5.909 -13.057 -1.916
4 71 -6.561 -12.822 -2.574 -5.968 -12.928 -2.28 -5.909 -13.057 -1.916 -6.896 -13.119 -1.745
4 71 -5.472 -12.899 -2.36 -5.729 -12.893 -2.376 -6.042 -12.69 -2.945 -5.319 -12.68 -2.972
4 71 -4.164 -13.119 -1.745 -4.357 -12.801 -2.633 -3.649 -12.602 -3.189 -3.547 -12.863 -2.46
4 71 -3.547 -12.863 -2.46 -3.649 -12.602 -3.189 -2.961 -12.523 -3.411 -3.155 -12.78 -2.691
4 71 -4.696 -13.039 -1.968 -5.472 -12.899 -2.36 -5.319 -12.68 -2.972 -4.357 -12.801 -2.633
4 71 -6.561 -12.822 -2.574 -6.042 -12.69 -2.945 -5.729 -12.893 -2.376 -5.968 -12.928 -2.28
4 71 -4.357 -12.801 -2.633 -4.164 -13.119 -1.745 -4.708 -13.119 -1.745 -4.696 -13.039 -1.968
4 71 -0.973 -12.905 -2.343 -1.212 -12.892 -2.38 -1.458 -12.669 -3.002 -0.707 -12.669 -3.002
4 71 -0.502 -13.119 -1.745 -0.973 -12.905 -2.343 -0.707 -12.669 -3.002 -0.415 -12.759 -2.752
3 71 -0.415 -12.759 -2.752 0.341 -13.1 -1.798 -0.502 -13.119 -1.745
3 71 0.341 -13.1 -1.798 0.458 -13.119 -1.745 -0.502 -13.119 -1.745
4 71 -2.245 -12.779 -2.696 -1.458 -12.669 -3.002 -1.212 -12.892 -2.38 -1.531 -12.924 -2.29
4 71 -2.592 -12.565 -3.295 -2.972 -12.778 -2.698 -3.155 -12.78 -2.691 -2.961 -12.523 -3.411
4 71 -2.658 -13.08 -1.854 -2.972 -12.778 -2.698 -2.592 -12.565 -3.295 -2.245 -12.779 -2.696
4 71 -1.531 -12.924 -2.29 -2.055 -13.061 -1.906 -2.658 -13.08 -1.854 -2.245 -12.779 -2.696
4 71 0.458 -13.119 -1.745 1.936 -12.908 -2.335 2.601 -12.864 -2.456 2.495 -13.119 -1.745
4 71 2.495 -13.119 -1.745 2.601 -12.864 -2.456 3.235 -12.906 -2.339 2.634 -13.093 -1.817
4 71 4.49 -13.119 -1.745 5.205 -12.953 -2.209 6.128 -12.889 -2.389 5.721 -13.119 -1.745
4 71 6.128 -12.889 -2.389 6.521 -12.913 -2.321 6.937 -12.992 -2.101 5.721 -13.119 -1.745
3 71 6.937 -12.992 -2.101 7.279 -13.119 -1.745 5.721 -13.119 -1.745
4 71 -7.454 -15.911 18.099 -8.134 -15.911 18.099 -8.135 -16.16 18.088 -7.455 -16.16 18.088
4 71 -14.378 -14.672 4.582 -14.319 -14.847 5.295 -14.895 -14.847 5.295 -14.792 -14.761 4.943
4 71 -15.538 -14.755 4.917 -15.073 -14.728 4.809 -14.792 -14.761 4.943 -14.895 -14.847 5.295
4 71 -16.913 -14.346 3.254 -17.328 -14.458 3.709 -17.5 -14.474 3.774 -17.5 -14.363 3.323
4 71 -16.577 -14.357 3.298 -16.835 -14.449 3.671 -17.328 -14.458 3.709 -16.913 -14.346 3.254
4 71 -16.835 -14.449 3.671 -16.577 -14.357 3.298 -16.062 -14.406 3.499 -16.389 -14.478 3.791
4 71 -16.389 -14.478 3.791 -16.062 -14.406 3.499 -15.759 -14.484 3.817 -16.061 -14.553 4.096
4 71 -16.061 -14.553 4.096 -15.759 -14.484 3.817 -15.073 -14.728 4.809 -15.538 -14.755 4.917
4 71 -13.183 -14.847 5.295 -13.378 -14.542 4.05 -12.984 -14.505 3.902 -12.804 -14.847 5.295
4 71 -13.125 -14.417 3.544 -12.984 -14.505 3.902 -13.378 -14.542 4.05 -13.503 -14.452 3.683
4 71 -14.167 -14.353 3.28 -13.957 -14.328 3.18 -13.513 -14.328 3.179 -13.74 -14.418 3.546
4 71 -13.74 -14.418 3.546 -13.513 -14.328 3.179 -13.125 -14.417 3.544 -13.503 -14.452 3.683
4 71 -14.502 -14.431 3.6 -14.167 -14.353 3.28 -13.74 -14.418 3.546 -14.14 -14.478 3.79
4 71 -14.327 -14.57 4.163 -14.378 -14.672 4.582 -14.792 -14.761 4.943 -14.772 -14.57 4.167
4 71 -11.629 -14.458 3.708 -11.772 -14.749 4.892 -11.887 -14.847 5.295 -12.306 -14.847 5.295
3 71 -12.306 -14.847 5.295 -11.935 -14.346 3.253 -11.629 -14.458 3.708
4 71 -11.629 -14.458 3.708 -11.935 -14.346 3.253 -11.74 -14.276 2.967 -11.533 -14.394 3.449
4 71 -11.533 -14.394 3.449 -11.74 -14.276 2.967 -11.49 -14.239 2.816 -11.355 -14.357 3.296
4 71 -11.49 -14.239 2.816 -11.18 -14.253 2.875 -10.888 -14.422 3.564 -11.355 -14.357 3.296
4 71 -11.18 -14.253 2.875 -9.298 -14.494 3.856 -9.528 -14.583 4.217 -10.888 -14.422 3.564
3 71 -7.209 -14.626 4.392 -7.653 -14.756 4.924 -7.839 -14.595 4.265
4 71 -8.525 -14.562 4.131 -7.839 -14.595 4.265 -7.653 -14.756 4.924 -8.066 -14.71 4.737
4 71 -9.157 -14.317 3.134 -8.839 -14.211 2.704 -7.442 -14.488 3.833 -8.181 -14.474 3.775
4 71 -8.066 -14.71 4.737 -9.528 -14.583 4.217 -9.298 -14.494 3.856 -8.525 -14.562 4.131
3 71 -7.943 -14.526 3.985 -8.181 -14.474 3.775 -7.442 -14.488 3.833
3 71 -8.268 -14.847 5.295 -10.681 -14.847 5.295 -9.792 -14.82 5.182
3 71 -9.792 -14.82 5.182 -10.681 -14.847 5.295 -10.228 -14.799 5.096
4 71 -10.888 -14.422 3.564 -10.883 -14.553 4.097 -11.178 -14.695 4.673 -11.355 -14.357 3.296
3 71 -10.784 -14.662 4.54 -11.178 -14.695 4.673 -10.883 -14.553 4.097
4 71 -8.385 -14.765 4.958 -8.066 -14.71 4.737 -7.653 -14.756 4.924 -8.268 -14.847 5.295
4 71 -10.818 -14.829 5.218 -11.178 -14.695 4.673 -10.784 -14.662 4.54 -10.572 -14.745 4.877
3 71 -9.07 -14.812 5.152 -8.385 -14.765 4.958 -8.268 -14.847 5.295
3 71 -9.792 -14.82 5.182 -9.07 -14.812 5.152 -8.268 -14.847 5.295
3 71 0.317 -14.847 5.295 -6.006 -14.847 5.295 -4.056 -14.793 5.072
4 71 -6.446 -14.774 4.996 -5.662 -14.765 4.958 -6.006 -14.847 5.295 -6.265 -14.821 5.188
3 71 -4.056 -14.793 5.072 -6.006 -14.847 5.295 -4.55 -14.784 5.037
4 71 -6.148 -14.426 3.578 -5.91 -14.47 3.756 -5.5 -14.625 4.388 -6.034 -14.575 4.185
4 71 -1.599 -14.752 4.905 -0.804 -14.73 4.818 -0.061 -14.774 4.996 0.317 -14.847 5.295
4 71 -6.034 -14.575 4.185 -5.5 -14.625 4.388 -5.181 -14.71 4.734 -5.662 -14.765 4.958
4 71 -6.006 -14.847 5.295 -5.662 -14.765 4.958 -5.181 -14.71 4.734 -4.55 -14.784 5.037
4 71 1.693 -14.528 3.993 1.891 -14.52 3.963 2.305 -14.583 4.218 1.421 -14.608 4.32
3 71 1.421 -14.608 4.32 0.129 -14.627 4.395 0.598 -14.514 3.938
3 71 4.407 -14.408 3.504 4.027 -14.444 3.653 3.969 -14.323 3.158
4 71 3.709 -14.094 2.226 4.129 -13.957 1.669 4.407 -14.408 3.504 3.969 -14.323 3.158
3 71 4.206 -13.895 1.417 4.129 -13.957 1.669 3.933 -13.823 1.124
4 71 4.129 -13.957 1.669 3.709 -14.094 2.226 3.541 -14.115 2.311 3.933 -13.823 1.124
4 71 -1.599 -14.752 4.905 0.317 -14.847 5.295 -4.056 -14.793 5.072 -3.581 -14.773 4.992
4 71 -3.722 -14.358 3.303 -2.604 -14.65 4.492 -3.127 -14.689 4.65 -3.598 -14.494 3.854
4 71 -3.127 -14.689 4.65 -2.604 -14.65 4.492 -2.106 -14.732 4.826 -3.227 -14.725 4.794
3 71 5.38 -13.941 1.604 4.754 -13.828 1.143 5.478 -13.849 1.228
4 71 5.847 -13.97 1.72 5.38 -13.941 1.604 5.478 -13.849 1.228 5.672 -13.868 1.308
4 71 -3.581 -14.773 4.992 -3.227 -14.725 4.794 -2.106 -14.732 4.826 -1.599 -14.752 4.905
4 71 7.931 -14.172 2.543 6.882 -14.362 3.319 6.347 -14.346 3.254 7.267 -14.176 2.561
4 71 6.295 -14.392 3.44 6.347 -14.346 3.254 6.882 -14.362 3.319 6.461 -14.399 3.47
4 71 8.445 -14.154 2.47 8.715 -14.275 2.964 8.524 -14.384 3.406 7.931 -14.172 2.543
4 71 10.194 -14.02 1.925 10.185 -14.123 2.344 8.715 -14.275 2.964 8.812 -14.146 2.437
3 71 10.316 -14.34 3.23 10.298 -14.23 2.782 10.742 -14.327 3.173
3 71 8.445 -14.154 2.47 8.812 -14.146 2.437 8.715 -14.275 2.964
4 71 8.332 -14.071 2.132 7.931 -14.172 2.543 7.267 -14.176 2.561 8.03 -13.998 1.836
3 71 7.931 -14.172 2.543 8.345 -14.125 2.354 8.445 -14.154 2.47
4 71 10.742 -14.327 3.173 10.298 -14.23 2.782 10.185 -14.123 2.344 10.686 -14.199 2.654
4 71 -0.804 -14.73 4.818 -1.287 -14.481 3.8 -0.882 -14.441 3.64 -0.566 -14.517 3.947
3 71 -0.061 -14.774 4.996 -0.804 -14.73 4.818 -0.401 -14.657 4.521
4 71 -0.804 -14.73 4.818 -0.566 -14.517 3.947 0.118 -14.532 4.009 -0.401 -14.657 4.521
3 71 0.725 -14.491 3.843 1.421 -14.608 4.32 0.598 -14.514 3.938
4 71 1.421 -14.608 4.32 0.725 -14.491 3.843 1.096 -14.434 3.609 1.287 -14.492 3.849
4 71 0.598 -14.514 3.938 0.129 -14.627 4.395 -0.401 -14.657 4.521 0.118 -14.532 4.009
3 71 1.693 -14.528 3.993 1.421 -14.608 4.32 1.287 -14.492 3.849
3 71 1.891 -14.52 3.963 1.997 -14.496 3.863 2.305 -14.583 4.218
4 71 4.206 -13.895 1.417 3.933 -13.823 1.124 4.199 -13.765 0.885 4.393 -13.847 1.22
4 71 4.199 -13.765 0.885 4.664 -13.724 0.719 4.754 -13.828 1.143 4.393 -13.847 1.22
4 71 4.664 -13.724 0.719 5.034 -13.752 0.833 5.478 -13.849 1.228 4.754 -13.828 1.143
4 71 3.933 -13.823 1.124 3.541 -14.115 2.311 2.305 -14.583 4.218 1.997 -14.496 3.863
4 71 7.263 -13.886 1.38 5.847 -13.97 1.72 5.672 -13.868 1.308 7.177 -13.792 0.995
4 71 7.73 -13.886 1.378 7.263 -13.886 1.38 7.177 -13.792 0.995 7.788 -13.789 0.986
4 71 8.62 -13.924 1.536 8.221 -13.912 1.486 8.311 -13.818 1.103 8.494 -13.848 1.224
4 71 7.788 -13.789 0.986 8.311 -13.818 1.103 8.221 -13.912 1.486 7.73 -13.886 1.378
4 71 8.03 -13.998 1.836 8.221 -13.912 1.486 8.62 -13.924 1.536 8.332 -14.071 2.132
4 71 11.935 -14.445 3.657 12.443 -14.579 4.2 12.494 -14.847 5.295 12.041 -14.847 5.295
4 71 12.443 -14.579 4.2 11.935 -14.445 3.657 11.821 -14.366 3.335 12.358 -14.443 3.65
4 71 10.686 -14.199 2.654 10.185 -14.123 2.344 10.194 -14.02 1.925 10.547 -14.01 1.883
4 71 10.742 -14.327 3.173 10.686 -14.199 2.654 11.293 -14.174 2.554 10.946 -14.28 2.983
4 71 10.946 -14.28 2.983 11.293 -14.174 2.554 11.774 -14.208 2.691 11.37 -14.277 2.973
4 71 13.828 -14.847 5.295 13.417 -14.847 5.295 13.561 -14.646 4.473 13.937 -14.713 4.748
4 71 14.042 -14.543 4.055 14.036 -14.677 4.599 13.937 -14.713 4.748 13.561 -14.646 4.473
4 71 14.063 -14.378 3.384 14.042 -14.543 4.055 13.561 -14.646 4.473 13.622 -14.393 3.445
3 71 8.345 -14.125 2.354 7.931 -14.172 2.543 8.332 -14.071 2.132
4 71 16.074 -14.687 4.643 15.896 -14.847 5.295 15.545 -14.847 5.295 15.688 -14.657 4.52
4 71 15.688 -14.657 4.52 15.626 -14.583 4.218 16.112 -14.496 3.862 16.074 -14.687 4.643
4 71 17.5 -14.139 2.409 17.5 -14.229 2.777 16.112 -14.496 3.862 15.594 -14.454 3.691
4 71 15.082 -14.581 4.209 15.594 -14.454 3.691 16.112 -14.496 3.862 15.626 -14.583 4.218
4 71 15.594 -14.454 3.691 15.082 -14.581 4.209 14.409 -14.626 4.394 14.042 -14.543 4.055
4 71 12.714 -13.728 0.735 13.393 -13.833 1.164 13.394 -13.852 1.242 13.199 -14.003 1.856
3 71 13.394 -13.852 1.242 13.534 -13.944 1.614 13.199 -14.003 1.856
4 71 14.126 -14.104 2.265 13.868 -14.222 2.748 13.199 -14.003 1.856 13.896 -14.071 2.133
3 71 13.534 -13.944 1.614 13.896 -14.071 2.133 13.199 -14.003 1.856
3 71 14.761 -13.79 0.99 15.083 -13.795 1.009 14.729 -13.942 1.607
4 71 14.157 -14.296 3.047 14.459 -14.106 2.275 14.947 -14.082 2.178 14.78 -14.154 2.471
4 71 15.083 -13.795 1.009 14.947 -14.082 2.178 14.459 -14.106 2.275 14.729 -13.942 1.607
4 71 14.126 -14.104 2.265 14.459 -14.106 2.275 14.157 -14.296 3.047 13.868 -14.222 2.748
3 71 14.409 -14.626 4.394 14.036 -14.677 4.599 14.042 -14.543 4.055
4 71 13.868 -14.222 2.748 14.157 -14.296 3.047 14.063 -14.378 3.384 13.622 -14.393 3.445
4 71 12.061 -14.275 2.962 11.638 -14.308 3.099 11.37 -14.277 2.973 11.774 -14.208 2.691
4 71 13.868 -14.222 2.748 13.622 -14.393 3.445 12.443 -14.579 4.2 12.358 -14.443 3.65
4 71 11.638 -14.308 3.099 12.061 -14.275 2.962 12.358 -14.443 3.65 11.821 -14.366 3.335
4 71 3.367 -14.684 4.629 3.335 -14.806 5.126 2.539 -14.743 4.868 2.801 -14.672 4.579
4 71 2.801 -14.672 4.579 2.539 -14.743 4.868 1.421 -14.608 4.32 2.305 -14.583 4.218
4 71 6.18 -14.71 4.733 6.562 -14.757 4.924 6.952 -14.847 5.295 5.72 -14.71 4.734
3 71 5.72 -14.71 4.734 6.952 -14.847 5.295 4.385 -14.825 5.203
4 71 4.401 -14.514 3.936 4.27 -14.645 4.469 3.832 -14.611 4.333 3.974 -14.54 4.043
4 71 3.974 -14.54 4.043 4.027 -14.444 3.653 4.407 -14.408 3.504 4.401 -14.514 3.936
3 71 6.952 -14.847 5.295 3.22 -14.847 5.295 4.385 -14.825 5.203
3 71 4.385 -14.825 5.203 3.22 -14.847 5.295 3.893 -14.813 5.153
3 71 3.22 -14.847 5.295 3.335 -14.806 5.126 3.893 -14.813 5.153
4 71 3.893 -14.813 5.153 3.623 -14.659 4.526 3.832 -14.611 4.333 4.27 -14.645 4.469
4 71 3.623 -14.659 4.526 3.893 -14.813 5.153 3.335 -14.806 5.126 3.367 -14.684 4.629
4 71 10.196 -14.435 3.617 10.316 -14.34 3.23 10.742 -14.327 3.173 10.581 -14.469 3.752
4 71 9.716 -14.471 3.761 10.06 -14.465 3.737 10.389 -14.528 3.994 9.646 -14.611 4.333
4 71 9.716 -14.471 3.761 9.646 -14.611 4.333 8.529 -14.675 4.594 9.175 -14.541 4.045
4 71 9.175 -14.541 4.045 8.529 -14.675 4.594 8.354 -14.676 4.598 8.506 -14.63 4.41
4 71 8.715 -14.275 2.964 8.945 -14.354 3.286 9.175 -14.541 4.045 8.524 -14.384 3.406
3 71 8.945 -14.354 3.286 9.396 -14.437 3.624 9.175 -14.541 4.045
4 71 10.581 -14.469 3.752 10.389 -14.528 3.994 10.06 -14.465 3.737 10.196 -14.435 3.617
3 71 9.396 -14.437 3.624 9.716 -14.471 3.761 9.175 -14.541 4.045
3 71 16.018 -14.847 5.295 16.336 -14.818 5.174 16.844 -14.847 5.295
4 71 17.07 -13.444 -0.421 17.5 -13.455 -0.377 17.5 -13.611 0.261 17.186 -13.601 0.218
4 71 16.191 -13.48 -0.276 17.07 -13.444 -0.421 17.186 -13.601 0.218 16.302 -13.632 0.344
4 71 16.302 -13.632 0.344 15.172 -13.747 0.811 14.181 -13.66 0.458 16.191 -13.48 -0.276
4 71 14.181 -13.66 0.458 15.172 -13.747 0.811 15.083 -13.795 1.009 14.761 -13.79 0.99
3 71 14.161 -13.826 1.134 14.181 -13.66 0.458 14.761 -13.79 0.99
4 71 14.181 -13.66 0.458 14.161 -13.826 1.134 13.393 -13.833 1.164 13.499 -13.668 0.492
3 71 11.629 -13.895 1.415 11.685 -13.776 0.932 12.397 -13.759 0.861
4 71 11.685 -13.776 0.932 11.629 -13.895 1.415 11.273 -13.909 1.472 11.309 -13.877 1.343
4 71 12.714 -13.728 0.735 13.258 -13.637 0.367 13.499 -13.668 0.492 13.393 -13.833 1.164
4 71 11.467 -13.65 0.418 12.081 -13.655 0.438 12.397 -13.759 0.861 11.685 -13.776 0.932
4 71 11.685 -13.776 0.932 10.756 -13.677 0.528 10.839 -13.555 0.032 11.467 -13.65 0.418
4 71 10.756 -13.677 0.528 10.506 -13.61 0.255 10.704 -13.509 -0.156 10.839 -13.555 0.032
4 71 12.714 -13.728 0.735 12.397 -13.759 0.861 12.081 -13.655 0.438 12.431 -13.621 0.3
4 71 10.035 -13.184 -1.479 10.433 -13.223 -1.319 9.73 -13.426 -0.493 9.86 -13.196 -1.429
4 71 10.722 -13.469 -0.319 10.185 -13.473 -0.303 10.433 -13.223 -1.319 10.736 -13.293 -1.037
4 71 9.658 -13.49 -0.233 9.73 -13.426 -0.493 10.433 -13.223 -1.319 10.185 -13.473 -0.303
4 71 10.722 -13.469 -0.319 10.736 -13.293 -1.037 12.194 -13.268 -1.137 11.373 -13.433 -0.464
4 71 12.764 -13.332 -0.876 12.119 -13.436 -0.454 11.373 -13.433 -0.464 12.194 -13.268 -1.137
4 71 12.119 -13.436 -0.454 12.764 -13.332 -0.876 12.984 -13.404 -0.584 12.429 -13.482 -0.268
4 71 13.258 -13.637 0.367 12.523 -13.588 0.165 12.429 -13.482 -0.268 12.984 -13.404 -0.584
4 71 9.194 -13.5 -0.194 8.702 -13.533 -0.056 8.303 -13.378 -0.688 8.866 -13.362 -0.754
4 71 10.722 -13.469 -0.319 10.704 -13.509 -0.156 10.506 -13.61 0.255 10.185 -13.473 -0.303
4 71 10.185 -13.473 -0.303 9.653 -13.634 0.353 9.19 -13.695 0.601 9.658 -13.49 -0.233
3 71 5.721 -13.119 -1.745 7.279 -13.119 -1.745 6.49 -13.152 -1.608
4 71 7.745 -13.296 -1.022 6.862 -13.247 -1.222 6.49 -13.152 -1.608 7.279 -13.119 -1.745
4 71 7.131 -13.394 -0.625 6.712 -13.606 0.241 6.39 -13.633 0.351 6.479 -13.578 0.124
3 71 6.862 -13.247 -1.222 7.745 -13.296 -1.022 7.131 -13.394 -0.625
4 71 6.712 -13.606 0.241 7.131 -13.394 -0.625 7.745 -13.296 -1.022 7.533 -13.474 -0.297
4 71 8.069 -13.523 -0.1 7.533 -13.474 -0.297 7.745 -13.296 -1.022 8.078 -13.363 -0.752
4 71 8.078 -13.363 -0.752 8.303 -13.378 -0.688 8.702 -13.533 -0.056 8.069 -13.523 -0.1
4 71 9.86 -13.196 -1.429 9.73 -13.426 -0.493 9.194 -13.5 -0.194 8.866 -13.362 -0.754
4 71 4.214 -13.163 -1.565 4.49 -13.119 -1.745 5.721 -13.119 -1.745 4.948 -13.224 -1.317
4 71 4.448 -13.351 -0.801 3.357 -13.697 0.611 3.026 -13.759 0.862 3.777 -13.398 -0.606
3 71 4.448 -13.351 -0.801 4.214 -13.163 -1.565 4.948 -13.224 -1.317
3 71 3.777 -13.398 -0.606 3.883 -13.316 -0.941 4.448 -13.351 -0.801
4 71 4.08 -13.155 -1.599 4.214 -13.163 -1.565 4.448 -13.351 -0.801 3.883 -13.316 -0.941
4 71 0.458 -13.119 -1.745 2.495 -13.119 -1.745 2.359 -13.136 -1.674 1.819 -13.143 -1.645
3 71 2.437 -13.416 -0.534 1.942 -13.253 -1.197 2.325 -13.227 -1.305
4 71 1.942 -13.253 -1.197 2.437 -13.416 -0.534 2.426 -13.541 -0.027 1.992 -13.516 -0.129
4 71 0.702 -13.309 -0.971 -0.185 -13.243 -1.241 -0.502 -13.119 -1.745 0.458 -13.119 -1.745
4 71 -4.374 -13.613 0.266 -4.179 -13.513 -0.14 -3.797 -13.557 0.039 -4.003 -13.638 0.37
4 71 -2.884 -13.901 1.439 -3.546 -13.763 0.877 -3.797 -13.557 0.039 -2.685 -13.81 1.07
4 71 -3.991 -13.681 0.546 -4.003 -13.638 0.37 -3.797 -13.557 0.039 -3.546 -13.763 0.877
4 71 -6.124 -13.72 0.704 -5.729 -13.63 0.336 -4.631 -13.517 -0.122 -4.948 -13.658 0.449
4 71 -4.948 -13.658 0.449 -4.631 -13.517 -0.122 -4.179 -13.513 -0.14 -4.374 -13.613 0.266
4 71 2.359 -13.136 -1.674 2.325 -13.227 -1.305 1.942 -13.253 -1.197 1.819 -13.143 -1.645
3 71 0.702 -13.309 -0.971 0.458 -13.119 -1.745 1.819 -13.143 -1.645
4 71 -4.989 -13.36 -0.761 -5.249 -13.359 -0.766 -5.573 -13.323 -0.912 -5.103 -13.26 -1.168
4 71 -6.169 -13.172 -1.527 -5.705 -13.155 -1.597 -5.103 -13.26 -1.168 -5.573 -13.323 -0.912
4 71 -4.708 -13.119 -1.745 -4.708 -13.315 -0.946 -4.989 -13.36 -0.761 -5.103 -13.26 -1.168
3 71 -4.164 -13.119 -1.745 -4.708 -13.315 -0.946 -4.708 -13.119 -1.745
4 71 -5.705 -13.155 -1.597 -6.169 -13.172 -1.527 -6.896 -13.119 -1.745 -5.799 -13.119 -1.745
3 71 -7.071 -13.119 -1.745 -7.898 -13.17 -1.536 -8.94 -13.119 -1.745
4 71 -7.898 -13.17 -1.536 -7.071 -13.119 -1.745 -6.934 -13.142 -1.652 -7.438 -13.26 -1.172
4 71 -6.27 -13.242 -1.243 -6.934 -13.142 -1.652 -6.896 -13.119 -1.745 -6.169 -13.172 -1.527
4 71 -11.575 -13.31 -0.964 -11.821 -13.155 -1.598 -11.591 -13.119 -1.745 -11.359 -13.284 -1.071
3 71 -10.11 -13.119 -1.745 -10.718 -13.233 -1.28 -11.591 -13.119 -1.745
4 71 -9.394 -13.246 -1.226 -9.866 -13.368 -0.731 -10.718 -13.233 -1.28 -10.11 -13.119 -1.745
4 71 -6.706 -13.456 -0.373 -7.438 -13.26 -1.172 -6.934 -13.142 -1.652 -6.27 -13.242 -1.243
3 71 -14.455 -13.506 -0.166 -15.107 -13.563 0.065 -14.936 -13.379 -0.683
4 71 -15.107 -13.563 0.065 -14.455 -13.506 -0.166 -14.113 -13.683 0.551 -14.827 -13.656 0.443
4 71 -15.499 -13.493 -0.219 -15.851 -13.468 -0.321 -15.824 -13.314 -0.952 -15.318 -13.335 -0.864
4 71 -16.358 -13.479 -0.28 -16.474 -13.322 -0.918 -15.824 -13.314 -0.952 -15.851 -13.468 -0.321
4 71 -17.5 -13.475 -0.296 -17.228 -13.41 -0.558 -16.804 -13.345 -0.825 -16.778 -13.523 -0.1
3 71 -17.381 -13.698 0.612 -17.5 -13.475 -0.296 -16.778 -13.523 -0.1
4 71 -16.474 -13.322 -0.918 -16.358 -13.479 -0.28 -16.778 -13.523 -0.1 -16.804 -13.345 -0.825
4 71 -15.318 -13.335 -0.864 -14.936 -13.379 -0.683 -15.107 -13.563 0.065 -15.499 -13.493 -0.219
4 71 -14.284 -13.869 1.31 -14.687 -13.795 1.008 -13.879 -13.711 0.668 -13.631 -13.872 1.321
4 71 -14.827 -13.656 0.443 -14.113 -13.683 0.551 -13.879 -13.711 0.668 -14.687 -13.795 1.008
4 71 -13.593 -13.68 0.54 -13.312 -13.617 0.286 -12.251 -13.551 0.014 -12.82 -13.711 0.666
4 71 -13.879 -13.711 0.668 -13.593 -13.68 0.54 -12.82 -13.711 0.666 -13.631 -13.872 1.321
4 71 -13.312 -13.617 0.286 -11.821 -13.155 -1.598 -11.575 -13.31 -0.964 -12.251 -13.551 0.014
4 71 -11.406 -13.743 0.798 -11.841 -13.71 0.664 -11.67 -13.51 -0.153 -11.263 -13.572 0.102
4 71 -11.359 -13.284 -1.071 -10.925 -13.326 -0.902 -11.263 -13.572 0.102 -11.67 -13.51 -0.153
3 71 -0.185 -13.243 -1.241 -0.334 -13.271 -1.127 -0.502 -13.119 -1.745
4 71 -1.512 -13.538 -0.037 -0.502 -13.119 -1.745 -0.334 -13.271 -1.127 -0.897 -13.469 -0.321
4 71 -0.252 -13.655 0.439 -0.046 -13.577 0.121 0.386 -13.681 0.546 -0.069 -13.687 0.568
3 71 -0.897 -13.469 -0.321 -0.969 -13.527 -0.081 -1.512 -13.538 -0.037
4 71 -2.884 -13.901 1.439 -2.685 -13.81 1.07 -1.512 -13.538 -0.037 -2.063 -13.813 1.082
4 71 -1.539 -13.705 0.642 -1.512 -13.538 -0.037 -0.969 -13.527 -0.081 -1.192 -13.665 0.479
4 71 0.725 -14.491 3.843 0.431 -14.13 2.375 0.624 -13.85 1.234 1.096 -14.434 3.609
3 71 0.624 -13.85 1.234 0.431 -14.13 2.375 0.184 -14.006 1.869
4 71 -11.591 -13.119 -1.745 -10.718 -13.233 -1.28 -10.925 -13.326 -0.902 -11.359 -13.284 -1.071
4 71 -9.866 -13.368 -0.731 -9.394 -13.246 -1.226 -8.705 -13.28 -1.089 -9.621 -13.426 -0.495
4 71 0.184 -14.006 1.869 -0.006 -13.889 1.393 0.098 -13.78 0.947 0.624 -13.85 1.234
4 71 -0.597 -14.203 2.67 -1.022 -14.174 2.552 -0.006 -13.889 1.393 0.184 -14.006 1.869
4 71 -8.223 -13.189 -1.457 -8.705 -13.28 -1.089 -9.394 -13.246 -1.226 -8.94 -13.119 -1.745
4 71 -0.88 -14.331 3.191 -0.882 -14.441 3.64 -1.287 -14.481 3.8 -1.34 -14.329 3.185
4 71 -0.597 -14.203 2.67 -0.88 -14.331 3.191 -1.34 -14.329 3.185 -1.022 -14.174 2.552
3 71 -8.223 -13.189 -1.457 -8.94 -13.119 -1.745 -7.898 -13.17 -1.536
4 71 -6.272 -13.605 0.235 -6.706 -13.456 -0.373 -6.27 -13.242 -1.243 -6.204 -13.4 -0.599
4 71 0.624 -13.85 1.234 0.098 -13.78 0.947 -0.069 -13.687 0.568 0.386 -13.681 0.546
4 71 -6.204 -13.4 -0.599 -5.729 -13.63 0.336 -6.124 -13.72 0.704 -6.272 -13.605 0.235
4 71 -0.969 -13.527 -0.081 -0.046 -13.577 0.121 -0.252 -13.655 0.439 -0.815 -13.641 0.38
3 71 -0.815 -13.641 0.38 -1.192 -13.665 0.479 -0.969 -13.527 -0.081
3 71 -2.063 -13.813 1.082 -1.512 -13.538 -0.037 -1.539 -13.705 0.642
4 71 -4.026 -14.031 1.972 -4.374 -14.062 2.096 -4.379 -13.93 1.558 -4.024 -13.979 1.76
3 71 -2.148 -13.119 -1.745 -2.828 -13.248 -1.22 -2.687 -13.119 -1.745
3 71 -17.5 -13.475 -0.296 -17.381 -13.698 0.612 -17.5 -13.935 1.578
3 71 -17.381 -13.698 0.612 -17.253 -13.831 1.154 -17.5 -13.935 1.578
4 71 -16.741 -13.992 1.813 -17.179 -14.038 1.996 -17.5 -13.935 1.578 -17.036 -13.915 1.496
4 71 -15.569 -14.058 2.081 -15.792 -14.181 2.58 -16.295 -14.171 2.538 -15.989 -14.077 2.159
4 71 -14.687 -13.795 1.008 -14.772 -14.027 1.954 -15.2 -14.126 2.357 -15.143 -13.98 1.764
3 71 -13.194 -14.096 2.235 -12.875 -14.077 2.155 -12.652 -14.176 2.561
4 71 -14.284 -13.869 1.31 -13.631 -13.872 1.321 -12.875 -14.077 2.155 -13.194 -14.096 2.235
3 71 -14.772 -14.027 1.954 -14.687 -13.795 1.008 -14.284 -13.869 1.31
4 71 -15.792 -14.181 2.58 -15.569 -14.058 2.081 -15.143 -13.98 1.764 -15.2 -14.126 2.357
4 71 -16.809 -14.112 2.298 -16.386 -14.051 2.052 -15.989 -14.077 2.159 -16.295 -14.171 2.538
3 71 -17.253 -13.831 1.154 -17.036 -13.915 1.496 -17.5 -13.935 1.578
4 71 -17.179 -14.038 1.996 -16.741 -13.992 1.813 -16.386 -14.051 2.052 -16.809 -14.112 2.298
3 71 -9.621 -13.426 -0.495 -8.705 -13.28 -1.089 -9.64 -13.458 -0.364
4 71 -10.091 -13.659 0.457 -9.64 -13.458 -0.364 -8.705 -13.28 -1.089 -9.803 -13.737 0.773
4 71 -10.091 -13.659 0.457 -9.803 -13.737 0.773 -10.343 -13.892 1.404 -10.593 -13.801 1.035
4 71 -11.4 -13.867 1.304 -11.14 -13.876 1.337 -10.788 -13.957 1.667 -11.307 -14.028 1.957
4 71 -10.343 -13.892 1.404 -10.788 -13.957 1.667 -11.14 -13.876 1.337 -10.593 -13.801 1.035
4 71 -11.307 -14.028 1.957 -11.723 -13.932 1.566 -11.854 -13.832 1.16 -11.4 -13.867 1.304
4 71 -11.841 -13.71 0.664 -11.406 -13.743 0.798 -11.4 -13.867 1.304 -11.854 -13.832 1.16
4 71 -8.464 -14.01 1.885 -8.841 -13.973 1.733 -8.285 -13.844 1.207 -8.314 -13.964 1.697
4 71 -8.314 -13.964 1.697 -8.285 -13.844 1.207 -7.748 -13.802 1.036 -8.079 -13.931 1.564
4 71 -6.404 -13.767 0.894 -6.181 -13.848 1.223 -8.079 -13.931 1.564 -7.748 -13.802 1.036
3 71 -6.221 -13.752 0.832 -6.181 -13.848 1.223 -6.404 -13.767 0.894
4 71 -4.948 -13.658 0.449 -6.181 -13.848 1.223 -6.221 -13.752 0.832 -6.124 -13.72 0.704
4 71 -9.157 -14.317 3.134 -11.307 -14.028 1.957 -10.788 -13.957 1.667 -10.347 -14.038 1.998
4 71 -7.209 -14.626 4.392 -7.442 -14.488 3.833 -7.066 -14.392 3.441 -7.029 -14.474 3.772
4 71 -7.202 -14.309 3.101 -7.066 -14.392 3.441 -7.442 -14.488 3.833 -7.512 -14.368 3.342
3 71 -7.449 -14.225 2.758 -7.846 -14.264 2.918 -7.774 -14.156 2.48
4 71 -7.846 -14.264 2.918 -7.449 -14.225 2.758 -7.202 -14.309 3.101 -7.512 -14.368 3.342
4 71 -7.846 -14.264 2.918 -8.508 -14.184 2.593 -8.504 -14.073 2.142 -7.774 -14.156 2.48
4 71 -8.839 -14.211 2.704 -9.038 -14.076 2.155 -8.504 -14.073 2.142 -8.508 -14.184 2.593
3 71 -10.347 -14.038 1.998 -9.138 -14.196 2.64 -9.157 -14.317 3.134
4 71 -9.038 -14.076 2.155 -8.839 -14.211 2.704 -9.157 -14.317 3.134 -9.138 -14.196 2.64
4 71 -9.038 -14.076 2.155 -8.841 -13.973 1.733 -8.464 -14.01 1.885 -8.504 -14.073 2.142
4 71 -2.063 -13.813 1.082 -2.961 -14.103 2.261 -3.159 -14.014 1.902 -2.884 -13.901 1.439
4 71 -3.159 -14.014 1.902 -2.961 -14.103 2.261 -3.343 -14.158 2.487 -3.363 -14.051 2.051
4 71 -3.935 -14.063 2.102 -3.777 -14.076 2.155 -3.702 -14.169 2.531 -4.177 -14.126 2.356
4 71 -4.374 -14.062 2.096 -4.026 -14.031 1.972 -3.935 -14.063 2.102 -4.177 -14.126 2.356
4 71 2.23 -13.627 0.325 1.935 -13.552 0.02 1.992 -13.516 -0.129 2.426 -13.541 -0.027
4 71 1.471 -13.534 -0.054 1.727 -13.564 0.069 1.869 -13.67 0.499 1.527 -13.662 0.468
4 71 1.129 -13.596 0.199 -0.185 -13.243 -1.241 0.702 -13.309 -0.971 0.887 -13.386 -0.658
4 71 2.23 -13.627 0.325 1.869 -13.67 0.499 1.727 -13.564 0.069 1.935 -13.552 0.02
4 71 9.264 -16.16 18.088 9.579 -15.918 12.953 10.238 -15.901 12.583 9.891 -16.16 18.088
4 71 1.535 -15.939 13.401 0.673 -15.92 12.991 0.171 -15.901 12.583 1.211 -15.901 12.583
3 71 1.718 -15.911 12.807 1.535 -15.939 13.401 1.211 -15.901 12.583
4 71 6.173 -15.979 14.238 3.264 -15.959 13.817 2.541 -15.922 13.039 6.953 -15.956 13.76
4 71 6.717 -15.987 14.419 6.953 -15.956 13.76 7.639 -15.967 13.986 7.211 -16.001 14.716
3 71 6.953 -15.956 13.76 6.717 -15.987 14.419 6.173 -15.979 14.238
4 71 3.264 -15.959 13.817 1.535 -15.939 13.401 1.718 -15.911 12.807 2.541 -15.922 13.039
4 71 8.56 -16.021 15.126 8.154 -16.006 14.826 8.395 -15.991 14.502 8.613 -16.006 14.806
3 71 8.664 -16.016 15.021 8.56 -16.021 15.126 8.613 -16.006 14.806
3 71 8.64 -16.02 15.122 8.56 -16.021 15.126 8.664 -16.016 15.021
4 71 8.395 -15.991 14.502 8.154 -16.006 14.826 7.211 -16.001 14.716 7.639 -15.967 13.986
4 71 8.104 -16.16 18.088 7.447 -16.16 18.088 7.597 -16.053 15.816 8.242 -16.061 15.974
3 71 7.597 -16.053 15.816 7.521 -16.025 15.216 8.242 -16.061 15.974
4 71 -0.196 -15.901 12.583 -0.536 -15.915 12.885 -1.523 -15.939 13.385 -1.285 -15.901 12.583
4 71 -1.285 -15.901 12.583 -1.523 -15.939 13.385 -3.452 -15.96 13.849 -2.474 -15.92 12.997
4 71 -8.083 -16.005 14.799 -7.978 -15.973 14.115 -7.411 -15.96 13.845 -7.256 -16.002 14.741
4 71 -3.452 -15.96 13.849 -6.205 -15.979 14.24 -7.411 -15.96 13.845 -2.474 -15.92 12.997
3 71 -6.205 -15.979 14.24 -6.757 -15.988 14.43 -7.411 -15.96 13.845
3 71 -8.543 -15.994 14.571 -8.256 -16.006 14.817 -8.716 -16.012 14.942
4 71 -8.695 -16.021 15.14 -8.716 -16.012 14.942 -8.256 -16.006 14.817 -8.53 -16.019 15.094
4 71 -7.606 -16.056 15.88 -8.296 -16.031 15.358 -8.083 -16.005 14.799 -7.546 -16.027 15.268
4 71 -8.296 -16.031 15.358 -7.606 -16.056 15.88 -7.455 -16.16 18.088 -8.135 -16.16 18.088
4 71 -7.978 -15.973 14.115 -8.083 -16.005 14.799 -8.256 -16.006 14.817 -8.543 -15.994 14.571
3 71 -6.757 -15.988 14.43 -7.256 -16.002 14.741 -7.411 -15.96 13.845
4 71 -10.269 -15.924 13.082 -10.254 -15.901 12.583 -9.553 -15.901 12.583 -9.607 -15.924 13.068
4 71 -10.269 -15.924 13.082 -9.607 -15.924 13.068 -9.284 -16.16 18.088 -9.924 -16.16 18.088
4 71 -17.392 -15.149 7.384 -17.5 -15.141 7.324 -17.5 -15.056 6.736 -16.961 -15.098 7.028
4 71 -17.392 -15.149 7.384 -16.961 -15.098 7.028 -15.973 -15.157 7.435 -16.899 -15.25 8.078
4 71 -16.899 -15.25 8.078 -15.973 -15.157 7.435 -13.8 -15.259 8.139 -15.886 -15.267 8.198
4 71 -17.5 -15.153 7.407 -17.392 -15.149 7.384 -16.899 -15.25 8.078 -17.5 -15.252 8.097
4 71 -15.886 -15.267 8.198 -13.8 -15.259 8.139 -13.397 -15.364 8.866 -14.085 -15.351 8.779
4 71 -13.8 -15.259 8.139 -12.858 -15.261 8.159 -12.936 -15.358 8.825 -13.397 -15.364 8.866
4 71 -10.895 -15.253 8.099 -12.936 -15.358 8.825 -12.858 -15.261 8.159 -12.248 -15.217 7.854
4 71 -8.007 -15.019 6.48 -8.093 -15.12 7.178 -8.57 -15.139 7.31 -8.433 -15.036 6.6
4 71 -8.433 -15.036 6.6 -8.57 -15.139 7.31 -9.687 -15.14 7.321 -9.019 -15.031 6.568
4 71 -5.983 -14.93 5.866 -6.018 -15.044 6.651 -6.554 -15.063 6.789 -6.489 -14.968 6.131
4 71 -7.418 -15.073 6.858 -6.915 -14.966 6.114 -6.489 -14.968 6.131 -6.554 -15.063 6.789
4 71 -7.908 -14.998 6.337 -7.418 -15.073 6.858 -8.093 -15.12 7.178 -8.007 -15.019 6.48
4 71 -6.018 -15.044 6.651 -5.983 -14.93 5.866 -5.269 -14.96 6.071 -5.765 -15.025 6.523
4 71 -5.06 -14.9 5.661 -5.682 -14.867 5.429 -2.753 -14.856 5.354 -3.632 -14.897 5.634
4 71 -2.157 -14.885 5.556 -2.5 -14.861 5.385 -1.055 -14.874 5.48 -1.402 -14.887 5.57
3 71 -2.5 -14.861 5.385 0.317 -14.847 5.295 -1.055 -14.874 5.48
3 71 -2.753 -14.856 5.354 0.317 -14.847 5.295 -2.5 -14.861 5.385
4 71 0.824 -14.952 6.018 0.203 -14.945 5.966 -0.637 -14.877 5.496 0.317 -14.847 5.295
3 71 -1.055 -14.874 5.48 0.317 -14.847 5.295 -0.637 -14.877 5.496
4 71 2.057 -14.951 6.014 2.052 -15.064 6.791 1.372 -15.042 6.639 1.316 -15.001 6.354
4 71 2.957 -15.015 6.455 2.052 -15.064 6.791 2.057 -14.951 6.014 2.325 -14.953 6.025
4 71 5.942 -14.868 5.434 4.839 -14.914 5.754 3.743 -14.934 5.895 3.22 -14.847 5.295
3 71 3.743 -14.934 5.895 3.074 -14.878 5.509 3.22 -14.847 5.295
4 71 6.173 -14.878 5.507 6.952 -14.847 5.295 7.363 -14.883 5.54 6.813 -14.95 6.004
4 71 6.813 -14.95 6.004 7.363 -14.883 5.54 7.605 -14.984 6.241 7.214 -14.978 6.201
4 71 8.403 -14.968 6.127 7.605 -14.984 6.241 7.363 -14.883 5.54 7.768 -14.885 5.556
3 71 5.942 -14.868 5.434 6.952 -14.847 5.295 6.173 -14.878 5.507
3 71 2.325 -14.953 6.025 2.612 -14.938 5.918 2.957 -15.015 6.455
4 71 10.813 -15.036 6.602 10.267 -15.111 7.116 9.397 -15.002 6.366 10.428 -15.009 6.41
4 71 13.436 -15.188 7.654 14.014 -15.218 7.861 14.075 -15.316 8.536 13.244 -15.282 8.299
4 71 14.616 -15.234 7.969 15.535 -15.223 7.896 17.331 -15.238 8 15.476 -15.315 8.529
3 71 17.5 -15.236 7.982 17.331 -15.238 8 17.5 -15.141 7.324
4 71 15.535 -15.223 7.896 16.961 -15.154 7.415 17.5 -15.141 7.324 17.331 -15.238 8
3 71 12.746 -15.138 7.306 13.436 -15.188 7.654 13.244 -15.282 8.299
4 71 13.244 -15.282 8.299 11.716 -15.165 7.492 12.531 -15.111 7.115 12.746 -15.138 7.306
4 71 10.428 -15.009 6.41 9.397 -15.002 6.366 8.981 -14.971 6.148 9.669 -14.914 5.757
4 71 10.267 -15.111 7.116 10.813 -15.036 6.602 11.656 -15.048 6.68 11.716 -15.165 7.492
4 71 15.476 -15.315 8.529 14.075 -15.316 8.536 14.014 -15.218 7.861 14.616 -15.234 7.969
4 71 12.345 -15.035 6.59 12.531 -15.111 7.115 11.716 -15.165 7.492 11.656 -15.048 6.68
4 71 13.146 -15.007 6.396 13.385 -15.063 6.784 13.083 -15.098 7.025 13.048 -15.034 6.583
4 71 13.048 -15.034 6.583 13.083 -15.098 7.025 12.531 -15.111 7.115 12.93 -15.032 6.57
4 71 13.417 -14.847 5.295 13.828 -14.847 5.295 13.686 -14.951 6.013 13.338 -14.913 5.748
4 71 13.385 -15.063 6.784 13.146 -15.007 6.396 13.338 -14.913 5.748 13.686 -14.951 6.013
4 71 -14.173 -15.016 6.462 -14.477 -14.966 6.115 -14.17 -14.922 5.809 -13.954 -14.967 6.119
3 71 -14.895 -14.847 5.295 -14.319 -14.847 5.295 -14.741 -14.861 5.385
4 71 -14.319 -14.847 5.295 -14.17 -14.922 5.809 -14.477 -14.966 6.115 -14.741 -14.861 5.385
4 71 12.715 -15 6.351 12.93 -15.032 6.57 12.531 -15.111 7.115 12.345 -15.035 6.59
4 71 12.52 -14.928 5.855 12.066 -14.902 5.673 12.041 -14.847 5.295 12.494 -14.847 5.295
4 71 12.715 -15 6.351 12.345 -15.035 6.59 12.066 -14.902 5.673 12.52 -14.928 5.855
4 71 8.639 -14.866 5.42 9.149 -14.874 5.479 9.669 -14.914 5.757 8.981 -14.971 6.148
4 71 8.981 -14.971 6.148 8.403 -14.968 6.127 7.768 -14.885 5.556 8.639 -14.866 5.42
3 71 6.952 -14.847 5.295 5.942 -14.868 5.434 3.22 -14.847 5.295
4 71 -14.173 -15.016 6.462 -13.954 -14.967 6.119 -12.234 -15.167 7.503 -12.535 -15.178 7.583
4 71 3.743 -14.934 5.895 2.957 -15.015 6.455 2.612 -14.938 5.918 3.074 -14.878 5.509
4 71 -12.535 -15.178 7.583 -12.234 -15.167 7.503 -12.013 -15.184 7.625 -12.248 -15.217 7.854
4 71 -10.895 -15.253 8.099 -12.248 -15.217 7.854 -12.013 -15.184 7.625 -11.45 -15.179 7.589
3 71 2.057 -14.951 6.014 1.316 -15.001 6.354 1.072 -14.865 5.416
4 71 0.317 -14.847 5.295 1.072 -14.865 5.416 1.316 -15.001 6.354 0.824 -14.952 6.018
4 71 -8.268 -14.847 5.295 -8.872 -14.886 5.558 -9.906 -14.91 5.727 -10.681 -14.847 5.295
4 71 -9.906 -14.91 5.727 -8.872 -14.886 5.558 -7.961 -14.932 5.882 -7.908 -14.998 6.337
4 71 -7.961 -14.932 5.882 -6.915 -14.966 6.114 -7.418 -15.073 6.858 -7.908 -14.998 6.337
4 71 -11.887 -14.847 5.295 -12.057 -14.934 5.89 -12.431 -14.892 5.606 -12.306 -14.847 5.295
4 71 -13.012 -14.919 5.79 -12.569 -14.892 5.604 -12.431 -14.892 5.606 -12.797 -14.951 6.013
3 71 -12.804 -14.847 5.295 -13.152 -14.877 5.497 -13.183 -14.847 5.295
4 71 -13.152 -14.877 5.497 -12.804 -14.847 5.295 -12.569 -14.892 5.604 -13.012 -14.919 5.79
4 71 -12.431 -14.892 5.606 -12.057 -14.934 5.89 -12.193 -14.991 6.286 -12.797 -14.951 6.013
4 71 -10.151 -15.068 6.819 -12.193 -14.991 6.286 -12.057 -14.934 5.89 -11.195 -14.969 6.134
3 71 -11.195 -14.969 6.134 -9.019 -15.031 6.568 -10.151 -15.068 6.819
4 71 -9.019 -15.031 6.568 -9.687 -15.14 7.321 -10.851 -15.141 7.325 -10.151 -15.068 6.819
4 71 -9.687 -15.14 7.321 -10.895 -15.253 8.099 -11.45 -15.179 7.589 -10.851 -15.141 7.325
4 71 -5.139 -14.904 5.688 -5.269 -14.96 6.071 -5.983 -14.93 5.866 -5.682 -14.867 5.429
3 71 -5.139 -14.904 5.688 -5.682 -14.867 5.429 -5.06 -14.9 5.661
3 71 0.317 -14.847 5.295 -2.753 -14.856 5.354 -6.006 -14.847 5.295
4 71 -9.285 -15.827 12.073 -9.553 -15.901 12.583 -10.254 -15.901 12.583 -10.106 -15.827 12.07
4 71 -8.746 -15.746 11.509 -9.285 -15.827 12.073 -10.106 -15.827 12.07 -9.562 -15.728 11.388
4 71 -7.478 -15.592 10.448 -8.746 -15.746 11.509 -9.562 -15.728 11.388 -8.45 -15.569 10.285
4 71 -5.956 -15.445 9.432 -6.258 -15.356 8.814 -4.381 -15.224 7.899 -4.7 -15.347 8.75
4 71 -8.45 -15.569 10.285 -6.258 -15.356 8.814 -5.956 -15.445 9.432 -7.478 -15.592 10.448
4 71 -2.032 -15.758 11.596 -4.219 -15.364 8.866 -4.118 -15.237 7.993 -2.593 -15.512 9.89
4 71 -2.157 -14.885 5.556 -1.402 -14.887 5.57 -1.381 -15.697 11.17 -2.047 -15.59 10.43
4 71 -1.658 -15.813 11.975 -2.032 -15.758 11.596 -1.381 -15.697 11.17 -1.225 -15.751 11.545
4 71 -1.381 -15.697 11.17 -2.032 -15.758 11.596 -2.593 -15.512 9.89 -2.047 -15.59 10.43
3 71 -4.219 -15.364 8.866 -4.474 -15.342 8.714 -4.118 -15.237 7.993
3 71 0.498 -15.793 11.834 -0.021 -15.878 12.427 0.008 -15.744 11.499
3 71 0.793 -15.792 11.832 1 -15.887 12.49 0.498 -15.793 11.834
4 71 1.326 -15.722 11.343 1.372 -15.042 6.639 2.052 -15.064 6.791 1.997 -15.481 9.679
3 71 1.997 -15.481 9.679 2.038 -15.543 10.105 1.326 -15.722 11.343
4 71 2.131 -15.738 11.458 2.152 -15.582 10.375 4.01 -15.25 8.077 4.406 -15.342 8.716
4 71 4.259 -15.228 7.928 4.396 -15.229 7.937 4.406 -15.342 8.716 4.01 -15.25 8.077
3 71 1.326 -15.722 11.343 2.131 -15.738 11.458 1.133 -15.761 11.617
4 71 2.038 -15.543 10.105 2.152 -15.582 10.375 2.131 -15.738 11.458 1.326 -15.722 11.343
4 71 5.596 -15.417 9.237 4.882 -15.363 8.861 4.396 -15.229 7.937 6.33 -15.372 8.924
4 71 5.596 -15.417 9.237 6.33 -15.372 8.924 7.398 -15.467 9.582 7.373 -15.583 10.381
4 71 9.492 -15.866 12.34 8.69 -15.737 11.452 8.196 -15.549 10.149 9.366 -15.703 11.217
4 71 7.749 -15.517 9.928 8.196 -15.549 10.149 8.69 -15.737 11.452 7.373 -15.583 10.381
3 71 7.749 -15.517 9.928 7.373 -15.583 10.381 7.398 -15.467 9.582
4 71 10.238 -15.901 12.583 9.492 -15.866 12.34 9.366 -15.703 11.217 10.161 -15.837 12.138
3 71 9.526 -15.901 12.583 9.492 -15.866 12.34 10.238 -15.901 12.583
4 71 0.793 -15.792 11.832 1.133 -15.761 11.617 2.131 -15.738 11.458 1 -15.887 12.49
3 71 4.882 -15.363 8.861 4.406 -15.342 8.716 4.396 -15.229 7.937
3 71 1.211 -15.901 12.583 0.171 -15.901 12.583 1 -15.887 12.49
4 71 -0.021 -15.878 12.427 0.498 -15.793 11.834 1 -15.887 12.49 0.171 -15.901 12.583
4 71 0.008 -15.744 11.499 -0.021 -15.878 12.427 -0.196 -15.901 12.583 -0.518 -15.795 11.847
3 71 -1.285 -15.901 12.583 -1.008 -15.879 12.434 -0.196 -15.901 12.583
4 71 -1.225 -15.751 11.545 -0.898 -15.788 11.804 -1.008 -15.879 12.434 -1.658 -15.813 11.975
4 71 -0.898 -15.788 11.804 -0.518 -15.795 11.847 -0.196 -15.901 12.583 -1.008 -15.879 12.434
4 71 0.427 -15.566 10.268 -0.439 -15.551 10.159 -0.504 -15.501 9.814 0.567 -15.52 9.949
4 71 -0.439 -15.551 10.159 0.427 -15.566 10.268 0.136 -15.591 10.44 -0.195 -15.585 10.398
4 71 0.567 -15.52 9.949 -0.504 -15.501 9.814 -0.364 -15.455 9.495 0.503 -15.47 9.604
4 71 -0.03 -15.277 8.264 -0.336 -15.255 8.116 0.527 -15.229 7.932 0.3 -15.266 8.193
4 71 0.566 -15.178 7.579 0.527 -15.229 7.932 -0.336 -15.255 8.116 -0.501 -15.211 7.808
3 71 -0.463 -15.16 7.455 0.566 -15.178 7.579 -0.501 -15.211 7.808
4 71 0.566 -15.178 7.579 -0.463 -15.16 7.455 -0.235 -15.122 7.194 0.4 -15.133 7.271
3 71 16.844 -14.847 5.295 16.371 -14.898 5.641 16.018 -14.847 5.295
4 71 15.955 -14.915 5.759 15.675 -14.899 5.65 15.545 -14.847 5.295 15.896 -14.847 5.295
4 71 -13.357 -9.538 -10.884 -14.272 -9.482 -11 -14.489 -9.447 -11.072 -14.26 -9.412 -11.144
4 71 -11.037 -9.589 -10.778 -13.357 -9.538 -10.884 -14.26 -9.412 -11.144 -13.345 -9.356 -11.26
4 71 -2.722 -9.627 -10.699 -11.037 -9.589 -10.778 -13.345 -9.356 -11.26 -11.026 -9.305 -11.366
3 71 -2.712 -9.263 -11.451 -2.722 -9.627 -10.699 -11.026 -9.305 -11.366
4 71 4.92 -8.487 -13.054 5.038 -8.379 -13.277 5.288 -8.327 -13.384 5.038 -8.595 -12.832
3 71 5.661 -8.304 -13.433 5.661 -8.671 -12.675 5.288 -8.327 -13.384
3 71 6.402 -8.487 -13.054 6.283 -8.595 -12.832 6.283 -8.379 -13.277
4 71 6.283 -8.379 -13.277 6.283 -8.595 -12.832 6.033 -8.647 -12.725 6.033 -8.327 -13.384
4 71 6.033 -8.327 -13.384 6.033 -8.647 -12.725 5.661 -8.671 -12.675 5.661 -8.304 -13.433
4 71 7.881 -8.473 -13.084 7.999 -8.365 -13.306 8.249 -8.313 -13.414 7.999 -8.581 -12.861
4 71 8.994 -8.633 -12.754 8.622 -8.656 -12.705 8.249 -8.313 -13.414 8.622 -8.29 -13.463
4 71 8.994 -8.313 -13.414 9.244 -8.365 -13.306 9.363 -8.473 -13.084 9.244 -8.581 -12.861
4 71 8.622 -8.29 -13.463 8.994 -8.313 -13.414 9.244 -8.581 -12.861 8.994 -8.633 -12.754
4 71 10.814 -8.473 -13.084 10.933 -8.365 -13.306 11.183 -8.313 -13.414 10.933 -8.581 -12.861
4 71 10.933 -8.581 -12.861 11.183 -8.313 -13.414 11.555 -8.29 -13.463 11.183 -8.633 -12.754
4 71 11.928 -8.313 -13.414 11.555 -8.656 -12.705 11.183 -8.633 -12.754 11.555 -8.29 -13.463
4 71 11.928 -8.313 -13.414 12.178 -8.365 -13.306 12.296 -8.473 -13.084 12.178 -8.581 -12.861
4 71 11.555 -8.656 -12.705 11.928 -8.313 -13.414 12.178 -8.581 -12.861 11.928 -8.633 -12.754
4 71 1.437 -7.744 -14.59 2.342 -7.744 -14.59 2.342 -9.561 -10.837 1.437 -9.267 -11.443
4 71 -0.769 -9.308 -11.359 0.435 -9.316 -11.342 1.089 -9.772 -10.401 -0.109 -9.796 -10.35
4 71 -0.109 -9.796 -10.35 -1.306 -9.743 -10.461 -1.119 -9.245 -11.489 -0.769 -9.308 -11.359
4 71 -2.04 -9.522 -10.918 -1.996 -9.065 -11.861 -1.216 -9.074 -11.843 -1.119 -9.245 -11.489
4 71 -1.919 -9.648 -10.657 -2.04 -9.522 -10.918 -1.119 -9.245 -11.489 -1.306 -9.743 -10.461
4 71 2.047 -9.699 -10.551 1.089 -9.772 -10.401 0.435 -9.316 -11.342 1.437 -9.267 -11.443
4 71 3.004 -9.263 -11.451 11.318 -9.305 -11.366 11.329 -9.589 -10.778 3.014 -9.627 -10.699
4 71 14.564 -9.482 -11 13.649 -9.538 -10.884 13.638 -9.356 -11.26 14.552 -9.412 -11.144
3 71 14.781 -9.447 -11.072 14.564 -9.482 -11 14.552 -9.412 -11.144
4 71 -2.438 -8.694 -12.626 -2.73 -8.602 -12.817 -2.739 -8.388 -13.259 -2.475 -8.295 -13.452
4 71 -0.869 -8.694 -12.626 -2.438 -8.694 -12.626 -2.475 -8.295 -13.452 -0.833 -8.295 -13.452
4 71 -0.569 -8.388 -13.259 -0.578 -8.602 -12.817 -0.869 -8.694 -12.626 -0.833 -8.295 -13.452
3 71 -2.04 -7.351 -15.209 -1.132 -7.744 -14.59 -2.011 -7.744 -14.59
4 71 -1.132 -7.744 -14.59 -1.306 -7.061 -15.666 -0.109 -6.99 -15.777 -0.769 -7.631 -14.767
4 71 0.435 -7.62 -14.784 1.089 -7.023 -15.725 2.047 -7.118 -15.576 1.437 -7.684 -14.684
4 71 1.437 -7.684 -14.684 2.047 -7.118 -15.576 2.256 -7.181 -15.476 2.342 -7.299 -15.29
4 71 1.437 -7.744 -14.59 1.437 -7.684 -14.684 2.342 -7.299 -15.29 2.342 -7.744 -14.59
4 71 1.089 -7.023 -15.725 0.435 -7.62 -14.784 -0.769 -7.631 -14.767 -0.109 -6.99 -15.777
4 71 -1.919 -7.185 -15.47 -1.306 -7.061 -15.666 -1.132 -7.744 -14.59 -2.04 -7.351 -15.209
3 71 14.564 -7.518 -14.945 14.552 -7.427 -15.089 14.781 -7.473 -15.017
4 71 3.004 -7.232 -15.396 11.318 -7.286 -15.311 11.329 -7.659 -14.723 3.014 -7.709 -14.644
4 71 13.649 -7.592 -14.829 11.329 -7.659 -14.723 11.318 -7.286 -15.311 13.638 -7.353 -15.205
3 71 -2.722 -7.709 -14.644 -11.026 -7.286 -15.311 -2.712 -7.232 -15.396
4 71 -14.26 -7.427 -15.089 -13.345 -7.353 -15.205 -11.037 -7.659 -14.723 -13.357 -7.592 -14.829
4 71 -13.357 -7.592 -14.829 -14.272 -7.518 -14.945 -14.489 -7.473 -15.017 -14.26 -7.427 -15.089
4 125 0.673 -15.92 12.991 -0.536 -15.915 12.885 -0.196 -15.901 12.583 0.171 -15.901 12.583
4 125 1.535 -15.939 13.401 -1.523 -15.939 13.385 -0.536 -15.915 12.885 0.673 -15.92 12.991
3 125 7.597 -16.053 15.816 6.173 -15.979 14.238 6.717 -15.987 14.419
4 125 3.264 -15.959 13.817 6.173 -15.979 14.238 7.597 -16.053 15.816 7.447 -16.16 18.088
4 125 -3.452 -15.96 13.849 -1.523 -15.939 13.385 1.535 -15.939 13.401 -7.455 -16.16 18.088
4 125 -7.455 -16.16 18.088 1.535 -15.939 13.401 3.264 -15.959 13.817 7.447 -16.16 18.088
3 125 -7.455 -16.16 18.088 -6.205 -15.979 14.24 -3.452 -15.96 13.849
4 125 -6.757 -15.988 14.43 -6.205 -15.979 14.24 -7.455 -16.16 18.088 -7.606 -16.056 15.88
4 125 7.211 -16.001 14.716 7.521 -16.025 15.216 7.597 -16.053 15.816 6.717 -15.987 14.419
4 125 -7.256 -16.002 14.741 -6.757 -15.988 14.43 -7.606 -16.056 15.88 -7.546 -16.027 15.268
4 128 -17.5 -15.901 12.583 -16.5 -16.16 18.088 -16.883 -16.156 18.012 -17.5 -16.113 17.084
4 128 17.207 -16.146 17.794 16.883 -16.156 18.012 17.5 -16.113 17.084 17.424 -16.131 17.468
4 128 17.5 -15.901 12.583 17.5 -16.113 17.084 16.883 -16.156 18.012 16.5 -16.16 18.088
4 128 -10.254 -15.901 12.583 -10.269 -15.924 13.082 -16.5 -16.16 18.088 -17.5 -15.901 12.583
4 128 -4.381 -15.224 7.899 -3.632 -14.897 5.634 -2.157 -14.885 5.556 -4.118 -15.237 7.993
4 128 -17.207 -16.146 17.794 -17.424 -16.131 17.468 -17.5 -16.113 17.084 -16.883 -16.156 18.012
4 128 17.5 -15.901 12.583 16.5 -16.16 18.088 9.891 -16.16 18.088 10.238 -15.901 12.583
3 128 -9.924 -16.16 18.088 -16.5 -16.16 18.088 -10.269 -15.924 13.082
4 128 -15.886 -15.267 8.198 -17.5 -15.901 12.583 -17.5 -15.252 8.097 -16.899 -15.25 8.078
3 128 -14.085 -15.351 8.779 -17.5 -15.901 12.583 -15.886 -15.267 8.198
4 128 -14.085 -15.351 8.779 -13.397 -15.364 8.866 -10.254 -15.901 12.583 -17.5 -15.901 12.583
4 128 -10.106 -15.827 12.07 -10.254 -15.901 12.583 -13.397 -15.364 8.866 -12.936 -15.358 8.825
4 128 -10.895 -15.253 8.099 -9.562 -15.728 11.388 -10.106 -15.827 12.07 -12.936 -15.358 8.825
4 128 -8.57 -15.139 7.31 -8.093 -15.12 7.178 -6.258 -15.356 8.814 -8.45 -15.569 10.285
4 128 -9.562 -15.728 11.388 -10.895 -15.253 8.099 -9.687 -15.14 7.321 -8.45 -15.569 10.285
3 128 -8.57 -15.139 7.31 -8.45 -15.569 10.285 -9.687 -15.14 7.321
4 128 -6.554 -15.063 6.789 -6.258 -15.356 8.814 -8.093 -15.12 7.178 -7.418 -15.073 6.858
4 128 -6.554 -15.063 6.789 -6.018 -15.044 6.651 -4.381 -15.224 7.899 -6.258 -15.356 8.814
3 128 -6.018 -15.044 6.651 -5.765 -15.025 6.523 -4.381 -15.224 7.899
4 128 -4.118 -15.237 7.993 -2.157 -14.885 5.556 -2.047 -15.59 10.43 -2.593 -15.512 9.89
4 128 -5.765 -15.025 6.523 -5.269 -14.96 6.071 -3.632 -14.897 5.634 -4.381 -15.224 7.899
4 128 -5.139 -14.904 5.688 -5.06 -14.9 5.661 -3.632 -14.897 5.634 -5.269 -14.96 6.071
4 128 -2.5 -14.861 5.385 -2.157 -14.885 5.556 -3.632 -14.897 5.634 -2.753 -14.856 5.354
4 128 13.244 -15.282 8.299 14.075 -15.316 8.536 10.238 -15.901 12.583 10.161 -15.837 12.138
3 128 17.5 -15.236 7.982 17.5 -15.901 12.583 17.331 -15.238 8
3 128 17.331 -15.238 8 17.5 -15.901 12.583 15.476 -15.315 8.529
4 128 10.267 -15.111 7.116 8.196 -15.549 10.149 7.749 -15.517 9.928 7.398 -15.467 9.582
4 128 10.161 -15.837 12.138 9.366 -15.703 11.217 11.716 -15.165 7.492 13.244 -15.282 8.299
4 128 10.238 -15.901 12.583 14.075 -15.316 8.536 15.476 -15.315 8.529 17.5 -15.901 12.583
4 128 8.196 -15.549 10.149 10.267 -15.111 7.116 11.716 -15.165 7.492 9.366 -15.703 11.217
4 128 7.214 -14.978 6.201 7.605 -14.984 6.241 7.398 -15.467 9.582 6.33 -15.372 8.924
3 128 7.398 -15.467 9.582 9.397 -15.002 6.366 10.267 -15.111 7.116
3 128 9.397 -15.002 6.366 8.403 -14.968 6.127 8.981 -14.971 6.148
4 128 7.605 -14.984 6.241 8.403 -14.968 6.127 9.397 -15.002 6.366 7.398 -15.467 9.582
3 128 6.33 -15.372 8.924 6.813 -14.95 6.004 7.214 -14.978 6.201
4 128 5.942 -14.868 5.434 6.173 -14.878 5.507 6.813 -14.95 6.004 4.839 -14.914 5.754
4 128 6.33 -15.372 8.924 4.396 -15.229 7.937 4.839 -14.914 5.754 6.813 -14.95 6.004
3 128 4.396 -15.229 7.937 3.743 -14.934 5.895 4.839 -14.914 5.754
4 128 4.396 -15.229 7.937 4.259 -15.228 7.928 2.957 -15.015 6.455 3.743 -14.934 5.895
4 128 2.957 -15.015 6.455 4.01 -15.25 8.077 1.997 -15.481 9.679 2.052 -15.064 6.791
3 128 4.259 -15.228 7.928 4.01 -15.25 8.077 2.957 -15.015 6.455
4 128 2.038 -15.543 10.105 1.997 -15.481 9.679 4.01 -15.25 8.077 2.152 -15.582 10.375
3 0 16.844 -14.847 5.295 17.5 -14.732 4.825 17.5 -14.847 5.295
3 0 2.634 -13.093 -1.817 2.874 -13.119 -1.745 2.495 -13.119 -1.745
3 0 -7.071 -13.119 -1.745 -6.896 -13.119 -1.745 -6.934 -13.142 -1.652
3 125 0.171 -15.901 12.583 -0.196 -15.901 12.583 -0.021 -15.878 12.427
