0 Sticker  1.8 x  1.8 with Coffee Point of Sale Terminal Screen
0 Name: 6507727c.dat
0 Author: Philippe Hurbain [Philo]
0 !LDRAW_ORG Unofficial_Part
0 !LICENSE Licensed under CC BY 4.0 : see CAreadme.txt

0 BFC CERTIFY CCW

0 !KEYWORDS Botanical Garden, Bricklink 21353stk01, Rebrickable 10109774
0 !KEYWORDS Set 21353

1 16 -16 -0.25 -16 -2 0 0 0 0.25 0 0 0 -2 1-4cyli.dat
1 16 -16 -0.25 16 0 0 -2 0 0.25 0 2 0 0 1-4cyli.dat
1 16 16 -0.25 -16 0 0 2 0 0.25 0 -2 0 0 1-4cyli.dat
1 16 16 -0.25 16 2 0 0 0 0.25 0 0 0 2 1-4cyli.dat
4 16 -18 0 -16 -18 -0.25 -16 -18 -0.25 16 -18 0 16
4 16 -16 0 18 -16 -0.25 18 16 -0.25 18 16 0 18
4 16 16 0 -18 16 -0.25 -18 -16 -0.25 -18 -16 0 -18
4 16 18 0 16 18 -0.25 16 18 -0.25 -16 18 0 -16
1 16 -16 0 -16 -2 0 0 0 -1 0 0 0 -2 1-4chrd.dat
1 16 -16 0 16 0 0 -2 0 -1 0 2 0 0 1-4chrd.dat
1 16 16 0 -16 0 0 2 0 -1 0 -2 0 0 1-4chrd.dat
1 16 16 0 16 2 0 0 0 -1 0 0 0 2 1-4chrd.dat
4 16 -18 0 16 -16 0 18 16 0 18 18 0 16
4 16 -18 0 16 18 0 16 18 0 -16 -18 0 -16
4 16 18 0 -16 16 0 -18 -16 0 -18 -18 0 -16
1 0 -16 -0.25 -16 -2 0 0 0 1 0 0 0 -2 1-4chrd.dat
1 0 -16 -0.25 16 0 0 -2 0 1 0 2 0 0 1-4chrd.dat
1 0 16 -0.25 -16 0 0 2 0 1 0 -2 0 0 1-4chrd.dat
1 0 16 -0.25 16 2 0 0 0 1 0 0 0 2 1-4chrd.dat
3 0 16 -0.25 -18 15.67 -0.25 -16.38 14.81 -0.25 -16.48
4 0 16.58 -0.25 15.31 16.58 -0.25 -15.05 18 -0.25 -16 18 -0.25 16
4 0 -16 -0.25 -18 -16.09 -0.25 -15.9 -16.3 -0.25 -15.05 -18 -0.25 -16
4 0 15.67 -0.25 -16.38 16 -0.25 -18 18 -0.25 -16 16.36 -0.25 -15.9
3 0 18 -0.25 -16 16.58 -0.25 -15.05 16.36 -0.25 -15.9
3 0 -15.39 -0.25 -16.38 -16.09 -0.25 -15.9 -16 -0.25 -18
3 0 -14.54 -0.25 -16.48 -15.39 -0.25 -16.38 -16 -0.25 -18
4 0 -16 -0.25 -18 16 -0.25 -18 14.81 -0.25 -16.48 -14.54 -0.25 -16.48
4 0 -16.3 -0.25 15.31 -18 -0.25 16 -18 -0.25 -16 -16.3 -0.25 -15.05
4 0 16 -0.25 18 16.36 -0.25 16.16 16.58 -0.25 15.31 18 -0.25 16
4 0 -16.3 -0.25 15.31 -16.09 -0.25 16.16 -16 -0.25 18 -18 -0.25 16
3 0 15.67 -0.25 16.63 16.36 -0.25 16.16 16 -0.25 18
3 0 14.81 -0.25 16.74 15.67 -0.25 16.63 16 -0.25 18
3 0 -16 -0.25 18 -16.09 -0.25 16.16 -15.39 -0.25 16.63
4 0 -16 -0.25 18 -14.54 -0.25 16.74 14.81 -0.25 16.74 16 -0.25 18
3 0 -16 -0.25 18 -15.39 -0.25 16.63 -14.54 -0.25 16.74
4 15 -15.39 -0.25 16.63 -14.02 -0.25 14.53 -13.16 -0.25 14.63 -14.54 -0.25 16.74
4 15 10.64 -0.25 10.04 10.18 -0.25 9.28 10.2 -0.25 6.48 10.73 -0.25 6.39
3 15 -2.33 -0.25 -13.64 -5.1 -0.25 -13.64 -14.54 -0.25 -16.48
4 15 -10.15 -0.25 -12.26 -8.7 -0.25 -12.25 -8.7 -0.25 -11.38 -10.15 -0.25 -11.38
4 15 -6.59 -0.25 -3.79 -5.49 -0.25 -3.79 -5.67 -0.25 -3.37 -6.42 -0.25 -3.37
4 15 7.64 -0.25 -5.29 12.42 -0.25 -5.29 12.42 -0.25 -4.23 7.64 -0.25 -4.23
4 15 6.81 -0.25 -9.21 6.81 -0.25 -8.16 5.64 -0.25 -8.16 5.64 -0.25 -9.21
4 15 0.27 -0.25 11.32 -13.11 -0.25 11.18 -9.7 -0.25 10.75 -8.32 -0.25 10.79
3 15 0.1 -0.25 9.77 0.36 -0.25 10.39 -0.01 -0.25 10.24
4 15 -7.81 -0.25 3.74 -1.19 -0.25 3.75 -1.3 -0.25 4.16 -7.36 -0.25 4.12
4 15 8.44 -0.25 3.73 8.2 -0.25 4.22 3.77 -0.25 4.2 3.57 -0.25 3.74
4 15 3.53 -0.25 4.57 3.5 -0.25 5.47 3.3 -0.25 6.19 2.68 -0.25 6.38
4 15 -13.16 -0.25 14.63 12.81 -0.25 14.63 14.81 -0.25 16.74 -14.54 -0.25 16.74
4 15 -16.09 -0.25 16.16 -16.3 -0.25 15.31 -14.02 -0.25 14.53 -15.39 -0.25 16.63
4 15 -14.98 -0.25 -0.75 -14.93 -0.25 3.02 -14.93 -0.25 13.21 -16.3 -0.25 15.31
3 15 -16.3 -0.25 15.31 -14.93 -0.25 13.21 -14.71 -0.25 14.06
3 15 14.81 -0.25 16.74 12.81 -0.25 14.63 13.66 -0.25 14.53
4 15 16.36 -0.25 16.16 15.67 -0.25 16.63 14.36 -0.25 14.06 16.58 -0.25 15.31
3 15 14.57 -0.25 13.21 16.58 -0.25 15.31 14.36 -0.25 14.06
3 15 -16.3 -0.25 15.31 -14.71 -0.25 14.06 -14.02 -0.25 14.53
4 15 15.67 -0.25 16.63 14.81 -0.25 16.74 13.66 -0.25 14.53 14.36 -0.25 14.06
4 15 12.4 -0.25 11.55 12.6 -0.25 7.36 13.1 -0.25 6.67 13.08 -0.25 10.73
4 15 12.5 -0.25 12.44 12.4 -0.25 11.55 13.08 -0.25 10.73 12.92 -0.25 11.76
4 15 12.4 -0.25 11.55 12.5 -0.25 12.44 11.56 -0.25 12.81 11.67 -0.25 12.26
4 15 11.67 -0.25 12.26 11.56 -0.25 12.81 10.36 -0.25 12.93 10.64 -0.25 12.42
4 15 2.89 -0.25 12.33 8.77 -0.25 12.42 10.36 -0.25 12.93 2.41 -0.25 12.86
4 15 8.77 -0.25 12.42 9.69 -0.25 12.3 10.64 -0.25 12.42 10.36 -0.25 12.93
4 15 9.5 -0.25 11.83 9.69 -0.25 12.3 8.77 -0.25 12.42 8.94 -0.25 12.22
4 15 8.94 -0.25 12.22 8.96 -0.25 11.37 9.53 -0.25 10.41 9.5 -0.25 11.83
4 15 8.92 -0.25 10.52 9.53 -0.25 10.41 8.96 -0.25 11.37 8.85 -0.25 11.19
4 15 2.41 -0.25 12.86 2.38 -0.25 11.28 2.93 -0.25 11.13 2.89 -0.25 12.33
4 15 2.67 -0.25 9.66 3.23 -0.25 10.53 2.93 -0.25 11.13 2.38 -0.25 11.28
4 15 2.68 -0.25 6.38 3.16 -0.25 6.53 3.23 -0.25 10.53 2.67 -0.25 9.66
4 15 12.56 -0.25 6.53 12.4 -0.25 6.3 12.4 -0.25 5.78 12.98 -0.25 6.1
4 15 12.6 -0.25 7.36 12.56 -0.25 6.53 12.98 -0.25 6.1 13.1 -0.25 6.67
4 15 9.44 -0.25 6.15 9.47 -0.25 9.2 8.92 -0.25 10.52 9 -0.25 6.63
4 15 9.47 -0.25 9.2 9.67 -0.25 9.64 9.53 -0.25 10.41 8.92 -0.25 10.52
4 15 10.64 -0.25 10.04 9.84 -0.25 10.12 9.67 -0.25 9.64 10 -0.25 9.55
3 15 9.53 -0.25 10.41 9.67 -0.25 9.64 9.84 -0.25 10.12
4 15 8.92 -0.25 10.52 8.85 -0.25 11.19 2.93 -0.25 11.13 3.23 -0.25 10.53
4 15 10.58 -0.25 5.74 12.4 -0.25 5.78 12.4 -0.25 6.3 11.05 -0.25 6.21
3 15 10 -0.25 9.55 10.18 -0.25 9.28 10.64 -0.25 10.04
4 15 10.2 -0.25 6.48 10.58 -0.25 5.74 11.05 -0.25 6.21 10.73 -0.25 6.39
4 15 -16.3 -0.25 15.31 -16.3 -0.25 -15.05 -14.98 -0.25 -3.37 -14.98 -0.25 -0.75
4 15 -14.81 -0.25 -0.32 -14.71 -0.25 2.17 -14.93 -0.25 3.02 -14.98 -0.25 -0.75
4 15 -14.81 -0.25 -0.32 -14.41 -0.25 -0.09 -14.02 -0.25 1.69 -14.71 -0.25 2.17
4 15 -11.65 -0.25 -0.09 -13.16 -0.25 1.59 -14.02 -0.25 1.69 -14.41 -0.25 -0.09
4 15 -2.33 -0.25 -0.09 -0.44 -0.25 -0.09 12.81 -0.25 1.59 -13.16 -0.25 1.59
4 15 -11.25 -0.25 -0.32 -9.75 -0.25 -0.09 -13.16 -0.25 1.59 -11.65 -0.25 -0.09
4 15 14.57 -0.25 13.21 14.57 -0.25 3.02 14.79 -0.25 -1.51 16.58 -0.25 15.31
4 15 14.36 -0.25 2.17 14.57 -0.25 -0.66 14.79 -0.25 -1.51 14.57 -0.25 3.02
4 15 13.66 -0.25 1.69 13.88 -0.25 -0.18 14.57 -0.25 -0.66 14.36 -0.25 2.17
4 15 13.88 -0.25 -0.18 13.66 -0.25 1.69 12.81 -0.25 1.59 13.03 -0.25 -0.08
4 15 -10.32 -0.25 -0.75 -11.07 -0.25 -0.75 -11.07 -0.25 -3.37 -10.32 -0.25 -3.37
4 15 -10.15 -0.25 -0.32 -11.25 -0.25 -0.32 -11.07 -0.25 -0.75 -10.32 -0.25 -0.75
3 15 5.33 -0.25 -0.08 13.03 -0.25 -0.08 12.81 -0.25 1.59
4 15 2.73 -0.25 -0.32 4.48 -0.25 -0.18 5.33 -0.25 -0.08 2.33 -0.25 -0.09
4 15 -0.44 -0.25 -0.09 2.33 -0.25 -0.09 5.33 -0.25 -0.08 12.81 -0.25 1.59
3 15 -11.25 -0.25 -0.32 -10.15 -0.25 -0.32 -9.75 -0.25 -0.09
4 15 3.79 -0.25 -0.66 2.9 -0.25 -0.75 2.9 -0.25 -3.37 3.57 -0.25 -1.51
4 15 4.48 -0.25 -0.18 2.73 -0.25 -0.32 2.9 -0.25 -0.75 3.79 -0.25 -0.66
3 15 -13.16 -0.25 1.59 -9.75 -0.25 -0.09 -6.99 -0.25 -0.09
3 15 -13.16 -0.25 1.59 -6.99 -0.25 -0.09 -5.1 -0.25 -0.09
4 15 -5.49 -0.25 -0.32 -6.59 -0.25 -0.32 -6.42 -0.25 -0.75 -5.67 -0.25 -0.75
4 15 -1.01 -0.25 -0.75 -0.84 -0.25 -0.32 -1.93 -0.25 -0.32 -1.76 -0.25 -0.75
4 15 -2.33 -0.25 -0.09 -1.93 -0.25 -0.32 -0.84 -0.25 -0.32 -0.44 -0.25 -0.09
4 15 -5.49 -0.25 -0.32 -5.1 -0.25 -0.09 -6.99 -0.25 -0.09 -6.59 -0.25 -0.32
3 15 -13.16 -0.25 1.59 -5.1 -0.25 -0.09 -2.33 -0.25 -0.09
4 15 2.33 -0.25 -13.64 4.48 -0.25 -13.56 3.79 -0.25 -13.09 2.73 -0.25 -13.41
4 15 14.81 -0.25 -16.48 5.33 -0.25 -13.67 4.48 -0.25 -13.56 2.33 -0.25 -13.64
3 15 5.33 -0.25 -13.67 14.81 -0.25 -16.48 13.03 -0.25 -13.67
4 15 16.58 -0.25 15.31 14.79 -0.25 -1.51 14.79 -0.25 -12.24 16.58 -0.25 -15.05
4 15 14.81 -0.25 -16.48 15.67 -0.25 -16.38 16.36 -0.25 -15.9 16.58 -0.25 -15.05
4 15 2.33 -0.25 -13.64 -0.44 -0.25 -13.64 -14.54 -0.25 -16.48 14.81 -0.25 -16.48
4 15 -0.84 -0.25 -13.41 -2.33 -0.25 -13.64 -14.54 -0.25 -16.48 -0.44 -0.25 -13.64
4 15 -14.41 -0.25 -13.64 -16.3 -0.25 -15.05 -16.09 -0.25 -15.9 -15.39 -0.25 -16.38
4 15 -6.99 -0.25 -13.64 -14.41 -0.25 -13.64 -15.39 -0.25 -16.38 -14.54 -0.25 -16.48
3 15 -14.98 -0.25 -12.98 -16.3 -0.25 -15.05 -14.81 -0.25 -13.41
3 15 -14.81 -0.25 -13.41 -16.3 -0.25 -15.05 -14.41 -0.25 -13.64
3 15 16.58 -0.25 -15.05 14.79 -0.25 -12.24 14.57 -0.25 -13.09
4 15 14.57 -0.25 -13.09 13.88 -0.25 -13.56 14.81 -0.25 -16.48 16.58 -0.25 -15.05
3 15 13.88 -0.25 -13.56 13.03 -0.25 -13.67 14.81 -0.25 -16.48
4 15 -6.42 -0.25 -12.98 -5.67 -0.25 -12.98 -5.67 -0.25 -10.36 -6.42 -0.25 -10.36
4 15 -6.42 -0.25 -12.98 -6.59 -0.25 -13.41 -5.49 -0.25 -13.41 -5.67 -0.25 -12.98
4 15 -1.76 -0.25 -10.36 -1.76 -0.25 -12.98 -1.01 -0.25 -12.98 -1.01 -0.25 -10.36
4 15 -1.76 -0.25 -12.98 -1.93 -0.25 -13.41 -0.84 -0.25 -13.41 -1.01 -0.25 -12.98
3 15 -0.84 -0.25 -13.41 -1.93 -0.25 -13.41 -2.33 -0.25 -13.64
3 15 -5.49 -0.25 -13.41 -6.59 -0.25 -13.41 -6.99 -0.25 -13.64
4 15 -14.54 -0.25 -16.48 -5.1 -0.25 -13.64 -5.49 -0.25 -13.41 -6.99 -0.25 -13.64
4 15 -7.73 -0.25 -11.81 -8.7 -0.25 -12.25 -8.57 -0.25 -12.71 -8.26 -0.25 -12.6
4 15 -8.26 -0.25 -11.02 -8.7 -0.25 -11.38 -8.7 -0.25 -12.25 -7.73 -0.25 -11.81
3 15 -8.26 -0.25 -11.02 -8.57 -0.25 -10.91 -8.7 -0.25 -11.38
4 15 -6.42 -0.25 -10.36 -5.67 -0.25 -10.36 -5.49 -0.25 -9.94 -6.59 -0.25 -9.94
4 15 -6.99 -0.25 -8.89 -6.99 -0.25 -9.7 -6.59 -0.25 -9.94 -6.59 -0.25 -8.65
4 15 -5.49 -0.25 -8.65 -6.59 -0.25 -8.65 -6.59 -0.25 -9.94 -5.49 -0.25 -9.94
4 15 -5.1 -0.25 -8.89 -5.49 -0.25 -8.65 -5.49 -0.25 -9.94 -5.1 -0.25 -9.7
4 15 -9.75 -0.25 -8.89 -11.65 -0.25 -8.89 -14.41 -0.25 -9.7 -6.99 -0.25 -9.7
3 15 -16.3 -0.25 -15.05 -14.98 -0.25 -12.98 -14.98 -0.25 -10.36
4 15 -14.81 -0.25 -9.94 -14.81 -0.25 -8.65 -14.98 -0.25 -8.23 -14.98 -0.25 -10.36
3 15 -14.98 -0.25 -8.23 -16.3 -0.25 -15.05 -14.98 -0.25 -10.36
4 15 -14.81 -0.25 -8.65 -14.81 -0.25 -9.94 -14.41 -0.25 -9.7 -14.41 -0.25 -8.89
3 15 -11.65 -0.25 -8.89 -14.41 -0.25 -8.89 -14.41 -0.25 -9.7
3 15 -9.75 -0.25 -8.89 -6.99 -0.25 -9.7 -6.99 -0.25 -8.89
4 15 -11.07 -0.25 -8.23 -11.25 -0.25 -8.65 -10.15 -0.25 -8.65 -10.32 -0.25 -8.23
4 15 -11.65 -0.25 -8.89 -9.75 -0.25 -8.89 -10.15 -0.25 -8.65 -11.25 -0.25 -8.65
4 15 -1.76 -0.25 -10.36 -1.01 -0.25 -10.36 -0.84 -0.25 -9.94 -1.93 -0.25 -9.94
4 15 -1.93 -0.25 -8.65 -1.93 -0.25 -9.94 -0.84 -0.25 -9.94 -0.84 -0.25 -8.65
4 15 -0.44 -0.25 -9.7 -0.44 -0.25 -8.89 -0.84 -0.25 -8.65 -0.84 -0.25 -9.94
4 15 -0.44 -0.25 -8.89 -0.44 -0.25 -9.7 2.33 -0.25 -9.7 2.33 -0.25 -8.89
4 15 -6.42 -0.25 -8.23 -5.67 -0.25 -8.23 -5.67 -0.25 -5.6 -6.42 -0.25 -5.6
4 15 -6.59 -0.25 -8.65 -5.49 -0.25 -8.65 -5.67 -0.25 -8.23 -6.42 -0.25 -8.23
3 15 2.9 -0.25 -10.36 2.9 -0.25 -12.98 3.57 -0.25 -12.24
4 15 2.73 -0.25 -13.41 3.79 -0.25 -13.09 3.57 -0.25 -12.24 2.9 -0.25 -12.98
4 15 3.57 -0.25 -1.51 2.9 -0.25 -5.6 2.9 -0.25 -8.23 3.57 -0.25 -12.24
4 15 2.73 -0.25 -8.65 2.9 -0.25 -10.36 3.57 -0.25 -12.24 2.9 -0.25 -8.23
4 15 2.33 -0.25 -8.89 2.73 -0.25 -9.94 2.9 -0.25 -10.36 2.73 -0.25 -8.65
3 15 2.33 -0.25 -9.7 2.73 -0.25 -9.94 2.33 -0.25 -8.89
4 15 -1.93 -0.25 -9.94 -1.93 -0.25 -8.65 -2.33 -0.25 -8.89 -2.33 -0.25 -9.7
4 15 -2.33 -0.25 -9.7 -2.33 -0.25 -8.89 -5.1 -0.25 -8.89 -5.1 -0.25 -9.7
4 15 -0.84 -0.25 -8.65 -1.01 -0.25 -8.23 -1.76 -0.25 -8.23 -1.93 -0.25 -8.65
4 15 -11.07 -0.25 -8.23 -10.32 -0.25 -8.23 -10.32 -0.25 -5.6 -11.07 -0.25 -5.6
4 15 -11.07 -0.25 -5.6 -10.32 -0.25 -5.6 -10.15 -0.25 -5.18 -11.25 -0.25 -5.18
4 15 -11.65 -0.25 -4.03 -11.65 -0.25 -4.94 -11.25 -0.25 -5.18 -11.25 -0.25 -3.79
4 15 -9.75 -0.25 -4.94 -9.75 -0.25 -4.03 -10.15 -0.25 -3.79 -10.15 -0.25 -5.18
4 15 -5.49 -0.25 -5.18 -6.59 -0.25 -5.18 -6.42 -0.25 -5.6 -5.67 -0.25 -5.6
4 15 -5.1 -0.25 -4.03 -5.49 -0.25 -3.79 -5.49 -0.25 -5.18 -5.1 -0.25 -4.94
4 15 -6.59 -0.25 -5.18 -5.49 -0.25 -5.18 -5.49 -0.25 -3.79 -6.59 -0.25 -3.79
4 15 -9.75 -0.25 -4.94 -6.99 -0.25 -4.94 -6.99 -0.25 -4.03 -9.75 -0.25 -4.03
4 15 -1.01 -0.25 -8.23 -1.01 -0.25 -5.6 -1.76 -0.25 -5.6 -1.76 -0.25 -8.23
4 15 -1.01 -0.25 -5.6 -0.84 -0.25 -5.18 -1.93 -0.25 -5.18 -1.76 -0.25 -5.6
4 15 -1.93 -0.25 -3.79 -1.93 -0.25 -5.18 -0.84 -0.25 -5.18 -0.84 -0.25 -3.79
4 15 2.73 -0.25 -3.79 2.73 -0.25 -5.18 2.9 -0.25 -5.6 2.9 -0.25 -3.37
3 15 2.9 -0.25 -5.6 3.57 -0.25 -1.51 2.9 -0.25 -3.37
4 15 2.73 -0.25 -5.18 2.73 -0.25 -3.79 2.33 -0.25 -4.03 2.33 -0.25 -4.94
4 15 2.33 -0.25 -4.03 -0.44 -0.25 -4.03 -0.44 -0.25 -4.94 2.33 -0.25 -4.94
4 15 -0.84 -0.25 -5.18 -0.44 -0.25 -4.94 -0.44 -0.25 -4.03 -0.84 -0.25 -3.79
4 15 -1.76 -0.25 -3.37 -1.01 -0.25 -3.37 -1.01 -0.25 -0.75 -1.76 -0.25 -0.75
4 15 -1.76 -0.25 -3.37 -1.93 -0.25 -3.79 -0.84 -0.25 -3.79 -1.01 -0.25 -3.37
3 15 -16.3 -0.25 -15.05 -14.98 -0.25 -8.23 -14.98 -0.25 -5.6
4 15 -14.81 -0.25 -5.18 -14.81 -0.25 -3.79 -14.98 -0.25 -3.37 -14.98 -0.25 -5.6
3 15 -14.98 -0.25 -3.37 -16.3 -0.25 -15.05 -14.98 -0.25 -5.6
4 15 -14.81 -0.25 -5.18 -14.41 -0.25 -4.94 -14.41 -0.25 -4.03 -14.81 -0.25 -3.79
4 15 -14.41 -0.25 -4.03 -14.41 -0.25 -4.94 -11.65 -0.25 -4.94 -11.65 -0.25 -4.03
4 15 -10.15 -0.25 -3.79 -10.32 -0.25 -3.37 -11.07 -0.25 -3.37 -11.25 -0.25 -3.79
4 15 -11.25 -0.25 -5.18 -10.15 -0.25 -5.18 -10.15 -0.25 -3.79 -11.25 -0.25 -3.79
4 15 -1.93 -0.25 -5.18 -1.93 -0.25 -3.79 -2.33 -0.25 -4.03 -2.33 -0.25 -4.94
4 15 -6.59 -0.25 -5.18 -6.59 -0.25 -3.79 -6.99 -0.25 -4.03 -6.99 -0.25 -4.94
4 15 -2.33 -0.25 -4.03 -5.1 -0.25 -4.03 -5.1 -0.25 -4.94 -2.33 -0.25 -4.94
4 15 -6.42 -0.25 -3.37 -5.67 -0.25 -3.37 -5.67 -0.25 -0.75 -6.42 -0.25 -0.75
3 15 5.64 -0.25 -5.29 4.7 -0.25 -0.98 5.64 -0.25 -6.19
4 15 4.69 -0.25 -12.74 5.64 -0.25 -7.26 5.64 -0.25 -6.19 4.7 -0.25 -0.98
3 15 4.69 -0.25 -12.74 5.64 -0.25 -8.16 5.64 -0.25 -7.26
4 15 6.81 -0.25 -6.19 6.81 -0.25 -7.26 7.64 -0.25 -7.26 7.64 -0.25 -6.19
4 15 12.42 -0.25 -6.19 7.64 -0.25 -6.19 7.64 -0.25 -7.26 12.42 -0.25 -7.26
4 15 5.64 -0.25 -6.19 5.64 -0.25 -7.26 6.81 -0.25 -7.26 6.81 -0.25 -6.19
4 15 13.53 -0.25 -0.99 12.42 -0.25 -7.26 12.42 -0.25 -8.16 13.51 -0.25 -12.71
3 15 13.53 -0.25 -0.99 12.42 -0.25 -5.29 12.42 -0.25 -6.19
3 15 13.53 -0.25 -0.99 12.42 -0.25 -6.19 12.42 -0.25 -7.26
4 15 7.64 -0.25 -6.19 7.64 -0.25 -5.29 6.81 -0.25 -5.29 6.81 -0.25 -6.19
3 15 5.64 -0.25 -3.33 4.7 -0.25 -0.98 5.64 -0.25 -4.23
3 15 4.7 -0.25 -0.98 5.64 -0.25 -5.29 5.64 -0.25 -4.23
4 15 7.64 -0.25 -4.23 6.81 -0.25 -4.23 6.81 -0.25 -5.29 7.64 -0.25 -5.29
4 15 6.81 -0.25 -4.23 5.64 -0.25 -4.23 5.64 -0.25 -5.29 6.81 -0.25 -5.29
4 15 6.81 -0.25 -4.23 7.64 -0.25 -4.23 7.64 -0.25 -3.33 6.81 -0.25 -3.33
3 15 4.7 -0.25 -0.98 5.64 -0.25 -3.33 6.81 -0.25 -3.33
3 15 6.81 -0.25 -3.33 7.64 -0.25 -3.33 4.7 -0.25 -0.98
4 15 4.7 -0.25 -0.98 7.64 -0.25 -3.33 12.42 -0.25 -3.33 13.53 -0.25 -0.99
4 15 6.81 -0.25 -8.16 7.64 -0.25 -8.16 7.64 -0.25 -7.26 6.81 -0.25 -7.26
3 15 12.42 -0.25 -9.21 13.51 -0.25 -12.71 12.42 -0.25 -8.16
4 15 7.64 -0.25 -8.16 7.64 -0.25 -9.21 12.42 -0.25 -9.21 12.42 -0.25 -8.16
3 15 4.69 -0.25 -12.74 5.64 -0.25 -10.11 5.64 -0.25 -9.21
3 15 5.64 -0.25 -8.16 4.69 -0.25 -12.74 5.64 -0.25 -9.21
4 15 7.64 -0.25 -9.21 7.64 -0.25 -8.16 6.81 -0.25 -8.16 6.81 -0.25 -9.21
4 15 6.81 -0.25 -10.11 7.64 -0.25 -10.11 7.64 -0.25 -9.21 6.81 -0.25 -9.21
3 15 6.81 -0.25 -10.11 5.64 -0.25 -10.11 4.69 -0.25 -12.74
3 15 13.51 -0.25 -12.71 12.42 -0.25 -9.21 12.42 -0.25 -10.11
4 15 4.69 -0.25 -12.74 13.51 -0.25 -12.71 12.42 -0.25 -10.11 7.64 -0.25 -10.11
3 15 7.64 -0.25 -10.11 6.81 -0.25 -10.11 4.69 -0.25 -12.74
4 15 -12.87 -0.25 10.63 -13.48 -0.25 10.68 -13.38 -0.25 6.62 -12.86 -0.25 6.99
4 15 -10.6 -0.25 6.99 -12.86 -0.25 6.99 -13.38 -0.25 6.62 -12.87 -0.25 6.44
3 15 -8.17 -0.25 6 -7.69 -0.25 5.66 -7.52 -0.25 6.1
4 15 -10.6 -0.25 6.99 -12.87 -0.25 6.44 -8.33 -0.25 6.33 -9.88 -0.25 6.88
4 15 -8.17 -0.25 6 -7.52 -0.25 6.1 -7.47 -0.25 6.7 -8.33 -0.25 6.33
4 15 -0.93 -0.25 6.78 -7.47 -0.25 6.7 -7.52 -0.25 6.1 -1.12 -0.25 6.14
4 15 -0.93 -0.25 6.78 -1.12 -0.25 6.14 -0.89 -0.25 5.86 -0.41 -0.25 6.13
3 15 0.57 -0.25 7.94 0.1 -0.25 9.77 0.03 -0.25 7.84
4 15 0.03 -0.25 7.84 -0.35 -0.25 7.2 -0.41 -0.25 6.13 0.57 -0.25 7.94
4 15 -8.02 -0.25 6.89 -9.23 -0.25 6.94 -9.88 -0.25 6.88 -8.33 -0.25 6.33
3 15 -8.02 -0.25 6.89 -8.68 -0.25 7.71 -9.23 -0.25 6.94
3 15 -0.41 -0.25 6.13 -0.35 -0.25 7.2 -0.93 -0.25 6.78
3 15 -7.47 -0.25 6.7 -8.02 -0.25 6.89 -8.33 -0.25 6.33
4 15 -9.88 -0.25 6.88 -10.21 -0.25 10.54 -10.6 -0.25 10.68 -10.6 -0.25 6.99
4 15 -13.48 -0.25 10.68 -12.87 -0.25 10.63 -12.61 -0.25 10.76 -13.11 -0.25 11.18
3 15 -10.6 -0.25 10.68 -10.21 -0.25 10.54 -9.7 -0.25 10.75
4 15 -9.7 -0.25 10.75 -13.11 -0.25 11.18 -12.61 -0.25 10.76 -10.6 -0.25 10.68
4 15 -8.99 -0.25 10.46 -8.89 -0.25 10.74 -9.7 -0.25 10.75 -9.44 -0.25 10.64
4 15 -8.32 -0.25 10.79 0.33 -0.25 10.79 0.86 -0.25 11.12 0.27 -0.25 11.32
3 15 0.33 -0.25 10.79 0.36 -0.25 10.39 0.86 -0.25 11.12
3 15 -9.7 -0.25 10.75 -8.89 -0.25 10.74 -8.32 -0.25 10.79
3 15 -8.93 -0.25 10.25 -8.99 -0.25 10.46 -9.44 -0.25 10.64
4 15 -8.68 -0.25 7.71 -8.89 -0.25 8.87 -9.44 -0.25 10.64 -9.23 -0.25 6.94
4 15 -8.93 -0.25 10.25 -9.44 -0.25 10.64 -8.89 -0.25 8.87 -8.75 -0.25 9.79
3 15 -8.31 -0.25 10.16 -8.93 -0.25 10.25 -8.75 -0.25 9.79
4 15 0.57 -0.25 7.94 0.86 -0.25 11.12 0.36 -0.25 10.39 0.1 -0.25 9.77
4 15 -8.75 -0.25 9.79 0.1 -0.25 9.77 -0.01 -0.25 10.24 -8.31 -0.25 10.16
4 15 -8.15 -0.25 4.11 -7.67 -0.25 4.5 -7.69 -0.25 5.66 -8.17 -0.25 6
4 15 -7.36 -0.25 4.12 -7.67 -0.25 4.5 -8.15 -0.25 4.11 -7.81 -0.25 3.74
4 15 -0.89 -0.25 4.48 -1.3 -0.25 4.16 -1.19 -0.25 3.75 -0.62 -0.25 3.94
4 15 -0.89 -0.25 5.86 -0.89 -0.25 4.48 -0.62 -0.25 3.94 -0.44 -0.25 4.37
3 15 -0.44 -0.25 4.37 -0.41 -0.25 6.13 -0.89 -0.25 5.86
4 15 3.53 -0.25 4.57 3.27 -0.25 3.84 3.57 -0.25 3.74 3.77 -0.25 4.2
4 15 8.91 -0.25 3.87 8.59 -0.25 4.45 8.2 -0.25 4.22 8.44 -0.25 3.73
4 15 9.44 -0.25 6.15 8.64 -0.25 5.33 8.59 -0.25 4.45 8.91 -0.25 3.87
4 15 9.44 -0.25 6.15 8.86 -0.25 6.21 8.41 -0.25 5.71 8.64 -0.25 5.33
3 15 9.44 -0.25 6.15 9 -0.25 6.63 8.86 -0.25 6.21
3 15 3.3 -0.25 6.19 3.16 -0.25 6.53 2.68 -0.25 6.38
4 15 3.3 -0.25 6.19 3.75 -0.25 5.7 8.41 -0.25 5.71 8.86 -0.25 6.21
3 15 3.27 -0.25 3.84 3.53 -0.25 4.57 2.68 -0.25 6.38
3 15 3.5 -0.25 5.47 3.75 -0.25 5.7 3.3 -0.25 6.19
4 70 -10.15 -0.25 -12.26 -10.15 -0.25 -11.38 -14.41 -0.25 -9.7 -14.98 -0.25 -12.98
4 70 -14.41 -0.25 -8.89 -11.65 -0.25 -8.89 -11.07 -0.25 -8.23 -14.98 -0.25 -8.23
4 70 -0.44 -0.25 -4.94 -1.01 -0.25 -5.6 2.9 -0.25 -5.6 2.33 -0.25 -4.94
4 70 -2.33 -0.25 -4.94 -5.1 -0.25 -4.94 -5.67 -0.25 -5.6 -1.76 -0.25 -5.6
4 70 -5.1 -0.25 -9.7 -5.67 -0.25 -10.36 -1.76 -0.25 -10.36 -2.33 -0.25 -9.7
4 70 13.53 -0.25 -0.99 13.51 -0.25 -12.71 14.79 -0.25 -12.24 14.79 -0.25 -1.51
4 70 13.88 -0.25 -0.18 13.53 -0.25 -0.99 14.79 -0.25 -1.51 14.57 -0.25 -0.66
3 70 5.33 -0.25 -13.67 4.69 -0.25 -12.74 4.48 -0.25 -13.56
4 70 4.69 -0.25 -12.74 5.33 -0.25 -13.67 13.03 -0.25 -13.67 13.51 -0.25 -12.71
3 70 13.03 -0.25 -13.67 13.88 -0.25 -13.56 13.51 -0.25 -12.71
4 70 14.79 -0.25 -12.24 13.51 -0.25 -12.71 13.88 -0.25 -13.56 14.57 -0.25 -13.09
4 70 -8.57 -0.25 -12.71 -10.15 -0.25 -12.26 -14.98 -0.25 -12.98 -14.41 -0.25 -13.64
3 70 -14.98 -0.25 -12.98 -14.81 -0.25 -13.41 -14.41 -0.25 -13.64
3 70 -14.41 -0.25 -13.64 -6.99 -0.25 -13.64 -8.57 -0.25 -12.71
4 70 -8.26 -0.25 -12.6 -6.99 -0.25 -13.64 -6.59 -0.25 -13.41 -6.42 -0.25 -12.98
4 70 -6.42 -0.25 -10.36 -7.73 -0.25 -11.81 -8.26 -0.25 -12.6 -6.42 -0.25 -12.98
3 70 -8.57 -0.25 -12.71 -8.7 -0.25 -12.25 -10.15 -0.25 -12.26
3 70 -8.26 -0.25 -12.6 -8.57 -0.25 -12.71 -6.99 -0.25 -13.64
4 70 -14.41 -0.25 -9.7 -10.15 -0.25 -11.38 -8.7 -0.25 -11.38 -8.57 -0.25 -10.91
3 70 -6.42 -0.25 -10.36 -6.59 -0.25 -9.94 -6.99 -0.25 -9.7
3 70 -6.99 -0.25 -9.7 -14.41 -0.25 -9.7 -8.57 -0.25 -10.91
4 70 -14.81 -0.25 -9.94 -14.98 -0.25 -10.36 -14.98 -0.25 -12.98 -14.41 -0.25 -9.7
3 70 -8.57 -0.25 -10.91 -8.26 -0.25 -11.02 -6.99 -0.25 -9.7
4 70 -7.73 -0.25 -11.81 -6.42 -0.25 -10.36 -6.99 -0.25 -9.7 -8.26 -0.25 -11.02
4 70 -11.07 -0.25 -5.6 -14.98 -0.25 -5.6 -14.98 -0.25 -8.23 -11.07 -0.25 -8.23
3 70 -14.98 -0.25 -8.23 -14.81 -0.25 -8.65 -14.41 -0.25 -8.89
3 70 -11.65 -0.25 -8.89 -11.25 -0.25 -8.65 -11.07 -0.25 -8.23
4 70 -11.25 -0.25 -5.18 -11.65 -0.25 -4.94 -14.41 -0.25 -4.94 -11.07 -0.25 -5.6
4 70 -11.07 -0.25 -5.6 -14.41 -0.25 -4.94 -14.81 -0.25 -5.18 -14.98 -0.25 -5.6
3 70 2.9 -0.25 -5.6 2.73 -0.25 -5.18 2.33 -0.25 -4.94
3 70 -0.44 -0.25 -4.94 -0.84 -0.25 -5.18 -1.01 -0.25 -5.6
4 70 2.9 -0.25 -8.23 2.9 -0.25 -5.6 -1.01 -0.25 -5.6 -1.01 -0.25 -8.23
4 70 2.9 -0.25 -8.23 -1.01 -0.25 -8.23 -0.84 -0.25 -8.65 -0.44 -0.25 -8.89
4 70 2.73 -0.25 -8.65 2.9 -0.25 -8.23 -0.44 -0.25 -8.89 2.33 -0.25 -8.89
4 70 -5.67 -0.25 -8.23 -1.76 -0.25 -8.23 -1.76 -0.25 -5.6 -5.67 -0.25 -5.6
3 70 -1.76 -0.25 -5.6 -1.93 -0.25 -5.18 -2.33 -0.25 -4.94
3 70 -5.1 -0.25 -4.94 -5.49 -0.25 -5.18 -5.67 -0.25 -5.6
4 70 -5.49 -0.25 -8.65 -5.1 -0.25 -8.89 -2.33 -0.25 -8.89 -5.67 -0.25 -8.23
4 70 -5.67 -0.25 -8.23 -2.33 -0.25 -8.89 -1.93 -0.25 -8.65 -1.76 -0.25 -8.23
3 70 -6.42 -0.25 -5.6 -6.59 -0.25 -5.18 -6.99 -0.25 -4.94
4 70 -6.42 -0.25 -5.6 -6.99 -0.25 -4.94 -9.75 -0.25 -4.94 -10.32 -0.25 -5.6
3 70 -9.75 -0.25 -4.94 -10.15 -0.25 -5.18 -10.32 -0.25 -5.6
4 70 -6.42 -0.25 -8.23 -6.42 -0.25 -5.6 -10.32 -0.25 -5.6 -10.32 -0.25 -8.23
4 70 -6.42 -0.25 -8.23 -10.32 -0.25 -8.23 -10.15 -0.25 -8.65 -9.75 -0.25 -8.89
4 70 -6.59 -0.25 -8.65 -6.42 -0.25 -8.23 -9.75 -0.25 -8.89 -6.99 -0.25 -8.89
4 70 4.48 -0.25 -13.56 4.69 -0.25 -12.74 3.57 -0.25 -12.24 3.79 -0.25 -13.09
4 70 3.57 -0.25 -12.24 4.69 -0.25 -12.74 4.7 -0.25 -0.98 3.57 -0.25 -1.51
4 70 13.03 -0.25 -0.08 5.33 -0.25 -0.08 4.7 -0.25 -0.98 13.53 -0.25 -0.99
3 70 13.03 -0.25 -0.08 13.53 -0.25 -0.99 13.88 -0.25 -0.18
3 70 5.33 -0.25 -0.08 4.48 -0.25 -0.18 4.7 -0.25 -0.98
4 70 3.57 -0.25 -1.51 4.7 -0.25 -0.98 4.48 -0.25 -0.18 3.79 -0.25 -0.66
4 70 -1.01 -0.25 -12.98 2.9 -0.25 -12.98 2.9 -0.25 -10.36 -1.01 -0.25 -10.36
3 70 2.9 -0.25 -10.36 2.73 -0.25 -9.94 2.33 -0.25 -9.7
4 70 -1.01 -0.25 -10.36 2.9 -0.25 -10.36 2.33 -0.25 -9.7 -0.44 -0.25 -9.7
3 70 -0.44 -0.25 -9.7 -0.84 -0.25 -9.94 -1.01 -0.25 -10.36
4 70 -0.84 -0.25 -13.41 -0.44 -0.25 -13.64 2.33 -0.25 -13.64 -1.01 -0.25 -12.98
4 70 -1.01 -0.25 -12.98 2.33 -0.25 -13.64 2.73 -0.25 -13.41 2.9 -0.25 -12.98
3 70 -1.76 -0.25 -10.36 -1.93 -0.25 -9.94 -2.33 -0.25 -9.7
3 70 -5.1 -0.25 -9.7 -5.49 -0.25 -9.94 -5.67 -0.25 -10.36
4 70 -5.1 -0.25 -13.64 -2.33 -0.25 -13.64 -1.93 -0.25 -13.41 -1.76 -0.25 -12.98
4 70 -5.67 -0.25 -10.36 -5.67 -0.25 -12.98 -1.76 -0.25 -12.98 -1.76 -0.25 -10.36
4 70 -5.49 -0.25 -13.41 -5.1 -0.25 -13.64 -1.76 -0.25 -12.98 -5.67 -0.25 -12.98
3 84 10.36 -0.25 12.93 11.56 -0.25 12.81 12.81 -0.25 14.63
4 84 12.6 -0.25 7.36 11.05 -0.25 6.21 12.4 -0.25 6.3 12.56 -0.25 6.53
4 84 -11.65 -0.25 -4.03 -11.07 -0.25 -3.37 -14.98 -0.25 -3.37 -14.41 -0.25 -4.03
4 84 -5.1 -0.25 -4.03 -2.33 -0.25 -4.03 -1.76 -0.25 -3.37 -5.67 -0.25 -3.37
4 84 6.81 -0.25 -6.19 6.81 -0.25 -5.29 5.64 -0.25 -5.29 5.64 -0.25 -6.19
4 84 7.64 -0.25 -10.11 12.42 -0.25 -10.11 12.42 -0.25 -9.21 7.64 -0.25 -9.21
4 84 6.81 -0.25 -9.21 5.64 -0.25 -9.21 5.64 -0.25 -10.11 6.81 -0.25 -10.11
4 84 6.81 -0.25 -7.26 5.64 -0.25 -7.26 5.64 -0.25 -8.16 6.81 -0.25 -8.16
4 84 -12.86 -0.25 6.99 -10.6 -0.25 6.99 -10.6 -0.25 10.68 -12.61 -0.25 10.76
4 84 -8.32 -0.25 10.79 -8.89 -0.25 10.74 -8.93 -0.25 10.25 -8.31 -0.25 10.16
4 84 -8.75 -0.25 9.79 -7.47 -0.25 6.7 -0.93 -0.25 6.78 0.1 -0.25 9.77
4 84 3.77 -0.25 4.2 8.2 -0.25 4.22 8.41 -0.25 5.71 3.75 -0.25 5.7
4 84 -13.16 -0.25 14.63 -14.02 -0.25 14.53 -14.71 -0.25 14.06 -14.93 -0.25 13.21
4 84 -13.16 -0.25 14.63 -14.93 -0.25 13.21 -13.48 -0.25 10.68 -13.11 -0.25 11.18
4 84 -13.16 -0.25 14.63 2.41 -0.25 12.86 10.36 -0.25 12.93 12.81 -0.25 14.63
4 84 14.57 -0.25 3.02 14.57 -0.25 13.21 13.08 -0.25 10.73 13.1 -0.25 6.67
4 84 14.36 -0.25 14.06 13.66 -0.25 14.53 12.5 -0.25 12.44 14.57 -0.25 13.21
3 84 13.08 -0.25 10.73 14.57 -0.25 13.21 12.92 -0.25 11.76
3 84 12.92 -0.25 11.76 14.57 -0.25 13.21 12.5 -0.25 12.44
4 84 -13.11 -0.25 11.18 0.27 -0.25 11.32 2.41 -0.25 12.86 -13.16 -0.25 14.63
4 84 2.38 -0.25 11.28 2.41 -0.25 12.86 0.27 -0.25 11.32 0.86 -0.25 11.12
4 84 13.66 -0.25 14.53 12.81 -0.25 14.63 11.56 -0.25 12.81 12.5 -0.25 12.44
4 84 12.4 -0.25 11.55 11.67 -0.25 12.26 10.64 -0.25 12.42 10.64 -0.25 10.04
4 84 10.64 -0.25 10.04 10.64 -0.25 12.42 9.69 -0.25 12.3 9.5 -0.25 11.83
4 84 9.84 -0.25 10.12 10.64 -0.25 10.04 9.5 -0.25 11.83 9.53 -0.25 10.41
4 84 12.4 -0.25 11.55 10.64 -0.25 10.04 10.73 -0.25 6.39 12.6 -0.25 7.36
3 84 10.73 -0.25 6.39 11.05 -0.25 6.21 12.6 -0.25 7.36
4 84 9.44 -0.25 6.15 10.2 -0.25 6.48 10.18 -0.25 9.28 9.47 -0.25 9.2
4 84 9.67 -0.25 9.64 9.47 -0.25 9.2 10.18 -0.25 9.28 10 -0.25 9.55
4 84 8.91 -0.25 3.87 10.58 -0.25 5.74 10.2 -0.25 6.48 9.44 -0.25 6.15
3 84 10.58 -0.25 5.74 8.91 -0.25 3.87 12.81 -0.25 1.59
3 84 14.57 -0.25 3.02 13.1 -0.25 6.67 12.98 -0.25 6.1
3 84 12.98 -0.25 6.1 12.4 -0.25 5.78 14.57 -0.25 3.02
4 84 10.58 -0.25 5.74 12.81 -0.25 1.59 14.57 -0.25 3.02 12.4 -0.25 5.78
4 84 12.81 -0.25 1.59 13.66 -0.25 1.69 14.36 -0.25 2.17 14.57 -0.25 3.02
4 84 3.57 -0.25 3.74 -1.19 -0.25 3.75 -13.16 -0.25 1.59 12.81 -0.25 1.59
3 84 3.57 -0.25 3.74 12.81 -0.25 1.59 8.44 -0.25 3.73
4 84 -13.16 -0.25 1.59 -14.93 -0.25 3.02 -14.71 -0.25 2.17 -14.02 -0.25 1.69
4 84 -13.16 -0.25 1.59 -12.87 -0.25 6.44 -13.38 -0.25 6.62 -14.93 -0.25 3.02
4 84 -14.93 -0.25 3.02 -13.38 -0.25 6.62 -13.48 -0.25 10.68 -14.93 -0.25 13.21
4 84 -8.15 -0.25 4.11 -8.17 -0.25 6 -8.33 -0.25 6.33 -12.87 -0.25 6.44
3 84 8.91 -0.25 3.87 8.44 -0.25 3.73 12.81 -0.25 1.59
4 84 -12.87 -0.25 6.44 -13.16 -0.25 1.59 -7.81 -0.25 3.74 -8.15 -0.25 4.11
3 84 -1.19 -0.25 3.75 -7.81 -0.25 3.74 -13.16 -0.25 1.59
4 84 3.57 -0.25 3.74 3.27 -0.25 3.84 -0.62 -0.25 3.94 -1.19 -0.25 3.75
4 84 -0.41 -0.25 6.13 2.68 -0.25 6.38 2.67 -0.25 9.66 0.57 -0.25 7.94
4 84 0.57 -0.25 7.94 2.67 -0.25 9.66 2.38 -0.25 11.28 0.86 -0.25 11.12
4 84 2.68 -0.25 6.38 -0.44 -0.25 4.37 -0.62 -0.25 3.94 3.27 -0.25 3.84
3 84 -0.41 -0.25 6.13 -0.44 -0.25 4.37 2.68 -0.25 6.38
3 84 -14.98 -0.25 -3.37 -14.81 -0.25 -3.79 -14.41 -0.25 -4.03
3 84 -11.65 -0.25 -4.03 -11.25 -0.25 -3.79 -11.07 -0.25 -3.37
4 84 -11.65 -0.25 -0.09 -14.41 -0.25 -0.09 -14.81 -0.25 -0.32 -14.98 -0.25 -0.75
4 84 -11.07 -0.25 -3.37 -11.07 -0.25 -0.75 -14.98 -0.25 -0.75 -14.98 -0.25 -3.37
4 84 -11.25 -0.25 -0.32 -11.65 -0.25 -0.09 -14.98 -0.25 -0.75 -11.07 -0.25 -0.75
3 84 -10.32 -0.25 -3.37 -10.15 -0.25 -3.79 -9.75 -0.25 -4.03
4 84 -10.32 -0.25 -3.37 -9.75 -0.25 -4.03 -6.99 -0.25 -4.03 -6.42 -0.25 -3.37
3 84 -6.99 -0.25 -4.03 -6.59 -0.25 -3.79 -6.42 -0.25 -3.37
4 84 -10.32 -0.25 -0.75 -10.32 -0.25 -3.37 -6.42 -0.25 -3.37 -6.42 -0.25 -0.75
4 84 -10.32 -0.25 -0.75 -6.42 -0.25 -0.75 -6.59 -0.25 -0.32 -6.99 -0.25 -0.09
4 84 -10.15 -0.25 -0.32 -10.32 -0.25 -0.75 -6.99 -0.25 -0.09 -9.75 -0.25 -0.09
4 84 -1.76 -0.25 -0.75 -5.67 -0.25 -0.75 -5.67 -0.25 -3.37 -1.76 -0.25 -3.37
3 84 -5.67 -0.25 -3.37 -5.49 -0.25 -3.79 -5.1 -0.25 -4.03
3 84 -2.33 -0.25 -4.03 -1.93 -0.25 -3.79 -1.76 -0.25 -3.37
4 84 -1.93 -0.25 -0.32 -2.33 -0.25 -0.09 -5.1 -0.25 -0.09 -1.76 -0.25 -0.75
4 84 -1.76 -0.25 -0.75 -5.1 -0.25 -0.09 -5.49 -0.25 -0.32 -5.67 -0.25 -0.75
4 84 2.9 -0.25 -0.75 -1.01 -0.25 -0.75 -1.01 -0.25 -3.37 2.9 -0.25 -3.37
3 84 -1.01 -0.25 -3.37 -0.84 -0.25 -3.79 -0.44 -0.25 -4.03
4 84 2.9 -0.25 -3.37 -1.01 -0.25 -3.37 -0.44 -0.25 -4.03 2.33 -0.25 -4.03
3 84 2.33 -0.25 -4.03 2.73 -0.25 -3.79 2.9 -0.25 -3.37
4 84 2.73 -0.25 -0.32 2.33 -0.25 -0.09 -0.44 -0.25 -0.09 2.9 -0.25 -0.75
4 84 2.9 -0.25 -0.75 -0.44 -0.25 -0.09 -0.84 -0.25 -0.32 -1.01 -0.25 -0.75
4 84 5.64 -0.25 -3.33 5.64 -0.25 -4.23 6.81 -0.25 -4.23 6.81 -0.25 -3.33
4 84 12.42 -0.25 -3.33 7.64 -0.25 -3.33 7.64 -0.25 -4.23 12.42 -0.25 -4.23
4 84 12.42 -0.25 -5.29 7.64 -0.25 -5.29 7.64 -0.25 -6.19 12.42 -0.25 -6.19
4 84 12.42 -0.25 -8.16 12.42 -0.25 -7.26 7.64 -0.25 -7.26 7.64 -0.25 -8.16
3 84 -12.61 -0.25 10.76 -12.87 -0.25 10.63 -12.86 -0.25 6.99
4 84 -8.32 -0.25 10.79 -0.01 -0.25 10.24 0.36 -0.25 10.39 0.33 -0.25 10.79
3 84 -0.01 -0.25 10.24 -8.32 -0.25 10.79 -8.31 -0.25 10.16
3 84 -8.89 -0.25 10.74 -8.99 -0.25 10.46 -8.93 -0.25 10.25
4 84 0.1 -0.25 9.77 -0.93 -0.25 6.78 -0.35 -0.25 7.2 0.03 -0.25 7.84
4 84 -8.68 -0.25 7.71 -7.47 -0.25 6.7 -8.75 -0.25 9.79 -8.89 -0.25 8.87
3 84 -8.68 -0.25 7.71 -8.02 -0.25 6.89 -7.47 -0.25 6.7
4 84 -9.88 -0.25 6.88 -9.23 -0.25 6.94 -9.44 -0.25 10.64 -10.21 -0.25 10.54
3 84 -9.44 -0.25 10.64 -9.7 -0.25 10.75 -10.21 -0.25 10.54
4 84 -1.12 -0.25 6.14 -1.3 -0.25 4.16 -0.89 -0.25 4.48 -0.89 -0.25 5.86
4 84 -7.36 -0.25 4.12 -1.3 -0.25 4.16 -1.12 -0.25 6.14 -7.52 -0.25 6.1
4 84 -7.67 -0.25 4.5 -7.36 -0.25 4.12 -7.52 -0.25 6.1 -7.69 -0.25 5.66
4 84 3.77 -0.25 4.2 3.75 -0.25 5.7 3.5 -0.25 5.47 3.53 -0.25 4.57
4 84 8.59 -0.25 4.45 8.64 -0.25 5.33 8.41 -0.25 5.71 8.2 -0.25 4.22
4 84 3.16 -0.25 6.53 3.3 -0.25 6.19 8.86 -0.25 6.21 9 -0.25 6.63
4 84 3.16 -0.25 6.53 9 -0.25 6.63 8.92 -0.25 10.52 3.23 -0.25 10.53
4 84 8.85 -0.25 11.19 8.77 -0.25 12.42 2.89 -0.25 12.33 2.93 -0.25 11.13
4 84 8.94 -0.25 12.22 8.77 -0.25 12.42 8.85 -0.25 11.19 8.96 -0.25 11.37
3 15 12.42 -.25 -3.33 12.42 -.25 -4.23 13.53 -.25 -.99
3 15 13.53 -.25 -.99 12.42 -.25 -4.23 12.42 -.25 -5.29