0 Duplo Tile  2 x  4 x  1 with Cushion Profile
0 Name: 65110.dat
0 Author: Peter Blomberg [WUIt]
0 !LDRAW_ORG Unofficial_Part
0 !LICENSE Licensed under CC BY 4.0 : see CAreadme.txt

0 BFC CERTIFY CCW

0 // underside
1 16 -40 -4 0 1 0 0 0 -6 0 0 0 1 stud8.dat
1 16 0 -4 0 1 0 0 0 -6 0 0 0 1 stud8.dat
1 16 40 -4 0 1 0 0 0 -6 0 0 0 1 stud8.dat
0 BFC INVERTNEXT
1 16 0 24 0 76 0 0 0 -24 0 0 0 36 box4o4a.dat
4 16 -76 0 36 76 0 36 72 -4 32 -72 -4 32
4 16 -76 0 -36 -76 0 36 -72 -4 32 -72 -4 -32
4 16 76 0 -36 -76 0 -36 -72 -4 -32 72 -4 -32
4 16 76 0 36 76 0 -36 72 -4 -32 72 -4 32
4 16 80 24 40 76 24 36 -76 24 36 -80 24 40
4 16 -80 24 40 -76 24 36 -76 24 -36 -80 24 -40
4 16 -80 24 -40 -76 24 -36 76 24 -36 80 24 -40
4 16 80 24 -40 76 24 -36 76 24 36 80 24 40
1 16 0 24 0 80 0 0 0 1 0 0 0 40 recte4.dat
3 16 -72 -4 -18.5 -72 -4 18.5 -56 -4 0
3 16 -18.5 -4 32 18.5 -4 32 0 -4 16
3 16 72 -4 18.5 72 -4 -18.5 56 -4 0
3 16 18.5 -4 -32 -18.5 -4 -32 0 -4 -16
5 24 -76 0 36 -76 0 -36 -72 -4 -32 -76 24 -36
5 24 -76 0 -36 76 0 -36 72 -4 -32 76 24 -36
5 24 -72 -4 -32 -72 -4 32 -76 0 36 -61.5 -4 32
5 24 -72 -4 32 72 -4 32 76 0 36 72 -4 21.5
5 24 76 0 -36 76 0 36 72 -4 32 76 24 36
5 24 76 0 36 -76 0 36 -72 -4 32 -76 24 36
5 24 72 -4 32 72 -4 -32 76 0 -36 61.5 -4 -32
5 24 72 -4 -32 -72 -4 -32 -76 0 -36 -72 -4 -21.5

0 // round perifery
1 16 0 0 0 1 0 0 0 1 0 0 0 1 s\65110s01.dat
1 16 0 0 0 -1 0 0 0 1 0 0 0 1 s\65110s01.dat
1 16 0 0 0 1 0 0 0 1 0 0 0 -1 s\65110s01.dat
1 16 0 0 0 -1 0 0 0 1 0 0 0 -1 s\65110s01.dat

1 16 -72 0 -32 -8 0 0 0 0 -8 0 64 0 3-16cyli.dat
1 16 72 0 -32 8 0 0 0 0 -8 0 64 0 3-16cyli.dat
3 16 -75.0616 -7.3912 -32 -70 -8.55 0 -75.0616 -7.3912 32
3 16 70 -8.55 0 75.0616 -7.3912 -32 75.0616 -7.3912 32
5 24 -75.0616 -7.3912 -32 -75.0616 -7.3912 32 -77.6568 -5.6568 32 -70 -8.55 0
5 24 75.0616 -7.3912 32 75.0616 -7.3912 -32 77.6568 -5.6568 32 70 -8.55 0
4 16 -80 24 40 -80 24 -40 -80 0 -32 -80 0 32
4 16 80 24 -40 80 24 40 80 0 32 80 0 -32

0 // buttons
1 16 -40 -4 0 7.5 0 0 0 2 0 0 0 7.5 4-4cylo.dat
1 16 -40 -4 0 1.5 0 0 0 1 0 0 0 1.5 4-4ring4.dat
0 BFC INVERTNEXT
1 16 -40 -4 0 6 0 0 0 -4 0 0 0 6 bump5000.dat

1 16 0 -4 0 7.5 0 0 0 2 0 0 0 7.5 4-4cylo.dat
1 16 0 -4 0 1.5 0 0 0 1 0 0 0 1.5 4-4ring4.dat
0 BFC INVERTNEXT
1 16 0 -4 0 6 0 0 0 -4 0 0 0 6 bump5000.dat

1 16 40 -4 0 7.5 0 0 0 2 0 0 0 7.5 4-4cylo.dat
1 16 40 -4 0 1.5 0 0 0 1 0 0 0 1.5 4-4ring4.dat
0 BFC INVERTNEXT
1 16 40 -4 0 6 0 0 0 -4 0 0 0 6 bump5000.dat

0 // lines around buttons, 5 decimals needed
2 24 -40 -2 7.5 -40 -4.2 10.65
2 24 -45.30325 -2 5.30325 -47.1 -4.2 7.1
2 24 -42.87025 -2 -6.92925 -42.91 -4.2 -10.64
2 24 -33.07075 -2 2.87025 -30.86 -4.2 2.87
2 24 -46.92925 -2 -2.87025 -50.13 -4.2 -4.59
2 24 -34.69675 -2 -5.30325 -33.71 -4.2 -6.29
2 24 46.92925 -2 2.87025 49.53 -4.2 4.83
2 24 6.92925 -2 2.87025 9.32 -4.2 3.84
2 24 0 -2 7.5 0 -4.2 10.77
2 24 40 -2 7.5 39.94 -4.2 10.77
2 24 -2.87025 -2 -6.92925 -3 -4.2 -10.49
2 24 37.12975 -2 -6.92925 37.09 -4.2 -10.37
2 24 46.92925 -2 -2.87025 49.53 -4.2 -4.95
2 24 5.30325 -2 -5.30325 7.1 -4.2 -7.1
2 24 -6.92925 -2 2.87025 -9.32 -4.2 2.87
2 24 -6.92925 -2 -2.87025 -8.99 -4.2 -3.75
2 24 34.69675 -2 -5.30325 33.32 -4.2 -6.68
2 24 33.07075 -2 2.87025 30.74 -4.2 3.84

2 24 -40 -4.2 10.65 -40 -5.85 13.8
2 24 -47.1 -4.2 7.1 -48.9 -5.85 8.9
2 24 -42.91 -4.2 -10.64 -42.95 -5.85 -14.35
2 24 -30.86 -4.2 2.87 -28.65 -5.85 2.87
2 24 -50.13 -4.2 -4.59 -53.33 -5.85 -6.31
2 24 -33.71 -4.2 -6.29 -32.72 -5.85 -7.28
2 24 49.53 -4.2 4.83 52.13 -5.85 6.7894
2 24 9.32 -4.2 3.84 11.71 -5.85 4.81
2 24 0 -4.2 10.77 0 -5.85 14.04
2 24 39.94 -4.2 10.77 39.88 -5.85 14.04
2 24 -3 -4.2 -10.49 -3.13 -5.85 -14.05
2 24 37.09 -4.2 -10.37 37.05 -5.85 -13.81
2 24 49.53 -4.2 -4.95 52.13 -5.85 -7.03
2 24 7.1 -4.2 -7.1 8.9 -5.85 -8.9
2 24 -9.32 -4.2 2.87 -11.71 -5.85 2.87
2 24 -8.99 -4.2 -3.75 -11.05 -5.85 -4.63
2 24 33.32 -4.2 -6.68 31.94 -5.85 -8.06
2 24 30.74 -4.2 3.84 28.41 -5.85 4.81

2 24 -40 -7.5 18 -40 -5.85 13.8
2 24 -51.3 -7.5 11.3 -48.9 -5.85 8.9
2 24 -43 -7.5 -19.3 -42.95 -5.85 -14.35
2 24 -25.7 -7.5 2.87 -28.65 -5.85 2.87
2 24 -57.6 -7.5 -8.6 -53.33 -5.85 -6.31
2 24 -31.4 -7.3 -8.6 -32.72 -5.85 -7.28
2 24 55.6 -7.5 9.4 52.13 -5.85 6.7894
2 24 14.9 -7.5 6.1 11.71 -5.85 4.81
2 24 0 -7.5 18.4 0 -5.85 14.04
2 24 39.8 -7.5 18.4 39.88 -5.85 14.04
2 24 -3.3 -7.5 -18.8 -3.13 -5.85 -14.05
2 24 37 -7.5 -18.4 37.05 -5.85 -13.81
2 24 55.6 -7.5 -9.8 52.13 -5.85 -7.03
2 24 -14.9 -7.5 2.87 -11.71 -5.85 2.87
2 24 -13.8 -7.4 -5.8 -11.05 -5.85 -4.63
2 24 30.1 -7.4 -9.9 31.94 -5.85 -8.06
2 24 25.3 -7.5 6.1 28.41 -5.85 4.81
2 24 11.3 -7.4 -11.3 8.9 -5.85 -8.9

0 // slopes around left button
3 16 -46.8658 -7.3 -14.4866 -44.9035 -5.85 -12.2242 -46.4473 -5.85 -10.3263
3 16 -51.8458 -7.3 -10.8367 -48.681 -5.85 -8.6892 -50.867 -5.85 -7.4926
3 16 -42.95 -5.85 -14.35 -42.91 -4.2 -10.64 -44.9035 -5.85 -12.2242
3 16 -44.9035 -5.85 -12.2242 -42.91 -4.2 -10.64 -44.4016 -4.2 -8.7855
3 16 -44.9035 -5.85 -12.2242 -44.4016 -4.2 -8.7855 -46.4473 -5.85 -10.3263
3 16 -46.4473 -5.85 -10.3263 -44.4016 -4.2 -8.7855 -46.1219 -4.2 -7.1403
4 16 -46.4473 -5.85 -10.3263 -46.1219 -4.2 -7.1403 -48.0422 -4.2 -5.733 -48.681 -5.85 -8.6892
4 16 -48.681 -5.85 -8.6892 -48.0422 -4.2 -5.733 -50.13 -4.2 -4.59 -50.867 -5.85 -7.4926
3 16 -50.867 -5.85 -7.4926 -50.13 -4.2 -4.59 -53.33 -5.85 -6.31
0 // 5 decimals needed
3 16 -42.91 -4.2 -10.64 -42.87025 -2 -6.92925 -44.4016 -4.2 -8.7855
3 16 -44.4016 -4.2 -8.7855 -42.87025 -2 -6.92925 -45.30325 -2 -5.30325
3 16 -44.4016 -4.2 -8.7855 -45.30325 -2 -5.30325 -46.1219 -4.2 -7.1403
3 16 -46.1219 -4.2 -7.1403 -45.30325 -2 -5.30325 -48.0422 -4.2 -5.733
3 16 -48.0422 -4.2 -5.733 -45.30325 -2 -5.30325 -46.92925 -2 -2.87025
3 16 -48.0422 -4.2 -5.733 -46.92925 -2 -2.87025 -50.13 -4.2 -4.59

3 16 -53.7685 -7.3 -2.5999 -51.6596 -5.85 -3.4255 -50.4385 -5.85 -.6033
3 16 -51.6194 -7.3 4.1881 -49.4587 -5.85 2.4915 -49.1883 -5.85 5.6777
3 16 -53.33 -5.85 -6.31 -50.13 -4.2 -4.59 -51.6596 -5.85 -3.4255
3 16 -51.6596 -5.85 -3.4255 -50.13 -4.2 -4.59 -48.8039 -4.2 -1.8421
3 16 -51.6596 -5.85 -3.4255 -48.8039 -4.2 -1.8421 -50.4385 -5.85 -.6033
3 16 -50.4385 -5.85 -.6033 -48.8039 -4.2 -1.8421 -47.8462 -4.2 1.0555
3 16 -50.4385 -5.85 -.6033 -47.8462 -4.2 1.0555 -49.4587 -5.85 2.4915
3 16 -49.4587 -5.85 2.4915 -47.8462 -4.2 1.0555 -47.2741 -4.2 4.0534
3 16 -49.4587 -5.85 2.4915 -47.2741 -4.2 4.0534 -49.1883 -5.85 5.6777
3 16 -49.1883 -5.85 5.6777 -47.2741 -4.2 4.0534 -47.1 -4.2 7.1
3 16 -49.1883 -5.85 5.6777 -47.1 -4.2 7.1 -48.9 -5.85 8.9
0 // 5 decimals needed
3 16 -50.13 -4.2 -4.59 -46.92925 -2 -2.87025 -48.8039 -4.2 -1.8421
3 16 -48.8039 -4.2 -1.8421 -46.92925 -2 -2.87025 -47.5 -2 0
3 16 -48.8039 -4.2 -1.8421 -47.5 -2 0 -47.8462 -4.2 1.0555
3 16 -47.8462 -4.2 1.0555 -47.5 -2 0 -46.92925 -2 2.87025
3 16 -47.8462 -4.2 1.0555 -46.92925 -2 2.87025 -47.2741 -4.2 4.0534
3 16 -47.2741 -4.2 4.0534 -46.92925 -2 2.87025 -45.30325 -2 5.30325
3 16 -47.2741 -4.2 4.0534 -45.30325 -2 5.30325 -47.1 -4.2 7.1

3 16 -46.2693 -7.3 13.0736 -46.4533 -5.85 9.9657 -44.1279 -5.85 10.7645
3 16 -46.2693 -7.3 13.0736 -44.1279 -5.85 10.7645 -43.9692 -7.3 14.4361
3 16 -43.9692 -7.3 14.4361 -44.1279 -5.85 10.7645 -41.9638 -5.85 12.2886
3 16 -48.9 -5.85 8.9 -47.1 -4.2 7.1 -46.4533 -5.85 9.9657
4 16 -44.1279 -5.85 10.7645 -46.4533 -5.85 9.9657 -47.1 -4.2 7.1 -44.5855 -4.2 7.97
3 16 -44.1279 -5.85 10.7645 -44.5855 -4.2 7.97 -42.205 -4.2 9.1598
3 16 -44.1279 -5.85 10.7645 -42.205 -4.2 9.1598 -41.9638 -5.85 12.2886
3 16 -41.9638 -5.85 12.2886 -42.205 -4.2 9.1598 -40 -4.2 10.65
3 16 -41.9638 -5.85 12.2886 -40 -4.2 10.65 -40 -5.85 13.8
0 // 5 decimals needed
3 16 -47.1 -4.2 7.1 -45.30325 -2 5.30325 -44.5855 -4.2 7.97
3 16 -44.5855 -4.2 7.97 -45.30325 -2 5.30325 -42.87025 -2 6.92925
3 16 -44.5855 -4.2 7.97 -42.87025 -2 6.92925 -42.205 -4.2 9.1598
3 16 -42.205 -4.2 9.1598 -42.87025 -2 6.92925 -40 -2 7.5
3 16 -42.205 -4.2 9.1598 -40 -2 7.5 -40 -4.2 10.65

3 16 -36.6239 -7.3 11.7536 -38.3848 -5.85 11.0552 -36.1394 -5.85 8.5485
3 16 -31.7463 -7.3 6.5926 -34.0364 -5.85 6.3233 -31.4557 -5.85 4.706
3 16 -40 -5.85 13.8 -40 -4.2 10.65 -38.3848 -5.85 11.0552
3 16 -38.3848 -5.85 11.0552 -40 -4.2 10.65 -38.2189 -4.2 8.7867
3 16 -38.3848 -5.85 11.0552 -38.2189 -4.2 8.7867 -36.1394 -5.85 8.5485
3 16 -36.1394 -5.85 8.5485 -38.2189 -4.2 8.7867 -35.6852 -4.2 6.4629
3 16 -36.1394 -5.85 8.5485 -35.6852 -4.2 6.4629 -34.0364 -5.85 6.3233
3 16 -34.0364 -5.85 6.3233 -35.6852 -4.2 6.4629 -32.9848 -4.2 4.3328
3 16 -34.0364 -5.85 6.3233 -32.9848 -4.2 4.3328 -31.4557 -5.85 4.706
3 16 -31.4557 -5.85 4.706 -30.86 -4.2 2.87 -28.65 -5.85 2.87
0 // 5 decimals needed
3 16 -40 -4.2 10.65 -40 -2 7.5 -38.2189 -4.2 8.7867
3 16 -38.2189 -4.2 8.7867 -40 -2 7.5 -37.12975 -2 6.92925
3 16 -38.2189 -4.2 8.7867 -37.12975 -2 6.92925 -35.6852 -4.2 6.4629
3 16 -35.6852 -4.2 6.4629 -37.12975 -2 6.92925 -34.69675 -2 5.30325
3 16 -35.6852 -4.2 6.4629 -34.69675 -2 5.30325 -32.9848 -4.2 4.3328
3 16 -32.9848 -4.2 4.3328 -34.69675 -2 5.30325 -33.07075 -2 2.87025

3 16 -25.7 -7.5 2.87 -28.65 -5.85 2.87 -27.6769 -7 .308
3 16 -27.6769 -7 .308 -28.65 -5.85 2.87 -30.4455 -5.5 -.8338
3 16 -30.5534 -6.9 -5.4762 -31.8105 -5.5 -3.7282 -32.72 -5.85 -7.28
3 16 -30.5534 -6.9 -5.4762 -32.72 -5.85 -7.28 -31.4 -7.3 -8.6
3 16 -28.65 -5.85 2.87 -30.86 -4.2 2.87 -30.4455 -5.5 -.8338
3 16 -30.4455 -5.5 -.8338 -30.86 -4.2 2.87 -31.6706 -4.2 .976
3 16 -37.9035 -7.3 -13.1868 -36.4283 -5.85 -9.1832 -39.9565 -6 -11.553
3 16 -32.72 -5.85 -7.28 -33.71 -4.2 -6.29 -36.4283 -5.85 -9.1832
0 // 5 decimals needed
3 16 -30.86 -4.2 2.87 -33.07075 -2 2.87025 -31.6706 -4.2 .976
3 16 -31.6706 -4.2 .976 -33.07075 -2 2.87025 -32.5 -2 0

0 // middle button
3 16 -6.4524 -7.3 -12.7914 -4.721 -5.85 -11.3259 -6.4703 -5.85 -8.8193
3 16 -6.4524 -7.3 -12.7914 -6.4703 -5.85 -8.8193 -8.588 -7.3 -10.1451
3 16 -8.588 -7.3 -10.1451 -6.4703 -5.85 -8.8193 -8.6224 -5.85 -6.7615
3 16 -13.3705 -7.2 -2.2601 -11.0083 -5.85 -2.7389 -10.8867 -5.85 -.8368
3 16 -13.3705 -7.2 -2.2601 -10.8867 -5.85 -.8368 -13.7748 -7.2 -.4957
3 16 -13.7748 -7.2 -.4957 -10.8867 -5.85 -.8368 -11.4142 -5.85 1.0439
3 16 -8.6209 -7.3 6.6716 -8.8214 -5.85 4.7336 -6.1621 -5.85 6.1788
3 16 -3.5383 -7.3 11.9688 -3.7782 -5.85 8.6634 -1.7135 -5.85 11.1815
3 16 3.8235 -7.3 13.033 1.9199 -5.85 11.6104 3.9327 -5.85 9.5243
3 16 8.9058 -7.3 8.8373 6.3149 -5.85 7.5577 8.923 -5.85 6.2482
3 16 12.1786 -7.2 .6852 10.6573 -5.85 2.2635 9.5055 -5.85 -.4275
3 16 5.8283 -7.3 -12.4826 6.2651 -5.85 -9.5629 3.2911 -5.85 -9.9985
3 16 .8481 -7.3 -15.0407 1.2528 -5.85 -11.0455 -.997 -5.85 -12.4048

3 16 -3.13 -5.85 -14.05 -3 -4.2 -10.49 -4.721 -5.85 -11.3259
3 16 -4.721 -5.85 -11.3259 -3 -4.2 -10.49 -4.6966 -4.2 -7.9887
3 16 -4.721 -5.85 -11.3259 -4.6966 -4.2 -7.9887 -6.4703 -5.85 -8.8193
3 16 -6.4703 -5.85 -8.8193 -4.6966 -4.2 -7.9887 -6.7044 -4.2 -5.7288
3 16 -6.4703 -5.85 -8.8193 -6.7044 -4.2 -5.7288 -8.6224 -5.85 -6.7615
3 16 -8.6224 -5.85 -6.7615 -6.7044 -4.2 -5.7288 -8.99 -4.2 -3.75
3 16 -8.6224 -5.85 -6.7615 -8.99 -4.2 -3.75 -11.05 -5.85 -4.63
3 16 -11.05 -5.85 -4.63 -8.99 -4.2 -3.75 -11.0083 -5.85 -2.7389
3 16 -11.0083 -5.85 -2.7389 -8.99 -4.2 -3.75 -8.8108 -4.2 -1.5356
3 16 -11.0083 -5.85 -2.7389 -8.8108 -4.2 -1.5356 -10.8867 -5.85 -.8368
3 16 -10.8867 -5.85 -.8368 -8.8108 -4.2 -1.5356 -8.9211 -4.2 .6838
3 16 -10.8867 -5.85 -.8368 -8.9211 -4.2 .6838 -11.4142 -5.85 1.0439
3 16 -11.4142 -5.85 1.0439 -8.9211 -4.2 .6838 -9.32 -4.2 2.87
3 16 -11.4142 -5.85 1.0439 -9.32 -4.2 2.87 -11.71 -5.85 2.87
3 16 -11.71 -5.85 2.87 -9.32 -4.2 2.87 -8.8214 -5.85 4.7336
3 16 -8.8214 -5.85 4.7336 -9.32 -4.2 2.87 -7.155 -4.2 4.3523
3 16 -8.8214 -5.85 4.7336 -7.155 -4.2 4.3523 -6.1621 -5.85 6.1788
3 16 -6.1621 -5.85 6.1788 -7.155 -4.2 4.3523 -4.4035 -4.2 6.5148
3 16 -6.1621 -5.85 6.1788 -4.4035 -4.2 6.5148 -3.7782 -5.85 8.6634
3 16 -3.7782 -5.85 8.6634 -4.4035 -4.2 6.5148 -1.8193 -4.2 8.8765
3 16 -3.7782 -5.85 8.6634 -1.8193 -4.2 8.8765 -1.7135 -5.85 11.1815
3 16 -1.7135 -5.85 11.1815 -1.8193 -4.2 8.8765 0 -4.2 10.77
3 16 -1.7135 -5.85 11.1815 0 -4.2 10.77 0 -5.85 14.04
3 16 0 -5.85 14.04 0 -4.2 10.77 1.9199 -5.85 11.6104
3 16 1.9199 -5.85 11.6104 0 -4.2 10.77 1.9687 -4.2 8.5941
3 16 1.9199 -5.85 11.6104 1.9687 -4.2 8.5941 3.9327 -5.85 9.5243
3 16 3.9327 -5.85 9.5243 1.9687 -4.2 8.5941 4.204 -4.2 6.6922
3 16 3.9327 -5.85 9.5243 4.204 -4.2 6.6922 6.3149 -5.85 7.5577
3 16 6.3149 -5.85 7.5577 4.204 -4.2 6.6922 6.6683 -4.2 5.0975
3 16 6.3149 -5.85 7.5577 6.6683 -4.2 5.0975 8.923 -5.85 6.2482
3 16 8.923 -5.85 6.2482 6.6683 -4.2 5.0975 9.32 -4.2 3.84
3 16 8.923 -5.85 6.2482 9.32 -4.2 3.84 11.71 -5.85 4.81
3 16 11.71 -5.85 4.81 9.32 -4.2 3.84 10.6573 -5.85 2.2635
3 16 10.6573 -5.85 2.2635 9.32 -4.2 3.84 8.6048 -4.2 1.5519
3 16 10.6573 -5.85 2.2635 8.6048 -4.2 1.5519 9.5055 -5.85 -.4275
3 16 9.5055 -5.85 -.4275 8.6048 -4.2 1.5519 7.8533 -4.2 -1.556
3 16 9.5055 -5.85 -.4275 7.8533 -4.2 -1.556 9.0145 -5.85 -3.2173
3 16 9.0145 -5.85 -3.2173 7.8533 -4.2 -1.556 7.1481 -4.2 -4.7123
3 16 8.9 -5.85 -8.9 7.1 -4.2 -7.1 6.2651 -5.85 -9.5629
3 16 6.2651 -5.85 -9.5629 7.1 -4.2 -7.1 4.4303 -4.2 -7.4432
3 16 6.2651 -5.85 -9.5629 4.4303 -4.2 -7.4432 3.2911 -5.85 -9.9985
3 16 3.2911 -5.85 -9.9985 4.4303 -4.2 -7.4432 1.8273 -4.2 -8.1307
3 16 3.2911 -5.85 -9.9985 1.8273 -4.2 -8.1307 1.2528 -5.85 -11.0455
3 16 1.2528 -5.85 -11.0455 1.8273 -4.2 -8.1307 -.6643 -4.2 -9.1515
3 16 1.2528 -5.85 -11.0455 -.6643 -4.2 -9.1515 -.997 -5.85 -12.4048
3 16 -.997 -5.85 -12.4048 -.6643 -4.2 -9.1515 -3 -4.2 -10.49
3 16 -.997 -5.85 -12.4048 -3 -4.2 -10.49 -3.13 -5.85 -14.05

0 // 5 decimals needed
3 16 -3 -4.2 -10.49 -2.87025 -2 -6.92925 -4.6966 -4.2 -7.9887
3 16 -4.6966 -4.2 -7.9887 -2.87025 -2 -6.92925 -5.30325 -2 -5.30325
3 16 -4.6966 -4.2 -7.9887 -5.30325 -2 -5.30325 -6.7044 -4.2 -5.7288
3 16 -6.7044 -4.2 -5.7288 -5.30325 -2 -5.30325 -6.92925 -2 -2.87025
3 16 -6.7044 -4.2 -5.7288 -6.92925 -2 -2.87025 -8.99 -4.2 -3.75
3 16 -8.99 -4.2 -3.75 -6.92925 -2 -2.87025 -8.8108 -4.2 -1.5356
3 16 -8.8108 -4.2 -1.5356 -6.92925 -2 -2.87025 -7.5 -2 0
3 16 -8.8108 -4.2 -1.5356 -7.5 -2 0 -8.9211 -4.2 .6838
3 16 -8.9211 -4.2 .6838 -7.5 -2 0 -6.92925 -2 2.87025
3 16 -8.9211 -4.2 .6838 -6.92925 -2 2.87025 -9.32 -4.2 2.87
3 16 -9.32 -4.2 2.87 -6.92925 -2 2.87025 -7.155 -4.2 4.3523
3 16 -7.155 -4.2 4.3523 -6.92925 -2 2.87025 -5.30325 -2 5.30325
3 16 -7.155 -4.2 4.3523 -5.30325 -2 5.30325 -4.4035 -4.2 6.5148
3 16 -4.4035 -4.2 6.5148 -5.30325 -2 5.30325 -2.87025 -2 6.92925
3 16 -4.4035 -4.2 6.5148 -2.87025 -2 6.92925 -1.8193 -4.2 8.8765
3 16 -1.8193 -4.2 8.8765 -2.87025 -2 6.92925 0 -2 7.5
3 16 -1.8193 -4.2 8.8765 0 -2 7.5 0 -4.2 10.77
3 16 0 -4.2 10.77 0 -2 7.5 1.9687 -4.2 8.5941
3 16 1.9687 -4.2 8.594 0 -2 7.5 2.87025 -2 6.92925
3 16 1.9687 -4.2 8.594 2.87025 -2 6.92925 4.204 -4.2 6.6922
3 16 4.204 -4.2 6.6922 2.87025 -2 6.92925 5.30325 -2 5.30325
3 16 4.204 -4.2 6.6922 5.30325 -2 5.30325 6.6683 -4.2 5.0975
3 16 6.6683 -4.2 5.0975 5.30325 -2 5.30325 6.92925 -2 2.87025
3 16 6.6683 -4.2 5.0975 6.92925 -2 2.87025 9.32 -4.2 3.84
3 16 9.32 -4.2 3.84 6.92925 -2 2.87025 8.6048 -4.2 1.5519
3 16 8.6048 -4.2 1.5519 6.92925 -2 2.87025 7.5 -2 0
3 16 8.6048 -4.2 1.5519 7.5 -2 0 7.8533 -4.2 -1.556
3 16 7.8533 -4.2 -1.556 7.5 -2 0 6.92925 -2 -2.87025
3 16 7.8533 -4.2 -1.556 6.92925 -2 -2.87025 7.1481 -4.2 -4.7123
3 16 7.1481 -4.2 -4.7123 6.92925 -2 -2.87025 5.30325 -2 -5.30325
3 16 7.1481 -4.2 -4.7123 5.30325 -2 -5.30325 7.1 -4.2 -7.1
3 16 7.1 -4.2 -7.1 5.30325 -2 -5.30325 4.4303 -4.2 -7.4432
3 16 4.4303 -4.2 -7.4432 5.30325 -2 -5.30325 2.87025 -2 -6.92925
3 16 4.4303 -4.2 -7.4432 2.87025 -2 -6.92925 1.8273 -4.2 -8.1307
3 16 1.8273 -4.2 -8.1307 2.87025 -2 -6.92925 0 -2 -7.5
3 16 1.8273 -4.2 -8.1307 0 -2 -7.5 -.6643 -4.2 -9.1515
3 16 -.6643 -4.2 -9.1515 0 -2 -7.5 -2.87025 -2 -6.92925
3 16 -.6643 -4.2 -9.1515 -2.87025 -2 -6.92925 -3 -4.2 -10.49

0 // right button
3 16 34.1092 -7.5 -13.6964 35.7385 -5.85 -11.6761 33.8348 -5.85 -9.7481
3 16 29.9304 -7 -4.2053 31.6048 -5.85 -5.3452 31.6216 -5.85 -2.655
3 16 28.2933 -7 1.2524 30.8359 -5.85 -.0357 29.4884 -5.85 2.4665
3 16 31.1623 -7.3 8.8728 31.1494 -5.85 6.2728 33.7087 -5.85 7.4745
3 16 36.1085 -7.3 13.0682 36.0436 -5.85 9.455 38.0172 -5.85 11.6225
3 16 44.2112 -7.3 14.0408 42.2572 -5.85 11.9711 44.1846 -5.85 10.1261
3 16 49.6005 -7.3 10.9707 46.6768 -5.85 8.7064 49.3411 -5.85 7.7328
3 16 54.0799 -7.3 1.7536 51.6164 -5.85 3.3652 51.2211 -5.85 -.1197
3 16 54.0799 -7.3 1.7536 51.2211 -5.85 -.1197 54.0782 -7.3 -2.1536
3 16 54.0782 -7.3 -2.1536 51.2211 -5.85 -.1197 51.6141 -5.85 -3.6051
3 16 48.7134 -7.3 -10.992 48.81 -5.85 -7.8144 45.5876 -5.85 -8.4955
3 16 42.3688 -7.3 -13.9254 42.5183 -5.85 -9.9146 39.6568 -5.85 -11.9054
3 16 37.05 -5.85 -13.81 37.09 -4.2 -10.37 35.7385 -5.85 -11.6761
3 16 35.7385 -5.85 -11.6761 37.09 -4.2 -10.37 35.3255 -4.2 -8.4024
3 16 35.7385 -5.85 -11.6761 35.3255 -4.2 -8.4024 33.8348 -5.85 -9.7481
3 16 33.8348 -5.85 -9.7481 35.3255 -4.2 -8.4024 33.32 -4.2 -6.68
3 16 33.8348 -5.85 -9.7481 33.32 -4.2 -6.68 31.94 -5.85 -8.06
3 16 31.94 -5.85 -8.06 33.32 -4.2 -6.68 31.6048 -5.85 -5.3452
3 16 31.6048 -5.85 -5.3452 33.32 -4.2 -6.68 33.0006 -4.2 -4.3758
3 16 31.6048 -5.85 -5.3452 33.0006 -4.2 -4.3758 31.6216 -5.85 -2.655
3 16 31.6216 -5.85 -2.655 33.0006 -4.2 -4.3758 32.3736 -4.2 -1.3373
3 16 31.6216 -5.85 -2.655 32.3736 -4.2 -1.3373 30.8359 -5.85 -.0357
3 16 30.8359 -5.85 -.0357 32.3736 -4.2 -1.3373 31.5224 -4.2 1.6475
3 16 30.8359 -5.85 -.0357 31.5224 -4.2 1.6475 29.4884 -5.85 2.4665
3 16 29.4884 -5.85 2.4665 31.5224 -4.2 1.6475 30.74 -4.2 3.84
3 16 29.4884 -5.85 2.4665 30.74 -4.2 3.84 28.41 -5.85 4.81
3 16 28.41 -5.85 4.81 30.74 -4.2 3.84 31.1494 -5.85 6.2728
3 16 31.1494 -5.85 6.2728 30.74 -4.2 3.84 33.3609 -4.2 5.1047
3 16 31.1494 -5.85 6.2728 33.3609 -4.2 5.1047 33.7087 -5.85 7.4745
3 16 33.7087 -5.85 7.4745 33.3609 -4.2 5.1047 35.7956 -4.2 6.6998
3 16 33.7087 -5.85 7.4745 35.7956 -4.2 6.6998 36.0436 -5.85 9.455
3 16 36.0436 -5.85 9.455 35.7956 -4.2 6.6998 38.002 -4.2 8.5986
3 16 36.0436 -5.85 9.455 38.002 -4.2 8.5986 38.0172 -5.85 11.6225
3 16 38.0172 -5.85 11.6225 38.002 -4.2 8.5986 39.94 -4.2 10.77
3 16 38.0172 -5.85 11.6225 39.94 -4.2 10.77 39.88 -5.85 14.04
3 16 39.88 -5.85 14.04 39.94 -4.2 10.77 42.2572 -5.85 11.9711
3 16 42.2572 -5.85 11.9711 39.94 -4.2 10.77 42.0243 -4.2 8.8261
3 16 42.2572 -5.85 11.9711 42.0243 -4.2 8.8261 44.1846 -5.85 10.1261
3 16 44.1846 -5.85 10.1261 42.0243 -4.2 8.8261 44.3441 -4.2 7.1694
3 16 44.1846 -5.85 10.1261 44.3441 -4.2 7.1694 46.6768 -5.85 8.7064
3 16 46.6768 -5.85 8.7064 44.3441 -4.2 7.1694 46.8603 -4.2 5.8288
3 16 46.6768 -5.85 8.7064 46.8603 -4.2 5.8288 49.3411 -5.85 7.7328
3 16 49.3411 -5.85 7.7328 46.8603 -4.2 5.8288 49.53 -4.2 4.83
3 16 49.3411 -5.85 7.7328 49.53 -4.2 4.83 52.13 -5.85 6.7894
3 16 52.13 -5.85 6.7894 49.53 -4.2 4.83 51.6164 -5.85 3.3652
3 16 51.6164 -5.85 3.3652 49.53 -4.2 4.83 49.1033 -4.2 1.5798
3 16 51.6164 -5.85 3.3652 49.1033 -4.2 1.5798 51.2211 -5.85 -.1197
3 16 51.2211 -5.85 -.1197 49.1033 -4.2 1.5798 49.1028 -4.2 -1.699
3 16 51.2211 -5.85 -.1197 49.1028 -4.2 -1.699 51.6141 -5.85 -3.6051
3 16 51.6141 -5.85 -3.6051 49.1028 -4.2 -1.699 49.53 -4.2 -4.95
3 16 51.6141 -5.85 -3.6051 49.53 -4.2 -4.95 52.13 -5.85 -7.03
3 16 52.13 -5.85 -7.03 49.53 -4.2 -4.95 48.81 -5.85 -7.8144
3 16 48.81 -5.85 -7.8144 49.53 -4.2 -4.95 46.7531 -4.2 -5.8338
3 16 48.81 -5.85 -7.8144 46.7531 -4.2 -5.8338 45.5876 -5.85 -8.4955
3 16 45.5876 -5.85 -8.4955 46.7531 -4.2 -5.8338 43.1349 -4.2 -7.2533
3 16 45.5876 -5.85 -8.4955 43.1349 -4.2 -7.2533 42.5183 -5.85 -9.9146
3 16 42.5183 -5.85 -9.9146 43.1349 -4.2 -7.2533 39.6307 -4.2 -8.9382
3 16 42.5183 -5.85 -9.9146 39.6307 -4.2 -8.9382 39.6568 -5.85 -11.9054
3 16 39.6568 -5.85 -11.9054 39.6307 -4.2 -8.9382 37.09 -4.2 -10.37
3 16 39.6568 -5.85 -11.9054 37.09 -4.2 -10.37 37.05 -5.85 -13.81

0 // 5 decimals needed
3 16 35.3255 -4.2 -8.4024 37.09 -4.2 -10.37 37.12975 -2 -6.92925
3 16 35.3255 -4.2 -8.4024 37.12975 -2 -6.92925 34.69675 -2 -5.30325
3 16 35.3255 -4.2 -8.4024 34.69675 -2 -5.30325 33.32 -4.2 -6.68
3 16 33.32 -4.2 -6.68 34.69675 -2 -5.30325 33.0006 -4.2 -4.3758
3 16 33.0006 -4.2 -4.3758 34.69675 -2 -5.30325 33.07075 -2 -2.87025
3 16 33.0006 -4.2 -4.3758 33.07075 -2 -2.87025 32.3736 -4.2 -1.3373
3 16 32.3736 -4.2 -1.3373 33.07075 -2 -2.87025 32.5 -2 0
3 16 32.3736 -4.2 -1.3373 32.5 -2 0 31.5224 -4.2 1.6475
3 16 31.5224 -4.2 1.6475 32.5 -2 0 33.07075 -2 2.87025
3 16 31.5224 -4.2 1.6475 33.07075 -2 2.87025 30.74 -4.2 3.84
3 16 30.74 -4.2 3.84 33.07075 -2 2.87025 33.3609 -4.2 5.1047
3 16 33.3609 -4.2 5.1047 33.07075 -2 2.87025 34.69675 -2 5.30325
3 16 33.3609 -4.2 5.1047 34.69675 -2 5.30325 35.7956 -4.2 6.6998
3 16 35.7956 -4.2 6.6998 34.69675 -2 5.30325 37.12975 -2 6.92925
3 16 35.7956 -4.2 6.6998 37.12975 -2 6.92925 38.002 -4.2 8.5986
3 16 38.002 -4.2 8.5986 37.12975 -2 6.92925 40 -2 7.5
3 16 38.002 -4.2 8.5986 40 -2 7.5 39.94 -4.2 10.77
3 16 39.94 -4.2 10.77 40 -2 7.5 42.0243 -4.2 8.8261
3 16 42.0243 -4.2 8.8261 40 -2 7.5 42.87025 -2 6.92925
3 16 42.0243 -4.2 8.8261 42.87025 -2 6.92925 44.3441 -4.2 7.1694
3 16 44.3441 -4.2 7.1694 42.87025 -2 6.92925 45.30325 -2 5.30325
3 16 44.3441 -4.2 7.1694 45.30325 -2 5.30325 46.8603 -4.2 5.8288
3 16 46.8603 -4.2 5.8288 45.30325 -2 5.30325 46.92925 -2 2.87025
3 16 46.8603 -4.2 5.8288 46.92925 -2 2.87025 49.53 -4.2 4.83
3 16 49.53 -4.2 4.83 46.92925 -2 2.87025 49.1033 -4.2 1.5798
3 16 49.1033 -4.2 1.5798 46.92925 -2 2.87025 47.5 -2 0
3 16 49.1033 -4.2 1.5798 47.5 -2 0 49.1028 -4.2 -1.699
3 16 49.1028 -4.2 -1.699 47.5 -2 0 46.92925 -2 -2.87025
3 16 49.1028 -4.2 -1.699 46.92925 -2 -2.87025 49.53 -4.2 -4.95
3 16 49.53 -4.2 -4.95 46.92925 -2 -2.87025 46.7531 -4.2 -5.8338
3 16 46.7531 -4.2 -5.8338 46.92925 -2 -2.87025 45.30325 -2 -5.30325
3 16 46.7531 -4.2 -5.8338 45.30325 -2 -5.30325 43.1349 -4.2 -7.2533
3 16 43.1349 -4.2 -7.2533 45.30325 -2 -5.30325 42.87025 -2 -6.92925
3 16 43.1349 -4.2 -7.2533 42.87025 -2 -6.92925 40 -2 -7.5
3 16 43.1349 -4.2 -7.2533 40 -2 -7.5 39.6307 -4.2 -8.9382
3 16 39.6307 -4.2 -8.9382 40 -2 -7.5 37.12975 -2 -6.92925
3 16 39.6307 -4.2 -8.9382 37.12975 -2 -6.92925 37.09 -4.2 -10.37

0 // between and around buttons
3 16 -20.5 -7.8 1 -24.327 -7.5 1.6088 -25.2097 -7.7 -4.9088
3 16 -25.2097 -7.7 -4.9088 -21 -7.8 -4.3 -20.5 -7.8 1
3 16 -20.5 -7.8 1 -21 -7.8 -4.3 -16.7903 -7.7 -4.9088
3 16 -16.7903 -7.7 -4.9088 -16.673 -7.5 1.6088 -20.5 -7.8 1
4 16 -16.673 -7.5 1.6088 -16.7903 -7.7 -4.9088 -13.3705 -7.2 -2.2601 -13.7748 -7.2 -.4957
3 16 16.7903 -7.7 -7.9915 21 -7.8 -7 20 -7.8 4.8
3 16 20 -7.8 4.8 16.173 -7.5 5.4088 16.7903 -7.7 -7.9915
3 16 -50.5 -9 -26.5 -40 -9 -26 -43 -8.8 -23
4 16 -43 -8.8 -23 -51 -8.8 -16 -60 -9.1 -20 -50.5 -9 -26.5
3 16 -60 -9.1 -20 -51 -8.8 -16 -62 -8.8 -10
3 16 -60 -9.1 -20 -62 -8.8 -10 -66.5 -9 -10
3 16 -66.5 -9 -10 -62 -8.8 -10 -66 -9 0
3 16 -66 -9 0 -62 -8.8 -10 -58 -8.8 3
4 16 -57 -8.8 15 -66.5 -9 10 -66 -9 0 -58 -8.8 3
4 16 -50.5 -9 26.5 -60 -9.1 20 -66.5 -9 10 -57 -8.8 15
3 16 -50.5 -9 26.5 -57 -8.8 15 -48 -8.8 18
3 16 -50.5 -9 26.5 -48 -8.8 18 -40 -8.8 23
3 16 -50.5 -9 26.5 -40 -8.8 23 -40 -9 26
3 16 -20 -9.1 20 -21 -8.8 12 -10 -8.8 16
3 16 -20 -9.1 20 -10 -8.8 16 0 -8.8 23
3 16 -20 -9.1 20 0 -8.8 23 0 -9 26
3 16 20 -9.1 20 21 -8.8 12 32 -8.8 16
3 16 20 -9.1 20 32 -8.8 16 40 -8.8 23
3 16 20 -9.1 20 40 -8.8 23 40 -9 26
3 16 40 -9 26 40 -8.8 23 50.5 -9 26.5
3 16 50.5 -9 26.5 40 -8.8 23 50 -8.8 16
3 16 50.5 -9 26.5 50 -8.8 16 60 -9.1 20
3 16 60 -9.1 20 50 -8.8 16 61 -8.8 12
3 16 60 -9.1 20 61 -8.8 12 66.5 -9 10
4 16 61 -8.8 12 59.5 -8.8 0 66 -9 0 66.5 -9 10
4 16 60 -8.8 -13 66.5 -9 -10 66 -9 0 59.5 -8.8 0
3 16 66.5 -9 -10 60 -8.8 -13 60 -9.1 -20
3 16 60 -9.1 -20 60 -8.8 -13 49 -8.8 -16
3 16 60 -9.1 -20 49 -8.8 -16 50.5 -9 -26.5
3 16 50.5 -9 -26.5 49 -8.8 -16 40 -9 -26
3 16 40 -9 -26 49 -8.8 -16 38 -8.8 -22
3 16 40 -9 -26 38 -8.8 -22 20 -9.1 -20
3 16 20 -9.1 -20 38 -8.8 -22 30 -8.8 -16
3 16 20 -9.1 -20 30 -8.8 -16 21 -8.8 -12
3 16 20 -9.1 -20 21 -8.8 -12 9 -8.8 -16
4 16 20 -9.1 -20 9 -8.8 -16 -3 -8.8 -22 0 -9 -26
3 16 0 -9 -26 -3 -8.8 -22 -20 -9.1 -20
3 16 -20 -9.1 -20 -3 -8.8 -22 -11 -8.8 -16
3 16 -20 -9.1 -20 -11 -8.8 -16 -21 -8.8 -12
3 16 -43 -7.5 -19.3 -51 -8.8 -16 -43 -8.8 -23
3 16 -62 -8.8 -10 -51 -8.8 -16 -57.6 -7.5 -8.6
3 16 -62 -8.8 -10 -57.6 -7.5 -8.6 -58 -8.8 3
3 16 -58 -8.8 3 -51.3 -7.5 11.3 -57 -8.8 15
3 16 -57 -8.8 15 -51.3 -7.5 11.3 -48 -8.8 18
3 16 -48 -8.8 18 -46.2693 -7.3 13.0736 -43.9692 -7.3 14.4361
3 16 -48 -8.8 18 -40 -7.5 18 -40 -8.8 23
3 16 -40 -8.8 23 -40 -7.5 18 -31 -8.8 16
3 16 -31 -8.8 16 -31.7463 -7.3 6.5926 -21 -8.8 12
3 16 -10 -8.8 16 0 -7.5 18.4 0 -8.8 23
3 16 0 -8.8 23 0 -7.5 18.4 10 -8.8 16
3 16 10 -8.8 16 14.9 -7.5 6.1 21 -8.8 12
3 16 21 -8.8 12 14.9 -7.5 6.1 16.173 -7.5 5.4088
3 16 21 -8.8 12 16.173 -7.5 5.4088 20 -7.8 4.8
3 16 21 -8.8 12 20 -7.8 4.8 23.827 -7.5 5.4088
3 16 21 -8.8 12 23.827 -7.5 5.4088 25.3 -7.5 6.1
3 16 32 -8.8 16 39.8 -7.5 18.4 40 -8.8 23
3 16 40 -8.8 23 39.8 -7.5 18.4 50 -8.8 16
3 16 50 -8.8 16 55.6 -7.5 9.4 61 -8.8 12
3 16 61 -8.8 12 55.6 -7.5 9.4 59.5 -8.8 0
3 16 59.5 -8.8 0 54.0799 -7.3 1.7536 54.0782 -7.3 -2.1536
3 16 59.5 -8.8 0 55.6 -7.5 -9.8 60 -8.8 -13
3 16 49 -8.8 -16 37 -7.5 -18.4 38 -8.8 -22
3 16 38 -8.8 -22 37 -7.5 -18.4 30 -8.8 -16
3 16 30 -8.8 -16 30.1 -7.4 -9.9 21 -8.8 -12
3 16 21 -8.8 -12 25.2097 -7.7 -7.2261 21 -7.8 -7
3 16 21 -8.8 -12 21 -7.8 -7 16.7903 -7.7 -7.9915
3 16 21 -8.8 -12 11.3 -7.4 -11.3 9 -8.8 -16
3 16 9 -8.8 -16 -3.3 -7.5 -18.8 -3 -8.8 -22
3 16 -3 -8.8 -22 -3.3 -7.5 -18.8 -11 -8.8 -16
3 16 -11 -8.8 -16 -6.4524 -7.3 -12.7914 -8.588 -7.3 -10.1451
3 16 -11 -8.8 -16 -13.8 -7.4 -5.8 -21 -8.8 -12
3 16 -21 -8.8 -12 -13.8 -7.4 -5.8 -16.7903 -7.7 -4.9088
3 16 -21 -8.8 -12 -16.7903 -7.7 -4.9088 -21 -7.8 -4.3
3 16 -21 -8.8 -12 -21 -7.8 -4.3 -25.2097 -7.7 -4.9088
3 16 -21 -8.8 -12 -31.4 -7.3 -8.6 -32 -8.8 -16
3 16 -32 -8.8 -16 -43 -7.5 -19.3 -43 -8.8 -23
3 16 -21 -8.8 12 -25.7 -7.5 2.87 -24.327 -7.5 1.6088
3 16 -21 -8.8 12 -24.327 -7.5 1.6088 -20.5 -7.8 1
3 16 -21 -8.8 12 -20.5 -7.8 1 -16.673 -7.5 1.6088
3 16 -21 -8.8 12 -16.673 -7.5 1.6088 -14.9 -7.5 2.87
3 16 -21 -8.8 12 -14.9 -7.5 2.87 -10 -8.8 16
3 16 21 -8.8 12 25.3 -7.5 6.1 32 -8.8 16
3 16 -57.6 -7.5 -8.6 -53.7685 -7.3 -2.5999 -58 -8.8 3
3 16 -58 -8.8 3 -51.6194 -7.3 4.1881 -51.3 -7.5 11.3
3 16 -58 -8.8 3 -53.7685 -7.3 -2.5999 -51.6194 -7.3 4.1881
3 16 -48 -8.8 18 -51.3 -7.5 11.3 -46.2693 -7.3 13.0736
3 16 -48 -8.8 18 -43.9692 -7.3 14.4361 -40 -7.5 18
3 16 -36.6239 -7.3 11.7536 -31 -8.8 16 -40 -7.5 18
3 16 -31 -8.8 16 -36.6239 -7.3 11.7536 -31.7463 -7.3 6.5926
3 16 -21 -8.8 12 -31.7463 -7.3 6.5926 -25.7 -7.5 2.87
3 16 -51 -8.8 -16 -51.8458 -7.3 -10.8367 -57.6 -7.5 -8.6
3 16 -51.8458 -7.3 -10.8367 -51 -8.8 -16 -46.8658 -7.3 -14.4866
3 16 -46.8658 -7.3 -14.4866 -51 -8.8 -16 -43 -7.5 -19.3
3 16 -43 -7.5 -19.3 -32 -8.8 -16 -37.9035 -7.3 -13.1868
3 16 -39.9565 -6 -11.553 -42.91 -4.2 -10.64 -42.95 -5.85 -14.35
3 16 -24.327 -7.5 1.6088 -25.7 -7.5 2.87 -27.6769 -7 .308
3 16 -27.6769 -7 .308 -25.2097 -7.7 -4.9088 -24.327 -7.5 1.6088
3 16 -21 -8.8 -12 -25.2097 -7.7 -4.9088 -30.5534 -6.9 -5.4762
3 16 -30.5534 -6.9 -5.4762 -31.4 -7.3 -8.6 -21 -8.8 -12
3 16 -30.5534 -6.9 -5.4762 -25.2097 -7.7 -4.9088 -27.6769 -7 .308
3 16 -34.69675 -2 -5.30325 -33.71 -4.2 -6.29 -31.8105 -5.5 -3.7282
3 16 -31.8105 -5.5 -3.7282 -33.71 -4.2 -6.29 -32.72 -5.85 -7.28
3 16 -33.07075 -2 -2.87025 -34.69675 -2 -5.30325 -31.8105 -5.5 -3.7282
3 16 -33.07075 -2 -2.87025 -31.8105 -5.5 -3.7282 -32.5 -2 0
3 16 -32.5 -2 0 -31.8105 -5.5 -3.7282 -30.4455 -5.5 -.8338
3 16 -32.5 -2 0 -30.4455 -5.5 -.8338 -31.6706 -4.2 .976
3 16 -36.4283 -5.85 -9.1832 -33.71 -4.2 -6.29 -34.69675 -2 -5.30325
3 16 -36.4283 -5.85 -9.1832 -34.69675 -2 -5.30325 -37.12975 -2 -6.92925
3 16 -36.4283 -5.85 -9.1832 -37.12975 -2 -6.92925 -39.9565 -6 -11.553
3 16 -39.9565 -6 -11.553 -37.12975 -2 -6.92925 -40 -2 -7.5
3 16 -42.87025 -2 -6.92925 -42.91 -4.2 -10.64 -39.9565 -6 -11.553
3 16 -42.87025 -2 -6.92925 -39.9565 -6 -11.553 -40 -2 -7.5
3 16 -37.9035 -7.3 -13.1868 -32 -8.8 -16 -31.4 -7.3 -8.6
3 16 10 -8.8 16 0 -7.5 18.4 3.8235 -7.3 13.033
3 16 -10 -8.8 16 -3.5383 -7.3 11.9688 0 -7.5 18.4
3 16 -3.5383 -7.3 11.9688 -10 -8.8 16 -8.6209 -7.3 6.6716
3 16 -8.6209 -7.3 6.6716 -10 -8.8 16 -14.9 -7.5 2.87
3 16 -14.9 -7.5 2.87 -16.673 -7.5 1.6088 -13.7748 -7.2 -.4957
3 16 -13.3705 -7.2 -2.2601 -16.7903 -7.7 -4.9088 -13.8 -7.4 -5.8
3 16 10 -8.8 16 3.8235 -7.3 13.033 8.9058 -7.3 8.8373
3 16 10 -8.8 16 8.9058 -7.3 8.8373 14.9 -7.5 6.1
3 16 -13.8 -7.4 -5.8 -11 -8.8 -16 -8.588 -7.3 -10.1451
3 16 -11 -8.8 -16 -3.3 -7.5 -18.8 -6.4524 -7.3 -12.7914
3 16 .8481 -7.3 -15.0407 -3.3 -7.5 -18.8 9 -8.8 -16
3 16 .8481 -7.3 -15.0407 9 -8.8 -16 5.8283 -7.3 -12.4826
3 16 5.8283 -7.3 -12.4826 9 -8.8 -16 11.3 -7.4 -11.3
3 16 16.173 -7.5 5.4088 14.9 -7.5 6.1 12.1786 -7.2 .6852
3 16 12.1786 -7.2 .6852 16.7903 -7.7 -7.9915 16.173 -7.5 5.4088
3 16 12.1786 -7.2 .6852 10.9505 -7.1 -5.2499 16.7903 -7.7 -7.9915
3 16 16.7903 -7.7 -7.9915 10.9505 -7.1 -5.2499 11.3 -7.4 -11.3
3 16 21 -8.8 -12 16.7903 -7.7 -7.9915 11.3 -7.4 -11.3
3 16 25.3 -7.5 6.1 31.1623 -7.3 8.8728 32 -8.8 16
3 16 32 -8.8 16 31.1623 -7.3 8.8728 36.1085 -7.3 13.0682
3 16 32 -8.8 16 36.1085 -7.3 13.0682 39.8 -7.5 18.4
3 16 50 -8.8 16 39.8 -7.5 18.4 44.2112 -7.3 14.0408
3 16 50 -8.8 16 44.2112 -7.3 14.0408 49.6005 -7.3 10.9707
3 16 50 -8.8 16 49.6005 -7.3 10.9707 55.6 -7.5 9.4
3 16 55.6 -7.5 9.4 54.0799 -7.3 1.7536 59.5 -8.8 0
3 16 54.0782 -7.3 -2.1536 55.6 -7.5 -9.8 59.5 -8.8 0
3 16 42.3688 -7.3 -13.9254 37 -7.5 -18.4 49 -8.8 -16
3 16 42.3688 -7.3 -13.9254 49 -8.8 -16 48.7134 -7.3 -10.992
4 16 60 -8.8 -13 55.6 -7.5 -9.8 48.7134 -7.3 -10.992 49 -8.8 -16
3 16 30 -8.8 -16 37 -7.5 -18.4 34.1092 -7.5 -13.6964
3 16 30 -8.8 -16 34.1092 -7.5 -13.6964 30.1 -7.4 -9.9
3 16 30.1 -7.4 -9.9 29.9304 -7 -4.2053 25.2097 -7.7 -7.2261
3 16 30.1 -7.4 -9.9 25.2097 -7.7 -7.2261 21 -8.8 -12
3 16 25.3 -7.5 6.1 23.827 -7.5 5.4088 28.2933 -7 1.2524
3 16 28.2933 -7 1.2524 23.827 -7.5 5.4088 25.2097 -7.7 -7.2261
3 16 28.2933 -7 1.2524 25.2097 -7.7 -7.2261 29.9304 -7 -4.2053
3 16 20 -9.1 20 0 -9 26 0 -8.8 23
3 16 20 -9.1 20 0 -8.8 23 10 -8.8 16
3 16 20 -9.1 20 10 -8.8 16 21 -8.8 12
3 16 -43 -8.8 -23 -20 -9.1 -20 -32 -8.8 -16
3 16 -32 -8.8 -16 -20 -9.1 -20 -21 -8.8 -12
3 16 -40 -9 26 -40 -8.8 23 -20 -9.1 20
3 16 -20 -9.1 20 -40 -8.8 23 -31 -8.8 16
3 16 -20 -9.1 20 -31 -8.8 16 -21 -8.8 12
3 16 -43 -8.8 -23 -40 -9 -26 -20 -9.1 -20
3 16 21 -7.8 -7 25.2097 -7.7 -7.2261 20 -7.8 4.8
3 16 20 -7.8 4.8 25.2097 -7.7 -7.2261 23.827 -7.5 5.4088
4 16 -57.6 -7.5 -8.6 -53.33 -5.85 -6.31 -51.6596 -5.85 -3.4255 -53.7685 -7.3 -2.5999
4 16 -51.3 -7.5 11.3 -51.6194 -7.3 4.1881 -49.1883 -5.85 5.6777 -48.9 -5.85 8.9
4 16 -50.4385 -5.85 -.6033 -49.4587 -5.85 2.4915 -51.6194 -7.3 4.1881 -53.7685 -7.3 -2.5999
4 16 -46.4533 -5.85 9.9657 -46.2693 -7.3 13.0736 -51.3 -7.5 11.3 -48.9 -5.85 8.9
4 16 -41.9638 -5.85 12.2886 -40 -5.85 13.8 -40 -7.5 18 -43.9692 -7.3 14.4361
4 16 -40 -7.5 18 -40 -5.85 13.8 -38.3848 -5.85 11.0552 -36.6239 -7.3 11.7536
4 16 -31.4557 -5.85 4.706 -28.65 -5.85 2.87 -25.7 -7.5 2.87 -31.7463 -7.3 6.5926
4 16 -31.7463 -7.3 6.5926 -36.6239 -7.3 11.7536 -36.1394 -5.85 8.5485 -34.0364 -5.85 6.3233
4 16 -50.867 -5.85 -7.4926 -53.33 -5.85 -6.31 -57.6 -7.5 -8.6 -51.8458 -7.3 -10.8367
4 16 -43 -7.5 -19.3 -42.95 -5.85 -14.35 -44.9035 -5.85 -12.2242 -46.8658 -7.3 -14.4866
4 16 -46.8658 -7.3 -14.4866 -46.4473 -5.85 -10.3263 -48.681 -5.85 -8.6892 -51.8458 -7.3 -10.8367
4 16 -39.9565 -6 -11.553 -42.95 -5.85 -14.35 -43 -7.5 -19.3 -37.9035 -7.3 -13.1868
4 16 -30.4455 -5.5 -.8338 -31.8105 -5.5 -3.7282 -30.5534 -6.9 -5.4762 -27.6769 -7 .308
3 16 -31.4 -7.3 -8.6 -32.72 -5.85 -7.28 -36.4283 -5.85 -9.1832
3 16 -31.4 -7.3 -8.6 -36.4283 -5.85 -9.1832 -37.9035 -7.3 -13.1868
4 16 -8.8214 -5.85 4.7336 -8.6209 -7.3 6.6716 -14.9 -7.5 2.87 -11.71 -5.85 2.87
4 16 -3.5383 -7.3 11.9688 -8.6209 -7.3 6.6716 -6.1621 -5.85 6.1788 -3.7782 -5.85 8.6634
4 16 0 -7.5 18.4 -3.5383 -7.3 11.9688 -1.7135 -5.85 11.1815 0 -5.85 14.04
4 16 -14.9 -7.5 2.87 -13.7748 -7.2 -.4957 -11.4142 -5.85 1.0439 -11.71 -5.85 2.87
4 16 3.9327 -5.85 9.5243 6.3149 -5.85 7.5577 8.9058 -7.3 8.8373 3.8235 -7.3 13.033
4 16 14.9 -7.5 6.1 8.9058 -7.3 8.8373 8.923 -5.85 6.2482 11.71 -5.85 4.81
4 16 -4.721 -5.85 -11.3259 -6.4524 -7.3 -12.7914 -3.3 -7.5 -18.8 -3.13 -5.85 -14.05
4 16 -.997 -5.85 -12.4048 -3.13 -5.85 -14.05 -3.3 -7.5 -18.8 .8481 -7.3 -15.0407
4 16 3.2911 -5.85 -9.9985 1.2528 -5.85 -11.0455 .8481 -7.3 -15.0407 5.8283 -7.3 -12.4826
4 16 9.0145 -5.85 -3.2173 10.9505 -7.1 -5.2499 12.1786 -7.2 .6852 9.5055 -5.85 -.4275
4 16 10.6573 -5.85 2.2635 12.1786 -7.2 .6852 14.9 -7.5 6.1 11.71 -5.85 4.81
4 16 33.7087 -5.85 7.4745 36.0436 -5.85 9.455 36.1085 -7.3 13.0682 31.1623 -7.3 8.8728
4 16 39.8 -7.5 18.4 36.1085 -7.3 13.0682 38.0172 -5.85 11.6225 39.88 -5.85 14.04
4 16 39.8 -7.5 18.4 39.88 -5.85 14.04 42.2572 -5.85 11.9711 44.2112 -7.3 14.0408
4 16 49.6005 -7.3 10.9707 44.2112 -7.3 14.0408 44.1846 -5.85 10.1261 46.6768 -5.85 8.7064
4 16 55.6 -7.5 9.4 49.6005 -7.3 10.9707 49.3411 -5.85 7.7328 52.13 -5.85 6.7894
4 16 51.6164 -5.85 3.3652 54.0799 -7.3 1.7536 55.6 -7.5 9.4 52.13 -5.85 6.7894
4 16 51.6141 -5.85 -3.6051 52.13 -5.85 -7.03 55.6 -7.5 -9.8 54.0782 -7.3 -2.1536
4 16 48.81 -5.85 -7.8144 48.7134 -7.3 -10.992 55.6 -7.5 -9.8 52.13 -5.85 -7.03
4 16 42.3688 -7.3 -13.9254 48.7134 -7.3 -10.992 45.5876 -5.85 -8.4955 42.5183 -5.85 -9.9146
4 16 37 -7.5 -18.4 37.05 -5.85 -13.81 35.7385 -5.85 -11.6761 34.1092 -7.5 -13.6964
4 16 31.6216 -5.85 -2.655 30.8359 -5.85 -.0357 28.2933 -7 1.2524 29.9304 -7 -4.2053
4 16 29.4884 -5.85 2.4665 28.41 -5.85 4.81 25.3 -7.5 6.1 28.2933 -7 1.2524
3 16 -32.9848 -4.2 4.3328 -33.07075 -2 2.87025 -30.86 -4.2 2.87
3 16 -32.9848 -4.2 4.3328 -30.86 -4.2 2.87 -31.4557 -5.85 4.706
4 16 -13.8 -7.4 -5.8 -11.05 -5.85 -4.63 -11.0083 -5.85 -2.7389 -13.3705 -7.2 -2.2601
4 16 -13.8 -7.4 -5.8 -8.588 -7.3 -10.1451 -8.6224 -5.85 -6.7615 -11.05 -5.85 -4.63
4 16 6.2651 -5.85 -9.5629 5.8283 -7.3 -12.4826 11.3 -7.4 -11.3 8.9 -5.85 -8.9
4 16 1.9199 -5.85 11.6104 3.8235 -7.3 13.033 0 -7.5 18.4 0 -5.85 14.04
4 16 31.1494 -5.85 6.2728 31.1623 -7.3 8.8728 25.3 -7.5 6.1 28.41 -5.85 4.81
4 16 31.6048 -5.85 -5.3452 29.9304 -7 -4.2053 30.1 -7.4 -9.9 31.94 -5.85 -8.06
4 16 33.8348 -5.85 -9.7481 31.94 -5.85 -8.06 30.1 -7.4 -9.9 34.1092 -7.5 -13.6964
4 16 39.6568 -5.85 -11.9054 37.05 -5.85 -13.81 37 -7.5 -18.4 42.3688 -7.3 -13.9254
4 16 9.0145 -5.85 -3.2173 8.9 -5.85 -8.9 11.3 -7.4 -11.3 10.9505 -7.1 -5.2499
4 16 7.1481 -4.2 -4.7123 7.1 -4.2 -7.1 8.9 -5.85 -8.9 9.0145 -5.85 -3.2173

0 // cond lines
5 24 39.6568 -5.85 -11.9054 42.3688 -7.3 -13.9254 42.5183 -5.85 -9.9146 37.05 -5.85 -13.81
5 24 -46.4473 -5.85 -10.3263 -46.1219 -4.2 -7.1403 -44.4016 -4.2 -8.7855 -48.681 -5.85 -8.6892
5 24 25.3 -7.5 6.1 31.1623 -7.3 8.8728 32 -8.8 16 28.41 -5.85 4.81
5 24 55.6 -7.5 9.4 54.0799 -7.3 1.7536 52.13 -5.85 6.7894 59.5 -8.8 0
5 24 39.94 -4.2 10.77 38.0172 -5.85 11.6225 39.88 -5.85 14.04 38.002 -4.2 8.5986
5 24 -3 -8.8 -22 -11 -8.8 -16 -3.3 -7.5 -18.8 -20 -9.1 -20
5 24 -11 -8.8 -16 -20 -9.1 -20 -3 -8.8 -22 -21 -8.8 -12
5 24 -21 -8.8 -12 -25.2097 -7.7 -4.9088 -30.5534 -6.9 -5.4762 -21 -7.8 -4.3
5 24 -38.2189 -4.2 8.7867 -38.3848 -5.85 11.0552 -36.1394 -5.85 8.5485 -40 -4.2 10.65
5 24 -50.4385 -5.85 -.6033 -47.8462 -4.2 1.0555 -49.4587 -5.85 2.4915 -48.8039 -4.2 -1.8421
5 24 -40 -9 -26 -43 -8.8 -23 -20 -9.1 -20 -50.5 -9 -26.5
5 24 -48 -8.8 18 -40 -7.5 18 -43.9692 -7.3 14.4361 -40 -8.8 23
5 24 -2.87025 -2 -6.92925 -4.6966 -4.2 -7.9887 -5.30325 -2 -5.30325 -3 -4.2 -10.49
5 24 -8.6224 -5.85 -6.7615 -6.4703 -5.85 -8.8193 -6.7044 -4.2 -5.7288 -8.588 -7.3 -10.1451
5 24 25.3 -7.5 6.1 21 -8.8 12 32 -8.8 16 23.827 -7.5 5.4088
5 24 -7.155 -4.2 4.3523 -8.8214 -5.85 4.7336 -6.1621 -5.85 6.1788 -9.32 -4.2 2.87
5 24 -30.5534 -6.9 -5.4762 -31.8105 -5.5 -3.7282 -27.6769 -7 .308 -32.72 -5.85 -7.28
5 24 -43 -8.8 -23 -32 -8.8 -16 -20 -9.1 -20 -43 -7.5 -19.3
5 24 7.8533 -4.2 -1.556 7.1481 -4.2 -4.7123 9.0145 -5.85 -3.2173 6.92925 -2 -2.87025
5 24 36.0436 -5.85 9.455 38.0172 -5.85 11.6225 38.002 -4.2 8.5986 36.1085 -7.3 13.0682
5 24 -51 -8.8 -16 -57.6 -7.5 -8.6 -62 -8.8 -10 -51.8458 -7.3 -10.8367
5 24 39.8 -7.5 18.4 44.2112 -7.3 14.0408 39.88 -5.85 14.04 50 -8.8 16
5 24 5.30325 -2 5.30325 4.204 -4.2 6.6922 2.87025 -2 6.92925 6.6683 -4.2 5.0975
5 24 -57.6 -7.5 -8.6 -62 -8.8 -10 -58 -8.8 3 -51 -8.8 -16
5 24 50 -8.8 16 50.5 -9 26.5 60 -9.1 20 40 -8.8 23
5 24 21 -8.8 -12 9 -8.8 -16 11.3 -7.4 -11.3 20 -9.1 -20
5 24 -8.8214 -5.85 4.7336 -11.71 -5.85 2.87 -8.6209 -7.3 6.6716 -9.32 -4.2 2.87
5 24 -31.8105 -5.5 -3.7282 -34.69675 -2 -5.30325 -33.71 -4.2 -6.29 -33.07075 -2 -2.87025
5 24 0 -5.85 14.04 -1.7135 -5.85 11.1815 0 -7.5 18.4 0 -4.2 10.77
5 24 -42.87025 -2 -6.92925 -39.9565 -6 -11.553 -40 -2 -7.5 -42.91 -4.2 -10.64
5 24 -46.4473 -5.85 -10.3263 -44.4016 -4.2 -8.7855 -44.9035 -5.85 -12.2242 -46.1219 -4.2 -7.1403
5 24 -42.87025 -2 -6.92925 -44.4016 -4.2 -8.7855 -42.91 -4.2 -10.64 -45.30325 -2 -5.30325
5 24 -31.6706 -4.2 .976 -32.5 -2 0 -30.4455 -5.5 -.8338 -33.07075 -2 2.87025
5 24 -11.05 -5.85 -4.63 -8.6224 -5.85 -6.7615 -13.8 -7.4 -5.8 -8.99 -4.2 -3.75
5 24 45.5876 -5.85 -8.4955 48.7134 -7.3 -10.992 42.5183 -5.85 -9.9146 48.81 -5.85 -7.8144
5 24 2.87025 -2 -6.92925 4.4303 -4.2 -7.4432 5.30325 -2 -5.30325 1.8273 -4.2 -8.1307
5 24 45.30325 -2 5.30325 46.8603 -4.2 5.8288 46.92925 -2 2.87025 44.3441 -4.2 7.1694
5 24 37.12975 -2 -6.92925 39.6307 -4.2 -8.9382 37.09 -4.2 -10.37 40 -2 -7.5
5 24 -42.91 -4.2 -10.64 -44.9035 -5.85 -12.2242 -44.4016 -4.2 -8.7855 -42.95 -5.85 -14.35
5 24 -43 -8.8 -23 -50.5 -9 -26.5 -51 -8.8 -16 -40 -9 -26
5 24 -7.155 -4.2 4.3523 -5.30325 -2 5.30325 -4.4035 -4.2 6.5148 -6.92925 -2 2.87025
5 24 -32.72 -5.85 -7.28 -30.5534 -6.9 -5.4762 -31.8105 -5.5 -3.7282 -31.4 -7.3 -8.6
5 24 1.9687 -4.2 8.594 4.204 -4.2 6.6922 3.9327 -5.85 9.5243 2.87025 -2 6.92925
5 24 -37.12975 -2 -6.92925 -39.9565 -6 -11.553 -36.4283 -5.85 -9.1832 -40 -2 -7.5
5 24 0 -4.2 10.77 -1.7135 -5.85 11.1815 0 -5.85 14.04 -1.8193 -4.2 8.8765
5 24 35.7385 -5.85 -11.6761 33.8348 -5.85 -9.7481 35.3255 -4.2 -8.4024 34.1092 -7.5 -13.6964
5 24 -24.327 -7.5 1.6088 -25.7 -7.5 2.87 -21 -8.8 12 -27.6769 -7 .308
5 24 10 -8.8 16 8.9058 -7.3 8.8373 14.9 -7.5 6.1 3.8235 -7.3 13.033
5 24 32 -8.8 16 40 -8.8 23 39.8 -7.5 18.4 20 -9.1 20
5 24 36.1085 -7.3 13.0682 36.0436 -5.85 9.455 31.1623 -7.3 8.8728 38.0172 -5.85 11.6225
5 24 51.2211 -5.85 -.1197 54.0782 -7.3 -2.1536 51.6141 -5.85 -3.6051 54.0799 -7.3 1.7536
5 24 -48.8039 -4.2 -1.8421 -47.5 -2 0 -46.92925 -2 -2.87025 -47.8462 -4.2 1.0555
5 24 9.32 -4.2 3.84 8.6048 -4.2 1.5519 10.6573 -5.85 2.2635 6.92925 -2 2.87025
5 24 49.1028 -4.2 -1.699 49.53 -4.2 -4.95 46.92925 -2 -2.87025 51.6141 -5.85 -3.6051
5 24 54.0799 -7.3 1.7536 51.2211 -5.85 -.1197 54.0782 -7.3 -2.1536 51.6164 -5.85 3.3652
5 24 1.8273 -4.2 -8.1307 3.2911 -5.85 -9.9985 1.2528 -5.85 -11.0455 4.4303 -4.2 -7.4432
5 24 0 -9 -26 -3 -8.8 -22 20 -9.1 -20 -20 -9.1 -20
5 24 -25.2097 -7.7 -4.9088 -30.5534 -6.9 -5.4762 -21 -8.8 -12 -27.6769 -7 .308
5 24 49.6005 -7.3 10.9707 55.6 -7.5 9.4 50 -8.8 16 49.3411 -5.85 7.7328
5 24 54.0782 -7.3 -2.1536 55.6 -7.5 -9.8 51.6141 -5.85 -3.6051 59.5 -8.8 0
5 24 -50.867 -5.85 -7.4926 -48.681 -5.85 -8.6892 -48.0422 -4.2 -5.733 -51.8458 -7.3 -10.8367
5 24 -40 -4.2 10.65 -38.3848 -5.85 11.0552 -38.2189 -4.2 8.7867 -40 -5.85 13.8
5 24 51.6164 -5.85 3.3652 49.53 -4.2 4.83 49.1033 -4.2 1.5798 52.13 -5.85 6.7894
5 24 44.2112 -7.3 14.0408 50 -8.8 16 39.8 -7.5 18.4 49.6005 -7.3 10.9707
5 24 -58 -8.8 3 -66 -9 0 -62 -8.8 -10 -57 -8.8 15
5 24 -51.8458 -7.3 -10.8367 -57.6 -7.5 -8.6 -51 -8.8 -16 -50.867 -5.85 -7.4926
5 24 -11.0083 -5.85 -2.7389 -8.99 -4.2 -3.75 -8.8108 -4.2 -1.5356 -11.05 -5.85 -4.63
5 24 -51.6194 -7.3 4.1881 -51.3 -7.5 11.3 -58 -8.8 3 -49.1883 -5.85 5.6777
5 24 60 -8.8 -13 55.6 -7.5 -9.8 59.5 -8.8 0 49 -8.8 -16
5 24 46.6768 -5.85 8.7064 44.1846 -5.85 10.1261 44.3441 -4.2 7.1694 49.6005 -7.3 10.9707
5 24 -20 -9.1 20 -40 -9 26 -40 -8.8 23 0 -9 26
5 24 -51 -8.8 -16 -51.8458 -7.3 -10.8367 -57.6 -7.5 -8.6 -46.8658 -7.3 -14.4866
5 24 31.5224 -4.2 1.6475 30.74 -4.2 3.84 33.07075 -2 2.87025 29.4884 -5.85 2.4665
5 24 -44.9035 -5.85 -12.2242 -42.95 -5.85 -14.35 -42.91 -4.2 -10.64 -46.8658 -7.3 -14.4866
5 24 -31.7463 -7.3 6.5926 -21 -8.8 12 -31 -8.8 16 -25.7 -7.5 2.87
5 24 33.0006 -4.2 -4.3758 33.32 -4.2 -6.68 31.6048 -5.85 -5.3452 34.69675 -2 -5.30325
5 24 35.7956 -4.2 6.6998 36.0436 -5.85 9.455 33.7087 -5.85 7.4745 38.002 -4.2 8.5986
5 24 40 -8.8 23 40 -9 26 20 -9.1 20 50.5 -9 26.5
5 24 -.6643 -4.2 -9.1515 0 -2 -7.5 1.8273 -4.2 -8.1307 -2.87025 -2 -6.92925
5 24 -.6643 -4.2 -9.1515 -.997 -5.85 -12.4048 1.2528 -5.85 -11.0455 -3 -4.2 -10.49
5 24 -43 -8.8 -23 -20 -9.1 -20 -32 -8.8 -16 -40 -9 -26
5 24 49.1033 -4.2 1.5798 49.1028 -4.2 -1.699 47.5 -2 0 51.2211 -5.85 -.1197
5 24 -5.30325 -2 -5.30325 -6.7044 -4.2 -5.7288 -6.92925 -2 -2.87025 -4.6966 -4.2 -7.9887
5 24 -8.8108 -4.2 -1.5356 -8.9211 -4.2 .6838 -10.8867 -5.85 -.8368 -7.5 -2 0
5 24 -8.8108 -4.2 -1.5356 -8.99 -4.2 -3.75 -11.0083 -5.85 -2.7389 -6.92925 -2 -2.87025
5 24 -21 -8.8 12 -24.327 -7.5 1.6088 -20.5 -7.8 1 -25.7 -7.5 2.87
5 24 21 -7.8 -7 21 -8.8 -12 25.2097 -7.7 -7.2261 16.7903 -7.7 -7.9915
5 24 23.827 -7.5 5.4088 25.3 -7.5 6.1 21 -8.8 12 28.2933 -7 1.2524
5 24 -32 -8.8 -16 -37.9035 -7.3 -13.1868 -43 -7.5 -19.3 -31.4 -7.3 -8.6
5 24 -8.9211 -4.2 .6838 -11.4142 -5.85 1.0439 -10.8867 -5.85 -.8368 -9.32 -4.2 2.87
5 24 -28.65 -5.85 2.87 -27.6769 -7 .308 -30.4455 -5.5 -.8338 -25.7 -7.5 2.87
5 24 21 -8.8 12 23.827 -7.5 5.4088 25.3 -7.5 6.1 20 -7.8 4.8
5 24 -13.7748 -7.2 -.4957 -10.8867 -5.85 -.8368 -11.4142 -5.85 1.0439 -13.3705 -7.2 -2.2601
5 24 6.6683 -4.2 5.0975 5.30325 -2 5.30325 4.204 -4.2 6.6922 6.92925 -2 2.87025
5 24 40 -8.8 23 50.5 -9 26.5 50 -8.8 16 40 -9 26
5 24 32.3736 -4.2 -1.3373 31.5224 -4.2 1.6475 30.8359 -5.85 -.0357 32.5 -2 0
5 24 33.7087 -5.85 7.4745 33.3609 -4.2 5.1047 31.1494 -5.85 6.2728 35.7956 -4.2 6.6998
5 24 -3.7782 -5.85 8.6634 -6.1621 -5.85 6.1788 -3.5383 -7.3 11.9688 -4.4035 -4.2 6.5148
5 24 46.6768 -5.85 8.7064 46.8603 -4.2 5.8288 49.3411 -5.85 7.7328 44.3441 -4.2 7.1694
5 24 -27.6769 -7 .308 -24.327 -7.5 1.6088 -25.7 -7.5 2.87 -25.2097 -7.7 -4.9088
5 24 25.2097 -7.7 -7.2261 30.1 -7.4 -9.9 29.9304 -7 -4.2053 21 -8.8 -12
5 24 3.9327 -5.85 9.5243 3.8235 -7.3 13.033 6.3149 -5.85 7.5577 1.9199 -5.85 11.6104
5 24 34.69675 -2 -5.30325 35.3255 -4.2 -8.4024 37.12975 -2 -6.92925 33.32 -4.2 -6.68
5 24 35.7956 -4.2 6.6998 34.69675 -2 5.30325 33.3609 -4.2 5.1047 37.12975 -2 6.92925
5 24 -10 -8.8 16 -14.9 -7.5 2.87 -8.6209 -7.3 6.6716 -21 -8.8 12
5 24 -50.4385 -5.85 -.6033 -51.6596 -5.85 -3.4255 -53.7685 -7.3 -2.5999 -48.8039 -4.2 -1.8421
5 24 14.9 -7.5 6.1 12.1786 -7.2 .6852 16.173 -7.5 5.4088 11.71 -5.85 4.81
5 24 -46.4533 -5.85 9.9657 -44.1279 -5.85 10.7645 -44.5855 -4.2 7.97 -46.2693 -7.3 13.0736
5 24 36.0436 -5.85 9.455 33.7087 -5.85 7.4745 35.7956 -4.2 6.6998 36.1085 -7.3 13.0682
5 24 50 -8.8 16 49.6005 -7.3 10.9707 55.6 -7.5 9.4 44.2112 -7.3 14.0408
5 24 3.8235 -7.3 13.033 1.9199 -5.85 11.6104 0 -7.5 18.4 3.9327 -5.85 9.5243
5 24 1.9687 -4.2 8.594 0 -4.2 10.77 0 -2 7.5 1.9199 -5.85 11.6104
5 24 38.002 -4.2 8.5986 37.12975 -2 6.92925 35.7956 -4.2 6.6998 40 -2 7.5
5 24 -30.5534 -6.9 -5.4762 -21 -8.8 -12 -31.4 -7.3 -8.6 -25.2097 -7.7 -4.9088
5 24 -21 -7.8 -4.3 -16.7903 -7.7 -4.9088 -20.5 -7.8 1 -21 -8.8 -12
5 24 33.7087 -5.85 7.4745 35.7956 -4.2 6.6998 36.0436 -5.85 9.455 33.3609 -4.2 5.1047
5 24 3.9327 -5.85 9.5243 1.9687 -4.2 8.594 4.204 -4.2 6.6922 1.9199 -5.85 11.6104
5 24 -35.6852 -4.2 6.4629 -36.1394 -5.85 8.5485 -34.0364 -5.85 6.3233 -38.2189 -4.2 8.7867
5 24 -35.6852 -4.2 6.4629 -34.0364 -5.85 6.3233 -36.1394 -5.85 8.5485 -32.9848 -4.2 4.3328
5 24 -46.2693 -7.3 13.0736 -44.1279 -5.85 10.7645 -43.9692 -7.3 14.4361 -46.4533 -5.85 9.9657
5 24 6.2651 -5.85 -9.5629 8.9 -5.85 -8.9 7.1 -4.2 -7.1 5.8283 -7.3 -12.4826
5 24 28.41 -5.85 4.81 29.4884 -5.85 2.4665 30.74 -4.2 3.84 25.3 -7.5 6.1
5 24 -21 -8.8 -12 -16.7903 -7.7 -4.9088 -21 -7.8 -4.3 -13.8 -7.4 -5.8
5 24 -48 -8.8 18 -50.5 -9 26.5 -57 -8.8 15 -40 -8.8 23
5 24 -4.721 -5.85 -11.3259 -3.13 -5.85 -14.05 -6.4524 -7.3 -12.7914 -3 -4.2 -10.49
5 24 48.81 -5.85 -7.8144 45.5876 -5.85 -8.4955 46.7531 -4.2 -5.8338 48.7134 -7.3 -10.992
5 24 -47.1 -4.2 7.1 -49.1883 -5.85 5.6777 -48.9 -5.85 8.9 -47.2741 -4.2 4.0534
5 24 -9.32 -4.2 2.87 -11.4142 -5.85 1.0439 -11.71 -5.85 2.87 -8.9211 -4.2 .6838
5 24 -8.9211 -4.2 .6838 -9.32 -4.2 2.87 -6.92925 -2 2.87025 -11.4142 -5.85 1.0439
5 24 46.7531 -4.2 -5.8338 45.30325 -2 -5.30325 43.1349 -4.2 -7.2533 46.92925 -2 -2.87025
5 24 12.1786 -7.2 .6852 16.173 -7.5 5.4088 14.9 -7.5 6.1 16.7903 -7.7 -7.9915
5 24 -43.9692 -7.3 14.4361 -48 -8.8 18 -46.2693 -7.3 13.0736 -40 -7.5 18
5 24 21 -8.8 12 14.9 -7.5 6.1 16.173 -7.5 5.4088 10 -8.8 16
5 24 -1.7135 -5.85 11.1815 -3.5383 -7.3 11.9688 0 -5.85 14.04 -3.7782 -5.85 8.6634
5 24 -6.4703 -5.85 -8.8193 -4.721 -5.85 -11.3259 -6.4524 -7.3 -12.7914 -4.6966 -4.2 -7.9887
5 24 3.8235 -7.3 13.033 10 -8.8 16 0 -7.5 18.4 8.9058 -7.3 8.8373
5 24 -8.6209 -7.3 6.6716 -8.8214 -5.85 4.7336 -6.1621 -5.85 6.1788 -14.9 -7.5 2.87
5 24 -21 -7.8 -4.3 -21 -8.8 -12 -25.2097 -7.7 -4.9088 -16.7903 -7.7 -4.9088
5 24 39.94 -4.2 10.77 42.2572 -5.85 11.9711 39.88 -5.85 14.04 42.0243 -4.2 8.8261
5 24 40 -2 -7.5 43.1349 -4.2 -7.2533 42.87025 -2 -6.92925 39.6307 -4.2 -8.9382
5 24 55.6 -7.5 -9.8 48.7134 -7.3 -10.992 49 -8.8 -16 52.13 -5.85 -7.03
5 24 9 -8.8 -16 20 -9.1 -20 21 -8.8 -12 -3 -8.8 -22
5 24 -44.1279 -5.85 10.7645 -43.9692 -7.3 14.4361 -41.9638 -5.85 12.2886 -46.2693 -7.3 13.0736
5 24 10 -8.8 16 0 -8.8 23 20 -9.1 20 0 -7.5 18.4
5 24 -51.6194 -7.3 4.1881 -49.4587 -5.85 2.4915 -49.1883 -5.85 5.6777 -53.7685 -7.3 -2.5999
5 24 -62 -8.8 -10 -58 -8.8 3 -66 -9 0 -57.6 -7.5 -8.6
5 24 21 -7.8 -7 20 -7.8 4.8 16.7903 -7.7 -7.9915 25.2097 -7.7 -7.2261
5 24 -38.2189 -4.2 8.7867 -40 -4.2 10.65 -40 -2 7.5 -38.3848 -5.85 11.0552
5 24 21 -8.8 -12 11.3 -7.4 -11.3 9 -8.8 -16 16.7903 -7.7 -7.9915
5 24 66 -9 0 70 -8.55 0 66.5 -9 -10 66.5 -9 10
5 24 -24.327 -7.5 1.6088 -25.2097 -7.7 -4.9088 -20.5 -7.8 1 -27.6769 -7 .308
5 24 -30.4455 -5.5 -.8338 -30.86 -4.2 2.87 -31.6706 -4.2 .976 -28.65 -5.85 2.87
5 24 30 -8.8 -16 21 -8.8 -12 30.1 -7.4 -9.9 20 -9.1 -20
5 24 -50.13 -4.2 -4.59 -48.0422 -4.2 -5.733 -50.867 -5.85 -7.4926 -46.92925 -2 -2.87025
5 24 31.6216 -5.85 -2.655 33.0006 -4.2 -4.3758 32.3736 -4.2 -1.3373 31.6048 -5.85 -5.3452
5 24 42.3688 -7.3 -13.9254 49 -8.8 -16 48.7134 -7.3 -10.992 37 -7.5 -18.4
5 24 -20 -9.1 -20 -32 -8.8 -16 -43 -8.8 -23 -21 -8.8 -12
5 24 35.7956 -4.2 6.6998 38.002 -4.2 8.5986 37.12975 -2 6.92925 36.0436 -5.85 9.455
5 24 -50.5 -9 26.5 -60 -9.1 20 -60 -8.75 28 -66.5 -9 10
5 24 -3.3 -7.5 -18.8 -11 -8.8 -16 -3 -8.8 -22 -6.4524 -7.3 -12.7914
5 24 59.5 -8.8 0 61 -8.8 12 55.6 -7.5 9.4 66 -9 0
5 24 1.8273 -4.2 -8.1307 1.2528 -5.85 -11.0455 -.6643 -4.2 -9.1515 3.2911 -5.85 -9.9985
5 24 44.2112 -7.3 14.0408 49.6005 -7.3 10.9707 50 -8.8 16 44.1846 -5.85 10.1261
5 24 -20 -9.1 20 -31 -8.8 16 -21 -8.8 12 -40 -8.8 23
5 24 38.0172 -5.85 11.6225 38.002 -4.2 8.5986 39.94 -4.2 10.77 36.0436 -5.85 9.455
5 24 35.3255 -4.2 -8.4024 37.12975 -2 -6.92925 34.69675 -2 -5.30325 37.09 -4.2 -10.37
5 24 -47.1 -4.2 7.1 -47.2741 -4.2 4.0534 -49.1883 -5.85 5.6777 -45.30325 -2 5.30325
5 24 0 -9 26 20 -9.1 20 0 -8.8 23 40 -9 26
5 24 21 -8.8 12 20 -7.8 4.8 16.173 -7.5 5.4088 23.827 -7.5 5.4088
5 24 31.1494 -5.85 6.2728 28.41 -5.85 4.81 30.74 -4.2 3.84 31.1623 -7.3 8.8728
5 24 48.81 -5.85 -7.8144 52.13 -5.85 -7.03 49.53 -4.2 -4.95 48.7134 -7.3 -10.992
5 24 60 -9.1 20 66.5 -9 10 61 -8.8 12 68 -8.75 20
5 24 -51.8458 -7.3 -10.8367 -48.681 -5.85 -8.6892 -50.867 -5.85 -7.4926 -46.8658 -7.3 -14.4866
5 24 48.81 -5.85 -7.8144 46.7531 -4.2 -5.8338 49.53 -4.2 -4.95 45.5876 -5.85 -8.4955
5 24 -50.5 -9 -26.5 -60 -9.1 -20 -43 -8.8 -23 -60 -8.75 -28
5 24 42.0243 -4.2 8.8261 44.3441 -4.2 7.1694 42.87025 -2 6.92925 44.1846 -5.85 10.1261
5 24 -48.681 -5.85 -8.6892 -46.4473 -5.85 -10.3263 -46.1219 -4.2 -7.1403 -51.8458 -7.3 -10.8367
5 24 33.0006 -4.2 -4.3758 32.3736 -4.2 -1.3373 33.07075 -2 -2.87025 31.6216 -5.85 -2.655
5 24 -41.9638 -5.85 12.2886 -44.1279 -5.85 10.7645 -43.9692 -7.3 14.4361 -42.205 -4.2 9.1598
5 24 -8.99 -4.2 -3.75 -8.6224 -5.85 -6.7615 -11.05 -5.85 -4.63 -6.7044 -4.2 -5.7288
5 24 4.4303 -4.2 -7.4432 7.1 -4.2 -7.1 6.2651 -5.85 -9.5629 5.30325 -2 -5.30325
5 24 -32.9848 -4.2 4.3328 -34.0364 -5.85 6.3233 -31.4557 -5.85 4.706 -35.6852 -4.2 6.4629
5 24 -6.1621 -5.85 6.1788 -8.6209 -7.3 6.6716 -3.7782 -5.85 8.6634 -8.8214 -5.85 4.7336
5 24 11.71 -5.85 4.81 8.923 -5.85 6.2482 14.9 -7.5 6.1 9.32 -4.2 3.84
5 24 -27.6769 -7 .308 -25.2097 -7.7 -4.9088 -30.5534 -6.9 -5.4762 -24.327 -7.5 1.6088
5 24 30.74 -4.2 3.84 31.1494 -5.85 6.2728 33.3609 -4.2 5.1047 28.41 -5.85 4.81
5 24 44.3441 -4.2 7.1694 45.30325 -2 5.30325 46.8603 -4.2 5.8288 42.87025 -2 6.92925
5 24 28.2933 -7 1.2524 30.8359 -5.85 -.0357 29.4884 -5.85 2.4665 29.9304 -7 -4.2053
5 24 0 -4.2 10.77 1.9199 -5.85 11.6104 0 -5.85 14.04 1.9687 -4.2 8.5941
5 24 -51.6596 -5.85 -3.4255 -48.8039 -4.2 -1.8421 -50.13 -4.2 -4.59 -50.4385 -5.85 -.6033
5 24 -53.7685 -7.3 -2.5999 -58 -8.8 3 -57.6 -7.5 -8.6 -51.6194 -7.3 4.1881
5 24 0 -8.8 23 0 -9 26 20 -9.1 20 -20 -9.1 20
5 24 -66.5 -9 -10 -62 -8.8 -10 -60 -9.1 -20 -66 -9 0
5 24 50 -8.8 16 60 -9.1 20 50.5 -9 26.5 61 -8.8 12
5 24 -16.7903 -7.7 -4.9088 -16.673 -7.5 1.6088 -20.5 -7.8 1 -13.3705 -7.2 -2.2601
5 24 -13.3705 -7.2 -2.2601 -16.7903 -7.7 -4.9088 -13.7748 -7.2 -.4957 -13.8 -7.4 -5.8
5 24 -3 -8.8 -22 9 -8.8 -16 -3.3 -7.5 -18.8 0 -9 -26
5 24 49.1033 -4.2 1.5798 51.2211 -5.85 -.1197 51.6164 -5.85 3.3652 49.1028 -4.2 -1.699
5 24 -31.6706 -4.2 .976 -30.4455 -5.5 -.8338 -32.5 -2 0 -30.86 -4.2 2.87
5 24 31.6048 -5.85 -5.3452 31.94 -5.85 -8.06 33.32 -4.2 -6.68 29.9304 -7 -4.2053
5 24 -50.5 -9 26.5 -40 -8.8 23 -40 -9 26 -48 -8.8 18
5 24 20 -7.8 4.8 16.173 -7.5 5.4088 21 -8.8 12 16.7903 -7.7 -7.9915
5 24 42.0243 -4.2 8.8261 42.2572 -5.85 11.9711 44.1846 -5.85 10.1261 39.94 -4.2 10.77
5 24 -42.95 -5.85 -14.35 -39.9565 -6 -11.553 -42.91 -4.2 -10.64 -43 -7.5 -19.3
5 24 -8.6209 -7.3 6.6716 -3.5383 -7.3 11.9688 -10 -8.8 16 -6.1621 -5.85 6.1788
5 24 -42.205 -4.2 9.1598 -44.1279 -5.85 10.7645 -44.5855 -4.2 7.97 -41.9638 -5.85 12.2886
5 24 16.7903 -7.7 -7.9915 21 -7.8 -7 21 -8.8 -12 20 -7.8 4.8
5 24 -27.6769 -7 .308 -25.7 -7.5 2.87 -28.65 -5.85 2.87 -24.327 -7.5 1.6088
5 24 44.2112 -7.3 14.0408 42.2572 -5.85 11.9711 39.8 -7.5 18.4 44.1846 -5.85 10.1261
5 24 4.4303 -4.2 -7.4432 5.30325 -2 -5.30325 7.1 -4.2 -7.1 2.87025 -2 -6.92925
5 24 -46.8658 -7.3 -14.4866 -44.9035 -5.85 -12.2242 -46.4473 -5.85 -10.3263 -43 -7.5 -19.3
5 24 59.5 -8.8 0 55.6 -7.5 -9.8 60 -8.8 -13 54.0782 -7.3 -2.1536
5 24 31.6216 -5.85 -2.655 29.9304 -7 -4.2053 31.6048 -5.85 -5.3452 30.8359 -5.85 -.0357
5 24 37.12975 -2 6.92925 35.7956 -4.2 6.6998 34.69675 -2 5.30325 38.002 -4.2 8.5986
5 24 46.92925 -2 -2.87025 46.7531 -4.2 -5.8338 45.30325 -2 -5.30325 49.53 -4.2 -4.95
5 24 7.5 -2 0 7.8533 -4.2 -1.556 6.92925 -2 -2.87025 8.6048 -4.2 1.5519
5 24 49.1033 -4.2 1.5798 46.92925 -2 2.87025 49.53 -4.2 4.83 47.5 -2 0
5 24 -.6643 -4.2 -9.1515 -3 -4.2 -10.49 -.997 -5.85 -12.4048 -2.87025 -2 -6.92925
5 24 -42.205 -4.2 9.1598 -42.87025 -2 6.92925 -40 -2 7.5 -44.5855 -4.2 7.97
5 24 -47.8462 -4.2 1.0555 -46.92925 -2 2.87025 -47.5 -2 0 -47.2741 -4.2 4.0534
5 24 33.3609 -4.2 5.1047 35.7956 -4.2 6.6998 33.7087 -5.85 7.4745 34.69675 -2 5.30325
5 24 -43 -7.5 -19.3 -51 -8.8 -16 -43 -8.8 -23 -46.8658 -7.3 -14.4866
5 24 35.7385 -5.85 -11.6761 37.05 -5.85 -13.81 34.1092 -7.5 -13.6964 37.09 -4.2 -10.37
5 24 -53.7685 -7.3 -2.5999 -51.6596 -5.85 -3.4255 -57.6 -7.5 -8.6 -50.4385 -5.85 -.6033
5 24 23.827 -7.5 5.4088 28.2933 -7 1.2524 25.2097 -7.7 -7.2261 25.3 -7.5 6.1
5 24 -32.9848 -4.2 4.3328 -31.4557 -5.85 4.706 -30.86 -4.2 2.87 -34.0364 -5.85 6.3233
5 24 40 -2 7.5 38.002 -4.2 8.5986 37.12975 -2 6.92925 39.94 -4.2 10.77
5 24 33.7087 -5.85 7.4745 31.1494 -5.85 6.2728 33.3609 -4.2 5.1047 31.1623 -7.3 8.8728
5 24 40 -9 26 50.5 -9 26.5 40 -8.55 30 40 -8.8 23
5 24 60 -8.8 -13 60 -9.1 -20 66.5 -9 -10 49 -8.8 -16
5 24 -13.7748 -7.2 -.4957 -13.3705 -7.2 -2.2601 -10.8867 -5.85 -.8368 -16.673 -7.5 1.6088
5 24 -36.6239 -7.3 11.7536 -31.7463 -7.3 6.5926 -31 -8.8 16 -36.1394 -5.85 8.5485
5 24 10 -8.8 16 20 -9.1 20 0 -8.8 23 21 -8.8 12
5 24 4.204 -4.2 6.6922 6.6683 -4.2 5.0975 5.30325 -2 5.30325 6.3149 -5.85 7.5577
5 24 -32 -8.8 -16 -31.4 -7.3 -8.6 -21 -8.8 -12 -37.9035 -7.3 -13.1868
5 24 3.8235 -7.3 13.033 8.9058 -7.3 8.8373 10 -8.8 16 3.9327 -5.85 9.5243
5 24 49 -8.8 -16 40 -9 -26 38 -8.8 -22 50.5 -9 -26.5
5 24 21 -8.8 -12 20 -9.1 -20 9 -8.8 -16 30 -8.8 -16
5 24 -6.4524 -7.3 -12.7914 -6.4703 -5.85 -8.8193 -8.588 -7.3 -10.1451 -4.721 -5.85 -11.3259
5 24 31.94 -5.85 -8.06 33.8348 -5.85 -9.7481 33.32 -4.2 -6.68 30.1 -7.4 -9.9
5 24 49.3411 -5.85 7.7328 49.53 -4.2 4.83 46.8603 -4.2 5.8288 52.13 -5.85 6.7894
5 24 49 -8.8 -16 48.7134 -7.3 -10.992 42.3688 -7.3 -13.9254 55.6 -7.5 -9.8
5 24 -8.6209 -7.3 6.6716 -10 -8.8 16 -3.5383 -7.3 11.9688 -14.9 -7.5 2.87
5 24 -44.4016 -4.2 -8.7855 -46.1219 -4.2 -7.1403 -46.4473 -5.85 -10.3263 -45.30325 -2 -5.30325
5 24 25.2097 -7.7 -7.2261 23.827 -7.5 5.4088 28.2933 -7 1.2524 20 -7.8 4.8
5 24 23.827 -7.5 5.4088 20 -7.8 4.8 21 -8.8 12 25.2097 -7.7 -7.2261
5 24 42.5183 -5.85 -9.9146 45.5876 -5.85 -8.4955 42.3688 -7.3 -13.9254 43.1349 -4.2 -7.2533
5 24 -8.8214 -5.85 4.7336 -9.32 -4.2 2.87 -7.155 -4.2 4.3523 -11.71 -5.85 2.87
5 24 30.1 -7.4 -9.9 21 -8.8 -12 25.2097 -7.7 -7.2261 30 -8.8 -16
5 24 31.5224 -4.2 1.6475 29.4884 -5.85 2.4665 30.74 -4.2 3.84 30.8359 -5.85 -.0357
5 24 44.3441 -4.2 7.1694 46.8603 -4.2 5.8288 45.30325 -2 5.30325 46.6768 -5.85 8.7064
5 24 51.6141 -5.85 -3.6051 51.2211 -5.85 -.1197 54.0782 -7.3 -2.1536 49.1028 -4.2 -1.699
5 24 3.2911 -5.85 -9.9985 5.8283 -7.3 -12.4826 6.2651 -5.85 -9.5629 1.2528 -5.85 -11.0455
5 24 48.7134 -7.3 -10.992 42.3688 -7.3 -13.9254 45.5876 -5.85 -8.4955 49 -8.8 -16
5 24 10.6573 -5.85 2.2635 9.5055 -5.85 -.4275 8.6048 -4.2 1.5519 12.1786 -7.2 .6852
5 24 20 -9.1 20 21 -8.8 12 10 -8.8 16 32 -8.8 16
5 24 44.3441 -4.2 7.1694 46.6768 -5.85 8.7064 46.8603 -4.2 5.8288 44.1846 -5.85 10.1261
5 24 20 -9.1 20 40 -9 26 0 -9 26 40 -8.8 23
5 24 -38.2189 -4.2 8.7867 -37.12975 -2 6.92925 -40 -2 7.5 -35.6852 -4.2 6.4629
5 24 -51 -8.8 -16 -43 -8.8 -23 -43 -7.5 -19.3 -60 -9.1 -20
5 24 -31.4 -7.3 -8.6 -21 -8.8 -12 -32 -8.8 -16 -30.5534 -6.9 -5.4762
5 24 31.1494 -5.85 6.2728 33.3609 -4.2 5.1047 33.7087 -5.85 7.4745 30.74 -4.2 3.84
5 24 33.32 -4.2 -6.68 33.8348 -5.85 -9.7481 31.94 -5.85 -8.06 35.3255 -4.2 -8.4024
5 24 5.8283 -7.3 -12.4826 6.2651 -5.85 -9.5629 3.2911 -5.85 -9.9985 11.3 -7.4 -11.3
5 24 -31.8105 -5.5 -3.7282 -33.07075 -2 -2.87025 -34.69675 -2 -5.30325 -32.5 -2 0
5 24 -40 -7.5 18 -31 -8.8 16 -36.6239 -7.3 11.7536 -40 -8.8 23
5 24 44.1846 -5.85 10.1261 44.2112 -7.3 14.0408 46.6768 -5.85 8.7064 42.2572 -5.85 11.9711
5 24 48.7134 -7.3 -10.992 48.81 -5.85 -7.8144 45.5876 -5.85 -8.4955 55.6 -7.5 -9.8
5 24 28.2933 -7 1.2524 25.3 -7.5 6.1 29.4884 -5.85 2.4665 23.827 -7.5 5.4088
5 24 -39.9565 -6 -11.553 -40 -2 -7.5 -42.87025 -2 -6.92925 -37.12975 -2 -6.92925
5 24 -5.30325 -2 5.30325 -4.4035 -4.2 6.5148 -2.87025 -2 6.92925 -7.155 -4.2 4.3523
5 24 7.8533 -4.2 -1.556 9.0145 -5.85 -3.2173 7.1481 -4.2 -4.7123 9.5055 -5.85 -.4275
5 24 10.9505 -7.1 -5.2499 16.7903 -7.7 -7.9915 12.1786 -7.2 .6852 11.3 -7.4 -11.3
5 24 46.7531 -4.2 -5.8338 43.1349 -4.2 -7.2533 45.5876 -5.85 -8.4955 45.30325 -2 -5.30325
5 24 31.5224 -4.2 1.6475 33.07075 -2 2.87025 30.74 -4.2 3.84 32.5 -2 0
5 24 -9.32 -4.2 2.87 -7.155 -4.2 4.3523 -8.8214 -5.85 4.7336 -6.92925 -2 2.87025
5 24 7.1 -4.2 -7.1 6.2651 -5.85 -9.5629 8.9 -5.85 -8.9 4.4303 -4.2 -7.4432
5 24 33.3609 -4.2 5.1047 33.07075 -2 2.87025 30.74 -4.2 3.84 34.69675 -2 5.30325
5 24 -6.7044 -4.2 -5.7288 -6.4703 -5.85 -8.8193 -4.6966 -4.2 -7.9887 -8.6224 -5.85 -6.7615
5 24 -42.205 -4.2 9.1598 -41.9638 -5.85 12.2886 -44.1279 -5.85 10.7645 -40 -4.2 10.65
5 24 -31.4557 -5.85 4.706 -30.86 -4.2 2.87 -28.65 -5.85 2.87 -32.9848 -4.2 4.3328
5 24 -8.588 -7.3 -10.1451 -13.8 -7.4 -5.8 -8.6224 -5.85 -6.7615 -11 -8.8 -16
5 24 3.2911 -5.85 -9.9985 4.4303 -4.2 -7.4432 6.2651 -5.85 -9.5629 1.8273 -4.2 -8.1307
5 24 -30.4455 -5.5 -.8338 -28.65 -5.85 2.87 -27.6769 -7 .308 -30.86 -4.2 2.87
5 24 51.6164 -5.85 3.3652 52.13 -5.85 6.7894 49.53 -4.2 4.83 54.0799 -7.3 1.7536
5 24 -43.9692 -7.3 14.4361 -40 -7.5 18 -48 -8.8 18 -41.9638 -5.85 12.2886
5 24 -11.71 -5.85 2.87 -11.4142 -5.85 1.0439 -14.9 -7.5 2.87 -9.32 -4.2 2.87
5 24 -40 -8.8 23 -40 -9 26 -50.5 -9 26.5 -20 -9.1 20
5 24 -31.4557 -5.85 4.706 -31.7463 -7.3 6.5926 -34.0364 -5.85 6.3233 -28.65 -5.85 2.87
5 24 -4.6966 -4.2 -7.9887 -6.7044 -4.2 -5.7288 -6.4703 -5.85 -8.8193 -5.30325 -2 -5.30325
5 24 33.32 -4.2 -6.68 31.6048 -5.85 -5.3452 33.0006 -4.2 -4.3758 31.94 -5.85 -8.06
5 24 -40 -9 -26 -50.5 -9 -26.5 -40 -8.55 -30 -43 -8.8 -23
5 24 34.1092 -7.5 -13.6964 30 -8.8 -16 37 -7.5 -18.4 30.1 -7.4 -9.9
5 24 -7.155 -4.2 4.3523 -4.4035 -4.2 6.5148 -5.30325 -2 5.30325 -6.1621 -5.85 6.1788
5 24 -46.1219 -4.2 -7.1403 -48.0422 -4.2 -5.733 -48.681 -5.85 -8.6892 -45.30325 -2 -5.30325
5 24 -48.0422 -4.2 -5.733 -48.681 -5.85 -8.6892 -50.867 -5.85 -7.4926 -46.1219 -4.2 -7.1403
5 24 39.6568 -5.85 -11.9054 39.6307 -4.2 -8.9382 37.09 -4.2 -10.37 42.5183 -5.85 -9.9146
5 24 33.07075 -2 -2.87025 32.3736 -4.2 -1.3373 32.5 -2 0 33.0006 -4.2 -4.3758
5 24 -3.5383 -7.3 11.9688 0 -7.5 18.4 -10 -8.8 16 -1.7135 -5.85 11.1815
5 24 42.0243 -4.2 8.8261 42.87025 -2 6.92925 44.3441 -4.2 7.1694 40 -2 7.5
5 24 -40 -8.8 23 -40 -7.5 18 -48 -8.8 18 -31 -8.8 16
5 24 -40 -8.8 23 -20 -9.1 20 -40 -9 26 -31 -8.8 16
5 24 52.13 -5.85 -7.03 51.6141 -5.85 -3.6051 55.6 -7.5 -9.8 49.53 -4.2 -4.95
5 24 29.9304 -7 -4.2053 28.2933 -7 1.2524 25.2097 -7.7 -7.2261 31.6216 -5.85 -2.655
5 24 16.173 -7.5 5.4088 21 -8.8 12 20 -7.8 4.8 14.9 -7.5 6.1
5 24 -31.8105 -5.5 -3.7282 -32.72 -5.85 -7.28 -30.5534 -6.9 -5.4762 -33.71 -4.2 -6.29
5 24 -49.1883 -5.85 5.6777 -51.6194 -7.3 4.1881 -48.9 -5.85 8.9 -49.4587 -5.85 2.4915
5 24 .8481 -7.3 -15.0407 9 -8.8 -16 5.8283 -7.3 -12.4826 -3.3 -7.5 -18.8
5 24 -66 -9 0 -70 -8.55 0 -66.5 -9 -10 -66.5 -9 10
5 24 49.3411 -5.85 7.7328 49.6005 -7.3 10.9707 46.6768 -5.85 8.7064 52.13 -5.85 6.7894
5 24 -4.6966 -4.2 -7.9887 -5.30325 -2 -5.30325 -6.7044 -4.2 -5.7288 -2.87025 -2 -6.92925
5 24 -32.9848 -4.2 4.3328 -30.86 -4.2 2.87 -31.4557 -5.85 4.706 -33.07075 -2 2.87025
5 24 -25.2097 -7.7 -4.9088 -20.5 -7.8 1 -24.327 -7.5 1.6088 -21 -7.8 -4.3
5 24 -60 -9.1 -20 -51 -8.8 -16 -62 -8.8 -10 -50.5 -9 -26.5
5 24 -8.99 -4.2 -3.75 -6.7044 -4.2 -5.7288 -6.92925 -2 -2.87025 -8.6224 -5.85 -6.7615
5 24 9 -8.8 -16 5.8283 -7.3 -12.4826 11.3 -7.4 -11.3 .8481 -7.3 -15.0407
5 24 25.2097 -7.7 -7.2261 21 -7.8 -7 21 -8.8 -12 20 -7.8 4.8
5 24 50 -8.8 16 55.6 -7.5 9.4 61 -8.8 12 49.6005 -7.3 10.9707
5 24 59.5 -8.8 0 54.0799 -7.3 1.7536 54.0782 -7.3 -2.1536 55.6 -7.5 9.4
5 24 50.5 -9 -26.5 60 -9.1 -20 49 -8.8 -16 60 -8.75 -28
5 24 39.6307 -4.2 -8.9382 37.09 -4.2 -10.37 37.12975 -2 -6.92925 39.6568 -5.85 -11.9054
5 24 37.05 -5.85 -13.81 39.6568 -5.85 -11.9054 37.09 -4.2 -10.37 37 -7.5 -18.4
5 24 4.4303 -4.2 -7.4432 1.8273 -4.2 -8.1307 2.87025 -2 -6.92925 3.2911 -5.85 -9.9985
5 24 -51 -8.8 -16 -46.8658 -7.3 -14.4866 -43 -7.5 -19.3 -51.8458 -7.3 -10.8367
5 24 -37.12975 -2 6.92925 -35.6852 -4.2 6.4629 -38.2189 -4.2 8.7867 -34.69675 -2 5.30325
5 24 32 -8.8 16 25.3 -7.5 6.1 21 -8.8 12 31.1623 -7.3 8.8728
5 24 46.92925 -2 -2.87025 49.1028 -4.2 -1.699 47.5 -2 0 49.53 -4.2 -4.95
5 24 -47.2741 -4.2 4.0534 -45.30325 -2 5.30325 -46.92925 -2 2.87025 -47.1 -4.2 7.1
5 24 -39.9565 -6 -11.553 -36.4283 -5.85 -9.1832 -37.12975 -2 -6.92925 -37.9035 -7.3 -13.1868
5 24 35.3255 -4.2 -8.4024 33.8348 -5.85 -9.7481 35.7385 -5.85 -11.6761 33.32 -4.2 -6.68
5 24 9.32 -4.2 3.84 8.923 -5.85 6.2482 6.6683 -4.2 5.0975 11.71 -5.85 4.81
5 24 -48.9 -5.85 8.9 -49.1883 -5.85 5.6777 -51.3 -7.5 11.3 -47.1 -4.2 7.1
5 24 51.6164 -5.85 3.3652 49.1033 -4.2 1.5798 49.53 -4.2 4.83 51.2211 -5.85 -.1197
5 24 -10.8867 -5.85 -.8368 -8.9211 -4.2 .6838 -11.4142 -5.85 1.0439 -8.8108 -4.2 -1.5356
5 24 -38.2189 -4.2 8.7867 -35.6852 -4.2 6.4629 -37.12975 -2 6.92925 -36.1394 -5.85 8.5485
5 24 -6.92925 -2 2.87025 -8.9211 -4.2 .6838 -7.5 -2 0 -9.32 -4.2 2.87
5 24 -40 -2 7.5 -38.2189 -4.2 8.7867 -40 -4.2 10.65 -37.12975 -2 6.92925
5 24 61 -8.8 12 60 -9.1 20 66.5 -9 10 50 -8.8 16
5 24 -31 -8.8 16 -31.7463 -7.3 6.5926 -21 -8.8 12 -36.6239 -7.3 11.7536
5 24 -8.9211 -4.2 .6838 -7.5 -2 0 -8.8108 -4.2 -1.5356 -6.92925 -2 2.87025
5 24 7.1481 -4.2 -4.7123 5.30325 -2 -5.30325 7.1 -4.2 -7.1 6.92925 -2 -2.87025
5 24 0 -7.5 18.4 10 -8.8 16 3.8235 -7.3 13.033 0 -8.8 23
5 24 9.5055 -5.85 -.4275 12.1786 -7.2 .6852 9.0145 -5.85 -3.2173 10.6573 -5.85 2.2635
5 24 -48 -8.8 18 -40 -8.8 23 -50.5 -9 26.5 -40 -7.5 18
5 24 -11 -8.8 -16 -8.588 -7.3 -10.1451 -13.8 -7.4 -5.8 -6.4524 -7.3 -12.7914
5 24 -4.4035 -4.2 6.5148 -2.87025 -2 6.92925 -1.8193 -4.2 8.8765 -5.30325 -2 5.30325
5 24 -39.9565 -6 -11.553 -42.91 -4.2 -10.64 -42.95 -5.85 -14.35 -42.87025 -2 -6.92925
5 24 38.002 -4.2 8.5986 39.94 -4.2 10.77 40 -2 7.5 38.0172 -5.85 11.6225
5 24 31.6048 -5.85 -5.3452 33.0006 -4.2 -4.3758 33.32 -4.2 -6.68 31.6216 -5.85 -2.655
5 24 -38.3848 -5.85 11.0552 -40 -5.85 13.8 -36.6239 -7.3 11.7536 -40 -4.2 10.65
5 24 8.9058 -7.3 8.8373 6.3149 -5.85 7.5577 3.8235 -7.3 13.033 8.923 -5.85 6.2482
5 24 -32 -8.8 -16 -21 -8.8 -12 -31.4 -7.3 -8.6 -20 -9.1 -20
5 24 43.1349 -4.2 -7.2533 42.87025 -2 -6.92925 40 -2 -7.5 45.30325 -2 -5.30325
5 24 -39.9565 -6 -11.553 -37.9035 -7.3 -13.1868 -42.95 -5.85 -14.35 -36.4283 -5.85 -9.1832
5 24 -35.6852 -4.2 6.4629 -34.69675 -2 5.30325 -37.12975 -2 6.92925 -32.9848 -4.2 4.3328
5 24 54.0799 -7.3 1.7536 51.6164 -5.85 3.3652 51.2211 -5.85 -.1197 55.6 -7.5 9.4
5 24 -47.2741 -4.2 4.0534 -49.4587 -5.85 2.4915 -47.8462 -4.2 1.0555 -49.1883 -5.85 5.6777
5 24 -47.5 -2 0 -47.8462 -4.2 1.0555 -48.8039 -4.2 -1.8421 -46.92925 -2 2.87025
5 24 50 -8.8 16 61 -8.8 12 55.6 -7.5 9.4 60 -9.1 20
5 24 37.09 -4.2 -10.37 39.6568 -5.85 -11.9054 37.05 -5.85 -13.81 39.6307 -4.2 -8.9382
5 24 1.9687 -4.2 8.594 0 -2 7.5 0 -4.2 10.77 2.87025 -2 6.92925
5 24 -49.4587 -5.85 2.4915 -49.1883 -5.85 5.6777 -47.2741 -4.2 4.0534 -51.6194 -7.3 4.1881
5 24 34.1092 -7.5 -13.6964 30.1 -7.4 -9.9 33.8348 -5.85 -9.7481 30 -8.8 -16
5 24 20 -7.8 4.8 16.7903 -7.7 -7.9915 21 -7.8 -7 16.173 -7.5 5.4088
5 24 38 -8.8 -22 30 -8.8 -16 37 -7.5 -18.4 20 -9.1 -20
5 24 -51.3 -7.5 11.3 -57 -8.8 15 -48 -8.8 18 -58 -8.8 3
5 24 -10 -8.8 16 0 -8.8 23 0 -7.5 18.4 -20 -9.1 20
5 24 -31.7463 -7.3 6.5926 -34.0364 -5.85 6.3233 -31.4557 -5.85 4.706 -36.6239 -7.3 11.7536
5 24 -31 -8.8 16 -36.6239 -7.3 11.7536 -40 -7.5 18 -31.7463 -7.3 6.5926
5 24 31.1623 -7.3 8.8728 36.1085 -7.3 13.0682 33.7087 -5.85 7.4745 32 -8.8 16
5 24 6.92925 -2 2.87025 8.6048 -4.2 1.5519 7.5 -2 0 9.32 -4.2 3.84
5 24 33.0006 -4.2 -4.3758 33.07075 -2 -2.87025 32.3736 -4.2 -1.3373 34.69675 -2 -5.30325
5 24 66 -9 0 59.5 -8.8 0 66.5 -9 10 60 -8.8 -13
5 24 .8481 -7.3 -15.0407 1.2528 -5.85 -11.0455 -.997 -5.85 -12.4048 5.8283 -7.3 -12.4826
5 24 39.8 -7.5 18.4 40 -8.8 23 32 -8.8 16 50 -8.8 16
5 24 29.4884 -5.85 2.4665 30.74 -4.2 3.84 31.5224 -4.2 1.6475 28.41 -5.85 4.81
5 24 2.87025 -2 6.92925 1.9687 -4.2 8.594 0 -2 7.5 4.204 -4.2 6.6922
5 24 -57 -8.8 15 -66.5 -9 10 -50.5 -9 26.5 -66 -9 0
5 24 48.81 -5.85 -7.8144 49.53 -4.2 -4.95 46.7531 -4.2 -5.8338 52.13 -5.85 -7.03
5 24 33.3609 -4.2 5.1047 30.74 -4.2 3.84 33.07075 -2 2.87025 31.1494 -5.85 6.2728
5 24 -46.8658 -7.3 -14.4866 -51.8458 -7.3 -10.8367 -51 -8.8 -16 -46.4473 -5.85 -10.3263
5 24 -6.1621 -5.85 6.1788 -8.8214 -5.85 4.7336 -8.6209 -7.3 6.6716 -7.155 -4.2 4.3523
5 24 9 -8.8 -16 -3.3 -7.5 -18.8 .8481 -7.3 -15.0407 -3 -8.8 -22
5 24 -3.3 -7.5 -18.8 -6.4524 -7.3 -12.7914 -3.13 -5.85 -14.05 -11 -8.8 -16
5 24 34.69675 -2 5.30325 33.3609 -4.2 5.1047 33.07075 -2 2.87025 35.7956 -4.2 6.6998
5 24 0 -2 -7.5 1.8273 -4.2 -8.1307 2.87025 -2 -6.92925 -.6643 -4.2 -9.1515
5 24 -31.4557 -5.85 4.706 -34.0364 -5.85 6.3233 -31.7463 -7.3 6.5926 -32.9848 -4.2 4.3328
5 24 49 -8.8 -16 38 -8.8 -22 40 -9 -26 37 -7.5 -18.4
5 24 49.53 -4.2 4.83 49.1033 -4.2 1.5798 51.6164 -5.85 3.3652 46.92925 -2 2.87025
5 24 -51.3 -7.5 11.3 -48 -8.8 18 -46.2693 -7.3 13.0736 -57 -8.8 15
5 24 9.0145 -5.85 -3.2173 9.5055 -5.85 -.4275 7.8533 -4.2 -1.556 10.9505 -7.1 -5.2499
5 24 -33.71 -4.2 -6.29 -36.4283 -5.85 -9.1832 -32.72 -5.85 -7.28 -34.69675 -2 -5.30325
5 24 8.923 -5.85 6.2482 6.3149 -5.85 7.5577 6.6683 -4.2 5.0975 8.9058 -7.3 8.8373
5 24 6.6683 -4.2 5.0975 8.923 -5.85 6.2482 9.32 -4.2 3.84 6.3149 -5.85 7.5577
5 24 -44.9035 -5.85 -12.2242 -44.4016 -4.2 -8.7855 -42.91 -4.2 -10.64 -46.4473 -5.85 -10.3263
5 24 54.0782 -7.3 -2.1536 54.0799 -7.3 1.7536 59.5 -8.8 0 51.2211 -5.85 -.1197
5 24 42.3688 -7.3 -13.9254 37 -7.5 -18.4 49 -8.8 -16 39.6568 -5.85 -11.9054
5 24 -8.6224 -5.85 -6.7615 -8.588 -7.3 -10.1451 -11.05 -5.85 -4.63 -6.4703 -5.85 -8.8193
5 24 .8481 -7.3 -15.0407 -3.3 -7.5 -18.8 9 -8.8 -16 -.997 -5.85 -12.4048
5 24 -7.5 -2 0 -8.8108 -4.2 -1.5356 -6.92925 -2 -2.87025 -8.9211 -4.2 .6838
5 24 0 -9 -26 20 -9.1 -20 40 -9 -26 9 -8.8 -16
5 24 45.5876 -5.85 -8.4955 43.1349 -4.2 -7.2533 46.7531 -4.2 -5.8338 42.5183 -5.85 -9.9146
5 24 49.53 -4.2 -4.95 46.7531 -4.2 -5.8338 48.81 -5.85 -7.8144 46.92925 -2 -2.87025
5 24 -36.4283 -5.85 -9.1832 -37.12975 -2 -6.92925 -34.69675 -2 -5.30325 -39.9565 -6 -11.553
5 24 -51 -8.8 -16 -62 -8.8 -10 -60 -9.1 -20 -57.6 -7.5 -8.6
5 24 -46.2693 -7.3 13.0736 -46.4533 -5.85 9.9657 -44.1279 -5.85 10.7645 -51.3 -7.5 11.3
5 24 -3.5383 -7.3 11.9688 -3.7782 -5.85 8.6634 -1.7135 -5.85 11.1815 -8.6209 -7.3 6.6716
5 24 -57 -8.8 15 -58 -8.8 3 -51.3 -7.5 11.3 -66.5 -9 10
5 24 -49.4587 -5.85 2.4915 -47.8462 -4.2 1.0555 -47.2741 -4.2 4.0534 -50.4385 -5.85 -.6033
5 24 -46.92925 -2 2.87025 -47.2741 -4.2 4.0534 -47.8462 -4.2 1.0555 -45.30325 -2 5.30325
5 24 30.1 -7.4 -9.9 29.9304 -7 -4.2053 31.94 -5.85 -8.06 25.2097 -7.7 -7.2261
5 24 -42.87025 -2 6.92925 -44.5855 -4.2 7.97 -45.30325 -2 5.30325 -42.205 -4.2 9.1598
5 24 16.7903 -7.7 -7.9915 12.1786 -7.2 .6852 10.9505 -7.1 -5.2499 16.173 -7.5 5.4088
5 24 49.53 -4.2 -4.95 51.6141 -5.85 -3.6051 52.13 -5.85 -7.03 49.1028 -4.2 -1.699
5 24 -58 -8.8 3 -51.6194 -7.3 4.1881 -51.3 -7.5 11.3 -53.7685 -7.3 -2.5999
5 24 35.7385 -5.85 -11.6761 37.09 -4.2 -10.37 35.3255 -4.2 -8.4024 37.05 -5.85 -13.81
5 24 29.9304 -7 -4.2053 31.6048 -5.85 -5.3452 31.6216 -5.85 -2.655 30.1 -7.4 -9.9
5 24 49 -8.8 -16 50.5 -9 -26.5 60 -9.1 -20 40 -9 -26
5 24 -66.5 -9 10 -66 -9 0 -70 -8.55 0 -58 -8.8 3
5 24 -3 -4.2 -10.49 -.997 -5.85 -12.4048 -3.13 -5.85 -14.05 -.6643 -4.2 -9.1515
5 24 14.9 -7.5 6.1 16.173 -7.5 5.4088 12.1786 -7.2 .6852 21 -8.8 12
5 24 -10 -8.8 16 -3.5383 -7.3 11.9688 0 -7.5 18.4 -8.6209 -7.3 6.6716
5 24 -57.6 -7.5 -8.6 -53.7685 -7.3 -2.5999 -53.33 -5.85 -6.31 -58 -8.8 3
5 24 -25.2097 -7.7 -4.9088 -21 -7.8 -4.3 -20.5 -7.8 1 -21 -8.8 -12
5 24 32.3736 -4.2 -1.3373 30.8359 -5.85 -.0357 31.5224 -4.2 1.6475 31.6216 -5.85 -2.655
5 24 -36.4283 -5.85 -9.1832 -31.4 -7.3 -8.6 -32.72 -5.85 -7.28 -37.9035 -7.3 -13.1868
5 24 -36.1394 -5.85 8.5485 -38.2189 -4.2 8.7867 -38.3848 -5.85 11.0552 -35.6852 -4.2 6.4629
5 24 66.5 -9 -10 66 -9 0 70 -8.55 0 59.5 -8.8 0
5 24 -51.6596 -5.85 -3.4255 -53.33 -5.85 -6.31 -53.7685 -7.3 -2.5999 -50.13 -4.2 -4.59
5 24 -50.4385 -5.85 -.6033 -53.7685 -7.3 -2.5999 -49.4587 -5.85 2.4915 -51.6596 -5.85 -3.4255
5 24 8.6048 -4.2 1.5519 10.6573 -5.85 2.2635 9.5055 -5.85 -.4275 9.32 -4.2 3.84
5 24 -.997 -5.85 -12.4048 .8481 -7.3 -15.0407 -3.13 -5.85 -14.05 1.2528 -5.85 -11.0455
5 24 46.8603 -4.2 5.8288 49.3411 -5.85 7.7328 49.53 -4.2 4.83 46.6768 -5.85 8.7064
5 24 0 -9 -26 -20 -9.1 -20 -3 -8.8 -22 -40 -9 -26
5 24 -6.7044 -4.2 -5.7288 -6.92925 -2 -2.87025 -8.99 -4.2 -3.75 -5.30325 -2 -5.30325
5 24 -21 -8.8 12 -20.5 -7.8 1 -16.673 -7.5 1.6088 -24.327 -7.5 1.6088
5 24 32 -8.8 16 31.1623 -7.3 8.8728 36.1085 -7.3 13.0682 25.3 -7.5 6.1
5 24 -21 -8.8 12 -31 -8.8 16 -20 -9.1 20 -31.7463 -7.3 6.5926
5 24 -3 -4.2 -10.49 -4.6966 -4.2 -7.9887 -2.87025 -2 -6.92925 -4.721 -5.85 -11.3259
5 24 6.6683 -4.2 5.0975 9.32 -4.2 3.84 8.923 -5.85 6.2482 6.92925 -2 2.87025
5 24 -40 -5.85 13.8 -41.9638 -5.85 12.2886 -40 -4.2 10.65 -40 -7.5 18
5 24 4.204 -4.2 6.6922 6.3149 -5.85 7.5577 3.9327 -5.85 9.5243 6.6683 -4.2 5.0975
5 24 -4.4035 -4.2 6.5148 -3.7782 -5.85 8.6634 -1.8193 -4.2 8.8765 -6.1621 -5.85 6.1788
5 24 -44.4016 -4.2 -8.7855 -42.91 -4.2 -10.64 -44.9035 -5.85 -12.2242 -42.87025 -2 -6.92925
5 24 -44.4016 -4.2 -8.7855 -45.30325 -2 -5.30325 -42.87025 -2 -6.92925 -46.1219 -4.2 -7.1403
5 24 -20.5 -7.8 1 -24.327 -7.5 1.6088 -21 -8.8 12 -25.2097 -7.7 -4.9088
5 24 54.0782 -7.3 -2.1536 59.5 -8.8 0 54.0799 -7.3 1.7536 55.6 -7.5 -9.8
5 24 -6.92925 -2 2.87025 -7.155 -4.2 4.3523 -5.30325 -2 5.30325 -9.32 -4.2 2.87
5 24 35.3255 -4.2 -8.4024 35.7385 -5.85 -11.6761 37.09 -4.2 -10.37 33.8348 -5.85 -9.7481
5 24 -62 -8.8 -10 -66 -9 0 -66.5 -9 -10 -58 -8.8 3
5 24 -48.0422 -4.2 -5.733 -45.30325 -2 -5.30325 -46.1219 -4.2 -7.1403 -46.92925 -2 -2.87025
5 24 -46.92925 -2 -2.87025 -48.8039 -4.2 -1.8421 -50.13 -4.2 -4.59 -47.5 -2 0
5 24 11.3 -7.4 -11.3 5.8283 -7.3 -12.4826 9 -8.8 -16 8.9 -5.85 -8.9
5 24 -40 -9 26 -50.5 -9 26.5 -40 -8.55 30 -40 -8.8 23
5 24 -2.87025 -2 -6.92925 -.6643 -4.2 -9.1515 0 -2 -7.5 -3 -4.2 -10.49
5 24 9.5055 -5.85 -.4275 7.8533 -4.2 -1.556 9.0145 -5.85 -3.2173 8.6048 -4.2 1.5519
5 24 42.5183 -5.85 -9.9146 39.6307 -4.2 -8.9382 39.6568 -5.85 -11.9054 43.1349 -4.2 -7.2533
5 24 34.69675 -2 -5.30325 33.0006 -4.2 -4.3758 33.07075 -2 -2.87025 33.32 -4.2 -6.68
5 24 49.6005 -7.3 10.9707 46.6768 -5.85 8.7064 49.3411 -5.85 7.7328 44.2112 -7.3 14.0408
5 24 8.6048 -4.2 1.5519 7.5 -2 0 7.8533 -4.2 -1.556 6.92925 -2 2.87025
5 24 37 -7.5 -18.4 30 -8.8 -16 38 -8.8 -22 34.1092 -7.5 -13.6964
5 24 -16.673 -7.5 1.6088 -21 -8.8 12 -20.5 -7.8 1 -14.9 -7.5 2.87
5 24 8.6048 -4.2 1.5519 7.8533 -4.2 -1.556 7.5 -2 0 9.5055 -5.85 -.4275
5 24 -4.721 -5.85 -11.3259 -4.6966 -4.2 -7.9887 -3 -4.2 -10.49 -6.4703 -5.85 -8.8193
5 24 50.5 -9 26.5 60 -9.1 20 50 -8.8 16 60 -8.75 28
5 24 -6.1621 -5.85 6.1788 -4.4035 -4.2 6.5148 -3.7782 -5.85 8.6634 -7.155 -4.2 4.3523
5 24 -43.9692 -7.3 14.4361 -46.2693 -7.3 13.0736 -44.1279 -5.85 10.7645 -48 -8.8 18
5 24 28.2933 -7 1.2524 25.2097 -7.7 -7.2261 29.9304 -7 -4.2053 23.827 -7.5 5.4088
5 24 -11.4142 -5.85 1.0439 -13.7748 -7.2 -.4957 -10.8867 -5.85 -.8368 -11.71 -5.85 2.87
5 24 -1.8193 -4.2 8.8765 -1.7135 -5.85 11.1815 0 -4.2 10.77 -3.7782 -5.85 8.6634
5 24 -47.2741 -4.2 4.0534 -49.1883 -5.85 5.6777 -47.1 -4.2 7.1 -49.4587 -5.85 2.4915
5 24 -21 -8.8 12 -10 -8.8 16 -14.9 -7.5 2.87 -20 -9.1 20
5 24 16.7903 -7.7 -7.9915 21 -8.8 -12 11.3 -7.4 -11.3 21 -7.8 -7
5 24 -48 -8.8 18 -46.2693 -7.3 13.0736 -51.3 -7.5 11.3 -43.9692 -7.3 14.4361
5 24 -11.4142 -5.85 1.0439 -10.8867 -5.85 -.8368 -8.9211 -4.2 .6838 -13.7748 -7.2 -.4957
5 24 -45.30325 -2 -5.30325 -46.1219 -4.2 -7.1403 -44.4016 -4.2 -8.7855 -48.0422 -4.2 -5.733
5 24 -46.92925 -2 -2.87025 -48.0422 -4.2 -5.733 -45.30325 -2 -5.30325 -50.13 -4.2 -4.59
5 24 -40 -2 7.5 -42.205 -4.2 9.1598 -40 -4.2 10.65 -42.87025 -2 6.92925
5 24 -58 -8.8 3 -51.3 -7.5 11.3 -51.6194 -7.3 4.1881 -57 -8.8 15
5 24 66.5 -9 -10 60 -8.8 -13 60 -9.1 -20 66 -9 0
5 24 -13.8 -7.4 -5.8 -13.3705 -7.2 -2.2601 -16.7903 -7.7 -4.9088 -11.05 -5.85 -4.63
5 24 -40 -4.2 10.65 -41.9638 -5.85 12.2886 -40 -5.85 13.8 -42.205 -4.2 9.1598
5 24 -14.9 -7.5 2.87 -16.673 -7.5 1.6088 -21 -8.8 12 -13.7748 -7.2 -.4957
5 24 6.2651 -5.85 -9.5629 4.4303 -4.2 -7.4432 7.1 -4.2 -7.1 3.2911 -5.85 -9.9985
5 24 40 -8.8 23 20 -9.1 20 40 -9 26 32 -8.8 16
5 24 7.8533 -4.2 -1.556 6.92925 -2 -2.87025 7.1481 -4.2 -4.7123 7.5 -2 0
5 24 42.2572 -5.85 11.9711 39.88 -5.85 14.04 39.94 -4.2 10.77 44.2112 -7.3 14.0408
5 24 -47.8462 -4.2 1.0555 -47.2741 -4.2 4.0534 -49.4587 -5.85 2.4915 -46.92925 -2 2.87025
5 24 11.3 -7.4 -11.3 9 -8.8 -16 5.8283 -7.3 -12.4826 21 -8.8 -12
5 24 60 -8.8 -13 59.5 -8.8 0 55.6 -7.5 -9.8 66.5 -9 -10
5 24 -36.6239 -7.3 11.7536 -38.3848 -5.85 11.0552 -40 -7.5 18 -36.1394 -5.85 8.5485
5 24 -43 -7.5 -19.3 -32 -8.8 -16 -43 -8.8 -23 -37.9035 -7.3 -13.1868
5 24 40 -8.8 23 50 -8.8 16 39.8 -7.5 18.4 50.5 -9 26.5
5 24 -8.8108 -4.2 -1.5356 -6.92925 -2 -2.87025 -8.99 -4.2 -3.75 -7.5 -2 0
5 24 32 -8.8 16 39.8 -7.5 18.4 40 -8.8 23 36.1085 -7.3 13.0682
5 24 55.6 -7.5 9.4 59.5 -8.8 0 61 -8.8 12 54.0799 -7.3 1.7536
5 24 -47.8462 -4.2 1.0555 -48.8039 -4.2 -1.8421 -50.4385 -5.85 -.6033 -47.5 -2 0
5 24 -6.4703 -5.85 -8.8193 -8.588 -7.3 -10.1451 -6.4524 -7.3 -12.7914 -8.6224 -5.85 -6.7615
5 24 40 -9 -26 50.5 -9 -26.5 49 -8.8 -16 40 -8.55 -30
5 24 0 -7.5 18.4 3.8235 -7.3 13.033 10 -8.8 16 0 -5.85 14.04
5 24 8.9058 -7.3 8.8373 14.9 -7.5 6.1 10 -8.8 16 8.923 -5.85 6.2482
5 24 3.2911 -5.85 -9.9985 6.2651 -5.85 -9.5629 5.8283 -7.3 -12.4826 4.4303 -4.2 -7.4432
5 24 -13.8 -7.4 -5.8 -11 -8.8 -16 -21 -8.8 -12 -8.588 -7.3 -10.1451
5 24 -60 -9.1 20 -66.5 -9 10 -68 -8.75 20 -57 -8.8 15
5 24 -6.4524 -7.3 -12.7914 -4.721 -5.85 -11.3259 -6.4703 -5.85 -8.8193 -3.3 -7.5 -18.8
5 24 -28.65 -5.85 2.87 -31.4557 -5.85 4.706 -25.7 -7.5 2.87 -30.86 -4.2 2.87
5 24 42.87025 -2 6.92925 44.3441 -4.2 7.1694 45.30325 -2 5.30325 42.0243 -4.2 8.8261
5 24 -32.5 -2 0 -31.8105 -5.5 -3.7282 -33.07075 -2 -2.87025 -30.4455 -5.5 -.8338
5 24 -30.4455 -5.5 -.8338 -27.6769 -7 .308 -31.8105 -5.5 -3.7282 -28.65 -5.85 2.87
5 24 -62 -8.8 -10 -60 -9.1 -20 -51 -8.8 -16 -66.5 -9 -10
5 24 -10.8867 -5.85 -.8368 -8.8108 -4.2 -1.5356 -11.0083 -5.85 -2.7389 -8.9211 -4.2 .6838
5 24 -53.7685 -7.3 -2.5999 -51.6194 -7.3 4.1881 -50.4385 -5.85 -.6033 -58 -8.8 3
5 24 -34.69675 -2 5.30325 -32.9848 -4.2 4.3328 -35.6852 -4.2 6.4629 -33.07075 -2 2.87025
5 24 -1.7135 -5.85 11.1815 -3.7782 -5.85 8.6634 -3.5383 -7.3 11.9688 -1.8193 -4.2 8.8765
5 24 -46.4533 -5.85 9.9657 -47.1 -4.2 7.1 -44.5855 -4.2 7.97 -48.9 -5.85 8.9
5 24 -41.9638 -5.85 12.2886 -43.9692 -7.3 14.4361 -44.1279 -5.85 10.7645 -40 -5.85 13.8
5 24 -33.07075 -2 2.87025 -32.9848 -4.2 4.3328 -30.86 -4.2 2.87 -34.69675 -2 5.30325
5 24 -44.1279 -5.85 10.7645 -44.5855 -4.2 7.97 -46.4533 -5.85 9.9657 -42.205 -4.2 9.1598
5 24 -31 -8.8 16 -40 -8.8 23 -20 -9.1 20 -40 -7.5 18
5 24 -31.8105 -5.5 -3.7282 -30.4455 -5.5 -.8338 -30.5534 -6.9 -5.4762 -32.5 -2 0
5 24 -13.3705 -7.2 -2.2601 -11.0083 -5.85 -2.7389 -13.8 -7.4 -5.8 -10.8867 -5.85 -.8368
5 24 38 -8.8 -22 40 -9 -26 49 -8.8 -16 20 -9.1 -20
5 24 49.3411 -5.85 7.7328 46.6768 -5.85 8.7064 49.6005 -7.3 10.9707 46.8603 -4.2 5.8288
5 24 51.2211 -5.85 -.1197 51.6164 -5.85 3.3652 49.1033 -4.2 1.5798 54.0799 -7.3 1.7536
5 24 -35.6852 -4.2 6.4629 -32.9848 -4.2 4.3328 -34.0364 -5.85 6.3233 -34.69675 -2 5.30325
5 24 -44.5855 -4.2 7.97 -45.30325 -2 5.30325 -47.1 -4.2 7.1 -42.87025 -2 6.92925
5 24 66.5 -9 10 66 -9 0 70 -8.55 0 61 -8.8 12
5 24 -20 -9.1 -20 -40 -9 -26 -43 -8.8 -23 0 -9 -26
5 24 49 -8.8 -16 60 -9.1 -20 50.5 -9 -26.5 60 -8.8 -13
5 24 -3.13 -5.85 -14.05 -.997 -5.85 -12.4048 -3.3 -7.5 -18.8 -3 -4.2 -10.49
5 24 40 -2 7.5 42.0243 -4.2 8.8261 42.87025 -2 6.92925 39.94 -4.2 10.77
5 24 49 -8.8 -16 37 -7.5 -18.4 38 -8.8 -22 42.3688 -7.3 -13.9254
5 24 -16.673 -7.5 1.6088 -13.7748 -7.2 -.4957 -14.9 -7.5 2.87 -16.7903 -7.7 -4.9088
5 24 -49.4587 -5.85 2.4915 -50.4385 -5.85 -.6033 -51.6194 -7.3 4.1881 -47.8462 -4.2 1.0555
5 24 1.8273 -4.2 -8.1307 2.87025 -2 -6.92925 4.4303 -4.2 -7.4432 0 -2 -7.5
5 24 -2.87025 -2 6.92925 -1.8193 -4.2 8.8765 0 -2 7.5 -4.4035 -4.2 6.5148
5 24 21 -8.8 12 32 -8.8 16 25.3 -7.5 6.1 20 -9.1 20
5 24 39.8 -7.5 18.4 50 -8.8 16 44.2112 -7.3 14.0408 40 -8.8 23
5 24 0 -8.8 23 0 -7.5 18.4 10 -8.8 16 -10 -8.8 16
5 24 37.09 -4.2 -10.37 35.3255 -4.2 -8.4024 35.7385 -5.85 -11.6761 37.12975 -2 -6.92925
5 24 45.30325 -2 -5.30325 43.1349 -4.2 -7.2533 42.87025 -2 -6.92925 46.7531 -4.2 -5.8338
5 24 -6.1621 -5.85 6.1788 -7.155 -4.2 4.3523 -8.8214 -5.85 4.7336 -4.4035 -4.2 6.5148
5 24 -37.9035 -7.3 -13.1868 -31.4 -7.3 -8.6 -36.4283 -5.85 -9.1832 -32 -8.8 -16
5 24 6.3149 -5.85 7.5577 3.9327 -5.85 9.5243 4.204 -4.2 6.6922 8.9058 -7.3 8.8373
5 24 30.8359 -5.85 -.0357 31.5224 -4.2 1.6475 32.3736 -4.2 -1.3373 29.4884 -5.85 2.4665
5 24 -34.69675 -2 -5.30325 -36.4283 -5.85 -9.1832 -33.71 -4.2 -6.29 -37.12975 -2 -6.92925
5 24 -14.9 -7.5 2.87 -8.6209 -7.3 6.6716 -11.71 -5.85 2.87 -10 -8.8 16
5 24 60 -9.1 -20 66.5 -9 -10 60 -8.8 -13 68 -8.75 -20
5 24 61 -8.8 12 66.5 -9 10 60 -9.1 20 59.5 -8.8 0
5 24 32 -8.8 16 20 -9.1 20 21 -8.8 12 40 -8.8 23
5 24 16.173 -7.5 5.4088 16.7903 -7.7 -7.9915 12.1786 -7.2 .6852 20 -7.8 4.8
5 24 -32.72 -5.85 -7.28 -36.4283 -5.85 -9.1832 -33.71 -4.2 -6.29 -31.4 -7.3 -8.6
5 24 30.8359 -5.85 -.0357 31.6216 -5.85 -2.655 32.3736 -4.2 -1.3373 28.2933 -7 1.2524
5 24 60 -8.8 -13 49 -8.8 -16 60 -9.1 -20 55.6 -7.5 -9.8
5 24 8.923 -5.85 6.2482 8.9058 -7.3 8.8373 11.71 -5.85 4.81 6.3149 -5.85 7.5577
5 24 32.5 -2 0 31.5224 -4.2 1.6475 33.07075 -2 2.87025 32.3736 -4.2 -1.3373
5 24 -40 -4.2 10.65 -42.205 -4.2 9.1598 -41.9638 -5.85 12.2886 -40 -2 7.5
5 24 38 -8.8 -22 20 -9.1 -20 30 -8.8 -16 40 -9 -26
5 24 -11 -8.8 -16 -21 -8.8 -12 -13.8 -7.4 -5.8 -20 -9.1 -20
5 24 16.7903 -7.7 -7.9915 11.3 -7.4 -11.3 21 -8.8 -12 10.9505 -7.1 -5.2499
5 24 0 -8.8 23 -20 -9.1 20 0 -9 26 -10 -8.8 16
5 24 38.0172 -5.85 11.6225 36.1085 -7.3 13.0682 36.0436 -5.85 9.455 39.88 -5.85 14.04
5 24 49.1028 -4.2 -1.699 47.5 -2 0 49.1033 -4.2 1.5798 46.92925 -2 -2.87025
5 24 44.3441 -4.2 7.1694 44.1846 -5.85 10.1261 46.6768 -5.85 8.7064 42.0243 -4.2 8.8261
5 24 30 -8.8 -16 20 -9.1 -20 38 -8.8 -22 21 -8.8 -12
5 24 29.4884 -5.85 2.4665 28.2933 -7 1.2524 30.8359 -5.85 -.0357 28.41 -5.85 4.81
5 24 -10 -8.8 16 0 -7.5 18.4 0 -8.8 23 -3.5383 -7.3 11.9688
5 24 39.88 -5.85 14.04 38.0172 -5.85 11.6225 39.94 -4.2 10.77 39.8 -7.5 18.4
5 24 1.2528 -5.85 -11.0455 3.2911 -5.85 -9.9985 1.8273 -4.2 -8.1307 .8481 -7.3 -15.0407
5 24 -66.5 -9 -10 -66 -9 0 -62 -8.8 -10 -70 -8.55 0
5 24 -3 -8.8 -22 -20 -9.1 -20 -11 -8.8 -16 0 -9 -26
5 24 -1.8193 -4.2 8.8765 0 -4.2 10.77 -1.7135 -5.85 11.1815 0 -2 7.5
5 24 -6.4524 -7.3 -12.7914 -11 -8.8 -16 -3.3 -7.5 -18.8 -8.588 -7.3 -10.1451
5 24 -31.6706 -4.2 .976 -33.07075 -2 2.87025 -30.86 -4.2 2.87 -32.5 -2 0
5 24 -20 -9.1 20 -21 -8.8 12 -31 -8.8 16 -10 -8.8 16
5 24 -57.6 -7.5 -8.6 -58 -8.8 3 -53.7685 -7.3 -2.5999 -62 -8.8 -10
5 24 52.13 -5.85 6.7894 49.3411 -5.85 7.7328 49.53 -4.2 4.83 55.6 -7.5 9.4
5 24 -21 -8.8 -12 -13.8 -7.4 -5.8 -11 -8.8 -16 -16.7903 -7.7 -4.9088
5 24 1.9199 -5.85 11.6104 0 -5.85 14.04 3.8235 -7.3 13.033 0 -4.2 10.77
5 24 -21 -8.8 12 -14.9 -7.5 2.87 -10 -8.8 16 -16.673 -7.5 1.6088
5 24 6.3149 -5.85 7.5577 6.6683 -4.2 5.0975 4.204 -4.2 6.6922 8.923 -5.85 6.2482
5 24 -44.5855 -4.2 7.97 -47.1 -4.2 7.1 -46.4533 -5.85 9.9657 -45.30325 -2 5.30325
5 24 -4.6966 -4.2 -7.9887 -6.4703 -5.85 -8.8193 -4.721 -5.85 -11.3259 -6.7044 -4.2 -5.7288
5 24 -8.8108 -4.2 -1.5356 -11.0083 -5.85 -2.7389 -10.8867 -5.85 -.8368 -8.99 -4.2 -3.75
5 24 36.1085 -7.3 13.0682 32 -8.8 16 39.8 -7.5 18.4 31.1623 -7.3 8.8728
5 24 -48.8039 -4.2 -1.8421 -50.13 -4.2 -4.59 -46.92925 -2 -2.87025 -51.6596 -5.85 -3.4255
5 24 46.8603 -4.2 5.8288 46.92925 -2 2.87025 49.53 -4.2 4.83 45.30325 -2 5.30325
5 24 -50.13 -4.2 -4.59 -51.6596 -5.85 -3.4255 -48.8039 -4.2 -1.8421 -53.33 -5.85 -6.31
5 24 51.2211 -5.85 -.1197 49.1028 -4.2 -1.699 49.1033 -4.2 1.5798 51.6141 -5.85 -3.6051
5 24 31.6216 -5.85 -2.655 32.3736 -4.2 -1.3373 30.8359 -5.85 -.0357 33.0006 -4.2 -4.3758
5 24 -8.588 -7.3 -10.1451 -6.4524 -7.3 -12.7914 -6.4703 -5.85 -8.8193 -11 -8.8 -16
5 24 30 -8.8 -16 30.1 -7.4 -9.9 21 -8.8 -12 34.1092 -7.5 -13.6964
5 24 1.2528 -5.85 -11.0455 -.997 -5.85 -12.4048 -.6643 -4.2 -9.1515 .8481 -7.3 -15.0407
5 24 42.2572 -5.85 11.9711 44.1846 -5.85 10.1261 42.0243 -4.2 8.8261 44.2112 -7.3 14.0408
5 24 6.92925 -2 -2.87025 7.1481 -4.2 -4.7123 5.30325 -2 -5.30325 7.8533 -4.2 -1.556
5 24 -37.9035 -7.3 -13.1868 -43 -7.5 -19.3 -32 -8.8 -16 -39.9565 -6 -11.553
5 24 -1.8193 -4.2 8.8765 0 -2 7.5 0 -4.2 10.77 -2.87025 -2 6.92925
5 24 49.1028 -4.2 -1.699 51.6141 -5.85 -3.6051 51.2211 -5.85 -.1197 49.53 -4.2 -4.95
5 24 -48.8039 -4.2 -1.8421 -50.4385 -5.85 -.6033 -47.8462 -4.2 1.0555 -51.6596 -5.85 -3.4255
5 24 21 -8.8 12 10 -8.8 16 20 -9.1 20 14.9 -7.5 6.1
5 24 -60 -9.1 -20 -66.5 -9 -10 -62 -8.8 -10 -68 -8.75 -20
5 24 9.32 -4.2 3.84 10.6573 -5.85 2.2635 8.6048 -4.2 1.5519 11.71 -5.85 4.81
5 24 -31.7463 -7.3 6.5926 -25.7 -7.5 2.87 -31.4557 -5.85 4.706 -21 -8.8 12
5 24 44.1846 -5.85 10.1261 42.0243 -4.2 8.8261 42.2572 -5.85 11.9711 44.3441 -4.2 7.1694
5 24 -36.4283 -5.85 -9.1832 -37.9035 -7.3 -13.1868 -39.9565 -6 -11.553 -31.4 -7.3 -8.6
5 24 39.6568 -5.85 -11.9054 42.5183 -5.85 -9.9146 42.3688 -7.3 -13.9254 39.6307 -4.2 -8.9382
5 24 -31.4 -7.3 -8.6 -30.5534 -6.9 -5.4762 -32.72 -5.85 -7.28 -21 -8.8 -12
5 24 -44.9035 -5.85 -12.2242 -46.4473 -5.85 -10.3263 -44.4016 -4.2 -8.7855 -46.8658 -7.3 -14.4866
5 24 37 -7.5 -18.4 34.1092 -7.5 -13.6964 37.05 -5.85 -13.81 30 -8.8 -16
5 24 46.8603 -4.2 5.8288 49.53 -4.2 4.83 49.3411 -5.85 7.7328 46.92925 -2 2.87025
5 24 12.1786 -7.2 .6852 10.9505 -7.1 -5.2499 16.7903 -7.7 -7.9915 9.5055 -5.85 -.4275
5 24 -50.867 -5.85 -7.4926 -51.8458 -7.3 -10.8367 -48.681 -5.85 -8.6892 -53.33 -5.85 -6.31
5 24 12.1786 -7.2 .6852 10.6573 -5.85 2.2635 14.9 -7.5 6.1 9.5055 -5.85 -.4275
5 24 -20.5 -7.8 1 -21 -7.8 -4.3 -16.7903 -7.7 -4.9088 -25.2097 -7.7 -4.9088
5 24 6.92925 -2 2.87025 6.6683 -4.2 5.0975 5.30325 -2 5.30325 9.32 -4.2 3.84
5 24 33.8348 -5.85 -9.7481 34.1092 -7.5 -13.6964 35.7385 -5.85 -11.6761 31.94 -5.85 -8.06
5 24 20 -9.1 -20 40 -9 -26 0 -9 -26 38 -8.8 -22
5 24 -53.33 -5.85 -6.31 -50.867 -5.85 -7.4926 -50.13 -4.2 -4.59 -57.6 -7.5 -8.6
5 24 -3 -4.2 -10.49 -4.721 -5.85 -11.3259 -4.6966 -4.2 -7.9887 -3.13 -5.85 -14.05
5 24 -16.7903 -7.7 -4.9088 -13.8 -7.4 -5.8 -13.3705 -7.2 -2.2601 -21 -8.8 -12
5 24 -36.1394 -5.85 8.5485 -36.6239 -7.3 11.7536 -34.0364 -5.85 6.3233 -38.3848 -5.85 11.0552
5 24 -6.7044 -4.2 -5.7288 -8.6224 -5.85 -6.7615 -8.99 -4.2 -3.75 -6.4703 -5.85 -8.8193
5 24 -21 -8.8 -12 -20 -9.1 -20 -32 -8.8 -16 -11 -8.8 -16
5 24 1.8273 -4.2 -8.1307 -.6643 -4.2 -9.1515 1.2528 -5.85 -11.0455 0 -2 -7.5
5 24 1.9199 -5.85 11.6104 1.9687 -4.2 8.594 0 -4.2 10.77 3.9327 -5.85 9.5243
5 24 -57 -8.8 15 -48 -8.8 18 -50.5 -9 26.5 -51.3 -7.5 11.3
5 24 -46.4473 -5.85 -10.3263 -46.8658 -7.3 -14.4866 -44.9035 -5.85 -12.2242 -48.681 -5.85 -8.6892
5 24 55.6 -7.5 9.4 61 -8.8 12 50 -8.8 16 59.5 -8.8 0
5 24 32.3736 -4.2 -1.3373 32.5 -2 0 31.5224 -4.2 1.6475 33.07075 -2 -2.87025
5 24 51.6141 -5.85 -3.6051 54.0782 -7.3 -2.1536 51.2211 -5.85 -.1197 52.13 -5.85 -7.03
5 24 -25.7 -7.5 2.87 -21 -8.8 12 -24.327 -7.5 1.6088 -31.7463 -7.3 6.5926
5 24 -10 -8.8 16 -20 -9.1 20 -21 -8.8 12 0 -8.8 23
5 24 1.2528 -5.85 -11.0455 -.6643 -4.2 -9.1515 1.8273 -4.2 -8.1307 -.997 -5.85 -12.4048
5 24 3.9327 -5.85 9.5243 4.204 -4.2 6.6922 6.3149 -5.85 7.5577 1.9687 -4.2 8.5941
5 24 42.3688 -7.3 -13.9254 42.5183 -5.85 -9.9146 39.6568 -5.85 -11.9054 48.7134 -7.3 -10.992
5 24 43.1349 -4.2 -7.2533 42.5183 -5.85 -9.9146 39.6307 -4.2 -8.9382 45.5876 -5.85 -8.4955
5 24 0 -9 26 -20 -9.1 20 -40 -9 26 0 -8.8 23
5 24 37 -7.5 -18.4 38 -8.8 -22 30 -8.8 -16 49 -8.8 -16
5 24 10 -8.8 16 14.9 -7.5 6.1 21 -8.8 12 8.9058 -7.3 8.8373
5 24 20 -9.1 20 0 -8.8 23 10 -8.8 16 0 -9 26
5 24 39.6307 -4.2 -8.9382 40 -2 -7.5 37.12975 -2 -6.92925 43.1349 -4.2 -7.2533
5 24 3.9327 -5.85 9.5243 1.9199 -5.85 11.6104 1.9687 -4.2 8.5941 3.8235 -7.3 13.033
5 24 34.1092 -7.5 -13.6964 35.7385 -5.85 -11.6761 37 -7.5 -18.4 33.8348 -5.85 -9.7481
5 24 -13.3705 -7.2 -2.2601 -10.8867 -5.85 -.8368 -11.0083 -5.85 -2.7389 -13.7748 -7.2 -.4957
5 24 29.9304 -7 -4.2053 25.2097 -7.7 -7.2261 30.1 -7.4 -9.9 28.2933 -7 1.2524
5 24 39.94 -4.2 10.77 42.0243 -4.2 8.8261 40 -2 7.5 42.2572 -5.85 11.9711
5 24 45.5876 -5.85 -8.4955 46.7531 -4.2 -5.8338 43.1349 -4.2 -7.2533 48.81 -5.85 -7.8144
5 24 30.8359 -5.85 -.0357 29.4884 -5.85 2.4665 31.5224 -4.2 1.6475 28.2933 -7 1.2524
5 24 -43 -7.5 -19.3 -46.8658 -7.3 -14.4866 -42.95 -5.85 -14.35 -51 -8.8 -16
5 24 21 -8.8 -12 25.2097 -7.7 -7.2261 21 -7.8 -7 30.1 -7.4 -9.9
5 24 -43 -8.8 -23 -43 -7.5 -19.3 -32 -8.8 -16 -51 -8.8 -16
5 24 8.6048 -4.2 1.5519 9.5055 -5.85 -.4275 7.8533 -4.2 -1.556 10.6573 -5.85 2.2635
5 24 -13.7748 -7.2 -.4957 -14.9 -7.5 2.87 -11.4142 -5.85 1.0439 -16.673 -7.5 1.6088
5 24 -16.7903 -7.7 -4.9088 -20.5 -7.8 1 -21 -7.8 -4.3 -16.673 -7.5 1.6088
5 24 -16.673 -7.5 1.6088 -20.5 -7.8 1 -16.7903 -7.7 -4.9088 -21 -8.8 12
5 24 -51.3 -7.5 11.3 -46.2693 -7.3 13.0736 -48.9 -5.85 8.9 -48 -8.8 18
5 24 -11.0083 -5.85 -2.7389 -11.05 -5.85 -4.63 -13.3705 -7.2 -2.2601 -8.99 -4.2 -3.75
5 24 43.1349 -4.2 -7.2533 39.6307 -4.2 -8.9382 40 -2 -7.5 42.5183 -5.85 -9.9146
5 24 -3.7782 -5.85 8.6634 -1.8193 -4.2 8.8765 -1.7135 -5.85 11.1815 -4.4035 -4.2 6.5148
5 24 33.7087 -5.85 7.4745 31.1623 -7.3 8.8728 31.1494 -5.85 6.2728 36.0436 -5.85 9.455
5 24 -33.71 -4.2 -6.29 -31.8105 -5.5 -3.7282 -34.69675 -2 -5.30325 -32.72 -5.85 -7.28
5 24 33.32 -4.2 -6.68 35.3255 -4.2 -8.4024 33.8348 -5.85 -9.7481 34.69675 -2 -5.30325
5 24 -50.5 -9 26.5 -57 -8.8 15 -48 -8.8 18 -60 -9.1 20
5 24 4.204 -4.2 6.6922 2.87025 -2 6.92925 1.9687 -4.2 8.594 5.30325 -2 5.30325
5 24 47.5 -2 0 49.1033 -4.2 1.5798 46.92925 -2 2.87025 49.1028 -4.2 -1.699
5 24 -38.3848 -5.85 11.0552 -36.1394 -5.85 8.5485 -38.2189 -4.2 8.7867 -36.6239 -7.3 11.7536
5 24 -44.5855 -4.2 7.97 -42.205 -4.2 9.1598 -44.1279 -5.85 10.7645 -42.87025 -2 6.92925
5 24 -32.5 -2 0 -30.4455 -5.5 -.8338 -31.8105 -5.5 -3.7282 -31.6706 -4.2 .976
5 24 -27.6769 -7 .308 -30.5534 -6.9 -5.4762 -25.2097 -7.7 -4.9088 -30.4455 -5.5 -.8338
5 24 31.6216 -5.85 -2.655 31.6048 -5.85 -5.3452 29.9304 -7 -4.2053 33.0006 -4.2 -4.3758
5 24 -40 -7.5 18 -36.6239 -7.3 11.7536 -40 -5.85 13.8 -31 -8.8 16
5 24 -11.0083 -5.85 -2.7389 -10.8867 -5.85 -.8368 -8.8108 -4.2 -1.5356 -13.3705 -7.2 -2.2601
5 24 -4.4035 -4.2 6.5148 -1.8193 -4.2 8.8765 -3.7782 -5.85 8.6634 -2.87025 -2 6.92925
5 24 -46.4533 -5.85 9.9657 -48.9 -5.85 8.9 -46.2693 -7.3 13.0736 -47.1 -4.2 7.1
5 24 10.6573 -5.85 2.2635 11.71 -5.85 4.81 12.1786 -7.2 .6852 9.32 -4.2 3.84
5 24 5.8283 -7.3 -12.4826 .8481 -7.3 -15.0407 3.2911 -5.85 -9.9985 9 -8.8 -16
5 24 -34.0364 -5.85 6.3233 -36.1394 -5.85 8.5485 -31.7463 -7.3 6.5926 -35.6852 -4.2 6.4629
5 24 36.0436 -5.85 9.455 38.002 -4.2 8.5986 38.0172 -5.85 11.6225 35.7956 -4.2 6.6998
5 24 -30.86 -4.2 2.87 -31.6706 -4.2 .976 -30.4455 -5.5 -.8338 -33.07075 -2 2.87025
5 24 36.1085 -7.3 13.0682 39.8 -7.5 18.4 38.0172 -5.85 11.6225 32 -8.8 16
5 24 -3.3 -7.5 -18.8 -3 -8.8 -22 9 -8.8 -16 -11 -8.8 -16
5 24 31.1623 -7.3 8.8728 31.1494 -5.85 6.2728 25.3 -7.5 6.1 33.7087 -5.85 7.4745
5 24 -50.867 -5.85 -7.4926 -50.13 -4.2 -4.59 -53.33 -5.85 -6.31 -48.0422 -4.2 -5.733
5 24 20 -7.8 4.8 25.2097 -7.7 -7.2261 21 -7.8 -7 23.827 -7.5 5.4088
5 24 7.1 -4.2 -7.1 7.1481 -4.2 -4.7123 8.9 -5.85 -8.9 5.30325 -2 -5.30325
5 24 7.1481 -4.2 -4.7123 9.0145 -5.85 -3.2173 7.1 -4.2 -7.1 7.8533 -4.2 -1.556
5 24 9.0145 -5.85 -3.2173 8.9 -5.85 -8.9 7.1481 -4.2 -4.7123 11.3 -7.4 -11.3
5 24 9.0145 -5.85 -3.2173 10.9505 -7.1 -5.2499 8.9 -5.85 -8.9 12.1786 -7.2 .6852
5 24 10.9505 -7.1 -5.2499 11.3 -7.4 -11.3 16.7903 -7.7 -7.9915 9.0145 -5.85 -3.2173