0 Tile  6 x  6 Round with Super Mario Logo Red Capital Letter "M" Pattern
0 Name: 7212p00.dat
0 Author: Gabriel Läufer [Dr.Bricktacular]
0 !LDRAW_ORG Unofficial_Part
0 !LICENSE Licensed under CC BY 4.0 : see CAreadme.txt

0 BFC CERTIFY CCW

0 !KEYWORDS Bricklink 7212pb001, Mario Kart - Mario & Standard Kart
0 !KEYWORDS Rebrickable 7212pr0001, Sculptures, Set 72037, Super Mario

0 // Pattern-Basepart
1 16 0 0 0 1 0 0 0 1 0 0 0 1 s\7212s01.dat

0 // Pattern
4 4 -23 0 40 -50.5 0 -14.5 -33.5 0 -28 -18 0 14.5
4 4 0 0 17.5 -23 0 40 -18 0 14.5 0 0 -6.5
4 4 0 0 17.5 0 0 -6.5 18 0 14.5 23 0 40
4 4 50.5 0 -14.5 23 0 40 18 0 14.5 33.5 0 -28
1 16 0 0 0 60 0 0 0 1 0 0 0 60 1-8chrd.dat
1 16 0 0 0 42.42641 0 -42.42641 0 1 0 42.42641 0 42.42641 1-8chrd.dat
1 16 0 0 0 0 0 -60 0 1 0 60 0 0 1-8chrd.dat
1 16 0 0 0 -42.42641 0 -42.42641 0 1 0 42.42641 0 -42.42641 1-8chrd.dat
1 16 0 0 0 -60 0 0 0 1 0 0 0 -60 1-8chrd.dat
1 16 0 0 0 -42.42641 0 42.42641 0 1 0 -42.42641 0 -42.42641 1-8chrd.dat
1 16 0 0 0 0 0 60 0 1 0 -60 0 0 1-8chrd.dat
1 16 0 0 0 42.42641 0 42.42641 0 1 0 -42.42641 0 42.42641 1-8chrd.dat
1 16 0 0 0 60 0 0 0 1 0 0 0 60 48\4-4aring.dat
4 16 -23 0 40 0 0 17.5 23 0 40 0 0 59.999
3 16 -18 0 14.5 -33.5 0 -28 0 0 -6.5
4 16 33.5 0 -28 0 0 -6.5 -33.5 0 -28 0 0 -59.999
3 16 18 0 14.5 0 0 -6.5 33.5 0 -28
3 16 0 0 59.999 23 0 40 42.426 0 42.426
4 16 42.426 0 42.426 23 0 40 50.5 0 -14.5 60 0 0
3 16 0 0 59.999 -42.426 0 42.426 -23 0 40
4 16 -50.5 0 -14.5 -23 0 40 -42.426 0 42.426 -59.999 0 0
4 16 33.5 0 -28 0 0 -59.999 42.426 0 -42.426 50.5 0 -14.5
3 16 60 0 0 50.5 0 -14.5 42.426 0 -42.426
4 16 -42.426 0 -42.426 0 0 -59.999 -33.5 0 -28 -50.5 0 -14.5
3 16 -59.999 0 0 -42.426 0 -42.426 -50.5 0 -14.5