0 Minifig Torso with Belt, Pouch, Knife, Scabbard and Earth Power Emblem Pattern
0 Name: 973p0z.dat
0 Author: Evert-Jan Boer [ejboer]
0 !LDRAW_ORG Unofficial_Part
0 !LICENSE Licensed under CC BY 4.0 : see CAreadme.txt

0 BFC CERTIFY CCW

0 !KEYWORDS Bricklink 973pb1917, Cole, Ninjago, Set 70747, Set 71207

1 16 0 0 0 1 0 0 0 1 0 0 0 1 s\973s01.dat
1 15 0 -4 0 4.243 0 -4.243 0 -8 0 -4.243 0 -4.243 1-4cyli.dat
1 484 0 0 10 1 0 0 0 1 0 0 0 1 s\973p0ys01.dat

4 272 11.8 14.75 -10 11.55 15.45 -10 12.65 15.05 -10 12.8 14.1 -10
4 272 12.8 14.1 -10 12.65 15.05 -10 13.8 14.4 -10 13.85 13.15 -10
4 272 13.85 13.15 -10 13.8 14.4 -10 14.7 13.8 -10 15.2 13.35 -10
3 272 14.9 12.15 -10 13.85 13.15 -10 15.2 13.35 -10
4 272 13.9 15.65 -10 13.35 16.1 -10 13.4 16.4 -10 14.45 15.85 -10
4 272 14.65 15.1 -10 13.9 15.65 -10 14.45 15.85 -10 15.25 15.4 -10
4 272 15.45 14.4 -10 14.65 15.1 -10 15.25 15.4 -10 15.6 15.1 -10
4 272 4.05 14.25 -10 4.9 14.7 -10 5.4 14 -10 5.15 12.75 -10
4 272 5.15 12.75 -10 5.4 14 -10 6.6 12.5 -10 6.65 10.8 -10
4 272 6.65 10.8 -10 6.6 12.5 -10 7.9 10.7 -10 7.55 9.5 -10
4 272 7.55 9.5 -10 7.9 10.7 -10 8.9 9.2 -10 8.3 8.2 -10
4 272 8.3 8.2 -10 8.9 9.2 -10 9.7 7.6 -10 9.05 6.7 -10
4 272 9.05 6.7 -10 9.7 7.6 -10 10.4 6.05 -10 9.8 4.85 -10
4 272 9.8 4.85 -10 10.4 6.05 -10 11.05 4.15 -10 10.3 3.2 -10
4 272 10.3 3.2 -10 11.05 4.15 -10 11.4 2.75 -10 10.55 2.1 -10
4 272 10.55 2.1 -10 11.4 2.75 -10 11.7 1.3 -10 10.7 1.3 -10
4 272 1.8 11 -10 1.8 12.8 -10 2.55 11.65 -10 2.5 10.15 -10
4 272 2.5 10.15 -10 2.55 11.65 -10 3.25 10.6 -10 3.2 9.05 -10
4 272 3.2 9.05 -10 3.25 10.6 -10 4.3 8.95 -10 3.95 7.8 -10
4 272 3.95 7.8 -10 4.3 8.95 -10 5.1 7.35 -10 4.65 6.25 -10
4 272 4.65 6.25 -10 5.1 7.35 -10 5.8 5.75 -10 5.2 4.65 -10
4 272 5.2 4.65 -10 5.8 5.75 -10 6.4 3.85 -10 5.65 2.9 -10
4 272 5.65 2.9 -10 6.4 3.85 -10 6.8 2.35 -10 6.05 1.15 -10
3 272 7 1.15 -10 6.05 1.15 -10 6.8 2.35 -10
4 272 1.75 17.55 -10 1.45 18 -10 2.05 18.35 -10 2.4 17.95 -10
4 272 2.15 17.25 -10 1.75 17.55 -10 2.4 17.95 -10 2.8 17.65 -10
4 272 -2.45 24.4 -10 -3.25 26 -10 -2.3 26 -10 -1.5 24.4 -10
4 272 -1.7 23 -10 -2.45 24.4 -10 -1.5 24.4 -10 -0.8 23.15 -10
4 272 -1.1 22.05 -10 -1.7 23 -10 -0.8 23.15 -10 -0.3 22.3 -10
4 272 -0.55 21.15 -10 -1.1 22.05 -10 -0.3 22.3 -10 0.1 21.6 -10
4 272 -5.8 22.95 -10 -5.45 23.4 -10 -4.8 23.1 -10 -5.25 21.85 -10
3 272 -4.8 23.1 -10 -5.45 23.4 -10 -5.15 23.95 -10
4 272 -5.25 21.85 -10 -4.8 23.1 -10 -4.25 21.9 -10 -4.7 20.9 -10
4 272 -4.7 20.9 -10 -4.25 21.9 -10 -3.7 20.95 -10 -4.3 20.3 -10
3 272 -4.3 20.3 -10 -3.7 20.95 -10 -3.35 20.35 -10
4 80 9.63785 13.15 -10 9.68064 12.93487 -10 8.69315 12.52584 -10 8.569 13.15 -10
4 80 9.68064 13.36513 -10 9.63785 13.15 -10 8.569 13.15 -10 8.69315 13.77416 -10
4 80 9.8025 13.5475 -10 9.68064 13.36513 -10 8.69315 13.77416 -10 9.04671 14.30329 -10
4 80 9.98487 13.66936 -10 9.8025 13.5475 -10 9.04671 14.30329 -10 9.57584 14.65685 -10
4 80 10.2 13.71215 -10 9.98487 13.66936 -10 9.57584 14.65685 -10 10.2 14.781 -10
4 80 10.41513 13.66936 -10 10.2 13.71215 -10 10.2 14.781 -10 10.82416 14.65685 -10
4 80 10.5975 13.5475 -10 10.41513 13.66936 -10 10.82416 14.65685 -10 11.35329 14.30329 -10
4 80 10.71936 13.36513 -10 10.5975 13.5475 -10 11.35329 14.30329 -10 11.70685 13.77416 -10
4 80 10.76215 13.15 -10 10.71936 13.36513 -10 11.70685 13.77416 -10 11.831 13.15 -10
4 80 10.71936 12.93487 -10 10.76215 13.15 -10 11.831 13.15 -10 11.70685 12.52584 -10
4 80 10.5975 12.7525 -10 10.71936 12.93487 -10 11.70685 12.52584 -10 11.35329 11.99671 -10
4 80 10.41513 12.63064 -10 10.5975 12.7525 -10 11.35329 11.99671 -10 10.82416 11.64315 -10
4 80 10.2 12.58785 -10 10.41513 12.63064 -10 10.82416 11.64315 -10 10.2 11.519 -10
4 80 9.98487 12.63064 -10 10.2 12.58785 -10 10.2 11.519 -10 9.57584 11.64315 -10
4 80 9.8025 12.7525 -10 9.98487 12.63064 -10 9.57584 11.64315 -10 9.04671 11.99671 -10
4 80 9.68064 12.93487 -10 9.8025 12.7525 -10 9.04671 11.99671 -10 8.69315 12.52584 -10
4 80 3.95 17.55 -10 3.65 17.55 -10 3.75 18.35 -10 4.3 18.6 -10
4 80 4.3 18.6 -10 3.75 18.35 -10 4.05 19.5 -10 4.55 19.25 -10
4 80 4.55 19.25 -10 4.05 19.5 -10 4.35 20.3 -10 4.95 20.05 -10
4 80 4.95 20.05 -10 4.35 20.3 -10 4.85 20.6 -10 5.4 20.5 -10
3 80 5.4 20.5 -10 4.85 20.6 -10 5.35 20.8 -10
4 80 8.85 22.55 -10 8.85 22.7 -10 9.45 23.05 -10 9.8 22.35 -10
4 80 9.8 22.35 -10 9.45 23.05 -10 10.05 23.4 -10 10.45 22.15 -10
4 80 10.45 22.15 -10 10.05 23.4 -10 10.6 23.7 -10 11.45 22.9 -10
4 80 11.4 21.75 -10 10.45 22.15 -10 11.45 22.9 -10 12.35 22 -10
4 80 12.35 21.1 -10 11.4 21.75 -10 12.35 22 -10 13.1 21.05 -10
4 80 13.15 20.4 -10 12.35 21.1 -10 13.1 21.05 -10 13.6 20.3 -10
4 80 13.85 19.65 -10 13.15 20.4 -10 13.6 20.3 -10 13.95 19.7 -10
4 80 4.65 17.45 -10 4.35 17.05 -10 4.15 17.1 -10 4.45 17.95 -10
4 80 5.2 18.1 -10 4.65 17.45 -10 4.45 17.95 -10 4.85 18.9 -10
4 80 5.7 18.65 -10 5.2 18.1 -10 4.85 18.9 -10 5.3 19.65 -10
4 80 6.25 19.05 -10 5.7 18.65 -10 5.3 19.65 -10 5.75 20.25 -10
4 80 7.05 19.5 -10 6.25 19.05 -10 5.75 20.25 -10 6.75 21.15 -10
4 80 7.6 19.8 -10 7.05 19.5 -10 6.75 21.15 -10 8.35 20.35 -10
3 80 8.35 20.35 -10 6.75 21.15 -10 8.15 21.3 -10
3 80 6.75 21.15 -10 8 22.15 -10 8.15 21.3 -10
4 80 8.7 20.5 -10 8.4 22.3 -10 8.95 22.05 -10 9.35 20.3 -10
4 80 9.35 20.3 -10 8.95 22.05 -10 9.5 21.85 -10 10.15 20.2 -10
4 80 10.15 20.2 -10 9.5 21.85 -10 10.3 21.65 -10 10.8 20.15 -10
4 80 10.8 20.15 -10 10.3 21.65 -10 10.95 21.4 -10 11.6 21.05 -10
4 80 11.7 19.95 -10 10.8 20.15 -10 11.6 21.05 -10 12.25 20.6 -10
4 80 12.45 19.7 -10 11.7 19.95 -10 12.25 20.6 -10 12.95 20 -10
4 80 13 19.4 -10 12.45 19.7 -10 12.95 20 -10 13.35 19.55 -10
4 80 13.35 19.2 -10 13 19.4 -10 13.35 19.55 -10 13.7 19.2 -10
4 80 6.6 25.45 -10 6.15 25.45 -10 6.35 25.85 -10 6.9 25.5 -10
4 80 7.15 25.75 -10 6.9 25.5 -10 6.35 25.85 -10 7.1 26.25 -10
4 80 7.1 26.25 -10 6.35 25.85 -10 6.55 26.5 -10 7 26.75 -10
4 80 7 26.75 -10 6.55 26.5 -10 6.6 27.05 -10 6.9 27.3 -10
4 80 6.9 27.3 -10 6.6 27.05 -10 6.55 27.8 -10 6.8 27.8 -10
4 80 7.3 27.1 -10 7.15 27.8 -10 7.4 27.8 -10 7.7 27.15 -10
4 80 7.5 26.1 -10 7.3 27.1 -10 7.7 27.15 -10 8 26.65 -10
4 80 7.9 26.25 -10 7.5 26.1 -10 8 26.65 -10 8.2 26.4 -10
4 484 2.2 14.15 -10 1.55 14 -10 1.45 14.65 -10 2.75 14.3 -10
4 484 2.75 14.3 -10 1.45 14.65 -10 2.6 15 -10 2.95 14.8 -10
3 484 2.75 14.3 -10 2.95 14.8 -10 3.2 14.55 -10
4 484 1.45 14.65 -10 1.4 15.35 -10 1.85 15.35 -10 2.6 15 -10
4 484 2.6 15.3 -10 2.6 15 -10 1.85 15.35 -10 1.8 15.6 -10
4 484 1.8 15.6 -10 1.25 15.9 -10 1.8 16.3 -10 2.6 15.3 -10
4 484 2.6 15.3 -10 1.8 16.3 -10 2.3 16.5 -10 2.75 16.6 -10
4 484 2.6 15.3 -10 2.75 16.6 -10 3.2 16.6 -10 3.3 16.15 -10
4 484 3.3 15.2 -10 2.6 15.3 -10 3.3 16.15 -10 3.55 15.85 -10
4 484 3.8 15.2 -10 3.3 15.2 -10 3.55 15.85 -10 3.9 15.7 -10
4 484 4.25 15.25 -10 3.8 15.2 -10 3.9 15.7 -10 4.3 15.75 -10
4 484 4.7 15.45 -10 4.25 15.25 -10 4.3 15.75 -10 5 15.7 -10
3 484 5 15.7 -10 4.3 15.75 -10 4.65 16 -10
4 484 5.35 16.25 -10 4.8 16.4 -10 5.1 16.95 -10 6 16.2 -10
4 484 6 16.2 -10 5.1 16.95 -10 6.45 17.1 -10 6.55 16.3 -10
3 484 6.55 16.3 -10 6.45 17.1 -10 7.05 16.55 -10
4 484 6.45 17.1 -10 5.1 16.95 -10 5.65 17.65 -10 6.2 18.2 -10
4 484 6.9 17.15 -10 6.45 17.1 -10 6.2 18.2 -10 6.7 18.6 -10
4 484 7.35 18.25 -10 6.9 17.15 -10 6.7 18.6 -10 7.3 18.95 -10
4 484 6.9 17.15 -10 7.35 18.25 -10 7.5 17.55 -10 7.25 17.15 -10
3 484 7.65 17 -10 7.25 17.15 -10 7.5 17.55 -10
4 484 9.25 15.25 -10 8.8 14.95 -10 7.85 19.2 -10 8.25 19.5 -10
4 484 9.25 15.25 -10 8.25 19.5 -10 8.75 19.65 -10 9.7 15.35 -10
4 484 9.7 15.35 -10 8.75 19.65 -10 9.25 19.7 -10 10.25 15.35 -10
4 484 10.25 15.35 -10 9.25 19.7 -10 9.8 19.6 -10 10.7 15.25 -10
4 484 10.7 18.45 -10 10.45 19.55 -10 11.35 19.35 -10 11.2 18.35 -10
4 484 11.2 18.35 -10 11.35 19.35 -10 12.05 19.1 -10 11.75 18.05 -10
4 484 11.75 18.05 -10 12.05 19.1 -10 12.7 18.75 -10 12.3 17.75 -10
4 484 12.7 17.7 -10 12.3 17.75 -10 12.7 18.75 -10 13.1 18.35 -10
3 484 12.7 17.7 -10 13.1 18.35 -10 13.35 17.75 -10
4 484 14.55 17.7 -10 14.05 17.95 -10 14.6 18.05 -10 14.9 17.65 -10
4 484 15.5 17.75 -10 14.9 17.65 -10 14.6 18.05 -10 15.25 18.3 -10
3 484 14.6 18.05 -10 14.9 18.35 -10 15.25 18.3 -10
4 484 15.25 18.3 -10 14.9 18.35 -10 14.95 18.75 -10 15.7 18.4 -10
4 484 16 19.7 -10 15.7 18.4 -10 14.95 18.75 -10 14.85 19.25 -10
4 484 14.85 19.25 -10 14.6 19.75 -10 15.15 19.85 -10 15.65 19.8 -10
3 484 14.85 19.25 -10 15.65 19.8 -10 16 19.7 -10
4 484 -16.7 20.35 -10 -16.85 21.05 -10 -16.7 21.4 -10 -16.45 20.3 -10
4 484 -16.15 20.4 -10 -16.45 20.3 -10 -16.7 21.4 -10 -16.4 21.35 -10
4 484 -16.15 20.4 -10 -16.4 21.35 -10 -16.15 21.2 -10 -14.6 19.85 -10
4 484 -14.7 20.6 -10 -14.6 19.85 -10 -16.15 21.2 -10 -14.85 21 -10
4 484 -15.2 21.35 -10 -14.85 21 -10 -16.15 21.2 -10 -16.05 21.95 -10
4 484 -15.95 19.7 -10 -16.15 20.4 -10 -14.6 19.85 -10 -15.7 19.15 -10
4 484 -15.7 19.15 -10 -14.6 19.85 -10 -14.55 18.95 -10 -14.75 18.65 -10
4 484 -15.3 18.7 -10 -15.7 19.15 -10 -14.75 18.65 -10 -14.85 18.3 -10
4 484 -14.55 18.95 -10 -14.6 19.85 -10 -14.25 19.85 -10 -14.3 18.2 -10
4 484 -14.3 18.2 -10 -14.25 19.85 -10 -13.25 17.9 -10 -14.1 17.65 -10
4 484 -14.1 17.65 -10 -13.25 17.9 -10 -13.55 17.5 -10 -13.9 17.2 -10
4 484 -13.05 18.5 -10 -13.25 17.9 -10 -14.25 19.85 -10 -13.05 19.1 -10
4 484 -13.2 19.6 -10 -13.05 19.1 -10 -14.25 19.85 -10 -13.55 20 -10
4 484 -13.9 20.3 -10 -13.55 20 -10 -14.25 19.85 -10 -14.2 20.4 -10
4 71 -5.6 1.75 -10 -5.95 2.5 -10 -5.95 2.75 -10 -5.8 2.85 -10
4 71 -4.7 1.9 -10 -5.6 1.75 -10 -5.8 2.85 -10 -4.85 2.95 -10
4 71 -3.45 2.2 -10 -4.7 1.9 -10 -4.85 2.95 -10 -4.25 3.15 -10
4 71 -2.2 2.6 -10 -3.45 2.2 -10 -4.25 3.15 -10 -3.4 3.7 -10
4 71 -0.85 3.05 -10 -2.2 2.6 -10 -3.4 3.7 -10 -1.25 5.2 -10
4 71 -0.85 3.05 -10 -1.25 5.2 -10 -0.4 4.45 -10 -0.05 3.4 -10
3 71 -0.05 3.4 -10 -0.4 4.45 -10 0.5 3.75 -10
4 71 4.75 3.5 -10 5 2.2 -10 3.9 2.7 -10 4.1 3.75 -10
4 71 4.1 3.75 -10 3.9 2.7 -10 2.55 3.4 -10 3.2 4.4 -10
4 71 3.2 4.4 -10 2.55 3.4 -10 1.3 4.2 -10 2.55 5 -10
4 71 2.55 5 -10 1.3 4.2 -10 0.3 4.9 -10 2.3 5.35 -10
4 71 2.3 5.35 -10 0.3 4.9 -10 -0.45 5.45 -10 2.25 5.6 -10
4 71 2.25 5.6 -10 -0.45 5.45 -10 -0.55 5.65 -10 -0.5 5.8 -10
4 71 2.25 5.6 -10 -0.5 5.8 -10 0.1 6.2 -10 2.35 5.75 -10
4 71 2.35 5.75 -10 0.1 6.2 -10 0.7 6.75 -10 3.05 7.55 -10
4 71 2.55 7.9 -10 3.05 7.55 -10 0.7 6.75 -10 1.1 7.4 -10
4 71 1.9 8.25 -10 2.55 7.9 -10 1.1 7.4 -10 1.3 8.1 -10
4 71 1.9 8.25 -10 1.3 8.1 -10 1.4 8.3 -10 1.55 8.35 -10
4 71 2.6 5.7 -10 2.35 5.75 -10 3.05 7.55 -10 3.35 7.2 -10
4 71 3.35 6.25 -10 2.6 5.7 -10 3.35 7.2 -10 3.55 6.75 -10
4 71 3.6 6.15 -10 3.35 6.25 -10 3.55 6.75 -10 3.7 6.3 -10
3 71 3.6 6.15 -10 3.7 6.3 -10 3.7 6.2 -10
4 71 2.6 5.7 -10 3.35 6.25 -10 3.55 5.9 -10 2.8 5.55 -10
4 71 2.95 5.45 -10 2.8 5.55 -10 3.55 5.9 -10 3.6 5.6 -10
4 71 3.3 5.4 -10 2.95 5.45 -10 3.6 5.6 -10 3.55 5.45 -10
4 71 1.8 8.95 -10 1.5 9.05 -10 1.6 9.5 -10 1.95 9.5 -10
3 71 1.95 9.5 -10 1.6 9.5 -10 1.65 9.9 -10
4 71 2.2 8.9 -10 1.8 8.95 -10 1.95 9.5 -10 2.3 9.05 -10
4 82 -12.9 27.45 -10 -13.35732 27.26057 -10 -13.395 27.45 -10 -13.35732 27.63943 -10
4 82 -12.9 27.45 -10 -13.35732 27.63943 -10 -13.25002 27.80002 -10 -13.08943 27.90732 -10
4 82 -12.9 27.45 -10 -13.08943 27.90732 -10 -12.9 27.945 -10 -12.71057 27.90732 -10
4 82 -12.9 27.45 -10 -12.71057 27.90732 -10 -12.54998 27.80002 -10 -12.44268 27.63943 -10
4 82 -12.9 27.45 -10 -12.44268 27.63943 -10 -12.405 27.45 -10 -12.44268 27.26057 -10
4 82 -12.9 27.45 -10 -12.44268 27.26057 -10 -12.54998 27.09998 -10 -12.71057 26.99268 -10
4 82 -12.9 27.45 -10 -12.71057 26.99268 -10 -12.9 26.955 -10 -13.08943 26.99268 -10
4 82 -12.9 27.45 -10 -13.08943 26.99268 -10 -13.25002 27.09998 -10 -13.35732 27.26057 -10
4 82 -13.1 23.4 -10 -13.15 23.6 -10 -13.05 23.75 -10 -12.9 23.35 -10
4 82 -12.1 23.5 -10 -12.9 23.35 -10 -13.05 23.75 -10 -12 23.95 -10
4 82 -11.5 23.6 -10 -12.1 23.5 -10 -12 23.95 -10 -10.9 24.1 -10
4 82 -10.85 23.7 -10 -11.5 23.6 -10 -10.9 24.1 -10 -10.65 23.8 -10
4 82 -10.6 23.95 -10 -10.65 23.8 -10 -10.9 24.1 -10 -10.7 24.05 -10
4 484 0.05 18.4 -10 -1.15 19.25 -10 -0.7 19.6 -10 -0.35 19.65 -10
4 484 0.05 18.4 -10 -0.35 19.65 -10 0.45 19.7 -10 0.95 18.45 -10
4 484 1.2 18.55 -10 0.95 18.45 -10 0.45 19.7 -10 1.2 19.65 -10
4 484 1.2 18.55 -10 1.2 19.65 -10 1.55 19.4 -10 1.65 18.9 -10
4 484 1.85 19.15 -10 1.65 18.9 -10 1.55 19.4 -10 1.8 19.3 -10
4 484 0.3 20.1 -10 -0.15 20.15 -10 0.25 20.7 -10 0.9 21.1 -10
4 484 0.45 19.95 -10 0.3 20.1 -10 0.9 21.1 -10 1.2 19.65 -10
3 484 1.2 19.65 -10 0.45 19.7 -10 0.45 19.95 -10
4 484 1.7 19.7 -10 1.2 19.65 -10 0.9 21.1 -10 2.25 19.8 -10
4 484 2.25 19.8 -10 0.9 21.1 -10 1.5 21.15 -10 2.2 21.1 -10
4 484 2.7 19.95 -10 2.25 19.8 -10 2.2 21.1 -10 2.95 20.9 -10
4 484 2.7 19.95 -10 2.95 20.9 -10 3.25 20.75 -10 3.3 20.25 -10
3 484 3.3 20.25 -10 3.25 20.75 -10 3.55 20.5 -10
4 484 2.95 20.9 -10 2.2 21.1 -10 2.25 21.4 -10 3.1 21.05 -10
4 484 2.2 22.2 -10 3.1 21.05 -10 2.25 21.4 -10 1.85 21.95 -10
4 484 1.85 21.95 -10 2.25 21.4 -10 1.9 21.5 -10 1.7 21.6 -10
3 484 1.7 21.6 -10 1.7 21.8 -10 1.85 21.95 -10
4 484 3.5 21.15 -10 3.1 21.05 -10 2.2 22.2 -10 2.8 22.45 -10
4 484 3.5 21.15 -10 2.8 22.45 -10 3.5 22.45 -10 4.05 21.1 -10
4 484 4.05 21.1 -10 3.5 22.45 -10 4.15 22.45 -10 4.4 21.15 -10
4 484 4.8 21.3 -10 4.4 21.15 -10 4.15 22.45 -10 4.9 22.1 -10
4 484 4.8 21.3 -10 4.9 22.1 -10 5.05 21.95 -10 5.2 21.55 -10
4 484 5.35 21.7 -10 5.2 21.55 -10 5.05 21.95 -10 5.4 21.85 -10
4 484 5 22.3 -10 4.9 22.1 -10 4.15 22.45 -10 4.15 22.7 -10
4 484 4.35 23.65 -10 5 22.3 -10 4.15 22.7 -10 3.95 23.4 -10
4 484 3.95 23.4 -10 4.15 22.7 -10 3.8 22.8 -10 3.7 23 -10
3 484 3.7 23 -10 3.75 23.2 -10 3.95 23.4 -10
4 484 5 22.3 -10 4.35 23.65 -10 4.9 23.7 -10 5.55 22.25 -10
4 484 5.55 22.25 -10 4.9 23.7 -10 5.55 23.6 -10 6.1 22.25 -10
4 484 6.65 22.35 -10 6.1 22.25 -10 5.55 23.6 -10 6.2 23.65 -10
4 484 6.65 22.35 -10 6.2 23.65 -10 6.8 23.25 -10 7 23 -10
4 484 7.15 22.55 -10 6.65 22.35 -10 7 23 -10 7.25 22.95 -10
3 484 7.15 22.55 -10 7.25 22.95 -10 7.45 22.8 -10
4 484 6.95 23.35 -10 6.8 23.25 -10 6.2 23.65 -10 6.1 23.9 -10
4 484 6.35 24.7 -10 6.95 23.35 -10 6.1 23.9 -10 5.95 24.55 -10
4 484 5.95 24.55 -10 6.1 23.9 -10 5.85 23.95 -10 5.7 24.15 -10
3 484 5.7 24.15 -10 5.75 24.4 -10 5.95 24.55 -10
4 484 6.95 23.35 -10 6.35 24.7 -10 6.95 24.8 -10 7.45 23.25 -10
4 484 7.45 23.25 -10 6.95 24.8 -10 7.6 24.75 -10 8.05 23.25 -10
4 484 8.05 23.25 -10 7.6 24.75 -10 8.35 24.6 -10 8.45 23.3 -10
4 484 8.45 23.3 -10 8.35 24.6 -10 8.9 24.25 -10 8.85 23.4 -10
4 484 8.85 23.4 -10 8.9 24.25 -10 9.2 24 -10 9.25 23.65 -10
3 484 9.25 23.65 -10 9.2 24 -10 9.4 23.85 -10
4 484 7.85 25.1 -10 7.65 25.25 -10 7.85 25.5 -10 8.2 24.9 -10
3 484 8.2 24.9 -10 7.85 25.5 -10 8.4 25.75 -10
4 484 8.35 24.6 -10 8.2 24.9 -10 8.4 25.75 -10 9 25.8 -10
4 484 8.35 24.6 -10 9 25.8 -10 9.15 24.4 -10 8.9 24.25 -10
4 484 9.15 24.4 -10 9 25.8 -10 9.6 25.75 -10 9.55 24.3 -10
4 484 10.15 24.25 -10 9.55 24.3 -10 9.6 25.75 -10 10.4 25.55 -10
4 484 10.7 24.3 -10 10.15 24.25 -10 10.4 25.55 -10 11 25.15 -10
4 484 11.1 24.4 -10 10.7 24.3 -10 11 25.15 -10 11.3 24.85 -10
3 484 11.1 24.4 -10 11.3 24.85 -10 11.45 24.6 -10
4 484 11.1 25.25 -10 11 25.15 -10 10.4 25.55 -10 10.45 25.8 -10
4 484 11.1 25.25 -10 10.45 25.8 -10 12.8 25.75 -10 11.85 25.05 -10
4 484 12.5 25.05 -10 11.85 25.05 -10 12.8 25.75 -10 13.05 25.1 -10
4 484 13.05 25.1 -10 12.8 25.75 -10 13.25 25.65 -10 13.4 25.25 -10
4 484 13.4 25.25 -10 13.25 25.65 -10 13.45 25.55 -10 13.5 25.4 -10
4 484 -8.65 1 -10 -9.95 1 -10 -10.15 2.05 -10 -8.95 2.45 -10
4 484 -8.95 2.45 -10 -10.15 2.05 -10 -10.4 3.55 -10 -9.2 3.85 -10
4 484 -9.2 3.85 -10 -10.4 3.55 -10 -10.55 4.6 -10 -9.35 4.8 -10
4 484 -9.35 4.8 -10 -10.55 4.6 -10 -10.55 4.8 -10 -9.45 5 -10
4 484 -9.45 5 -10 -10.55 4.8 -10 -10.45 4.95 -10 -9.55 5.1 -10
4 484 -6.25 1 -10 -7.55 1 -10 -7.8 1.75 -10 -6.55 2 -10
4 484 -6.55 2 -10 -7.8 1.75 -10 -8.1 2.8 -10 -6.75 2.95 -10
4 484 -6.75 3.2 -10 -6.75 2.95 -10 -8.1 2.8 -10 -8.3 3.6 -10
4 484 -6.7 3.35 -10 -6.75 3.2 -10 -8.3 3.6 -10 -8.35 4.15 -10
4 484 -6.7 3.35 -10 -8.35 4.15 -10 -8.25 4.45 -10 -8.1 4.6 -10
4 484 -6.55 3.5 -10 -6.7 3.35 -10 -8.1 4.6 -10 -7.85 4.7 -10
4 484 -6.05 3.55 -10 -6.55 3.5 -10 -7.85 4.7 -10 -5.1 4.85 -10
4 484 -4.9 3.6 -10 -6.05 3.55 -10 -5.1 4.85 -10 -4.65 3.65 -10
4 484 -4.35 3.8 -10 -4.65 3.65 -10 -5.1 4.85 -10 -1.05 7.8 -10
4 484 0 6.95 -10 -4.35 3.8 -10 -1.05 7.8 -10 0.2 7.25 -10
4 484 0.2 7.25 -10 -1.05 7.8 -10 -0.85 8.05 -10 0.4 7.65 -10
4 484 0.4 7.65 -10 -0.85 8.05 -10 -0.75 8.25 -10 0.55 8.05 -10
4 484 0.55 8.05 -10 -0.75 8.25 -10 -0.55 9.15 -10 0.7 8.95 -10
4 484 0.8 9.95 -10 0.7 8.95 -10 -0.55 9.15 -10 -0.45 10.35 -10
4 484 0.85 11.25 -10 0.8 9.95 -10 -0.45 10.35 -10 -0.45 11.7 -10
4 484 0.8 12.4 -10 0.85 11.25 -10 -0.45 11.7 -10 -0.5 12.5 -10
4 484 0.7 13.45 -10 0.8 12.4 -10 -0.5 12.5 -10 -0.65 13.6 -10
4 484 0.5 14.5 -10 0.7 13.45 -10 -0.65 13.6 -10 -1.1 15.45 -10
4 484 -10.7 1 -10 -11.95 1 -10 -12.15 1.45 -10 -10.9 1.6 -10
4 484 -10.9 1.6 -10 -12.15 1.45 -10 -12.5 2.65 -10 -11.3 3.1 -10
4 484 -11.3 3.1 -10 -12.5 2.65 -10 -12.95 4.65 -10 -11.7 5.05 -10
4 484 -11.7 5.05 -10 -12.95 4.65 -10 -13.35 6.6 -10 -12.1 7 -10
4 484 -12.1 7 -10 -13.35 6.6 -10 -14.1 11.45 -10 -12.85 12.1 -10
4 484 -12.85 12.1 -10 -14.1 11.45 -10 -14.3 13.3 -10 -12.95 13 -10
4 484 -12.95 13 -10 -14.3 13.3 -10 -14.3 13.6 -10 -12.95 13.25 -10
4 484 -12.95 13.25 -10 -14.3 13.6 -10 -14.25 13.85 -10 -12.9 13.5 -10
4 484 -12.9 13.5 -10 -14.25 13.85 -10 -14.15 14.1 -10 -11.35 16.1 -10
4 484 -11.35 16.1 -10 -14.15 14.1 -10 -12.15 17.3 -10 -11.15 16.35 -10
4 484 -11.15 16.35 -10 -12.15 17.3 -10 -11.9 17.55 -10 -11.6 17.7 -10
3 484 -11.15 16.35 -10 -11.6 17.7 -10 -10.95 16.5 -10
4 484 -10.95 16.5 -10 -11.6 17.7 -10 -3.95 18.6 -10 -4.05 17.25 -10
4 484 -4.05 17.25 -10 -3.95 18.6 -10 -3.65 18.6 -10 -3.35 18.55 -10
4 484 -3.75 17.25 -10 -4.05 17.25 -10 -3.35 18.55 -10 -1.25 17.5 -10
3 484 -3.4 17.15 -10 -3.75 17.25 -10 -1.25 17.5 -10
4 484 -1.45 16 -10 -3.4 17.15 -10 -1.25 17.5 -10 -0.35 16.9 -10
4 484 -1.45 16 -10 -0.35 16.9 -10 -0.15 16.7 -10 0 16.35 -10
4 484 -1.25 15.8 -10 -1.45 16 -10 0 16.35 -10 0.25 15.5 -10
4 484 -1.1 15.45 -10 -1.25 15.8 -10 0.25 15.5 -10 0.5 14.5 -10
4 484 -11.6 11.5 -10 -12 11.25 -10 -12.1 11.9 -10 -12.2 12.6 -10
4 484 -11.2 11.7 -10 -11.6 11.5 -10 -12.2 12.6 -10 -11.35 12.35 -10
4 484 -11.35 12.35 -10 -12.2 12.6 -10 -12.2 13.2 -10 -11.5 13.25 -10
4 484 -11.5 13.25 -10 -12.2 13.2 -10 -12.1 13.6 -10 -11.55 13.65 -10
4 484 -11.55 13.65 -10 -12.1 13.6 -10 -11.9 13.85 -10 -11.6 13.8 -10
4 484 -10.55 13.2 -10 -10.75 13 -10 -10.9 13.35 -10 -10.9 13.7 -10
4 484 -10.55 13.2 -10 -10.9 13.7 -10 -10.85 14.05 -10 -10.25 13.4 -10
4 484 -10.25 13.4 -10 -10.85 14.05 -10 -10.6 14.2 -10 -10.2 14.2 -10
4 484 -10.25 13.4 -10 -10.2 14.2 -10 -10 14 -10 -9.85 13.7 -10
3 484 -10.25 13.4 -10 -9.85 13.7 -10 -9.8 13.5 -10
4 484 -10.75 5.7 -10 -10.95 6.45 -10 -10.9 6.65 -10 -10.6 5.55 -10
4 484 -10.4 5.55 -10 -10.6 5.55 -10 -10.9 6.65 -10 -10.75 6.75 -10
4 484 -9.5 5.7 -10 -10.4 5.55 -10 -10.75 6.75 -10 -10 6.9 -10
4 484 -9 6.8 -10 -9.5 5.7 -10 -10 6.9 -10 -9.6 7 -10
3 484 -9 6.8 -10 -9.6 7 -10 -9.15 6.95 -10
3 484 -9.15 6.95 -10 -9.6 7 -10 -9.2 7.1 -10
4 484 -9.5 5.7 -10 -9 6.8 -10 -8.75 6.7 -10 -8.95 5.85 -10
4 484 -8.3 6.05 -10 -8.95 5.85 -10 -8.75 6.7 -10 -8.3 6.65 -10
4 484 -2.5 8.85 -10 -2.65 9 -10 -2.55 9.3 -10 -2.25 8.9 -10
4 484 -2 9.05 -10 -2.25 8.9 -10 -2.55 9.3 -10 -1.9 9.35 -10
4 484 -1.9 9.35 -10 -2.55 9.3 -10 -2.3 9.5 -10 -2.05 9.55 -10
4 484 -2.6 12.6 -10 -3.05 12.55 -10 -3.25 13.15 -10 -2.7 13.55 -10
4 484 -2.85 14.25 -10 -2.7 13.55 -10 -3.25 13.15 -10 -3.4 13.5 -10
4 484 -2.85 14.25 -10 -3.4 13.5 -10 -3.65 13.8 -10 -3.05 14.95 -10
4 484 -3.05 14.95 -10 -3.65 13.8 -10 -3.85 13.9 -10 -3.15 15.4 -10
4 484 -3.15 15.4 -10 -3.85 13.9 -10 -4.2 14 -10 -4.25 15.25 -10
4 484 -2.55 15.4 -10 -2.45 15.6 -10 -2.1 15.7 -10 -1.9 15.55 -10
4 484 -2.45 14.9 -10 -2.55 15.4 -10 -1.9 15.55 -10 -1.7 15.15 -10
4 484 -2.25 14.5 -10 -2.45 14.9 -10 -1.7 15.15 -10 -1.65 14.65 -10
3 484 -1.75 14.5 -10 -2.25 14.5 -10 -1.65 14.65 -10
4 484 -2.2 13.8 -10 -1.45 13.9 -10 -1.3 13.3 -10 -2.05 12.95 -10
4 484 -2.05 12.95 -10 -1.3 13.3 -10 -1.2 12.7 -10 -1.8 11.55 -10
4 484 -1.8 11.55 -10 -1.2 12.7 -10 -1.05 10.55 -10 -1.55 10.2 -10
4 484 -1.55 10.2 -10 -1.05 10.55 -10 -1.1 9.9 -10 -1.4 9.5 -10
3 484 -1.2 9.5 -10 -1.4 9.5 -10 -1.1 9.9 -10
4 484 -11.45 7.5 -10 -11.55 8.15 -10 -11.45 8.3 -10 -11.3 7.35 -10
4 484 -11.05 7.3 -10 -11.3 7.35 -10 -11.45 8.3 -10 -11.25 8.4 -10
4 484 -11.05 7.3 -10 -11.25 8.4 -10 -10.6 8.5 -10 -9.9 7.45 -10
4 484 -9.9 7.45 -10 -10.6 8.5 -10 -10.3 8.5 -10 -9.9 8.35 -10
4 484 -9.7 7.55 -10 -9.9 7.45 -10 -9.9 8.35 -10 -9.65 7.75 -10
3 484 -9.65 7.75 -10 -9.9 8.35 -10 -9.7 8.05 -10
4 484 -17.1 29 -10 -18 29 -10 -18 29.55 -10 -16.85 29.3 -10
4 484 -16.85 29.3 -10 -18 29.55 -10 -17.4 29.65 -10 -16.6 29.5 -10
3 484 -16.6 29.5 -10 -17.4 29.65 -10 -16.6 29.7 -10
3 484 -17.55 27.7 -10 -18 29 -10 -17.4 28.4 -10
3 484 -17.4 28.4 -10 -18 29 -10 -17.1 29 -10
3 484 -17.6 26.9 -10 -18 29 -10 -17.55 27.7 -10
4 484 -15.1 22.9 -10 -15 22.4 -10 -15.5 22.7 -10 -15.75 23 -10
4 484 -15.1 23.4 -10 -15.1 22.9 -10 -15.75 23 -10 -15.95 23.35 -10
4 484 -15.1 23.4 -10 -15.95 23.35 -10 -16 23.7 -10 -15.05 23.8 -10
4 484 -15.05 23.8 -10 -16 23.7 -10 -15.9 24.25 -10 -15.65 24.7 -10
4 484 -14.85 24.25 -10 -15.05 23.8 -10 -15.65 24.7 -10 -15.2 25.15 -10
4 484 -14.45 24.65 -10 -14.85 24.25 -10 -15.2 25.15 -10 -14.5 25.55 -10
4 484 -14.05 24.95 -10 -14.45 24.65 -10 -14.5 25.55 -10 -13.7 25.85 -10
3 484 -14.05 24.95 -10 -13.7 25.85 -10 -13.55 25.15 -10
4 484 -13.05 25.45 -10 -13.2 26.15 -10 -12.85 26.25 -10 -12.6 25.5 -10
4 484 -12.25 25.55 -10 -12.6 25.5 -10 -12.85 26.25 -10 -12.35 26.3 -10
4 484 -11.65 25.6 -10 -11.8 26.3 -10 -11.15 26.3 -10 -10.75 25.55 -10
4 484 -10.75 25.55 -10 -11.15 26.3 -10 -10.45 26.2 -10 -10.1 25.4 -10
4 484 -10.1 25.4 -10 -10.45 26.2 -10 -9.85 26.05 -10 -9.3 25.75 -10
4 484 -9.5 25.1 -10 -10.1 25.4 -10 -9.3 25.75 -10 -8.75 25.25 -10
4 484 -8.95 24.55 -10 -9.5 25.1 -10 -8.75 25.25 -10 -8.4 24.65 -10
4 484 -8.65 24 -10 -8.95 24.55 -10 -8.4 24.65 -10 -8.05 23.95 -10
4 484 -8.45 23.55 -10 -8.65 24 -10 -8.05 23.95 -10 -8.2 23.3 -10
4 484 -7.85 23.25 -10 -8.2 23.3 -10 -8.05 23.95 -10 -7.7 23.9 -10
4 484 -7.35 23.3 -10 -7.85 23.25 -10 -7.7 23.9 -10 -6.95 23.4 -10
4 484 -6.95 23.4 -10 -7.7 23.9 -10 -7 24 -10 -6.4 23.7 -10
4 484 -6.4 23.7 -10 -7 24 -10 -6.6 24.2 -10 -5.95 24.1 -10
4 484 -5.95 24.1 -10 -6.6 24.2 -10 -6.3 24.7 -10 -5.8 24.75 -10
4 484 -5.8 24.75 -10 -6.3 24.7 -10 -6.2 25.3 -10 -5.75 25.6 -10
4 484 -5.75 25.6 -10 -6.2 25.3 -10 -6.2 26.1 -10 -5.8 26.65 -10
4 484 -5.8 26.65 -10 -6.2 26.1 -10 -6.3 27.05 -10 -5.95 27.5 -10
4 484 -5.95 27.5 -10 -6.3 27.05 -10 -6.45 27.75 -10 -6.15 28.25 -10
4 484 -6.15 28.25 -10 -6.45 27.75 -10 -6.7 28.5 -10 -6.45 29.05 -10
4 484 -6.45 29.05 -10 -6.7 28.5 -10 -7.05 29.25 -10 -6.85 29.8 -10
4 484 -6.85 29.8 -10 -7.05 29.25 -10 -7.4 29.8 -10 -7.25 30.3 -10
4 484 -7.25 30.3 -10 -7.4 29.8 -10 -7.8 30.3 -10 -7.7 30.65 -10
3 484 -7.8 30.3 -10 -8.45 30.9 -10 -7.7 30.65 -10
4 484 -12.75 24.6 -10 -12.9 24.9 -10 -12.55 25 -10 -12.15 24.7 -10
3 484 -12.15 24.7 -10 -12.55 25 -10 -12 25.05 -10
4 484 -13.85 24.45 -10 -13.5 24.65 -10 -13.35 24.4 -10 -13.65 24.15 -10
4 484 -14.25 24.1 -10 -13.85 24.45 -10 -13.65 24.15 -10 -13.85 23.85 -10
4 484 -14.6 23.7 -10 -14.25 24.1 -10 -13.85 23.85 -10 -13.9 23.55 -10
4 484 -14.65 23.35 -10 -14.6 23.7 -10 -13.9 23.55 -10 -14.6 23 -10
4 484 -14.6 23 -10 -13.9 23.55 -10 -13.8 23.2 -10 -14.25 22.65 -10
4 484 -14.25 22.65 -10 -13.8 23.2 -10 -13.6 22.95 -10 -13.7 22.45 -10
4 484 -13.7 22.45 -10 -13.6 22.95 -10 -13.25 22.75 -10 -13 22.4 -10
4 484 -13 22.4 -10 -13.25 22.75 -10 -12.45 22.7 -10 -11.65 22.4 -10
4 484 -11.65 22.4 -10 -12.45 22.7 -10 -11.3 22.85 -10 -10.6 22.5 -10
4 484 -10.6 22.5 -10 -11.3 22.85 -10 -10.55 23.05 -10 -9.75 22.65 -10
4 484 -9.75 22.65 -10 -10.55 23.05 -10 -10.25 23.25 -10 -9.05 22.8 -10
4 484 -9.05 22.8 -10 -10.25 23.25 -10 -10 23.55 -10 -8.9 22.95 -10
4 484 -8.9 23.15 -10 -8.9 22.95 -10 -10 23.55 -10 -9 23.5 -10
4 484 -9 23.5 -10 -10 23.55 -10 -9.95 23.95 -10 -9.3 24.1 -10
4 484 -11.4 24.8 -10 -11.5 25.1 -10 -10.9 25.1 -10 -10.8 24.75 -10
4 484 -10.8 24.75 -10 -10.9 25.1 -10 -10.3 24.95 -10 -10.2 24.55 -10
4 484 -10.2 24.55 -10 -10.3 24.95 -10 -9.8 24.65 -10 -10 24.3 -10
4 484 -10 24.3 -10 -9.8 24.65 -10 -9.5 24.4 -10 -9.95 23.95 -10
3 484 -9.95 23.95 -10 -9.5 24.4 -10 -9.3 24.1 -10
4 484 -16.1 24.75 -10 -16.2 24.6 -10 -16.45 24.6 -10 -16.65 24.75 -10
4 484 -16.15 25.05 -10 -16.1 24.75 -10 -16.65 24.75 -10 -16.85 25.25 -10
4 484 -16.3 25.5 -10 -16.15 25.05 -10 -16.85 25.25 -10 -16.95 25.8 -10
4 484 -16.4 26.15 -10 -16.3 25.5 -10 -16.95 25.8 -10 -16.95 26.55 -10
4 484 -16.35 26.85 -10 -16.4 26.15 -10 -16.95 26.55 -10 -16.8 27.45 -10
4 484 -16.15 27.6 -10 -16.35 26.85 -10 -16.8 27.45 -10 -16.5 28.4 -10
4 484 -15.85 28.3 -10 -16.15 27.6 -10 -16.5 28.4 -10 -16.1 29.15 -10
4 484 -15.35 29.05 -10 -15.85 28.3 -10 -16.1 29.15 -10 -15.55 29.8 -10
4 484 -14.8 29.5 -10 -15.35 29.05 -10 -15.55 29.8 -10 -14.75 30.3 -10
4 484 -14.05 29.9 -10 -14.8 29.5 -10 -14.75 30.3 -10 -13.85 30.6 -10
4 484 -13.25 30.15 -10 -14.05 29.9 -10 -13.85 30.6 -10 -12.95 30.75 -10
4 484 -12.25 30.25 -10 -13.25 30.15 -10 -12.95 30.75 -10 -11.95 30.8 -10
4 484 -11.3 30.15 -10 -12.25 30.25 -10 -11.95 30.8 -10 -10.85 30.6 -10
4 484 -10.45 29.85 -10 -11.3 30.15 -10 -10.85 30.6 -10 -9.9 30.2 -10
4 484 -9.8 29.45 -10 -10.45 29.85 -10 -9.9 30.2 -10 -9.15 29.7 -10
4 484 -9.3 28.95 -10 -9.8 29.45 -10 -9.15 29.7 -10 -8.55 29 -10
4 484 -8.95 28.35 -10 -9.3 28.95 -10 -8.55 29 -10 -8.2 28.3 -10
4 484 -8.7 27.7 -10 -8.95 28.35 -10 -8.2 28.3 -10 -8 27.55 -10
4 484 -8.55 27.05 -10 -8.7 27.7 -10 -8 27.55 -10 -7.95 26.8 -10
4 484 -8.5 26.35 -10 -8.55 27.05 -10 -7.95 26.8 -10 -7.95 25.9 -10
4 484 -8.55 25.75 -10 -8.5 26.35 -10 -7.95 25.9 -10 -8.3 25.5 -10
3 484 -8.05 25.2 -10 -8.3 25.5 -10 -7.95 25.9 -10
4 484 -9.35 30.5 -10 -9.85 30.75 -10 -9.7 30.9 -10 -8.95 30.55 -10
4 484 -8.65 29.95 -10 -9.35 30.5 -10 -8.95 30.55 -10 -8.25 29.95 -10
4 484 -8.15 29.3 -10 -8.65 29.95 -10 -8.25 29.95 -10 -7.7 29.2 -10
4 484 -7.7 28.45 -10 -8.15 29.3 -10 -7.7 29.2 -10 -7.15 28.35 -10
4 484 -7.5 27.7 -10 -7.7 28.45 -10 -7.15 28.35 -10 -6.85 27.5 -10
4 484 -7.4 26.8 -10 -7.5 27.7 -10 -6.85 27.5 -10 -6.7 26.55 -10
4 484 -7.4 25.9 -10 -7.4 26.8 -10 -6.7 26.55 -10 -6.7 25.45 -10
4 484 -7.5 25.2 -10 -7.4 25.9 -10 -6.7 25.45 -10 -6.8 24.85 -10
4 484 -7.5 25.2 -10 -6.8 24.85 -10 -7.1 24.55 -10 -7.6 24.75 -10
4 484 -7.6 24.75 -10 -7.1 24.55 -10 -7.35 24.45 -10 -7.55 24.5 -10
4 16 6.6 27.05 -10 6.55 26.5 -10 5.85 26.6 -10 5.9 27.45 -10
4 16 6.55 27.8 -10 6.6 27.05 -10 5.9 27.45 -10 5.9 29.05 -10
4 16 6.8 27.8 -10 6.55 27.8 -10 5.9 29.05 -10 5.95 29.55 -10
4 16 6.8 27.8 -10 5.95 29.55 -10 6.1 29.85 -10 6.3 29.95 -10
4 16 6.8 27.8 -10 6.3 29.95 -10 6.55 29.95 -10 6.85 29.9 -10
4 16 6.8 27.8 -10 6.85 29.9 -10 7.1 29.7 -10 7.25 29.45 -10
4 16 6.8 27.8 -10 7.25 29.45 -10 7.15 27.8 -10 6.9 27.3 -10
4 16 7.4 27.8 -10 7.15 27.8 -10 7.25 29.45 -10 7.75 28.4 -10
4 16 7.7 27.15 -10 7.4 27.8 -10 7.75 28.4 -10 8.2 27.6 -10
4 16 8 26.65 -10 7.7 27.15 -10 8.2 27.6 -10 8.6 27 -10
4 16 8.2 26.4 -10 8 26.65 -10 8.6 27 -10 8.95 26.55 -10
4 16 6.9 27.3 -10 7.15 27.8 -10 7.3 27.1 -10 7 26.75 -10
4 16 7.5 26.1 -10 7.1 26.25 -10 7 26.75 -10 7.3 27.1 -10
4 16 7.15 25.75 -10 7.1 26.25 -10 7.5 26.1 -10 7.85 25.5 -10
4 16 7.85 25.5 -10 7.5 26.1 -10 7.9 26.25 -10 8.4 25.75 -10
4 16 8.4 25.75 -10 7.9 26.25 -10 8.2 26.4 -10 9 25.8 -10
4 16 9 25.8 -10 8.2 26.4 -10 8.95 26.55 -10 9.6 25.75 -10
4 16 6.35 24.7 -10 6.15 25.45 -10 6.6 25.45 -10 6.95 24.8 -10
4 16 6.95 24.8 -10 6.6 25.45 -10 6.9 25.5 -10 7.65 25.25 -10
4 16 7.6 24.75 -10 6.95 24.8 -10 7.65 25.25 -10 7.85 25.1 -10
4 16 7.6 24.75 -10 7.85 25.1 -10 8.2 24.9 -10 8.35 24.6 -10
4 16 7.65 25.25 -10 6.9 25.5 -10 7.15 25.75 -10 7.85 25.5 -10
3 16 5.95 24.55 -10 6.15 25.45 -10 6.35 24.7 -10
4 16 6.35 25.85 -10 6.15 25.45 -10 5.85 26.6 -10 6.55 26.5 -10
4 16 5.7 24.15 -10 5.85 23.95 -10 5.55 23.6 -10 4.9 23.7 -10
4 16 5.55 23.6 -10 5.85 23.95 -10 6.1 23.9 -10 6.2 23.65 -10
4 16 7 23 -10 6.8 23.25 -10 6.95 23.35 -10 7.25 22.95 -10
4 16 7.25 22.95 -10 6.95 23.35 -10 7.45 23.25 -10 7.45 22.8 -10
4 16 7.45 22.8 -10 7.45 23.25 -10 8.05 23.25 -10 8.4 22.3 -10
4 16 5.75 24.4 -10 5.7 24.15 -10 4.9 23.7 -10 5.85 26.6 -10
4 16 6.15 25.45 -10 5.95 24.55 -10 5.75 24.4 -10 5.85 26.6 -10
4 16 5.85 26.6 -10 4.9 23.7 -10 4.35 23.65 -10 0 26.65 -10
4 16 10.45 25.8 -10 10.4 25.55 -10 9.6 25.75 -10 8.95 26.55 -10
4 16 11.3 24.85 -10 11 25.15 -10 11.1 25.25 -10 11.85 25.05 -10
3 16 11.45 24.6 -10 11.3 24.85 -10 11.85 25.05 -10
4 16 9.2 24 -10 8.9 24.25 -10 9.15 24.4 -10 9.55 24.3 -10
4 16 9.4 23.85 -10 9.2 24 -10 9.55 24.3 -10 10.15 24.25 -10
4 16 5.05 21.95 -10 4.9 22.1 -10 5 22.3 -10 5.55 22.25 -10
4 16 5.4 21.85 -10 5.05 21.95 -10 5.55 22.25 -10 6.1 22.25 -10
4 16 3.5 22.45 -10 3.8 22.8 -10 4.15 22.7 -10 4.15 22.45 -10
4 16 3.8 22.8 -10 3.5 22.45 -10 2.8 22.45 -10 3.7 23 -10
4 16 1.5 21.15 -10 1.7 21.6 -10 1.9 21.5 -10 2.2 21.1 -10
3 16 2.2 21.1 -10 1.9 21.5 -10 2.25 21.4 -10
4 16 3.25 20.75 -10 2.95 20.9 -10 3.1 21.05 -10 3.5 21.15 -10
4 16 3.55 20.5 -10 3.25 20.75 -10 3.5 21.15 -10 4.05 21.1 -10
4 16 1.7 21.6 -10 1.5 21.15 -10 0.9 21.1 -10 1.7 21.8 -10
4 16 0.1 21.6 -10 1.7 21.8 -10 0.9 21.1 -10 0.25 20.7 -10
4 16 -0.55 21.15 -10 0.1 21.6 -10 0.25 20.7 -10 -0.15 20.15 -10
4 16 0.3 20.1 -10 0.45 19.95 -10 0.45 19.7 -10 -0.35 19.65 -10
4 16 -0.15 20.15 -10 0.3 20.1 -10 -0.35 19.65 -10 -0.7 19.6 -10
4 16 -0.55 21.15 -10 -0.15 20.15 -10 -0.7 19.6 -10 -3.35 20.35 -10
4 16 -3.35 20.35 -10 -0.7 19.6 -10 -1.15 19.25 -10 -3.65 18.6 -10
4 16 -3.35 18.55 -10 -3.65 18.6 -10 -1.15 19.25 -10 0.05 18.4 -10
3 16 -1.25 17.5 -10 -3.35 18.55 -10 0.05 18.4 -10
3 16 -0.35 16.9 -10 -1.25 17.5 -10 0.05 18.4 -10
4 16 -0.15 16.7 -10 -0.35 16.9 -10 0.05 18.4 -10 0.95 18.45 -10
4 16 1.45 18 -10 0.95 18.45 -10 1.2 18.55 -10 2.05 18.35 -10
3 16 2.05 18.35 -10 1.2 18.55 -10 1.65 18.9 -10
3 16 2.05 18.35 -10 1.65 18.9 -10 1.85 19.15 -10
4 16 1.55 19.4 -10 1.2 19.65 -10 1.7 19.7 -10 1.8 19.3 -10
4 16 1.8 19.3 -10 1.7 19.7 -10 2.25 19.8 -10 1.85 19.15 -10
4 16 2.05 18.35 -10 1.85 19.15 -10 2.25 19.8 -10 2.7 19.95 -10
4 16 2.4 17.95 -10 2.05 18.35 -10 2.7 19.95 -10 3.75 18.35 -10
4 16 2.8 17.65 -10 2.4 17.95 -10 3.75 18.35 -10 3.65 17.55 -10
4 16 -0.15 16.7 -10 0.95 18.45 -10 1.45 18 -10 1.75 17.55 -10
4 16 0 16.35 -10 -0.15 16.7 -10 1.75 17.55 -10 1.8 16.3 -10
4 16 1.8 16.3 -10 1.75 17.55 -10 2.15 17.25 -10 2.3 16.5 -10
4 16 2.3 16.5 -10 2.15 17.25 -10 2.8 17.65 -10 2.75 16.6 -10
4 16 2.75 16.6 -10 2.8 17.65 -10 3.65 17.55 -10 3.2 16.6 -10
4 16 3.2 16.6 -10 3.65 17.55 -10 3.95 17.55 -10 4.15 17.1 -10
4 16 3.3 16.15 -10 3.2 16.6 -10 4.15 17.1 -10 3.55 15.85 -10
4 16 3.9 15.7 -10 3.55 15.85 -10 4.15 17.1 -10 4.35 17.05 -10
4 16 4.3 15.75 -10 3.9 15.7 -10 4.35 17.05 -10 4.65 16 -10
4 16 4.8 16.4 -10 4.65 16 -10 4.35 17.05 -10 4.65 17.45 -10
4 16 5.1 16.95 -10 4.8 16.4 -10 4.65 17.45 -10 5.2 18.1 -10
4 16 5.65 17.65 -10 5.1 16.95 -10 5.2 18.1 -10 5.7 18.65 -10
4 16 4.65 16 -10 4.8 16.4 -10 5.35 16.25 -10 5 15.7 -10
4 16 1.4 15.35 -10 1.25 15.9 -10 1.8 15.6 -10 1.85 15.35 -10
4 16 1.25 15.9 -10 1.4 15.35 -10 0.25 15.5 -10 0 16.35 -10
3 16 1.25 15.9 -10 0 16.35 -10 1.8 16.3 -10
4 484 -15.35 25.6 -10 -15.7 25.35 -10 -15.85 25.7 -10 -15.95 26.25 -10
4 484 -15.35 25.6 -10 -15.95 26.25 -10 -15.9 26.9 -10 -14.8 25.95 -10
4 484 -14.8 25.95 -10 -15.9 26.9 -10 -15.65 27.75 -10 -14.1 27.1 -10
4 484 -14.8 25.95 -10 -14.1 27.1 -10 -13.95 26.85 -10 -14.1 26.3 -10
3 484 -14.1 26.3 -10 -13.95 26.85 -10 -13.7 26.5 -10
4 484 -14.15 27.45 -10 -14.1 27.1 -10 -15.65 27.75 -10 -15.4 28.2 -10
4 484 -14.1 27.85 -10 -14.15 27.45 -10 -15.4 28.2 -10 -14.95 28.8 -10
4 484 -13.85 28.25 -10 -14.1 27.85 -10 -14.95 28.8 -10 -14.4 29.2 -10
4 484 -13.5 28.5 -10 -13.85 28.25 -10 -14.4 29.2 -10 -13.75 29.55 -10
4 484 -13 28.6 -10 -13.5 28.5 -10 -13.75 29.55 -10 -13 29.75 -10
4 484 -12.55 28.55 -10 -13 28.6 -10 -13 29.75 -10 -12.05 29.8 -10
4 484 -12.2 28.4 -10 -12.55 28.55 -10 -12.05 29.8 -10 -11.3 29.7 -10
4 484 -11.95 28.15 -10 -12.2 28.4 -10 -11.3 29.7 -10 -10.6 29.4 -10
4 484 -11.95 28.15 -10 -10.6 29.4 -10 -10.15 29.05 -10 -11.8 27.75 -10
4 484 -11.8 27.75 -10 -10.15 29.05 -10 -9.6 28.4 -10 -11.85 26.8 -10
4 484 -11.05 26.75 -10 -11.85 26.8 -10 -9.6 28.4 -10 -9.3 27.85 -10
4 484 -10.2 26.7 -10 -11.05 26.75 -10 -9.3 27.85 -10 -9.1 27.25 -10
4 484 -9.65 26.55 -10 -10.2 26.7 -10 -9.1 27.25 -10 -9.05 26.7 -10
3 484 -9.35 26.4 -10 -9.65 26.55 -10 -9.05 26.7 -10
3 484 -9.1 26.2 -10 -9.35 26.4 -10 -9.05 26.7 -10
4 484 -5.7 28.95 -10 -6.2 30.1 -10 -2.7 30.25 -10 0 26.65 -10
3 484 0 26.65 -10 -5.3 27.75 -10 -5.7 28.95 -10
3 484 0 26.65 -10 -5.05 26.65 -10 -5.3 27.75 -10
4 484 0 26.65 -10 -2.7 30.25 -10 4.6 30.25 -10 5.9 27.45 -10
3 484 5.85 26.6 -10 0 26.65 -10 5.9 27.45 -10
3 484 5.9 27.45 -10 4.6 30.25 -10 5.9 29.05 -10
3 484 5.9 29.05 -10 4.6 30.25 -10 5.95 29.55 -10
3 484 5.95 29.55 -10 4.6 30.25 -10 6.1 29.85 -10
3 484 6.1 29.85 -10 4.6 30.25 -10 6.3 29.95 -10
3 484 6.85 29.9 -10 6.55 29.95 -10 6.85 30.2 -10
4 484 7.1 29.7 -10 6.85 29.9 -10 6.85 30.2 -10 10 30.15 -10
4 484 6.85 30.2 -10 6.55 29.95 -10 6.3 29.95 -10 4.6 30.25 -10
3 484 7.25 29.45 -10 7.1 29.7 -10 10 30.15 -10
4 484 7.75 28.4 -10 7.25 29.45 -10 10 30.15 -10 8.2 27.6 -10
4 484 8.6 27 -10 8.2 27.6 -10 10 30.15 -10 8.95 26.55 -10
4 484 12.6 26.35 -10 8.95 26.55 -10 10 30.15 -10 14.75 29.85 -10
4 484 17.2 26.15 -10 12.6 26.35 -10 14.75 29.85 -10 17.4 27.95 -10
3 484 17.4 27.95 -10 14.75 29.85 -10 17.55 28.8 -10
3 484 17.55 28.8 -10 14.75 29.85 -10 17.75 29.65 -10
4 16 -9.25 10.05 -10 -9.45 10.1 -10 -9.55 10.3 -10 -9 10.15 -10
4 16 -9 10.15 -10 -9.55 10.3 -10 -9.4 10.6 -10 -9 10.95 -10
4 16 -8.25 10.85 -10 -9 10.15 -10 -9 10.95 -10 -7.8 11.35 -10
4 16 -7.8 11.35 -10 -9 10.95 -10 -9.15 11.15 -10 -9.15 11.35 -10
4 16 -7.8 11.35 -10 -9.15 11.35 -10 -9.05 11.6 -10 -8.7 11.75 -10
4 16 -7.8 11.35 -10 -8.7 11.75 -10 -7.7 11.9 -10 -7.5 11.3 -10
4 16 -7.2 11.6 -10 -7.5 11.3 -10 -7.7 11.9 -10 -7.25 11.9 -10
4 16 -7.15 11.15 -10 -7.5 11.3 -10 -7.2 11.6 -10 -7 11.3 -10
4 16 -7.7 11.9 -10 -8.7 11.75 -10 -8.5 12.05 -10 -7.75 12.3 -10
4 16 -7.75 12.3 -10 -8.5 12.05 -10 -8.45 12.3 -10 -7.9 12.5 -10
4 16 -7.9 12.5 -10 -8.45 12.3 -10 -8.55 12.55 -10 -8 12.75 -10
4 16 -8 12.75 -10 -8.55 12.55 -10 -8.7 12.7 -10 -8.7 12.85 -10
4 16 -8 12.75 -10 -8.7 12.85 -10 -8.55 13.05 -10 -7.9 12.95 -10
4 16 -7.9 12.95 -10 -8.55 13.05 -10 -8.3 13.2 -10 -7.85 13.2 -10
4 16 -7.85 13.2 -10 -8.3 13.2 -10 -8.25 13.45 -10 -7.95 13.8 -10
3 16 -8.25 13.45 -10 -8.2 13.8 -10 -7.95 13.8 -10
4 16 -5.6 9.6 -10 -5.8 9.65 -10 -5.8 10.05 -10 -5.4 10.1 -10
4 16 -5.4 10.1 -10 -5.8 10.05 -10 -5.7 10.55 -10 -5.2 10.6 -10
4 16 -5.2 10.6 -10 -5.7 10.55 -10 -5.55 11.05 -10 -4.9 11.2 -10
4 16 -4.9 11.2 -10 -5.55 11.05 -10 -5.55 11.25 -10 -4.7 12 -10
4 16 -4.9 11.2 -10 -4.7 12 -10 -4.35 11.8 -10 -4.35 11.15 -10
4 16 -4.35 11.15 -10 -4.35 11.8 -10 -4.05 11.5 -10 -3.95 11 -10
3 16 -3.95 11 -10 -4.05 11.5 -10 -3.85 11.1 -10
4 16 -6.05 11.25 -10 -6.25 11.15 -10 -6.5 11.25 -10 -6.45 11.65 -10
4 16 -6.05 11.25 -10 -6.45 11.65 -10 -6.35 11.9 -10 -6.1 12.05 -10
4 16 -5.75 11.35 -10 -6.05 11.25 -10 -6.1 12.05 -10 -5.9 12.15 -10
4 16 -5.55 11.25 -10 -5.75 11.35 -10 -5.9 12.15 -10 -5.25 12.2 -10
4 16 -5.55 11.25 -10 -5.25 12.2 -10 -4.95 12.2 -10 -4.7 12 -10
4 16 -5.25 12.2 -10 -5.9 12.15 -10 -5.95 12.4 -10 -5.25 12.5 -10
4 16 -5.25 12.5 -10 -5.95 12.4 -10 -5.95 12.7 -10 -5.85 12.95 -10
4 16 -5.15 12.9 -10 -5.25 12.5 -10 -5.85 12.95 -10 -5.85 13.15 -10
4 16 -5.2 13.15 -10 -5.15 12.9 -10 -5.85 13.15 -10 -5.4 13.35 -10
4 16 -5.65 13.45 -10 -5.4 13.35 -10 -5.85 13.15 -10 -5.95 13.35 -10
4 16 -5.8 13.6 -10 -5.65 13.45 -10 -5.95 13.35 -10 -6.2 13.5 -10
4 16 -5.8 13.6 -10 -6.2 13.5 -10 -6.3 13.95 -10 -5.85 14 -10
4 16 -6 14.2 -10 -5.85 14 -10 -6.3 13.95 -10 -6.25 14.2 -10
4 82 -8.25 10.85 -10 -7.8 11.35 -10 -7.5 11.3 -10 -7.15 11.15 -10
4 82 -7.15 11.15 -10 -7 11.3 -10 -6.5 11.25 -10 -6.25 11.15 -10
4 82 -7.15 11.15 -10 -6.25 11.15 -10 -5.7 10.55 -10 -8.25 10.85 -10
4 82 -5.7 10.55 -10 -6.25 11.15 -10 -6.05 11.25 -10 -5.55 11.05 -10
4 82 -5.55 11.05 -10 -6.05 11.25 -10 -5.75 11.35 -10 -5.55 11.25 -10
4 82 -7 11.3 -10 -7.2 11.6 -10 -6.45 11.65 -10 -6.5 11.25 -10
4 82 -7.2 11.6 -10 -7.25 11.9 -10 -6.35 11.9 -10 -6.45 11.65 -10
3 82 -7.25 11.9 -10 -7.7 11.9 -10 -7.75 12.3 -10
4 82 -6.35 11.9 -10 -7.25 11.9 -10 -7.75 12.3 -10 -6.1 12.05 -10
4 82 -6.1 12.05 -10 -7.75 12.3 -10 -5.95 12.4 -10 -5.9 12.15 -10
4 82 -5.95 12.4 -10 -7.75 12.3 -10 -7.9 12.5 -10 -5.95 12.7 -10
4 82 -5.95 12.7 -10 -7.9 12.5 -10 -8 12.75 -10 -7.9 12.95 -10
4 82 -5.85 12.95 -10 -5.95 12.7 -10 -7.9 12.95 -10 -5.85 13.15 -10
4 82 -5.85 13.15 -10 -7.9 12.95 -10 -7.85 13.2 -10 -5.95 13.35 -10
4 82 -6.2 13.5 -10 -5.95 13.35 -10 -7.85 13.2 -10 -7.95 13.8 -10
4 82 -6.3 13.95 -10 -6.2 13.5 -10 -7.95 13.8 -10 -7.45 14.5 -10
4 82 -5.85 14 -10 -6 14.2 -10 -5.45 14.3 -10 -5.3 14.1 -10
4 82 -5.8 13.6 -10 -5.85 14 -10 -5.3 14.1 -10 -5.05 14 -10
4 82 -5.65 13.45 -10 -5.8 13.6 -10 -5.05 14 -10 -5.4 13.35 -10
4 82 -5.4 13.35 -10 -5.05 14 -10 -4.85 13.9 -10 -4.75 13.7 -10
4 82 -5.4 13.35 -10 -4.75 13.7 -10 -4.7 13.4 -10 -5.2 13.15 -10
4 82 -5.15 12.9 -10 -5.2 13.15 -10 -4.7 13.4 -10 -4.35 13.35 -10
4 82 -5.15 12.9 -10 -4.35 13.35 -10 -4.1 13.2 -10 -3.95 12.95 -10
4 82 -5.15 12.9 -10 -3.95 12.95 -10 -3.95 12.6 -10 -4.95 12.2 -10
4 82 -5.25 12.5 -10 -5.15 12.9 -10 -4.95 12.2 -10 -5.25 12.2 -10
4 82 -4.7 12 -10 -4.95 12.2 -10 -3.95 12.6 -10 -3.75 12.5 -10
4 82 -4.7 12 -10 -3.75 12.5 -10 -3.6 12.3 -10 -4.35 11.8 -10
4 82 -4.35 11.8 -10 -3.6 12.3 -10 -3.6 12 -10 -4.05 11.5 -10
4 82 -4.05 11.5 -10 -3.6 12 -10 -3.3 11.9 -10 -3.15 11.7 -10
4 82 -4.05 11.5 -10 -3.15 11.7 -10 -3.15 11.5 -10 -3.85 11.1 -10
4 82 -3.85 11.1 -10 -3.15 11.5 -10 -2.95 11.4 -10 -2.85 11.25 -10
4 82 -5.2 10.6 -10 -4.9 11.2 -10 -4.35 11.15 -10 -3.95 11 -10
4 82 -5.4 10.1 -10 -5.2 10.6 -10 -3.95 11 -10 -3.85 9.55 -10
4 82 -2.95 9.8 -10 -3.95 11 -10 -3.85 11.1 -10 -2.8 9.95 -10
4 82 -2.8 9.95 -10 -3.85 11.1 -10 -2.85 11.25 -10 -2.6 10.05 -10
4 82 -2.6 10.05 -10 -2.85 11.25 -10 -2.6 11.1 -10 -2.45 10.2 -10
3 82 -2.45 10.2 -10 -2.6 11.1 -10 -2.45 10.9 -10
4 82 -3.85 9.55 -10 -3.95 11 -10 -2.95 9.8 -10 -3.6 9.4 -10
4 82 -3.6 9.4 -10 -2.95 9.8 -10 -3.1 9.45 -10 -3.25 9.25 -10
3 82 -3.55 9.1 -10 -3.6 9.4 -10 -3.25 9.25 -10
4 82 -5.4 10.1 -10 -3.85 9.55 -10 -4.05 9.35 -10 -5.6 9.6 -10
4 82 -5.6 9.6 -10 -4.05 9.35 -10 -4.15 8.7 -10 -4.95 7.7 -10
4 82 -4.95 7.7 -10 -4.15 8.7 -10 -4.2 8.25 -10 -4.35 7.85 -10
4 82 -4.85 7.55 -10 -4.95 7.7 -10 -4.35 7.85 -10 -4.55 7.55 -10
3 82 -4.8 7.3 -10 -4.85 7.55 -10 -4.55 7.55 -10
4 82 -5.8 9.65 -10 -5.6 9.6 -10 -4.95 7.7 -10 -5.15 7.7 -10
4 82 -5.8 9.65 -10 -5.15 7.7 -10 -5.3 7.6 -10 -7.55 7.65 -10
4 82 -7.5 7.1 -10 -7.55 7.65 -10 -5.3 7.6 -10 -7.4 6.7 -10
4 82 -7.4 6.7 -10 -5.3 7.6 -10 -5.65 7.05 -10 -7.15 6.4 -10
4 82 -6.65 6.2 -10 -7.15 6.4 -10 -5.65 7.05 -10 -5.9 6.45 -10
4 82 -6.45 5.95 -10 -6.65 6.2 -10 -5.9 6.45 -10 -6 6.05 -10
4 82 -6.35 5.7 -10 -6.45 5.95 -10 -6 6.05 -10 -6.1 5.65 -10
4 82 -8.25 10.85 -10 -5.7 10.55 -10 -5.8 10.05 -10 -9 10.15 -10
4 82 -9 10.15 -10 -5.8 10.05 -10 -5.8 9.65 -10 -7.8 8.2 -10
3 82 -7.65 8.05 -10 -7.8 8.2 -10 -5.8 9.65 -10
3 82 -7.55 7.65 -10 -7.65 8.05 -10 -5.8 9.65 -10
4 82 -9 10.15 -10 -7.8 8.2 -10 -8 8.15 -10 -9.25 10.05 -10
4 82 -9.25 10.05 -10 -8 8.15 -10 -8.1 7.8 -10 -9.45 9 -10
3 82 -8.1 7.8 -10 -9 8.25 -10 -9.45 9 -10
4 82 -8.8 7.7 -10 -9 8.25 -10 -8.1 7.8 -10 -8.15 7.5 -10
4 82 -8.65 7.45 -10 -8.8 7.7 -10 -8.15 7.5 -10 -8.4 7.35 -10
4 82 -9.45 10.1 -10 -9.25 10.05 -10 -9.45 9 -10 -9.7 9.15 -10
4 82 -9.55 10.3 -10 -9.45 10.1 -10 -9.7 9.15 -10 -10 9.25 -10
4 82 -9.55 10.3 -10 -10 9.25 -10 -10.2 9.4 -10 -10.35 9.7 -10
4 82 -9.55 10.3 -10 -10.35 9.7 -10 -10.75 9.8 -10 -11.2 10 -10
4 82 -9.55 10.3 -10 -11.2 10 -10 -11.3 10.3 -10 -9.4 10.6 -10
4 82 -9.4 10.6 -10 -11.3 10.3 -10 -11.3 10.65 -10 -11.2 10.85 -10
4 82 -9.4 10.6 -10 -11.2 10.85 -10 -10.85 11.1 -10 -9.15 11.15 -10
3 82 -9.4 10.6 -10 -9.15 11.15 -10 -9 10.95 -10
4 82 -10.85 11.1 -10 -10.4 11.55 -10 -9.15 11.35 -10 -9.15 11.15 -10
4 82 -9.15 11.35 -10 -10.4 11.55 -10 -10.2 12 -10 -9.05 11.6 -10
4 82 -9.05 11.6 -10 -10.2 12 -10 -10.15 12.35 -10 -10.05 12.65 -10
4 82 -9.05 11.6 -10 -10.05 12.65 -10 -9.75 12.85 -10 -9.35 12.95 -10
4 82 -8.7 11.75 -10 -9.05 11.6 -10 -9.35 12.95 -10 -8.7 12.7 -10
4 82 -8.7 11.75 -10 -8.7 12.7 -10 -8.55 12.55 -10 -8.5 12.05 -10
3 82 -8.5 12.05 -10 -8.55 12.55 -10 -8.45 12.3 -10
4 82 -8.7 12.85 -10 -8.7 12.7 -10 -9.35 12.95 -10 -9.25 13.25 -10
4 82 -8.55 13.05 -10 -8.7 12.85 -10 -9.25 13.25 -10 -9.1 13.5 -10
4 82 -8.3 13.2 -10 -8.55 13.05 -10 -9.1 13.5 -10 -8.25 13.45 -10
4 82 -8.25 13.45 -10 -9.1 13.5 -10 -8.95 13.75 -10 -8.7 13.95 -10
4 82 -8.2 13.8 -10 -8.25 13.45 -10 -8.7 13.95 -10 -8.5 14.3 -10
4 82 -7.95 13.8 -10 -8.2 13.8 -10 -8.5 14.3 -10 -8.5 14.6 -10
4 82 -7.95 13.8 -10 -8.5 14.6 -10 -7.8 14.75 -10 -7.65 14.55 -10
3 82 -7.95 13.8 -10 -7.65 14.55 -10 -7.45 14.5 -10
4 82 -6.3 13.95 -10 -7.45 14.5 -10 -7.35 14.6 -10 -6.25 14.2 -10
4 82 -6.25 14.2 -10 -7.35 14.6 -10 -7.35 14.8 -10 -6.5 15.05 -10
4 82 -6.65 15.15 -10 -6.5 15.05 -10 -7.35 14.8 -10 -7.3 15.15 -10
4 82 -6.7 15.3 -10 -6.65 15.15 -10 -7.3 15.15 -10 -7.2 15.45 -10
4 82 -6.75 15.45 -10 -6.7 15.3 -10 -7.2 15.45 -10 -7.05 15.55 -10
3 82 -6.75 15.45 -10 -7.05 15.55 -10 -6.85 15.55 -10
4 82 -6 14.2 -10 -6.25 14.2 -10 -6.5 15.05 -10 -6.35 15.1 -10
4 82 -5.45 14.3 -10 -6 14.2 -10 -6.35 15.1 -10 -5.45 14.5 -10
4 82 -5.45 14.5 -10 -6.35 15.1 -10 -6.3 15.35 -10 -5.35 14.65 -10
4 82 -5.35 14.65 -10 -6.3 15.35 -10 -6.2 15.65 -10 -5.95 15.8 -10
4 82 -5.35 14.65 -10 -5.95 15.8 -10 -5.5 15.85 -10 -5.15 15.7 -10
4 82 -5.35 14.65 -10 -5.15 15.7 -10 -5 15.45 -10 -4.9 15.05 -10
3 82 -5.35 14.65 -10 -4.9 15.05 -10 -5.15 14.75 -10
3 82 -4.95 14.7 -10 -5.15 14.75 -10 -4.9 15.05 -10
4 82 -9.15 14.4 -10 -9.4 14.4 -10 -9.5 14.65 -10 -9 14.6 -10
4 82 -9 14.6 -10 -9.5 14.65 -10 -9.45 14.9 -10 -9.2 15.25 -10
4 82 -8.8 14.75 -10 -9 14.6 -10 -9.2 15.25 -10 -8.85 15.5 -10
4 82 -8.6 14.75 -10 -8.8 14.75 -10 -8.85 15.5 -10 -8.7 15.8 -10
4 82 -8.6 14.75 -10 -8.7 15.8 -10 -8.5 15.85 -10 -8.25 15.75 -10
4 82 -8.6 14.75 -10 -8.25 15.75 -10 -8.1 15.55 -10 -8.5 14.6 -10
4 82 -8.5 14.6 -10 -8.1 15.55 -10 -7.95 15.25 -10 -7.8 14.75 -10
4 272 -15 16.45 -10 -15.25 16 -10 -15.65 17.7 -10 -15.3 17.6 -10
4 272 -15 16.45 -10 -15.3 17.6 -10 -14.9 17.4 -10 -14.8 16.8 -10
3 272 -14.8 16.8 -10 -14.9 17.4 -10 -14.75 17.15 -10
3 16 -12 0 -10 -11.95 1 -10 -10.7 1 -10
3 16 -12 0 -10 -10.7 1 -10 -9.95 1 -10
3 16 -12 0 -10 -9.95 1 -10 -8.65 1 -10
3 16 -12 0 -10 -8.65 1 -10 -7.55 1 -10
4 16 -12 0 -10 -7.55 1 -10 -6.25 1 -10 0 0 -10
4 16 0 0 -10 -6.25 1 -10 -5.6 1.75 -10 -4.7 1.9 -10
3 16 0 0 -10 -4.7 1.9 -10 -3.45 2.2 -10
3 16 0 0 -10 -3.45 2.2 -10 -2.2 2.6 -10
3 16 0 0 -10 -2.2 2.6 -10 -0.85 3.05 -10
3 16 0 0 -10 -0.85 3.05 -10 -0.05 3.4 -10
4 16 0 0 -10 -0.05 3.4 -10 0.5 3.75 -10 2.55 3.4 -10
3 16 0 0 -10 2.55 3.4 -10 3.9 2.7 -10
4 16 0 0 -10 3.9 2.7 -10 5 2.2 -10 6.05 1.15 -10
4 16 5.65 2.9 -10 6.05 1.15 -10 5 2.2 -10 4.75 3.5 -10
3 16 5.65 2.9 -10 4.75 3.5 -10 5.2 4.65 -10
4 16 0 0 -10 6.05 1.15 -10 7 1.15 -10 12 0 -10
4 16 12 0 -10 7 1.15 -10 10.7 1.3 -10 11.7 1.3 -10
4 16 14.345 2 -10 12 0 -10 11.7 1.3 -10 11.4 2.75 -10
3 16 14.345 2 -10 11.4 2.75 -10 11.05 4.15 -10
3 16 14.345 2 -10 11.05 4.15 -10 10.4 6.05 -10
4 16 14.345 2 -10 10.4 6.05 -10 9.7 7.6 -10 10.2 11.519 -10
3 16 14.345 2 -10 10.2 11.519 -10 10.82416 11.64315 -10
3 16 14.345 2 -10 10.82416 11.64315 -10 11.35329 11.99671 -10
4 16 14.345 2 -10 11.35329 11.99671 -10 11.70685 12.52584 -10 13.85 13.15 -10
3 16 14.345 2 -10 13.85 13.15 -10 14.9 12.15 -10
3 16 11.70685 12.52584 -10 11.831 13.15 -10 13.85 13.15 -10
4 16 9.68064 12.93487 -10 9.63785 13.15 -10 9.68064 13.36513 -10 9.8025 13.5475 -10
4 16 9.8025 12.7525 -10 9.68064 12.93487 -10 9.8025 13.5475 -10 9.98487 12.63064 -10
4 16 9.98487 12.63064 -10 9.8025 13.5475 -10 9.98487 13.66936 -10 10.2 13.71215 -10
4 16 10.2 12.58785 -10 9.98487 12.63064 -10 10.2 13.71215 -10 10.41513 12.63064 -10
4 16 10.41513 12.63064 -10 10.2 13.71215 -10 10.41513 13.66936 -10 10.5975 13.5475 -10
4 16 10.5975 12.7525 -10 10.41513 12.63064 -10 10.5975 13.5475 -10 10.71936 12.93487 -10
4 16 10.71936 12.93487 -10 10.5975 13.5475 -10 10.71936 13.36513 -10 10.76215 13.15 -10
4 16 13.85 13.15 -10 11.831 13.15 -10 11.70685 13.77416 -10 12.8 14.1 -10
4 16 12.8 14.1 -10 11.70685 13.77416 -10 11.35329 14.30329 -10 11.8 14.75 -10
4 16 11.8 14.75 -10 11.35329 14.30329 -10 10.82416 14.65685 -10 10.7 15.25 -10
3 16 11.8 14.75 -10 10.7 15.25 -10 11.55 15.45 -10
4 16 11.55 15.45 -10 10.7 15.25 -10 10.7 18.45 -10 11.2 18.35 -10
3 16 11.55 15.45 -10 11.2 18.35 -10 11.75 18.05 -10
4 16 11.55 15.45 -10 11.75 18.05 -10 12.3 17.75 -10 12.65 15.05 -10
4 16 13.35 16.1 -10 12.65 15.05 -10 12.3 17.75 -10 13.4 16.4 -10
3 16 13.4 16.4 -10 12.3 17.75 -10 12.7 17.7 -10
3 16 13.4 16.4 -10 12.7 17.7 -10 13.35 17.75 -10
4 16 12.65 15.05 -10 13.35 16.1 -10 13.9 15.65 -10 13.8 14.4 -10
4 16 13.8 14.4 -10 13.9 15.65 -10 14.65 15.1 -10 14.7 13.8 -10
4 16 14.7 13.8 -10 14.65 15.1 -10 15.45 14.4 -10 15.2 13.35 -10
4 16 14.05 17.95 -10 13.35 17.75 -10 13.1 18.35 -10 13.7 19.2 -10
4 16 13.4 16.4 -10 13.35 17.75 -10 14.05 17.95 -10 14.55 17.7 -10
4 16 14.45 15.85 -10 13.4 16.4 -10 14.55 17.7 -10 14.9 17.65 -10
4 16 15.25 15.4 -10 14.45 15.85 -10 14.9 17.65 -10 15.5 17.75 -10
4 16 15.6 15.1 -10 15.25 15.4 -10 15.5 17.75 -10 17 20 -10
3 16 15.5 17.75 -10 15.25 18.3 -10 15.7 18.4 -10
3 16 13.1 18.35 -10 13.35 19.2 -10 13.7 19.2 -10
4 16 14.6 18.05 -10 14.05 17.95 -10 13.7 19.2 -10 14.9 18.35 -10
4 16 14.95 18.75 -10 14.9 18.35 -10 13.7 19.2 -10 13.85 19.65 -10
4 16 14.95 18.75 -10 13.85 19.65 -10 13.95 19.7 -10 14.85 19.25 -10
4 16 14.6 19.75 -10 14.85 19.25 -10 13.95 19.7 -10 13.6 20.3 -10
4 16 15.15 19.85 -10 14.6 19.75 -10 13.6 20.3 -10 17.2 26.15 -10
3 16 14.345 2 -10 14.9 12.15 -10 15.2 13.35 -10
3 16 14.345 2 -10 15.2 13.35 -10 15.45 14.4 -10
4 16 14.345 2 -10 15.45 14.4 -10 15.6 15.1 -10 17 20 -10
3 16 15.5 17.75 -10 15.7 18.4 -10 17 20 -10
3 16 15.7 18.4 -10 16 19.7 -10 17 20 -10
4 16 17 20 -10 16 19.7 -10 17.2 26.15 -10 19 29 -10
4 16 19 29 -10 17.2 26.15 -10 17.4 27.95 -10 17.55 28.8 -10
4 16 19 29 -10 17.55 28.8 -10 17.75 29.65 -10 19 32 -10
3 16 14.345 2 -10 17 20 -10 19 29 -10
3 16 17.75 29.65 -10 14.75 29.85 -10 19 32 -10
3 16 14.75 29.85 -10 10 30.15 -10 19 32 -10
4 16 19 32 -10 10 30.15 -10 6.85 30.2 -10 0 32 -10
3 16 6.85 30.2 -10 4.6 30.25 -10 0 32 -10
3 16 4.6 30.25 -10 -2.7 30.25 -10 0 32 -10
4 16 0 32 -10 -2.7 30.25 -10 -6.2 30.1 -10 -7.25 30.3 -10
3 16 -7.25 30.3 -10 -7.7 30.65 -10 0 32 -10
4 16 0 32 -10 -7.7 30.65 -10 -8.45 30.9 -10 -10 32 -10
4 16 -9.7 30.9 -10 -10 32 -10 -8.45 30.9 -10 -8.95 30.55 -10
4 16 -8.95 30.55 -10 -8.45 30.9 -10 -7.8 30.3 -10 -8.25 29.95 -10
4 16 -8.25 29.95 -10 -7.8 30.3 -10 -7.4 29.8 -10 -7.7 29.2 -10
4 16 -7.7 29.2 -10 -7.4 29.8 -10 -7.05 29.25 -10 -7.15 28.35 -10
3 16 -6.85 29.8 -10 -7.25 30.3 -10 -6.2 30.1 -10
4 16 -6.45 29.05 -10 -6.85 29.8 -10 -6.2 30.1 -10 -5.7 28.95 -10
4 16 -6.15 28.25 -10 -6.45 29.05 -10 -5.7 28.95 -10 -5.3 27.75 -10
4 16 -5.95 27.5 -10 -6.15 28.25 -10 -5.3 27.75 -10 -5.05 26.65 -10
3 16 -5.05 26.65 -10 -5.8 26.65 -10 -5.95 27.5 -10
4 16 -18 29.55 -10 -18 29 -10 -19 29 -10 -19 32 -10
3 16 -18 29.55 -10 -19 32 -10 -17.4 29.65 -10
4 16 -16.6 29.7 -10 -17.4 29.65 -10 -19 32 -10 -15.55 29.8 -10
3 16 -15.55 29.8 -10 -19 32 -10 -14.75 30.3 -10
3 16 -14.75 30.3 -10 -19 32 -10 -13.85 30.6 -10
3 16 -13.85 30.6 -10 -19 32 -10 -12.95 30.75 -10
4 16 -11.95 30.8 -10 -12.95 30.75 -10 -19 32 -10 -10 32 -10
4 16 -10.85 30.6 -10 -11.95 30.8 -10 -10 32 -10 -9.85 30.75 -10
3 16 -9.85 30.75 -10 -10 32 -10 -9.7 30.9 -10
4 16 -9.9 30.2 -10 -10.85 30.6 -10 -9.85 30.75 -10 -9.35 30.5 -10
4 16 -9.15 29.7 -10 -9.9 30.2 -10 -9.35 30.5 -10 -8.65 29.95 -10
4 16 -8.55 29 -10 -9.15 29.7 -10 -8.65 29.95 -10 -8.15 29.3 -10
4 16 -8.2 28.3 -10 -8.55 29 -10 -8.15 29.3 -10 -7.7 28.45 -10
4 16 -8 27.55 -10 -8.2 28.3 -10 -7.7 28.45 -10 -7.5 27.7 -10
4 16 -7.95 26.8 -10 -8 27.55 -10 -7.5 27.7 -10 -7.4 26.8 -10
4 16 -7.95 25.9 -10 -7.95 26.8 -10 -7.4 26.8 -10 -7.4 25.9 -10
4 16 -8.05 25.2 -10 -7.95 25.9 -10 -7.4 25.9 -10 -7.5 25.2 -10
4 16 -8.05 25.2 -10 -7.5 25.2 -10 -7.6 24.75 -10 -8.4 24.65 -10
4 16 -6.3 24.7 -10 -6.6 24.2 -10 -6.8 24.85 -10 -6.2 25.3 -10
4 16 -6.2 25.3 -10 -6.8 24.85 -10 -6.7 25.45 -10 -6.2 26.1 -10
4 16 -6.2 26.1 -10 -6.7 25.45 -10 -6.7 26.55 -10 -6.3 27.05 -10
4 16 -6.3 27.05 -10 -6.7 26.55 -10 -6.85 27.5 -10 -6.45 27.75 -10
4 16 -6.45 27.75 -10 -6.85 27.5 -10 -7.15 28.35 -10 -6.7 28.5 -10
3 16 -7.15 28.35 -10 -7.05 29.25 -10 -6.7 28.5 -10
3 16 -17.6 26.9 -10 -19 29 -10 -18 29 -10
4 16 -16.95 26.55 -10 -17.6 26.9 -10 -17.55 27.7 -10 -16.8 27.45 -10
4 16 -16.8 27.45 -10 -17.55 27.7 -10 -17.4 28.4 -10 -16.5 28.4 -10
4 16 -16.5 28.4 -10 -17.4 28.4 -10 -17.1 29 -10 -16.85 29.3 -10
4 16 -16.5 28.4 -10 -16.85 29.3 -10 -16.6 29.5 -10 -16.1 29.15 -10
4 16 -16.1 29.15 -10 -16.6 29.5 -10 -16.6 29.7 -10 -15.55 29.8 -10
4 16 -15.7 25.35 -10 -16.15 25.05 -10 -16.3 25.5 -10 -15.85 25.7 -10
4 16 -15.85 25.7 -10 -16.3 25.5 -10 -16.4 26.15 -10 -15.95 26.25 -10
4 16 -15.95 26.25 -10 -16.4 26.15 -10 -16.35 26.85 -10 -15.9 26.9 -10
4 16 -15.9 26.9 -10 -16.35 26.85 -10 -16.15 27.6 -10 -15.65 27.75 -10
4 16 -15.65 27.75 -10 -16.15 27.6 -10 -15.85 28.3 -10 -15.4 28.2 -10
4 16 -15.4 28.2 -10 -15.85 28.3 -10 -15.35 29.05 -10 -14.95 28.8 -10
4 16 -14.95 28.8 -10 -15.35 29.05 -10 -14.8 29.5 -10 -14.4 29.2 -10
4 16 -14.4 29.2 -10 -14.8 29.5 -10 -14.05 29.9 -10 -13.75 29.55 -10
4 16 -13.75 29.55 -10 -14.05 29.9 -10 -13.25 30.15 -10 -13 29.75 -10
4 16 -13 29.75 -10 -13.25 30.15 -10 -12.25 30.25 -10 -12.05 29.8 -10
4 16 -12.05 29.8 -10 -12.25 30.25 -10 -11.3 30.15 -10 -11.3 29.7 -10
4 16 -11.3 29.7 -10 -11.3 30.15 -10 -10.45 29.85 -10 -10.6 29.4 -10
4 16 -10.6 29.4 -10 -10.45 29.85 -10 -9.8 29.45 -10 -10.15 29.05 -10
4 16 -10.15 29.05 -10 -9.8 29.45 -10 -9.3 28.95 -10 -9.6 28.4 -10
4 16 -9.6 28.4 -10 -9.3 28.95 -10 -8.95 28.35 -10 -9.3 27.85 -10
4 16 -9.3 27.85 -10 -8.95 28.35 -10 -8.7 27.7 -10 -9.1 27.25 -10
4 16 -9.1 27.25 -10 -8.7 27.7 -10 -8.55 27.05 -10 -9.05 26.7 -10
4 16 -9.05 26.7 -10 -8.55 27.05 -10 -8.5 26.35 -10 -9.1 26.2 -10
4 16 -9.1 26.2 -10 -8.5 26.35 -10 -8.55 25.75 -10 -9.3 25.75 -10
3 16 -16.95 25.8 -10 -17.6 26.9 -10 -16.95 26.55 -10
4 16 -17.6 26.9 -10 -16.95 25.8 -10 -16.85 25.25 -10 -19 29 -10
4 16 -17 23 -10 -19 29 -10 -16.85 25.25 -10 -16.65 24.75 -10
4 16 -17 23 -10 -16.65 24.75 -10 -16.45 24.6 -10 -16 23.7 -10
4 16 -17 23 -10 -15.95 23.35 -10 -15.75 23 -10 -16.05 21.95 -10
3 16 -17 23 -10 -16 23.7 -10 -15.95 23.35 -10
4 16 -16 23.7 -10 -16.45 24.6 -10 -16.2 24.6 -10 -15.9 24.25 -10
4 16 -15.9 24.25 -10 -16.2 24.6 -10 -16.1 24.75 -10 -15.65 24.7 -10
4 16 -15.65 24.7 -10 -16.1 24.75 -10 -16.15 25.05 -10 -15.7 25.35 -10
4 16 -15.2 25.15 -10 -15.65 24.7 -10 -15.7 25.35 -10 -15.35 25.6 -10
4 16 -14.5 25.55 -10 -15.2 25.15 -10 -15.35 25.6 -10 -14.8 25.95 -10
4 16 -14.5 25.55 -10 -14.8 25.95 -10 -14.1 26.3 -10 -13.7 25.85 -10
4 16 -13.7 25.85 -10 -14.1 26.3 -10 -13.7 26.5 -10 -13.2 26.15 -10
4 16 -13.2 26.15 -10 -13.7 26.5 -10 -13.08943 26.99268 -10 -12.85 26.25 -10
3 16 -12.85 26.25 -10 -13.08943 26.99268 -10 -12.9 26.955 -10
4 16 -13.95 26.85 -10 -13.25002 27.09998 -10 -13.08943 26.99268 -10 -13.7 26.5 -10
4 16 -13.95 26.85 -10 -14.1 27.1 -10 -13.35732 27.26057 -10 -13.25002 27.09998 -10
4 16 -14.1 27.1 -10 -14.15 27.45 -10 -13.395 27.45 -10 -13.35732 27.26057 -10
4 16 -13.35732 27.63943 -10 -13.395 27.45 -10 -14.15 27.45 -10 -14.1 27.85 -10
4 16 -13.35732 27.63943 -10 -14.1 27.85 -10 -13.85 28.25 -10 -13.25002 27.80002 -10
4 16 -13.25002 27.80002 -10 -13.85 28.25 -10 -13.5 28.5 -10 -13.08943 27.90732 -10
4 16 -13.08943 27.90732 -10 -13.5 28.5 -10 -13 28.6 -10 -12.9 27.945 -10
4 16 -12.9 27.945 -10 -13 28.6 -10 -12.55 28.55 -10 -12.71057 27.90732 -10
4 16 -12.71057 27.90732 -10 -12.55 28.55 -10 -12.2 28.4 -10 -12.54998 27.80002 -10
4 16 -12.54998 27.80002 -10 -12.2 28.4 -10 -11.95 28.15 -10 -12.44268 27.63943 -10
4 16 -12.44268 27.63943 -10 -11.95 28.15 -10 -11.8 27.75 -10 -12.405 27.45 -10
4 16 -12.44268 27.26057 -10 -12.405 27.45 -10 -11.8 27.75 -10 -11.85 26.8 -10
4 16 -12.54998 27.09998 -10 -12.44268 27.26057 -10 -11.85 26.8 -10 -12.35 26.3 -10
4 16 -12.71057 26.99268 -10 -12.54998 27.09998 -10 -12.35 26.3 -10 -12.85 26.25 -10
3 16 -12.85 26.25 -10 -12.9 26.955 -10 -12.71057 26.99268 -10
4 16 -12.25 25.55 -10 -12.35 26.3 -10 -11.8 26.3 -10 -11.65 25.6 -10
3 16 -11.8 26.3 -10 -12.35 26.3 -10 -11.85 26.8 -10
4 16 -11.15 26.3 -10 -11.8 26.3 -10 -11.85 26.8 -10 -11.05 26.75 -10
4 16 -10.45 26.2 -10 -11.15 26.3 -10 -11.05 26.75 -10 -10.2 26.7 -10
4 16 -9.85 26.05 -10 -10.45 26.2 -10 -10.2 26.7 -10 -9.65 26.55 -10
4 16 -9.85 26.05 -10 -9.65 26.55 -10 -9.35 26.4 -10 -9.3 25.75 -10
3 16 -9.3 25.75 -10 -9.35 26.4 -10 -9.1 26.2 -10
4 16 -8.75 25.25 -10 -9.3 25.75 -10 -8.55 25.75 -10 -8.3 25.5 -10
4 16 -8.4 24.65 -10 -8.75 25.25 -10 -8.3 25.5 -10 -8.05 25.2 -10
4 16 -8.4 24.65 -10 -7.6 24.75 -10 -7.55 24.5 -10 -8.05 23.95 -10
4 16 -7.7 23.9 -10 -8.05 23.95 -10 -7.55 24.5 -10 -7.35 24.45 -10
4 16 -7 24 -10 -7.7 23.9 -10 -7.35 24.45 -10 -7.1 24.55 -10
4 16 -6.6 24.2 -10 -7 24 -10 -7.1 24.55 -10 -6.8 24.85 -10
4 16 -15 22.4 -10 -15.1 22.9 -10 -14.6 23 -10 -14.25 22.65 -10
4 16 -15.1 22.9 -10 -15.1 23.4 -10 -14.65 23.35 -10 -14.6 23 -10
4 16 -15.1 23.4 -10 -15.05 23.8 -10 -14.6 23.7 -10 -14.65 23.35 -10
4 16 -14.6 23.7 -10 -15.05 23.8 -10 -14.85 24.25 -10 -14.25 24.1 -10
4 16 -14.25 24.1 -10 -14.85 24.25 -10 -14.45 24.65 -10 -13.85 24.45 -10
4 16 -13.85 24.45 -10 -14.45 24.65 -10 -14.05 24.95 -10 -13.5 24.65 -10
4 16 -13.5 24.65 -10 -14.05 24.95 -10 -13.55 25.15 -10 -12.9 24.9 -10
4 16 -12.9 24.9 -10 -13.55 25.15 -10 -13.05 25.45 -10 -12.55 25 -10
4 16 -12.55 25 -10 -13.05 25.45 -10 -12.6 25.5 -10 -12 25.05 -10
4 16 -12 25.05 -10 -12.6 25.5 -10 -12.25 25.55 -10 -11.5 25.1 -10
4 16 -11.5 25.1 -10 -12.25 25.55 -10 -11.65 25.6 -10 -10.9 25.1 -10
4 16 -10.9 25.1 -10 -11.65 25.6 -10 -10.75 25.55 -10 -10.3 24.95 -10
4 16 -10.3 24.95 -10 -10.75 25.55 -10 -10.1 25.4 -10 -9.8 24.65 -10
4 16 -9.8 24.65 -10 -10.1 25.4 -10 -9.5 25.1 -10 -9.5 24.4 -10
4 16 -9.5 24.4 -10 -9.5 25.1 -10 -8.95 24.55 -10 -9.3 24.1 -10
4 16 -9.3 24.1 -10 -8.95 24.55 -10 -8.65 24 -10 -9 23.5 -10
4 16 -9 23.5 -10 -8.65 24 -10 -8.45 23.55 -10 -8.9 23.15 -10
4 16 -8.9 23.15 -10 -8.45 23.55 -10 -8.2 23.3 -10 -8.9 22.95 -10
4 16 -8.9 22.95 -10 -8.2 23.3 -10 -7.85 23.25 -10 -5.25 21.85 -10
4 16 -13.05 25.45 -10 -13.55 25.15 -10 -13.7 25.85 -10 -13.2 26.15 -10
4 16 -13.35 24.4 -10 -13.5 24.65 -10 -12.9 24.9 -10 -12.75 24.6 -10
4 16 -12.15 24.7 -10 -12 25.05 -10 -11.5 25.1 -10 -11.4 24.8 -10
4 16 -13.8 23.2 -10 -13.9 23.55 -10 -13.15 23.6 -10 -13.1 23.4 -10
4 16 -13.6 22.95 -10 -13.8 23.2 -10 -13.1 23.4 -10 -13.25 22.75 -10
4 16 -13.25 22.75 -10 -13.1 23.4 -10 -12.9 23.35 -10 -12.45 22.7 -10
4 16 -12.45 22.7 -10 -12.9 23.35 -10 -12.1 23.5 -10 -11.3 22.85 -10
4 16 -11.3 22.85 -10 -12.1 23.5 -10 -11.5 23.6 -10 -10.55 23.05 -10
4 16 -10.55 23.05 -10 -11.5 23.6 -10 -10.85 23.7 -10 -10.25 23.25 -10
4 16 -10.25 23.25 -10 -10.85 23.7 -10 -10.65 23.8 -10 -10 23.55 -10
4 16 -10 23.55 -10 -10.65 23.8 -10 -10.6 23.95 -10 -9.95 23.95 -10
4 16 -10 24.3 -10 -9.95 23.95 -10 -10.6 23.95 -10 -10.7 24.05 -10
4 16 -10.2 24.55 -10 -10 24.3 -10 -10.7 24.05 -10 -10.8 24.75 -10
4 16 -10.8 24.75 -10 -10.7 24.05 -10 -10.9 24.1 -10 -11.4 24.8 -10
4 16 -11.4 24.8 -10 -10.9 24.1 -10 -12 23.95 -10 -12.15 24.7 -10
4 16 -12.75 24.6 -10 -12.15 24.7 -10 -12 23.95 -10 -13.05 23.75 -10
4 16 -13.35 24.4 -10 -12.75 24.6 -10 -13.05 23.75 -10 -13.65 24.15 -10
4 16 -13.65 24.15 -10 -13.05 23.75 -10 -13.15 23.6 -10 -13.8 23.85 -10
3 16 -13.9 23.55 -10 -13.8 23.85 -10 -13.15 23.6 -10
4 16 -16.05 21.95 -10 -15.5 22.7 -10 -15 22.4 -10 -15.2 21.35 -10
3 16 -16.05 21.95 -10 -15.75 23 -10 -15.5 22.7 -10
4 16 -16.4 21.35 -10 -17 23 -10 -16.05 21.95 -10 -16.15 21.2 -10
3 16 -16.4 21.35 -10 -16.7 21.4 -10 -17 23 -10
4 16 -17 23 -10 -16.7 21.4 -10 -16.85 21.05 -10 -19 29 -10
4 16 -15.2 21.35 -10 -15 22.4 -10 -14.25 22.65 -10 -14.85 21 -10
4 16 -14.85 21 -10 -14.25 22.65 -10 -13.7 22.45 -10 -14.7 20.6 -10
4 16 -14.7 20.6 -10 -13.7 22.45 -10 -14.2 20.4 -10 -14.6 19.85 -10
3 16 -14.25 19.85 -10 -14.6 19.85 -10 -14.2 20.4 -10
4 16 -13.9 20.3 -10 -14.2 20.4 -10 -13.7 22.45 -10 -13 22.4 -10
4 16 -13.55 20 -10 -13.9 20.3 -10 -13 22.4 -10 -11.65 22.4 -10
4 16 -13.2 19.6 -10 -13.55 20 -10 -11.65 22.4 -10 -10.6 22.5 -10
4 16 -13.05 19.1 -10 -13.2 19.6 -10 -10.6 22.5 -10 -11.6 17.7 -10
4 16 -13.05 19.1 -10 -11.6 17.7 -10 -11.9 17.55 -10 -13.05 18.5 -10
4 16 -13.05 18.5 -10 -11.9 17.55 -10 -12.15 17.3 -10 -13.25 17.9 -10
3 16 -12.15 17.3 -10 -13.55 17.5 -10 -13.25 17.9 -10
4 16 -13.9 17.2 -10 -13.55 17.5 -10 -12.15 17.3 -10 -14.15 14.1 -10
4 16 -14.1 17.65 -10 -13.9 17.2 -10 -14.75 17.15 -10 -14.9 17.4 -10
4 16 -14.3 18.2 -10 -14.1 17.65 -10 -14.9 17.4 -10 -14.85 18.3 -10
4 16 -15.3 17.6 -10 -15.65 17.7 -10 -15.3 18.7 -10 -14.85 18.3 -10
3 16 -14.9 17.4 -10 -15.3 17.6 -10 -14.85 18.3 -10
3 16 -15.65 17.7 -10 -15.7 19.15 -10 -15.3 18.7 -10
3 16 -15.95 19.7 -10 -16.45 20.3 -10 -16.15 20.4 -10
4 16 -16.7 20.35 -10 -16.45 20.3 -10 -15.95 19.7 -10 -15.7 19.15 -10
4 16 -16.7 20.35 -10 -15.7 19.15 -10 -15.65 17.7 -10 -17 20 -10
4 16 -14.8 16.8 -10 -14.75 17.15 -10 -13.9 17.2 -10 -14.15 14.1 -10
4 16 -15 16.45 -10 -14.8 16.8 -10 -14.15 14.1 -10 -14.25 13.85 -10
4 16 -17 20 -10 -19 29 -10 -16.85 21.05 -10 -16.7 20.35 -10
4 16 -15.25 16 -10 -14.3 13.6 -10 -14.3 13.3 -10 -15 10 -10
3 16 -15 10 -10 -14.3 13.3 -10 -14.1 11.45 -10
4 16 -15 10 -10 -14.1 11.45 -10 -13.35 6.6 -10 -14.345 2 -10
3 16 -14.345 2 -10 -13.35 6.6 -10 -12.95 4.65 -10
3 16 -12.15 1.45 -10 -14.345 2 -10 -12.5 2.65 -10
3 16 -14.345 2 -10 -12.95 4.65 -10 -12.5 2.65 -10
4 16 -14.345 2 -10 -12.15 1.45 -10 -11.95 1 -10 -12 0 -10
4 16 -17 20 -10 -15 10 -10 -14.345 2 -10 -19 29 -10
4 16 -10.7 1 -10 -10.9 1.6 -10 -10.15 2.05 -10 -9.95 1 -10
4 16 -10.15 2.05 -10 -10.9 1.6 -10 -11.3 3.1 -10 -10.4 3.55 -10
4 16 -10.55 4.6 -10 -10.4 3.55 -10 -11.3 3.1 -10 -11.7 5.05 -10
4 16 -10.55 4.8 -10 -10.55 4.6 -10 -11.7 5.05 -10 -10.75 5.7 -10
4 16 -10.55 4.8 -10 -10.75 5.7 -10 -10.6 5.55 -10 -10.45 4.95 -10
4 16 -10.45 4.95 -10 -10.6 5.55 -10 -10.4 5.55 -10 -9.55 5.1 -10
3 16 -9.55 5.1 -10 -10.4 5.55 -10 -9.5 5.7 -10
4 16 -9.45 5 -10 -9.55 5.1 -10 -9.5 5.7 -10 -8.95 5.85 -10
4 16 -9.35 4.8 -10 -8.1 4.6 -10 -8.25 4.45 -10 -9.2 3.85 -10
3 16 -9.2 3.85 -10 -8.25 4.45 -10 -8.35 4.15 -10
4 16 -9.2 3.85 -10 -8.35 4.15 -10 -8.3 3.6 -10 -8.95 2.45 -10
3 16 -8.95 2.45 -10 -8.3 3.6 -10 -8.1 2.8 -10
4 16 -8.95 2.45 -10 -8.1 2.8 -10 -7.8 1.75 -10 -8.65 1 -10
3 16 -7.55 1 -10 -8.65 1 -10 -7.8 1.75 -10
4 16 -5.6 1.75 -10 -6.25 1 -10 -6.55 2 -10 -5.95 2.5 -10
4 16 -5.95 2.5 -10 -6.55 2 -10 -6.75 2.95 -10 -5.95 2.75 -10
4 16 -5.95 2.75 -10 -6.75 2.95 -10 -6.75 3.2 -10 -5.8 2.85 -10
4 16 -5.8 2.85 -10 -6.75 3.2 -10 -6.7 3.35 -10 -6.55 3.5 -10
4 16 -4.25 3.15 -10 -4.85 2.95 -10 -4.9 3.6 -10 -4.65 3.65 -10
4 16 -4.25 3.15 -10 -4.65 3.65 -10 -4.35 3.8 -10 -3.4 3.7 -10
4 16 -5.8 2.85 -10 -6.55 3.5 -10 -6.05 3.55 -10 -4.85 2.95 -10
3 16 -4.85 2.95 -10 -6.05 3.55 -10 -4.9 3.6 -10
3 16 -3.4 3.7 -10 -4.35 3.8 -10 -1.25 5.2 -10
4 16 -0.55 5.65 -10 -1.25 5.2 -10 -4.35 3.8 -10 -0.5 5.8 -10
4 16 0 6.95 -10 0.1 6.2 -10 -0.5 5.8 -10 -4.35 3.8 -10
4 16 -1.25 5.2 -10 -0.55 5.65 -10 -0.45 5.45 -10 -0.4 4.45 -10
4 16 -0.4 4.45 -10 -0.45 5.45 -10 0.3 4.9 -10 0.5 3.75 -10
3 16 0.5 3.75 -10 0.3 4.9 -10 1.3 4.2 -10
3 16 2.55 3.4 -10 0.5 3.75 -10 1.3 4.2 -10
4 16 2.3 5.35 -10 2.25 5.6 -10 2.35 5.75 -10 2.6 5.7 -10
4 16 2.3 5.35 -10 2.6 5.7 -10 2.8 5.55 -10 2.55 5 -10
4 16 2.55 5 -10 2.8 5.55 -10 2.95 5.45 -10 3.2 4.4 -10
3 16 3.2 4.4 -10 2.95 5.45 -10 3.3 5.4 -10
4 16 3.2 4.4 -10 3.3 5.4 -10 3.55 5.45 -10 4.1 3.75 -10
4 16 4.1 3.75 -10 3.55 5.45 -10 5.2 4.65 -10 4.75 3.5 -10
3 16 3.55 5.9 -10 3.35 6.25 -10 3.6 6.15 -10
4 16 3.55 5.9 -10 3.6 6.15 -10 3.7 6.2 -10 4.65 6.25 -10
4 16 5.2 4.65 -10 3.55 5.45 -10 3.6 5.6 -10 4.65 6.25 -10
3 16 3.6 5.6 -10 3.55 5.9 -10 4.65 6.25 -10
4 16 4.65 6.25 -10 3.7 6.2 -10 3.7 6.3 -10 3.95 7.8 -10
3 16 3.7 6.3 -10 3.55 6.75 -10 3.95 7.8 -10
3 16 3.55 6.75 -10 3.35 7.2 -10 3.95 7.8 -10
4 16 3.95 7.8 -10 3.35 7.2 -10 3.05 7.55 -10 3.2 9.05 -10
4 16 1.55 8.35 -10 1.4 8.3 -10 1.5 9.05 -10 1.8 8.95 -10
4 16 1.9 8.25 -10 1.55 8.35 -10 1.8 8.95 -10 2.2 8.9 -10
4 16 2.55 7.9 -10 1.9 8.25 -10 2.2 8.9 -10 2.3 9.05 -10
4 16 2.55 7.9 -10 2.3 9.05 -10 3.2 9.05 -10 3.05 7.55 -10
4 16 1.95 9.5 -10 1.8 11 -10 2.5 10.15 -10 3.2 9.05 -10
3 16 3.2 9.05 -10 2.3 9.05 -10 1.95 9.5 -10
4 16 1.8 11 -10 1.95 9.5 -10 1.65 9.9 -10 0.85 11.25 -10
4 16 0.8 9.95 -10 0.85 11.25 -10 1.65 9.9 -10 1.6 9.5 -10
4 16 0.8 9.95 -10 1.6 9.5 -10 1.5 9.05 -10 0.7 8.95 -10
4 16 0.7 8.95 -10 1.5 9.05 -10 1.4 8.3 -10 1.3 8.1 -10
4 16 0.55 8.05 -10 0.7 8.95 -10 1.3 8.1 -10 1.1 7.4 -10
4 16 0.4 7.65 -10 0.55 8.05 -10 1.1 7.4 -10 0.7 6.75 -10
4 16 0.2 7.25 -10 0.4 7.65 -10 0.7 6.75 -10 0.1 6.2 -10
3 16 0.1 6.2 -10 0 6.95 -10 0.2 7.25 -10
4 16 1.8 11 -10 0.85 11.25 -10 0.8 12.4 -10 1.8 12.8 -10
4 16 1.8 12.8 -10 0.8 12.4 -10 0.7 13.45 -10 1.55 14 -10
4 16 1.55 14 -10 0.7 13.45 -10 0.5 14.5 -10 1.45 14.65 -10
4 16 1.45 14.65 -10 0.5 14.5 -10 0.25 15.5 -10 1.4 15.35 -10
4 16 2.6 15 -10 2.6 15.3 -10 3.3 15.2 -10 2.95 14.8 -10
4 16 3.2 14.55 -10 2.95 14.8 -10 3.3 15.2 -10 3.8 15.2 -10
4 16 4.05 14.25 -10 3.2 14.55 -10 3.8 15.2 -10 4.25 15.25 -10
4 16 4.9 14.7 -10 4.05 14.25 -10 4.25 15.25 -10 4.7 15.45 -10
3 16 4.9 14.7 -10 4.7 15.45 -10 5 15.7 -10
4 16 4.9 14.7 -10 5 15.7 -10 5.35 16.25 -10 6 16.2 -10
4 16 5.4 14 -10 4.9 14.7 -10 6 16.2 -10 6.55 16.3 -10
4 16 5.4 14 -10 6.55 16.3 -10 8.8 14.95 -10 9.04671 14.30329 -10
4 16 9.04671 14.30329 -10 8.8 14.95 -10 9.25 15.25 -10 9.57584 14.65685 -10
4 16 9.57584 14.65685 -10 9.25 15.25 -10 9.7 15.35 -10 10.2 14.781 -10
4 16 10.2 14.781 -10 9.7 15.35 -10 10.25 15.35 -10 10.7 15.25 -10
3 16 10.82416 14.65685 -10 10.2 14.781 -10 10.7 15.25 -10
4 16 5.4 14 -10 9.04671 14.30329 -10 8.69315 13.77416 -10 6.6 12.5 -10
3 16 6.6 12.5 -10 8.569 13.15 -10 8.69315 12.52584 -10
3 16 6.6 12.5 -10 8.69315 13.77416 -10 8.569 13.15 -10
4 16 6.6 12.5 -10 8.69315 12.52584 -10 9.04671 11.99671 -10 7.9 10.7 -10
4 16 7.9 10.7 -10 9.04671 11.99671 -10 9.57584 11.64315 -10 8.9 9.2 -10
4 16 8.9 9.2 -10 9.57584 11.64315 -10 10.2 11.519 -10 9.7 7.6 -10
4 16 1.8 12.8 -10 1.55 14 -10 2.2 14.15 -10 2.55 11.65 -10
4 16 2.55 11.65 -10 2.2 14.15 -10 2.75 14.3 -10 4.05 14.25 -10
3 16 4.05 14.25 -10 2.75 14.3 -10 3.2 14.55 -10
4 16 2.55 11.65 -10 4.05 14.25 -10 5.15 12.75 -10 3.25 10.6 -10
4 16 3.25 10.6 -10 5.15 12.75 -10 6.65 10.8 -10 4.3 8.95 -10
4 16 4.3 8.95 -10 6.65 10.8 -10 7.55 9.5 -10 5.1 7.35 -10
4 16 5.1 7.35 -10 7.55 9.5 -10 8.3 8.2 -10 9.05 6.7 -10
4 16 5.8 5.75 -10 5.1 7.35 -10 9.05 6.7 -10 9.8 4.85 -10
4 16 6.4 3.85 -10 5.8 5.75 -10 9.8 4.85 -10 10.3 3.2 -10
4 16 6.8 2.35 -10 6.4 3.85 -10 10.3 3.2 -10 10.55 2.1 -10
4 16 7 1.15 -10 6.8 2.35 -10 10.55 2.1 -10 10.7 1.3 -10
4 16 -9.35 4.8 -10 -9.45 5 -10 -8.95 5.85 -10 -8.1 4.6 -10
4 16 -7.85 4.7 -10 -8.1 4.6 -10 -8.95 5.85 -10 -8.3 6.05 -10
4 16 -7.85 4.7 -10 -8.3 6.05 -10 -7.15 6.4 -10 -6.65 6.2 -10
4 16 -7.85 4.7 -10 -6.65 6.2 -10 -6.45 5.95 -10 -6.35 5.7 -10
4 16 -7.85 4.7 -10 -6.35 5.7 -10 -6.1 5.65 -10 -5.1 4.85 -10
3 16 -5.1 4.85 -10 -6.1 5.65 -10 -6 6.05 -10
4 16 -5.1 4.85 -10 -6 6.05 -10 -5.9 6.45 -10 -5.65 7.05 -10
4 16 -5.1 4.85 -10 -5.65 7.05 -10 -5.3 7.6 -10 -4.8 7.3 -10
4 16 -4.85 7.55 -10 -4.8 7.3 -10 -5.3 7.6 -10 -5.15 7.7 -10
3 16 -4.85 7.55 -10 -5.15 7.7 -10 -4.95 7.7 -10
4 16 -5.1 4.85 -10 -4.8 7.3 -10 -4.55 7.55 -10 -1.05 7.8 -10
3 16 -4.55 7.55 -10 -4.35 7.85 -10 -1.05 7.8 -10
4 16 -1.05 7.8 -10 -4.35 7.85 -10 -4.2 8.25 -10 -2.5 8.85 -10
4 16 -1.05 7.8 -10 -2.5 8.85 -10 -2.25 8.9 -10 -0.85 8.05 -10
4 16 -0.75 8.25 -10 -0.85 8.05 -10 -2.25 8.9 -10 -2 9.05 -10
4 16 -0.75 8.25 -10 -2 9.05 -10 -1.9 9.35 -10 -1.4 9.5 -10
4 16 -0.75 8.25 -10 -1.4 9.5 -10 -1.2 9.5 -10 -0.55 9.15 -10
4 16 -4.05 9.35 -10 -3.85 9.55 -10 -3.6 9.4 -10 -3.55 9.1 -10
3 16 -4.15 8.7 -10 -4.05 9.35 -10 -3.55 9.1 -10
4 16 -3.55 9.1 -10 -3.25 9.25 -10 -2.65 9 -10 -4.15 8.7 -10
4 16 -4.2 8.25 -10 -4.15 8.7 -10 -2.65 9 -10 -2.5 8.85 -10
4 16 -2.65 9 -10 -3.25 9.25 -10 -3.1 9.45 -10 -2.55 9.3 -10
4 16 -2.55 9.3 -10 -3.1 9.45 -10 -2.95 9.8 -10 -2.8 9.95 -10
4 16 -2.55 9.3 -10 -2.8 9.95 -10 -2.6 10.05 -10 -2.3 9.5 -10
4 16 -2.3 9.5 -10 -2.6 10.05 -10 -2.45 10.2 -10 -2.05 9.55 -10
4 16 -2.05 9.55 -10 -2.45 10.2 -10 -1.55 10.2 -10 -1.4 9.5 -10
3 16 -1.9 9.35 -10 -2.05 9.55 -10 -1.4 9.5 -10
4 16 -0.55 9.15 -10 -1.2 9.5 -10 -1.1 9.9 -10 -0.45 10.35 -10
4 16 -0.45 10.35 -10 -1.1 9.9 -10 -1.05 10.55 -10 -0.45 11.7 -10
4 16 -0.45 11.7 -10 -1.05 10.55 -10 -1.2 12.7 -10 -0.5 12.5 -10
4 16 -1.2 12.7 -10 -1.3 13.3 -10 -0.65 13.6 -10 -0.5 12.5 -10
3 16 -1.3 13.3 -10 -1.45 13.9 -10 -0.65 13.6 -10
4 16 -2.2 13.8 -10 -2.25 14.5 -10 -1.75 14.5 -10 -1.45 13.9 -10
4 16 -1.45 13.9 -10 -1.75 14.5 -10 -1.65 14.65 -10 -0.65 13.6 -10
4 16 -1.1 15.45 -10 -0.65 13.6 -10 -1.65 14.65 -10 -1.7 15.15 -10
4 16 -1.25 15.8 -10 -1.1 15.45 -10 -1.7 15.15 -10 -1.9 15.55 -10
4 16 -1.45 16 -10 -1.25 15.8 -10 -1.9 15.55 -10 -2.1 15.7 -10
4 16 -3.4 17.15 -10 -1.45 16 -10 -2.1 15.7 -10 -2.45 15.6 -10
4 16 -3.75 17.25 -10 -3.4 17.15 -10 -2.45 15.6 -10 -3.15 15.4 -10
4 16 -3.15 15.4 -10 -2.45 15.6 -10 -2.55 15.4 -10 -3.05 14.95 -10
4 16 -3.05 14.95 -10 -2.55 15.4 -10 -2.45 14.9 -10 -2.85 14.25 -10
4 16 -2.85 14.25 -10 -2.45 14.9 -10 -2.25 14.5 -10 -2.2 13.8 -10
4 16 -2.7 13.55 -10 -2.85 14.25 -10 -2.2 13.8 -10 -2.05 12.95 -10
4 16 -2.6 12.6 -10 -2.7 13.55 -10 -2.05 12.95 -10 -1.8 11.55 -10
4 16 -2.6 11.1 -10 -2.6 12.6 -10 -1.8 11.55 -10 -2.45 10.9 -10
4 16 -2.45 10.9 -10 -1.8 11.55 -10 -1.55 10.2 -10 -2.45 10.2 -10
4 16 -4.35 13.35 -10 -4.7 13.4 -10 -4.75 13.7 -10 -4.2 14 -10
4 16 -4.1 13.2 -10 -4.35 13.35 -10 -4.2 14 -10 -3.85 13.9 -10
4 16 -4.1 13.2 -10 -3.85 13.9 -10 -3.65 13.8 -10 -3.4 13.5 -10
4 16 -3.95 12.95 -10 -4.1 13.2 -10 -3.4 13.5 -10 -3.25 13.15 -10
4 16 -3.95 12.6 -10 -3.95 12.95 -10 -3.25 13.15 -10 -3.75 12.5 -10
4 16 -3.75 12.5 -10 -3.25 13.15 -10 -3.05 12.55 -10 -3.6 12.3 -10
4 16 -3.3 11.9 -10 -3.6 12 -10 -3.6 12.3 -10 -3.05 12.55 -10
4 16 -3.15 11.7 -10 -3.3 11.9 -10 -3.05 12.55 -10 -2.6 12.6 -10
4 16 -3.15 11.7 -10 -2.6 12.6 -10 -2.95 11.4 -10 -3.15 11.5 -10
4 16 -2.85 11.25 -10 -2.95 11.4 -10 -2.6 12.6 -10 -2.6 11.1 -10
4 16 -5.3 14.1 -10 -5.45 14.3 -10 -5.45 14.5 -10 -5.35 14.65 -10
4 16 -5.3 14.1 -10 -5.35 14.65 -10 -5.15 14.75 -10 -4.95 14.7 -10
4 16 -5.05 14 -10 -5.3 14.1 -10 -4.95 14.7 -10 -4.2 14 -10
3 16 -4.85 13.9 -10 -5.05 14 -10 -4.2 14 -10
3 16 -4.75 13.7 -10 -4.85 13.9 -10 -4.2 14 -10
4 16 -4.95 14.7 -10 -4.9 15.05 -10 -4.25 15.25 -10 -4.2 14 -10
4 16 -4.25 15.25 -10 -4.9 15.05 -10 -5 15.45 -10 -4.05 17.25 -10
4 16 -4.25 15.25 -10 -4.05 17.25 -10 -3.75 17.25 -10 -3.15 15.4 -10
3 16 -5 15.45 -10 -5.15 15.7 -10 -4.05 17.25 -10
3 16 -5.15 15.7 -10 -5.5 15.85 -10 -4.05 17.25 -10
4 16 -6.35 15.1 -10 -6.5 15.05 -10 -6.65 15.15 -10 -6.3 15.35 -10
4 16 -6.3 15.35 -10 -6.65 15.15 -10 -6.7 15.3 -10 -6.2 15.65 -10
3 16 -6.7 15.3 -10 -6.75 15.45 -10 -6.2 15.65 -10
4 16 -7.35 14.6 -10 -7.45 14.5 -10 -7.65 14.55 -10 -7.35 14.8 -10
4 16 -7.35 14.8 -10 -7.65 14.55 -10 -7.8 14.75 -10 -7.3 15.15 -10
4 16 -7.3 15.15 -10 -7.8 14.75 -10 -7.95 15.25 -10 -7.2 15.45 -10
4 16 -7.2 15.45 -10 -7.95 15.25 -10 -8.1 15.55 -10 -7.05 15.55 -10
4 16 -7.05 15.55 -10 -8.1 15.55 -10 -8.25 15.75 -10 -5.95 15.8 -10
4 16 -5.95 15.8 -10 -8.25 15.75 -10 -8.5 15.85 -10 -4.05 17.25 -10
3 16 -5.95 15.8 -10 -4.05 17.25 -10 -5.5 15.85 -10
4 16 -10.95 16.5 -10 -4.05 17.25 -10 -8.5 15.85 -10 -8.7 15.8 -10
4 16 -11.15 16.35 -10 -10.95 16.5 -10 -8.7 15.8 -10 -8.85 15.5 -10
4 16 -11.15 16.35 -10 -8.85 15.5 -10 -9.2 15.25 -10 -11.35 16.1 -10
4 16 -11.35 16.1 -10 -9.2 15.25 -10 -9.45 14.9 -10 -10.2 14.2 -10
4 16 -10.2 14.2 -10 -9.45 14.9 -10 -9.5 14.65 -10 -10 14 -10
4 16 -10 14 -10 -9.5 14.65 -10 -9.4 14.4 -10 -9.85 13.7 -10
4 16 -9.85 13.7 -10 -9.4 14.4 -10 -9.15 14.4 -10 -8.95 13.75 -10
4 16 -8.7 13.95 -10 -8.95 13.75 -10 -9.15 14.4 -10 -8.5 14.3 -10
4 16 -8.5 14.3 -10 -9.15 14.4 -10 -9 14.6 -10 -8.8 14.75 -10
4 16 -8.5 14.6 -10 -8.5 14.3 -10 -8.8 14.75 -10 -8.6 14.75 -10
4 16 -9.8 13.5 -10 -9.85 13.7 -10 -8.95 13.75 -10 -9.1 13.5 -10
4 16 -9.8 13.5 -10 -9.1 13.5 -10 -9.25 13.25 -10 -9.75 12.85 -10
3 16 -9.75 12.85 -10 -9.25 13.25 -10 -9.35 12.95 -10
4 16 -9.75 12.85 -10 -10.05 12.65 -10 -10.25 13.4 -10 -9.8 13.5 -10
4 16 -10.05 12.65 -10 -10.15 12.35 -10 -10.75 13 -10 -10.55 13.2 -10
3 16 -10.05 12.65 -10 -10.55 13.2 -10 -10.25 13.4 -10
3 16 -10.2 14.2 -10 -10.6 14.2 -10 -11.35 16.1 -10
4 16 -10.9 13.7 -10 -11.55 13.65 -10 -11.6 13.8 -10 -10.85 14.05 -10
4 16 -12.2 13.2 -10 -12.95 13.25 -10 -12.9 13.5 -10 -12.1 13.6 -10
4 16 -11.9 13.85 -10 -12.1 13.6 -10 -12.9 13.5 -10 -11.35 16.1 -10
4 16 -11.6 13.8 -10 -11.9 13.85 -10 -11.35 16.1 -10 -10.85 14.05 -10
3 16 -10.85 14.05 -10 -11.35 16.1 -10 -10.6 14.2 -10
4 16 -10.9 13.35 -10 -11.5 13.25 -10 -11.55 13.65 -10 -10.9 13.7 -10
4 16 -11.5 13.25 -10 -10.9 13.35 -10 -10.75 13 -10 -11.35 12.35 -10
4 16 -11.35 12.35 -10 -10.75 13 -10 -10.15 12.35 -10 -10.2 12 -10
4 16 -11.2 11.7 -10 -11.35 12.35 -10 -10.2 12 -10 -10.4 11.55 -10
4 16 -11.2 11.7 -10 -10.4 11.55 -10 -10.85 11.1 -10 -11.6 11.5 -10
4 16 -11.6 11.5 -10 -10.85 11.1 -10 -11.2 10.85 -10 -12 11.25 -10
3 16 -11.3 10.65 -10 -12 11.25 -10 -11.2 10.85 -10
4 16 -12.2 12.6 -10 -12.1 11.9 -10 -12.85 12.1 -10 -12.95 13 -10
4 16 -12.2 13.2 -10 -12.2 12.6 -10 -12.95 13 -10 -12.95 13.25 -10
4 16 -12.85 12.1 -10 -12.1 11.9 -10 -12 11.25 -10 -12.1 7 -10
4 16 -12 11.25 -10 -11.3 10.65 -10 -11.3 10.3 -10 -11.45 8.3 -10
3 16 -12.1 7 -10 -12 11.25 -10 -11.55 8.15 -10
3 16 -11.55 8.15 -10 -12 11.25 -10 -11.45 8.3 -10
4 16 -11.45 8.3 -10 -11.3 10.3 -10 -11.2 10 -10 -11.25 8.4 -10
4 16 -11.25 8.4 -10 -11.2 10 -10 -10.75 9.8 -10 -10.6 8.5 -10
4 16 -10.6 8.5 -10 -10.75 9.8 -10 -10.35 9.7 -10 -10.2 9.4 -10
4 16 -10.3 8.5 -10 -10.6 8.5 -10 -10.2 9.4 -10 -10 9.25 -10
4 16 -9.9 8.35 -10 -10.3 8.5 -10 -10 9.25 -10 -9.7 9.15 -10
4 16 -9.7 8.05 -10 -9.9 8.35 -10 -9.7 9.15 -10 -9.45 9 -10
4 16 -9.7 8.05 -10 -9.45 9 -10 -9 8.25 -10 -9.65 7.75 -10
4 16 -9.65 7.75 -10 -9 8.25 -10 -8.8 7.7 -10 -9.7 7.55 -10
4 16 -9.2 7.1 -10 -9.7 7.55 -10 -8.8 7.7 -10 -8.65 7.45 -10
4 16 -9.15 6.95 -10 -9.2 7.1 -10 -8.65 7.45 -10 -9 6.8 -10
4 16 -8.75 6.7 -10 -9 6.8 -10 -8.65 7.45 -10 -8.4 7.35 -10
4 16 -8.3 6.65 -10 -8.75 6.7 -10 -8.4 7.35 -10 -7.5 7.1 -10
4 16 -7.5 7.1 -10 -8.4 7.35 -10 -8.15 7.5 -10 -7.55 7.65 -10
4 16 -7.55 7.65 -10 -8.15 7.5 -10 -8.1 7.8 -10 -7.65 8.05 -10
4 16 -7.65 8.05 -10 -8.1 7.8 -10 -8 8.15 -10 -7.8 8.2 -10
3 16 -12.1 7 -10 -11.55 8.15 -10 -11.45 7.5 -10
3 16 -12.1 7 -10 -11.45 7.5 -10 -11.3 7.35 -10
4 16 -12.1 7 -10 -11.3 7.35 -10 -11.05 7.3 -10 -10.9 6.65 -10
4 16 -10.75 6.75 -10 -10.9 6.65 -10 -11.05 7.3 -10 -9.9 7.45 -10
4 16 -10 6.9 -10 -10.75 6.75 -10 -9.9 7.45 -10 -9.6 7 -10
4 16 -9.6 7 -10 -9.9 7.45 -10 -9.7 7.55 -10 -9.2 7.1 -10
4 16 -12.1 7 -10 -10.9 6.65 -10 -10.95 6.45 -10 -11.7 5.05 -10
3 16 -11.7 5.05 -10 -10.95 6.45 -10 -10.75 5.7 -10
4 16 -8.3 6.05 -10 -8.3 6.65 -10 -7.4 6.7 -10 -7.15 6.4 -10
3 16 -8.3 6.65 -10 -7.5 7.1 -10 -7.4 6.7 -10
4 16 -14.3 13.6 -10 -15.25 16 -10 -15 16.45 -10 -14.25 13.85 -10
4 16 -14.3 18.2 -10 -14.85 18.3 -10 -14.75 18.65 -10 -14.55 18.95 -10
4 16 -17 20 -10 -15.65 17.7 -10 -15.25 16 -10 -15 10 -10
4 16 -11.6 17.7 -10 -10.6 22.5 -10 -9.75 22.65 -10 -5.25 21.85 -10
3 16 -5.25 21.85 -10 -9.75 22.65 -10 -9.05 22.8 -10
3 16 -5.25 21.85 -10 -9.05 22.8 -10 -8.9 22.95 -10
4 16 -5.25 21.85 -10 -7.85 23.25 -10 -7.35 23.3 -10 -5.8 22.95 -10
4 16 -5.8 22.95 -10 -7.35 23.3 -10 -6.95 23.4 -10 -5.45 23.4 -10
4 16 -5.45 23.4 -10 -6.95 23.4 -10 -6.4 23.7 -10 -5.15 23.95 -10
3 16 -6.4 23.7 -10 -5.95 24.1 -10 -5.15 23.95 -10
3 16 -11.6 17.7 -10 -5.25 21.85 -10 -4.7 20.9 -10
4 16 -11.6 17.7 -10 -4.7 20.9 -10 -4.3 20.3 -10 -3.95 18.6 -10
4 16 -3.95 18.6 -10 -4.3 20.3 -10 -3.35 20.35 -10 -3.65 18.6 -10
4 16 -5.15 23.95 -10 -5.95 24.1 -10 -5.8 24.75 -10 -3.25 26 -10
4 16 -3.25 26 -10 -5.8 24.75 -10 -5.75 25.6 -10 -5.05 26.65 -10
3 16 -5.75 25.6 -10 -5.8 26.65 -10 -5.05 26.65 -10
4 16 -2.3 26 -10 -3.25 26 -10 -5.05 26.65 -10 0 26.65 -10
4 16 -1.5 24.4 -10 -2.3 26 -10 0 26.65 -10 -0.8 23.15 -10
3 16 -0.3 22.3 -10 -0.8 23.15 -10 0 26.65 -10
4 16 0.1 21.6 -10 -0.3 22.3 -10 0 26.65 -10 1.7 21.8 -10
3 16 1.7 21.8 -10 0 26.65 -10 1.85 21.95 -10
4 16 -5.15 23.95 -10 -3.25 26 -10 -2.45 24.4 -10 -4.8 23.1 -10
4 16 -3.7 20.95 -10 -4.25 21.9 -10 -1.1 22.05 -10 -0.55 21.15 -10
3 16 -3.35 20.35 -10 -3.7 20.95 -10 -0.55 21.15 -10
3 16 1.85 21.95 -10 0 26.65 -10 2.2 22.2 -10
4 16 2.8 22.45 -10 2.2 22.2 -10 0 26.65 -10 3.7 23 -10
3 16 3.7 23 -10 0 26.65 -10 3.75 23.2 -10
3 16 3.75 23.2 -10 0 26.65 -10 3.95 23.4 -10
3 16 3.95 23.4 -10 0 26.65 -10 4.35 23.65 -10
4 16 10.45 25.8 -10 8.95 26.55 -10 12.6 26.35 -10 12.8 25.75 -10
3 16 13.25 25.65 -10 12.8 25.75 -10 12.6 26.35 -10
4 16 13.45 25.55 -10 13.25 25.65 -10 12.6 26.35 -10 17.2 26.15 -10
3 16 13.5 25.4 -10 13.45 25.55 -10 17.2 26.15 -10
4 16 10.6 23.7 -10 10.7 24.3 -10 11.1 24.4 -10 11.45 22.9 -10
3 16 11.45 22.9 -10 11.1 24.4 -10 11.45 24.6 -10
4 16 11.45 22.9 -10 11.45 24.6 -10 11.85 25.05 -10 12.5 25.05 -10
4 16 12.35 22 -10 11.45 22.9 -10 12.5 25.05 -10 13.05 25.1 -10
4 16 13.1 21.05 -10 12.35 22 -10 13.05 25.1 -10 13.4 25.25 -10
4 16 13.6 20.3 -10 13.1 21.05 -10 13.4 25.25 -10 13.5 25.4 -10
3 16 13.6 20.3 -10 13.5 25.4 -10 17.2 26.15 -10
3 16 15.65 19.8 -10 15.15 19.85 -10 17.2 26.15 -10
3 16 16 19.7 -10 15.65 19.8 -10 17.2 26.15 -10
4 16 4.45 17.95 -10 4.15 17.1 -10 3.95 17.55 -10 4.3 18.6 -10
4 16 4.85 18.9 -10 4.45 17.95 -10 4.3 18.6 -10 4.55 19.25 -10
4 16 5.3 19.65 -10 4.85 18.9 -10 4.55 19.25 -10 4.95 20.05 -10
4 16 5.3 19.65 -10 4.95 20.05 -10 5.4 20.5 -10 5.75 20.25 -10
4 16 5.75 20.25 -10 5.4 20.5 -10 5.35 20.8 -10 6.75 21.15 -10
4 16 6.75 21.15 -10 5.35 20.8 -10 5.2 21.55 -10 5.35 21.7 -10
4 16 6.75 21.15 -10 5.35 21.7 -10 5.4 21.85 -10 6.1 22.25 -10
3 16 6.75 21.15 -10 6.1 22.25 -10 6.65 22.35 -10
4 16 6.75 21.15 -10 6.65 22.35 -10 7.15 22.55 -10 8 22.15 -10
4 16 8 22.15 -10 7.15 22.55 -10 7.45 22.8 -10 8.4 22.3 -10
4 16 8.85 22.55 -10 8.4 22.3 -10 8.05 23.25 -10 8.85 22.7 -10
3 16 8.85 22.7 -10 8.05 23.25 -10 8.45 23.3 -10
4 16 8.85 22.7 -10 8.45 23.3 -10 8.85 23.4 -10 9.45 23.05 -10
4 16 9.45 23.05 -10 8.85 23.4 -10 9.25 23.65 -10 10.05 23.4 -10
4 16 10.05 23.4 -10 9.25 23.65 -10 9.4 23.85 -10 10.15 24.25 -10
4 16 10.6 23.7 -10 10.05 23.4 -10 10.15 24.25 -10 10.7 24.3 -10
4 16 8.95 22.05 -10 8.4 22.3 -10 8.85 22.55 -10 9.5 21.85 -10
4 16 9.5 21.85 -10 8.85 22.55 -10 9.8 22.35 -10 10.3 21.65 -10
4 16 10.3 21.65 -10 9.8 22.35 -10 10.45 22.15 -10 10.95 21.4 -10
4 16 10.95 21.4 -10 10.45 22.15 -10 11.4 21.75 -10 11.6 21.05 -10
4 16 11.6 21.05 -10 11.4 21.75 -10 12.35 21.1 -10 12.25 20.6 -10
4 16 12.25 20.6 -10 12.35 21.1 -10 13.15 20.4 -10 12.95 20 -10
4 16 12.95 20 -10 13.15 20.4 -10 13.85 19.65 -10 13.35 19.55 -10
3 16 13.7 19.2 -10 13.35 19.55 -10 13.85 19.65 -10
4 16 7.05 16.55 -10 6.45 17.1 -10 6.9 17.15 -10 7.25 17.15 -10
4 16 7.05 16.55 -10 7.25 17.15 -10 7.65 17 -10 8.8 14.95 -10
3 16 8.8 14.95 -10 6.55 16.3 -10 7.05 16.55 -10
4 16 7.35 18.25 -10 7.3 18.95 -10 7.85 19.2 -10 7.5 17.55 -10
4 16 7.65 17 -10 7.5 17.55 -10 7.85 19.2 -10 8.8 14.95 -10
4 16 10.7 18.45 -10 10.7 15.25 -10 9.8 19.6 -10 10.45 19.55 -10
4 16 8.15 21.3 -10 8 22.15 -10 8.4 22.3 -10 8.7 20.5 -10
4 16 8.35 20.35 -10 8.15 21.3 -10 8.7 20.5 -10 8.75 19.65 -10
4 16 4.05 19.5 -10 3.75 18.35 -10 2.7 19.95 -10 3.3 20.25 -10
4 16 4.35 20.3 -10 4.05 19.5 -10 3.3 20.25 -10 3.55 20.5 -10
4 16 4.35 20.3 -10 3.55 20.5 -10 4.05 21.1 -10 4.4 21.15 -10
4 16 4.85 20.6 -10 4.35 20.3 -10 4.4 21.15 -10 4.8 21.3 -10
4 16 5.35 20.8 -10 4.85 20.6 -10 4.8 21.3 -10 5.2 21.55 -10
4 16 6.2 18.2 -10 5.65 17.65 -10 5.7 18.65 -10 6.25 19.05 -10
4 16 6.7 18.6 -10 6.2 18.2 -10 6.25 19.05 -10 7.05 19.5 -10
4 16 7.3 18.95 -10 6.7 18.6 -10 7.05 19.5 -10 7.6 19.8 -10
4 16 7.85 19.2 -10 7.3 18.95 -10 7.6 19.8 -10 8.25 19.5 -10
4 16 8.25 19.5 -10 7.6 19.8 -10 8.35 20.35 -10 8.75 19.65 -10
4 16 8.75 19.65 -10 8.7 20.5 -10 9.35 20.3 -10 9.25 19.7 -10
4 16 9.8 19.6 -10 9.25 19.7 -10 9.35 20.3 -10 10.15 20.2 -10
4 16 10.45 19.55 -10 9.8 19.6 -10 10.15 20.2 -10 10.8 20.15 -10
4 16 11.35 19.35 -10 10.45 19.55 -10 10.8 20.15 -10 11.7 19.95 -10
4 16 12.05 19.1 -10 11.35 19.35 -10 11.7 19.95 -10 12.45 19.7 -10
4 16 12.7 18.75 -10 12.05 19.1 -10 12.45 19.7 -10 13 19.4 -10
4 16 13.1 18.35 -10 12.7 18.75 -10 13 19.4 -10 13.35 19.2 -10
4 16 -4.25 21.9 -10 -4.8 23.1 -10 -2.45 24.4 -10 -1.7 23 -10
3 16 -4.25 21.9 -10 -1.7 23 -10 -1.1 22.05 -10
4 16 -6.2 15.65 -10 -6.75 15.45 -10 -6.85 15.55 -10 -5.95 15.8 -10
3 16 -6.85 15.55 -10 -7.05 15.55 -10 -5.95 15.8 -10

3 484 15.65 17.2 10 16.15 19.6 10 15.7 18.15 10
4 484 15.7 18.15 10 16.15 19.6 10 15.6 19.55 10 15.45 18.1 10
4 484 15.45 18.1 10 15.6 19.55 10 15 19.45 10 14.5 19.1 10
4 484 15.45 18.1 10 14.5 19.1 10 14.2 18.7 10 13.8 17.95 10
4 484 14.9 17.35 10 15.45 18.1 10 13.8 17.95 10 14.4 16.9 10
4 484 14.4 16.9 10 13.8 17.95 10 13.5 17.25 10 13.95 16.65 10
3 484 13.55 16.5 10 13.95 16.65 10 13.5 17.25 10
4 484 13.5 17.25 10 13.8 17.95 10 13.5 17.9 10 13.1 16.9 10
4 484 13.1 16.9 10 13.5 17.9 10 13.4 18.7 10 12.65 18.3 10
4 484 12.8 16.6 10 13.1 16.9 10 12.65 18.3 10 12.25 17.4 10
3 484 12.25 17.4 10 12.65 18.3 10 12.1 17.9 10
4 484 16.1 23.1 10 16.2 23.75 10 15.4 23.7 10 15.85 22.6 10
4 484 15.85 22.6 10 15.4 23.7 10 14.95 22.7 10 15.1 22.3 10
4 484 15.6 22.3 10 15.85 22.6 10 15.1 22.3 10 15.35 22.2 10
4 484 14.95 22.7 10 15.4 23.7 10 14 23.6 10 13.95 23.25 10
4 484 14.6 22.55 10 14.95 22.7 10 13.95 23.25 10 13.65 23.1 10
4 484 14.6 22.55 10 13.65 23.1 10 13.4 22.9 10 13.3 22.6 10
4 484 14.6 22.55 10 13.3 22.6 10 13.25 21.7 10 14.55 21.35 10
4 484 14.2 20.8 10 14.55 21.35 10 13.25 21.7 10 13.4 20.95 10
3 484 13.85 20.4 10 14.2 20.8 10 13.4 20.95 10
4 484 13.4 20.95 10 13.25 21.7 10 13.1 21.4 10 13.3 19.6 10
4 484 12.1 19.75 10 13.3 19.6 10 13.1 21.4 10 11.95 20.35 10
4 484 11.95 20.35 10 13.1 21.4 10 12.8 21.8 10 12 21.15 10
4 484 12.25 21.75 10 12 21.15 10 12.8 21.8 10 12.65 22.25 10
4 484 13.3 19.6 10 12.1 19.75 10 11.85 19.5 10 12.5 19.2 10
3 484 11.85 18.75 10 12.5 19.2 10 11.85 19.5 10
4 484 11.4 18.35 10 11.85 18.75 10 11.85 19.5 10 11.05 18.25 10
4 484 10.8 18.35 10 11.05 18.25 10 11.85 19.5 10 10.75 18.6 10
4 484 10.8 19 10 10.75 18.6 10 11.85 19.5 10 11.35 20.05 10
4 484 -12.05 17.5 10 -11.5 17.75 10 -11.9 18.2 10 -13.15 17.3 10
3 484 -13.1 17.05 10 -12.05 17.5 10 -13.15 17.3 10
3 484 -13.2 16.25 10 -12.05 17.5 10 -13.1 17.05 10
4 484 -13.2 16.25 10 -13.1 17.05 10 -13.4 16.95 10 -13.55 16.65 10
3 484 -13.55 16.65 10 -13.4 16.95 10 -13.75 16.95 10
4 484 -13.15 17.3 10 -11.9 18.2 10 -12.5 18.55 10 -13.8 17.5 10
4 484 -13.8 17.5 10 -12.5 18.55 10 -13.05 18.7 10 -13.7 18.8 10
4 484 -13.8 17.5 10 -13.7 18.8 10 -14.45 18.7 10 -14.5 17.9 10
4 484 -14.9 18.15 10 -14.5 17.9 10 -14.45 18.7 10 -15.15 18.4 10
4 484 -14.45 18.7 10 -13.7 18.8 10 -13.75 19.1 10 -14.55 19.05 10
4 484 -14 20.15 10 -14.55 19.05 10 -13.75 19.1 10 -13.5 19.85 10
4 484 -13.5 19.85 10 -13.75 19.1 10 -13.4 19.2 10 -13.15 19.3 10
3 484 -13.15 19.3 10 -13.15 19.5 10 -13.5 19.85 10
4 484 -14.55 19.05 10 -14 20.15 10 -14.55 20.25 10 -15.6 20.3 10
4 484 -15.35 19.1 10 -14.55 19.05 10 -15.6 20.3 10 -15.75 19.2 10
4 484 -16.05 19.35 10 -15.75 19.2 10 -15.6 20.3 10 -16.25 19.75 10
4 484 -16.3 20.2 10 -16.25 19.75 10 -15.6 20.3 10 -16.25 20.85 10
4 484 -16.25 20.85 10 -15.6 20.3 10 -15.45 20.65 10 -16.45 21.1 10
4 484 -16.45 21.1 10 -15.45 20.65 10 -15.1 20.75 10 -14.95 20.9 10
4 484 -16.45 21.1 10 -14.95 20.9 10 -15 21.1 10 -15.35 21.45 10
4 484 -16.55 21.35 10 -16.45 21.1 10 -15.35 21.45 10 -16.5 21.55 10
4 484 -16.25 21.65 10 -16.5 21.55 10 -15.35 21.45 10 -15.9 21.65 10
4 272 10 1.45 10 11.25 1.1 10 10.5 1.7 10 9.25 2.15 10
4 272 8.2 1.8 10 10 1.45 10 9.25 2.15 10 6.9 2.55 10
4 272 5.2 2.05 10 8.2 1.8 10 6.9 2.55 10 3.95 2.7 10
4 272 1.95 2.1 10 5.2 2.05 10 3.95 2.7 10 .9 2.7 10
4 272 -1.7 2.1 10 1.95 2.1 10 .9 2.7 10 -2.55 2.7 10
4 272 -4.4 2 10 -1.7 2.1 10 -2.55 2.7 10 -4.6 2.5 10
4 272 -4.4 2 10 -4.6 2.5 10 -5.1 2.3 10 -5.4 1.95 10
4 272 -8.85 19.3 10 -7.3 19.65 10 -9.8 19.85 10 -10.55 19.05 10
4 272 -10.55 19.05 10 -9.8 19.85 10 -11.35 19.95 10 -11.6 18.85 10
3 272 -11.6 18.85 10 -11.35 19.95 10 -12.65 20.05 10
4 272 -15.25 15.75 10 -14.9 15.65 10 -14.6 16 10 -15.3 16.2 10
4 272 -15.3 16.2 10 -14.6 16 10 -14.55 16.5 10 -15.3 16.65 10
4 272 -15.3 16.65 10 -14.55 16.5 10 -14.65 17 10 -15.25 17 10
4 272 -15.25 17 10 -14.65 17 10 -14.8 17.15 10 -15.15 17.15 10
4 16 11.25 1.1 10 12 0 10 14.345 2 10 10.9 3.45 10
4 16 11.25 1.1 10 10.9 3.45 10 10.6 3.2 10 10.5 1.7 10
3 16 10.5 1.7 10 10.6 3.2 10 10.4 3.1 10
4 16 10.5 1.7 10 10.4 3.1 10 10.05 3.05 10 9.25 2.15 10
3 16 9.25 2.15 10 10.05 3.05 10 9.75 3.1 10
4 16 9.25 2.15 10 9.75 3.1 10 8.8 3.3 10 6.9 2.55 10
4 16 6.9 2.55 10 8.8 3.3 10 7.25 3.55 10 5.5 3.7 10
3 16 6.9 2.55 10 5.5 3.7 10 3.95 2.7 10
4 16 .9 2.7 10 3.95 2.7 10 5.5 3.7 10 -2.55 3.75 10
4 16 -2.55 2.7 10 .9 2.7 10 -2.55 3.75 10 -2.75 3.8 10
4 16 -2.55 2.7 10 -2.75 3.8 10 -3.9 3.65 10 -4.1 3.6 10
4 16 -4.6 2.5 10 -2.55 2.7 10 -4.1 3.6 10 -4.35 3.65 10
4 16 -5.55 3.2 10 -4.6 2.5 10 -4.35 3.65 10 -5.55 3.45 10
4 16 -5.1 2.3 10 -4.6 2.5 10 -5.55 3.2 10 -6.05 2.5 10
4 16 -5.4 1.95 10 -5.1 2.3 10 -6.05 2.5 10 -6.3 1.95 10
4 16 -5.4 1.95 10 -6.3 1.95 10 -6.45 1.15 10 0 0 10
4 16 12 0 10 11.25 1.1 10 10 1.45 10 0 0 10
4 16 0 0 10 10 1.45 10 8.2 1.8 10 5.2 2.05 10
4 16 0 0 10 5.2 2.05 10 1.95 2.1 10 -1.7 2.1 10
4 16 0 0 10 -1.7 2.1 10 -4.4 2 10 -5.4 1.95 10
3 16 0 0 10 -6.45 1.15 10 -7.6 1.15 10
4 16 0 0 10 -7.6 1.15 10 -8.45 1.15 10 -12 0 10
3 16 -12 0 10 -8.45 1.15 10 -9.75 1.15 10
3 16 -12 0 10 -9.75 1.15 10 -10.35 1.15 10
3 16 -12 0 10 -10.35 1.15 10 -11.6 1.3 10
4 16 -14.345 2 10 -12 0 10 -11.6 1.3 10 -11.9 2.15 10
3 16 -14.345 2 10 -11.9 2.15 10 -12.3 3.7 10
3 16 -14.345 2 10 -12.3 3.7 10 -12.8 6.1 10
3 16 -14.345 2 10 -12.8 6.1 10 -13.35 9.35 10
4 16 -2.85 19.9 10 -2.65 19.8 10 -1.2 21.2 10 -5.05 21.25 10
3 16 -3.1 19.85 10 -2.85 19.9 10 -5.05 21.25 10
3 16 -3.4 19.7 10 -3.1 19.85 10 -5.05 21.25 10
4 16 -3.65 19.5 10 -3.4 19.7 10 -5.05 21.25 10 -7.3 19.65 10
4 16 -4.75 18.25 10 -3.65 19.5 10 -7.3 19.65 10 -8.85 19.3 10
4 16 -7.65 16.3 10 -4.75 18.25 10 -8.85 19.3 10 -7.95 16.4 10
3 16 -7.1 15.5 10 -4.75 18.25 10 -7.65 16.3 10
4 16 -7.95 16.4 10 -8.85 19.3 10 -10.55 19.05 10 -11.5 17.75 10
4 16 -11.5 17.75 10 -10.55 19.05 10 -11.6 18.85 10 -11.9 18.2 10
4 16 -12.5 18.55 10 -11.9 18.2 10 -11.6 18.85 10 -12.65 20.05 10
4 16 -13.15 19.3 10 -12.5 18.55 10 -12.65 20.05 10 -13.15 19.5 10
4 16 -13.05 18.7 10 -12.5 18.55 10 -13.15 19.3 10 -13.4 19.2 10
4 16 -13.7 18.8 10 -13.05 18.7 10 -13.4 19.2 10 -13.75 19.1 10
4 16 -7.95 16.4 10 -11.5 17.75 10 -12.05 17.5 10 -11.05 16.1 10
4 16 -11.45 15.95 10 -11.05 16.1 10 -12.05 17.5 10 -13.2 16.25 10
4 16 -11.7 15.7 10 -11.45 15.95 10 -13.2 16.25 10 -14.6 16 10
4 16 -14.55 16.5 10 -14.6 16 10 -13.2 16.25 10 -13.55 16.65 10
4 16 -14.55 16.5 10 -13.55 16.65 10 -13.75 16.95 10 -14.65 17 10
4 16 -13.8 17.5 10 -14.65 17 10 -13.75 16.95 10 -13.4 16.95 10
4 16 -13.15 17.3 10 -13.8 17.5 10 -13.4 16.95 10 -13.1 17.05 10
4 16 -14.8 17.15 10 -14.65 17 10 -13.8 17.5 10 -14.5 17.9 10
4 16 -15.15 17.15 10 -14.8 17.15 10 -14.5 17.9 10 -14.9 18.15 10
4 16 -14.45 18.7 10 -14.55 19.05 10 -15.35 19.1 10 -15.15 18.4 10
4 16 -15.15 18.4 10 -15.35 19.1 10 -15.75 19.2 10 -15.15 17.15 10
3 16 -15.15 17.15 10 -14.9 18.15 10 -15.15 18.4 10
4 16 -11.7 15.7 10 -14.6 16 10 -14.9 15.65 10 -13.3 13.15 10
4 16 -13.5 12.8 10 -13.3 13.15 10 -14.9 15.65 10 -15.25 15.75 10
4 16 -14.345 2 10 -13.35 9.35 10 -13.55 11.3 10 -15.25 15.75 10
3 16 -13.6 12.4 10 -13.5 12.8 10 -15.25 15.75 10
3 16 -13.55 11.3 10 -13.6 12.4 10 -15.25 15.75 10
4 16 -16.6 17 10 -14.345 2 10 -15.25 15.75 10 -15.3 16.2 10
3 16 -15.3 16.2 10 -15.3 16.65 10 -16.6 17 10
3 16 -15.3 16.65 10 -15.25 17 10 -16.6 17 10
4 16 -16.6 17 10 -15.25 17 10 -15.15 17.15 10 -15.75 19.2 10
3 16 -16.6 17 10 -15.75 19.2 10 -16.05 19.35 10
3 16 -16.6 17 10 -16.05 19.35 10 -16.25 19.75 10
3 16 -13.15 19.5 10 -12.65 20.05 10 -13.5 19.85 10
4 16 -14 20.15 10 -13.5 19.85 10 -12.65 20.05 10 -11.1 21.35 10
4 16 -15.45 20.65 10 -15.6 20.3 10 -14.55 20.25 10 -15.1 20.75 10
4 16 -14.95 20.9 10 -15.1 20.75 10 -14.55 20.25 10 -14 20.15 10
4 16 -15 21.1 10 -14.95 20.9 10 -14 20.15 10 -11.1 21.35 10
4 16 -11.1 21.35 10 -12.65 20.05 10 -11.35 19.95 10 -9.8 19.85 10
4 16 -8.15 21.3 10 -11.1 21.35 10 -9.8 19.85 10 -7.3 19.65 10
3 16 -7.3 19.65 10 -5.05 21.25 10 -8.15 21.3 10
4 16 -15 21.1 10 -11.1 21.35 10 -11.35 22.15 10 -11.65 22.7 10
4 16 -15 21.1 10 -11.65 22.7 10 -12.05 23.15 10 -12.55 23.5 10
4 16 -15 21.1 10 -12.55 23.5 10 -13.25 23.75 10 -15.35 21.45 10
4 16 -15.35 21.45 10 -13.25 23.75 10 -14.3 24.2 10 -15.9 21.65 10
4 16 -15.9 21.65 10 -14.3 24.2 10 -17.137 24.34 10 -16.25 21.65 10
3 16 -16.5 21.55 10 -16.25 21.65 10 -17.137 24.34 10
4 16 -16.3 20.2 10 -16.25 20.85 10 -16.45 21.1 10 -16.6 17 10
3 16 -16.6 17 10 -16.25 19.75 10 -16.3 20.2 10
3 16 -16.6 17 10 -16.45 21.1 10 -16.55 21.35 10
3 16 -16.55 21.35 10 -16.5 21.55 10 -17.137 24.34 10
4 16 -16.6 17 10 -16.55 21.35 10 -17.137 24.34 10 -19 29 10
4 16 -19 29 10 -17.137 24.34 10 -17.811 27.98 10 -19 32 10
4 16 -19 32 10 -17.811 27.98 10 -13.95 27.75 10 -12.95 27.7 10
4 16 -19 32 10 -12.95 27.7 10 -12.4 27.85 10 -11.9 28.1 10
4 16 -19 32 10 -11.9 28.1 10 -11.4 28.45 10 -11.05 28.9 10
4 16 -19 32 10 -11.05 28.9 10 -10.85 29.35 10 -10.75 29.6 10
4 16 -19 32 10 -10.75 29.6 10 -10.6 29.75 10 -10 32 10
3 16 -10.6 29.75 10 -10.35 29.75 10 -10 32 10
4 16 -10 32 10 -10.35 29.75 10 -9.8 29.7 10 -8.15 29.6 10
4 16 -10 32 10 -8.15 29.6 10 -5.4 29.5 10 -.1 29.45 10
4 16 -10 32 10 -.1 29.45 10 3.4 29.5 10 6.6 29.6 10
4 16 10 32 10 -10 32 10 6.6 29.6 10 10.4 29.8 10
4 16 19 32 10 10 32 10 10.4 29.8 10 10.5 29.35 10
4 16 19 32 10 10.5 29.35 10 10.7 28.9 10 11.05 28.5 10
4 16 19 32 10 11.05 28.5 10 11.5 28.2 10 12.1 27.95 10
4 16 19 32 10 12.1 27.95 10 12.7 27.85 10 13.75 27.8 10
4 16 19 32 10 13.75 27.8 10 15.95 27.9 10 17.822 28.037 10
4 16 19 29 10 19 32 10 17.822 28.037 10 17.173 24.532 10
4 16 16.2 23.75 10 17.173 24.532 10 15.7 24.45 10 15.4 23.7 10
4 16 15.4 23.7 10 15.7 24.45 10 13.9 24.4 10 14 23.6 10
4 16 14 23.6 10 13.9 24.4 10 12.95 23.95 10 12.85 23.75 10
4 16 13.95 23.25 10 14 23.6 10 12.85 23.75 10 13.65 23.1 10
4 16 12.8 21.8 10 13.1 21.4 10 13.25 21.7 10 12.65 22.25 10
3 16 13.25 21.7 10 13.3 22.6 10 12.65 22.25 10
3 16 13.4 22.9 10 13.65 23.1 10 12.85 23.75 10
4 16 12.65 22.25 10 13.3 22.6 10 13.4 22.9 10 12.85 23.75 10
4 16 12.65 22.25 10 12.85 23.75 10 11.35 22.45 10 12.25 21.75 10
4 16 12.25 21.75 10 11.35 22.45 10 10.55 21.4 10 12 21.15 10
4 16 12.1 19.75 10 11.95 20.35 10 11.35 20.05 10 11.85 19.5 10
4 16 11.35 20.05 10 11.95 20.35 10 12 21.15 10 10.55 21.4 10
4 16 11.35 20.05 10 10.55 21.4 10 9.65 20.3 10 10.8 19 10
4 16 10.75 18.6 10 10.8 19 10 9.65 20.3 10 8.2 18.5 10
4 16 10.8 18.35 10 10.75 18.6 10 8.2 18.5 10 7.95 18.3 10
4 16 10.8 18.35 10 7.95 18.3 10 11.1 16.05 10 11.05 18.25 10
4 16 11.1 16.05 10 7.95 18.3 10 7.75 18.3 10 5.85 16.55 10
3 16 5.85 16.55 10 7.75 18.3 10 7.35 18.4 10
4 16 17.173 24.532 10 16.2 23.75 10 16.1 23.1 10 16.15 19.6 10
4 16 15.1 22.3 10 14.95 22.7 10 14.6 22.55 10 14.55 21.35 10
4 16 15.35 22.2 10 15.1 22.3 10 14.55 21.35 10 15.6 19.55 10
4 16 15.6 19.55 10 14.55 21.35 10 14.2 20.8 10 15 19.45 10
4 16 15 19.45 10 14.2 20.8 10 13.85 20.4 10 14.5 19.1 10
4 16 13.3 19.6 10 14.5 19.1 10 13.85 20.4 10 13.4 20.95 10
4 16 13.8 17.95 10 14.2 18.7 10 13.4 18.7 10 13.5 17.9 10
4 16 14.2 18.7 10 14.5 19.1 10 13.3 19.6 10 13.4 18.7 10
4 16 13.4 18.7 10 13.3 19.6 10 12.5 19.2 10 12.65 18.3 10
4 16 12.65 18.3 10 12.5 19.2 10 11.85 18.75 10 12.1 17.9 10
3 16 12.1 17.9 10 11.85 18.75 10 11.4 18.35 10
4 16 12.1 17.9 10 11.4 18.35 10 11.05 18.25 10 11.1 16.05 10
4 16 11.35 15.9 10 11.5 15.7 10 12.8 16.6 10 12.25 17.4 10
4 16 11.1 16.05 10 11.35 15.9 10 12.25 17.4 10 12.1 17.9 10
4 16 13.55 16.5 10 13.5 17.25 10 13.1 16.9 10 12.8 16.6 10
4 16 13.55 16.5 10 12.8 16.6 10 11.5 15.7 10 13.35 12.75 10
4 16 15.65 17.2 10 15.7 18.15 10 15.45 18.1 10 14.9 17.35 10
4 16 15.65 17.2 10 14.9 17.35 10 14.4 16.9 10 13.45 12.4 10
4 16 13.95 16.65 10 13.55 16.5 10 13.35 12.75 10 13.45 12.4 10
3 16 13.45 12.4 10 14.4 16.9 10 13.95 16.65 10
3 16 13.45 12.05 10 15.65 17.2 10 13.45 12.4 10
4 16 16.15 19.6 10 15.6 22.3 10 15.35 22.2 10 15.6 19.55 10
3 16 16.15 19.6 10 15.85 22.6 10 15.6 22.3 10
3 16 16.15 19.6 10 16.1 23.1 10 15.85 22.6 10
4 16 19 29 10 17.173 24.532 10 16.15 19.6 10 14.345 2 10
4 16 15.65 17.2 10 13.45 12.05 10 12.8 6.8 10 14.345 2 10
3 16 14.345 2 10 12.8 6.8 10 12.75 6.55 10
3 16 14.345 2 10 12.75 6.55 10 12.6 6.15 10
3 16 14.345 2 10 12.6 6.15 10 11.7 4.6 10
3 16 14.345 2 10 11.7 4.6 10 10.9 3.45 10
3 16 14.345 2 10 16.15 19.6 10 15.65 17.2 10
3 16 -14.345 2 10 -16.6 17 10 -19 29 10
