0 Minifig Armour with Shoulder Pads and Scabbard
0 Name: 98132.dat
0 Author: Evert-Jan Boer [ejboer]
0 !LDRAW_ORG Unofficial_Part
0 !LICENSE Licensed under CC BY 4.0 : see CAreadme.txt

0 BFC CERTIFY CCW

0 !CATEGORY Minifig Neckwear

0 !HISTORY 2013-08-14 {LEGO Digital Designer} Original part shape
0 !HISTORY 2024-01-21 [ejboer] File preparation for LDraw Parts Tracker

0 BFC INVERTNEXT
1 16 0 0 0 -6 0 0 0 -3 0 0 0 -6 4-4cylo.dat
1 16 0 0 0 -6 0 0 0 -1 0 0 0 -6 4-4ndis.dat
1 16 0 -3 0 -6 0 0 0 1 0 0 0 -6 4-4ndis.dat

1 16 0 0 0 1 0 0 0 1 0 0 0 1 s\98132s01.dat
1 16 0 0 0 -1 0 0 0 1 0 0 0 1 s\98132s01.dat

3 16 14.338 -1.844 12.137 14.078 0 10 14.167 -.633 12.62
3 16 14.457 -2.695 11.155 14.5 -3 9.801 14.078 0 10
3 16 14.457 -2.695 11.155 14.078 0 10 14.338 -1.844 12.137
4 16 -4.062 5.464 10 0 4.417 10 14.078 0 10 -14.078 0 10
3 16 4.062 5.464 10 14.078 0 10 0 4.417 10
4 16 4.062 5.464 10 7.036 8.438 10 12.461 11.51 10 14.078 0 10
4 16 14.078 0 10 12.461 11.51 10 12.461 11.51 14.326 14.167 -.633 12.62
3 16 -14.167 -.633 16.87 -14.078 0 10 -14.338 -1.844 16.387
4 16 -12.461 11.51 18.576 -12.461 11.51 10 -14.078 0 10 -14.167 -.633 16.87
3 16 -7.036 8.438 10 -4.062 5.464 10 -14.078 0 10
3 16 -8.124 12.496 10 -7.036 8.438 10 -14.078 0 10
4 16 -14.457 -2.695 15.405 -14.338 -1.844 16.387 -14.5 -3 9.801 -14.5 -3 14.146
4 16 -14.5 -3 14.146 -14.5 -3 9.801 -11.471 -3 9.897 -11.471 -3 14.146
4 16 -11.471 -3 14.146 -11.428 -2.695 15.406 -14.457 -2.695 15.405 -14.5 -3 14.146
4 16 -11.471 -3 9.897 -11.428 -2.695 11.155 -11.428 -2.695 15.406 -11.471 -3 14.146
4 16 14.457 -2.695 11.155 -11.428 -2.695 11.155 -11.471 -3 9.897 14.5 -3 9.801
3 16 -12.467 11.591 25.5 -12.461 11.51 10 -12.461 11.51 18.576
4 16 -12.467 11.591 25.5 -12.5 12.443 25.5 -12.5 12.443 10 -12.461 11.51 10
3 16 -11.366 7.299 17.984 -12.461 11.51 18.576 -14.167 -.633 16.87
4 16 -12.461 11.51 18.576 -11.366 7.299 17.984 -11.454 7.494 25.5 -12.467 11.591 25.5
4 16 -14.167 -.633 16.87 -14.338 -1.844 16.387 -11.308 -1.845 16.387 -11.138 -.633 16.87
4 16 -11.138 -.633 16.87 -10.29 5.403 17.718 -11.366 7.299 17.984 -14.167 -.633 16.87
4 16 -11.428 -2.695 15.406 -11.308 -1.845 16.387 -14.338 -1.844 16.387 -14.457 -2.695 15.405
3 16 12.5 12.504 10 12.461 11.51 10 7.036 8.438 10
4 16 12.5 12.5 25.5 12.461 11.51 14.326 12.461 11.51 10 12.5 12.504 10
4 16 8.042 12.504 10 10.825 18.75 10 12.5 12.504 10 7.036 8.438 10
3 16 12.5 12.5 25.5 12.5 12.504 10 10.825 18.75 10
3 16 11.261 17.927 19.119 10.825 18.75 10 11.159 18.134 18.588
3 16 10.825 18.75 10 11.261 17.927 19.119 12.5 12.5 25.5
3 16 11.261 17.927 19.119 11.261 17.927 21.506 12.5 12.5 25.5
3 16 11.298 17.848 25.5 12.5 12.5 25.5 11.261 17.927 21.506
3 16 10.825 18.75 18.362 11.159 18.134 18.588 10.825 18.75 10
4 16 7.035 22.833 16.721 10.825 18.75 18.362 10.825 18.75 10 7.035 22.833 10
4 16 7.035 22.833 10 10.825 18.75 10 8.042 12.504 10 7.036 16.562 10
4 16 7.035 22.833 10 0 20.625 10 -4.062 19.536 10 -7.035 22.833 10
4 16 -2.695 22.833 14.227 -2.166 22.833 14.447 7.035 22.833 10 -7.035 22.833 10
4 16 -1.947 22.833 14.977 7.035 22.833 16.721 7.035 22.833 10 -2.166 22.833 14.447
3 16 4.062 19.536 10 0 20.625 10 7.035 22.833 10
3 16 7.036 16.562 10 4.062 19.536 10 7.035 22.833 10
4 16 -8.124 12.496 10 -10.825 18.75 10 -7.035 22.833 10 -7.391 15.874 10
4 16 -10.825 18.75 10 -10.825 18.75 14.112 -7.035 22.833 14.195 -7.035 22.833 10
3 16 -7.036 16.562 10 -7.391 15.874 10 -7.035 22.833 10
3 16 -4.062 19.536 10 -7.036 16.562 10 -7.035 22.833 10
4 16 -7.035 22.833 14.195 -4.889 22.833 14.217 -2.695 22.833 14.227 -7.035 22.833 10
3 16 -11.776 16.691 10 -12.5 12.443 10 -12.057 15.798 25.5
3 16 -12.057 15.798 25.5 -12.5 12.443 10 -12.5 12.443 25.5
4 16 -11.705 16.886 23.556 -11.261 17.927 21.606 -11.261 17.927 17.256 -11.776 16.691 10
3 16 -11.261 17.927 17.256 -11.261 17.927 14.869 -11.776 16.691 10
3 16 -12.057 15.798 25.5 -11.705 16.886 23.556 -11.776 16.691 10
3 16 2.033 4.633 14.996 2.248 4.692 14.473 0 4.417 10
3 16 2.248 4.692 14.473 4.062 5.464 10 0 4.417 10
4 16 0 4.376 25.5 2.033 4.633 21.75 2.033 4.633 17.129 0 4.417 10
3 16 0 4.417 10 2.033 4.633 17.129 2.033 4.633 14.996
3 16 -2.033 4.633 19.246 0 4.417 10 -2.248 4.692 18.723
3 16 0 4.417 10 -4.062 5.464 10 -2.248 4.692 18.723
3 16 -4.062 5.464 18.5 -2.248 4.692 18.723 -4.062 5.464 10
4 16 -7.036 8.438 18.5 -4.062 5.464 18.5 -4.062 5.464 10 -7.036 8.438 10
3 16 -8.124 12.496 10 -7.803 10.236 18.744 -7.036 8.438 10
3 16 -7.036 8.438 18.5 -7.036 8.438 10 -7.803 10.236 18.744
3 16 -8.124 12.496 10 -8.053 13.583 25.5 -7.867 10.467 19.267
3 16 -7.867 10.467 19.267 -8.053 13.583 25.5 -7.867 10.467 21.358
3 16 -7.867 10.467 19.267 -7.803 10.236 18.744 -8.124 12.496 10
3 16 -7.867 14.533 15.008 -8.124 12.496 10 -7.804 14.76 14.491
3 16 -8.124 12.496 10 -7.391 15.874 10 -7.804 14.76 14.491
3 16 -8.053 13.583 25.5 -8.124 12.496 10 -7.867 14.533 17.117
3 16 -8.124 12.496 10 -7.867 14.533 15.008 -7.867 14.533 17.117
3 16 -7.036 16.562 14.25 -7.61 15.347 14.25 -7.036 16.562 10
3 16 -7.391 15.874 10 -7.036 16.562 10 -7.61 15.347 14.25
3 16 -7.61 15.347 14.25 -7.804 14.76 14.491 -7.391 15.874 10
4 16 -4.062 19.536 10 -4.062 19.536 14.25 -7.036 16.562 14.25 -7.036 16.562 10
3 16 -2.033 20.367 14.998 -2.249 20.308 14.474 0 20.625 10
3 16 -2.249 20.308 14.474 -4.062 19.536 10 0 20.625 10
3 16 -2.249 20.308 14.474 -4.062 19.536 14.25 -4.062 19.536 10
4 16 -2.033 20.367 17.127 0 20.625 10 0 20.624 25.5 -2.033 20.367 21.75
3 16 -2.033 20.367 17.127 -2.033 20.367 14.998 0 20.625 10
3 16 2.033 20.367 19.248 0 20.625 10 2.249 20.308 18.724
3 16 0 20.625 10 4.062 19.536 10 2.249 20.308 18.724
3 16 4.062 19.536 18.5 2.249 20.308 18.724 4.062 19.536 10
4 16 7.036 16.562 18.5 4.062 19.536 18.5 4.062 19.536 10 7.036 16.562 10
3 16 8.042 12.504 10 7.804 14.761 18.741 7.036 16.562 10
3 16 7.036 16.562 18.5 7.036 16.562 10 7.804 14.761 18.741
3 16 8.042 12.504 10 8.052 11.41 25.5 7.867 14.533 19.258
3 16 7.867 14.533 19.258 8.052 11.41 25.5 7.867 14.533 21.367
3 16 7.867 14.533 19.258 7.804 14.761 18.741 8.042 12.504 10
3 16 7.867 10.467 15.017 8.042 12.504 10 7.803 10.237 14.494
3 16 8.042 12.504 10 7.036 8.438 10 7.803 10.237 14.494
3 16 8.052 11.41 25.5 8.042 12.504 10 7.867 10.467 17.108
3 16 8.042 12.504 10 7.867 10.467 15.017 7.867 10.467 17.108
3 16 7.036 8.438 14.25 7.803 10.237 14.494 7.036 8.438 10
4 16 4.062 5.464 10 4.062 5.464 14.25 7.036 8.438 14.25 7.036 8.438 10
3 16 2.248 4.692 14.473 4.062 5.464 14.25 4.062 5.464 10
3 16 11.965 8.882 13.957 14.167 -.633 12.62 12.461 11.51 14.326
3 16 11.965 8.882 13.957 12.461 11.51 14.326 12.078 9.278 25.5
3 16 12.078 9.278 25.5 12.461 11.51 14.326 12.5 12.5 25.5
4 16 -11.428 -2.695 11.155 14.457 -2.695 11.155 14.338 -1.844 12.137 -11.308 -1.844 12.137
4 16 14.167 -.633 12.62 -11.138 -.633 12.62 -11.308 -1.844 12.137 14.338 -1.844 12.137
3 16 -11.138 -.633 12.62 14.167 -.633 12.62 0 0 12.708
3 16 6.25 1.675 13.022 0 0 12.708 14.167 -.633 12.62
3 16 10.825 6.25 13.611 6.25 1.675 13.022 14.167 -.633 12.62
3 16 11.965 8.882 13.957 10.825 6.25 13.611 14.167 -.633 12.62
3 16 1.876 .142 14.918 0 0 12.708 2.093 .177 14.392
3 16 -2.093 .177 18.642 0 0 12.708 -1.876 .142 19.168
4 16 -1.876 .142 19.168 0 0 12.708 -.342 .005 25.5 -1.876 .142 21.457
3 16 0 0 12.708 6.25 1.675 13.022 2.626 .279 14.171
3 16 2.626 .279 14.171 6.25 1.675 13.022 6.25 1.675 14.124
3 16 2.093 .177 14.392 0 0 12.708 2.626 .279 14.171
4 16 10.825 6.25 13.974 6.25 1.675 14.124 6.25 1.675 13.022 10.825 6.25 13.611
3 16 10.825 6.25 13.974 10.825 6.25 13.611 11.156 6.862 14.2
3 16 10.825 6.25 13.611 11.965 8.882 13.957 11.156 6.862 14.2
4 16 12.078 9.278 25.5 11.261 7.073 21.461 11.261 7.073 17.386 11.965 8.882 13.957
3 16 11.965 8.882 13.957 11.261 7.073 17.386 11.261 7.073 14.739
3 16 11.261 7.073 14.739 11.156 6.862 14.2 11.965 8.882 13.957
3 16 -8.723 3.547 13.207 -10.29 5.403 13.468 -11.138 -.633 12.62
4 16 -10.29 5.403 17.718 -11.138 -.633 16.87 -11.138 -.633 12.62 -10.29 5.403 13.468
3 16 -6.281 1.675 12.916 -8.723 3.547 13.207 -11.138 -.633 12.62
3 16 0 0 12.708 -6.281 1.675 12.916 -11.138 -.633 12.62
4 16 -11.308 -1.844 12.137 -11.138 -.633 12.62 -11.138 -.633 16.87 -11.308 -1.845 16.387
3 16 -8.723 3.547 13.207 -9.346 4.199 18.29 -10.29 5.403 13.468
3 16 -10.29 5.403 17.718 -10.29 5.403 13.468 -9.346 4.199 18.29
3 16 -9.346 4.199 18.29 -8.723 3.547 13.207 -6.281 1.675 18.396
3 16 -8.723 3.547 13.207 -6.281 1.675 12.916 -6.281 1.675 18.396
3 16 -6.281 1.675 12.916 0 0 12.708 -6.281 1.675 18.396
3 16 -2.093 .177 18.642 -6.281 1.675 18.396 0 0 12.708
4 16 -7.036 16.562 14.25 -4.062 19.536 14.25 -4.889 22.833 14.217 -7.035 22.833 14.195
4 16 -7.035 22.833 14.195 -10.825 18.75 14.112 -7.61 15.347 14.25 -7.036 16.562 14.25
3 16 -7.804 14.76 14.491 -7.61 15.347 14.25 -11.159 18.133 14.339
3 16 -10.825 18.75 14.112 -11.159 18.133 14.339 -7.61 15.347 14.25
4 16 -11.159 18.133 14.339 -11.261 17.927 14.869 -7.867 14.533 15.008 -7.804 14.76 14.491
4 16 -11.261 17.927 14.869 -11.261 17.927 17.256 -7.867 14.533 17.117 -7.867 14.533 15.008
3 16 -11.261 17.927 21.606 -11.159 18.134 17.787 -11.261 17.927 17.256
4 16 -7.867 14.533 17.117 -11.261 17.927 17.256 -11.159 18.134 17.787 -7.804 14.761 17.634
4 16 -10.825 18.75 17.957 -11.159 18.134 17.787 -11.261 17.927 21.606 -10.825 18.75 21.651
3 16 -7.804 14.761 17.634 -11.159 18.134 17.787 -7.61 15.347 17.875
3 16 -11.159 18.134 17.787 -10.825 18.75 17.957 -7.61 15.347 17.875
4 16 -10.825 18.75 21.651 -6.25 23.325 21.704 -6.25 23.325 17.92 -10.825 18.75 17.957
4 16 -4.062 19.536 17.875 -7.036 16.562 17.875 -10.825 18.75 17.957 -6.25 23.325 17.92
3 16 -7.61 15.347 17.875 -10.825 18.75 17.957 -7.036 16.562 17.875
3 16 -6.25 23.325 21.704 -2.629 24.72 17.915 -6.25 23.325 17.92
3 16 -4.062 19.536 17.875 -6.25 23.325 17.92 -2.629 24.72 17.915
3 16 -2.094 24.823 17.693 -2.629 24.72 17.915 -1.876 24.858 21.711
3 16 -1.876 24.858 21.711 -2.629 24.72 17.915 -6.25 23.325 21.704
3 16 -2.094 24.823 17.693 -2.249 20.308 17.651 -2.629 24.72 17.915
3 16 -4.062 19.536 17.875 -2.629 24.72 17.915 -2.249 20.308 17.651
3 16 -1.876 24.858 17.166 -2.094 24.823 17.693 -1.876 24.858 21.711
4 16 -2.094 24.823 17.693 -1.876 24.858 17.166 -2.033 20.367 17.127 -2.249 20.308 17.651
3 16 -1.876 24.858 17.078 -1.876 24.858 17.166 0 25 17.103
4 16 -1.947 22.833 16.721 -2.033 20.367 17.127 -1.876 24.858 17.166 -1.876 24.858 17.078
3 16 -1.947 22.833 16.721 -1.876 24.858 17.078 0 25 17.103
4 16 -1.876 24.858 17.166 -1.876 24.858 21.711 .319 24.996 25.5 0 25 17.103
3 16 -1.947 22.833 16.721 0 25 17.103 6.25 23.325 16.931
4 16 1.876 24.858 19.209 0 25 17.103 .319 24.996 25.5 1.876 24.858 21.416
3 16 2.094 24.823 18.682 0 25 17.103 1.876 24.858 19.209
4 16 -2.033 20.367 21.75 -1.876 24.858 21.711 -6.25 23.325 21.704 -4.062 19.536 21.75
3 16 0 20.624 25.5 .319 24.996 25.5 -1.876 24.858 21.711
3 16 -2.033 20.367 21.75 0 20.624 25.5 -1.876 24.858 21.711
3 16 -4.062 19.536 21.75 -6.25 23.325 21.704 -7.036 16.562 21.75
4 16 -7.455 15.73 21.75 -7.036 16.562 21.75 -6.25 23.325 21.704 -10.825 18.75 21.651
4 16 -7.455 15.73 21.75 -11.261 17.927 21.606 -11.705 16.886 23.556 -12.057 15.798 25.5
4 16 -12.467 11.591 25.5 -8.053 13.583 25.5 -12.057 15.798 25.5 -12.5 12.443 25.5
3 16 -7.036 8.438 25.5 -8.053 13.583 25.5 -12.467 11.591 25.5
4 16 -10.815 6.232 25.5 -7.036 8.438 25.5 -12.467 11.591 25.5 -11.454 7.494 25.5
4 16 -10.825 6.232 22.401 -10.815 6.232 25.5 -11.454 7.494 25.5 -11.156 6.862 22.175
4 16 -11.366 7.299 17.984 -11.261 7.073 18.989 -11.261 7.073 21.636 -11.454 7.494 25.5
3 16 -11.261 7.073 21.636 -11.156 6.862 22.175 -11.454 7.494 25.5
4 16 -9.32 4.17 22.334 -9.588 4.511 25.5 -10.815 6.232 25.5 -10.825 6.232 22.401
4 16 -9.588 4.511 25.5 -4.062 5.464 25.5 -7.036 8.438 25.5 -10.815 6.232 25.5
3 16 -6.281 1.675 25.5 -9.588 4.511 25.5 -6.281 1.675 22.228
3 16 -6.281 1.675 22.228 -9.588 4.511 25.5 -9.32 4.17 22.334
4 16 -.342 .005 25.5 0 4.376 25.5 -4.062 5.464 25.5 -6.281 1.675 25.5
3 16 -9.588 4.511 25.5 -6.281 1.675 25.5 -4.062 5.464 25.5
3 16 -1.876 .142 21.457 -.342 .005 25.5 -2.093 .177 21.983
3 16 -.342 .005 25.5 -6.281 1.675 25.5 -2.093 .177 21.983
3 16 -6.281 1.675 22.228 -2.093 .177 21.983 -6.281 1.675 25.5
3 16 2.033 4.633 21.75 0 4.376 25.5 -.342 .005 25.5
3 16 -10.29 5.403 17.718 -10.884 6.352 18.224 -11.366 7.299 17.984
3 16 -11.156 6.862 18.45 -11.366 7.299 17.984 -10.884 6.352 18.224
3 16 -9.346 4.199 18.29 -10.884 6.352 18.224 -10.29 5.403 17.718
3 16 -11.156 6.862 18.45 -11.261 7.073 18.989 -11.366 7.299 17.984
3 16 -2.093 .177 18.642 -2.248 4.692 18.723 -6.281 1.675 18.396
3 16 -4.062 5.464 18.5 -6.281 1.675 18.396 -2.248 4.692 18.723
4 16 -1.876 .142 19.168 -2.033 4.633 19.246 -2.248 4.692 18.723 -2.093 .177 18.642
4 16 -1.876 .142 19.168 -1.876 .142 21.457 -2.033 4.633 21.379 -2.033 4.633 19.246
4 16 -1.876 .142 21.457 -2.093 .177 21.983 -2.248 4.692 21.902 -2.033 4.633 21.379
3 16 -2.093 .177 21.983 -6.281 1.675 22.228 -2.248 4.692 21.902
3 16 -6.281 1.675 22.228 -4.062 5.464 22.125 -2.248 4.692 21.902
3 16 -4.062 5.464 22.125 -6.281 1.675 22.228 -7.036 8.438 22.125
3 16 -7.036 8.438 22.125 -6.281 1.675 22.228 -9.32 4.17 22.334
3 16 -7.036 8.438 22.125 -9.32 4.17 22.334 -10.825 6.232 22.401
3 16 -7.803 10.237 21.881 -7.036 8.438 22.125 -11.156 6.862 22.175
3 16 -10.825 6.232 22.401 -11.156 6.862 22.175 -7.036 8.438 22.125
4 16 -7.867 10.467 21.358 -11.261 7.073 21.636 -11.261 7.073 18.989 -7.867 10.467 19.267
4 16 -11.156 6.862 18.45 -7.803 10.236 18.744 -7.867 10.467 19.267 -11.261 7.073 18.989
3 16 -11.156 6.862 18.45 -10.884 6.352 18.224 -7.803 10.236 18.744
3 16 -7.803 10.236 18.744 -10.884 6.352 18.224 -7.036 8.438 18.5
3 16 -7.036 8.438 18.5 -10.884 6.352 18.224 -9.346 4.199 18.29
3 16 -7.036 8.438 18.5 -9.346 4.199 18.29 -6.281 1.675 18.396
3 16 -7.036 8.438 18.5 -6.281 1.675 18.396 -4.062 5.464 18.5
3 16 -1.947 22.833 14.977 -1.947 22.833 16.721 7.035 22.833 16.721
3 16 6.25 23.325 16.931 7.035 22.833 16.721 -1.947 22.833 16.721
3 16 6.25 23.325 16.931 6.25 23.325 18.455 7.035 22.833 16.721
3 16 7.035 22.833 16.721 6.25 23.325 18.455 10.825 18.75 18.362
4 16 -1.947 22.833 14.977 -2.033 20.367 14.998 -2.033 20.367 17.127 -1.947 22.833 16.721
4 16 -2.249 20.308 14.474 -2.033 20.367 14.998 -1.947 22.833 14.977 -2.166 22.833 14.447
3 16 -2.166 22.833 14.447 -2.695 22.833 14.227 -2.249 20.308 14.474
3 16 -2.695 22.833 14.227 -4.062 19.536 14.25 -2.249 20.308 14.474
3 16 -4.062 19.536 14.25 -2.695 22.833 14.227 -4.889 22.833 14.217
4 16 0 0 12.708 1.876 .142 14.918 1.876 .142 17.207 -.342 .005 25.5
3 16 1.876 .142 17.207 1.876 .142 21.672 -.342 .005 25.5
4 16 6.25 1.675 17.976 6.25 1.675 21.658 1.876 .142 21.672 2.093 .177 17.733
4 16 6.25 1.675 21.658 4.062 5.464 21.75 2.033 4.633 21.75 1.876 .142 21.672
3 16 1.876 .142 17.207 2.093 .177 17.733 1.876 .142 21.672
3 16 1.876 .142 21.672 2.033 4.633 21.75 -.342 .005 25.5
3 16 4.062 5.464 21.75 6.25 1.675 21.658 7.036 8.438 21.75
3 16 6.25 1.675 21.658 10.825 6.25 21.503 7.036 8.438 21.75
4 16 10.825 6.25 18.151 10.825 6.25 21.503 6.25 1.675 21.658 6.25 1.675 17.976
3 16 11.156 6.862 17.925 11.261 7.073 17.386 11.261 7.073 21.461
3 16 12.078 9.278 25.5 12.5 12.5 25.5 8.052 11.41 25.5
4 16 8.052 11.41 25.5 12.5 12.5 25.5 11.298 17.848 25.5 7.036 16.562 25.5
4 16 6.25 23.325 25.5 4.062 19.536 25.5 7.036 16.562 25.5 11.298 17.848 25.5
3 16 11.159 18.133 22.036 10.825 18.75 22.246 11.298 17.848 25.5
3 16 11.261 17.927 21.506 11.159 18.133 22.036 11.298 17.848 25.5
3 16 11.298 17.848 25.5 10.825 18.75 22.246 6.25 23.325 25.5
3 16 6.25 23.325 25.5 10.825 18.75 22.246 6.25 23.325 22.176
3 16 .319 24.996 25.5 6.25 23.325 25.5 2.629 24.72 22.165
3 16 6.25 23.325 25.5 6.25 23.325 22.176 2.629 24.72 22.165
4 16 4.062 19.536 25.5 6.25 23.325 25.5 .319 24.996 25.5 0 20.624 25.5
3 16 1.876 24.858 21.416 .319 24.996 25.5 2.094 24.823 21.943
3 16 2.629 24.72 22.165 2.094 24.823 21.943 .319 24.996 25.5
3 16 0 25 17.103 2.629 24.72 18.46 6.25 23.325 16.931
3 16 6.25 23.325 16.931 2.629 24.72 18.46 6.25 23.325 18.455
3 16 2.094 24.823 18.682 2.629 24.72 18.46 0 25 17.103
3 16 2.093 .177 14.392 2.626 .279 14.171 2.248 4.692 14.473
3 16 2.626 .279 14.171 4.062 5.464 14.25 2.248 4.692 14.473
4 16 2.626 .279 14.171 6.25 1.675 14.124 7.036 8.438 14.25 4.062 5.464 14.25
3 16 7.036 8.438 14.25 6.25 1.675 14.124 10.825 6.25 13.974
3 16 7.803 10.237 14.494 7.036 8.438 14.25 11.156 6.862 14.2
3 16 10.825 6.25 13.974 11.156 6.862 14.2 7.036 8.438 14.25
3 16 7.803 10.236 17.631 11.156 6.862 17.925 7.036 8.438 17.875
3 16 11.156 6.862 17.925 10.825 6.25 18.151 7.036 8.438 17.875
3 16 6.25 1.675 17.976 4.062 5.464 17.875 10.825 6.25 18.151
3 16 4.062 5.464 17.875 7.036 8.438 17.875 10.825 6.25 18.151
3 16 2.093 .177 17.733 2.248 4.692 17.652 6.25 1.675 17.976
3 16 4.062 5.464 17.875 6.25 1.675 17.976 2.248 4.692 17.652
4 16 1.876 .142 17.207 2.033 4.633 17.129 2.248 4.692 17.652 2.093 .177 17.733
4 16 1.876 .142 17.207 1.876 .142 14.918 2.033 4.633 14.996 2.033 4.633 17.129
4 16 1.876 .142 14.918 2.093 .177 14.392 2.248 4.692 14.473 2.033 4.633 14.996
3 16 2.094 24.823 18.682 2.249 20.308 18.724 2.629 24.72 18.46
3 16 4.062 19.536 18.5 2.629 24.72 18.46 2.249 20.308 18.724
4 16 2.249 20.308 18.724 2.094 24.823 18.682 1.876 24.858 19.209 2.033 20.367 19.248
4 16 2.033 20.367 21.377 2.033 20.367 19.248 1.876 24.858 19.209 1.876 24.858 21.416
4 16 2.249 20.308 21.901 2.033 20.367 21.377 1.876 24.858 21.416 2.094 24.823 21.943
3 16 2.094 24.823 21.943 2.629 24.72 22.165 2.249 20.308 21.901
3 16 2.629 24.72 22.165 4.062 19.536 22.125 2.249 20.308 21.901
4 16 2.629 24.72 22.165 6.25 23.325 22.176 7.036 16.562 22.125 4.062 19.536 22.125
4 16 10.825 18.75 22.246 7.61 15.347 22.125 7.036 16.562 22.125 6.25 23.325 22.176
3 16 11.159 18.133 22.036 7.804 14.76 21.884 10.825 18.75 22.246
3 16 10.825 18.75 22.246 7.804 14.76 21.884 7.61 15.347 22.125
4 16 11.159 18.133 22.036 11.261 17.927 21.506 7.867 14.533 21.367 7.804 14.76 21.884
4 16 11.261 17.927 21.506 11.261 17.927 19.119 7.867 14.533 19.258 7.867 14.533 21.367
4 16 11.159 18.134 18.588 7.804 14.761 18.741 7.867 14.533 19.258 11.261 17.927 19.119
3 16 7.036 16.562 18.5 7.804 14.761 18.741 10.825 18.75 18.362
3 16 7.804 14.761 18.741 11.159 18.134 18.588 10.825 18.75 18.362
3 16 7.036 16.562 18.5 10.825 18.75 18.362 6.25 23.325 18.455
4 16 2.629 24.72 18.46 4.062 19.536 18.5 7.036 16.562 18.5 6.25 23.325 18.455
3 16 2.033 4.633 17.129 2.033 4.633 21.75 2.248 4.692 17.652
4 16 4.062 5.464 17.875 2.248 4.692 17.652 2.033 4.633 21.75 4.062 5.464 21.75
3 16 -2.033 4.633 21.379 -2.248 4.692 21.902 0 4.376 25.5
3 16 -2.248 4.692 21.902 -4.062 5.464 25.5 0 4.376 25.5
4 16 0 4.417 10 -2.033 4.633 19.246 -2.033 4.633 21.379 0 4.376 25.5
4 16 12.078 9.278 25.5 8.052 11.41 25.5 7.455 9.27 21.75 11.261 7.073 21.461
3 16 8.052 11.41 25.5 7.803 10.236 17.631 7.455 9.27 21.75
3 16 7.036 8.438 17.875 7.455 9.27 21.75 7.803 10.236 17.631
3 16 7.036 8.438 17.875 7.036 8.438 21.75 7.455 9.27 21.75
3 16 8.052 11.41 25.5 7.867 10.467 17.108 7.803 10.236 17.631
3 16 7.867 14.533 21.367 8.052 11.41 25.5 7.804 14.76 21.884
3 16 8.052 11.41 25.5 7.036 16.562 25.5 7.804 14.76 21.884
3 16 7.036 16.562 22.125 7.61 15.347 22.125 7.036 16.562 25.5
3 16 7.804 14.76 21.884 7.036 16.562 25.5 7.61 15.347 22.125
4 16 4.062 19.536 22.125 7.036 16.562 22.125 7.036 16.562 25.5 4.062 19.536 25.5
3 16 2.033 20.367 21.377 2.249 20.308 21.901 0 20.624 25.5
3 16 2.249 20.308 21.901 4.062 19.536 25.5 0 20.624 25.5
3 16 2.249 20.308 21.901 4.062 19.536 22.125 4.062 19.536 25.5
4 16 0 20.625 10 2.033 20.367 19.248 2.033 20.367 21.377 0 20.624 25.5
4 16 11.156 6.862 17.925 7.803 10.236 17.631 7.867 10.467 17.108 11.261 7.073 17.386
4 16 7.867 10.467 17.108 7.867 10.467 15.017 11.261 7.073 14.739 11.261 7.073 17.386
4 16 11.156 6.862 14.2 11.261 7.073 14.739 7.867 10.467 15.017 7.803 10.237 14.494
3 16 -2.033 20.367 17.127 -2.033 20.367 21.75 -2.249 20.308 17.651
4 16 -4.062 19.536 17.875 -2.249 20.308 17.651 -2.033 20.367 21.75 -4.062 19.536 21.75
4 16 -4.062 19.536 21.75 -7.036 16.562 21.75 -7.036 16.562 17.875 -4.062 19.536 17.875
3 16 -7.036 16.562 21.75 -7.455 15.73 21.75 -7.036 16.562 17.875
3 16 -7.61 15.347 17.875 -7.455 15.73 21.75 -7.804 14.761 17.634
3 16 -7.455 15.73 21.75 -8.053 13.583 25.5 -7.804 14.761 17.634
3 16 -7.61 15.347 17.875 -7.036 16.562 17.875 -7.455 15.73 21.75
3 16 -8.053 13.583 25.5 -7.867 14.533 17.117 -7.804 14.761 17.634
3 16 -7.867 10.467 21.358 -8.053 13.583 25.5 -7.803 10.237 21.881
3 16 -8.053 13.583 25.5 -7.036 8.438 25.5 -7.803 10.237 21.881
3 16 -7.803 10.237 21.881 -7.036 8.438 25.5 -7.036 8.438 22.125
4 16 -7.036 8.438 22.125 -7.036 8.438 25.5 -4.062 5.464 25.5 -4.062 5.464 22.125
3 16 -2.248 4.692 21.902 -4.062 5.464 22.125 -4.062 5.464 25.5
4 16 -11.156 6.862 22.175 -11.261 7.073 21.636 -7.867 10.467 21.358 -7.803 10.237 21.881
4 16 -11.308 -1.845 16.387 -11.428 -2.695 15.406 -11.428 -2.695 11.155 -11.308 -1.844 12.137
3 16 -8.053 13.583 25.5 -7.455 15.73 21.75 -12.057 15.798 25.5
3 16 -11.261 17.927 21.606 -7.455 15.73 21.75 -10.825 18.75 21.651
3 16 0 0 6 -14.078 0 10 14.078 0 10
4 16 6.543 0 -9.999 6.543 -3 -9.999 -6.543 -3 -9.999 -6.543 0 -9.999
3 16 -14.338 -1.844 16.387 -14.078 0 10 -14.5 -3 9.801
4 16 -8.124 12.496 10 -14.078 0 10 -12.461 11.51 10 -10.825 18.75 10
4 16 -12.461 11.51 10 -12.5 12.443 10 -11.776 16.691 10 -10.825 18.75 10
3 16 -10.825 18.75 14.112 -10.825 18.75 10 -11.159 18.133 14.339
4 16 -10.825 18.75 10 -11.776 16.691 10 -11.261 17.927 14.869 -11.159 18.133 14.339
4 16 7.036 8.438 17.875 4.062 5.464 17.875 4.062 5.464 21.75 7.036 8.438 21.75
3 16 7.036 8.438 21.75 10.825 6.25 21.503 7.455 9.27 21.75
3 16 7.455 9.27 21.75 10.825 6.25 21.503 11.261 7.073 21.461
4 16 10.825 6.25 18.151 11.156 6.862 17.925 11.261 7.073 21.461 10.825 6.25 21.503
3 16 0 0 -6 6.543 0 -9.999 -6.543 0 -9.999
3 16 6.543 -3 -9.999 0 -3 -6 -6.543 -3 -9.999
3 16 -11.471 -3 9.897 0 -3 6 14.5 -3 9.801
3 16 -11.471 -3 9.897 -14.5 -3 9.801 0 -3 6
2 24 -10.29 5.403 13.468 -8.723 3.547 13.207
2 24 -10.884 6.352 18.224 -11.156 6.862 18.45
5 24 -6.281 1.675 22.228 -2.248 4.692 21.902 -4.062 5.464 22.125 -2.093 .177 21.983
5 24 -4.062 19.536 21.75 -4.062 19.536 17.875 -2.249 20.308 17.651 -7.036 16.562 21.75
5 24 2.093 .177 17.733 2.248 4.692 17.652 6.25 1.675 17.976 1.876 .142 17.207
2 24 -7.036 16.562 21.75 -7.455 15.73 21.75
5 24 -11.138 -.633 12.62 14.167 -.633 12.62 -11.308 -1.844 12.137 0 0 12.708
5 24 0 4.376 25.5 -2.033 4.633 21.379 0 4.417 10 -2.248 4.692 21.902
5 24 -2.033 4.633 19.246 0 4.417 10 -2.033 4.633 21.379 -2.248 4.692 18.723
5 24 6.25 1.675 17.976 6.25 1.675 21.658 10.825 6.25 18.151 1.876 .142 21.672
2 24 -6.543 -3 -9.999 6.543 -3 -9.999
5 24 -6.281 1.675 18.396 -7.036 8.438 18.5 -4.062 5.464 18.5 -9.346 4.199 18.29
5 24 -12.057 15.798 25.5 -8.053 13.583 25.5 -12.5 12.443 25.5 -7.455 15.73 21.75
5 24 2.033 4.633 14.996 1.876 .142 14.918 2.033 4.633 17.129 2.093 .177 14.392
5 24 -2.033 20.367 14.998 0 20.625 10 -2.033 20.367 17.127 -2.249 20.308 14.474
2 24 12.5 12.504 10 10.825 18.75 10
5 24 -7.867 14.533 17.117 -8.053 13.583 25.5 -8.124 12.496 10 -7.804 14.761 17.634
5 24 0 20.624 25.5 2.033 20.367 21.377 0 20.625 10 2.249 20.308 21.901
2 24 0 4.417 10 -4.062 5.464 10
5 24 11.156 6.862 14.2 7.803 10.237 14.494 7.867 10.467 15.017 7.036 8.438 14.25
5 24 0 4.417 10 -2.248 4.692 18.723 -4.062 5.464 10 -2.033 4.633 19.246
2 24 2.033 4.633 14.996 2.248 4.692 14.473
2 24 6.25 1.675 14.124 2.626 .279 14.171
5 24 -7.455 15.73 21.75 -10.825 18.75 21.651 -11.261 17.927 21.606 -7.036 16.562 21.75
5 24 7.867 10.467 17.108 8.052 11.41 25.5 8.042 12.504 10 7.803 10.236 17.631
5 24 14.457 -2.695 11.155 -11.428 -2.695 11.155 -11.471 -3 9.897 14.338 -1.844 12.137
2 24 -2.166 22.833 14.447 -2.695 22.833 14.227
2 24 2.629 24.72 18.46 6.25 23.325 18.455
5 24 7.804 14.76 21.884 8.052 11.41 25.5 7.036 16.562 25.5 7.867 14.533 21.367
5 24 -7.803 10.236 18.744 -8.124 12.496 10 -7.867 10.467 19.267 -7.036 8.438 10
5 24 2.629 24.72 18.46 2.249 20.308 18.724 4.062 19.536 18.5 2.094 24.823 18.682
5 24 -2.033 20.367 17.127 -2.033 20.367 21.75 -2.249 20.308 17.651 0 20.625 10
2 24 -.342 .005 25.5 1.876 .142 21.672
2 24 -2.033 20.367 17.127 -2.033 20.367 14.998
2 24 7.867 10.467 15.017 7.867 10.467 17.108
5 24 6.25 23.325 18.455 7.036 16.562 18.5 10.825 18.75 18.362 2.629 24.72 18.46
5 24 -11.156 6.862 18.45 -11.366 7.299 17.984 -10.884 6.352 18.224 -11.261 7.073 18.989
2 24 11.156 6.862 17.925 10.825 6.25 18.151
2 24 -7.867 10.467 19.267 -7.803 10.236 18.744
2 24 11.156 6.862 17.925 11.261 7.073 17.386
5 24 2.249 20.308 21.901 0 20.624 25.5 4.062 19.536 25.5 2.033 20.367 21.377
5 24 -11.261 7.073 21.636 -7.867 10.467 21.358 -11.261 7.073 18.989 -7.803 10.237 21.881
5 24 -7.61 15.347 14.25 -10.825 18.75 14.112 -11.159 18.133 14.339 -7.036 16.562 14.25
5 24 7.867 10.467 17.108 11.261 7.073 17.386 7.867 10.467 15.017 11.156 6.862 17.925
5 24 -2.249 20.308 14.474 -4.062 19.536 10 -4.062 19.536 14.25 0 20.625 10
2 24 7.804 14.761 18.741 7.036 16.562 18.5
2 24 -2.166 22.833 14.447 -1.947 22.833 14.977
5 24 -2.248 4.692 21.902 -4.062 5.464 25.5 0 4.376 25.5 -4.062 5.464 22.125
5 24 11.965 8.882 13.957 14.167 -.633 12.62 12.461 11.51 14.326 10.825 6.25 13.611
2 24 -2.093 .177 21.983 -1.876 .142 21.457
2 24 -7.867 14.533 17.117 -7.804 14.761 17.634
2 24 12.5 12.504 10 12.461 11.51 10
2 24 -11.261 17.927 21.606 -7.455 15.73 21.75
5 24 -.342 .005 25.5 0 0 12.708 1.876 .142 14.918 -1.876 .142 21.457
5 24 10.825 6.25 13.974 7.036 8.438 14.25 11.156 6.862 14.2 6.25 1.675 14.124
2 24 -9.32 4.17 22.334 -10.825 6.232 22.401
2 24 4.062 19.536 10 0 20.625 10
5 24 -7.804 14.76 14.491 -8.124 12.496 10 -7.391 15.874 10 -7.867 14.533 15.008
5 24 6.25 1.675 17.976 2.248 4.692 17.652 2.093 .177 17.733 4.062 5.464 17.875
2 24 -12.461 11.51 10 -12.5 12.443 10
5 24 2.033 20.367 19.248 0 20.625 10 2.249 20.308 18.724 2.033 20.367 21.377
5 24 11.156 6.862 17.925 7.036 8.438 17.875 10.825 6.25 18.151 7.803 10.236 17.631
5 24 -7.036 16.562 17.875 -7.036 16.562 21.75 -7.455 15.73 21.75 -4.062 19.536 17.875
5 24 11.261 7.073 14.739 7.867 10.467 15.017 7.803 10.237 14.494 7.867 10.467 17.108
5 24 -6.281 1.675 18.396 -6.281 1.675 12.916 0 0 12.708 -8.723 3.547 13.207
5 24 -7.867 10.467 19.267 -11.261 7.073 18.989 -11.156 6.862 18.45 -7.867 10.467 21.358
2 24 2.094 24.823 18.682 2.629 24.72 18.46
5 24 2.033 4.633 17.129 2.033 4.633 21.75 2.248 4.692 17.652 0 4.417 10
5 24 -2.094 24.823 17.693 -2.249 20.308 17.651 -2.629 24.72 17.915 -1.876 24.858 17.166
2 24 -1.876 .142 19.168 -2.093 .177 18.642
2 24 -7.036 16.562 10 -7.391 15.874 10
5 24 4.062 19.536 10 4.062 19.536 18.5 7.036 16.562 10 2.249 20.308 18.724
5 24 7.867 10.467 15.017 8.042 12.504 10 7.867 10.467 17.108 7.803 10.237 14.494
5 24 -11.156 6.862 22.175 -11.454 7.494 25.5 -10.825 6.232 22.401 -11.261 7.073 21.636
5 24 7.035 22.833 16.721 7.035 22.833 10 -2.166 22.833 14.447 10.825 18.75 18.362
5 24 -2.629 24.72 17.915 -1.876 24.858 21.711 -6.25 23.325 21.704 -2.094 24.823 17.693
5 24 7.036 8.438 14.25 6.25 1.675 14.124 10.825 6.25 13.974 4.062 5.464 14.25
5 24 -7.036 8.438 22.125 -6.281 1.675 22.228 -9.32 4.17 22.334 -4.062 5.464 22.125
2 24 2.248 4.692 17.652 4.062 5.464 17.875
5 24 2.629 24.72 22.165 2.249 20.308 21.901 4.062 19.536 22.125 2.094 24.823 21.943
2 24 11.261 17.927 21.506 11.159 18.133 22.036
2 24 2.248 4.692 17.652 2.033 4.633 17.129
5 24 -6.25 23.325 17.92 -6.25 23.325 21.704 -2.629 24.72 17.915 -10.825 18.75 17.957
5 24 10.825 18.75 22.246 11.298 17.848 25.5 6.25 23.325 25.5 11.159 18.133 22.036
5 24 0 0 12.708 2.093 .177 14.392 2.626 .279 14.171 1.876 .142 14.918
5 24 11.965 8.882 13.957 11.261 7.073 14.739 11.261 7.073 17.386 11.156 6.862 14.2
2 24 -14.078 0 10 -12.461 11.51 10
5 24 -11.308 -1.844 12.137 14.338 -1.844 12.137 14.167 -.633 12.62 -11.428 -2.695 11.155
5 24 6.543 0 -9.999 6.543 -3 -9.999 10.097 0 -9.122 -6.543 -3 -9.999
5 24 6.25 23.325 16.931 -1.947 22.833 16.721 7.035 22.833 16.721 0 25 17.103
2 24 -9.32 4.17 22.334 -6.281 1.675 22.228
2 24 7.036 8.438 21.75 7.455 9.27 21.75
5 24 4.062 5.464 21.75 4.062 5.464 17.875 2.248 4.692 17.652 7.036 8.438 21.75
2 24 -7.036 8.438 10 -4.062 5.464 10
5 24 11.261 17.927 19.119 10.825 18.75 10 11.159 18.134 18.588 12.5 12.5 25.5
5 24 12.5 12.5 25.5 11.261 17.927 19.119 11.261 17.927 21.506 10.825 18.75 10
5 24 -6.281 1.675 25.5 -6.281 1.675 22.228 -2.093 .177 21.983 -9.588 4.511 25.5
2 24 -11.261 17.927 17.256 -11.261 17.927 14.869
5 24 7.036 8.438 10 7.036 8.438 14.25 7.803 10.237 14.494 4.062 5.464 10
5 24 4.062 19.536 25.5 2.249 20.308 21.901 0 20.624 25.5 4.062 19.536 22.125
5 24 10.825 6.25 13.611 11.156 6.862 14.2 11.965 8.882 13.957 10.825 6.25 13.974
2 24 -2.094 24.823 17.693 -2.629 24.72 17.915
2 24 -4.062 5.464 18.5 -7.036 8.438 18.5
5 24 10.825 18.75 10 11.159 18.134 18.588 10.825 18.75 18.362 11.261 17.927 19.119
5 24 7.036 16.562 25.5 7.804 14.76 21.884 7.61 15.347 22.125 8.052 11.41 25.5
2 24 6.25 1.675 13.022 0 0 12.708
2 24 7.867 10.467 17.108 7.803 10.236 17.631
2 24 -14.338 -1.844 16.387 -14.167 -.633 16.87
5 24 -10.29 5.403 17.718 -10.29 5.403 13.468 -9.346 4.199 18.29 -11.138 -.633 16.87
5 24 10.825 6.25 21.503 7.036 8.438 21.75 7.455 9.27 21.75 6.25 1.675 21.658
5 24 2.626 .279 14.171 0 0 12.708 2.093 .177 14.392 6.25 1.675 13.022
5 24 -9.346 4.199 18.29 -10.29 5.403 13.468 -8.723 3.547 13.207 -10.29 5.403 17.718
5 24 6.25 23.325 18.455 7.035 22.833 16.721 10.825 18.75 18.362 6.25 23.325 16.931
2 24 8.052 11.41 25.5 7.036 16.562 25.5
2 24 .319 24.996 25.5 -1.876 24.858 21.711
5 24 2.033 20.367 19.248 1.876 24.858 19.209 1.876 24.858 21.416 2.249 20.308 18.724
5 24 12.078 9.278 25.5 11.965 8.882 13.957 11.261 7.073 21.461 12.461 11.51 14.326
2 24 -4.062 5.464 22.125 -2.248 4.692 21.902
2 24 -6.281 1.675 18.396 -9.346 4.199 18.29
5 24 -7.61 15.347 14.25 -7.391 15.874 10 -7.804 14.76 14.491 -7.036 16.562 10
2 24 -7.61 15.347 14.25 -7.804 14.76 14.491
5 24 0 20.624 25.5 0 20.625 10 -2.033 20.367 21.75 2.033 20.367 19.248
2 24 8.042 12.504 10 7.036 8.438 10
5 24 7.804 14.761 18.741 11.159 18.134 18.588 10.825 18.75 18.362 7.867 14.533 19.258
2 24 -11.308 -1.845 16.387 -11.138 -.633 16.87
5 24 2.249 20.308 18.724 4.062 19.536 10 4.062 19.536 18.5 0 20.625 10
2 24 -11.261 17.927 14.869 -11.159 18.133 14.339
5 24 7.804 14.761 18.741 7.036 16.562 10 8.042 12.504 10 7.036 16.562 18.5
2 24 -2.695 22.833 14.227 -4.889 22.833 14.217
5 24 8.052 11.41 25.5 7.803 10.236 17.631 7.867 10.467 17.108 7.455 9.27 21.75
5 24 -2.249 20.308 14.474 -2.166 22.833 14.447 -2.033 20.367 14.998 -2.695 22.833 14.227
2 24 -2.249 20.308 14.474 -4.062 19.536 14.25
5 24 0 20.625 10 -2.249 20.308 14.474 -4.062 19.536 10 -2.033 20.367 14.998
5 24 -7.036 8.438 22.125 -9.32 4.17 22.334 -10.825 6.232 22.401 -6.281 1.675 22.228
2 24 -7.867 14.533 15.008 -7.867 14.533 17.117
2 24 -11.454 7.494 25.5 -12.467 11.591 25.5
5 24 -11.159 18.133 14.339 -7.804 14.76 14.491 -11.261 17.927 14.869 -7.61 15.347 14.25
5 24 -6.281 1.675 22.228 -9.588 4.511 25.5 -9.32 4.17 22.334 -6.281 1.675 25.5
5 24 -4.062 5.464 22.125 -4.062 5.464 25.5 -2.248 4.692 21.902 -7.036 8.438 22.125
5 24 -7.867 14.533 17.117 -11.261 17.927 17.256 -7.867 14.533 15.008 -11.159 18.134 17.787
2 24 -11.366 7.299 17.984 -12.461 11.51 18.576
5 24 -12.057 15.798 25.5 -12.5 12.443 10 -12.5 12.443 25.5 -11.776 16.691 10
5 24 12.078 9.278 25.5 12.461 11.51 14.326 12.5 12.5 25.5 11.965 8.882 13.957
5 24 -7.804 14.76 14.491 -7.391 15.874 10 -8.124 12.496 10 -7.61 15.347 14.25
2 24 1.876 24.858 19.209 1.876 24.858 21.416
5 24 -12.057 15.798 25.5 -11.776 16.691 10 -12.5 12.443 10 -11.705 16.886 23.556
2 24 -7.803 10.237 21.881 -7.036 8.438 22.125
2 24 -11.776 16.691 10 -10.825 18.75 10
2 24 4.062 5.464 17.875 7.036 8.438 17.875
5 24 2.626 .279 14.171 4.062 5.464 14.25 6.25 1.675 14.124 2.248 4.692 14.473
5 24 11.965 8.882 13.957 11.156 6.862 14.2 11.261 7.073 14.739 10.825 6.25 13.611
5 24 -4.889 22.833 14.217 -4.062 19.536 14.25 -2.695 22.833 14.227 -7.035 22.833 14.195
2 24 -2.093 .177 18.642 -6.281 1.675 18.396
2 24 -6.25 23.325 21.704 -1.876 24.858 21.711
2 24 -6.281 1.675 25.5 -9.588 4.511 25.5
5 24 -.342 .005 25.5 2.033 4.633 21.75 0 4.376 25.5 1.876 .142 21.672
5 24 7.036 16.562 25.5 7.036 16.562 22.125 4.062 19.536 25.5 7.61 15.347 22.125
5 24 -2.033 20.367 21.75 -2.249 20.308 17.651 -2.033 20.367 17.127 -4.062 19.536 21.75
5 24 -7.036 16.562 10 -7.036 16.562 14.25 -4.062 19.536 10 -7.61 15.347 14.25
2 24 4.062 19.536 22.125 2.249 20.308 21.901
5 24 -10.825 18.75 10 -11.159 18.133 14.339 -11.776 16.691 10 -10.825 18.75 14.112
5 24 -8.723 3.547 13.207 -6.281 1.675 18.396 -6.281 1.675 12.916 -9.346 4.199 18.29
5 24 -2.093 .177 18.642 -2.248 4.692 18.723 -2.033 4.633 19.246 -6.281 1.675 18.396
5 24 6.25 1.675 13.022 6.25 1.675 14.124 10.825 6.25 13.611 2.626 .279 14.171
5 24 2.248 4.692 14.473 4.062 5.464 10 4.062 5.464 14.25 0 4.417 10
5 24 -7.036 16.562 10 -7.61 15.347 14.25 -7.391 15.874 10 -7.036 16.562 14.25
2 24 1.876 24.858 19.209 2.094 24.823 18.682
5 24 -2.695 22.833 14.227 -2.249 20.308 14.474 -4.062 19.536 14.25 -2.166 22.833 14.447
2 24 -12.5 12.443 25.5 -12.057 15.798 25.5
5 24 10.825 18.75 10 10.825 18.75 18.362 7.035 22.833 10 11.159 18.134 18.588
5 24 7.036 8.438 21.75 6.25 1.675 21.658 10.825 6.25 21.503 4.062 5.464 21.75
2 24 -6.281 1.675 12.916 -8.723 3.547 13.207
2 24 14.338 -1.844 12.137 14.457 -2.695 11.155
5 24 10.825 6.25 18.151 7.036 8.438 17.875 4.062 5.464 17.875 11.156 6.862 17.925
2 24 -2.249 20.308 17.651 -2.033 20.367 17.127
2 24 -11.428 -2.695 11.155 -11.308 -1.844 12.137
5 24 -8.124 12.496 10 -8.053 13.583 25.5 -7.867 14.533 17.117 -7.867 10.467 19.267
2 24 -2.248 4.692 18.723 -2.033 4.633 19.246
2 24 -12.057 15.798 25.5 -11.705 16.886 23.556
2 24 -10.825 18.75 17.957 -6.25 23.325 17.92
2 24 -10.825 18.75 14.112 -11.159 18.133 14.339
5 24 2.033 4.633 21.75 2.248 4.692 17.652 2.033 4.633 17.129 4.062 5.464 21.75
5 24 -7.036 8.438 25.5 -7.036 8.438 22.125 -4.062 5.464 25.5 -7.803 10.237 21.881
2 24 -10.825 6.232 22.401 -11.156 6.862 22.175
5 24 0 20.625 10 2.249 20.308 18.724 4.062 19.536 10 2.033 20.367 19.248
5 24 7.036 8.438 10 7.803 10.237 14.494 7.036 8.438 14.25 8.042 12.504 10
5 24 -9.346 4.199 18.29 -10.29 5.403 17.718 -10.29 5.403 13.468 -10.884 6.352 18.224
2 24 11.156 6.862 14.2 10.825 6.25 13.974
5 24 7.803 10.237 14.494 8.042 12.504 10 7.036 8.438 10 7.867 10.467 15.017
5 24 -10.815 6.232 25.5 -10.825 6.232 22.401 -9.32 4.17 22.334 -11.454 7.494 25.5
5 24 -2.033 4.633 19.246 -1.876 .142 19.168 -2.248 4.692 18.723 -1.876 .142 21.457
5 24 1.876 .142 21.672 2.033 4.633 21.75 6.25 1.675 21.658 -.342 .005 25.5
5 24 6.25 1.675 13.022 14.167 -.633 12.62 0 0 12.708 10.825 6.25 13.611
2 24 -12.461 11.51 18.576 -14.167 -.633 16.87
5 24 12.5 12.5 25.5 12.5 12.504 10 10.825 18.75 10 12.461 11.51 14.326
5 24 -11.261 17.927 17.256 -11.261 17.927 21.606 -11.159 18.134 17.787 -11.776 16.691 10
2 24 1.876 .142 21.672 6.25 1.675 21.658
5 24 -7.035 22.833 10 -7.035 22.833 14.195 -4.889 22.833 14.217 -10.825 18.75 10
2 24 -7.804 14.76 14.491 -7.867 14.533 15.008
2 24 -11.138 -.633 16.87 -10.29 5.403 17.718
5 24 -7.036 8.438 25.5 -7.803 10.237 21.881 -7.036 8.438 22.125 -8.053 13.583 25.5
2 24 -.342 .005 25.5 -6.281 1.675 25.5
5 24 1.876 .142 17.207 2.033 4.633 17.129 1.876 .142 14.918 2.248 4.692 17.652
2 24 4.062 19.536 18.5 7.036 16.562 18.5
5 24 -6.281 1.675 25.5 -2.093 .177 21.983 -.342 .005 25.5 -6.281 1.675 22.228
2 24 4.062 19.536 18.5 2.249 20.308 18.724
5 24 -7.61 15.347 14.25 -11.159 18.133 14.339 -7.804 14.76 14.491 -10.825 18.75 14.112
5 24 -2.629 24.72 17.915 -6.25 23.325 21.704 -1.876 24.858 21.711 -6.25 23.325 17.92
2 24 -7.036 8.438 22.125 -4.062 5.464 22.125
2 24 7.036 8.438 14.25 7.803 10.237 14.494
2 24 4.062 5.464 10 7.036 8.438 10
5 24 8.042 12.504 10 8.052 11.41 25.5 7.867 10.467 17.108 7.867 14.533 19.258
5 24 -11.261 17.927 14.869 -7.867 14.533 15.008 -7.804 14.76 14.491 -11.261 17.927 17.256
2 24 -11.261 7.073 21.636 -11.156 6.862 22.175
5 24 .319 24.996 25.5 0 25 17.103 1.876 24.858 21.416 -1.876 24.858 17.166
5 24 12.461 11.51 14.326 12.5 12.5 25.5 12.078 9.278 25.5 12.461 11.51 10
5 24 -11.776 16.691 10 -11.261 17.927 17.256 -11.261 17.927 14.869 -11.705 16.886 23.556
5 24 -7.804 14.761 17.634 -7.455 15.73 21.75 -8.053 13.583 25.5 -7.61 15.347 17.875
2 24 12.5 12.5 25.5 12.078 9.278 25.5
2 24 -11.159 18.134 17.787 -11.261 17.927 17.256
5 24 11.261 17.927 21.506 11.298 17.848 25.5 12.5 12.5 25.5 11.159 18.133 22.036
5 24 0 4.417 10 2.248 4.692 14.473 4.062 5.464 10 2.033 4.633 14.996
5 24 7.867 10.467 17.108 8.042 12.504 10 7.867 10.467 15.017 8.052 11.41 25.5
5 24 11.965 8.882 13.957 11.261 7.073 17.386 11.261 7.073 14.739 12.078 9.278 25.5
5 24 -1.876 24.858 21.711 -1.876 24.858 17.166 -2.094 24.823 17.693 .319 24.996 25.5
2 24 6.25 1.675 21.658 10.825 6.25 21.503
2 24 -7.036 16.562 21.75 -4.062 19.536 21.75
2 24 4.062 19.536 25.5 7.036 16.562 25.5
2 24 10.825 6.25 21.503 11.261 7.073 21.461
2 24 -1.876 24.858 17.166 -2.094 24.823 17.693
5 24 -11.366 7.299 17.984 -11.454 7.494 25.5 -12.467 11.591 25.5 -11.261 7.073 18.989
5 24 0 4.376 25.5 -2.248 4.692 21.902 -4.062 5.464 25.5 -2.033 4.633 21.379
5 24 2.249 20.308 21.901 2.094 24.823 21.943 2.033 20.367 21.377 2.629 24.72 22.165
5 24 7.036 8.438 17.875 7.036 8.438 21.75 4.062 5.464 17.875 7.455 9.27 21.75
5 24 11.159 18.133 22.036 7.804 14.76 21.884 10.825 18.75 22.246 11.261 17.927 21.506
5 24 -2.093 .177 21.983 -.342 .005 25.5 -6.281 1.675 25.5 -1.876 .142 21.457
5 24 -4.062 5.464 18.5 -6.281 1.675 18.396 -2.248 4.692 18.723 -7.036 8.438 18.5
2 24 7.035 22.833 10 10.825 18.75 10
5 24 10.825 18.75 18.362 7.035 22.833 16.721 10.825 18.75 10 6.25 23.325 18.455
2 24 2.033 20.367 21.377 2.033 20.367 19.248
5 24 -7.804 14.761 17.634 -11.159 18.134 17.787 -7.867 14.533 17.117 -7.61 15.347 17.875
2 24 6.25 1.675 17.976 2.093 .177 17.733
5 24 14.5 -3 9.801 -11.471 -3 9.897 0 -3 6 14.457 -2.695 11.155
5 24 -6.281 1.675 18.396 -2.248 4.692 18.723 -4.062 5.464 18.5 -2.093 .177 18.642
5 24 -7.803 10.236 18.744 -11.156 6.862 18.45 -7.867 10.467 19.267 -10.884 6.352 18.224
2 24 -10.825 18.75 10 -7.035 22.833 10
2 24 -10.29 5.403 13.468 -11.138 -.633 12.62
2 24 7.035 22.833 16.721 6.25 23.325 16.931
5 24 10.825 18.75 18.362 7.036 16.562 18.5 6.25 23.325 18.455 7.804 14.761 18.741
5 24 2.629 24.72 22.165 4.062 19.536 22.125 6.25 23.325 22.176 2.249 20.308 21.901
2 24 0 20.624 25.5 .319 24.996 25.5
2 24 0 4.376 25.5 -.342 .005 25.5
5 24 -4.062 5.464 22.125 -6.281 1.675 22.228 -7.036 8.438 22.125 -2.248 4.692 21.902
2 24 4.062 5.464 21.75 2.033 4.633 21.75
2 24 -7.867 10.467 21.358 -7.867 10.467 19.267
5 24 2.094 24.823 21.943 .319 24.996 25.5 2.629 24.72 22.165 1.876 24.858 21.416
5 24 -14.338 -1.844 16.387 -11.308 -1.845 16.387 -14.457 -2.695 15.405 -11.138 -.633 16.87
5 24 8.052 11.41 25.5 7.867 14.533 21.367 7.867 14.533 19.258 7.804 14.76 21.884
5 24 -12.461 11.51 10 -12.461 11.51 18.576 -12.467 11.591 25.5 -14.078 0 10
2 24 11.159 18.133 22.036 10.825 18.75 22.246
2 24 -4.062 19.536 10 0 20.625 10
5 24 11.261 7.073 17.386 11.261 7.073 21.461 11.965 8.882 13.957 11.156 6.862 17.925
5 24 -11.261 17.927 21.606 -11.159 18.134 17.787 -11.261 17.927 17.256 -10.825 18.75 21.651
2 24 -10.815 6.232 25.5 -11.454 7.494 25.5
2 24 -11.159 18.134 17.787 -10.825 18.75 17.957
5 24 -12.5 12.443 10 -12.5 12.443 25.5 -12.461 11.51 10 -12.057 15.798 25.5
5 24 -11.261 7.073 18.989 -11.366 7.299 17.984 -11.261 7.073 21.636 -11.156 6.862 18.45
2 24 -11.428 -2.695 11.155 -11.471 -3 9.897
2 24 -9.346 4.199 18.29 -10.884 6.352 18.224
2 24 2.626 .279 14.171 2.093 .177 14.392
2 24 0 25 17.103 6.25 23.325 16.931
2 24 2.033 20.367 21.377 2.249 20.308 21.901
5 24 -11.156 6.862 22.175 -7.803 10.237 21.881 -11.261 7.073 21.636 -7.036 8.438 22.125
2 24 7.036 8.438 21.75 4.062 5.464 21.75
5 24 1.876 .142 21.672 1.876 .142 17.207 -.342 .005 25.5 2.093 .177 17.733
5 24 -2.248 4.692 18.723 -4.062 5.464 10 -4.062 5.464 18.5 0 4.417 10
2 24 14.5 -3 9.801 14.078 0 10
5 24 -12.461 11.51 18.576 -12.467 11.591 25.5 -12.461 11.51 10 -11.366 7.299 17.984
5 24 -1.876 .142 21.457 -.342 .005 25.5 -2.093 .177 21.983 -1.876 .142 19.168
5 24 -1.876 24.858 21.711 -2.094 24.823 17.693 -1.876 24.858 17.166 -2.629 24.72 17.915
5 24 -8.053 13.583 25.5 -7.804 14.761 17.634 -7.867 14.533 17.117 -7.455 15.73 21.75
2 24 -1.876 .142 21.457 -1.876 .142 19.168
5 24 0 25 17.103 -1.947 22.833 16.721 6.25 23.325 16.931 -1.876 24.858 17.078
2 24 -4.062 19.536 14.25 -7.036 16.562 14.25
5 24 0 25 17.103 1.876 24.858 19.209 2.094 24.823 18.682 .319 24.996 25.5
5 24 1.876 .142 14.918 0 0 12.708 1.876 .142 17.207 2.093 .177 14.392
5 24 7.036 16.562 25.5 7.61 15.347 22.125 7.804 14.76 21.884 7.036 16.562 22.125
5 24 -10.825 6.232 22.401 -7.036 8.438 22.125 -11.156 6.862 22.175 -9.32 4.17 22.334
2 24 7.035 22.833 10 -7.035 22.833 10
5 24 10.825 6.25 13.611 14.167 -.633 12.62 6.25 1.675 13.022 11.965 8.882 13.957
5 24 0 0 12.708 -11.138 -.633 12.62 14.167 -.633 12.62 -6.281 1.675 12.916
2 24 -7.036 8.438 25.5 -8.053 13.583 25.5
5 24 -6.543 -3 -9.999 -6.543 0 -9.999 6.543 0 -9.999 -10.097 0 -9.122
5 24 -4.062 19.536 14.25 -4.062 19.536 10 -2.249 20.308 14.474 -7.036 16.562 14.25
2 24 7.803 10.237 14.494 7.867 10.467 15.017
2 24 -8.124 12.496 10 -7.391 15.874 10
5 24 -7.036 16.562 17.875 -7.455 15.73 21.75 -7.036 16.562 21.75 -7.61 15.347 17.875
5 24 -7.035 22.833 14.195 -7.036 16.562 14.25 -10.825 18.75 14.112 -4.062 19.536 14.25
2 24 0 0 12.708 -6.281 1.675 12.916
2 24 -7.036 16.562 14.25 -7.61 15.347 14.25
5 24 7.867 14.533 19.258 8.052 11.41 25.5 8.042 12.504 10 7.867 14.533 21.367
5 24 6.25 23.325 16.931 2.629 24.72 18.46 6.25 23.325 18.455 0 25 17.103
2 24 2.033 4.633 17.129 2.033 4.633 14.996
5 24 -2.629 24.72 17.915 -4.062 19.536 17.875 -2.249 20.308 17.651 -6.25 23.325 17.92
5 24 -2.249 20.308 17.651 -2.629 24.72 17.915 -2.094 24.823 17.693 -4.062 19.536 17.875
2 24 -11.366 7.299 17.984 -10.29 5.403 17.718
5 24 11.261 17.927 21.506 12.5 12.5 25.5 11.261 17.927 19.119 11.298 17.848 25.5
5 24 10.825 18.75 18.362 7.804 14.761 18.741 11.159 18.134 18.588 7.036 16.562 18.5
2 24 -12.467 11.591 25.5 -12.5 12.443 25.5
2 24 -2.249 20.308 17.651 -4.062 19.536 17.875
2 24 7.036 16.562 22.125 4.062 19.536 22.125
2 24 -10.825 18.75 14.112 -7.035 22.833 14.195
5 24 0 0 12.708 14.167 -.633 12.62 -11.138 -.633 12.62 6.25 1.675 13.022
5 24 -8.723 3.547 13.207 -9.346 4.199 18.29 -6.281 1.675 18.396 -10.29 5.403 13.468
5 24 0 25 17.103 2.629 24.72 18.46 6.25 23.325 16.931 2.094 24.823 18.682
2 24 7.036 16.562 22.125 7.61 15.347 22.125
2 24 11.159 18.134 18.588 11.261 17.927 19.119
2 24 14.167 -.633 12.62 12.461 11.51 14.326
2 24 -7.036 16.562 17.875 -4.062 19.536 17.875
5 24 -2.248 4.692 21.902 -2.093 .177 21.983 -6.281 1.675 22.228 -2.033 4.633 21.379
2 24 -11.138 -.633 12.62 -11.308 -1.844 12.137
2 24 4.062 19.536 25.5 0 20.624 25.5
2 24 7.804 14.76 21.884 7.867 14.533 21.367
5 24 -11.428 -2.695 15.406 -14.457 -2.695 15.405 -14.5 -3 14.146 -11.308 -1.845 16.387
2 24 11.261 7.073 21.461 12.078 9.278 25.5
2 24 -11.471 -3 14.146 -11.428 -2.695 15.406
5 24 -12.467 11.591 25.5 -12.461 11.51 10 -12.5 12.443 25.5 -12.461 11.51 18.576
2 24 2.248 4.692 14.473 4.062 5.464 14.25
5 24 12.461 11.51 10 12.461 11.51 14.326 12.5 12.504 10 14.167 -.633 12.62
5 24 6.25 23.325 25.5 2.629 24.72 22.165 .319 24.996 25.5 6.25 23.325 22.176
5 24 7.803 10.236 17.631 11.156 6.862 17.925 7.867 10.467 17.108 7.036 8.438 17.875
2 24 2.033 4.633 21.75 0 4.376 25.5
5 24 -2.033 20.367 17.127 -1.876 24.858 17.166 -2.249 20.308 17.651 -1.876 24.858 17.078
5 24 -1.876 .142 21.457 -2.033 4.633 21.379 -2.093 .177 21.983 -2.033 4.633 19.246
5 24 -10.29 5.403 17.718 -10.884 6.352 18.224 -11.366 7.299 17.984 -9.346 4.199 18.29
2 24 7.036 16.562 10 4.062 19.536 10
2 24 -7.036 16.562 17.875 -7.61 15.347 17.875
5 24 -11.366 7.299 17.984 -10.884 6.352 18.224 -11.156 6.862 18.45 -10.29 5.403 17.718
5 24 2.093 .177 17.733 1.876 .142 21.672 6.25 1.675 17.976 1.876 .142 17.207
2 24 2.629 24.72 22.165 2.094 24.823 21.943
2 24 1.876 .142 14.918 1.876 .142 17.207
2 24 -11.156 6.862 18.45 -11.261 7.073 18.989
5 24 -7.803 10.237 21.881 -8.053 13.583 25.5 -7.036 8.438 25.5 -7.867 10.467 21.358
5 24 10.825 18.75 22.246 6.25 23.325 25.5 6.25 23.325 22.176 11.298 17.848 25.5
2 24 2.094 24.823 21.943 1.876 24.858 21.416
2 24 -7.455 15.73 21.75 -8.053 13.583 25.5
2 24 -14.078 0 10 -14.5 -3 9.801
5 24 -2.093 .177 18.642 0 0 12.708 -6.281 1.675 18.396 -1.876 .142 19.168
2 24 -7.036 8.438 25.5 -4.062 5.464 25.5
5 24 -8.723 3.547 13.207 -11.138 -.633 12.62 -6.281 1.675 12.916 -10.29 5.403 13.468
2 24 -1.876 24.858 21.711 -2.033 20.367 21.75
2 24 -4.062 5.464 18.5 -2.248 4.692 18.723
5 24 7.036 8.438 14.25 11.156 6.862 14.2 7.803 10.237 14.494 10.825 6.25 13.974
5 24 -4.062 19.536 17.875 -6.25 23.325 17.92 -2.629 24.72 17.915 -7.036 16.562 17.875
5 24 4.062 19.536 22.125 4.062 19.536 25.5 2.249 20.308 21.901 7.036 16.562 22.125
5 24 7.61 15.347 22.125 10.825 18.75 22.246 7.804 14.76 21.884 7.036 16.562 22.125
5 24 0 4.376 25.5 0 4.417 10 -2.033 4.633 19.246 2.033 4.633 21.75
5 24 0 20.624 25.5 -1.876 24.858 21.711 .319 24.996 25.5 -2.033 20.367 21.75
2 24 7.036 16.562 10 8.042 12.504 10
5 24 6.25 23.325 16.931 6.25 23.325 18.455 7.035 22.833 16.721 2.629 24.72 18.46
5 24 -.342 .005 25.5 1.876 .142 17.207 1.876 .142 21.672 0 0 12.708
2 24 6.25 23.325 25.5 11.298 17.848 25.5
2 24 -2.033 20.367 21.75 -4.062 19.536 21.75
2 24 7.036 8.438 14.25 4.062 5.464 14.25
5 24 0 0 12.708 -1.876 .142 19.168 -.342 .005 25.5 -2.093 .177 18.642
2 24 11.261 7.073 14.739 11.156 6.862 14.2
2 24 -14.078 0 10 14.078 0 10
2 24 7.455 9.27 21.75 8.052 11.41 25.5
2 24 2.093 .177 14.392 1.876 .142 14.918
5 24 -11.705 16.886 23.556 -11.776 16.691 10 -12.057 15.798 25.5 -11.261 17.927 21.606
5 24 2.626 .279 14.171 2.248 4.692 14.473 4.062 5.464 14.25 2.093 .177 14.392
5 24 2.248 4.692 14.473 2.093 .177 14.392 2.626 .279 14.171 2.033 4.633 14.996
2 24 10.825 6.25 13.611 6.25 1.675 13.022
2 24 -6.25 23.325 17.92 -2.629 24.72 17.915
2 24 0 4.417 10 4.062 5.464 10
5 24 -11.261 17.927 14.869 -11.776 16.691 10 -11.261 17.927 17.256 -11.159 18.133 14.339
2 24 7.036 8.438 17.875 7.803 10.236 17.631
5 24 4.062 5.464 17.875 6.25 1.675 17.976 10.825 6.25 18.151 2.248 4.692 17.652
2 24 7.804 14.76 21.884 7.61 15.347 22.125
2 24 .319 24.996 25.5 6.25 23.325 25.5
2 24 -7.035 22.833 14.195 -4.889 22.833 14.217
5 24 -6.25 23.325 21.704 -7.036 16.562 21.75 -4.062 19.536 21.75 -10.825 18.75 21.651
5 24 2.094 24.823 18.682 0 25 17.103 1.876 24.858 19.209 2.629 24.72 18.46
2 24 -1.947 22.833 16.721 7.035 22.833 16.721
2 24 -2.033 4.633 21.379 -2.248 4.692 21.902
5 24 -8.053 13.583 25.5 -7.867 10.467 19.267 -7.867 10.467 21.358 -8.124 12.496 10
5 24 7.036 16.562 18.5 7.036 16.562 10 4.062 19.536 18.5 7.804 14.761 18.741
5 24 11.261 7.073 21.461 11.156 6.862 17.925 10.825 6.25 21.503 11.261 7.073 17.386
5 24 4.062 19.536 18.5 2.629 24.72 18.46 2.249 20.308 18.724 7.036 16.562 18.5
5 24 10.825 18.75 10 12.5 12.5 25.5 11.261 17.927 19.119 12.5 12.504 10
2 24 -1.876 24.858 17.078 0 25 17.103
2 24 -11.261 7.073 18.989 -11.261 7.073 21.636
2 24 1.876 .142 17.207 2.093 .177 17.733
2 24 11.261 7.073 21.461 7.455 9.27 21.75
5 24 -6.281 1.675 18.396 0 0 12.708 -2.093 .177 18.642 -6.281 1.675 12.916
5 24 -7.61 15.347 17.875 -7.455 15.73 21.75 -7.036 16.562 17.875 -7.804 14.761 17.634
2 24 -10.825 18.75 21.651 -6.25 23.325 21.704
5 24 -11.156 6.862 22.175 -7.036 8.438 22.125 -10.825 6.232 22.401 -7.803 10.237 21.881
2 24 7.867 14.533 19.258 7.804 14.761 18.741
5 24 -11.454 7.494 25.5 -11.261 7.073 21.636 -11.366 7.299 17.984 -11.156 6.862 22.175
2 24 6.25 23.325 18.455 10.825 18.75 18.362
5 24 1.876 24.858 21.416 .319 24.996 25.5 1.876 24.858 19.209 2.094 24.823 21.943
2 24 -6.281 1.675 22.228 -2.093 .177 21.983
5 24 -7.867 14.533 17.117 -8.124 12.496 10 -7.867 14.533 15.008 -8.053 13.583 25.5
2 24 -7.61 15.347 17.875 -7.804 14.761 17.634
2 24 6.543 0 -9.999 -6.543 0 -9.999
2 24 -11.308 -1.845 16.387 -11.428 -2.695 15.406
2 24 -1.947 22.833 16.721 -1.876 24.858 17.078
2 24 -1.947 22.833 14.977 -1.947 22.833 16.721
5 24 8.042 12.504 10 7.867 14.533 19.258 8.052 11.41 25.5 7.804 14.761 18.741
2 24 10.825 18.75 22.246 6.25 23.325 22.176
2 24 10.825 6.25 18.151 6.25 1.675 17.976
2 24 12.461 11.51 10 14.078 0 10
5 24 11.298 17.848 25.5 11.159 18.133 22.036 11.261 17.927 21.506 10.825 18.75 22.246
5 24 7.036 8.438 17.875 7.455 9.27 21.75 7.803 10.236 17.631 7.036 8.438 21.75
2 24 11.298 17.848 25.5 12.5 12.5 25.5
5 24 -6.281 1.675 12.916 -11.138 -.633 12.62 -8.723 3.547 13.207 0 0 12.708
2 24 11.261 17.927 19.119 11.261 17.927 21.506
5 24 -7.036 8.438 18.5 -7.036 8.438 10 -7.803 10.236 18.744 -4.062 5.464 18.5
5 24 -4.062 19.536 21.75 -6.25 23.325 21.704 -7.036 16.562 21.75 -2.033 20.367 21.75
2 24 2.249 20.308 18.724 2.033 20.367 19.248
5 24 10.825 6.25 21.503 7.455 9.27 21.75 11.261 7.073 21.461 7.036 8.438 21.75
5 24 6.25 23.325 22.176 6.25 23.325 25.5 2.629 24.72 22.165 10.825 18.75 22.246
2 24 -10.825 18.75 21.651 -11.261 17.927 21.606
2 24 11.261 7.073 17.386 11.261 7.073 14.739
5 24 7.455 9.27 21.75 7.803 10.236 17.631 7.036 8.438 17.875 8.052 11.41 25.5
2 24 -11.471 -3 9.897 -11.471 -3 14.146
2 24 -4.062 19.536 10 -7.036 16.562 10
5 24 7.867 14.533 19.258 11.261 17.927 19.119 11.159 18.134 18.588 7.867 14.533 21.367
2 24 14.457 -2.695 11.155 14.5 -3 9.801
5 24 7.867 14.533 21.367 11.261 17.927 21.506 7.804 14.76 21.884 11.261 17.927 19.119
5 24 0 4.417 10 2.033 4.633 17.129 2.033 4.633 14.996 0 4.376 25.5
2 24 11.965 8.882 13.957 10.825 6.25 13.611
5 24 8.052 11.41 25.5 12.078 9.278 25.5 12.5 12.5 25.5 7.455 9.27 21.75
5 24 -7.036 8.438 18.5 -9.346 4.199 18.29 -6.281 1.675 18.396 -10.884 6.352 18.224
5 24 -2.033 20.367 14.998 -1.947 22.833 14.977 -2.166 22.833 14.447 -2.033 20.367 17.127
5 24 2.094 24.823 18.682 2.249 20.308 18.724 1.876 24.858 19.209 2.629 24.72 18.46
2 24 14.167 -.633 12.62 14.338 -1.844 12.137
5 24 .319 24.996 25.5 2.629 24.72 22.165 6.25 23.325 25.5 2.094 24.823 21.943
5 24 -10.825 18.75 17.957 -7.61 15.347 17.875 -7.036 16.562 17.875 -11.159 18.134 17.787
5 24 6.25 23.325 22.176 7.036 16.562 22.125 4.062 19.536 22.125 10.825 18.75 22.246
5 24 -7.803 10.236 18.744 -10.884 6.352 18.224 -11.156 6.862 18.45 -7.036 8.438 18.5
5 24 2.033 4.633 14.996 0 4.417 10 2.033 4.633 17.129 2.248 4.692 14.473
5 24 4.062 5.464 14.25 4.062 5.464 10 2.248 4.692 14.473 7.036 8.438 14.25
2 24 -14.5 -3 14.146 -14.457 -2.695 15.405
5 24 -14.5 -3 14.146 -11.471 -3 14.146 -14.5 -3 9.801 -11.428 -2.695 15.406
2 24 -2.033 4.633 19.246 -2.033 4.633 21.379
2 24 -11.705 16.886 23.556 -11.261 17.927 21.606
5 24 -7.867 14.533 15.008 -8.124 12.496 10 -7.804 14.76 14.491 -7.867 14.533 17.117
2 24 6.25 1.675 14.124 10.825 6.25 13.974
5 24 4.062 5.464 21.75 6.25 1.675 21.658 7.036 8.438 21.75 2.033 4.633 21.75
2 24 -7.803 10.237 21.881 -7.867 10.467 21.358
5 24 6.25 1.675 13.022 2.626 .279 14.171 6.25 1.675 14.124 0 0 12.708
5 24 -7.036 8.438 18.5 -10.884 6.352 18.224 -7.803 10.236 18.744 -9.346 4.199 18.29
2 24 -10.815 6.232 25.5 -9.588 4.511 25.5
2 24 6.25 23.325 22.176 2.629 24.72 22.165
5 24 -10.825 18.75 14.112 -10.825 18.75 10 -7.035 22.833 14.195 -11.159 18.133 14.339
5 24 7.804 14.761 18.741 8.042 12.504 10 7.867 14.533 19.258 7.036 16.562 10
2 24 -7.803 10.236 18.744 -7.036 8.438 18.5
2 24 10.825 18.75 18.362 11.159 18.134 18.588
2 24 -14.457 -2.695 15.405 -14.338 -1.844 16.387
5 24 -7.61 15.347 17.875 -11.159 18.134 17.787 -10.825 18.75 17.957 -7.804 14.761 17.634
2 24 -1.876 24.858 17.078 -1.876 24.858 17.166
5 24 -9.588 4.511 25.5 -9.32 4.17 22.334 -6.281 1.675 22.228 -10.815 6.232 25.5
5 24 -10.825 18.75 21.651 -10.825 18.75 17.957 -6.25 23.325 21.704 -11.159 18.134 17.787
5 24 -14.167 -.633 16.87 -11.138 -.633 16.87 -14.338 -1.844 16.387 -10.29 5.403 17.718
2 24 -2.033 20.367 14.998 -2.249 20.308 14.474
5 24 2.033 20.367 21.377 1.876 24.858 21.416 2.033 20.367 19.248 2.094 24.823 21.943
2 24 -14.5 -3 9.801 -14.5 -3 14.146
2 24 -4.062 5.464 25.5 0 4.376 25.5
2 24 7.867 14.533 21.367 7.867 14.533 19.258
5 24 -7.867 10.467 19.267 -8.124 12.496 10 -7.803 10.236 18.744 -8.053 13.583 25.5
5 24 -8.053 13.583 25.5 -7.867 10.467 21.358 -7.867 10.467 19.267 -7.803 10.237 21.881
2 24 12.461 11.51 14.326 11.965 8.882 13.957
5 24 10.825 6.25 13.974 10.825 6.25 13.611 11.156 6.862 14.2 6.25 1.675 14.124
2 24 -2.033 20.367 21.75 0 20.624 25.5
5 24 -7.036 8.438 10 -7.803 10.236 18.744 -7.036 8.438 18.5 -8.124 12.496 10
5 24 -4.062 5.464 10 -4.062 5.464 18.5 -7.036 8.438 10 -2.248 4.692 18.723
2 24 -8.124 12.496 10 -7.036 8.438 10
2 24 -11.776 16.691 10 -12.5 12.443 10
5 24 -4.062 19.536 14.25 -2.695 22.833 14.227 -4.889 22.833 14.217 -2.249 20.308 14.474
5 24 4.062 5.464 17.875 10.825 6.25 18.151 6.25 1.675 17.976 7.036 8.438 17.875
5 24 10.825 6.25 18.151 10.825 6.25 21.503 11.156 6.862 17.925 6.25 1.675 21.658
5 24 7.804 14.76 21.884 10.825 18.75 22.246 7.61 15.347 22.125 11.159 18.133 22.036
