0 ~Train Track  9V Switch Right - External Contact Plate
0 Name: u9172.dat
0 Author: Max Martin Richter [MMR1988]
0 !LDRAW_ORG Unofficial_Part
0 !LICENSE Licensed under CC BY 4.0 : see CAreadme.txt

0 BFC CERTIFY CCW

4 16 -11.462168 .5 19.532758 -11.462168 0 19.532758 16.934248 0 15.037646 16.934248 .5 15.037646

4 16 5.196761 .5 .696446 4.947066 .5 -.815936 .062078 .5 -.009421 -4.727327 .5 2.267415
3 16 .062078 .5 -.009421 -4.957206 .5 .751915 -4.727327 .5 2.267415
3 16 16.367476 .5 11.457228 16.244013 .5 11.476772 16.934248 .5 15.037646
3 16 16.204926 .5 11.229847 15.711075 .5 11.308023 16.244013 .5 11.476772
3 16 -11.905481 .5 15.932796 -12.028943 .5 15.95234 -11.462168 .5 19.532758
3 16 -11.944568 .5 15.685871 -11.905481 .5 15.932796 -11.450718 .5 15.607695
3 16 -13.436108 .5 7.063027 -13.312645 .5 7.043483 -13.963797 .5 3.729535
3 16 -13.312645 .5 7.043483 -13.273557 .5 7.290409 -12.779707 .5 7.212233
3 16 14.836855 .5 2.587458 14.960317 .5 2.567914 14.43262 .5 -.765577
3 16 14.836855 .5 2.587458 14.382092 .5 2.912559 14.875943 .5 2.834383
4 16 14.382092 .5 2.912559 14.836855 .5 2.587458 14.43262 .5 -.765577 5.196761 .5 .696446
4 16 -4.727327 .5 2.267415 -13.963797 .5 3.729535 -13.312645 .5 7.043483 -12.779707 .5 7.212233
4 16 5.196761 .5 .696446 -4.727327 .5 2.267415 -12.779707 .5 7.212233 14.382092 .5 2.912559
4 16 15.711075 .5 11.308023 14.382092 .5 2.912559 -12.779707 .5 7.212233 -11.450718 .5 15.607695
4 16 15.711075 .5 11.308023 -11.450718 .5 15.607695 -11.905481 .5 15.932796 16.244013 .5 11.476772
4 16 -11.462168 .5 19.532758 16.934248 .5 15.037646 16.244013 .5 11.476772 -11.905481 .5 15.932796

4 16 .140295 0 .484423 5.028513 0 -.322614 5.196761 0 .696446 -4.727327 0 2.267415
3 16 -4.882223 0 1.246261 .140295 0 .484423 -4.727327 0 2.267415
4 16 14.43262 0 -.765577 14.960317 0 2.567914 14.836855 0 2.587458 5.196761 0 .696446
4 16 -13.312645 0 7.043483 -13.436108 0 7.063027 -13.963797 0 3.729535 -4.727327 0 2.267415
3 16 -12.028943 0 15.95234 -11.905481 0 15.932796 -11.462168 0 19.532758
3 16 16.244013 0 11.476772 16.367476 0 11.457228 16.934248 0 15.037646
4 16 -11.905481 0 15.932796 16.244013 0 11.476772 16.934248 0 15.037646 -11.462168 0 19.532758
4 16 16.244013 0 11.476772 -11.905481 0 15.932796 -13.312645 0 7.043483 14.836855 0 2.587458
4 16 -4.727327 0 2.267415 5.196761 0 .696446 14.836855 0 2.587458 -13.312645 0 7.043483

4 16 16.934248 0 15.037646 16.367476 0 11.457228 16.367476 .5 11.457228 16.934248 .5 15.037646
4 16 14.960317 .5 2.567914 14.960317 0 2.567914 14.43262 0 -.765577 14.43262 .5 -.765577
4 16 -12.028943 .5 15.95234 -12.028943 0 15.95234 -11.462168 0 19.532758 -11.462168 .5 19.532758
4 16 -13.963797 0 3.729535 -13.436108 0 7.063027 -13.436108 .5 7.063027 -13.963797 .5 3.729535
4 16 16.367476 0 11.457228 16.244013 0 11.476772 16.244013 .5 11.476772 16.367476 .5 11.457228
4 16 14.836855 .5 2.587458 14.836855 0 2.587458 14.960317 0 2.567914 14.960317 .5 2.567914
4 16 -13.312645 .5 7.043483 -13.436108 .5 7.063027 -13.436108 0 7.063027 -13.312645 0 7.043483
4 16 -11.905481 0 15.932796 -12.028943 0 15.95234 -12.028943 .5 15.95234 -11.905481 .5 15.932796

4 16 14.875943 .5 2.834383 16.204926 .5 11.229847 16.244013 0 11.476772 14.836855 0 2.587458
4 16 14.875943 .5 2.834383 14.875943 2.5 2.834383 16.204926 2.5 11.229847 16.204926 .5 11.229847
3 16 14.836855 .5 2.587458 14.875943 .5 2.834383 14.836855 0 2.587458
3 16 16.204926 .5 11.229847 16.244013 .5 11.476772 16.244013 0 11.476772
4 16 16.204926 2.5 11.229847 14.875943 2.5 2.834383 17.099063 2.5 2.487624 18.428063 2.5 10.883085
4 16 18.243118 2.5 3.318973 19.259412 2.5 9.739031 18.428063 2.5 10.883085 17.099063 2.5 2.487624

4 16 -13.273557 2.5 7.290409 -13.273557 .5 7.290409 -11.944568 .5 15.685871 -11.944568 2.5 15.685871
3 16 -11.905481 .5 15.932796 -11.944568 .5 15.685871 -11.905481 0 15.932796
4 16 -13.273557 .5 7.290409 -13.312645 0 7.043483 -11.905481 0 15.932796 -11.944568 .5 15.685871
3 16 -13.273557 .5 7.290409 -13.312645 .5 7.043483 -13.312645 0 7.043483
4 16 -15.310951 2.5 15.206312 -16.327234 2.5 8.786253 -15.495886 2.5 7.642198 -14.166897 2.5 16.03766
4 16 -13.273557 2.5 7.290409 -11.944568 2.5 15.685871 -14.166897 2.5 16.03766 -15.495886 2.5 7.642198

4 16 15.711075 .5 11.308023 15.711075 3 11.308023 14.382092 3 2.912559 14.382092 .5 2.912559
4 16 -11.450718 3 15.607695 -11.450718 .5 15.607695 -12.779707 .5 7.212233 -12.779707 3 7.212233

4 16 -16.327234 3 8.786253 -15.310951 3 15.206312 -14.166897 3 16.03766 -15.495886 3 7.642198
4 16 -11.450718 3 15.607695 -12.779707 3 7.212233 -15.495886 3 7.642198 -14.166897 3 16.03766
4 16 17.099063 3 2.487624 14.382092 3 2.912559 15.711075 3 11.308023 18.428063 3 10.883085
4 16 18.428063 3 10.883085 19.259412 3 9.739031 18.243118 3 3.318973 17.099063 3 2.487624

4 16 15.711075 3 11.308023 15.711075 .5 11.308023 16.204926 .5 11.229847 16.204926 2.5 11.229847
4 16 14.382092 3 2.912559 14.875943 2.5 2.834383 14.875943 .5 2.834383 14.382092 .5 2.912559
4 16 -12.779707 .5 7.212233 -13.273557 .5 7.290409 -13.273557 2.5 7.290409 -12.779707 3 7.212233
4 16 -11.450718 3 15.607695 -11.944568 2.5 15.685871 -11.944568 .5 15.685871 -11.450718 .5 15.607695

4 16 19.259412 3 9.739031 19.259412 2.5 9.739031 18.243118 2.5 3.318973 18.243118 3 3.318973
4 16 18.428063 2.5 10.883085 18.428063 3 10.883085 15.711075 3 11.308023 16.204926 2.5 11.229847
4 16 14.382092 3 2.912559 17.099063 3 2.487624 17.099063 2.5 2.487624 14.875943 2.5 2.834383

4 16 -16.327234 2.5 8.786253 -15.310951 2.5 15.206312 -15.310951 3 15.206312 -16.327234 3 8.786253
4 16 -13.273557 2.5 7.290409 -15.495886 2.5 7.642198 -15.495886 3 7.642198 -12.779707 3 7.212233
4 16 -14.166897 2.5 16.03766 -11.944568 2.5 15.685871 -11.450718 3 15.607695 -14.166897 3 16.03766

1 16 18.27171 2.5 9.895384 .987701 0 .156353 0 .5 0 -.156353 0 .987701 1-4cylo.dat
1 16 17.255416 2.5 3.475326 .987701 0 -.156353 0 .5 0 -.156353 0 -.987701 1-4cylo.dat
1 16 -15.339532 2.5 8.6299 -.156353 0 -.987701 0 .5 0 -.987701 0 .156353 1-4cylo.dat
1 16 -14.32325 2.5 15.049959 -.987701 0 .156353 0 .5 0 .156353 0 .987701 1-4cylo.dat

1 16 -15.339532 2.5 8.6299 -.156353 0 -.987701 0 1 0 -.987701 0 .156353 1-4chrd.dat
1 16 -14.32325 2.5 15.049959 -.987701 0 .156353 0 1 0 .156353 0 .987701 1-4chrd.dat
1 16 18.27171 2.5 9.895384 .987701 0 .156353 0 1 0 -.156353 0 .987701 1-4chrd.dat
1 16 17.255416 2.5 3.475326 .987701 0 -.156353 0 1 0 -.156353 0 -.987701 1-4chrd.dat

1 16 -15.339532 3 8.6299 -.156353 0 -.987701 0 -1 0 -.987701 0 .156353 1-4chrd.dat
1 16 -14.32325 3 15.049959 -.987701 0 .156353 0 -1 0 .156353 0 .987701 1-4chrd.dat
1 16 18.27171 3 9.895384 .987701 0 .156353 0 -1 0 -.156353 0 .987701 1-4chrd.dat
1 16 17.255416 3 3.475326 .987701 0 -.156353 0 -1 0 -.156353 0 -.987701 1-4chrd.dat

4 16 -4.882223 0 1.246261 -4.957206 .5 .751915 -4.957206 -7 .751915 -4.882223 -7.5 1.246261
4 16 -5.305872 -7.5 -1.546746 -4.882223 -7.5 1.246261 -4.957206 -7 .751915 -5.275878 -7 -1.349005
4 16 -5.669534 -5.190482 -3.944267 -5.305872 -7.5 -1.546746 -5.275878 -7 -1.349005 -5.617821 -4.828415 -3.603336
4 16 4.568343 -7.5 -3.109839 4.173329 -5.190484 -5.502391 4.229501 -4.82842 -5.162164 4.600921 -7 -2.912507
4 16 4.568343 -7.5 -3.109839 4.600921 -7 -2.912507 4.947066 -7 -.815936 5.028513 -7.5 -.322614
4 16 5.028513 -7.5 -.322614 4.947066 -7 -.815936 4.947066 .5 -.815936 5.028513 0 -.322614
4 16 5.196761 0 .696446 5.028513 0 -.322614 4.947066 .5 -.815936 5.196761 .5 .696446
4 16 -4.957206 .5 .751915 -4.882223 0 1.246261 -4.727327 0 2.267415 -4.727327 .5 2.267415
4 16 14.43262 0 -.765577 5.196761 0 .696446 5.196761 .5 .696446 14.43262 .5 -.765577
4 16 -4.727327 .5 2.267415 -4.727327 0 2.267415 -13.963797 0 3.729535 -13.963797 .5 3.729535
4 16 4.229501 -4.82842 -5.162164 4.173329 -5.190484 -5.502391 -.680986 -5.190483 -4.70094 -.627041 -4.828418 -4.360347
4 16 -.627041 -4.828418 -4.360347 -.680986 -5.190483 -4.70094 -5.669534 -5.190482 -3.944267 -5.617821 -4.828415 -3.603336

4 16 .140295 0 .484423 .140295 -7.5 .484423 5.028513 -7.5 -.322614 5.028513 0 -.322614
4 16 .140295 -7.5 .484423 .140295 0 .484423 -4.882223 0 1.246261 -4.882223 -7.5 1.246261

4 16 -4.882223 -7.5 1.246261 -5.305872 -7.5 -1.546746 -.30164 -7.5 -2.305803 .140295 -7.5 .484423
4 16 .140295 -7.5 .484423 -.30164 -7.5 -2.305803 4.568343 -7.5 -3.109839 5.028513 -7.5 -.322614

4 16 -.680986 -5.190483 -4.70094 4.173329 -5.190484 -5.502391 4.568343 -7.5 -3.109839 -.30164 -7.5 -2.305803
4 16 -5.669534 -5.190482 -3.944267 -.680986 -5.190483 -4.70094 -.30164 -7.5 -2.305803 -5.305872 -7.5 -1.546746

4 16 4.947066 .5 -.815936 4.947066 -7 -.815936 .062078 -7 -.009421 .062078 .5 -.009421
4 16 .062078 .5 -.009421 .062078 -7 -.009421 -4.957206 -7 .751915 -4.957206 .5 .751915

4 16 -.270345 -7 -2.108259 -5.275878 -7 -1.349005 -4.957206 -7 .751915 .062078 -7 -.009421
4 16 4.600921 -7 -2.912507 -.270345 -7 -2.108259 .062078 -7 -.009421 4.947066 -7 -.815936

4 16 4.600921 -7 -2.912507 4.229501 -4.82842 -5.162164 -.627041 -4.828418 -4.360347 -.270345 -7 -2.108259
4 16 -.270345 -7 -2.108259 -.627041 -4.828418 -4.360347 -5.617821 -4.828415 -3.603336 -5.275878 -7 -1.349005

2 24 14.382092 .5 2.912559 14.875943 .5 2.834383
2 24 -13.312645 .5 7.043483 -13.273557 .5 7.290409
2 24 16.244013 0 11.476772 14.836855 0 2.587458
2 24 14.836855 0 2.587458 14.836855 .5 2.587458
2 24 -13.273557 .5 7.290409 -12.779707 .5 7.212233
2 24 -13.436108 .5 7.063027 -13.312645 .5 7.043483
2 24 -11.905481 .5 15.932796 -12.028943 .5 15.95234
2 24 -12.028943 0 15.95234 -11.905481 0 15.932796
2 24 -4.882223 -7.5 1.246261 .140295 -7.5 .484423
2 24 -11.450718 3 15.607695 -12.779707 3 7.212233
2 24 5.028513 -7.5 -.322614 5.028513 0 -.322614
2 24 16.934248 0 15.037646 16.934248 .5 15.037646
2 24 .062078 -7 -.009421 -4.957206 -7 .751915
2 24 -4.727327 0 2.267415 -4.727327 .5 2.267415
2 24 -11.450718 3 15.607695 -14.166897 3 16.03766
2 24 5.196761 .5 .696446 5.196761 0 .696446
2 24 .140295 -7.5 .484423 5.028513 -7.5 -.322614
2 24 5.196761 0 .696446 14.43262 0 -.765577
2 24 16.367476 .5 11.457228 16.244013 .5 11.476772
2 24 -13.963797 .5 3.729535 -13.436108 .5 7.063027
2 24 -4.727327 0 2.267415 -4.882223 0 1.246261
2 24 4.568343 -7.5 -3.109839 5.028513 -7.5 -.322614
2 24 -16.327234 2.5 8.786253 -15.310951 2.5 15.206312
2 24 14.875943 .5 2.834383 14.836855 .5 2.587458
2 24 .062078 .5 -.009421 -4.957206 .5 .751915
2 24 -.627041 -4.828418 -4.360347 -5.617821 -4.828415 -3.603336
2 24 4.947066 .5 -.815936 .062078 .5 -.009421
2 24 -4.882223 0 1.246261 .140295 0 .484423
2 24 -13.273557 2.5 7.290409 -13.273557 .5 7.290409
2 24 4.173329 -5.190484 -5.502391 4.229501 -4.82842 -5.162164
2 24 -4.882223 -7.5 1.246261 -4.882223 0 1.246261
2 24 15.711075 .5 11.308023 14.382092 .5 2.912559
2 24 -14.166897 2.5 16.03766 -11.944568 2.5 15.685871
2 24 16.244013 .5 11.476772 16.204926 .5 11.229847
2 24 4.947066 -7 -.815936 .062078 -7 -.009421
2 24 -13.273557 2.5 7.290409 -15.495886 2.5 7.642198
2 24 18.243118 3 3.318973 19.259412 3 9.739031
2 24 -13.312645 .5 7.043483 -13.312645 0 7.043483
2 24 -5.669534 -5.190482 -3.944267 -5.305872 -7.5 -1.546746
2 24 4.229501 -4.82842 -5.162164 -.627041 -4.828418 -4.360347
2 24 16.204926 2.5 11.229847 14.875943 2.5 2.834383
2 24 4.947066 .5 -.815936 4.947066 -7 -.815936
2 24 14.43262 .5 -.765577 5.196761 .5 .696446
2 24 4.947066 -7 -.815936 4.600921 -7 -2.912507
2 24 18.428063 2.5 10.883085 16.204926 2.5 11.229847
2 24 16.244013 .5 11.476772 16.244013 0 11.476772
2 24 -15.310951 3 15.206312 -16.327234 3 8.786253
2 24 -11.462168 0 19.532758 -12.028943 0 15.95234
2 24 14.43262 0 -.765577 14.43262 .5 -.765577
2 24 -11.944568 .5 15.685871 -11.905481 .5 15.932796
2 24 -5.275878 -7 -1.349005 -5.617821 -4.828415 -3.603336
2 24 16.367476 .5 11.457228 16.367476 0 11.457228
2 24 -13.963797 .5 3.729535 -13.963797 0 3.729535
2 24 -13.436108 0 7.063027 -13.436108 .5 7.063027
2 24 16.367476 0 11.457228 16.934248 0 15.037646
2 24 -11.462168 0 19.532758 16.934248 0 15.037646
2 24 14.836855 0 2.587458 14.960317 0 2.567914
2 24 4.229501 -4.82842 -5.162164 4.600921 -7 -2.912507
2 24 14.960317 0 2.567914 14.960317 .5 2.567914
2 24 18.428063 3 10.883085 15.711075 3 11.308023
2 24 18.243118 2.5 3.318973 19.259412 2.5 9.739031
2 24 -5.305872 -7.5 -1.546746 -4.882223 -7.5 1.246261
2 24 -4.957206 -7 .751915 -5.275878 -7 -1.349005
2 24 -11.450718 .5 15.607695 -11.944568 .5 15.685871
2 24 14.836855 .5 2.587458 14.960317 .5 2.567914
2 24 14.382092 .5 2.912559 14.382092 3 2.912559
2 24 -11.944568 .5 15.685871 -11.944568 2.5 15.685871
2 24 14.875943 .5 2.834383 14.875943 2.5 2.834383
2 24 16.934248 .5 15.037646 16.367476 .5 11.457228
2 24 5.196761 .5 .696446 4.947066 .5 -.815936
2 24 -13.963797 0 3.729535 -4.727327 0 2.267415
2 24 -.680986 -5.190483 -4.70094 4.173329 -5.190484 -5.502391
2 24 -12.028943 0 15.95234 -12.028943 .5 15.95234
2 24 -4.957206 .5 .751915 -4.727327 .5 2.267415
2 24 5.028513 0 -.322614 5.196761 0 .696446
2 24 -12.779707 3 7.212233 -12.779707 .5 7.212233
2 24 -11.462168 .5 19.532758 -11.462168 0 19.532758
2 24 14.382092 3 2.912559 17.099063 3 2.487624
2 24 15.711075 3 11.308023 15.711075 .5 11.308023
2 24 14.960317 .5 2.567914 14.43262 .5 -.765577
2 24 16.204926 .5 11.229847 15.711075 .5 11.308023
2 24 16.934248 .5 15.037646 -11.462168 .5 19.532758
2 24 14.960317 0 2.567914 14.43262 0 -.765577
2 24 14.382092 3 2.912559 15.711075 3 11.308023
2 24 -13.963797 0 3.729535 -13.436108 0 7.063027
2 24 -12.779707 .5 7.212233 -11.450718 .5 15.607695
2 24 -13.436108 0 7.063027 -13.312645 0 7.043483
2 24 16.204926 2.5 11.229847 16.204926 .5 11.229847
2 24 16.244013 0 11.476772 16.367476 0 11.457228
2 24 -15.495886 3 7.642198 -12.779707 3 7.212233
2 24 4.568343 -7.5 -3.109839 4.173329 -5.190484 -5.502391
2 24 -4.957206 .5 .751915 -4.957206 -7 .751915
2 24 -12.028943 .5 15.95234 -11.462168 .5 19.532758
2 24 -13.312645 0 7.043483 -11.905481 0 15.932796
2 24 -11.450718 .5 15.607695 -11.450718 3 15.607695
2 24 -11.944568 2.5 15.685871 -13.273557 2.5 7.290409
2 24 -4.727327 .5 2.267415 -13.963797 .5 3.729535
2 24 .140295 0 .484423 5.028513 0 -.322614
2 24 -5.617821 -4.828415 -3.603336 -5.669534 -5.190482 -3.944267
2 24 14.875943 2.5 2.834383 17.099063 2.5 2.487624
2 24 -5.669534 -5.190482 -3.944267 -.680986 -5.190483 -4.70094
2 24 -11.905481 0 15.932796 -11.905481 .5 15.932796
2 24 -.30164 -7.5 -2.305803 4.568343 -7.5 -3.109839
2 24 -.270345 -7 -2.108259 4.600921 -7 -2.912507
2 24 -.30164 -7.5 -2.305803 -5.305872 -7.5 -1.546746
2 24 -5.275878 -7 -1.349005 -.270345 -7 -2.108259

5 24 .062078 .5 -.009421 .062078 -7 -.009421 -4.957206 -7 .751915 4.947066 .5 -.815936
5 24 -.627041 -4.828418 -4.360347 -.680986 -5.190483 -4.70094 -5.669534 -5.190482 -3.944267 4.229501 -4.82842 -5.162164
5 24 14.875943 2.5 2.834383 14.382092 3 2.912559 17.099063 3 2.487624 14.875943 .5 2.834383
5 24 .140295 0 .484423 .140295 -7.5 .484423 5.028513 -7.5 -.322614 -4.882223 0 1.246261
5 24 -.680986 -5.190483 -4.70094 -.30164 -7.5 -2.305803 4.173329 -5.190484 -5.502391 -5.305872 -7.5 -1.546746
5 24 -.270345 -7 -2.108259 -.627041 -4.828418 -4.360347 -5.617821 -4.828415 -3.603336 4.600921 -7 -2.912507
5 24 15.711075 3 11.308023 16.204926 2.5 11.229847 18.428063 2.5 10.883085 15.711075 .5 11.308023
