0 ~Train Track  9V Switch Right - Curved Internal Wire, Metal Part
0 Name: u9632.dat
0 Author: Max Martin Richter [MMR1988]
0 !LDRAW_ORG Unofficial_Part
0 !LICENSE Licensed under CC BY 4.0 : see CAreadme.txt

0 BFC CERTIFY CCW

1 16 -29.241185 -7.656708 22.482056 .565863 0 .265374 0 -2.5 0 -.265374 0 .565863 4-4cylc3.dat
1 16 -29.241185 -7.656708 22.482056 .565863 0 .265374 0 1 0 -.265374 0 .565863 4-4edge.dat
1 16 -29.50656 -10.156708 21.916193 0 .565863 .265374 -.625 0 0 0 -.265374 .565863 r04q1000.dat
1 16 -30.674207 -10.781708 19.426395 .565863 1.167647 0 0 0 .625 -.265374 2.489798 0 4-4cyli.dat
1 16 -30.674207 -10.156708 19.426395 0 .565863 -.265374 -.625 0 0 0 -.265374 -.565863 r04q1000.dat
1 16 -30.939581 -10.156708 18.860532 .565863 0 .265374 0 10.125 0 -.265374 0 .565863 4-4cyli.dat
1 16 -31.204956 -.031708 18.294669 0 .565863 .265374 .625 0 0 0 -.265374 .565863 r04q1000.dat
1 16 -31.68263 .593292 17.276115 .565863 .477674 0 0 0 .625 -.265374 1.018554 0 4-4cyli.dat
1 16 -31.116766 .593292 17.010741 -.565863 0 -.265374 0 .625 0 .265374 0 -.565863 r04q1000.dat

1 16 34.901424 -7.656708 -11.241701 -.53921 0 .316034 0 -2.5 0 .316034 0 .53921 4-4cylc3.dat
1 16 34.901424 -7.656708 -11.241701 -.53921 0 .316034 0 1 0 .316034 0 .53921 4-4edge.dat
1 16 34.585391 -10.156708 -11.780911 0 -.53921 .316034 -.625 0 0 0 .316034 .53921 r04q1000.dat
1 16 33.194842 -10.781708 -14.153435 -.53921 1.390549 0 0 0 .625 .316034 2.372524 0 4-4cyli.dat
1 16 33.194842 -10.156708 -14.153435 0 -.53921 -.316034 -.625 0 0 0 .316034 -.53921 r04q1000.dat
1 16 32.878808 -10.156708 -14.692645 -.53921 0 .316034 0 10.125 0 .316034 0 .53921 4-4cyli.dat
1 16 32.562775 -.031708 -15.231855 0 -.53921 .316034 .625 0 0 0 .316034 .53921 r04q1000.dat
1 16 31.993914 .593292 -16.202433 -.53921 .568861 0 0 0 .625 .316034 .970578 0 4-4cyli.dat
1 16 31.454704 .593292 -15.886399 .53921 0 -.316034 0 .625 0 -.316034 0 -.53921 r04q1000.dat

4 16 -31.116767 .593292 17.01074 -31.136961 .354104 16.967679 -29.02782 .354105 15.978667 -29.007344 .593292 16.021596
4 16 -31.136961 .354104 16.967679 -31.194495 .151354 16.844999 -29.086154 .151355 15.856367 -29.02782 .354105 15.978667
4 16 -31.569787 .151354 16.044756 -31.627321 .354104 15.922076 -29.525006 .354105 14.936294 -29.466672 .151355 15.058594
4 16 -31.627321 .354104 15.922076 -31.647515 .593292 15.879014 -29.545483 .593292 14.893365 -29.525006 .354105 14.936294
4 16 -29.007344 .593292 16.021596 -29.02782 .354105 15.978667 -19.055703 .354105 11.141843 -19.034667 .593292 11.184501
4 16 -29.02782 .354105 15.978667 -29.086154 .151355 15.856367 -19.115633 .151355 11.020317 -19.055703 .354105 11.141843
4 16 -31.194495 .151354 16.844999 -31.280583 .015854 16.661433 -29.17344 .015855 15.673367 -29.086154 .151355 15.856367
4 16 -31.280583 .015854 16.661433 -31.382142 -.031708 16.444877 -29.276413 -.031708 15.45748 -29.17344 .015855 15.673367
4 16 -31.382142 -.031708 16.444877 -31.4837 .015854 16.228322 -29.379386 .015855 15.241593 -29.276413 -.031708 15.45748
4 16 -31.4837 .015854 16.228322 -31.569787 .151354 16.044756 -29.466672 .151355 15.058594 -29.379386 .015855 15.241593
4 16 -29.466672 .151355 15.058594 -29.525006 .354105 14.936294 -19.566491 .354105 10.106067 -19.506561 .151355 10.227594
4 16 -29.525006 .354105 14.936294 -29.545483 .593292 14.893365 -19.587527 .593292 10.06341 -19.566491 .354105 10.106067
4 16 -19.034667 .593292 11.184501 -19.055703 .354105 11.141843 -9.147752 .354105 6.174903 -9.126159 .593292 6.217281
4 16 -19.055703 .354105 11.141843 -19.115633 .151355 11.020317 -9.209268 .151355 6.054171 -9.147752 .354105 6.174903
4 16 -29.086154 .151355 15.856367 -29.17344 .015855 15.673367 -19.205307 .015855 10.838476 -19.115633 .151355 11.020317
4 16 -29.17344 .015855 15.673367 -29.276413 -.031708 15.45748 -19.311097 -.031708 10.623955 -19.205307 .015855 10.838476
4 16 -29.276413 -.031708 15.45748 -29.379386 .015855 15.241593 -19.416887 .015855 10.409435 -19.311097 -.031708 10.623955
4 16 -29.379386 .015855 15.241593 -29.466672 .151355 15.058594 -19.506561 .151355 10.227594 -19.416887 .015855 10.409435
4 16 -19.506561 .151355 10.227594 -19.566491 .354105 10.106067 -9.672055 .354105 5.145902 -9.610539 .151355 5.266633
4 16 -19.566491 .354105 10.106067 -19.587527 .593292 10.06341 -9.693648 .593292 5.103523 -9.672055 .354105 5.145902
4 16 -9.126159 .593292 6.217281 -9.147752 .354105 6.174903 .694334 .354105 1.078697 .71648 .593292 1.120789
4 16 -9.147752 .354105 6.174903 -9.209268 .151355 6.054171 .631243 .151355 .958781 .694334 .354105 1.078697
4 16 -19.115633 .151355 11.020317 -19.205307 .015855 10.838476 -9.301314 .015855 5.87352 -9.209268 .151355 6.054171
4 16 -19.205307 .015855 10.838476 -19.311097 -.031708 10.623955 -9.409903 -.031708 5.660402 -9.301314 .015855 5.87352
4 16 -19.311097 -.031708 10.623955 -19.416887 .015855 10.409435 -9.518492 .015855 5.447285 -9.409903 -.031708 5.660402
4 16 -19.416887 .015855 10.409435 -19.506561 .151355 10.227594 -9.610539 .151355 5.266633 -9.518492 .015855 5.447285
4 16 -9.610539 .151355 5.266633 -9.672055 .354105 5.145902 .156608 .354105 .056647 .219698 .151355 .176563
4 16 -9.672055 .354105 5.145902 -9.693648 .593292 5.103523 .134462 .593292 .014555 .156608 .354105 .056647
4 16 .71648 .593292 1.120789 .694334 .354105 1.078697 10.46887 .354105 -4.145902 10.491565 .593292 -4.104103
4 16 .694334 .354105 1.078697 .631243 .151355 .958781 10.404215 .151355 -4.264981 10.46887 .354105 -4.145902
4 16 -9.209268 .151355 6.054171 -9.301314 .015855 5.87352 .53684 .015855 .77935 .631243 .151355 .958781
4 16 -9.301314 .015855 5.87352 -9.409903 -.031708 5.660402 .425471 -.031708 .567672 .53684 .015855 .77935
4 16 -9.409903 -.031708 5.660402 -9.518492 .015855 5.447285 .314102 .015855 .355994 .425471 -.031708 .567672
4 16 -9.518492 .015855 5.447285 -9.610539 .151355 5.266633 .219698 .151355 .176563 .314102 .015855 .355994
4 16 .219698 .151355 .176563 .156608 .354105 .056647 9.917812 .354105 -5.160825 9.982467 .151355 -5.041746
4 16 .156608 .354105 .056647 .134462 .593292 .014555 9.895117 .593292 -5.202624 9.917812 .354105 -5.160825
4 16 10.491565 .593292 -4.104103 10.46887 .354105 -4.145902 20.174181 .354105 -9.497997 20.197421 .593292 -9.456499
4 16 10.46887 .354105 -4.145902 10.404215 .151355 -4.264981 20.107973 .151355 -9.61622 20.174181 .354105 -9.497997
4 16 .631243 .151355 .958781 .53684 .015855 .77935 10.307471 .015855 -4.443162 10.404215 .151355 -4.264981
4 16 .53684 .015855 .77935 .425471 -.031708 .567672 10.193341 -.031708 -4.653364 10.307471 .015855 -4.443162
4 16 .425471 -.031708 .567672 .314102 .015855 .355994 10.079211 .015855 -4.863566 10.193341 -.031708 -4.653364
4 16 .314102 .015855 .355994 .219698 .151355 .176563 9.982467 .151355 -5.041746 10.079211 .015855 -4.863566
4 16 9.982467 .151355 -5.041746 9.917812 .354105 -5.160825 19.609885 .354105 -10.505621 19.676093 .151355 -10.387398
4 16 9.917812 .354105 -5.160825 9.895117 .593292 -5.202624 19.586645 .593292 -10.547119 19.609885 .354105 -10.505621
4 16 20.197421 .593292 -9.456499 20.174181 .354105 -9.497997 29.808604 .354104 -14.976672 29.832385 .593292 -14.935482
4 16 20.174181 .354105 -9.497997 20.107973 .151355 -9.61622 29.740854 .151354 -15.094019 29.808604 .354104 -14.976672
4 16 10.404215 .151355 -4.264981 10.307471 .015855 -4.443162 20.008905 .015855 -9.793119 20.107973 .151355 -9.61622
4 16 10.307471 .015855 -4.443162 10.193341 -.031708 -4.653364 19.892033 -.031708 -10.001809 20.008905 .015855 -9.793119
4 16 10.193341 -.031708 -4.653364 10.079211 .015855 -4.863566 19.775161 .015855 -10.210499 19.892033 -.031708 -10.001809
4 16 10.079211 .015855 -4.863566 9.982467 .151355 -5.041746 19.676093 .151355 -10.387398 19.775161 .015855 -10.210499
4 16 19.676093 .151355 -10.387398 19.609885 .354105 -10.505621 29.231166 .354104 -15.976824 29.298916 .151354 -15.859477
4 16 19.609885 .354105 -10.505621 19.586645 .593292 -10.547119 29.207385 .593292 -16.018014 29.231166 .354104 -15.976824
4 16 29.832385 .593292 -14.935482 29.808604 .354104 -14.976672 31.430654 .354104 -15.927433 31.454704 .593292 -15.8864
4 16 29.808604 .354104 -14.976672 29.740854 .151354 -15.094019 31.362137 .151354 -16.044334 31.430654 .354104 -15.927433
4 16 20.107973 .151355 -9.61622 20.008905 .015855 -9.793119 29.639479 .015854 -15.269606 29.740854 .151354 -15.094019
4 16 20.008905 .015855 -9.793119 19.892033 -.031708 -10.001809 29.519885 -.031708 -15.476748 29.639479 .015854 -15.269606
4 16 19.892033 -.031708 -10.001809 19.775161 .015855 -10.210499 29.400291 .015854 -15.683891 29.519885 -.031708 -15.476748
4 16 19.775161 .015855 -10.210499 19.676093 .151355 -10.387398 29.298916 .151354 -15.859477 29.400291 .015854 -15.683891
4 16 29.298916 .151354 -15.859477 29.231166 .354104 -15.976824 30.846686 .354104 -16.923785 30.915203 .151354 -16.806885
4 16 29.231166 .354104 -15.976824 29.207385 .593292 -16.018014 30.822636 .593292 -16.964819 30.846686 .354104 -16.923785
4 16 29.740854 .151354 -15.094019 29.639479 .015854 -15.269606 31.259616 .015854 -16.219254 31.362137 .151354 -16.044334
4 16 29.639479 .015854 -15.269606 29.519885 -.031708 -15.476748 31.13867 -.031708 -16.425609 31.259616 .015854 -16.219254
4 16 29.519885 -.031708 -15.476748 29.400291 .015854 -15.683891 31.017724 .015854 -16.631965 31.13867 -.031708 -16.425609
4 16 29.400291 .015854 -15.683891 29.298916 .151354 -15.859477 30.915203 .151354 -16.806885 31.017724 .015854 -16.631965
4 16 -29.02782 .832479 15.978667 -31.136961 .832479 16.967679 -31.116767 .593292 17.01074 -29.007344 .593292 16.021596
4 16 -29.086154 1.035229 15.856367 -31.194495 1.035229 16.844999 -31.136961 .832479 16.967679 -29.02782 .832479 15.978667
4 16 -29.525006 .832479 14.936294 -31.627321 .832479 15.922076 -31.569787 1.035229 16.044756 -29.466672 1.035229 15.058594
4 16 -29.545483 .593292 14.893365 -31.647515 .593292 15.879014 -31.627321 .832479 15.922076 -29.525006 .832479 14.936294
4 16 -19.055703 .832479 11.141843 -29.02782 .832479 15.978667 -29.007344 .593292 16.021596 -19.034667 .593292 11.184501
4 16 -19.115633 1.035229 11.020317 -29.086154 1.035229 15.856367 -29.02782 .832479 15.978667 -19.055703 .832479 11.141843
4 16 -29.17344 1.170729 15.673367 -31.280583 1.170729 16.661433 -31.194495 1.035229 16.844999 -29.086154 1.035229 15.856367
4 16 -29.276413 1.218292 15.45748 -31.382142 1.218292 16.444877 -31.280583 1.170729 16.661433 -29.17344 1.170729 15.673367
4 16 -29.379386 1.170729 15.241593 -31.4837 1.170729 16.228322 -31.382142 1.218292 16.444877 -29.276413 1.218292 15.45748
4 16 -29.466672 1.035229 15.058594 -31.569787 1.035229 16.044756 -31.4837 1.170729 16.228322 -29.379386 1.170729 15.241593
4 16 -19.566491 .832479 10.106067 -29.525006 .832479 14.936294 -29.466672 1.035229 15.058594 -19.506561 1.035229 10.227594
4 16 -19.587527 .593292 10.06341 -29.545483 .593292 14.893365 -29.525006 .832479 14.936294 -19.566491 .832479 10.106067
4 16 -9.147752 .832479 6.174903 -19.055703 .832479 11.141843 -19.034667 .593292 11.184501 -9.126159 .593292 6.217281
4 16 -9.209268 1.035229 6.054171 -19.115633 1.035229 11.020317 -19.055703 .832479 11.141843 -9.147752 .832479 6.174903
4 16 -19.205307 1.170729 10.838476 -29.17344 1.170729 15.673367 -29.086154 1.035229 15.856367 -19.115633 1.035229 11.020317
4 16 -19.311097 1.218292 10.623955 -29.276413 1.218292 15.45748 -29.17344 1.170729 15.673367 -19.205307 1.170729 10.838476
4 16 -19.416887 1.170729 10.409435 -29.379386 1.170729 15.241593 -29.276413 1.218292 15.45748 -19.311097 1.218292 10.623955
4 16 -19.506561 1.035229 10.227594 -29.466672 1.035229 15.058594 -29.379386 1.170729 15.241593 -19.416887 1.170729 10.409435
4 16 -9.672055 .832479 5.145902 -19.566491 .832479 10.106067 -19.506561 1.035229 10.227594 -9.610539 1.035229 5.266633
4 16 -9.693648 .593292 5.103523 -19.587527 .593292 10.06341 -19.566491 .832479 10.106067 -9.672055 .832479 5.145902
4 16 .694334 .832479 1.078697 -9.147752 .832479 6.174903 -9.126159 .593292 6.217281 .71648 .593292 1.120789
4 16 .631243 1.035229 .958781 -9.209268 1.035229 6.054171 -9.147752 .832479 6.174903 .694334 .832479 1.078697
4 16 -9.301314 1.170729 5.87352 -19.205307 1.170729 10.838476 -19.115633 1.035229 11.020317 -9.209268 1.035229 6.054171
4 16 -9.409903 1.218292 5.660402 -19.311097 1.218292 10.623955 -19.205307 1.170729 10.838476 -9.301314 1.170729 5.87352
4 16 -9.518492 1.170729 5.447285 -19.416887 1.170729 10.409435 -19.311097 1.218292 10.623955 -9.409903 1.218292 5.660402
4 16 -9.610539 1.035229 5.266633 -19.506561 1.035229 10.227594 -19.416887 1.170729 10.409435 -9.518492 1.170729 5.447285
4 16 .156608 .832479 .056647 -9.672055 .832479 5.145902 -9.610539 1.035229 5.266633 .219698 1.035229 .176563
4 16 .134462 .593292 .014555 -9.693648 .593292 5.103523 -9.672055 .832479 5.145902 .156608 .832479 .056647
4 16 10.46887 .832479 -4.145902 .694334 .832479 1.078697 .71648 .593292 1.120789 10.491565 .593292 -4.104103
4 16 10.404215 1.035229 -4.264981 .631243 1.035229 .958781 .694334 .832479 1.078697 10.46887 .832479 -4.145902
4 16 .53684 1.170729 .77935 -9.301314 1.170729 5.87352 -9.209268 1.035229 6.054171 .631243 1.035229 .958781
4 16 .425471 1.218292 .567672 -9.409903 1.218292 5.660402 -9.301314 1.170729 5.87352 .53684 1.170729 .77935
4 16 .314102 1.170729 .355994 -9.518492 1.170729 5.447285 -9.409903 1.218292 5.660402 .425471 1.218292 .567672
4 16 .219698 1.035229 .176563 -9.610539 1.035229 5.266633 -9.518492 1.170729 5.447285 .314102 1.170729 .355994
4 16 9.917812 .832479 -5.160825 .156608 .832479 .056647 .219698 1.035229 .176563 9.982467 1.035229 -5.041746
4 16 9.895117 .593292 -5.202624 .134462 .593292 .014555 .156608 .832479 .056647 9.917812 .832479 -5.160825
4 16 20.174181 .832479 -9.497997 10.46887 .832479 -4.145902 10.491565 .593292 -4.104103 20.197421 .593292 -9.456499
4 16 20.107973 1.035229 -9.61622 10.404215 1.035229 -4.264981 10.46887 .832479 -4.145902 20.174181 .832479 -9.497997
4 16 10.307471 1.170729 -4.443162 .53684 1.170729 .77935 .631243 1.035229 .958781 10.404215 1.035229 -4.264981
4 16 10.193341 1.218292 -4.653364 .425471 1.218292 .567672 .53684 1.170729 .77935 10.307471 1.170729 -4.443162
4 16 10.079211 1.170729 -4.863566 .314102 1.170729 .355994 .425471 1.218292 .567672 10.193341 1.218292 -4.653364
4 16 9.982467 1.035229 -5.041746 .219698 1.035229 .176563 .314102 1.170729 .355994 10.079211 1.170729 -4.863566
4 16 19.609885 .832479 -10.505621 9.917812 .832479 -5.160825 9.982467 1.035229 -5.041746 19.676093 1.035229 -10.387398
4 16 19.586645 .593292 -10.547119 9.895117 .593292 -5.202624 9.917812 .832479 -5.160825 19.609885 .832479 -10.505621
4 16 29.808604 .83248 -14.976672 20.174181 .832479 -9.497997 20.197421 .593292 -9.456499 29.832385 .593292 -14.935482
4 16 29.740854 1.03523 -15.094019 20.107973 1.035229 -9.61622 20.174181 .832479 -9.497997 29.808604 .83248 -14.976672
4 16 20.008905 1.170729 -9.793119 10.307471 1.170729 -4.443162 10.404215 1.035229 -4.264981 20.107973 1.035229 -9.61622
4 16 19.892033 1.218292 -10.001809 10.193341 1.218292 -4.653364 10.307471 1.170729 -4.443162 20.008905 1.170729 -9.793119
4 16 19.775161 1.170729 -10.210499 10.079211 1.170729 -4.863566 10.193341 1.218292 -4.653364 19.892033 1.218292 -10.001809
4 16 19.676093 1.035229 -10.387398 9.982467 1.035229 -5.041746 10.079211 1.170729 -4.863566 19.775161 1.170729 -10.210499
4 16 29.231166 .83248 -15.976824 19.609885 .832479 -10.505621 19.676093 1.035229 -10.387398 29.298916 1.03523 -15.859477
4 16 29.207385 .593292 -16.018014 19.586645 .593292 -10.547119 19.609885 .832479 -10.505621 29.231166 .83248 -15.976824
4 16 31.430654 .832479 -15.927433 29.808604 .83248 -14.976672 29.832385 .593292 -14.935482 31.454704 .593292 -15.8864
4 16 31.362137 1.035229 -16.044334 29.740854 1.03523 -15.094019 29.808604 .83248 -14.976672 31.430654 .832479 -15.927433
4 16 29.639479 1.17073 -15.269606 20.008905 1.170729 -9.793119 20.107973 1.035229 -9.61622 29.740854 1.03523 -15.094019
4 16 29.519885 1.218292 -15.476748 19.892033 1.218292 -10.001809 20.008905 1.170729 -9.793119 29.639479 1.17073 -15.269606
4 16 29.400291 1.17073 -15.683891 19.775161 1.170729 -10.210499 19.892033 1.218292 -10.001809 29.519885 1.218292 -15.476748
4 16 29.298916 1.03523 -15.859477 19.676093 1.035229 -10.387398 19.775161 1.170729 -10.210499 29.400291 1.17073 -15.683891
4 16 30.846686 .832479 -16.923785 29.231166 .83248 -15.976824 29.298916 1.03523 -15.859477 30.915203 1.035229 -16.806885
4 16 30.822636 .593292 -16.964819 29.207385 .593292 -16.018014 29.231166 .83248 -15.976824 30.846686 .832479 -16.923785
4 16 31.259616 1.170729 -16.219254 29.639479 1.17073 -15.269606 29.740854 1.03523 -15.094019 31.362137 1.035229 -16.044334
4 16 31.13867 1.218292 -16.425609 29.519885 1.218292 -15.476748 29.639479 1.17073 -15.269606 31.259616 1.170729 -16.219254
4 16 31.017724 1.170729 -16.631965 29.400291 1.17073 -15.683891 29.519885 1.218292 -15.476748 31.13867 1.218292 -16.425609
4 16 30.915203 1.035229 -16.806885 29.298916 1.03523 -15.859477 29.400291 1.17073 -15.683891 31.017724 1.170729 -16.631965

5 24 20.008905 1.170729 -9.793119 29.639479 1.17073 -15.269606 29.519885 1.218292 -15.476748 20.107973 1.035229 -9.61622
5 24 29.740854 1.03523 -15.094019 31.362137 1.035229 -16.044334 31.259616 1.170729 -16.219254 29.808604 .83248 -14.976672
5 24 19.892033 -.031708 -10.001809 20.008905 .015855 -9.793119 29.519885 -.031708 -15.476748 10.307471 .015855 -4.443162
5 24 .53684 .015855 .77935 .425471 -.031708 .567672 10.193341 -.031708 -4.653364 -9.301314 .015855 5.87352
5 24 29.808604 .354104 -14.976672 29.832385 .593292 -14.935482 20.197421 .593292 -9.456499 31.430654 .354104 -15.927433
5 24 .71648 .593292 1.120789 .694334 .354105 1.078697 -9.126159 .593292 6.217281 10.46887 .354105 -4.145902
5 24 -19.205307 .015855 10.838476 -29.17344 .015855 15.673367 -19.115633 .151355 11.020317 -29.276413 -.031708 15.45748
5 24 -19.205307 .015855 10.838476 -19.115633 .151355 11.020317 -29.086154 .151355 15.856367 -9.301314 .015855 5.87352
5 24 -29.379386 .015855 15.241593 -29.466672 .151355 15.058594 -31.4837 .015854 16.228322 -19.506561 .151355 10.227594
5 24 -19.311097 -.031708 10.623955 -29.276413 -.031708 15.45748 -29.379386 .015855 15.241593 -19.205307 .015855 10.838476
5 24 20.174181 .354105 -9.497997 20.197421 .593292 -9.456499 10.491565 .593292 -4.104103 29.808604 .354104 -14.976672
5 24 -19.311097 1.218292 10.623955 -9.409903 1.218292 5.660402 -19.205307 1.170729 10.838476 -9.518492 1.170729 5.447285
5 24 -19.115633 .151355 11.020317 -19.055703 .354105 11.141843 -29.02782 .354105 15.978667 -9.209268 .151355 6.054171
5 24 9.917812 .832479 -5.160825 9.982467 1.035229 -5.041746 .156608 .832479 .056647 19.676093 1.035229 -10.387398
5 24 .156608 .354105 .056647 .219698 .151355 .176563 -9.610539 .151355 5.266633 9.917812 .354105 -5.160825
5 24 9.982467 .151355 -5.041746 10.079211 .015855 -4.863566 19.676093 .151355 -10.387398 .314102 .015855 .355994
5 24 -29.545483 .593292 14.893365 -19.587527 .593292 10.06341 -19.566491 .354105 10.106067 -29.525006 .832479 14.936294
5 24 -29.466672 .151355 15.058594 -29.525006 .354105 14.936294 -31.569787 .151354 16.044756 -19.566491 .354105 10.106067
5 24 -29.379386 1.170729 15.241593 -29.276413 1.218292 15.45748 -31.4837 1.170729 16.228322 -19.311097 1.218292 10.623955
5 24 -29.17344 .015855 15.673367 -31.280583 .015854 16.661433 -29.086154 .151355 15.856367 -31.382142 -.031708 16.444877
5 24 -29.007344 .593292 16.021596 -19.034667 .593292 11.184501 -19.055703 .832479 11.141843 -29.02782 .354105 15.978667
5 24 -31.4837 1.170729 16.228322 -29.379386 1.170729 15.241593 -29.466672 1.035229 15.058594 -31.382142 1.218292 16.444877
5 24 -9.301314 .015855 5.87352 -9.209268 .151355 6.054171 -19.115633 .151355 11.020317 .53684 .015855 .77935
5 24 -31.194495 1.035229 16.844999 -29.086154 1.035229 15.856367 -29.17344 1.170729 15.673367 -31.136961 .832479 16.967679
5 24 -29.525006 .832479 14.936294 -19.566491 .832479 10.106067 -19.587527 .593292 10.06341 -29.466672 1.035229 15.058594
5 24 10.079211 .015855 -4.863566 10.193341 -.031708 -4.653364 .425471 -.031708 .567672 19.775161 .015855 -10.210499
5 24 -29.525006 .832479 14.936294 -29.466672 1.035229 15.058594 -31.627321 .832479 15.922076 -19.506561 1.035229 10.227594
5 24 29.207385 .593292 -16.018014 30.822636 .593292 -16.964819 29.231166 .83248 -15.976824 30.846686 .354104 -16.923785
5 24 -29.086154 1.035229 15.856367 -29.17344 1.170729 15.673367 -31.280583 1.170729 16.661433 -19.115633 1.035229 11.020317
5 24 20.008905 .015855 -9.793119 10.307471 .015855 -4.443162 20.107973 .151355 -9.61622 10.193341 -.031708 -4.653364
5 24 29.639479 .015854 -15.269606 20.008905 .015855 -9.793119 29.740854 .151354 -15.094019 19.892033 -.031708 -10.001809
5 24 20.174181 .832479 -9.497997 29.808604 .83248 -14.976672 29.740854 1.03523 -15.094019 20.197421 .593292 -9.456499
5 24 29.639479 1.17073 -15.269606 29.519885 1.218292 -15.476748 19.892033 1.218292 -10.001809 31.259616 1.170729 -16.219254
5 24 20.197421 .593292 -9.456499 29.832385 .593292 -14.935482 29.808604 .83248 -14.976672 20.174181 .354105 -9.497997
5 24 -19.034667 .593292 11.184501 -9.126159 .593292 6.217281 -9.147752 .832479 6.174903 -19.055703 .354105 11.141843
5 24 -29.02782 .832479 15.978667 -19.055703 .832479 11.141843 -19.115633 1.035229 11.020317 -29.007344 .593292 16.021596
5 24 .134462 .593292 .014555 .156608 .354105 .056647 9.895117 .593292 -5.202624 -9.672055 .354105 5.145902
5 24 -9.610539 1.035229 5.266633 .219698 1.035229 .176563 -9.518492 1.170729 5.447285 .156608 .832479 .056647
5 24 -9.209268 .151355 6.054171 -9.147752 .354105 6.174903 -19.055703 .354105 11.141843 .631243 .151355 .958781
5 24 29.231166 .354104 -15.976824 29.298916 .151354 -15.859477 19.676093 .151355 -10.387398 30.846686 .354104 -16.923785
5 24 29.740854 1.03523 -15.094019 29.639479 1.17073 -15.269606 31.362137 1.035229 -16.044334 20.008905 1.170729 -9.793119
5 24 .156608 .354105 .056647 -9.672055 .354105 5.145902 .219698 .151355 .176563 -9.693648 .593292 5.103523
5 24 -9.209268 1.035229 6.054171 -9.301314 1.170729 5.87352 -19.205307 1.170729 10.838476 .631243 1.035229 .958781
5 24 -19.416887 1.170729 10.409435 -9.518492 1.170729 5.447285 -9.610539 1.035229 5.266633 -19.311097 1.218292 10.623955
5 24 -19.115633 1.035229 11.020317 -9.209268 1.035229 6.054171 -19.055703 .832479 11.141843 -9.301314 1.170729 5.87352
5 24 10.491565 .593292 -4.104103 10.46887 .832479 -4.145902 .694334 .832479 1.078697 20.197421 .593292 -9.456499
5 24 9.917812 .832479 -5.160825 19.609885 .832479 -10.505621 19.586645 .593292 -10.547119 9.982467 1.035229 -5.041746
5 24 -9.147752 .354105 6.174903 -19.055703 .354105 11.141843 -9.126159 .593292 6.217281 -19.115633 .151355 11.020317
5 24 29.400291 .015854 -15.683891 19.775161 .015855 -10.210499 29.519885 -.031708 -15.476748 19.676093 .151355 -10.387398
5 24 -9.610539 .151355 5.266633 -19.506561 .151355 10.227594 -19.566491 .354105 10.106067 -9.518492 .015855 5.447285
5 24 .71648 .593292 1.120789 10.491565 .593292 -4.104103 10.46887 .832479 -4.145902 .694334 .354105 1.078697
5 24 -9.672055 .832479 5.145902 .156608 .832479 .056647 .134462 .593292 .014555 -9.610539 1.035229 5.266633
5 24 -29.545483 .593292 14.893365 -29.525006 .832479 14.936294 -31.647515 .593292 15.879014 -19.566491 .832479 10.106067
5 24 -9.301314 1.170729 5.87352 .53684 1.170729 .77935 .425471 1.218292 .567672 -9.209268 1.035229 6.054171
5 24 10.079211 .015855 -4.863566 .314102 .015855 .355994 10.193341 -.031708 -4.653364 .219698 .151355 .176563
5 24 -19.506561 .151355 10.227594 -19.416887 .015855 10.409435 -9.610539 .151355 5.266633 -29.379386 .015855 15.241593
5 24 -19.034667 .593292 11.184501 -19.055703 .832479 11.141843 -9.126159 .593292 6.217281 -29.02782 .832479 15.978667
5 24 -9.409903 -.031708 5.660402 -19.311097 -.031708 10.623955 -19.416887 .015855 10.409435 -9.301314 .015855 5.87352
5 24 19.609885 .354105 -10.505621 9.917812 .354105 -5.160825 19.676093 .151355 -10.387398 9.895117 .593292 -5.202624
5 24 -9.518492 .015855 5.447285 -9.409903 -.031708 5.660402 -19.311097 -.031708 10.623955 .314102 .015855 .355994
5 24 -9.147752 .832479 6.174903 -9.209268 1.035229 6.054171 -19.115633 1.035229 11.020317 .694334 .832479 1.078697
5 24 29.298916 1.03523 -15.859477 30.915203 1.035229 -16.806885 29.400291 1.17073 -15.683891 30.846686 .832479 -16.923785
5 24 19.775161 .015855 -10.210499 10.079211 .015855 -4.863566 19.892033 -.031708 -10.001809 9.982467 .151355 -5.041746
5 24 -19.311097 1.218292 10.623955 -19.416887 1.170729 10.409435 -29.379386 1.170729 15.241593 -9.409903 1.218292 5.660402
5 24 -19.115633 .151355 11.020317 -29.086154 .151355 15.856367 -29.17344 .015855 15.673367 -19.055703 .354105 11.141843
5 24 -29.007344 .593292 16.021596 -29.02782 .354105 15.978667 -19.055703 .354105 11.141843 -31.116767 .593292 17.01074
5 24 -29.379386 .015855 15.241593 -31.4837 .015854 16.228322 -31.569787 .151354 16.044756 -29.276413 -.031708 15.45748
5 24 -19.115633 1.035229 11.020317 -19.205307 1.170729 10.838476 -9.209268 1.035229 6.054171 -29.17344 1.170729 15.673367
5 24 20.107973 .151355 -9.61622 10.404215 .151355 -4.264981 10.307471 .015855 -4.443162 20.174181 .354105 -9.497997
5 24 -9.672055 .354105 5.145902 -19.566491 .354105 10.106067 -9.610539 .151355 5.266633 -19.587527 .593292 10.06341
5 24 -29.086154 .151355 15.856367 -31.194495 .151354 16.844999 -31.280583 .015854 16.661433 -29.02782 .354105 15.978667
5 24 19.892033 1.218292 -10.001809 19.775161 1.170729 -10.210499 10.079211 1.170729 -4.863566 29.519885 1.218292 -15.476748
5 24 29.519885 1.218292 -15.476748 29.400291 1.17073 -15.683891 31.13867 1.218292 -16.425609 19.775161 1.170729 -10.210499
5 24 -19.566491 .832479 10.106067 -19.587527 .593292 10.06341 -29.545483 .593292 14.893365 -9.672055 .832479 5.145902
5 24 10.307471 1.170729 -4.443162 10.193341 1.218292 -4.653364 20.008905 1.170729 -9.793119 .425471 1.218292 .567672
5 24 .219698 .151355 .176563 -9.610539 .151355 5.266633 -9.672055 .354105 5.145902 .314102 .015855 .355994
5 24 -29.466672 1.035229 15.058594 -19.506561 1.035229 10.227594 -29.379386 1.170729 15.241593 -19.566491 .832479 10.106067
5 24 -29.17344 .015855 15.673367 -29.086154 .151355 15.856367 -31.194495 .151354 16.844999 -19.205307 .015855 10.838476
5 24 .219698 1.035229 .176563 .314102 1.170729 .355994 10.079211 1.170729 -4.863566 -9.610539 1.035229 5.266633
5 24 -9.301314 .015855 5.87352 -19.205307 .015855 10.838476 -9.209268 .151355 6.054171 -19.311097 -.031708 10.623955
5 24 -9.147752 .354105 6.174903 -9.126159 .593292 6.217281 -19.034667 .593292 11.184501 .694334 .354105 1.078697
5 24 -19.416887 .015855 10.409435 -19.311097 -.031708 10.623955 -29.276413 -.031708 15.45748 -9.518492 .015855 5.447285
5 24 20.008905 1.170729 -9.793119 19.892033 1.218292 -10.001809 29.639479 1.17073 -15.269606 10.193341 1.218292 -4.653364
5 24 10.193341 1.218292 -4.653364 19.892033 1.218292 -10.001809 10.307471 1.170729 -4.443162 19.775161 1.170729 -10.210499
5 24 .694334 .354105 1.078697 -9.147752 .354105 6.174903 .71648 .593292 1.120789 -9.209268 .151355 6.054171
5 24 19.586645 .593292 -10.547119 29.207385 .593292 -16.018014 19.609885 .832479 -10.505621 29.231166 .354104 -15.976824
5 24 .694334 .832479 1.078697 10.46887 .832479 -4.145902 10.404215 1.035229 -4.264981 .71648 .593292 1.120789
5 24 -9.518492 .015855 5.447285 -19.416887 .015855 10.409435 -9.409903 -.031708 5.660402 -19.506561 .151355 10.227594
5 24 29.400291 .015854 -15.683891 29.519885 -.031708 -15.476748 31.017724 .015854 -16.631965 19.892033 -.031708 -10.001809
5 24 29.832385 .593292 -14.935482 29.808604 .83248 -14.976672 20.174181 .832479 -9.497997 31.454704 .593292 -15.8864
5 24 31.430654 .354104 -15.927433 29.808604 .354104 -14.976672 29.740854 .151354 -15.094019 31.454704 .593292 -15.8864
5 24 19.676093 .151355 -10.387398 9.982467 .151355 -5.041746 9.917812 .354105 -5.160825 19.775161 .015855 -10.210499
5 24 -9.610539 1.035229 5.266633 -9.672055 .832479 5.145902 .219698 1.035229 .176563 -19.566491 .832479 10.106067
5 24 -29.276413 -.031708 15.45748 -29.379386 .015855 15.241593 -31.382142 -.031708 16.444877 -19.416887 .015855 10.409435
5 24 19.676093 1.035229 -10.387398 29.298916 1.03523 -15.859477 19.775161 1.170729 -10.210499 29.231166 .83248 -15.976824
5 24 19.775161 1.170729 -10.210499 29.400291 1.17073 -15.683891 29.298916 1.03523 -15.859477 19.892033 1.218292 -10.001809
5 24 19.892033 -.031708 -10.001809 10.193341 -.031708 -4.653364 10.079211 .015855 -4.863566 20.008905 .015855 -9.793119
5 24 9.895117 .593292 -5.202624 9.917812 .832479 -5.160825 19.609885 .832479 -10.505621 .134462 .593292 .014555
5 24 -29.525006 .354105 14.936294 -29.545483 .593292 14.893365 -31.627321 .354104 15.922076 -19.587527 .593292 10.06341
5 24 -31.569787 1.035229 16.044756 -29.466672 1.035229 15.058594 -31.4837 1.170729 16.228322 -29.525006 .832479 14.936294
5 24 20.107973 1.035229 -9.61622 20.008905 1.170729 -9.793119 10.307471 1.170729 -4.443162 29.740854 1.03523 -15.094019
5 24 29.808604 .354104 -14.976672 20.174181 .354105 -9.497997 29.832385 .593292 -14.935482 20.107973 .151355 -9.61622
5 24 19.609885 .354105 -10.505621 19.676093 .151355 -10.387398 9.982467 .151355 -5.041746 29.231166 .354104 -15.976824
5 24 .134462 .593292 .014555 9.895117 .593292 -5.202624 9.917812 .354105 -5.160825 .156608 .832479 .056647
5 24 10.46887 .832479 -4.145902 20.174181 .832479 -9.497997 20.107973 1.035229 -9.61622 10.491565 .593292 -4.104103
5 24 -9.610539 .151355 5.266633 -9.518492 .015855 5.447285 -19.416887 .015855 10.409435 .219698 .151355 .176563
5 24 31.454704 .593292 -15.8864 29.832385 .593292 -14.935482 29.808604 .354104 -14.976672 31.430654 .832479 -15.927433
5 24 19.775161 1.170729 -10.210499 19.676093 1.035229 -10.387398 9.982467 1.035229 -5.041746 29.400291 1.17073 -15.683891
5 24 10.404215 .151355 -4.264981 .631243 .151355 .958781 .53684 .015855 .77935 10.46887 .354105 -4.145902
5 24 10.404215 1.035229 -4.264981 10.307471 1.170729 -4.443162 .53684 1.170729 .77935 20.107973 1.035229 -9.61622
5 24 29.519885 -.031708 -15.476748 29.639479 .015854 -15.269606 20.008905 .015855 -9.793119 31.13867 -.031708 -16.425609
5 24 20.107973 1.035229 -9.61622 29.740854 1.03523 -15.094019 20.174181 .832479 -9.497997 29.639479 1.17073 -15.269606
5 24 .314102 .015855 .355994 -9.518492 .015855 5.447285 .425471 -.031708 .567672 -9.610539 .151355 5.266633
5 24 29.231166 .354104 -15.976824 30.846686 .354104 -16.923785 29.207385 .593292 -16.018014 30.915203 .151354 -16.806885
5 24 9.982467 .151355 -5.041746 9.917812 .354105 -5.160825 .219698 .151355 .176563 19.609885 .354105 -10.505621
5 24 .219698 1.035229 .176563 .156608 .832479 .056647 -9.672055 .832479 5.145902 9.982467 1.035229 -5.041746
5 24 -9.301314 1.170729 5.87352 -9.409903 1.218292 5.660402 .53684 1.170729 .77935 -19.311097 1.218292 10.623955
5 24 -19.506561 .151355 10.227594 -29.466672 .151355 15.058594 -29.525006 .354105 14.936294 -19.416887 .015855 10.409435
5 24 -29.02782 .832479 15.978667 -29.007344 .593292 16.021596 -19.034667 .593292 11.184501 -31.136961 .832479 16.967679
5 24 -31.647515 .593292 15.879014 -29.545483 .593292 14.893365 -29.525006 .354105 14.936294 -31.627321 .832479 15.922076
5 24 20.008905 .015855 -9.793119 20.107973 .151355 -9.61622 10.404215 .151355 -4.264981 29.639479 .015854 -15.269606
5 24 -31.280583 1.170729 16.661433 -29.17344 1.170729 15.673367 -29.276413 1.218292 15.45748 -31.194495 1.035229 16.844999
5 24 10.46887 .832479 -4.145902 10.404215 1.035229 -4.264981 .631243 1.035229 .958781 20.174181 .832479 -9.497997
5 24 10.491565 .593292 -4.104103 20.197421 .593292 -9.456499 20.174181 .832479 -9.497997 10.46887 .354105 -4.145902
5 24 -29.276413 -.031708 15.45748 -29.17344 .015855 15.673367 -31.280583 .015854 16.661433 -19.311097 -.031708 10.623955
5 24 10.193341 -.031708 -4.653364 .425471 -.031708 .567672 .314102 .015855 .355994 10.307471 .015855 -4.443162
5 24 10.307471 .015855 -4.443162 10.404215 .151355 -4.264981 .631243 .151355 .958781 20.008905 .015855 -9.793119
5 24 -19.566491 .354105 10.106067 -19.506561 .151355 10.227594 -29.466672 .151355 15.058594 -9.672055 .354105 5.145902
5 24 31.430654 .832479 -15.927433 29.808604 .83248 -14.976672 31.362137 1.035229 -16.044334 29.832385 .593292 -14.935482
5 24 -9.693648 .593292 5.103523 .134462 .593292 .014555 .156608 .354105 .056647 -9.672055 .832479 5.145902
5 24 29.740854 .151354 -15.094019 29.808604 .354104 -14.976672 31.362137 .151354 -16.044334 20.174181 .354105 -9.497997
5 24 .53684 .015855 .77935 -9.301314 .015855 5.87352 .631243 .151355 .958781 -9.409903 -.031708 5.660402
5 24 9.895117 .593292 -5.202624 19.586645 .593292 -10.547119 19.609885 .354105 -10.505621 9.917812 .832479 -5.160825
5 24 29.519885 -.031708 -15.476748 19.892033 -.031708 -10.001809 29.639479 .015854 -15.269606 19.775161 .015855 -10.210499
5 24 29.740854 .151354 -15.094019 20.107973 .151355 -9.61622 20.008905 .015855 -9.793119 29.808604 .354104 -14.976672
5 24 -9.409903 1.218292 5.660402 -9.518492 1.170729 5.447285 -19.416887 1.170729 10.409435 .425471 1.218292 .567672
5 24 29.639479 1.17073 -15.269606 31.259616 1.170729 -16.219254 31.13867 1.218292 -16.425609 29.740854 1.03523 -15.094019
5 24 -29.086154 1.035229 15.856367 -19.115633 1.035229 11.020317 -29.02782 .832479 15.978667 -19.205307 1.170729 10.838476
5 24 -9.209268 .151355 6.054171 -19.115633 .151355 11.020317 -19.205307 .015855 10.838476 -9.147752 .354105 6.174903
5 24 -31.382142 -.031708 16.444877 -29.276413 -.031708 15.45748 -31.4837 .015854 16.228322 -29.17344 .015855 15.673367
5 24 -19.416887 .015855 10.409435 -29.379386 .015855 15.241593 -19.311097 -.031708 10.623955 -29.466672 .151355 15.058594
5 24 10.46887 .354105 -4.145902 .694334 .354105 1.078697 10.491565 .593292 -4.104103 .631243 .151355 .958781
5 24 29.400291 1.17073 -15.683891 31.017724 1.170729 -16.631965 30.915203 1.035229 -16.806885 29.519885 1.218292 -15.476748
5 24 19.892033 1.218292 -10.001809 29.519885 1.218292 -15.476748 20.008905 1.170729 -9.793119 29.400291 1.17073 -15.683891
5 24 20.174181 .354105 -9.497997 10.46887 .354105 -4.145902 20.197421 .593292 -9.456499 10.404215 .151355 -4.264981
5 24 10.307471 .015855 -4.443162 .53684 .015855 .77935 10.404215 .151355 -4.264981 .425471 -.031708 .567672
5 24 -9.147752 .832479 6.174903 .694334 .832479 1.078697 .631243 1.035229 .958781 -9.126159 .593292 6.217281
5 24 .156608 .832479 .056647 9.917812 .832479 -5.160825 9.895117 .593292 -5.202624 .219698 1.035229 .176563
5 24 -9.209268 1.035229 6.054171 .631243 1.035229 .958781 -9.147752 .832479 6.174903 .53684 1.170729 .77935
5 24 29.207385 .593292 -16.018014 29.231166 .354104 -15.976824 19.609885 .354105 -10.505621 30.822636 .593292 -16.964819
5 24 -19.205307 1.170729 10.838476 -9.301314 1.170729 5.87352 -9.409903 1.218292 5.660402 -19.115633 1.035229 11.020317
5 24 .694334 .354105 1.078697 .631243 .151355 .958781 10.404215 .151355 -4.264981 -9.147752 .354105 6.174903
5 24 -19.506561 1.035229 10.227594 -19.566491 .832479 10.106067 -29.525006 .832479 14.936294 -9.610539 1.035229 5.266633
5 24 -9.126159 .593292 6.217281 -9.147752 .832479 6.174903 -19.055703 .832479 11.141843 .71648 .593292 1.120789
5 24 -29.276413 1.218292 15.45748 -19.311097 1.218292 10.623955 -29.17344 1.170729 15.673367 -19.416887 1.170729 10.409435
5 24 -9.672055 .832479 5.145902 -9.693648 .593292 5.103523 -19.587527 .593292 10.06341 .156608 .832479 .056647
5 24 9.982467 1.035229 -5.041746 19.676093 1.035229 -10.387398 10.079211 1.170729 -4.863566 19.609885 .832479 -10.505621
5 24 29.231166 .354104 -15.976824 19.609885 .354105 -10.505621 29.298916 .151354 -15.859477 19.586645 .593292 -10.547119
5 24 29.298916 1.03523 -15.859477 29.231166 .83248 -15.976824 19.609885 .832479 -10.505621 30.915203 1.035229 -16.806885
5 24 29.639479 .015854 -15.269606 31.259616 .015854 -16.219254 31.362137 .151354 -16.044334 29.519885 -.031708 -15.476748
5 24 -9.693648 .593292 5.103523 -9.672055 .354105 5.145902 -19.566491 .354105 10.106067 .134462 .593292 .014555
5 24 -29.466672 1.035229 15.058594 -29.379386 1.170729 15.241593 -19.416887 1.170729 10.409435 -31.569787 1.035229 16.044756
5 24 19.775161 .015855 -10.210499 19.892033 -.031708 -10.001809 10.193341 -.031708 -4.653364 29.400291 .015854 -15.683891
5 24 .314102 1.170729 .355994 .425471 1.218292 .567672 10.193341 1.218292 -4.653364 -9.518492 1.170729 5.447285
5 24 -19.055703 .354105 11.141843 -29.02782 .354105 15.978667 -19.034667 .593292 11.184501 -29.086154 .151355 15.856367
5 24 .631243 1.035229 .958781 .694334 .832479 1.078697 -9.209268 1.035229 6.054171 10.46887 .832479 -4.145902
5 24 19.609885 .832479 -10.505621 29.231166 .83248 -15.976824 29.207385 .593292 -16.018014 19.676093 1.035229 -10.387398
5 24 31.13867 -.031708 -16.425609 29.519885 -.031708 -15.476748 29.400291 .015854 -15.683891 31.259616 .015854 -16.219254
5 24 .314102 1.170729 .355994 10.079211 1.170729 -4.863566 9.982467 1.035229 -5.041746 .425471 1.218292 .567672
5 24 -19.311097 -.031708 10.623955 -19.205307 .015855 10.838476 -9.409903 -.031708 5.660402 -29.17344 .015855 15.673367
5 24 -29.17344 1.170729 15.673367 -19.205307 1.170729 10.838476 -19.311097 1.218292 10.623955 -29.086154 1.035229 15.856367
5 24 10.193341 1.218292 -4.653364 10.079211 1.170729 -4.863566 .314102 1.170729 .355994 19.892033 1.218292 -10.001809
5 24 19.676093 .151355 -10.387398 19.775161 .015855 -10.210499 29.298916 .151354 -15.859477 10.079211 .015855 -4.863566
5 24 -29.007344 .593292 16.021596 -31.116767 .593292 17.01074 -31.136961 .354104 16.967679 -29.02782 .832479 15.978667
5 24 10.404215 1.035229 -4.264981 20.107973 1.035229 -9.61622 10.46887 .832479 -4.145902 20.008905 1.170729 -9.793119
5 24 -19.566491 .354105 10.106067 -29.525006 .354105 14.936294 -19.506561 .151355 10.227594 -29.545483 .593292 14.893365
5 24 -29.086154 1.035229 15.856367 -29.02782 .832479 15.978667 -19.055703 .832479 11.141843 -31.194495 1.035229 16.844999
5 24 .314102 .015855 .355994 .219698 .151355 .176563 9.982467 .151355 -5.041746 -9.518492 .015855 5.447285
5 24 29.808604 .83248 -14.976672 29.740854 1.03523 -15.094019 20.107973 1.035229 -9.61622 31.430654 .832479 -15.927433
5 24 .631243 1.035229 .958781 10.404215 1.035229 -4.264981 .694334 .832479 1.078697 10.307471 1.170729 -4.443162
5 24 -31.136961 .354104 16.967679 -29.02782 .354105 15.978667 -29.007344 .593292 16.021596 -31.194495 .151354 16.844999
5 24 30.846686 .832479 -16.923785 29.231166 .83248 -15.976824 29.298916 1.03523 -15.859477 30.822636 .593292 -16.964819
5 24 30.915203 .151354 -16.806885 29.298916 .151354 -15.859477 31.017724 .015854 -16.631965 29.231166 .354104 -15.976824
5 24 29.298916 .151354 -15.859477 29.400291 .015854 -15.683891 30.915203 .151354 -16.806885 19.775161 .015855 -10.210499
5 24 -19.566491 .832479 10.106067 -9.672055 .832479 5.145902 -9.693648 .593292 5.103523 -19.506561 1.035229 10.227594
5 24 31.017724 .015854 -16.631965 29.400291 .015854 -15.683891 29.298916 .151354 -15.859477 31.13867 -.031708 -16.425609
5 24 10.079211 1.170729 -4.863566 19.775161 1.170729 -10.210499 19.676093 1.035229 -10.387398 10.193341 1.218292 -4.653364
5 24 10.307471 1.170729 -4.443162 20.008905 1.170729 -9.793119 19.892033 1.218292 -10.001809 10.404215 1.035229 -4.264981
5 24 .156608 .832479 .056647 .134462 .593292 .014555 -9.693648 .593292 5.103523 9.917812 .832479 -5.160825
5 24 .425471 -.031708 .567672 .314102 .015855 .355994 -9.409903 -.031708 5.660402 10.079211 .015855 -4.863566
5 24 .631243 .151355 .958781 .53684 .015855 .77935 -9.209268 .151355 6.054171 10.307471 .015855 -4.443162
5 24 -9.409903 -.031708 5.660402 -9.301314 .015855 5.87352 -19.205307 .015855 10.838476 .425471 -.031708 .567672
5 24 -29.525006 .354105 14.936294 -31.627321 .354104 15.922076 -31.647515 .593292 15.879014 -29.466672 .151355 15.058594
5 24 -29.17344 1.170729 15.673367 -29.276413 1.218292 15.45748 -19.205307 1.170729 10.838476 -31.382142 1.218292 16.444877
5 24 10.079211 1.170729 -4.863566 9.982467 1.035229 -5.041746 19.775161 1.170729 -10.210499 .219698 1.035229 .176563
5 24 -29.466672 .151355 15.058594 -31.569787 .151354 16.044756 -31.627321 .354104 15.922076 -29.379386 .015855 15.241593
5 24 -19.055703 .354105 11.141843 -19.034667 .593292 11.184501 -29.007344 .593292 16.021596 -9.147752 .354105 6.174903
5 24 19.609885 .832479 -10.505621 19.586645 .593292 -10.547119 9.895117 .593292 -5.202624 29.231166 .83248 -15.976824
5 24 -9.409903 1.218292 5.660402 .425471 1.218292 .567672 -9.301314 1.170729 5.87352 .314102 1.170729 .355994
5 24 19.676093 1.035229 -10.387398 19.609885 .832479 -10.505621 9.917812 .832479 -5.160825 29.298916 1.03523 -15.859477
5 24 10.404215 .151355 -4.264981 10.46887 .354105 -4.145902 20.107973 .151355 -9.61622 .694334 .354105 1.078697
5 24 29.639479 .015854 -15.269606 29.740854 .151354 -15.094019 31.259616 .015854 -16.219254 20.107973 .151355 -9.61622
5 24 .425471 1.218292 .567672 .53684 1.170729 .77935 10.307471 1.170729 -4.443162 -9.409903 1.218292 5.660402
5 24 -19.055703 .832479 11.141843 -19.115633 1.035229 11.020317 -9.147752 .832479 6.174903 -29.086154 1.035229 15.856367
5 24 -19.587527 .593292 10.06341 -9.693648 .593292 5.103523 -9.672055 .354105 5.145902 -19.566491 .832479 10.106067
5 24 .53684 1.170729 .77935 .631243 1.035229 .958781 -9.301314 1.170729 5.87352 10.404215 1.035229 -4.264981
5 24 20.107973 .151355 -9.61622 20.174181 .354105 -9.497997 10.46887 .354105 -4.145902 29.740854 .151354 -15.094019
5 24 -9.518492 1.170729 5.447285 -9.610539 1.035229 5.266633 .314102 1.170729 .355994 -19.506561 1.035229 10.227594
5 24 -9.518492 1.170729 5.447285 .314102 1.170729 .355994 .219698 1.035229 .176563 -9.409903 1.218292 5.660402
5 24 -9.672055 .354105 5.145902 -9.610539 .151355 5.266633 -19.506561 .151355 10.227594 .156608 .354105 .056647
5 24 -19.506561 1.035229 10.227594 -9.610539 1.035229 5.266633 -19.416887 1.170729 10.409435 -9.672055 .832479 5.145902
5 24 -19.587527 .593292 10.06341 -19.566491 .354105 10.106067 -9.693648 .593292 5.103523 -29.525006 .354105 14.936294
5 24 20.174181 .832479 -9.497997 20.107973 1.035229 -9.61622 29.808604 .83248 -14.976672 10.404215 1.035229 -4.264981
5 24 29.298916 .151354 -15.859477 19.676093 .151355 -10.387398 19.609885 .354105 -10.505621 29.400291 .015854 -15.683891
5 24 31.362137 .151354 -16.044334 29.740854 .151354 -15.094019 29.639479 .015854 -15.269606 31.430654 .354104 -15.927433
5 24 -31.136961 .832479 16.967679 -29.02782 .832479 15.978667 -29.086154 1.035229 15.856367 -31.116767 .593292 17.01074
5 24 9.917812 .354105 -5.160825 9.895117 .593292 -5.202624 19.586645 .593292 -10.547119 .156608 .354105 .056647
5 24 10.193341 -.031708 -4.653364 10.307471 .015855 -4.443162 .53684 .015855 .77935 19.892033 -.031708 -10.001809
5 24 29.519885 1.218292 -15.476748 31.13867 1.218292 -16.425609 31.017724 1.170729 -16.631965 29.639479 1.17073 -15.269606
5 24 .425471 -.031708 .567672 -9.409903 -.031708 5.660402 -9.518492 .015855 5.447285 .53684 .015855 .77935
5 24 .53684 1.170729 .77935 10.307471 1.170729 -4.443162 10.193341 1.218292 -4.653364 .631243 1.035229 .958781
5 24 -29.02782 .354105 15.978667 -29.086154 .151355 15.856367 -19.115633 .151355 11.020317 -31.136961 .354104 16.967679
5 24 20.197421 .593292 -9.456499 20.174181 .832479 -9.497997 29.832385 .593292 -14.935482 10.46887 .832479 -4.145902
5 24 -19.205307 1.170729 10.838476 -19.311097 1.218292 10.623955 -29.276413 1.218292 15.45748 -9.301314 1.170729 5.87352
5 24 19.586645 .593292 -10.547119 19.609885 .354105 -10.505621 29.207385 .593292 -16.018014 9.917812 .354105 -5.160825
5 24 -29.276413 1.218292 15.45748 -31.382142 1.218292 16.444877 -29.379386 1.170729 15.241593 -31.280583 1.170729 16.661433
5 24 .219698 .151355 .176563 9.982467 .151355 -5.041746 .156608 .354105 .056647 10.079211 .015855 -4.863566
5 24 9.917812 .354105 -5.160825 .156608 .354105 .056647 9.982467 .151355 -5.041746 .134462 .593292 .014555
5 24 -9.126159 .593292 6.217281 .71648 .593292 1.120789 .694334 .832479 1.078697 -9.147752 .354105 6.174903
5 24 -19.416887 1.170729 10.409435 -19.506561 1.035229 10.227594 -9.518492 1.170729 5.447285 -29.466672 1.035229 15.058594
5 24 .631243 .151355 .958781 -9.209268 .151355 6.054171 -9.301314 .015855 5.87352 .694334 .354105 1.078697
5 24 29.400291 1.17073 -15.683891 29.298916 1.03523 -15.859477 31.017724 1.170729 -16.631965 19.676093 1.035229 -10.387398
5 24 .694334 .832479 1.078697 .71648 .593292 1.120789 -9.147752 .832479 6.174903 10.491565 .593292 -4.104103
5 24 10.46887 .354105 -4.145902 10.491565 .593292 -4.104103 .71648 .593292 1.120789 20.174181 .354105 -9.497997
5 24 -31.627321 .832479 15.922076 -29.525006 .832479 14.936294 -29.545483 .593292 14.893365 -31.569787 1.035229 16.044756
5 24 9.982467 1.035229 -5.041746 .219698 1.035229 .176563 .314102 1.170729 .355994 9.917812 .832479 -5.160825
5 24 29.231166 .83248 -15.976824 29.207385 .593292 -16.018014 30.846686 .832479 -16.923785 19.586645 .593292 -10.547119
5 24 -19.055703 .832479 11.141843 -9.147752 .832479 6.174903 -9.209268 1.035229 6.054171 -19.034667 .593292 11.184501
5 24 .425471 1.218292 .567672 10.193341 1.218292 -4.653364 .53684 1.170729 .77935 10.079211 1.170729 -4.863566
5 24 -29.379386 1.170729 15.241593 -19.416887 1.170729 10.409435 -19.506561 1.035229 10.227594 -29.276413 1.218292 15.45748
