0 ~Electric Switch: Female Plug
0 Name: u9652.dat
0 Author: Javier Orquera [kuramapika1]
0 !LDRAW_ORG Unofficial_Part
0 !LICENSE Licensed under CC BY 4.0 : see CAreadme.txt

0 !HELP To be used in 4110 assemblies parts

0 BFC CERTIFY CCW

0 !KEYWORDS Set 7858, Set 7859, Set 7860, set 7862, Set 7863, Set 7866

0 !HISTORY 2025-04-24 [kuramapika1] Changed prims. Reworked the midle section and fixed excesive decimals

1 16 0 0 4 -4 0 0 0 0 4 0 -4 0 4-4cylo.dat
1 16 0 0 4 -4 0 0 0 0 4 0 1 0 4-4ndis.dat
1 16 0 0 4 -6.6924 0 0 0 0 6.6924 0 1 0 1-8chrd.dat
1 16 0 0 4 6.6924 0 0 0 0 6.6924 0 1 0 1-8chrd.dat
1 16 0 0 4 6.6924 0 0 0 0 -6.6924 0 1 0 1-8chrd.dat
1 16 0 0 4 -6.6924 0 0 0 0 -6.6924 0 1 0 1-8chrd.dat
1 16 0 0 4 0 0 -6.6924 6.6924 0 0 0 1 0 1-8chrd.dat
1 16 0 0 4 0 0 6.6924 6.6924 0 0 0 1 0 1-8chrd.dat
1 16 0 0 4 0 0 -6.6924 -6.6924 0 0 0 1 0 1-8chrd.dat
1 16 0 0 4 0 0 6.6924 -6.6924 0 0 0 1 0 1-8chrd.dat
4 16 4 -4 4 4.73219604 -4.73219604 4 0 -6.6924 4 0 -4 4
4 16 0 -4 4 0 -6.6924 4 -4.73219604 -4.73219604 4 -4 -4 4
4 16 -4 -4 4 -4.73219604 -4.73219604 4 -6.6924 0 4 -4 0 4
4 16 -4 0 4 -6.6924 0 4 -4.73219604 4.73219604 4 -4 4 4
4 16 -4 4 4 -4.73219604 4.73219604 4 0 6.6924 4 0 4 4
4 16 0 4 4 0 6.6924 4 4.73219604 4.73219604 4 4 4 4
4 16 4 4 4 4.73219604 4.73219604 4 6.6924 0 4 4 0 4
4 16 4.73219604 -4.73219604 4 4 -4 4 4 0 4 6.6924 0 4
1 16 0 0 0 -4 0 0 0 0 4 0 -1 0 4-4ndis.dat
1 16 0 0 0 -6.562175 0 0 0 0 6.562175 0 -1 0 1-8chrd.dat
1 16 0 0 0 6.562175 0 0 0 0 6.562175 0 -1 0 1-8chrd.dat
1 16 0 0 0 6.562175 0 0 0 0 -6.562175 0 -1 0 1-8chrd.dat
1 16 0 0 0 -6.562175 0 0 0 0 -6.562175 0 -1 0 1-8chrd.dat
1 16 0 0 0 0 0 -6.562175 6.562175 0 0 0 -1 0 1-8chrd.dat
1 16 0 0 0 0 0 6.562175 6.562175 0 0 0 -1 0 1-8chrd.dat
1 16 0 0 0 0 0 -6.562175 -6.562175 0 0 0 -1 0 1-8chrd.dat
1 16 0 0 0 0 0 6.562175 -6.562175 0 0 0 -1 0 1-8chrd.dat
4 16 0 -6.562175 0 4.6401139425 -4.6401139425 0 4 -4 0 0 -4 0
4 16 -4.640245186 -4.640245186 0 0 -6.562175 0 0 -4 0 -4 -4 0
4 16 -6.562175 0 0 -4.640245186 -4.640245186 0 -4 -4 0 -4 0 0
4 16 -4.640245186 4.640245186 0 -6.562175 0 0 -4 0 0 -4 4 0
4 16 0 6.562175 0 -4.640245186 4.640245186 0 -4 4 0 0 4 0
4 16 4.6401139425 4.6401139425 0 0 6.562175 0 0 4 0 4 4 0
4 16 6.562175 0 0 4.6401139425 4.6401139425 0 4 4 0 4 0 0
4 16 4 0 0 4 -4 0 4.6401139425 -4.6401139425 0 6.562175 0 0
1 16 0 0 4 -6 0 0 0 0 6 0 6 0 t01o1154.dat
1 16 0 0 4 -6.6924 0 0 0 0 6.6924 0 1 0 4-4edge.dat
1 16 0 0 4 -6 0 0 0 0 6 0 2.0774 0 t01i3333.dat
0 BFC INVERTNEXT
1 16 0 0 8 -3.5 0 0 0 0 3.5 0 -8 0 4-4cylc3.dat
1 16 0 0 8 -3.5 0 0 0 0 3.5 0 -1 0 4-4edge.dat
1 16 0 0 0 -5.24974 0 0 0 0 5.24974 0 -2.0774 0 t01i3333.dat
1 16 0 0 0 -5.24974 0 0 0 0 5.24974 0 -2.7696 0 t01o2500.dat
1 16 0 0 0 -6.562175 0 0 0 0 6.562175 0 -1 0 4-4edge.dat
1 16 0 0 4 -4 0 0 0 0 4 0 6 0 4-4cyli.dat
1 16 0 0 10 -4 0 0 0 0 4 0 9.6663 0 2-4cyli.dat
1 16 0 0 19.6663 -4 0 0 0 0 4 0 .8 0 2-4cyli.dat
1 16 0 0 20.4663 0 0 4 4 0 0 0 4 0 3-16cyli.dat
1 16 0 0 20.4663 0 0 -4 4 0 0 0 4 0 3-16cyli.dat
1 16 0 0 24.4663 0 0 4 4 0 0 0 1 0 3-16edge.dat
1 16 0 0 24.4663 0 0 -4 4 0 0 0 1 0 3-16edge.dat
1 16 3 0 20.4663 -1 0 0 0 0 -1 0 4 0 2-4cyli.dat
1 16 -3 0 20.4663 -1 0 0 0 0 -1 0 4 0 2-4cyli.dat
1 16 3 0 19.6663 -1 0 0 0 0 -1 0 .8 0 2-4cyli.dat
1 16 -3 0 19.6663 -1 0 0 0 0 -1 0 .8 0 2-4cyli.dat
1 16 0 0 10 0 0 -4 -4 0 0 0 9.6663 0 1-4cyls.dat
1 16 0 0 10 0 0 4 -4 0 0 0 9.6663 0 1-4cyls.dat
0 BFC INVERTNEXT
1 16 0 0 20.4663 -2 0 0 0 0 .8 0 4 0 2-4cyli.dat
1 16 0 0 24.4663 -2 0 0 0 0 .8 0 1 0 2-4edge.dat
1 16 3 0 24.4663 -1 0 0 0 0 1 0 4 0 4-4cyli.dat
1 16 3 0 24.4663 -1 0 0 0 0 1 0 1 0 3-8edge.dat
1 16 3 0 28.4663 -1 0 0 0 0 1 0 1 0 3-8edge.dat
1 16 -3 0 24.4663 -1 0 0 0 0 1 0 4 0 4-4cyli.dat
1 16 -3 0 24.4663 1 0 0 0 0 1 0 1 0 3-8edge.dat
1 16 -3 0 28.4663 1 0 0 0 0 1 0 1 0 3-8edge.dat
1 16 3 0 28.4663 -1 0 0 0 0 -1 0 4 0 2-4cyli.dat
1 16 3 0 32.4663 -1 0 0 0 0 -1 0 -1 0 2-4edge.dat
1 16 -3 0 28.4663 -1 0 0 0 0 -1 0 4 0 2-4cyli.dat
1 16 -3 0 32.4663 -1 0 0 0 0 -1 0 -1 0 2-4edge.dat
0 BFC INVERTNEXT
1 16 0 0 28.4663 -2 0 0 0 0 .8 0 4 0 2-4cylo.dat
1 16 0 0 28.4663 0 0 -4 4 0 0 0 4 0 3-16cylo.dat
1 16 0 0 28.4663 0 0 4 4 0 0 0 4 0 3-16cylo.dat
1 16 3 0 32.4663 -1 0 0 0 0 -1 0 -1 0 2-4chrd.dat
1 16 -3 0 32.4663 1 0 0 0 0 -1 0 -1 0 2-4chrd.dat
3 16 2.2929 -.7071 19.6663 2.0761 -.3827 19.6663 2.03 -1.28 16.423
3 16 2.03 -1.28 16.423 2.0761 -.3827 19.6663 2 0 19.6663
3 16 2.03 -1.28 16.423 2 0 19.6663 1.4142 .18568 19.6663
3 16 .796 -2.972 11.853 1.521 -2.434 13.679 2.03 -1.28 16.423
3 16 1.4142 .18568 19.6663 .7654 .34912 19.6663 .796 -2.972 11.853
3 16 .796 -2.972 11.853 2.03 -1.28 16.423 1.4142 .18568 19.6663
3 16 .7654 .34912 19.6663 0 .4 19.6663 0 -3.26 11.255
3 16 -.7654 .34912 19.6663 -.796 -2.972 11.853 0 -3.26 11.255
3 16 0 -3.26 11.255 .796 -2.972 11.853 .7654 .34912 19.6663
3 16 0 -3.26 11.255 0 .4 19.6663 -.7654 .34912 19.6663
3 16 -1.4142 .18568 19.6663 -2.03 -1.28 16.423 -.796 -2.972 11.853
3 16 -.796 -2.972 11.853 -.7654 .34912 19.6663 -1.4142 .18568 19.6663
3 16 -2.03 -1.28 16.423 -1.521 -2.434 13.679 -.796 -2.972 11.853
3 16 -2.03 -1.28 16.423 -1.4142 .18568 19.6663 -2 0 19.6663
3 16 -2.03 -1.28 16.423 -2 0 19.6663 -2.0761 -.3827 19.6663
3 16 -2.03 -1.28 16.423 -2.0761 -.3827 19.6663 -2.2929 -.7071 19.6663
3 16 2 0 19.6663 2 0 20.4663 1.8478 .30616 20.4663
3 16 2 0 19.6663 1.8478 .30616 20.4663 1.4142 .56568 20.4663
3 16 1.4142 .56568 20.4663 1.4142 .18568 19.6663 2 0 19.6663
4 16 1.4142 .18568 19.6663 1.4142 .56568 20.4663 .7654 .73912 20.4663 .7654 .34912 19.6663
4 16 0 .4 19.6663 .7654 .34912 19.6663 .7654 .73912 20.4663 0 .8 20.4663
4 16 0 .4 19.6663 0 .8 20.4663 -.7654 .73912 20.4663 -.7654 .34912 19.6663
4 16 -.7654 .34912 19.6663 -.7654 .73912 20.4663 -1.4142 .56568 20.4663 -1.4142 .18568 19.6663
3 16 -1.4142 .56568 20.4663 -1.8478 .30616 20.4663 -2 0 19.6663
3 16 -1.8478 .30616 20.4663 -2 0 20.4663 -2 0 19.6663
3 16 -2 0 19.6663 -1.4142 .18568 19.6663 -1.4142 .56568 20.4663
4 16 3.9239 .3827 24.4663 4 0 20.4663 3.6956 1.5308 20.4663 3.6956 1.5308 24.4663
3 16 3.9239 .3827 24.4663 4 0 24.4663 4 0 20.4663
4 16 -3.9239 .3827 24.4663 -3.6956 1.5308 24.4663 -3.6956 1.5308 20.4663 -4 0 20.4663
3 16 -4 0 24.4663 -3.9239 .3827 24.4663 -4 0 20.4663
3 16 -3.9239 .3827 24.4663 -3.7071 .7071 24.4663 -3.6956 1.5308 24.4663
4 16 -3.3827 .9239 24.4663 -2.8284 2.8284 24.4663 -3.6956 1.5308 24.4663 -3.7071 .7071 24.4663
4 16 -3 1 24.4663 -1.5308 3.6956 24.4663 -2.8284 2.8284 24.4663 -3.3827 .9239 24.4663
4 16 -1.5308 3.6956 24.4663 -3 1 24.4663 -2.6173 .9239 24.4663 0 4 24.4663
4 16 -.7654 .73912 24.4663 0 4 24.4663 -2.6173 .9239 24.4663 -1.4142 .56568 24.4663
3 16 -2.6173 .9239 24.4663 -2.2929 .7071 24.4663 -1.4142 .56568 24.4663
4 16 -2.2929 .7071 24.4663 -2.0761 .3827 24.4663 -1.8478 .30616 24.4663 -1.4142 .56568 24.4663
3 16 -1.8478 .30616 24.4663 -2.0761 .3827 24.4663 -2 0 24.4663
4 16 0 4 24.4663 -.7654 .73912 24.4663 0 .8 24.4663 1.5308 3.6956 24.4663
4 16 2.8284 2.8284 24.4663 1.5308 3.6956 24.4663 0 .8 24.4663 .7654 .73912 24.4663
4 16 2.6173 .9239 24.4663 3.6956 1.5308 24.4663 2.8284 2.8284 24.4663 .7654 .73912 24.4663
3 16 1.8478 .30616 24.4663 2 0 24.4663 2.0761 .3827 24.4663
4 16 2.2929 .7071 24.4663 1.4142 .56568 24.4663 1.8478 .30616 24.4663 2.0761 .3827 24.4663
4 16 1.4142 .56568 24.4663 2.2929 .7071 24.4663 2.6173 .9239 24.4663 .7654 .73912 24.4663
3 16 3.6956 1.5308 24.4663 2.6173 .9239 24.4663 3 1 24.4663
3 16 3.6956 1.5308 24.4663 3 1 24.4663 3.3827 .9239 24.4663
3 16 3.6956 1.5308 24.4663 3.3827 .9239 24.4663 3.7071 .7071 24.4663
3 16 3.7071 .7071 24.4663 3.9239 .3827 24.4663 3.6956 1.5308 24.4663
3 16 -3.7071 .7071 28.4663 -3.9239 .3827 28.4663 -3.6956 1.5308 28.4663
4 16 -3.6956 1.5308 28.4663 -2.8284 2.8284 28.4663 -3.3827 .9239 28.4663 -3.7071 .7071 28.4663
4 16 -2.8284 2.8284 28.4663 -1.5308 3.6956 28.4663 -3 1 28.4663 -3.3827 .9239 28.4663
4 16 -2.6173 .9239 28.4663 -3 1 28.4663 -1.5308 3.6956 28.4663 0 4 28.4663
4 16 -2.6173 .9239 28.4663 0 4 28.4663 -.7654 .73912 28.4663 -1.4142 .56568 28.4663
3 16 -2.2929 .7071 28.4663 -2.6173 .9239 28.4663 -1.4142 .56568 28.4663
4 16 -2.2929 .7071 28.4663 -1.4142 .56568 28.4663 -1.8478 .30616 28.4663 -2.0761 .3827 28.4663
3 16 -2.0761 .3827 28.4663 -1.8478 .30616 28.4663 -2 0 28.4663
4 16 0 .8 28.4663 -.7654 .73912 28.4663 0 4 28.4663 1.5308 3.6956 28.4663
4 16 0 .8 28.4663 1.5308 3.6956 28.4663 2.8284 2.8284 28.4663 .7654 .73912 28.4663
4 16 2.8284 2.8284 28.4663 3.6956 1.5308 28.4663 2.6173 .9239 28.4663 .7654 .73912 28.4663
3 16 2 0 28.4663 1.8478 .30616 28.4663 2.0761 .3827 28.4663
4 16 1.8478 .30616 28.4663 1.4142 .56568 28.4663 2.2929 .7071 28.4663 2.0761 .3827 28.4663
4 16 2.6173 .9239 28.4663 2.2929 .7071 28.4663 1.4142 .56568 28.4663 .7654 .73912 28.4663
3 16 2.6173 .9239 28.4663 3.6956 1.5308 28.4663 3 1 28.4663
3 16 3 1 28.4663 3.6956 1.5308 28.4663 3.3827 .9239 28.4663
3 16 3.3827 .9239 28.4663 3.6956 1.5308 28.4663 3.7071 .7071 28.4663
3 16 3.9239 .3827 28.4663 3.7071 .7071 28.4663 3.6956 1.5308 28.4663
4 16 3.9239 .3827 28.4663 3.6956 1.5308 28.4663 3.6956 1.5308 32.4663 4 0 32.4663
3 16 4 0 28.4663 3.9239 .3827 28.4663 4 0 32.4663
4 16 -3.6956 1.5308 32.4663 -3.6956 1.5308 28.4663 -3.9239 .3827 28.4663 -4 0 32.4663
3 16 -4 0 28.4663 -4 0 32.4663 -3.9239 .3827 28.4663
4 16 -4 0 32.4663 -2 0 32.4663 -1.8478 .30616 32.4663 -3.6956 1.5308 32.4663
4 16 -3.6956 1.5308 32.4663 -1.8478 .30616 32.4663 -1.4142 .56568 32.4663 -2.8284 2.8284 32.4663
4 16 -2.8284 2.8284 32.4663 -1.4142 .56568 32.4663 -.7654 .73912 32.4663 -1.5308 3.6956 32.4663
4 16 -1.5308 3.6956 32.4663 -.7654 .73912 32.4663 0 .8 32.4663 0 4 32.4663
4 16 1.5308 3.6956 32.4663 0 4 32.4663 0 .8 32.4663 .7654 .73912 32.4663
4 16 2.8284 2.8284 32.4663 1.5308 3.6956 32.4663 .7654 .73912 32.4663 1.4142 .56568 32.4663
4 16 3.6956 1.5308 32.4663 2.8284 2.8284 32.4663 1.4142 .56568 32.4663 1.8478 .30616 32.4663
4 16 4 0 32.4663 3.6956 1.5308 32.4663 1.8478 .30616 32.4663 2 0 32.4663
2 24 -3.9239 .3827 24.4663 -3.7071 .7071 24.4663
2 24 -3.7071 .7071 28.4663 -3.9239 .3827 28.4663
2 24 3.9239 .3827 28.4663 3.7071 .7071 28.4663
2 24 3.7071 .7071 24.4663 3.9239 .3827 24.4663
2 24 3.9239 .3827 24.4663 3.6956 1.5308 24.4663
2 24 -3.6956 1.5308 24.4663 -3.9239 .3827 24.4663
2 24 3.6956 1.5308 28.4663 3.9239 .3827 28.4663
2 24 -3.9239 .3827 28.4663 -3.6956 1.5308 28.4663
2 24 -3.6956 1.5308 32.4663 -4 0 32.4663
2 24 4 0 32.4663 3.6956 1.5308 32.4663
5 24 0 .8 20.4663 -.7654 .73912 20.4663 -.7654 .73912 24.4663 -.7654 .34912 19.6663
5 24 -1.4142 .18568 19.6663 -2 0 19.6663 -1.4142 .56568 20.4663 0 -4 10.6663
5 24 -.7654 .73912 20.4663 -1.4142 .56568 20.4663 -1.4142 .18568 19.6663 -1.4142 .56568 24.4663
5 24 1.4142 .56568 20.4663 1.4142 .18568 19.6663 2 0 19.6663 .7654 .73912 20.4663
5 24 .7654 .34912 19.6663 0 .4 19.6663 .7654 .73912 20.4663 0 -4 10.6663
5 24 1.4142 .18568 19.6663 .7654 .34912 19.6663 1.4142 .56568 20.4663 0 -4 10.6663
5 24 .7654 .73912 20.4663 0 .8 20.4663 0 .4 19.6663 0 .8 24.4663
5 24 -.7654 .73912 20.4663 -.7654 .34912 19.6663 0 .4 19.6663 -1.4142 .56568 20.4663
5 24 -1.4142 .18568 19.6663 -1.4142 .56568 20.4663 -2 0 19.6663 -.7654 .34912 19.6663
5 24 0 .4 19.6663 -.7654 .34912 19.6663 0 .8 20.4663 0 -4 10.6663
5 24 1.8478 .30616 20.4663 1.4142 .56568 20.4663 1.4142 .56568 24.4663 2 0 19.6663
5 24 0 .8 20.4663 0 .4 19.6663 -.7654 .73912 20.4663 .7654 .34912 19.6663
5 24 1.4142 .56568 20.4663 2 0 19.6663 1.4142 .18568 19.6663 1.8478 .30616 20.4663
5 24 -1.8478 .30616 20.4663 -2 0 19.6663 -1.4142 .56568 20.4663 -2 0 20.4663
5 24 -1.4142 .56568 20.4663 -1.8478 .30616 20.4663 -2 0 19.6663 -1.8478 .30616 24.4663
5 24 -.7654 .34912 19.6663 -1.4142 .18568 19.6663 -.7654 .73912 20.4663 0 -4 10.6663
5 24 -2 0 19.6663 -1.4142 .56568 20.4663 -1.4142 .18568 19.6663 -1.8478 .30616 20.4663
5 24 1.4142 .56568 20.4663 .7654 .73912 20.4663 .7654 .34912 19.6663 .7654 .73912 24.4663
5 24 .7654 .73912 20.4663 .7654 .34912 19.6663 0 .8 20.4663 1.4142 .18568 19.6663
5 24 2 0 19.6663 1.4142 .18568 19.6663 0 -4 10.6663 1.4142 .56568 20.4663
5 24 1.8478 .30616 20.4663 2 0 19.6663 2 0 20.4663 1.4142 .56568 20.4663
3 16 4 0 19.6663 3.9239 -.3827 19.6663 3.6956 -1.5308 15.96700699
3 16 3.6956 -1.5308 15.96700699 3.9239 -.3827 19.6663 3.7071 -.7071 19.6663
3 16 3.6956 -1.5308 15.96700699 3.7071 -.7071 19.6663 3.628 -1.625 15.973
3 16 3.7071 -.7071 19.6663 3.3827 -.9239 19.6663 3.34 -1.882 16.033
3 16 3.34 -1.882 16.033 3.628 -1.625 15.973 3.7071 -.7071 19.6663
3 16 3.3827 -.9239 19.6663 3 -1 19.6663 2.982 -2.008 16.123
3 16 2.982 -2.008 16.123 3.34 -1.882 16.033 3.3827 -.9239 19.6663
3 16 3 -1 19.6663 2.6173 -.9239 19.6663 2.607 -1.983 16.228
3 16 2.607 -1.983 16.228 2.982 -2.008 16.123 3 -1 19.6663
3 16 2.6173 -.9239 19.6663 2.2929 -.7071 19.6663 2.273 -1.811 16.333
3 16 2.273 -1.811 16.333 2.607 -1.983 16.228 2.6173 -.9239 19.6663
3 16 2.273 -1.811 16.333 2.2929 -.7071 19.6663 2.03 -1.28 16.423
3 16 2.8284 -2.8284 12.83125927 3.6956 -1.5308 15.96700699 3.628 -1.625 15.973
3 16 2.8284 -2.8284 12.83125927 3.628 -1.625 15.973 2.637 -2.931 12.917
3 16 2.637 -2.931 12.917 3.628 -1.625 15.973 3.34 -1.882 16.033
3 16 2.637 -2.931 12.917 3.34 -1.882 16.033 2.325 -3.042 13.124
3 16 2.325 -3.042 13.124 3.34 -1.882 16.033 2.982 -2.008 16.123
3 16 2.325 -3.042 13.124 2.982 -2.008 16.123 2.004 -3.002 13.341
3 16 2.004 -3.002 13.341 2.982 -2.008 16.123 2.607 -1.983 16.228
3 16 2.004 -3.002 13.341 2.607 -1.983 16.228 1.721 -2.817 13.536
3 16 1.721 -2.817 13.536 2.607 -1.983 16.228 2.273 -1.811 16.333
3 16 1.721 -2.817 13.536 2.273 -1.811 16.333 2.03 -1.28 16.423
3 16 1.721 -2.817 13.536 2.03 -1.28 16.423 1.521 -2.434 13.679
4 16 1.471 -3.724 10.835 1.5308 -3.6956 10.73560543 2.8284 -2.8284 12.83125927 2.637 -2.931 12.917
3 16 1.471 -3.724 10.835 2.637 -2.931 12.917 2.325 -3.042 13.124
3 16 1.471 -3.724 10.835 2.325 -3.042 13.124 1.256 -3.748 11.159
3 16 1.256 -3.748 11.159 2.325 -3.042 13.124 2.004 -3.002 13.341
3 16 1.256 -3.748 11.159 2.004 -3.002 13.341 1.052 -3.621 11.467
3 16 1.052 -3.621 11.467 2.004 -3.002 13.341 1.721 -2.817 13.536
3 16 1.052 -3.621 11.467 1.721 -2.817 13.536 .891 -3.362 11.711
3 16 .891 -3.362 11.711 1.721 -2.817 13.536 1.521 -2.434 13.679
3 16 .891 -3.362 11.711 1.521 -2.434 13.679 .796 -2.972 11.853
3 16 0 -4 10 1.5308 -3.6956 10.73560543 1.471 -3.724 10.835
3 16 1.471 -3.724 10.835 1.256 -3.748 11.159 0 -4 10.39
3 16 0 -4 10.39 0 -4 10 1.471 -3.724 10.835
3 16 1.256 -3.748 11.159 1.052 -3.621 11.467 0 -3.89 10.764
3 16 0 -3.89 10.764 0 -4 10.39 1.256 -3.748 11.159
3 16 1.052 -3.621 11.467 .891 -3.362 11.711 0 -3.644 11.068
3 16 0 -3.644 11.068 0 -3.89 10.764 1.052 -3.621 11.467
4 16 .891 -3.362 11.711 .796 -2.972 11.853 0 -3.26 11.255 0 -3.644 11.068
3 16 -2.982 -2.008 16.123 -2.325 -3.042 13.124 -2.004 -3.002 13.341
3 16 -2.982 -2.008 16.123 -2.004 -3.002 13.341 -2.607 -1.983 16.228
3 16 -3.34 -1.882 16.033 -2.637 -2.931 12.917 -2.325 -3.042 13.124
3 16 -3.34 -1.882 16.033 -2.325 -3.042 13.124 -2.982 -2.008 16.123
3 16 -2.273 -1.811 16.333 -1.721 -2.817 13.536 -2.03 -1.28 16.423
3 16 -2.03 -1.28 16.423 -1.721 -2.817 13.536 -1.521 -2.434 13.679
3 16 -2.607 -1.983 16.228 -2.004 -3.002 13.341 -1.721 -2.817 13.536
3 16 -2.607 -1.983 16.228 -1.721 -2.817 13.536 -2.273 -1.811 16.333
3 16 -2.637 -2.931 12.917 -1.471 -3.724 10.835 -2.325 -3.042 13.124
3 16 -2.325 -3.042 13.124 -1.471 -3.724 10.835 -1.256 -3.748 11.159
4 16 -1.471 -3.724 10.835 -2.637 -2.931 12.917 -2.8284 -2.8284 12.83125927 -1.5308 -3.6956 10.73560543
3 16 -2.004 -3.002 13.341 -1.052 -3.621 11.467 -1.721 -2.817 13.536
3 16 -1.721 -2.817 13.536 -1.052 -3.621 11.467 -.891 -3.362 11.711
3 16 -2.325 -3.042 13.124 -1.256 -3.748 11.159 -2.004 -3.002 13.341
3 16 -2.004 -3.002 13.341 -1.256 -3.748 11.159 -1.052 -3.621 11.467
3 16 -1.5308 -3.6956 10.73560543 0 -4 10 -1.471 -3.724 10.835
3 16 -1.471 -3.724 10.835 0 -4 10 0 -4 10.39
3 16 -1.721 -2.817 13.536 -.891 -3.362 11.711 -1.521 -2.434 13.679
3 16 -1.521 -2.434 13.679 -.891 -3.362 11.711 -.796 -2.972 11.853
3 16 0 -3.89 10.764 -1.052 -3.621 11.467 -1.256 -3.748 11.159
3 16 -1.052 -3.621 11.467 0 -3.89 10.764 0 -3.644 11.068
3 16 0 -4 10.39 -1.256 -3.748 11.159 -1.471 -3.724 10.835
3 16 -1.256 -3.748 11.159 0 -4 10.39 0 -3.89 10.764
3 16 0 -3.644 11.068 -.891 -3.362 11.711 -1.052 -3.621 11.467
4 16 0 -3.26 11.255 -.796 -2.972 11.853 -.891 -3.362 11.711 0 -3.644 11.068
3 16 -3.9239 -.3827 19.6663 -3.6956 -1.5308 15.96700699 -3.7071 -.7071 19.6663
3 16 -3.7071 -.7071 19.6663 -3.6956 -1.5308 15.96700699 -3.628 -1.625 15.973
3 16 -3.9239 -.3827 19.6663 -4 0 19.6663 -3.6956 -1.5308 15.96700699
3 16 -3 -1 19.6663 -3.3827 -.9239 19.6663 -2.982 -2.008 16.123
3 16 -3.34 -1.882 16.033 -2.982 -2.008 16.123 -3.3827 -.9239 19.6663
3 16 -3.3827 -.9239 19.6663 -3.7071 -.7071 19.6663 -3.34 -1.882 16.033
3 16 -3.628 -1.625 15.973 -3.34 -1.882 16.033 -3.7071 -.7071 19.6663
3 16 -2.2929 -.7071 19.6663 -2.6173 -.9239 19.6663 -2.273 -1.811 16.333
3 16 -2.607 -1.983 16.228 -2.273 -1.811 16.333 -2.6173 -.9239 19.6663
3 16 -2.6173 -.9239 19.6663 -3 -1 19.6663 -2.607 -1.983 16.228
3 16 -2.982 -2.008 16.123 -2.607 -1.983 16.228 -3 -1 19.6663
3 16 -3.628 -1.625 15.973 -2.8284 -2.8284 12.83125927 -2.637 -2.931 12.917
3 16 -3.628 -1.625 15.973 -2.637 -2.931 12.917 -3.34 -1.882 16.033
3 16 -2.2929 -.7071 19.6663 -2.273 -1.811 16.333 -2.03 -1.28 16.423
3 16 -3.6956 -1.5308 15.96700699 -2.8284 -2.8284 12.83125927 -3.628 -1.625 15.973
5 24 1.5308 -3.6956 10.73560543 1.471 -3.724 10.835 2.8284 -2.8284 12.83125927 0 -4 10
5 24 -2.6173 -.9239 19.6663 -2.273 -1.811 16.333 -2.2929 -.7071 19.6663 -2.607 -1.983 16.228
5 24 .891 -3.362 11.711 1.052 -3.621 11.467 1.721 -2.817 13.536 0 -3.644 11.068
5 24 2.8284 -2.8284 12.83125927 3.6956 -1.5308 15.96700699 3.6956 -1.5308 10 3.628 -1.625 15.973
5 24 2.03 -1.28 16.423 1.521 -2.434 13.679 .796 -2.972 11.853 1.721 -2.817 13.536
5 24 1.256 -3.748 11.159 0 -3.89 10.764 1.052 -3.621 11.467 0 -4 10.39
5 24 -2.273 -1.811 16.333 -2.607 -1.983 16.228 -2.6173 -.9239 19.6663 -1.721 -2.817 13.536
5 24 -2.0761 -.3827 19.6663 -2.03 -1.28 16.423 -2.2929 -.7071 19.6663 -2 0 19.6663
5 24 3.7071 -.7071 19.6663 3.6956 -1.5308 15.96700699 3.9239 -.3827 19.6663 3.628 -1.625 15.973
5 24 2.325 -3.042 13.124 2.637 -2.931 12.917 1.471 -3.724 10.835 3.34 -1.882 16.033
5 24 0 -3.26 11.255 0 -3.644 11.068 .891 -3.362 11.711 -.796 -2.972 11.853
5 24 1.721 -2.817 13.536 1.052 -3.621 11.467 2.004 -3.002 13.341 .891 -3.362 11.711
5 24 0 -4 10 1.5308 -3.6956 10.73560543 1.5308 -3.6956 10 1.471 -3.724 10.835
5 24 1.5308 -3.6956 10.73560543 2.8284 -2.8284 12.83125927 2.8284 -2.8284 10 2.637 -2.931 12.917
5 24 -2.004 -3.002 13.341 -2.607 -1.983 16.228 -2.982 -2.008 16.123 -1.721 -2.817 13.536
5 24 -1.256 -3.748 11.159 -1.052 -3.621 11.467 -2.004 -3.002 13.341 0 -3.89 10.764
5 24 -2.325 -3.042 13.124 -2.004 -3.002 13.341 -2.982 -2.008 16.123 -1.256 -3.748 11.159
5 24 -3.6956 -1.5308 15.96700699 -2.8284 -2.8284 12.83125927 -3.6956 -1.5308 10 -3.628 -1.625 15.973
5 24 2.004 -3.002 13.341 1.052 -3.621 11.467 1.256 -3.748 11.159 1.721 -2.817 13.536
5 24 .796 -2.972 11.853 .7654 .34912 19.6663 1.4142 .18568 19.6663 0 -3.26 11.255
5 24 -2.004 -3.002 13.341 -2.982 -2.008 16.123 -2.607 -1.983 16.228 -2.325 -3.042 13.124
5 24 0 -3.89 10.764 0 -4 10.39 1.256 -3.748 11.159 -1.256 -3.748 11.159
5 24 -2.637 -2.931 12.917 -3.628 -1.625 15.973 -2.8284 -2.8284 12.83125927 -3.34 -1.882 16.033
5 24 3.34 -1.882 16.033 3.628 -1.625 15.973 3.7071 -.7071 19.6663 2.637 -2.931 12.917
5 24 -3.34 -1.882 16.033 -2.637 -2.931 12.917 -2.325 -3.042 13.124 -3.628 -1.625 15.973
5 24 -2.004 -3.002 13.341 -1.721 -2.817 13.536 -1.052 -3.621 11.467 -2.607 -1.983 16.228
5 24 2.325 -3.042 13.124 1.256 -3.748 11.159 1.471 -3.724 10.835 2.004 -3.002 13.341
5 24 -2.2929 -.7071 19.6663 -2.03 -1.28 16.423 -2.0761 -.3827 19.6663 -2.273 -1.811 16.333
5 24 2.273 -1.811 16.333 2.6173 -.9239 19.6663 2.2929 -.7071 19.6663 2.607 -1.983 16.228
5 24 2.982 -2.008 16.123 2.325 -3.042 13.124 2.004 -3.002 13.341 3.34 -1.882 16.033
5 24 1.471 -3.724 10.835 0 -4 10.39 1.256 -3.748 11.159 0 -4 10
5 24 -2.982 -2.008 16.123 -3.34 -1.882 16.033 -2.325 -3.042 13.124 -3.3827 -.9239 19.6663
5 24 -3.628 -1.625 15.973 -2.8284 -2.8284 12.83125927 -2.637 -2.931 12.917 -3.6956 -1.5308 15.96700699
5 24 2.637 -2.931 12.917 3.34 -1.882 16.033 2.325 -3.042 13.124 3.628 -1.625 15.973
5 24 1.721 -2.817 13.536 2.004 -3.002 13.341 1.052 -3.621 11.467 2.607 -1.983 16.228
5 24 2.03 -1.28 16.423 2.0761 -.3827 19.6663 2 0 19.6663 2.2929 -.7071 19.6663
5 24 .796 -2.972 11.853 .891 -3.362 11.711 0 -3.26 11.255 1.521 -2.434 13.679
5 24 0 -4 10.39 -1.256 -3.748 11.159 -1.471 -3.724 10.835 0 -3.89 10.764
5 24 -2.6173 -.9239 19.6663 -2.607 -1.983 16.228 -2.273 -1.811 16.333 -3 -1 19.6663
5 24 3.628 -1.625 15.973 3.7071 -.7071 19.6663 3.34 -1.882 16.033 3.6956 -1.5308 15.96700699
5 24 2.982 -2.008 16.123 2.004 -3.002 13.341 2.325 -3.042 13.124 2.607 -1.983 16.228
5 24 0 -4 10.39 0 -4 10 1.471 -3.724 10.835 -1.471 -3.724 10.835
5 24 -1.4142 .18568 19.6663 -.796 -2.972 11.853 -2.03 -1.28 16.423 -.7654 .34912 19.6663
5 24 2.637 -2.931 12.917 2.8284 -2.8284 12.83125927 1.471 -3.724 10.835 3.628 -1.625 15.973
5 24 0 -3.26 11.255 .796 -2.972 11.853 0 -3.644 11.068 .7654 .34912 19.6663
5 24 -2.637 -2.931 12.917 -2.325 -3.042 13.124 -3.34 -1.882 16.033 -1.471 -3.724 10.835
5 24 3.628 -1.625 15.973 3.6956 -1.5308 15.96700699 2.8284 -2.8284 12.83125927 3.7071 -.7071 19.6663
5 24 -1.052 -3.621 11.467 -1.721 -2.817 13.536 -.891 -3.362 11.711 -2.004 -3.002 13.341
5 24 -2.607 -1.983 16.228 -2.982 -2.008 16.123 -2.004 -3.002 13.341 -3 -1 19.6663
5 24 2.273 -1.811 16.333 1.721 -2.817 13.536 2.03 -1.28 16.423 2.607 -1.983 16.228
5 24 -.796 -2.972 11.853 -.7654 .34912 19.6663 0 -3.26 11.255 -1.4142 .18568 19.6663
5 24 -3.3827 -.9239 19.6663 -2.982 -2.008 16.123 -3 -1 19.6663 -3.34 -1.882 16.033
5 24 -1.052 -3.621 11.467 -.891 -3.362 11.711 -1.721 -2.817 13.536 0 -3.644 11.068
5 24 -2.8284 -2.8284 12.83125927 -2.637 -2.931 12.917 -1.5308 -3.6956 10.73560543 -3.628 -1.625 15.973
5 24 1.4142 .18568 19.6663 .796 -2.972 11.853 .7654 .34912 19.6663 2.03 -1.28 16.423
5 24 2.982 -2.008 16.123 3.3827 -.9239 19.6663 3 -1 19.6663 3.34 -1.882 16.033
5 24 -3.6956 -1.5308 15.96700699 -3.628 -1.625 15.973 -2.8284 -2.8284 12.83125927 -3.7071 -.7071 19.6663
5 24 2 0 19.6663 2.03 -1.28 16.423 2.0761 -.3827 19.6663 1.4142 .18568 19.6663
5 24 -2.982 -2.008 16.123 -3 -1 19.6663 -3.3827 -.9239 19.6663 -2.607 -1.983 16.228
5 24 -2.273 -1.811 16.333 -2.2929 -.7071 19.6663 -2.6173 -.9239 19.6663 -2.03 -1.28 16.423
5 24 0 -3.89 10.764 -1.052 -3.621 11.467 -1.256 -3.748 11.159 0 -3.644 11.068
5 24 -2.607 -1.983 16.228 -1.721 -2.817 13.536 -2.273 -1.811 16.333 -2.004 -3.002 13.341
5 24 -.891 -3.362 11.711 -1.521 -2.434 13.679 -1.721 -2.817 13.536 -.796 -2.972 11.853
5 24 .891 -3.362 11.711 1.521 -2.434 13.679 .796 -2.972 11.853 1.721 -2.817 13.536
5 24 3.628 -1.625 15.973 2.8284 -2.8284 12.83125927 3.6956 -1.5308 15.96700699 2.637 -2.931 12.917
5 24 2.607 -1.983 16.228 3 -1 19.6663 2.982 -2.008 16.123 2.6173 -.9239 19.6663
5 24 2.03 -1.28 16.423 1.721 -2.817 13.536 2.273 -1.811 16.333 1.521 -2.434 13.679
5 24 2.03 -1.28 16.423 2.273 -1.811 16.333 2.2929 -.7071 19.6663 1.721 -2.817 13.536
5 24 -2.03 -1.28 16.423 -1.521 -2.434 13.679 -1.721 -2.817 13.536 -1.4142 .18568 19.6663
5 24 -1.721 -2.817 13.536 -1.521 -2.434 13.679 -.891 -3.362 11.711 -2.03 -1.28 16.423
5 24 2.004 -3.002 13.341 2.607 -1.983 16.228 1.721 -2.817 13.536 2.982 -2.008 16.123
5 24 2.607 -1.983 16.228 2.982 -2.008 16.123 3 -1 19.6663 2.004 -3.002 13.341
5 24 -1.4142 .18568 19.6663 -2.03 -1.28 16.423 -1.521 -2.434 13.679 -2 0 19.6663
5 24 1.052 -3.621 11.467 0 -3.89 10.764 1.256 -3.748 11.159 0 -3.644 11.068
5 24 -1.052 -3.621 11.467 0 -3.644 11.068 0 -3.89 10.764 -.891 -3.362 11.711
5 24 -3.6956 -1.5308 15.96700699 -3.7071 -.7071 19.6663 -3.9239 -.3827 19.6663 -3.628 -1.625 15.973
5 24 0 -3.644 11.068 -.891 -3.362 11.711 0 -3.26 11.255 -1.052 -3.621 11.467
5 24 -3.34 -1.882 16.033 -3.7071 -.7071 19.6663 -3.3827 -.9239 19.6663 -3.628 -1.625 15.973
5 24 2.273 -1.811 16.333 2.607 -1.983 16.228 2.6173 -.9239 19.6663 1.721 -2.817 13.536
5 24 -3.6956 -1.5308 15.96700699 -3.9239 -.3827 19.6663 -3.7071 -.7071 19.6663 -4 0 19.6663
5 24 1.471 -3.724 10.835 2.637 -2.931 12.917 1.5308 -3.6956 10.73560543 2.325 -3.042 13.124
5 24 .7654 .34912 19.6663 0 -3.26 11.255 0 .4 19.6663 .796 -2.972 11.853
5 24 -2.637 -2.931 12.917 -1.471 -3.724 10.835 -2.325 -3.042 13.124 -2.8284 -2.8284 12.83125927
5 24 3.3827 -.9239 19.6663 3.34 -1.882 16.033 2.982 -2.008 16.123 3.7071 -.7071 19.6663
5 24 0 -3.26 11.255 -.7654 .34912 19.6663 0 .4 19.6663 -.796 -2.972 11.853
5 24 .891 -3.362 11.711 0 -3.644 11.068 .796 -2.972 11.853 1.052 -3.621 11.467
5 24 -3.3827 -.9239 19.6663 -3.34 -1.882 16.033 -2.982 -2.008 16.123 -3.7071 -.7071 19.6663
5 24 -1.256 -3.748 11.159 0 -3.89 10.764 0 -4 10.39 -1.052 -3.621 11.467
5 24 2.607 -1.983 16.228 1.721 -2.817 13.536 2.273 -1.811 16.333 2.004 -3.002 13.341
5 24 2.004 -3.002 13.341 2.325 -3.042 13.124 1.256 -3.748 11.159 2.982 -2.008 16.123
5 24 1.256 -3.748 11.159 2.004 -3.002 13.341 2.325 -3.042 13.124 1.052 -3.621 11.467
5 24 -1.471 -3.724 10.835 0 -4 10.39 0 -4 10 -1.256 -3.748 11.159
5 24 2.273 -1.811 16.333 2.2929 -.7071 19.6663 2.6173 -.9239 19.6663 2.03 -1.28 16.423
5 24 2.325 -3.042 13.124 1.471 -3.724 10.835 1.256 -3.748 11.159 2.637 -2.931 12.917
5 24 -2.273 -1.811 16.333 -1.721 -2.817 13.536 -2.03 -1.28 16.423 -2.607 -1.983 16.228
5 24 -3.34 -1.882 16.033 -2.325 -3.042 13.124 -2.982 -2.008 16.123 -2.637 -2.931 12.917
5 24 0 -4 10.39 1.256 -3.748 11.159 1.471 -3.724 10.835 0 -3.89 10.764
5 24 -3.628 -1.625 15.973 -3.34 -1.882 16.033 -2.637 -2.931 12.917 -3.7071 -.7071 19.6663
5 24 3.34 -1.882 16.033 3.7071 -.7071 19.6663 3.628 -1.625 15.973 3.3827 -.9239 19.6663
5 24 1.256 -3.748 11.159 1.471 -3.724 10.835 2.325 -3.042 13.124 0 -4 10.39
5 24 -1.256 -3.748 11.159 -2.325 -3.042 13.124 -2.004 -3.002 13.341 -1.471 -3.724 10.835
5 24 -2.8284 -2.8284 12.83125927 -1.5308 -3.6956 10.73560543 -2.8284 -2.8284 10 -1.471 -3.724 10.835
5 24 2.982 -2.008 16.123 3 -1 19.6663 2.607 -1.983 16.228 3.3827 -.9239 19.6663
5 24 -.891 -3.362 11.711 -1.721 -2.817 13.536 -1.521 -2.434 13.679 -1.052 -3.621 11.467
5 24 -.796 -2.972 11.853 0 -3.26 11.255 -.891 -3.362 11.711 -.7654 .34912 19.6663
5 24 -2.03 -1.28 16.423 -2 0 19.6663 -1.4142 .18568 19.6663 -2.0761 -.3827 19.6663
5 24 -1.471 -3.724 10.835 -2.325 -3.042 13.124 -2.637 -2.931 12.917 -1.256 -3.748 11.159
5 24 1.721 -2.817 13.536 .891 -3.362 11.711 1.052 -3.621 11.467 1.521 -2.434 13.679
5 24 3.628 -1.625 15.973 2.637 -2.931 12.917 2.8284 -2.8284 12.83125927 3.34 -1.882 16.033
5 24 1.4142 .18568 19.6663 2.03 -1.28 16.423 2 0 19.6663 .796 -2.972 11.853
5 24 2.6173 -.9239 19.6663 2.607 -1.983 16.228 2.273 -1.811 16.333 3 -1 19.6663
5 24 3.9239 -.3827 19.6663 3.6956 -1.5308 15.96700699 4 0 19.6663 3.7071 -.7071 19.6663
5 24 0 -4 10 -1.471 -3.724 10.835 -1.5308 -3.6956 10.73560543 0 -4 10.39
5 24 -3.628 -1.625 15.973 -3.7071 -.7071 19.6663 -3.34 -1.882 16.033 -3.6956 -1.5308 15.96700699
5 24 2.03 -1.28 16.423 2.2929 -.7071 19.6663 2.0761 -.3827 19.6663 2.273 -1.811 16.333
5 24 0 -3.26 11.255 0 .4 19.6663 .7654 .34912 19.6663 -.7654 .34912 19.6663
5 24 2.982 -2.008 16.123 3.34 -1.882 16.033 2.325 -3.042 13.124 3.3827 -.9239 19.6663
5 24 -1.721 -2.817 13.536 -2.03 -1.28 16.423 -2.273 -1.811 16.333 -1.521 -2.434 13.679
5 24 -.891 -3.362 11.711 -.796 -2.972 11.853 -1.521 -2.434 13.679 0 -3.644 11.068
5 24 1.471 -3.724 10.835 0 -4 10 1.5308 -3.6956 10.73560543 0 -4 10.39
5 24 1.052 -3.621 11.467 1.256 -3.748 11.159 2.004 -3.002 13.341 0 -3.89 10.764
5 24 1.521 -2.434 13.679 .796 -2.972 11.853 1.4142 .18568 19.6663 .891 -3.362 11.711
5 24 -2.982 -2.008 16.123 -2.325 -3.042 13.124 -2.004 -3.002 13.341 -3.34 -1.882 16.033
5 24 -1.471 -3.724 10.835 -1.5308 -3.6956 10.73560543 0 -4 10 -2.637 -2.931 12.917
5 24 3.34 -1.882 16.033 2.325 -3.042 13.124 2.982 -2.008 16.123 2.637 -2.931 12.917
5 24 -1.471 -3.724 10.835 -1.256 -3.748 11.159 -2.325 -3.042 13.124 0 -4 10.39
5 24 0 -3.644 11.068 0 -3.89 10.764 1.052 -3.621 11.467 -1.052 -3.621 11.467
5 24 -1.521 -2.434 13.679 -.796 -2.972 11.853 -.891 -3.362 11.711 -1.4142 .18568 19.6663
5 24 0 -4 10 -1.5308 -3.6956 10.73560543 -1.5308 -3.6956 10 -1.471 -3.724 10.835
5 24 1.521 -2.434 13.679 1.721 -2.817 13.536 2.03 -1.28 16.423 .891 -3.362 11.711
5 24 -2.607 -1.983 16.228 -3 -1 19.6663 -2.6173 -.9239 19.6663 -2.982 -2.008 16.123
5 24 -2.004 -3.002 13.341 -1.052 -3.621 11.467 -1.721 -2.817 13.536 -1.256 -3.748 11.159
5 24 -1.256 -3.748 11.159 -2.004 -3.002 13.341 -2.325 -3.042 13.124 -1.052 -3.621 11.467
5 24 -2.03 -1.28 16.423 -2.273 -1.811 16.333 -2.2929 -.7071 19.6663 -1.721 -2.817 13.536
5 24 1.052 -3.621 11.467 0 -3.644 11.068 .891 -3.362 11.711 0 -3.89 10.764
5 24 -2.6173 -.9239 19.6663 -3 -1 19.6663 -3 -1 20.4663 -2.607 -1.983 16.228
5 24 2.6173 -.9239 19.6663 2.2929 -.7071 19.6663 2.2929 -.7071 20.4663 2.273 -1.811 16.333
5 24 2.2929 -.7071 19.6663 2.0761 -.3827 19.6663 2.0761 -.3827 20.4663 2.03 -1.28 16.423
5 24 -3.3827 -.9239 19.6663 -3.7071 -.7071 19.6663 -3.7071 -.7071 20.4663 -3.34 -1.882 16.033
5 24 3.3827 -.9239 19.6663 3 -1 19.6663 2.982 -2.008 16.123 3 -1 20.4663
5 24 2.0761 -.3827 19.6663 2 0 19.6663 2 0 20.4663 2.03 -1.28 16.423
5 24 3 -1 19.6663 2.6173 -.9239 19.6663 2.6173 -.9239 20.4663 2.607 -1.983 16.228
5 24 3.7071 -.7071 19.6663 3.3827 -.9239 19.6663 3.34 -1.882 16.033 3.3827 -.9239 20.4663
5 24 -2.2929 -.7071 19.6663 -2.6173 -.9239 19.6663 -2.6173 -.9239 20.4663 -2.273 -1.811 16.333
5 24 -3 -1 19.6663 -3.3827 -.9239 19.6663 -3.3827 -.9239 20.4663 -2.982 -2.008 16.123
5 24 3.9239 -.3827 19.6663 3.7071 -.7071 19.6663 3.6956 -1.5308 15.96700699 3.7071 -.7071 20.4663
5 24 -3.7071 -.7071 19.6663 -3.9239 -.3827 19.6663 -3.6956 -1.5308 15.96700699 -3.9239 -.3827 20.4663
5 24 -2.0761 -.3827 19.6663 -2.2929 -.7071 19.6663 -2.03 -1.28 16.423 -2.2929 -.7071 20.4663
5 24 -2 0 19.6663 -2.0761 -.3827 19.6663 -2.0761 -.3827 20.4663 -2.03 -1.28 16.423